======== Current: 20120107 ========= 
Number is 03 
G.3.1_index_4_VS_G.7.2_index_2 [1] PLUS 1 
20120101,20120102,20120103,20120104,20120105,20120106,20120107,20120111,20120114,20120117,20120120 
Number is 04 
G.DB_index_5_VS_G.2.1_index_4 [2] 
20120101,20120102,20120103,20120104,20120105,20120106,20120108,20120113,20120117,20120118 
Number is 15 
G.6.2_index_1_VS_G.7.3_index_1 [3] 
20120101,20120102,20120103,20120104,20120105,20120106,20120109,20120111,20120112,20120113,20120114,20120120 
Number is 19 
G.2.1_index_5_VS_G.3.2_index_3 [4] 
20120101,20120102,20120103,20120104,20120105,20120106,20120111,20120112,20120115,20120118,20120119 
Number is 25 
G.4.4_index_2_VS_G.3.6_index_3 [5] PLUS 1 
20120101,20120102,20120103,20120104,20120105,20120106,20120107,20120108,20120110,20120111,20120116,20120120 
Number is 30 
G.5.5_index_3_VS_G.3.5_index_4 [6] PLUS 1 
20120101,20120102,20120103,20120104,20120105,20120106,20120107,20120108,20120109,20120113,20120115,20120116,20120119 
Number is 31 
G.5.4_index_2_VS_G.4.2_index_4 [7] PLUS 1 
20120101,20120102,20120103,20120104,20120105,20120106,20120107,20120110,20120114,20120116,20120120 
Number is 35 
G.3.6_index_2_VS_G.7.3_index_1 [8] PLUS 1 
20120101,20120102,20120103,20120104,20120105,20120106,20120107,20120109,20120116,20120118 
G.5.3_index_2_VS_G.5.4_index_3 [9] PLUS 1 
20120101,20120102,20120103,20120104,20120105,20120106,20120107,20120108,20120110,20120112,20120113,20120114 
Number is 52 
G.7.3_index_1_VS_G.2.2_index_3 [10] PLUS 1 
20120101,20120102,20120103,20120104,20120105,20120106,20120107,20120112,20120118 
Number is 62 
G.4.1_index_2_VS_G.3.4_index_4 [11] PLUS 1 
20120101,20120102,20120103,20120104,20120105,20120106,20120107,20120109,20120113,20120114,20120116,20120119,20120120 
G.3.1_index_1_VS_G.3.3_index_3 [12] PLUS 1 
20120101,20120102,20120103,20120104,20120105,20120106,20120107,20120108,20120109,20120110,20120114,20120115,20120118 
Number is 66 
G.3.1_index_1_VS_G.3.6_index_4 [13] 
20120101,20120102,20120103,20120104,20120105,20120106,20120108,20120109,20120111,20120113,20120115,20120116,20120119 
Number is 82 
G.6.3_index_3_VS_G.6.1_index_3 [14] PLUS 1 
20120101,20120102,20120103,20120104,20120105,20120106,20120107,20120108,20120110,20120111,20120115,20120116,20120117,20120120 
Number is 84 
G.5.5_index_4_VS_G.5.6_index_4 [15] PLUS 1 
20120101,20120102,20120103,20120104,20120105,20120106,20120107,20120108,20120109,20120110,20120117,20120118,20120119 
Number is 86 
G.5.2_index_3_VS_G.4.1_index_2 [16] 
20120101,20120102,20120103,20120104,20120105,20120106,20120108,20120110,20120111,20120114,20120115,20120116,20120118 
Number is 93 
G.3.2_index_3_VS_G.5.5_index_3 [17] 
20120101,20120102,20120103,20120104,20120105,20120106,20120109,20120110,20120115,20120120 
