======== Current: 20120116 ========= 
Number is 00 
G.3.2_index_4_VS_G.6.1_index_2 [1] 
20120102,20120105,20120106,20120110,20120111,20120112,20120113,20120114,20120115,20120118 
Number is 02 
G.5.3_index_2_VS_G.5.2_index_3 [2] 
20120102,20120104,20120110,20120111,20120112,20120113,20120114,20120115 
Number is 03 
G.7.1_index_1_VS_G.5.6_index_2 [3] 
20120101,20120102,20120103,20120110,20120111,20120112,20120113,20120114,20120115,20120120 
Number is 04 
G.6.1_index_2_VS_G.3.3_index_3 [4] PLUS 1 
20120101,20120102,20120103,20120106,20120107,20120108,20120109,20120110,20120111,20120112,20120113,20120114,20120115,20120116,20120117,20120118 
Number is 07 
G.3.2_index_4_VS_G.4.2_index_2 [5] PLUS 1 
20120104,20120110,20120111,20120112,20120113,20120114,20120115,20120116,20120117,20120118 
Number is 16 
G.5.2_index_1_VS_G.3.4_index_2 [6] 
20120103,20120110,20120111,20120112,20120113,20120114,20120115,20120118 
Number is 17 
G.7.2_index_2_VS_G.3.1_index_5 [7] PLUS 1 
20120106,20120108,20120109,20120110,20120111,20120112,20120113,20120114,20120115,20120116,20120118 
G.6.3_index_1_VS_G.1.1_index_2 [8] PLUS 1 
20120103,20120107,20120110,20120111,20120112,20120113,20120114,20120115,20120116 
Number is 20 
G.5.2_index_3_VS_G.3.6_index_4 [9] 
20120102,20120108,20120110,20120111,20120112,20120113,20120114,20120115,20120118 
Number is 21 
G.5.2_index_3_VS_G.7.2_index_2 [10] PLUS 1 
20120102,20120103,20120105,20120109,20120110,20120111,20120112,20120113,20120114,20120115,20120116,20120118 
G.6.1_index_3_VS_G.7.2_index_2 [11] PLUS 1 
20120103,20120104,20120107,20120110,20120111,20120112,20120113,20120114,20120115,20120116,20120119 
Number is 22 
G.5.2_index_3_VS_G.4.2_index_1 [12] 
20120102,20120103,20120110,20120111,20120112,20120113,20120114,20120115,20120120 
Number is 26 
G.4.2_index_1_VS_G.2.1_index_1 [13] 
20120108,20120110,20120111,20120112,20120113,20120114,20120115 
Number is 27 
G.1.1_index_4_VS_G.4.2_index_2 [14] PLUS 1 
20120101,20120103,20120106,20120110,20120111,20120112,20120113,20120114,20120115,20120116 
Number is 29 
G.3.3_index_4_VS_G.5.4_index_3 [15] PLUS 1 
20120102,20120107,20120110,20120111,20120112,20120113,20120114,20120115,20120116,20120120 
Number is 37 
G.3.4_index_5_VS_G.5.3_index_1 [16] PLUS 1 
20120101,20120103,20120110,20120111,20120112,20120113,20120114,20120115,20120116 
Number is 42 
G.2.1_index_4_VS_G.4.2_index_1 [17] 
20120101,20120102,20120106,20120108,20120109,20120110,20120111,20120112,20120113,20120114,20120115,20120118,20120119,20120120 
Number is 46 
G.2.1_index_4_VS_G.DB_index_1 [18] 
20120102,20120103,20120106,20120109,20120110,20120111,20120112,20120113,20120114,20120115,20120119 
Number is 47 
G.4.3_index_1_VS_G.4.2_index_2 [19] 
20120104,20120107,20120109,20120110,20120111,20120112,20120113,20120114,20120115,20120117,20120118 
Number is 58 
G.1.1_index_5_VS_G.4.3_index_4 [20] 
20120105,20120106,20120107,20120109,20120110,20120111,20120112,20120113,20120114,20120115,20120120 
Number is 61 
G.2.1_index_1_VS_G.7.2_index_2 [21] 
20120102,20120105,20120110,20120111,20120112,20120113,20120114,20120115,20120117,20120118,20120120 
Number is 62 
G.2.1_index_3_VS_G.5.6_index_4 [22] 
20120106,20120107,20120110,20120111,20120112,20120113,20120114,20120115,20120117,20120118,20120119 
Number is 65 
G.3.5_index_2_VS_G.3.1_index_3 [23] 
20120107,20120108,20120110,20120111,20120112,20120113,20120114,20120115,20120117,20120118 
Number is 70 
G.3.3_index_1_VS_G.3.6_index_4 [24] PLUS 1 
20120102,20120103,20120104,20120106,20120108,20120109,20120110,20120111,20120112,20120113,20120114,20120115,20120116,20120117,20120118 
Number is 71 
G.3.1_index_5_VS_G.4.4_index_4 [25] PLUS 1 
20120101,20120105,20120107,20120108,20120109,20120110,20120111,20120112,20120113,20120114,20120115,20120116,20120118 
Number is 72 
G.5.3_index_1_VS_G.4.2_index_1 [26] PLUS 1 
20120101,20120103,20120105,20120106,20120107,20120110,20120111,20120112,20120113,20120114,20120115,20120116,20120117 
Number is 74 
G.3.3_index_2_VS_G.2.1_index_4 [27] 
20120102,20120104,20120106,20120107,20120108,20120109,20120110,20120111,20120112,20120113,20120114,20120115,20120118 
Number is 76 
G.3.3_index_2_VS_G.2.1_index_1 [28] PLUS 1 
20120101,20120108,20120110,20120111,20120112,20120113,20120114,20120115,20120116,20120118,20120119,20120120 
G.3.5_index_5_VS_G.6.1_index_1 [29] PLUS 1 
20120102,20120107,20120108,20120110,20120111,20120112,20120113,20120114,20120115,20120116,20120120 
Number is 92 
G.5.4_index_3_VS_G.4.2_index_1 [30] PLUS 1 
20120102,20120103,20120105,20120106,20120107,20120110,20120111,20120112,20120113,20120114,20120115,20120116,20120120 
Number is 99 
G.7.3_index_1_VS_G.5.4_index_3 [31] 
20120102,20120109,20120110,20120111,20120112,20120113,20120114,20120115,20120120 
