======== Current: 20141209 ========= 
Number is 02 
G.5.4_index_2_VS_G.DB_index_3 [1] PLUS 1 
20141117,20141119,20141120,20141121,20141125,20141126,20141128,20141202,20141203,20141204,20141205,20141206,20141207,20141208,20141209,20141215,20141217,20141218,20141220,20141221,20141229 
Number is 14 
G.5.1_index_2_VS_G.3.3_index_4 [2] 
20141115,20141118,20141119,20141122,20141126,20141130,20141201,20141203,20141204,20141205,20141206,20141207,20141208,20141210,20141212,20141219,20141223,20141224,20141226,20141228,20141230,20141231 
Number is 30 
G.3.2_index_4_VS_G.5.4_index_2 [3] 
20141125,20141130,20141203,20141204,20141205,20141206,20141207,20141208,20141212,20141214,20141215,20141217,20141218,20141219,20141223,20141225,20141230,20141231 
Number is 33 
G.DB_index_2_VS_G.3.2_index_4 [4] 
20141117,20141121,20141125,20141129,20141201,20141203,20141204,20141205,20141206,20141207,20141208,20141211,20141212,20141213,20141219,20141221,20141223,20141225,20141227,20141231 
Number is 37 
G.4.3_index_2_VS_G.7.4_index_2 [5] 
20141117,20141119,20141120,20141122,20141123,20141124,20141125,20141126,20141127,20141130,20141203,20141204,20141205,20141206,20141207,20141208,20141214,20141216,20141218,20141231 
Number is 38 
G.2.1_index_4_VS_G.3.1_index_1 [6] 
20141115,20141116,20141120,20141123,20141125,20141127,20141128,20141203,20141204,20141205,20141206,20141207,20141208,20141211,20141212,20141216,20141217,20141218,20141220,20141224,20150102 
Number is 44 
G.DB_index_4_VS_G.3.2_index_2 [7] 
20141115,20141118,20141123,20141125,20141127,20141128,20141129,20141203,20141204,20141205,20141206,20141207,20141208,20141212,20141213,20141215,20141223,20141227,20141231 
Number is 45 
G.5.5_index_3_VS_G.5.3_index_2 [8] PLUS 1 
20141116,20141118,20141119,20141121,20141122,20141126,20141129,20141202,20141203,20141204,20141205,20141206,20141207,20141208,20141209,20141210,20141214,20141216,20141217,20141219,20141220,20141221,20141222,20141223,20141225,20141227,20141230,20141231,20150101,20150102 
G.DB_index_4_VS_G.3.4_index_2 [9] PLUS 1 
20141115,20141118,20141120,20141124,20141125,20141127,20141128,20141130,20141203,20141204,20141205,20141206,20141207,20141208,20141209,20141212,20141214,20141215,20141216,20141218,20141220,20141221,20141222,20141223,20141230,20150101 
Number is 47 
G.6.3_index_3_VS_G.6.3_index_1 [10] 
20141117,20141118,20141119,20141122,20141123,20141124,20141125,20141127,20141128,20141129,20141201,20141202,20141203,20141204,20141205,20141206,20141207,20141208,20141213,20141216,20141219,20141220,20141221,20141223,20141224,20141226,20141227,20141228,20141229,20141231,20150102 
Number is 50 
G.5.3_index_2_VS_G.1.1_index_2 [11] 
20141118,20141121,20141124,20141126,20141128,20141203,20141204,20141205,20141206,20141207,20141208,20141213,20141215,20141222,20141224,20141227,20141229,20141231,20150102 
Number is 54 
G.2.2_index_2_VS_G.6.3_index_3 [12] PLUS 1 
20141120,20141124,20141125,20141129,20141202,20141203,20141204,20141205,20141206,20141207,20141208,20141209,20141212,20141224,20141226,20141228,20141229,20150102 
Number is 55 
G.5.4_index_3_VS_G.4.4_index_4 [13] 
20141116,20141118,20141120,20141121,20141123,20141126,20141128,20141203,20141204,20141205,20141206,20141207,20141208,20141210,20141212,20141213,20141219,20141220,20141225,20141227,20141228 
Number is 57 
G.4.4_index_1_VS_G.5.5_index_2 [14] 
20141115,20141116,20141119,20141125,20141127,20141130,20141201,20141203,20141204,20141205,20141206,20141207,20141208,20141212,20141213,20141215,20141216,20141219,20141225,20141226,20141230,20141231,20150101 
Number is 59 
G.5.3_index_2_VS_G.5.6_index_4 [15] 
20141117,20141121,20141122,20141125,20141126,20141128,20141129,20141201,20141203,20141204,20141205,20141206,20141207,20141208,20141215,20141216,20141217,20141218,20141219,20141221,20141224,20141225,20141226,20141227,20141229 
Number is 70 
G.5.5_index_2_VS_G.3.6_index_1 [16] PLUS 1 
20141116,20141124,20141125,20141127,20141203,20141204,20141205,20141206,20141207,20141208,20141209,20141216,20141217,20141219,20141223,20141226,20141227 
G.4.4_index_2_VS_G.7.3_index_2 [17] PLUS 1 
20141115,20141116,20141117,20141118,20141119,20141120,20141121,20141123,20141127,20141130,20141201,20141203,20141204,20141205,20141206,20141207,20141208,20141209,20141212,20141213,20141215,20141216,20141218,20141219,20141222,20141223,20141227,20141231,20150101 
Number is 73 
G.6.2_index_2_VS_G.7.2_index_1 [18] 
20141117,20141120,20141122,20141129,20141203,20141204,20141205,20141206,20141207,20141208,20141216,20141219,20141221,20141224,20141228,20141231,20150101 
Number is 75 
G.4.4_index_2_VS_G.4.1_index_3 [19] 
20141119,20141121,20141201,20141203,20141204,20141205,20141206,20141207,20141208,20141211,20141218,20141226,20141229,20141230,20141231 
Number is 84 
G.3.1_index_1_VS_G.DB_index_4 [20] 
20141118,20141123,20141126,20141129,20141202,20141203,20141204,20141205,20141206,20141207,20141208,20141210,20141211,20141212,20141215,20141221,20141224,20141225,20141228,20150101 
G.2.2_index_3_VS_G.DB_index_4 [21] 
20141121,20141123,20141124,20141125,20141126,20141127,20141128,20141201,20141202,20141203,20141204,20141205,20141206,20141207,20141208,20141210,20141215,20141220,20141223,20141227,20141228,20150101 
Number is 88 
G.4.1_index_4_VS_G.3.1_index_1 [22] PLUS 1 
20141115,20141120,20141121,20141125,20141126,20141129,20141130,20141202,20141203,20141204,20141205,20141206,20141207,20141208,20141209,20141212,20141215,20141219,20141220,20141222,20141224,20141228,20141229,20141230,20150102 
Number is 89 
G.3.5_index_5_VS_G.3.4_index_5 [23] PLUS 1 
20141115,20141116,20141118,20141121,20141125,20141128,20141129,20141203,20141204,20141205,20141206,20141207,20141208,20141209,20141212,20141213,20141214,20141216,20141217,20141221,20141223,20141225,20141226,20141227,20141228,20141229,20141231,20150102 
G.6.1_index_2_VS_G.3.6_index_5 [24] PLUS 1 
20141116,20141117,20141118,20141123,20141127,20141129,20141201,20141202,20141203,20141204,20141205,20141206,20141207,20141208,20141209,20141210,20141211,20141212,20141213,20141215,20141218,20141219,20141221,20141223,20141226,20141227,20141230 
Number is 90 
G.5.6_index_4_VS_G.5.2_index_4 [25] PLUS 1 
20141115,20141116,20141117,20141118,20141125,20141129,20141203,20141204,20141205,20141206,20141207,20141208,20141209,20141211,20141212,20141214,20141215,20141217,20141218,20141225,20141227,20141228,20141230,20150101 
Number is 93 
G.5.6_index_4_VS_G.4.2_index_4 [26] 
20141117,20141120,20141123,20141124,20141125,20141126,20141128,20141129,20141130,20141202,20141203,20141204,20141205,20141206,20141207,20141208,20141211,20141212,20141213,20141215,20141217,20141218,20141222,20141223,20141225,20141226,20141227,20141230,20150101 
G.4.3_index_4_VS_G.2.1_index_4 [27] 
20141117,20141119,20141123,20141124,20141125,20141202,20141203,20141204,20141205,20141206,20141207,20141208,20141211,20141215,20141218,20141220,20141226,20141229 
Number is 94 
G.6.2_index_3_VS_G.6.3_index_3 [28] PLUS 1 
20141122,20141123,20141125,20141130,20141203,20141204,20141205,20141206,20141207,20141208,20141209,20141210,20141213,20141216,20141217,20141219,20141220,20141221,20141223,20141224,20141226,20141227,20141231,20150102 
