======== Current: 20141210 ========= 
Number is 05 
G.3.4_index_4_VS_G.5.2_index_3 [1] 
20141115,20141118,20141119,20141120,20141124,20141127,20141129,20141204,20141205,20141206,20141207,20141208,20141209,20141212,20141214,20141216,20141217,20141219,20141221,20141222,20141224,20141226,20141227,20141230,20150102 
Number is 07 
G.4.1_index_4_VS_G.3.1_index_1 [2] 
20141115,20141120,20141121,20141125,20141126,20141129,20141130,20141202,20141203,20141204,20141205,20141206,20141207,20141208,20141209,20141212,20141215,20141219,20141220,20141222,20141224,20141228,20141229,20141230,20150102 
G.5.4_index_2_VS_G.DB_index_3 [3] 
20141117,20141119,20141120,20141121,20141125,20141126,20141128,20141202,20141203,20141204,20141205,20141206,20141207,20141208,20141209,20141215,20141217,20141218,20141220,20141221,20141229 
Number is 09 
G.2.1_index_4_VS_G.6.3_index_3 [4] 
20141115,20141117,20141118,20141120,20141124,20141125,20141128,20141204,20141205,20141206,20141207,20141208,20141209,20141213,20141217,20141218,20141220,20141229,20141231,20150101 
G.2.1_index_4_VS_G.5.3_index_2 [5] 
20141117,20141118,20141123,20141126,20141201,20141204,20141205,20141206,20141207,20141208,20141209,20141213,20141214,20141216,20141217,20141219,20141225,20141228,20141229,20150101,20150102 
Number is 10 
G.2.2_index_2_VS_G.2.1_index_4 [6] PLUS 1 
20141115,20141116,20141118,20141119,20141120,20141124,20141128,20141129,20141201,20141204,20141205,20141206,20141207,20141208,20141209,20141210,20141211,20141214,20141215,20141218,20141219,20141220,20141222,20141224,20141225,20141226,20141230 
Number is 19 
G.2.2_index_2_VS_G.6.3_index_3 [7] 
20141120,20141124,20141125,20141129,20141202,20141203,20141204,20141205,20141206,20141207,20141208,20141209,20141212,20141224,20141226,20141228,20141229,20150102 
Number is 22 
G.3.4_index_2_VS_G.6.1_index_1 [8] 
20141115,20141116,20141118,20141119,20141121,20141122,20141124,20141129,20141202,20141204,20141205,20141206,20141207,20141208,20141209,20141211,20141220,20141221,20141222,20141223,20141226,20141230 
Number is 24 
G.5.5_index_2_VS_G.3.6_index_1 [9] 
20141116,20141124,20141125,20141127,20141203,20141204,20141205,20141206,20141207,20141208,20141209,20141216,20141217,20141219,20141223,20141226,20141227 
Number is 27 
G.3.4_index_2_VS_G.3.5_index_1 [10] 
20141120,20141121,20141123,20141124,20141126,20141128,20141129,20141204,20141205,20141206,20141207,20141208,20141209,20141212,20141213,20141216,20141217,20141219,20141221,20141223,20141228,20141229,20141231,20150101,20150102 
Number is 29 
G.5.5_index_3_VS_G.5.3_index_2 [11] PLUS 1 
20141116,20141118,20141119,20141121,20141122,20141126,20141129,20141202,20141203,20141204,20141205,20141206,20141207,20141208,20141209,20141210,20141214,20141216,20141217,20141219,20141220,20141221,20141222,20141223,20141225,20141227,20141230,20141231,20150101,20150102 
G.6.2_index_3_VS_G.4.2_index_3 [12] PLUS 1 
20141115,20141120,20141122,20141124,20141129,20141201,20141204,20141205,20141206,20141207,20141208,20141209,20141210,20141211,20141212,20141213,20141217,20141220,20141226,20141227,20141228,20150102 
G.6.2_index_3_VS_G.6.3_index_3 [13] PLUS 1 
20141122,20141123,20141125,20141130,20141203,20141204,20141205,20141206,20141207,20141208,20141209,20141210,20141213,20141216,20141217,20141219,20141220,20141221,20141223,20141224,20141226,20141227,20141231,20150102 
Number is 30 
G.3.3_index_4_VS_G.5.4_index_2 [14] 
20141119,20141122,20141123,20141125,20141126,20141128,20141129,20141130,20141204,20141205,20141206,20141207,20141208,20141209,20141211,20141217,20141225,20141231 
Number is 38 
G.3.3_index_4_VS_G.3.6_index_4 [15] PLUS 1 
20141117,20141118,20141123,20141126,20141129,20141130,20141202,20141204,20141205,20141206,20141207,20141208,20141209,20141210,20141217,20141218,20141224,20141225,20141226,20141228,20141231 
Number is 44 
G.4.4_index_2_VS_G.7.3_index_2 [16] 
20141115,20141116,20141117,20141118,20141119,20141120,20141121,20141123,20141127,20141130,20141201,20141203,20141204,20141205,20141206,20141207,20141208,20141209,20141212,20141213,20141215,20141216,20141218,20141219,20141222,20141223,20141227,20141231,20150101 
Number is 69 
G.1.1_index_5_VS_G.6.3_index_3 [17] PLUS 1 
20141117,20141118,20141119,20141120,20141123,20141124,20141125,20141128,20141202,20141204,20141205,20141206,20141207,20141208,20141209,20141210,20141212,20141213,20141218,20141219,20141220,20141221,20141225,20141229 
Number is 79 
G.3.1_index_1_VS_G.2.1_index_5 [18] 
20141119,20141120,20141122,20141124,20141126,20141127,20141128,20141130,20141202,20141204,20141205,20141206,20141207,20141208,20141209,20141215,20141216,20141217,20141220,20141223,20141224,20141227,20141228,20141231,20150101,20150102 
Number is 80 
G.DB_index_4_VS_G.5.1_index_4 [19] 
20141118,20141126,20141127,20141201,20141202,20141204,20141205,20141206,20141207,20141208,20141209,20141211,20141218,20141219,20141224,20141225,20141228,20141231 
Number is 82 
G.DB_index_4_VS_G.3.4_index_2 [20] 
20141115,20141118,20141120,20141124,20141125,20141127,20141128,20141130,20141203,20141204,20141205,20141206,20141207,20141208,20141209,20141212,20141214,20141215,20141216,20141218,20141220,20141221,20141222,20141223,20141230,20150101 
Number is 84 
G.5.6_index_3_VS_G.5.5_index_1 [21] 
20141116,20141117,20141120,20141121,20141123,20141130,20141201,20141204,20141205,20141206,20141207,20141208,20141209,20141212,20141215,20141217,20141218,20141219,20141227,20141230,20150102 
Number is 86 
G.6.1_index_2_VS_G.3.6_index_5 [22] PLUS 1 
20141116,20141117,20141118,20141123,20141127,20141129,20141201,20141202,20141203,20141204,20141205,20141206,20141207,20141208,20141209,20141210,20141211,20141212,20141213,20141215,20141218,20141219,20141221,20141223,20141226,20141227,20141230 
Number is 88 
G.3.5_index_5_VS_G.3.4_index_5 [23] 
20141115,20141116,20141118,20141121,20141125,20141128,20141129,20141203,20141204,20141205,20141206,20141207,20141208,20141209,20141212,20141213,20141214,20141216,20141217,20141221,20141223,20141225,20141226,20141227,20141228,20141229,20141231,20150102 
Number is 94 
G.5.6_index_4_VS_G.5.2_index_4 [24] 
20141115,20141116,20141117,20141118,20141125,20141129,20141203,20141204,20141205,20141206,20141207,20141208,20141209,20141211,20141212,20141214,20141215,20141217,20141218,20141225,20141227,20141228,20141230,20150101 
Number is 95 
G.5.3_index_2_VS_G.6.1_index_3 [25] 
20141117,20141118,20141119,20141124,20141126,20141128,20141129,20141201,20141202,20141204,20141205,20141206,20141207,20141208,20141209,20141214,20141218,20141219,20141224,20141226,20141227,20141228,20150101 
Number is 97 
G.2.1_index_5_VS_G.DB_index_3 [26] 
20141116,20141117,20141119,20141122,20141123,20141126,20141130,20141204,20141205,20141206,20141207,20141208,20141209,20141217,20141219,20141225,20141230,20150101,20150102 
Number is 98 
G.5.3_index_2_VS_G.4.3_index_2 [27] 
20141117,20141120,20141121,20141123,20141126,20141128,20141129,20141204,20141205,20141206,20141207,20141208,20141209,20141211,20141215,20141221,20141222,20141226,20141227,20141228,20141229 
Number is 99 
G.5.6_index_4_VS_G.6.3_index_3 [28] 
20141115,20141117,20141118,20141120,20141123,20141204,20141205,20141206,20141207,20141208,20141209,20141212,20141213,20141217,20141220,20141224,20141225,20141227,20141229,20141231,20150102 
