======== Current: 20141213 ========= 
Number is 04 
G.3.2_index_2_VS_G.5.4_index_4 [1] 
20141115,20141120,20141121,20141122,20141123,20141125,20141126,20141127,20141129,20141203,20141205,20141207,20141208,20141209,20141210,20141211,20141212,20141221,20141222,20141223,20141225,20141226,20141229,20141231,20150102 
Number is 19 
G.4.3_index_2_VS_G.7.2_index_2 [2] 
20141119,20141120,20141121,20141122,20141126,20141201,20141203,20141206,20141207,20141208,20141209,20141210,20141211,20141212,20141214,20141215,20141218,20141222,20141223,20141229,20141230,20141231,20150102 
Number is 29 
G.6.1_index_3_VS_G.DB_index_3 [3] 
20141115,20141121,20141122,20141123,20141125,20141126,20141127,20141204,20141207,20141208,20141209,20141210,20141211,20141212,20141217,20141218,20141222,20141224,20150101,20150102 
Number is 61 
G.6.3_index_2_VS_G.4.3_index_2 [4] PLUS 1 
20141119,20141120,20141121,20141123,20141125,20141128,20141201,20141202,20141207,20141208,20141209,20141210,20141211,20141212,20141213,20141214,20141216,20141218,20141220,20141222,20141228,20141230,20150101 
Number is 65 
G.3.1_index_1_VS_G.1.1_index_5 [5] 
20141118,20141119,20141123,20141127,20141130,20141202,20141203,20141204,20141206,20141207,20141208,20141209,20141210,20141211,20141212,20141215,20141218,20141220,20141221,20141223,20141224,20141225,20141227,20141228,20141231,20150101,20150102 
Number is 66 
G.3.5_index_3_VS_G.3.1_index_1 [6] 
20141120,20141126,20141127,20141203,20141205,20141207,20141208,20141209,20141210,20141211,20141212,20141215,20141219,20141220,20141223,20141224,20141229,20141230,20150102 
Number is 67 
G.3.1_index_4_VS_G.3.6_index_5 [7] PLUS 1 
20141116,20141121,20141122,20141123,20141127,20141129,20141203,20141205,20141207,20141208,20141209,20141210,20141211,20141212,20141213,20141218,20141219,20141220,20141221,20141224 
G.6.1_index_2_VS_G.3.6_index_5 [8] PLUS 1 
20141116,20141117,20141118,20141123,20141127,20141129,20141201,20141202,20141203,20141204,20141205,20141206,20141207,20141208,20141209,20141210,20141211,20141212,20141213,20141215,20141218,20141219,20141221,20141223,20141226,20141227,20141230 
Number is 78 
G.6.2_index_3_VS_G.4.2_index_3 [9] PLUS 1 
20141115,20141120,20141122,20141124,20141129,20141201,20141204,20141205,20141206,20141207,20141208,20141209,20141210,20141211,20141212,20141213,20141217,20141220,20141226,20141227,20141228,20150102 
Number is 82 
G.DB_index_1_VS_G.3.5_index_5 [10] 
20141119,20141121,20141125,20141128,20141201,20141202,20141204,20141205,20141207,20141208,20141209,20141210,20141211,20141212,20141215,20141216,20141218,20141227 
G.4.2_index_1_VS_G.3.5_index_5 [11] 
20141115,20141116,20141117,20141121,20141123,20141125,20141127,20141128,20141130,20141202,20141203,20141204,20141205,20141207,20141208,20141209,20141210,20141211,20141212,20141216,20141218,20141219,20141221,20141229,20150101 
Number is 96 
G.7.2_index_2_VS_G.3.1_index_4 [12] PLUS 1 
20141117,20141118,20141121,20141122,20141123,20141126,20141128,20141201,20141207,20141208,20141209,20141210,20141211,20141212,20141213,20141214,20141215,20141220,20141224,20141225,20141226,20141229,20141230,20141231 
