======== Current: 20141215 ========= 
Number is 03 
G.3.3_index_1_VS_G.3.1_index_3 [1] PLUS 1 
20141117,20141119,20141125,20141201,20141204,20141206,20141209,20141210,20141211,20141212,20141213,20141214,20141215,20141218,20141219,20141220,20141222,20141225,20141228,20141229,20141230,20150102 
Number is 08 
G.7.2_index_2_VS_G.3.1_index_4 [2] PLUS 1 
20141117,20141118,20141121,20141122,20141123,20141126,20141128,20141201,20141207,20141208,20141209,20141210,20141211,20141212,20141213,20141214,20141215,20141220,20141224,20141225,20141226,20141229,20141230,20141231 
Number is 15 
G.DB_index_1_VS_G.5.5_index_4 [3] 
20141118,20141119,20141120,20141122,20141123,20141124,20141125,20141127,20141130,20141202,20141204,20141208,20141209,20141210,20141211,20141212,20141213,20141214,20141216,20141219,20141221,20141223,20141225,20141230 
Number is 22 
G.3.6_index_2_VS_G.2.2_index_2 [4] 
20141116,20141120,20141123,20141129,20141202,20141204,20141206,20141208,20141209,20141210,20141211,20141212,20141213,20141214,20141218,20141220,20141224,20141229,20150101 
Number is 31 
G.1.1_index_4_VS_G.4.3_index_3 [5] PLUS 1 
20141116,20141117,20141118,20141120,20141121,20141126,20141128,20141205,20141206,20141208,20141209,20141210,20141211,20141212,20141213,20141214,20141215,20141218,20141219,20141224,20141225,20141227,20141228 
Number is 46 
G.1.1_index_5_VS_G.3.5_index_4 [6] 
20141119,20141122,20141123,20141125,20141126,20141127,20141129,20141130,20141203,20141204,20141209,20141210,20141211,20141212,20141213,20141214,20141218,20141223,20141225,20141231,20150101,20150102 
Number is 49 
G.1.1_index_5_VS_G.5.3_index_3 [7] PLUS 1 
20141115,20141119,20141122,20141127,20141203,20141204,20141205,20141209,20141210,20141211,20141212,20141213,20141214,20141215,20141218,20141220,20141225,20141227,20141229,20150102 
Number is 51 
G.6.3_index_2_VS_G.4.3_index_2 [8] 
20141119,20141120,20141121,20141123,20141125,20141128,20141201,20141202,20141207,20141208,20141209,20141210,20141211,20141212,20141213,20141214,20141216,20141218,20141220,20141222,20141228,20141230,20150101 
Number is 57 
G.3.1_index_1_VS_G.3.6_index_5 [9] 
20141119,20141120,20141121,20141123,20141127,20141128,20141129,20141203,20141205,20141207,20141209,20141210,20141211,20141212,20141213,20141214,20141216,20141218,20141219,20141220,20141221,20141222,20141227,20150101 
Number is 73 
G.6.1_index_2_VS_G.DB_index_3 [10] 
20141115,20141116,20141117,20141120,20141121,20141123,20141124,20141205,20141206,20141207,20141209,20141210,20141211,20141212,20141213,20141214,20141216,20141217,20141218,20141220,20141221,20141224,20141227,20141228,20141230,20141231 
G.6.2_index_1_VS_G.5.6_index_4 [11] 
20141116,20141117,20141120,20141125,20141130,20141203,20141204,20141206,20141207,20141209,20141210,20141211,20141212,20141213,20141214,20141216,20141217,20141219,20141225,20141226,20141227,20141229,20141230,20150102 
Number is 75 
G.6.1_index_2_VS_G.4.4_index_3 [12] 
20141117,20141123,20141126,20141127,20141201,20141204,20141208,20141209,20141210,20141211,20141212,20141213,20141214,20141217,20141219,20141223,20141227,20141228,20150101,20150102 
Number is 91 
G.3.5_index_3_VS_G.2.2_index_3 [13] 
20141116,20141118,20141120,20141126,20141127,20141128,20141203,20141204,20141206,20141207,20141209,20141210,20141211,20141212,20141213,20141214,20141221,20141225,20141229,20141230,20150101 
