======== Current: 20141216 ========= 
Number is 08 
G.3.3_index_1_VS_G.3.1_index_3 [1] 
20141117,20141119,20141125,20141201,20141204,20141206,20141209,20141210,20141211,20141212,20141213,20141214,20141215,20141218,20141219,20141220,20141222,20141225,20141228,20141229,20141230,20150102 
Number is 15 
G.6.2_index_2_VS_G.3.4_index_1 [2] 
20141119,20141121,20141122,20141124,20141125,20141126,20141127,20141128,20141130,20141201,20141204,20141206,20141207,20141210,20141211,20141212,20141213,20141214,20141215,20141221,20141224,20141227,20141231,20150101 
Number is 48 
G.3.4_index_5_VS_G.5.5_index_4 [3] 
20141115,20141122,20141123,20141124,20141125,20141127,20141129,20141203,20141206,20141210,20141211,20141212,20141213,20141214,20141215,20141218,20141221,20141223,20141224,20141225,20141226,20141230 
Number is 53 
G.2.1_index_3_VS_G.3.1_index_4 [4] PLUS 1 
20141115,20141119,20141121,20141125,20141127,20141128,20141203,20141206,20141208,20141210,20141211,20141212,20141213,20141214,20141215,20141216,20141219,20141221,20141222,20141223,20141224,20141227,20141228,20141229,20150101 
Number is 54 
G.1.1_index_5_VS_G.5.3_index_3 [5] 
20141115,20141119,20141122,20141127,20141203,20141204,20141205,20141209,20141210,20141211,20141212,20141213,20141214,20141215,20141218,20141220,20141225,20141227,20141229,20150102 
Number is 69 
G.5.1_index_4_VS_G.3.6_index_1 [6] 
20141119,20141125,20141126,20141127,20141129,20141201,20141210,20141211,20141212,20141213,20141214,20141215,20141221,20141223,20141224,20141225,20141226,20141227,20141228,20141229,20150102 
Number is 73 
G.7.2_index_2_VS_G.3.1_index_4 [7] 
20141117,20141118,20141121,20141122,20141123,20141126,20141128,20141201,20141207,20141208,20141209,20141210,20141211,20141212,20141213,20141214,20141215,20141220,20141224,20141225,20141226,20141229,20141230,20141231 
Number is 83 
G.1.1_index_4_VS_G.4.3_index_3 [8] 
20141116,20141117,20141118,20141120,20141121,20141126,20141128,20141205,20141206,20141208,20141209,20141210,20141211,20141212,20141213,20141214,20141215,20141218,20141219,20141224,20141225,20141227,20141228 
Number is 98 
G.3.5_index_2_VS_G.6.1_index_2 [9] PLUS 1 
20141115,20141118,20141121,20141122,20141123,20141126,20141204,20141205,20141208,20141210,20141211,20141212,20141213,20141214,20141215,20141216,20141220,20141221,20141222,20141223,20141224,20141226,20141227,20141228,20141230,20141231 
