======== Current: 20141221 ========= 
Number is 26 
G.1.1_index_5_VS_G.6.2_index_3 [1] 
20141115,20141118,20141120,20141121,20141122,20141123,20141124,20141125,20141127,20141130,20141204,20141206,20141207,20141209,20141211,20141214,20141215,20141216,20141217,20141218,20141219,20141220,20141224,20141226,20141227,20141229,20141231,20150102 
Number is 28 
G.3.1_index_3_VS_G.3.1_index_1 [2] PLUS 1 
20141115,20141117,20141118,20141120,20141124,20141130,20141202,20141204,20141206,20141208,20141210,20141213,20141215,20141216,20141217,20141218,20141219,20141220,20141221,20141223,20141224,20150102 
G.6.1_index_2_VS_G.3.3_index_3 [3] PLUS 1 
20141117,20141118,20141125,20141126,20141127,20141128,20141129,20141130,20141204,20141207,20141208,20141209,20141212,20141214,20141215,20141216,20141217,20141218,20141219,20141220,20141221,20141223,20141224,20141227,20141228,20141230 
Number is 36 
G.2.2_index_5_VS_G.6.2_index_3 [4] 
20141117,20141120,20141122,20141123,20141126,20141129,20141130,20141202,20141203,20141205,20141207,20141208,20141211,20141212,20141215,20141216,20141217,20141218,20141219,20141220,20141224,20141225,20141226,20141227,20141229,20141230 
G.5.3_index_1_VS_G.4.4_index_3 [5] 
20141120,20141123,20141124,20141125,20141126,20141127,20141201,20141204,20141205,20141209,20141210,20141214,20141215,20141216,20141217,20141218,20141219,20141220,20141223,20141224,20141230,20150102 
Number is 38 
G.4.2_index_2_VS_G.3.1_index_1 [6] 
20141117,20141118,20141120,20141121,20141123,20141129,20141130,20141202,20141206,20141207,20141215,20141216,20141217,20141218,20141219,20141220,20141224,20141225,20141227,20141228,20141230,20141231,20150102 
Number is 56 
G.DB_index_4_VS_G.4.4_index_3 [7] 
20141125,20141128,20141129,20141204,20141205,20141207,20141208,20141209,20141210,20141215,20141216,20141217,20141218,20141219,20141220,20141222,20141223,20141226,20141231,20150101 
Number is 64 
G.4.3_index_3_VS_G.2.1_index_5 [8] 
20141123,20141124,20141126,20141127,20141130,20141202,20141203,20141204,20141207,20141208,20141215,20141216,20141217,20141218,20141219,20141220,20141223,20141225,20141228,20150101 
G.6.2_index_3_VS_G.4.1_index_2 [9] 
20141117,20141118,20141120,20141123,20141126,20141129,20141201,20141205,20141206,20141207,20141208,20141210,20141213,20141214,20141215,20141216,20141217,20141218,20141219,20141220,20141226,20141229,20150101 
Number is 65 
G.4.3_index_3_VS_G.5.5_index_2 [10] 
20141116,20141118,20141120,20141123,20141126,20141127,20141201,20141202,20141207,20141208,20141211,20141212,20141213,20141214,20141215,20141216,20141217,20141218,20141219,20141220,20141222,20141223,20141224,20141226,20141229,20141230,20141231,20150101 
G.5.4_index_3_VS_G.3.4_index_3 [11] 
20141115,20141117,20141123,20141124,20141125,20141126,20141127,20141128,20141204,20141208,20141210,20141211,20141215,20141216,20141217,20141218,20141219,20141220,20141228,20141230,20150101,20150102 
Number is 66 
G.3.3_index_4_VS_G.6.2_index_3 [12] PLUS 1 
20141115,20141118,20141120,20141122,20141125,20141126,20141130,20141203,20141204,20141206,20141207,20141208,20141209,20141211,20141213,20141214,20141215,20141216,20141217,20141218,20141219,20141220,20141221,20141224,20141225,20141226,20141228,20141229,20141230,20141231 
G.3.3_index_5_VS_G.6.2_index_3 [13] PLUS 1 
20141115,20141118,20141120,20141121,20141125,20141126,20141128,20141201,20141206,20141207,20141208,20141209,20141211,20141212,20141214,20141215,20141216,20141217,20141218,20141219,20141220,20141221,20141223,20141226,20141227,20141230,20141231,20150102 
Number is 68 
G.4.3_index_3_VS_G.3.1_index_4 [14] PLUS 1 
20141116,20141119,20141120,20141123,20141129,20141201,20141204,20141205,20141206,20141207,20141211,20141212,20141215,20141216,20141217,20141218,20141219,20141220,20141221,20141225,20141227,20141231,20150101,20150102 
G.3.3_index_1_VS_G.3.1_index_1 [15] PLUS 1 
20141120,20141123,20141126,20141127,20141128,20141130,20141206,20141207,20141212,20141215,20141216,20141217,20141218,20141219,20141220,20141221,20141224,20141225 
Number is 69 
G.4.4_index_3_VS_G.DB_index_3 [16] 
20141120,20141121,20141122,20141124,20141125,20141126,20141127,20141204,20141207,20141208,20141211,20141215,20141216,20141217,20141218,20141219,20141220,20141229,20150102 
G.5.2_index_3_VS_G.7.2_index_2 [17] 
20141118,20141120,20141121,20141123,20141125,20141126,20141203,20141207,20141209,20141211,20141212,20141213,20141215,20141216,20141217,20141218,20141219,20141220,20141223,20141224,20141225,20141226,20141227,20141229,20150102 
Number is 72 
G.3.5_index_5_VS_G.3.1_index_3 [18] PLUS 1 
20141117,20141119,20141124,20141125,20141128,20141129,20141202,20141203,20141204,20141205,20141211,20141212,20141214,20141215,20141216,20141217,20141218,20141219,20141220,20141221,20141223,20141224,20141227,20141228,20141229,20150101 
G.2.1_index_2_VS_G.7.4_index_1 [19] PLUS 1 
20141116,20141124,20141126,20141130,20141201,20141202,20141207,20141211,20141212,20141213,20141215,20141216,20141217,20141218,20141219,20141220,20141221,20141222,20141223,20141225,20141227,20141228,20141230,20141231,20150101 
Number is 85 
G.3.1_index_1_VS_G.3.3_index_2 [20] PLUS 1 
20141117,20141118,20141120,20141123,20141125,20141126,20141129,20141202,20141208,20141209,20141213,20141214,20141215,20141216,20141217,20141218,20141219,20141220,20141221,20141224,20141226,20141228,20141231 
Number is 86 
G.3.1_index_1_VS_G.3.3_index_5 [21] PLUS 1 
20141116,20141117,20141122,20141124,20141126,20141129,20141202,20141203,20141206,20141207,20141208,20141209,20141210,20141214,20141215,20141216,20141217,20141218,20141219,20141220,20141221,20141224,20141225,20141227,20150102 
Number is 87 
G.3.1_index_1_VS_G.4.4_index_1 [22] PLUS 1 
20141118,20141119,20141120,20141125,20141126,20141128,20141129,20141130,20141202,20141203,20141206,20141207,20141209,20141211,20141212,20141214,20141215,20141216,20141217,20141218,20141219,20141220,20141221,20141223,20141226,20141231,20150101,20150102 
Number is 88 
G.2.1_index_4_VS_G.3.1_index_4 [23] 
20141123,20141201,20141202,20141203,20141207,20141208,20141211,20141215,20141216,20141217,20141218,20141219,20141220,20141222,20141223,20141226,20141229,20150101 
Number is 89 
G.3.1_index_1_VS_G.DB_index_3 [24] 
20141117,20141122,20141123,20141124,20141128,20141129,20141206,20141207,20141208,20141209,20141211,20141213,20141215,20141216,20141217,20141218,20141219,20141220,20141224,20141226,20141227,20141229,20141230,20141231 
Number is 96 
G.5.6_index_2_VS_G.6.2_index_3 [25] 
20141115,20141117,20141118,20141120,20141121,20141123,20141128,20141130,20141202,20141203,20141206,20141207,20141209,20141210,20141212,20141215,20141216,20141217,20141218,20141219,20141220,20141222,20141223,20141226,20141227,20141228,20141230 
