======== Current: 20141223 ========= 
Number is 12 
G.2.1_index_4_VS_G.6.3_index_2 [1] PLUS 1 
20141115,20141118,20141119,20141120,20141122,20141123,20141128,20141129,20141130,20141205,20141209,20141212,20141216,20141217,20141218,20141219,20141220,20141221,20141222,20141223,20141225,20141226,20150101 
Number is 43 
G.DB_index_3_VS_G.4.2_index_3 [2] 
20141120,20141121,20141122,20141123,20141124,20141130,20141201,20141207,20141209,20141212,20141214,20141215,20141217,20141218,20141219,20141220,20141221,20141222,20141224,20141226,20141229,20141230,20141231,20150101 
Number is 68 
G.3.1_index_5_VS_G.6.3_index_3 [3] 
20141121,20141125,20141128,20141204,20141207,20141211,20141212,20141213,20141217,20141218,20141219,20141220,20141221,20141222,20141224,20141225,20141226,20141228,20141231,20150101 
Number is 85 
G.3.6_index_4_VS_G.3.6_index_2 [4] 
20141115,20141119,20141123,20141124,20141126,20141128,20141129,20141201,20141202,20141205,20141209,20141212,20141213,20141217,20141218,20141219,20141220,20141221,20141222,20141224,20141226,20141228 
Number is 86 
G.5.2_index_1_VS_G.5.2_index_3 [5] 
20141118,20141119,20141120,20141121,20141124,20141125,20141126,20141203,20141205,20141207,20141208,20141209,20141210,20141212,20141216,20141217,20141218,20141219,20141220,20141221,20141222,20141226,20150102 
Number is 97 
G.2.1_index_2_VS_G.3.3_index_5 [6] PLUS 1 
20141116,20141118,20141123,20141126,20141128,20141130,20141205,20141207,20141208,20141209,20141213,20141217,20141218,20141219,20141220,20141221,20141222,20141223,20141224,20141226,20141228,20150102 
Number is 98 
G.5.5_index_4_VS_G.6.2_index_3 [7] 
20141115,20141116,20141117,20141118,20141120,20141125,20141127,20141206,20141207,20141214,20141217,20141218,20141219,20141220,20141221,20141222,20141226 
Number is 99 
G.2.1_index_2_VS_G.7.4_index_1 [8] PLUS 1 
20141116,20141124,20141126,20141130,20141201,20141202,20141207,20141211,20141212,20141213,20141215,20141216,20141217,20141218,20141219,20141220,20141221,20141222,20141223,20141225,20141227,20141228,20141230,20141231,20150101 
