======== Current: 20141226 ========= 
Number is 01 
G.7.1_index_2_VS_G.3.2_index_2 [1] PLUS 1 
20141120,20141123,20141124,20141126,20141128,20141129,20141204,20141208,20141210,20141212,20141220,20141221,20141222,20141223,20141224,20141225,20141226,20141227,20141231,20150102 
G.7.2_index_2_VS_G.3.2_index_2 [2] PLUS 1 
20141115,20141120,20141122,20141126,20141127,20141128,20141204,20141208,20141210,20141214,20141215,20141216,20141220,20141221,20141222,20141223,20141224,20141225,20141226,20141227,20141229,20141231,20150102 
Number is 02 
G.5.2_index_3_VS_G.3.4_index_2 [3] PLUS 1 
20141115,20141116,20141118,20141119,20141120,20141124,20141125,20141126,20141201,20141203,20141204,20141208,20141209,20141211,20141212,20141213,20141215,20141216,20141217,20141220,20141221,20141222,20141223,20141224,20141225,20141226,20141228,20150101 
G.3.1_index_5_VS_G.3.1_index_1 [4] PLUS 1 
20141123,20141128,20141129,20141201,20141202,20141204,20141206,20141207,20141209,20141211,20141212,20141213,20141215,20141217,20141219,20141220,20141221,20141222,20141223,20141224,20141225,20141226,20150101 
Number is 09 
G.3.3_index_3_VS_G.6.3_index_1 [5] 
20141116,20141125,20141128,20141210,20141214,20141216,20141218,20141220,20141221,20141222,20141223,20141224,20141225,20150102 
Number is 12 
G.3.2_index_2_VS_G.4.1_index_4 [6] 
20141118,20141120,20141121,20141122,20141125,20141126,20141129,20141204,20141205,20141206,20141207,20141208,20141212,20141213,20141216,20141218,20141220,20141221,20141222,20141223,20141224,20141225,20141228,20141229,20141230,20150101 
Number is 27 
G.4.1_index_4_VS_G.1.1_index_3 [7] PLUS 1 
20141115,20141116,20141119,20141123,20141125,20141202,20141203,20141205,20141207,20141208,20141209,20141211,20141216,20141218,20141220,20141221,20141222,20141223,20141224,20141225,20141226,20141227,20141229,20141230,20141231,20150101 
Number is 29 
G.5.5_index_4_VS_G.2.1_index_2 [8] 
20141117,20141123,20141125,20141126,20141130,20141203,20141204,20141205,20141207,20141209,20141210,20141211,20141216,20141220,20141221,20141222,20141223,20141224,20141225 
Number is 36 
G.5.4_index_3_VS_G.2.2_index_2 [9] 
20141116,20141117,20141122,20141123,20141124,20141201,20141202,20141204,20141206,20141208,20141210,20141211,20141215,20141217,20141218,20141220,20141221,20141222,20141223,20141224,20141225,20141229,20141230,20150101 
Number is 46 
G.5.6_index_3_VS_G.4.3_index_3 [10] 
20141116,20141117,20141119,20141120,20141121,20141127,20141129,20141201,20141204,20141206,20141210,20141218,20141219,20141220,20141221,20141222,20141223,20141224,20141225,20141230,20150101 
Number is 61 
G.4.3_index_3_VS_G.3.2_index_2 [11] PLUS 1 
20141115,20141117,20141118,20141119,20141120,20141125,20141126,20141127,20141130,20141203,20141205,20141208,20141209,20141215,20141217,20141218,20141220,20141221,20141222,20141223,20141224,20141225,20141226,20141227,20150101 
Number is 93 
G.2.1_index_2_VS_G.3.5_index_2 [12] PLUS 1 
20141118,20141120,20141124,20141129,20141204,20141205,20141206,20141210,20141211,20141213,20141217,20141220,20141221,20141222,20141223,20141224,20141225,20141226,20141228,20141229,20141231,20150101,20150102 
Number is 96 
G.5.3_index_2_VS_G.DB_index_3 [13] 
20141123,20141203,20141205,20141206,20141207,20141208,20141209,20141214,20141215,20141216,20141217,20141219,20141220,20141221,20141222,20141223,20141224,20141225,20141227,20150101,20150102 
