======== Current: 20141227 ========= 
Number is 01 
G.7.1_index_2_VS_G.2.1_index_4 [1] PLUS 1 
20141115,20141119,20141120,20141121,20141123,20141124,20141125,20141126,20141128,20141129,20141201,20141204,20141207,20141210,20141212,20141214,20141215,20141216,20141217,20141218,20141219,20141221,20141222,20141223,20141224,20141225,20141226,20141227,20141229 
Number is 04 
G.7.1_index_2_VS_G.3.2_index_2 [2] PLUS 1 
20141120,20141123,20141124,20141126,20141128,20141129,20141204,20141208,20141210,20141212,20141220,20141221,20141222,20141223,20141224,20141225,20141226,20141227,20141231,20150102 
Number is 06 
G.7.1_index_2_VS_G.4.2_index_4 [3] PLUS 1 
20141115,20141118,20141120,20141122,20141123,20141124,20141125,20141126,20141128,20141129,20141203,20141205,20141212,20141215,20141216,20141217,20141221,20141222,20141223,20141224,20141225,20141226,20141227 
G.5.2_index_3_VS_G.3.1_index_5 [4] PLUS 1 
20141115,20141117,20141119,20141121,20141123,20141124,20141125,20141129,20141204,20141205,20141206,20141208,20141217,20141219,20141221,20141222,20141223,20141224,20141225,20141226,20141227,20141228,20150101,20150102 
Number is 09 
G.5.2_index_3_VS_G.3.4_index_2 [5] 
20141115,20141116,20141118,20141119,20141120,20141124,20141125,20141126,20141201,20141203,20141204,20141208,20141209,20141211,20141212,20141213,20141215,20141216,20141217,20141220,20141221,20141222,20141223,20141224,20141225,20141226,20141228,20150101 
Number is 14 
G.5.5_index_4_VS_G.5.4_index_4 [6] PLUS 1 
20141117,20141118,20141120,20141122,20141129,20141203,20141204,20141205,20141208,20141209,20141212,20141215,20141218,20141221,20141222,20141223,20141224,20141225,20141226,20141227,20141231,20150102 
G.3.1_index_4_VS_G.3.2_index_2 [7] PLUS 1 
20141115,20141117,20141119,20141120,20141123,20141125,20141126,20141130,20141201,20141202,20141204,20141205,20141208,20141209,20141212,20141213,20141219,20141221,20141222,20141223,20141224,20141225,20141226,20141227,20141229,20141231,20150101,20150102 
Number is 16 
G.5.4_index_1_VS_G.3.1_index_5 [8] 
20141117,20141120,20141124,20141128,20141129,20141203,20141204,20141205,20141209,20141210,20141213,20141214,20141215,20141221,20141222,20141223,20141224,20141225,20141226,20150101,20150102 
Number is 21 
G.4.3_index_3_VS_G.5.5_index_4 [9] PLUS 1 
20141118,20141120,20141121,20141123,20141127,20141130,20141202,20141204,20141208,20141209,20141210,20141211,20141212,20141214,20141217,20141218,20141221,20141222,20141223,20141224,20141225,20141226,20141227,20141229 
G.2.2_index_3_VS_G.5.5_index_4 [10] PLUS 1 
20141118,20141127,20141128,20141201,20141202,20141204,20141205,20141207,20141209,20141210,20141211,20141216,20141218,20141221,20141222,20141223,20141224,20141225,20141226,20141227,20141228,20141229,20150101 
Number is 24 
G.4.3_index_3_VS_G.3.2_index_2 [11] PLUS 1 
20141115,20141117,20141118,20141119,20141120,20141125,20141126,20141127,20141130,20141203,20141205,20141208,20141209,20141215,20141217,20141218,20141220,20141221,20141222,20141223,20141224,20141225,20141226,20141227,20150101 
Number is 26 
G.4.3_index_3_VS_G.4.2_index_4 [12] 
20141117,20141118,20141119,20141120,20141124,20141125,20141126,20141128,20141129,20141130,20141202,20141207,20141209,20141210,20141212,20141215,20141216,20141218,20141221,20141222,20141223,20141224,20141225,20141226,20141230,20141231 
G.2.2_index_3_VS_G.4.2_index_4 [13] 
20141117,20141119,20141122,20141123,20141128,20141129,20141201,20141202,20141203,20141205,20141207,20141208,20141210,20141212,20141215,20141216,20141217,20141221,20141222,20141223,20141224,20141225,20141226,20141230,20150101 
Number is 28 
G.4.3_index_3_VS_G.3.1_index_1 [14] 
20141115,20141120,20141124,20141128,20141202,20141205,20141208,20141209,20141211,20141212,20141216,20141217,20141218,20141219,20141221,20141222,20141223,20141224,20141225,20141226,20150102 
G.7.4_index_1_VS_G.4.1_index_4 [15] 
20141119,20141120,20141122,20141127,20141129,20141202,20141204,20141205,20141207,20141208,20141209,20141211,20141212,20141213,20141216,20141217,20141221,20141222,20141223,20141224,20141225,20141226,20141228,20141229,20150101 
Number is 30 
G.3.6_index_1_VS_G.7.2_index_1 [16] PLUS 1 
20141115,20141117,20141121,20141123,20141128,20141129,20141202,20141203,20141204,20141205,20141207,20141208,20141210,20141213,20141214,20141216,20141217,20141221,20141222,20141223,20141224,20141225,20141226,20141227,20141230,20150101,20150102 
Number is 51 
G.2.1_index_2_VS_G.3.5_index_2 [17] 
20141118,20141120,20141124,20141129,20141204,20141205,20141206,20141210,20141211,20141213,20141217,20141220,20141221,20141222,20141223,20141224,20141225,20141226,20141228,20141229,20141231,20150101,20150102 
Number is 61 
G.4.2_index_4_VS_G.5.4_index_1 [18] 
20141115,20141116,20141124,20141126,20141128,20141207,20141208,20141213,20141214,20141216,20141218,20141221,20141222,20141223,20141224,20141225,20141226,20141229,20141230,20141231,20150101,20150102 
Number is 63 
G.4.2_index_1_VS_G.3.6_index_1 [19] PLUS 1 
20141119,20141121,20141123,20141124,20141127,20141202,20141205,20141208,20141209,20141219,20141221,20141222,20141223,20141224,20141225,20141226,20141227,20141230 
Number is 64 
G.7.2_index_2_VS_G.3.2_index_2 [20] PLUS 1 
20141115,20141120,20141122,20141126,20141127,20141128,20141204,20141208,20141210,20141214,20141215,20141216,20141220,20141221,20141222,20141223,20141224,20141225,20141226,20141227,20141229,20141231,20150102 
G.7.2_index_2_VS_G.2.1_index_3 [21] PLUS 1 
20141115,20141120,20141124,20141126,20141128,20141203,20141207,20141212,20141214,20141215,20141216,20141219,20141221,20141222,20141223,20141224,20141225,20141226,20141227,20141231,20150101 
Number is 66 
G.3.1_index_5_VS_G.4.1_index_1 [22] 
20141117,20141125,20141201,20141202,20141208,20141209,20141210,20141214,20141216,20141217,20141219,20141221,20141222,20141223,20141224,20141225,20141226,20141230,20150101 
Number is 68 
G.3.1_index_5_VS_G.3.1_index_1 [23] 
20141123,20141128,20141129,20141201,20141202,20141204,20141206,20141207,20141209,20141211,20141212,20141213,20141215,20141217,20141219,20141220,20141221,20141222,20141223,20141224,20141225,20141226,20150101 
Number is 73 
G.1.1_index_5_VS_G.4.1_index_2 [24] PLUS 1 
20141118,20141119,20141120,20141122,20141125,20141127,20141130,20141202,20141204,20141208,20141210,20141211,20141212,20141214,20141221,20141222,20141223,20141224,20141225,20141226,20141227,20141228,20141229,20150102 
Number is 76 
G.1.1_index_5_VS_G.3.1_index_5 [25] 
20141127,20141128,20141129,20141201,20141202,20141203,20141204,20141209,20141212,20141213,20141215,20141217,20141221,20141222,20141223,20141224,20141225,20141226,20141229,20141231,20150102 
Number is 82 
G.3.5_index_3_VS_G.4.3_index_3 [26] 
20141116,20141117,20141123,20141125,20141126,20141127,20141128,20141130,20141204,20141205,20141206,20141209,20141210,20141211,20141212,20141216,20141217,20141218,20141221,20141222,20141223,20141224,20141225,20141226,20141229,20141230 
Number is 85 
G.4.1_index_4_VS_G.1.1_index_3 [27] PLUS 1 
20141115,20141116,20141119,20141123,20141125,20141202,20141203,20141205,20141207,20141208,20141209,20141211,20141216,20141218,20141220,20141221,20141222,20141223,20141224,20141225,20141226,20141227,20141229,20141230,20141231,20150101 
Number is 89 
G.4.1_index_4_VS_G.3.4_index_5 [28] 
20141115,20141123,20141125,20141126,20141130,20141202,20141204,20141205,20141209,20141212,20141216,20141221,20141222,20141223,20141224,20141225,20141226,20141228,20150102 
Number is 90 
G.4.4_index_3_VS_G.7.1_index_2 [29] 
20141116,20141118,20141120,20141121,20141123,20141124,20141125,20141126,20141127,20141128,20141203,20141206,20141207,20141208,20141215,20141217,20141219,20141221,20141222,20141223,20141224,20141225,20141226,20141230,20150102 
Number is 91 
G.DB_index_1_VS_G.3.1_index_4 [30] 
20141116,20141117,20141121,20141122,20141123,20141205,20141206,20141207,20141208,20141211,20141212,20141213,20141215,20141221,20141222,20141223,20141224,20141225,20141226,20141230,20150101,20150102 
Number is 92 
G.DB_index_1_VS_G.4.3_index_3 [31] PLUS 1 
20141116,20141117,20141118,20141121,20141128,20141202,20141203,20141204,20141206,20141207,20141208,20141211,20141213,20141214,20141215,20141218,20141219,20141221,20141222,20141223,20141224,20141225,20141226,20141227,20141228,20141229,20150101 
