======== Current: 20141228 ========= 
Number is 05 
G.7.3_index_1_VS_G.7.2_index_2 [1] 
20141115,20141117,20141119,20141120,20141121,20141126,20141127,20141128,20141203,20141206,20141207,20141209,20141210,20141212,20141214,20141216,20141218,20141219,20141222,20141223,20141224,20141225,20141226,20141227,20150101 
Number is 06 
G.3.2_index_2_VS_G.3.6_index_1 [2] 
20141117,20141127,20141203,20141209,20141213,20141214,20141216,20141222,20141223,20141224,20141225,20141226,20141227,20141229,20141231,20150101,20150102 
Number is 07 
G.7.3_index_1_VS_G.4.3_index_1 [3] PLUS 1 
20141115,20141116,20141117,20141119,20141120,20141122,20141124,20141125,20141126,20141127,20141128,20141201,20141205,20141207,20141212,20141214,20141218,20141222,20141223,20141224,20141225,20141226,20141227,20141228,20141230,20141231 
G.5.2_index_3_VS_G.3.1_index_5 [4] PLUS 1 
20141115,20141117,20141119,20141121,20141123,20141124,20141125,20141129,20141204,20141205,20141206,20141208,20141217,20141219,20141221,20141222,20141223,20141224,20141225,20141226,20141227,20141228,20150101,20150102 
Number is 25 
G.2.2_index_1_VS_G.7.1_index_2 [5] 
20141115,20141118,20141120,20141123,20141124,20141125,20141126,20141127,20141129,20141130,20141203,20141205,20141207,20141210,20141212,20141214,20141220,20141222,20141223,20141224,20141225,20141226,20141227,20141230,20141231 
Number is 26 
G.2.2_index_1_VS_G.6.3_index_2 [6] 
20141119,20141121,20141122,20141124,20141125,20141201,20141203,20141205,20141210,20141212,20141214,20141215,20141216,20141218,20141222,20141223,20141224,20141225,20141226,20141227,20141230,20141231 
Number is 27 
G.2.2_index_1_VS_G.4.2_index_4 [7] 
20141115,20141117,20141118,20141120,20141122,20141126,20141127,20141129,20141203,20141206,20141207,20141212,20141213,20141216,20141217,20141218,20141222,20141223,20141224,20141225,20141226,20141227,20141230,20141231,20150101 
Number is 35 
G.7.2_index_1_VS_G.7.2_index_2 [8] PLUS 1 
20141117,20141119,20141120,20141121,20141125,20141126,20141129,20141130,20141203,20141204,20141209,20141214,20141215,20141218,20141222,20141223,20141224,20141225,20141226,20141227,20141228,20141230,20150102 
Number is 37 
G.7.2_index_1_VS_G.4.3_index_1 [9] PLUS 1 
20141117,20141118,20141119,20141120,20141122,20141126,20141128,20141129,20141130,20141204,20141206,20141207,20141210,20141211,20141216,20141218,20141222,20141223,20141224,20141225,20141226,20141227,20141228,20141229,20141230,20141231,20150101,20150102 
Number is 38 
G.5.5_index_2_VS_G.5.1_index_1 [10] PLUS 1 
20141115,20141118,20141122,20141201,20141203,20141205,20141206,20141207,20141208,20141212,20141214,20141215,20141216,20141217,20141222,20141223,20141224,20141225,20141226,20141227,20141228,20141230,20150101 
G.5.5_index_2_VS_G.3.1_index_2 [11] PLUS 1 
20141116,20141117,20141118,20141120,20141121,20141124,20141125,20141126,20141201,20141203,20141205,20141207,20141208,20141211,20141214,20141215,20141216,20141220,20141222,20141223,20141224,20141225,20141226,20141227,20141228,20141229 
G.3.6_index_4_VS_G.4.1_index_4 [12] PLUS 1 
20141118,20141119,20141121,20141123,20141124,20141126,20141203,20141207,20141209,20141212,20141213,20141214,20141220,20141222,20141223,20141224,20141225,20141226,20141227,20141228,20141229,20141231 
Number is 50 
G.7.1_index_2_VS_G.3.2_index_2 [13] 
20141120,20141123,20141124,20141126,20141128,20141129,20141204,20141208,20141210,20141212,20141220,20141221,20141222,20141223,20141224,20141225,20141226,20141227,20141231,20150102 
G.7.1_index_2_VS_G.2.1_index_4 [14] 
20141115,20141119,20141120,20141121,20141123,20141124,20141125,20141126,20141128,20141129,20141201,20141204,20141207,20141210,20141212,20141214,20141215,20141216,20141217,20141218,20141219,20141221,20141222,20141223,20141224,20141225,20141226,20141227,20141229 
G.7.2_index_2_VS_G.3.2_index_2 [15] 
20141115,20141120,20141122,20141126,20141127,20141128,20141204,20141208,20141210,20141214,20141215,20141216,20141220,20141221,20141222,20141223,20141224,20141225,20141226,20141227,20141229,20141231,20150102 
Number is 52 
G.5.6_index_4_VS_G.3.3_index_3 [16] 
20141121,20141126,20141129,20141130,20141201,20141204,20141207,20141210,20141212,20141213,20141220,20141222,20141223,20141224,20141225,20141226,20141227,20141230,20150101 
Number is 57 
G.7.1_index_2_VS_G.4.2_index_4 [17] 
20141115,20141118,20141120,20141122,20141123,20141124,20141125,20141126,20141128,20141129,20141203,20141205,20141212,20141215,20141216,20141217,20141221,20141222,20141223,20141224,20141225,20141226,20141227 
Number is 58 
G.7.2_index_2_VS_G.2.1_index_3 [18] 
20141115,20141120,20141124,20141126,20141128,20141203,20141207,20141212,20141214,20141215,20141216,20141219,20141221,20141222,20141223,20141224,20141225,20141226,20141227,20141231,20150101 
Number is 60 
G.4.3_index_3_VS_G.3.2_index_2 [19] 
20141115,20141117,20141118,20141119,20141120,20141125,20141126,20141127,20141130,20141203,20141205,20141208,20141209,20141215,20141217,20141218,20141220,20141221,20141222,20141223,20141224,20141225,20141226,20141227,20150101 
Number is 63 
G.3.6_index_1_VS_G.7.2_index_1 [20] 
20141115,20141117,20141121,20141123,20141128,20141129,20141202,20141203,20141204,20141205,20141207,20141208,20141210,20141213,20141214,20141216,20141217,20141221,20141222,20141223,20141224,20141225,20141226,20141227,20141230,20150101,20150102 
Number is 66 
G.DB_index_1_VS_G.4.3_index_3 [21] PLUS 1 
20141116,20141117,20141118,20141121,20141128,20141202,20141203,20141204,20141206,20141207,20141208,20141211,20141213,20141214,20141215,20141218,20141219,20141221,20141222,20141223,20141224,20141225,20141226,20141227,20141228,20141229,20150101 
Number is 69 
G.4.3_index_3_VS_G.5.5_index_4 [22] 
20141118,20141120,20141121,20141123,20141127,20141130,20141202,20141204,20141208,20141209,20141210,20141211,20141212,20141214,20141217,20141218,20141221,20141222,20141223,20141224,20141225,20141226,20141227,20141229 
Number is 70 
G.2.1_index_2_VS_G.3.2_index_2 [23] PLUS 1 
20141123,20141125,20141126,20141127,20141130,20141207,20141208,20141212,20141213,20141214,20141215,20141220,20141222,20141223,20141224,20141225,20141226,20141227,20141228,20141229,20150101 
G.4.3_index_1_VS_G.2.2_index_4 [24] PLUS 1 
20141119,20141126,20141127,20141128,20141129,20141130,20141202,20141203,20141205,20141207,20141211,20141215,20141218,20141222,20141223,20141224,20141225,20141226,20141227,20141228,20141230,20141231,20150101,20150102 
Number is 78 
G.4.2_index_4_VS_G.5.1_index_1 [25] PLUS 1 
20141115,20141116,20141117,20141118,20141119,20141120,20141122,20141128,20141129,20141201,20141205,20141206,20141207,20141211,20141212,20141213,20141217,20141218,20141222,20141223,20141224,20141225,20141226,20141227,20141228,20141230,20150101,20150102 
Number is 81 
G.4.1_index_4_VS_G.1.1_index_3 [26] 
20141115,20141116,20141119,20141123,20141125,20141202,20141203,20141205,20141207,20141208,20141209,20141211,20141216,20141218,20141220,20141221,20141222,20141223,20141224,20141225,20141226,20141227,20141229,20141230,20141231,20150101 
Number is 90 
G.3.1_index_4_VS_G.3.2_index_2 [27] 
20141115,20141117,20141119,20141120,20141123,20141125,20141126,20141130,20141201,20141202,20141204,20141205,20141208,20141209,20141212,20141213,20141219,20141221,20141222,20141223,20141224,20141225,20141226,20141227,20141229,20141231,20150101,20150102 
Number is 96 
G.5.5_index_4_VS_G.5.4_index_4 [28] 
20141117,20141118,20141120,20141122,20141129,20141203,20141204,20141205,20141208,20141209,20141212,20141215,20141218,20141221,20141222,20141223,20141224,20141225,20141226,20141227,20141231,20150102 
G.4.2_index_1_VS_G.3.6_index_1 [29] 
20141119,20141121,20141123,20141124,20141127,20141202,20141205,20141208,20141209,20141219,20141221,20141222,20141223,20141224,20141225,20141226,20141227,20141230 
Number is 98 
G.5.5_index_4_VS_G.5.1_index_1 [30] PLUS 1 
20141115,20141122,20141123,20141127,20141201,20141203,20141205,20141206,20141207,20141209,20141213,20141215,20141217,20141218,20141222,20141223,20141224,20141225,20141226,20141227,20141228,20141229,20150102 
Number is 99 
G.1.1_index_5_VS_G.4.1_index_2 [31] PLUS 1 
20141118,20141119,20141120,20141122,20141125,20141127,20141130,20141202,20141204,20141208,20141210,20141211,20141212,20141214,20141221,20141222,20141223,20141224,20141225,20141226,20141227,20141228,20141229,20150102 
G.2.2_index_3_VS_G.5.5_index_4 [32] PLUS 1 
20141118,20141127,20141128,20141201,20141202,20141204,20141205,20141207,20141209,20141210,20141211,20141216,20141218,20141221,20141222,20141223,20141224,20141225,20141226,20141227,20141228,20141229,20150101 
