======== Current: 20120814 ========= 
Number is 03 
G.2.2_index_5_VS_G.4.4_index_1 [1] 
20120723,20120725,20120729,20120731,20120802,20120804,20120806,20120808,20120809,20120810,20120811,20120812,20120813,20120815,20120816,20120821,20120824,20120827,20120828,20120831 
Number is 06 
G.6.2_index_2_VS_G.6.3_index_3 [2] PLUS 1 
20120720,20120726,20120727,20120729,20120803,20120805,20120807,20120808,20120809,20120810,20120811,20120812,20120813,20120814,20120816,20120821,20120823,20120825,20120827,20120830 
Number is 09 
G.3.5_index_5_VS_G.3.1_index_1 [3] 
20120720,20120721,20120724,20120725,20120726,20120727,20120728,20120729,20120807,20120808,20120809,20120810,20120811,20120812,20120813,20120815,20120816,20120818,20120820,20120823,20120824,20120825,20120827 
Number is 13 
G.3.6_index_2_VS_G.5.4_index_1 [4] PLUS 1 
20120722,20120723,20120725,20120726,20120727,20120730,20120731,20120801,20120802,20120804,20120807,20120808,20120809,20120810,20120811,20120812,20120813,20120814,20120815,20120819,20120820,20120825,20120829,20120831 
Number is 14 
G.3.1_index_5_VS_G.4.4_index_4 [5] 
20120721,20120725,20120726,20120803,20120806,20120808,20120809,20120810,20120811,20120812,20120813,20120815,20120818,20120824,20120826,20120827,20120830 
Number is 16 
G.5.5_index_1_VS_G.5.3_index_3 [6] 
20120720,20120722,20120801,20120803,20120805,20120806,20120807,20120808,20120809,20120810,20120811,20120812,20120813,20120818,20120819,20120821,20120826,20120901 
Number is 24 
G.3.2_index_4_VS_G.5.4_index_4 [7] 
20120722,20120723,20120724,20120725,20120727,20120728,20120729,20120805,20120806,20120808,20120809,20120810,20120811,20120812,20120813,20120816,20120817,20120818,20120820,20120822,20120827,20120828,20120829,20120830,20120901 
Number is 28 
G.4.3_index_4_VS_G.3.3_index_2 [8] 
20120720,20120722,20120723,20120724,20120727,20120731,20120802,20120805,20120807,20120808,20120809,20120810,20120811,20120812,20120813,20120818,20120822,20120824,20120825,20120826,20120827,20120831,20120901 
Number is 29 
G.4.4_index_2_VS_G.2.1_index_5 [9] PLUS 1 
20120720,20120722,20120724,20120726,20120727,20120728,20120808,20120809,20120810,20120811,20120812,20120813,20120814,20120815,20120817,20120820,20120821,20120824,20120825,20120826 
Number is 31 
G.6.3_index_1_VS_G.5.5_index_1 [10] PLUS 1 
20120722,20120725,20120726,20120727,20120729,20120731,20120801,20120805,20120808,20120809,20120810,20120811,20120812,20120813,20120814,20120822,20120827,20120828,20120830 
Number is 32 
G.5.5_index_2_VS_G.3.3_index_1 [11] 
20120721,20120722,20120725,20120727,20120729,20120730,20120731,20120801,20120805,20120808,20120809,20120810,20120811,20120812,20120813,20120815,20120816,20120819,20120822,20120825,20120826,20120829,20120831,20120901 
Number is 36 
G.7.2_index_2_VS_G.5.2_index_4 [12] 
20120720,20120721,20120722,20120728,20120803,20120805,20120806,20120808,20120809,20120810,20120811,20120812,20120813,20120817,20120818,20120821,20120826,20120827,20120830,20120831,20120901 
Number is 38 
G.7.2_index_2_VS_G.5.6_index_2 [13] 
20120720,20120723,20120724,20120730,20120806,20120808,20120809,20120810,20120811,20120812,20120813,20120824,20120826,20120830,20120901 
Number is 39 
G.5.5_index_2_VS_G.5.6_index_4 [14] 
20120724,20120727,20120729,20120730,20120731,20120806,20120808,20120809,20120810,20120811,20120812,20120813,20120819,20120822,20120823,20120824,20120826,20120831 
Number is 40 
G.4.4_index_3_VS_G.7.3_index_1 [15] 
20120720,20120722,20120725,20120729,20120804,20120806,20120807,20120808,20120809,20120810,20120811,20120812,20120813,20120815,20120816,20120818,20120819,20120822,20120828,20120830 
Number is 48 
G.7.3_index_2_VS_G.3.3_index_2 [16] PLUS 1 
20120721,20120722,20120724,20120726,20120728,20120729,20120730,20120731,20120805,20120807,20120808,20120809,20120810,20120811,20120812,20120813,20120814,20120815,20120816,20120817,20120818,20120819,20120820,20120821,20120823,20120826 
Number is 58 
G.7.1_index_2_VS_G.6.2_index_1 [17] 
20120721,20120722,20120723,20120726,20120729,20120731,20120802,20120804,20120806,20120808,20120809,20120810,20120811,20120812,20120813,20120816,20120823,20120824,20120830,20120831 
Number is 60 
G.5.2_index_4_VS_G.7.3_index_1 [18] PLUS 1 
20120723,20120724,20120730,20120802,20120807,20120808,20120809,20120810,20120811,20120812,20120813,20120814,20120815,20120816,20120817,20120819,20120820,20120821,20120823,20120824,20120826,20120827,20120830 
Number is 78 
G.6.1_index_3_VS_G.5.6_index_1 [19] 
20120721,20120722,20120723,20120724,20120725,20120726,20120728,20120730,20120731,20120802,20120803,20120805,20120806,20120807,20120808,20120809,20120810,20120811,20120812,20120813,20120816,20120819,20120822,20120823,20120824,20120828,20120829,20120831 
Number is 82 
G.6.2_index_1_VS_G.3.6_index_4 [20] 
20120723,20120729,20120731,20120802,20120803,20120804,20120805,20120806,20120807,20120808,20120809,20120810,20120811,20120812,20120813,20120816,20120817,20120818,20120823,20120824,20120826,20120827,20120829,20120830 
Number is 86 
G.5.6_index_1_VS_G.6.3_index_3 [21] PLUS 1 
20120723,20120724,20120725,20120726,20120729,20120730,20120802,20120807,20120808,20120809,20120810,20120811,20120812,20120813,20120814,20120815,20120818,20120821,20120823,20120824,20120825,20120827,20120831 
Number is 89 
G.5.6_index_1_VS_G.5.6_index_4 [22] 
20120721,20120727,20120729,20120801,20120805,20120806,20120807,20120808,20120809,20120810,20120811,20120812,20120813,20120815,20120817,20120818,20120824,20120901 
Number is 93 
G.3.5_index_4_VS_G.5.4_index_1 [23] 
20120720,20120721,20120722,20120723,20120726,20120727,20120729,20120731,20120801,20120803,20120806,20120808,20120809,20120810,20120811,20120812,20120813,20120817,20120822,20120823,20120825,20120829,20120831 
Number is 94 
G.5.6_index_4_VS_G.3.3_index_4 [24] 
20120720,20120722,20120723,20120726,20120727,20120729,20120730,20120731,20120802,20120804,20120807,20120808,20120809,20120810,20120811,20120812,20120813,20120815,20120816,20120824,20120829,20120831 
