======== Current: 20120819 ========= 
Number is 05 
G.DB_index_2_VS_G.5.5_index_3 [1] PLUS 1 
20120720,20120721,20120722,20120730,20120801,20120802,20120806,20120810,20120812,20120813,20120814,20120815,20120816,20120817,20120818,20120819,20120820,20120821,20120826,20120827,20120828,20120830 
Number is 11 
G.6.1_index_2_VS_G.3.6_index_2 [2] 
20120725,20120730,20120731,20120802,20120803,20120804,20120808,20120813,20120814,20120815,20120816,20120817,20120818,20120824,20120825,20120826,20120827,20120829,20120830,20120901 
Number is 15 
G.6.1_index_2_VS_G.2.1_index_2 [3] PLUS 1 
20120722,20120725,20120728,20120729,20120801,20120802,20120803,20120808,20120810,20120813,20120814,20120815,20120816,20120817,20120818,20120819,20120820,20120822,20120824,20120825,20120826,20120827,20120828,20120829,20120830 
Number is 19 
G.3.6_index_2_VS_G.3.4_index_5 [4] 
20120720,20120726,20120727,20120801,20120803,20120804,20120807,20120808,20120809,20120811,20120813,20120814,20120815,20120816,20120817,20120818,20120823,20120826,20120827,20120828,20120901 
Number is 27 
G.7.3_index_2_VS_G.3.3_index_2 [5] PLUS 1 
20120721,20120722,20120724,20120726,20120728,20120729,20120730,20120731,20120805,20120807,20120808,20120809,20120810,20120811,20120812,20120813,20120814,20120815,20120816,20120817,20120818,20120819,20120820,20120821,20120823,20120826 
Number is 30 
G.4.3_index_1_VS_G.3.6_index_3 [6] 
20120722,20120725,20120727,20120728,20120730,20120802,20120803,20120806,20120807,20120809,20120813,20120814,20120815,20120816,20120817,20120818,20120820,20120829 
Number is 31 
G.3.3_index_4_VS_G.4.1_index_2 [7] PLUS 1 
20120722,20120723,20120725,20120726,20120727,20120728,20120801,20120802,20120806,20120813,20120814,20120815,20120816,20120817,20120818,20120819,20120820,20120821,20120825,20120831 
Number is 32 
G.7.2_index_2_VS_G.7.4_index_1 [8] PLUS 1 
20120722,20120804,20120805,20120806,20120807,20120808,20120809,20120811,20120812,20120813,20120814,20120815,20120816,20120817,20120818,20120819,20120823,20120824,20120826,20120828,20120831 
Number is 40 
G.5.4_index_4_VS_G.2.1_index_4 [9] 
20120720,20120723,20120724,20120726,20120727,20120729,20120730,20120803,20120808,20120810,20120813,20120814,20120815,20120816,20120817,20120818,20120820,20120822,20120823,20120824,20120825,20120826,20120828,20120829 
Number is 41 
G.DB_index_1_VS_G.6.1_index_2 [10] PLUS 1 
20120720,20120721,20120723,20120726,20120727,20120801,20120804,20120807,20120808,20120809,20120812,20120813,20120814,20120815,20120816,20120817,20120818,20120819,20120824 
Number is 44 
G.3.5_index_2_VS_G.5.4_index_4 [11] 
20120721,20120725,20120729,20120730,20120803,20120805,20120808,20120810,20120811,20120813,20120814,20120815,20120816,20120817,20120818,20120822,20120825,20120826,20120830,20120831,20120901 
Number is 47 
G.2.1_index_3_VS_G.5.4_index_3 [12] 
20120721,20120724,20120728,20120729,20120730,20120801,20120803,20120805,20120813,20120814,20120815,20120816,20120817,20120818,20120820,20120823,20120824,20120829,20120830,20120831 
Number is 52 
G.3.3_index_3_VS_G.7.3_index_2 [13] PLUS 1 
20120721,20120722,20120728,20120730,20120801,20120804,20120806,20120812,20120813,20120814,20120815,20120816,20120817,20120818,20120819,20120821,20120823,20120830,20120901 
G.3.2_index_2_VS_G.2.2_index_2 [14] PLUS 1 
20120724,20120726,20120729,20120730,20120731,20120801,20120802,20120803,20120807,20120808,20120811,20120813,20120814,20120815,20120816,20120817,20120818,20120819,20120823,20120825,20120826,20120828,20120829,20120830,20120831,20120901 
Number is 54 
G.5.2_index_2_VS_G.3.5_index_5 [15] 
20120728,20120731,20120802,20120804,20120806,20120808,20120812,20120813,20120814,20120815,20120816,20120817,20120818,20120824,20120826,20120827 
G.4.1_index_3_VS_G.3.6_index_5 [16] 
20120721,20120724,20120725,20120730,20120803,20120812,20120813,20120814,20120815,20120816,20120817,20120818,20120825,20120829,20120831 
Number is 86 
G.4.4_index_2_VS_G.7.3_index_1 [17] 
20120721,20120723,20120724,20120725,20120730,20120731,20120803,20120804,20120809,20120813,20120814,20120815,20120816,20120817,20120818,20120822,20120824,20120827,20120828,20120830 
Number is 92 
G.3.4_index_5_VS_G.7.1_index_1 [18] 
20120720,20120722,20120723,20120730,20120731,20120801,20120807,20120809,20120813,20120814,20120815,20120816,20120817,20120818,20120823,20120824,20120825,20120901 
Number is 95 
G.3.4_index_5_VS_G.2.1_index_2 [19] 
20120720,20120721,20120726,20120728,20120730,20120731,20120801,20120803,20120811,20120813,20120814,20120815,20120816,20120817,20120818,20120820,20120821,20120824,20120826,20120827,20120828 
