======== Current: 20120829 ========= 
Number is 02 
G.5.1_index_1_VS_G.5.4_index_3 [1] PLUS 1 
20120722,20120724,20120726,20120728,20120729,20120801,20120803,20120814,20120823,20120824,20120825,20120826,20120827,20120828,20120829,20120830 
Number is 05 
G.5.6_index_1_VS_G.3.2_index_1 [2] 
20120721,20120722,20120726,20120729,20120802,20120807,20120809,20120811,20120812,20120813,20120815,20120818,20120820,20120822,20120823,20120824,20120825,20120826,20120827,20120828,20120901 
G.5.6_index_4_VS_G.5.2_index_4 [3] 
20120722,20120723,20120726,20120730,20120731,20120802,20120803,20120805,20120809,20120811,20120814,20120817,20120818,20120821,20120823,20120824,20120825,20120826,20120827,20120828,20120830,20120831 
Number is 08 
G.6.3_index_3_VS_G.4.1_index_3 [4] 
20120721,20120722,20120726,20120728,20120729,20120730,20120804,20120808,20120810,20120811,20120813,20120814,20120818,20120819,20120823,20120824,20120825,20120826,20120827,20120828 
Number is 14 
G.3.6_index_5_VS_G.2.1_index_1 [5] 
20120720,20120721,20120722,20120723,20120724,20120728,20120801,20120804,20120807,20120809,20120813,20120814,20120823,20120824,20120825,20120826,20120827,20120828,20120831 
Number is 16 
G.DB_index_3_VS_G.3.4_index_3 [6] PLUS 1 
20120725,20120731,20120801,20120802,20120807,20120808,20120810,20120811,20120812,20120813,20120814,20120816,20120822,20120823,20120824,20120825,20120826,20120827,20120828,20120829,20120901 
Number is 22 
G.5.4_index_3_VS_G.3.2_index_5 [7] 
20120720,20120723,20120725,20120726,20120728,20120731,20120806,20120809,20120810,20120813,20120820,20120823,20120824,20120825,20120826,20120827,20120828,20120831 
Number is 24 
G.3.4_index_2_VS_G.3.5_index_2 [8] PLUS 1 
20120720,20120724,20120727,20120728,20120803,20120804,20120806,20120807,20120808,20120809,20120816,20120817,20120822,20120823,20120824,20120825,20120826,20120827,20120828,20120829,20120830,20120901 
Number is 28 
G.3.4_index_1_VS_G.5.2_index_3 [9] PLUS 1 
20120726,20120731,20120801,20120803,20120805,20120807,20120813,20120814,20120815,20120818,20120820,20120823,20120824,20120825,20120826,20120827,20120828,20120829,20120830 
G.6.3_index_1_VS_G.6.2_index_1 [10] PLUS 1 
20120720,20120721,20120729,20120801,20120804,20120805,20120811,20120812,20120813,20120816,20120817,20120819,20120820,20120822,20120823,20120824,20120825,20120826,20120827,20120828,20120829,20120901 
Number is 29 
G.3.6_index_1_VS_G.3.5_index_1 [11] PLUS 1 
20120722,20120725,20120802,20120803,20120809,20120813,20120815,20120818,20120823,20120824,20120825,20120826,20120827,20120828,20120829,20120901 
Number is 37 
G.7.3_index_1_VS_G.3.5_index_4 [12] 
20120721,20120723,20120724,20120729,20120804,20120807,20120810,20120813,20120818,20120821,20120822,20120823,20120824,20120825,20120826,20120827,20120828,20120830,20120831 
Number is 43 
G.2.2_index_1_VS_G.6.3_index_2 [13] 
20120722,20120724,20120725,20120726,20120801,20120802,20120803,20120808,20120818,20120819,20120820,20120823,20120824,20120825,20120826,20120827,20120828,20120830 
Number is 47 
G.3.5_index_2_VS_G.3.6_index_2 [14] PLUS 1 
20120724,20120727,20120730,20120731,20120801,20120803,20120804,20120808,20120814,20120816,20120818,20120819,20120823,20120824,20120825,20120826,20120827,20120828,20120829 
Number is 51 
G.2.1_index_2_VS_G.5.3_index_4 [15] PLUS 1 
20120722,20120725,20120730,20120806,20120807,20120808,20120811,20120812,20120816,20120819,20120821,20120823,20120824,20120825,20120826,20120827,20120828,20120829,20120901 
Number is 52 
G.5.2_index_4_VS_G.3.3_index_4 [16] 
20120721,20120723,20120727,20120729,20120730,20120801,20120802,20120803,20120807,20120809,20120810,20120813,20120816,20120817,20120818,20120820,20120821,20120823,20120824,20120825,20120826,20120827,20120828,20120901 
G.5.2_index_2_VS_G.5.4_index_3 [17] 
20120720,20120731,20120804,20120805,20120807,20120808,20120818,20120823,20120824,20120825,20120826,20120827,20120828,20120830 
Number is 55 
G.7.2_index_2_VS_G.5.3_index_1 [18] 
20120720,20120723,20120728,20120730,20120801,20120805,20120806,20120812,20120813,20120820,20120823,20120824,20120825,20120826,20120827,20120828,20120830 
G.DB_index_2_VS_G.7.4_index_1 [19] 
20120720,20120721,20120724,20120727,20120728,20120729,20120802,20120805,20120806,20120807,20120808,20120809,20120812,20120814,20120816,20120819,20120822,20120823,20120824,20120825,20120826,20120827,20120828,20120830,20120901 
Number is 56 
G.5.2_index_2_VS_G.7.1_index_1 [20] 
20120722,20120723,20120724,20120725,20120727,20120730,20120731,20120801,20120802,20120803,20120806,20120807,20120808,20120809,20120810,20120815,20120819,20120820,20120821,20120823,20120824,20120825,20120826,20120827,20120828,20120901 
G.5.3_index_1_VS_G.5.1_index_4 [21] 
20120720,20120722,20120723,20120725,20120728,20120730,20120801,20120802,20120804,20120805,20120807,20120811,20120812,20120815,20120818,20120820,20120823,20120824,20120825,20120826,20120827,20120828,20120830 
Number is 57 
G.3.2_index_1_VS_G.7.4_index_2 [22] 
20120723,20120725,20120726,20120729,20120803,20120806,20120807,20120809,20120811,20120814,20120815,20120817,20120819,20120822,20120823,20120824,20120825,20120826,20120827,20120828,20120830 
Number is 58 
G.7.4_index_1_VS_G.5.2_index_3 [23] 
20120720,20120721,20120723,20120726,20120728,20120802,20120805,20120808,20120811,20120814,20120819,20120822,20120823,20120824,20120825,20120826,20120827,20120828,20120831,20120901 
Number is 59 
G.4.2_index_3_VS_G.3.6_index_4 [24] 
20120720,20120722,20120723,20120724,20120726,20120727,20120728,20120731,20120806,20120809,20120816,20120817,20120820,20120822,20120823,20120824,20120825,20120826,20120827,20120828,20120830,20120831 
Number is 60 
G.7.1_index_1_VS_G.5.1_index_1 [25] PLUS 1 
20120725,20120727,20120728,20120801,20120802,20120803,20120805,20120806,20120807,20120809,20120813,20120817,20120818,20120819,20120820,20120823,20120824,20120825,20120826,20120827,20120828,20120829,20120830,20120831,20120901 
Number is 61 
G.5.3_index_3_VS_G.2.1_index_4 [26] PLUS 1 
20120723,20120726,20120727,20120731,20120801,20120802,20120805,20120806,20120807,20120808,20120809,20120811,20120814,20120818,20120819,20120823,20120824,20120825,20120826,20120827,20120828,20120829,20120830,20120831 
G.5.1_index_4_VS_G.3.6_index_5 [27] PLUS 1 
20120726,20120728,20120730,20120803,20120809,20120811,20120812,20120815,20120816,20120817,20120818,20120821,20120823,20120824,20120825,20120826,20120827,20120828,20120829,20120831 
Number is 62 
G.7.1_index_1_VS_G.3.2_index_5 [28] PLUS 1 
20120721,20120722,20120723,20120724,20120727,20120728,20120731,20120801,20120802,20120804,20120807,20120808,20120810,20120813,20120815,20120819,20120820,20120821,20120823,20120824,20120825,20120826,20120827,20120828,20120829,20120831,20120901 
G.5.4_index_4_VS_G.6.3_index_1 [29] PLUS 1 
20120724,20120729,20120806,20120808,20120811,20120812,20120813,20120814,20120817,20120821,20120822,20120823,20120824,20120825,20120826,20120827,20120828,20120829,20120901 
Number is 70 
G.3.5_index_4_VS_G.6.3_index_3 [30] PLUS 1 
20120720,20120721,20120723,20120724,20120725,20120727,20120729,20120731,20120803,20120805,20120806,20120807,20120811,20120813,20120814,20120819,20120822,20120823,20120824,20120825,20120826,20120827,20120828,20120829,20120901 
Number is 74 
G.7.4_index_2_VS_G.2.2_index_2 [31] PLUS 1 
20120721,20120724,20120801,20120807,20120808,20120814,20120815,20120816,20120817,20120820,20120821,20120823,20120824,20120825,20120826,20120827,20120828,20120829,20120830,20120901 
Number is 78 
G.2.2_index_3_VS_G.4.2_index_1 [32] 
20120722,20120725,20120728,20120731,20120802,20120803,20120806,20120812,20120814,20120823,20120824,20120825,20120826,20120827,20120828,20120830,20120901 
G.3.5_index_4_VS_G.1.1_index_2 [33] 
20120722,20120724,20120726,20120731,20120805,20120807,20120809,20120810,20120813,20120814,20120816,20120817,20120821,20120822,20120823,20120824,20120825,20120826,20120827,20120828,20120831,20120901 
G.2.2_index_3_VS_G.3.1_index_2 [34] 
20120721,20120727,20120729,20120731,20120801,20120802,20120805,20120806,20120807,20120809,20120811,20120812,20120818,20120819,20120821,20120822,20120823,20120824,20120825,20120826,20120827,20120828,20120830,20120831,20120901 
G.7.4_index_2_VS_G.5.1_index_3 [35] 
20120722,20120723,20120726,20120727,20120731,20120802,20120804,20120807,20120808,20120815,20120816,20120820,20120823,20120824,20120825,20120826,20120827,20120828,20120901 
Number is 93 
G.4.4_index_1_VS_G.7.3_index_1 [36] 
20120721,20120723,20120724,20120727,20120729,20120806,20120810,20120812,20120813,20120816,20120818,20120819,20120821,20120823,20120824,20120825,20120826,20120827,20120828,20120831 
Number is 95 
G.4.2_index_2_VS_G.5.2_index_4 [37] 
20120721,20120722,20120724,20120725,20120728,20120730,20120731,20120801,20120804,20120807,20120808,20120811,20120817,20120819,20120820,20120822,20120823,20120824,20120825,20120826,20120827,20120828,20120830 
