======== Current: 20120830 ========= 
Number is 02 
G.DB_index_4_VS_G.3.5_index_1 [1] 
20120721,20120723,20120728,20120729,20120731,20120803,20120804,20120805,20120809,20120815,20120818,20120822,20120824,20120825,20120826,20120827,20120828,20120829 
Number is 03 
G.5.1_index_1_VS_G.5.4_index_3 [2] PLUS 1 
20120722,20120724,20120726,20120728,20120729,20120801,20120803,20120814,20120823,20120824,20120825,20120826,20120827,20120828,20120829,20120830 
Number is 09 
G.7.2_index_1_VS_G.3.3_index_5 [3] PLUS 1 
20120720,20120721,20120725,20120804,20120805,20120806,20120807,20120808,20120809,20120811,20120814,20120819,20120822,20120824,20120825,20120826,20120827,20120828,20120829,20120830 
Number is 11 
G.5.1_index_2_VS_G.4.2_index_1 [4] PLUS 1 
20120728,20120730,20120731,20120802,20120808,20120814,20120818,20120820,20120824,20120825,20120826,20120827,20120828,20120829,20120830 
Number is 14 
G.6.1_index_2_VS_G.2.1_index_2 [5] PLUS 1 
20120722,20120725,20120728,20120729,20120801,20120802,20120803,20120808,20120810,20120813,20120814,20120815,20120816,20120817,20120818,20120819,20120820,20120822,20120824,20120825,20120826,20120827,20120828,20120829,20120830 
Number is 15 
G.DB_index_3_VS_G.3.4_index_3 [6] 
20120725,20120731,20120801,20120802,20120807,20120808,20120810,20120811,20120812,20120813,20120814,20120816,20120822,20120823,20120824,20120825,20120826,20120827,20120828,20120829,20120901 
Number is 16 
G.5.1_index_2_VS_G.7.4_index_1 [7] 
20120721,20120722,20120723,20120724,20120730,20120731,20120802,20120808,20120817,20120819,20120822,20120824,20120825,20120826,20120827,20120828,20120829,20120831 
Number is 19 
G.6.1_index_2_VS_G.5.1_index_3 [8] 
20120724,20120727,20120801,20120802,20120803,20120806,20120810,20120814,20120824,20120825,20120826,20120827,20120828,20120829,20120831,20120901 
Number is 20 
G.4.4_index_2_VS_G.5.3_index_2 [9] 
20120720,20120721,20120723,20120724,20120728,20120729,20120804,20120807,20120809,20120810,20120812,20120813,20120815,20120816,20120817,20120820,20120822,20120824,20120825,20120826,20120827,20120828,20120829 
Number is 25 
G.3.3_index_1_VS_G.3.4_index_3 [10] PLUS 1 
20120724,20120727,20120728,20120801,20120807,20120811,20120813,20120824,20120825,20120826,20120827,20120828,20120829,20120830,20120831 
G.4.4_index_2_VS_G.3.4_index_3 [11] PLUS 1 
20120720,20120721,20120722,20120724,20120731,20120802,20120807,20120809,20120810,20120816,20120818,20120821,20120822,20120824,20120825,20120826,20120827,20120828,20120829,20120830,20120831 
Number is 26 
G.3.5_index_4_VS_G.6.3_index_3 [12] 
20120720,20120721,20120723,20120724,20120725,20120727,20120729,20120731,20120803,20120805,20120806,20120807,20120811,20120813,20120814,20120819,20120822,20120823,20120824,20120825,20120826,20120827,20120828,20120829,20120901 
Number is 27 
G.3.4_index_2_VS_G.3.5_index_2 [13] PLUS 1 
20120720,20120724,20120727,20120728,20120803,20120804,20120806,20120807,20120808,20120809,20120816,20120817,20120822,20120823,20120824,20120825,20120826,20120827,20120828,20120829,20120830,20120901 
Number is 29 
G.5.4_index_4_VS_G.6.3_index_1 [14] 
20120724,20120729,20120806,20120808,20120811,20120812,20120813,20120814,20120817,20120821,20120822,20120823,20120824,20120825,20120826,20120827,20120828,20120829,20120901 
Number is 39 
G.3.6_index_3_VS_G.5.1_index_3 [15] 
20120721,20120722,20120726,20120727,20120730,20120731,20120803,20120808,20120811,20120812,20120815,20120816,20120819,20120820,20120821,20120822,20120824,20120825,20120826,20120827,20120828,20120829 
Number is 40 
G.1.1_index_4_VS_G.5.6_index_4 [16] PLUS 1 
20120721,20120722,20120724,20120730,20120801,20120802,20120803,20120805,20120806,20120808,20120809,20120810,20120811,20120816,20120818,20120819,20120822,20120824,20120825,20120826,20120827,20120828,20120829,20120830,20120901 
Number is 42 
G.2.1_index_2_VS_G.5.3_index_4 [17] 
20120722,20120725,20120730,20120806,20120807,20120808,20120811,20120812,20120816,20120819,20120821,20120823,20120824,20120825,20120826,20120827,20120828,20120829,20120901 
Number is 47 
G.4.4_index_4_VS_G.3.5_index_2 [18] 
20120721,20120724,20120725,20120727,20120730,20120804,20120805,20120806,20120807,20120810,20120814,20120816,20120818,20120822,20120824,20120825,20120826,20120827,20120828,20120829,20120831,20120901 
Number is 48 
G.3.3_index_3_VS_G.5.1_index_4 [19] PLUS 1 
20120721,20120722,20120723,20120728,20120729,20120730,20120801,20120802,20120803,20120806,20120809,20120812,20120817,20120818,20120821,20120824,20120825,20120826,20120827,20120828,20120829,20120830,20120901 
Number is 55 
G.5.6_index_1_VS_G.3.4_index_3 [20] 
20120720,20120722,20120723,20120724,20120725,20120726,20120727,20120801,20120802,20120805,20120806,20120807,20120812,20120814,20120815,20120818,20120819,20120824,20120825,20120826,20120827,20120828,20120829,20120831 
Number is 56 
G.3.4_index_3_VS_G.7.1_index_1 [21] 
20120721,20120722,20120724,20120725,20120727,20120729,20120731,20120801,20120803,20120807,20120808,20120809,20120811,20120813,20120814,20120815,20120819,20120822,20120824,20120825,20120826,20120827,20120828,20120829,20120831,20120901 
Number is 60 
G.7.1_index_1_VS_G.5.1_index_1 [22] PLUS 1 
20120725,20120727,20120728,20120801,20120802,20120803,20120805,20120806,20120807,20120809,20120813,20120817,20120818,20120819,20120820,20120823,20120824,20120825,20120826,20120827,20120828,20120829,20120830,20120831,20120901 
G.7.1_index_1_VS_G.5.6_index_4 [23] PLUS 1 
20120723,20120727,20120730,20120801,20120802,20120803,20120804,20120812,20120815,20120816,20120819,20120824,20120825,20120826,20120827,20120828,20120829,20120830,20120831 
G.3.6_index_1_VS_G.7.2_index_1 [24] PLUS 1 
20120723,20120726,20120729,20120730,20120731,20120803,20120804,20120806,20120807,20120812,20120814,20120819,20120820,20120821,20120824,20120825,20120826,20120827,20120828,20120829,20120830 
Number is 62 
G.3.6_index_1_VS_G.3.5_index_1 [25] 
20120722,20120725,20120802,20120803,20120809,20120813,20120815,20120818,20120823,20120824,20120825,20120826,20120827,20120828,20120829,20120901 
Number is 64 
G.7.1_index_1_VS_G.3.2_index_5 [26] 
20120721,20120722,20120723,20120724,20120727,20120728,20120731,20120801,20120802,20120804,20120807,20120808,20120810,20120813,20120815,20120819,20120820,20120821,20120823,20120824,20120825,20120826,20120827,20120828,20120829,20120831,20120901 
Number is 65 
G.6.3_index_3_VS_G.4.1_index_4 [27] 
20120726,20120727,20120730,20120803,20120807,20120809,20120812,20120813,20120814,20120818,20120824,20120825,20120826,20120827,20120828,20120829 
Number is 70 
G.3.2_index_1_VS_G.7.2_index_1 [28] PLUS 1 
20120721,20120728,20120729,20120730,20120731,20120802,20120804,20120805,20120806,20120807,20120809,20120810,20120811,20120820,20120822,20120824,20120825,20120826,20120827,20120828,20120829,20120830,20120831,20120901 
Number is 73 
G.5.2_index_1_VS_G.3.1_index_2 [29] 
20120722,20120727,20120728,20120802,20120804,20120805,20120806,20120810,20120813,20120816,20120817,20120819,20120820,20120821,20120824,20120825,20120826,20120827,20120828,20120829 
Number is 74 
G.3.5_index_2_VS_G.3.6_index_2 [30] 
20120724,20120727,20120730,20120731,20120801,20120803,20120804,20120808,20120814,20120816,20120818,20120819,20120823,20120824,20120825,20120826,20120827,20120828,20120829 
Number is 82 
G.5.1_index_4_VS_G.3.6_index_5 [31] 
20120726,20120728,20120730,20120803,20120809,20120811,20120812,20120815,20120816,20120817,20120818,20120821,20120823,20120824,20120825,20120826,20120827,20120828,20120829,20120831 
Number is 83 
G.7.4_index_2_VS_G.2.2_index_2 [32] PLUS 1 
20120721,20120724,20120801,20120807,20120808,20120814,20120815,20120816,20120817,20120820,20120821,20120823,20120824,20120825,20120826,20120827,20120828,20120829,20120830,20120901 
Number is 84 
G.3.2_index_3_VS_G.1.1_index_4 [33] PLUS 1 
20120722,20120727,20120729,20120801,20120803,20120804,20120805,20120808,20120810,20120811,20120813,20120814,20120815,20120821,20120824,20120825,20120826,20120827,20120828,20120829,20120830,20120831,20120901 
Number is 86 
G.5.3_index_3_VS_G.2.1_index_4 [34] PLUS 1 
20120723,20120726,20120727,20120731,20120801,20120802,20120805,20120806,20120807,20120808,20120809,20120811,20120814,20120818,20120819,20120823,20120824,20120825,20120826,20120827,20120828,20120829,20120830,20120831 
Number is 91 
G.3.3_index_5_VS_G.4.3_index_3 [35] 
20120720,20120722,20120723,20120725,20120726,20120728,20120801,20120807,20120810,20120811,20120812,20120813,20120817,20120818,20120819,20120820,20120821,20120822,20120824,20120825,20120826,20120827,20120828,20120829,20120901 
Number is 93 
G.6.3_index_1_VS_G.6.2_index_1 [36] 
20120720,20120721,20120729,20120801,20120804,20120805,20120811,20120812,20120813,20120816,20120817,20120819,20120820,20120822,20120823,20120824,20120825,20120826,20120827,20120828,20120829,20120901 
Number is 98 
G.5.2_index_3_VS_G.6.1_index_3 [37] 
20120726,20120728,20120730,20120803,20120804,20120808,20120810,20120812,20120816,20120821,20120822,20120824,20120825,20120826,20120827,20120828,20120829 
Number is 99 
G.3.4_index_1_VS_G.5.2_index_3 [38] PLUS 1 
20120726,20120731,20120801,20120803,20120805,20120807,20120813,20120814,20120815,20120818,20120820,20120823,20120824,20120825,20120826,20120827,20120828,20120829,20120830 
