======== Current: 20131102 ========= 
Number is 02 
G.3.5_index_5_VS_G.5.4_index_4 [1] 
20131020,20131021,20131022,20131023,20131026,20131027,20131028,20131029,20131030,20131031,20131101,20131104,20131107 
Number is 04 
G.4.4_index_2_VS_G.4.1_index_4 [2] 
20131020,20131022,20131023,20131027,20131028,20131029,20131030,20131031,20131101,20131106,20131107 
Number is 07 
G.2.1_index_1_VS_G.6.1_index_1 [3] 
20131024,20131025,20131027,20131028,20131029,20131030,20131031,20131101,20131103 
Number is 21 
G.5.3_index_1_VS_G.5.5_index_2 [4] PLUS 1 
20131020,20131021,20131025,20131027,20131028,20131029,20131030,20131031,20131101,20131102,20131103,20131104,20131105,20131106 
Number is 22 
G.4.2_index_2_VS_G.4.2_index_1 [5] 
20131027,20131028,20131029,20131030,20131031,20131101 
Number is 26 
G.4.2_index_2_VS_G.4.1_index_2 [6] 
20131021,20131023,20131025,20131027,20131028,20131029,20131030,20131031,20131101,20131104 
Number is 27 
G.5.5_index_1_VS_G.6.1_index_1 [7] PLUS 1 
20131026,20131027,20131028,20131029,20131030,20131031,20131101,20131102,20131105,20131106 
Number is 30 
G.7.2_index_1_VS_G.3.1_index_4 [8] 
20131020,20131023,20131027,20131028,20131029,20131030,20131031,20131101,20131103 
G.2.2_index_1_VS_G.4.4_index_2 [9] 
20131020,20131022,20131023,20131026,20131027,20131028,20131029,20131030,20131031,20131101,20131103,20131105,20131106,20131107 
Number is 31 
G.3.4_index_5_VS_G.1.1_index_1 [10] 
20131021,20131022,20131023,20131026,20131027,20131028,20131029,20131030,20131031,20131101,20131103,20131104,20131106 
Number is 32 
G.DB_index_3_VS_G.5.5_index_4 [11] PLUS 1 
20131021,20131022,20131023,20131025,20131026,20131027,20131028,20131029,20131030,20131031,20131101,20131102,20131104,20131106,20131107 
Number is 59 
G.5.1_index_1_VS_G.DB_index_2 [12] 
20131020,20131021,20131024,20131027,20131028,20131029,20131030,20131031,20131101,20131104,20131107 
Number is 70 
G.5.3_index_2_VS_G.3.5_index_5 [13] 
20131020,20131021,20131023,20131024,20131025,20131027,20131028,20131029,20131030,20131031,20131101,20131104,20131105,20131106 
Number is 72 
G.6.1_index_1_VS_G.4.2_index_1 [14] PLUS 1 
20131020,20131023,20131024,20131025,20131027,20131028,20131029,20131030,20131031,20131101,20131102,20131105,20131106 
Number is 74 
G.5.3_index_2_VS_G.6.2_index_2 [15] PLUS 1 
20131022,20131023,20131024,20131027,20131028,20131029,20131030,20131031,20131101,20131102,20131106 
Number is 86 
G.5.2_index_4_VS_G.6.3_index_2 [16] PLUS 1 
20131022,20131023,20131024,20131027,20131028,20131029,20131030,20131031,20131101,20131102,20131105,20131107 
Number is 91 
G.3.6_index_5_VS_G.1.1_index_1 [17] 
20131020,20131026,20131027,20131028,20131029,20131030,20131031,20131101,20131104,20131105,20131107 
Number is 97 
G.2.2_index_3_VS_G.3.1_index_2 [18] PLUS 1 
20131020,20131023,20131025,20131026,20131027,20131028,20131029,20131030,20131031,20131101,20131102 
Number is 99 
G.DB_index_2_VS_G.DB_index_4 [19] 
20131021,20131024,20131025,20131027,20131028,20131029,20131030,20131031,20131101,20131104 
