======== Current: 20131104 ========= 
Number is 07 
G.3.2_index_3_VS_G.6.3_index_1 [1] PLUS 1 
20131020,20131021,20131026,20131029,20131030,20131031,20131101,20131102,20131103,20131104,20131105 
Number is 08 
G.3.2_index_3_VS_G.7.2_index_1 [2] PLUS 1 
20131026,20131028,20131029,20131030,20131031,20131101,20131102,20131103,20131104,20131106 
Number is 09 
G.3.2_index_3_VS_G.3.3_index_4 [3] 
20131020,20131021,20131024,20131027,20131029,20131030,20131031,20131101,20131102,20131103 
Number is 20 
G.4.4_index_3_VS_G.5.6_index_2 [4] PLUS 1 
20131028,20131029,20131030,20131031,20131101,20131102,20131103,20131104,20131105 
Number is 23 
G.6.1_index_2_VS_G.5.4_index_4 [5] 
20131021,20131023,20131024,20131028,20131029,20131030,20131031,20131101,20131102,20131103,20131105 
Number is 25 
G.5.1_index_3_VS_G.4.2_index_2 [6] PLUS 1 
20131029,20131030,20131031,20131101,20131102,20131103,20131104 
Number is 51 
G.3.2_index_4_VS_G.3.2_index_2 [7] 
20131023,20131026,20131029,20131030,20131031,20131101,20131102,20131103,20131105,20131106 
Number is 53 
G.4.3_index_4_VS_G.5.4_index_4 [8] 
20131022,20131023,20131024,20131029,20131030,20131031,20131101,20131102,20131103 
Number is 57 
G.5.3_index_1_VS_G.5.5_index_2 [9] PLUS 1 
20131020,20131021,20131025,20131027,20131028,20131029,20131030,20131031,20131101,20131102,20131103,20131104,20131105,20131106 
G.5.4_index_1_VS_G.DB_index_4 [10] PLUS 1 
20131020,20131022,20131023,20131027,20131029,20131030,20131031,20131101,20131102,20131103,20131104,20131105 
Number is 60 
G.6.1_index_3_VS_G.5.6_index_2 [11] 
20131020,20131021,20131023,20131024,20131027,20131029,20131030,20131031,20131101,20131102,20131103 
Number is 69 
G.5.3_index_3_VS_G.4.2_index_4 [12] 
20131020,20131023,20131026,20131028,20131029,20131030,20131031,20131101,20131102,20131103,20131106 
G.6.2_index_3_VS_G.4.2_index_1 [13] 
20131020,20131021,20131023,20131025,20131026,20131028,20131029,20131030,20131031,20131101,20131102,20131103,20131105 
Number is 73 
G.3.4_index_1_VS_G.4.3_index_1 [14] 
20131024,20131026,20131029,20131030,20131031,20131101,20131102,20131103,20131105 
Number is 90 
G.4.2_index_4_VS_G.3.1_index_3 [15] 
20131020,20131023,20131025,20131026,20131029,20131030,20131031,20131101,20131102,20131103,20131105,20131107 
Number is 95 
G.3.3_index_4_VS_G.5.4_index_1 [16] 
20131020,20131021,20131022,20131023,20131025,20131027,20131029,20131030,20131031,20131101,20131102,20131103,20131105 
G.4.1_index_1_VS_G.4.2_index_2 [17] 
20131022,20131029,20131030,20131031,20131101,20131102,20131103,20131106 
Number is 97 
G.4.1_index_1_VS_G.7.3_index_2 [18] 
20131021,20131024,20131026,20131027,20131029,20131030,20131031,20131101,20131102,20131103,20131107 
