======== Current: 20131112 ========= 
Number is 07 
G.4.4_index_1_VS_G.6.3_index_2 [1] 
20131023,20131029,20131031,20131101,20131102,20131106,20131107,20131108,20131109,20131110,20131111 
Number is 10 
G.5.2_index_4_VS_G.3.5_index_3 [2] 
20131022,20131024,20131025,20131029,20131031,20131101,20131104,20131105,20131106,20131107,20131108,20131109,20131110,20131111 
Number is 15 
G.3.3_index_4_VS_G.3.4_index_1 [3] 
20131022,20131023,20131027,20131031,20131102,20131105,20131106,20131107,20131108,20131109,20131110,20131111 
Number is 17 
G.5.5_index_1_VS_G.6.3_index_2 [4] 
20131020,20131022,20131025,20131027,20131103,20131104,20131105,20131106,20131107,20131108,20131109,20131110,20131111 
G.5.1_index_3_VS_G.6.3_index_2 [5] 
20131025,20131026,20131027,20131029,20131101,20131102,20131103,20131104,20131105,20131106,20131107,20131108,20131109,20131110,20131111 
Number is 28 
G.4.1_index_4_VS_G.7.2_index_2 [6] 
20131020,20131021,20131022,20131023,20131024,20131026,20131103,20131106,20131107,20131108,20131109,20131110,20131111 
Number is 40 
G.5.6_index_3_VS_G.3.1_index_1 [7] 
20131020,20131021,20131024,20131027,20131028,20131031,20131101,20131105,20131106,20131107,20131108,20131109,20131110,20131111 
Number is 44 
G.5.6_index_3_VS_G.3.5_index_2 [8] 
20131024,20131025,20131026,20131028,20131031,20131101,20131103,20131105,20131106,20131107,20131108,20131109,20131110,20131111 
Number is 48 
G.3.1_index_5_VS_G.3.4_index_4 [9] PLUS 1 
20131021,20131023,20131029,20131106,20131107,20131108,20131109,20131110,20131111,20131112 
Number is 55 
G.6.2_index_3_VS_G.DB_index_4 [10] 
20131022,20131024,20131025,20131030,20131031,20131101,20131102,20131103,20131104,20131106,20131107,20131108,20131109,20131110,20131111 
G.3.4_index_1_VS_G.DB_index_4 [11] 
20131023,20131024,20131025,20131027,20131030,20131031,20131102,20131106,20131107,20131108,20131109,20131110,20131111 
Number is 56 
G.DB_index_4_VS_G.5.1_index_4 [12] 
20131024,20131030,20131031,20131102,20131103,20131106,20131107,20131108,20131109,20131110,20131111 
Number is 59 
G.3.2_index_1_VS_G.2.2_index_1 [13] PLUS 1 
20131020,20131022,20131023,20131026,20131028,20131029,20131102,20131104,20131106,20131107,20131108,20131109,20131110,20131111,20131112 
Number is 65 
G.2.1_index_2_VS_G.3.2_index_1 [14] 
20131021,20131023,20131024,20131025,20131027,20131028,20131030,20131101,20131104,20131106,20131107,20131108,20131109,20131110,20131111 
Number is 67 
G.1.1_index_3_VS_G.7.1_index_2 [15] 
20131020,20131022,20131023,20131026,20131027,20131030,20131101,20131103,20131106,20131107,20131108,20131109,20131110,20131111 
G.3.3_index_2_VS_G.7.1_index_2 [16] 
20131020,20131021,20131024,20131027,20131029,20131030,20131031,20131101,20131102,20131106,20131107,20131108,20131109,20131110,20131111 
Number is 71 
G.5.2_index_1_VS_G.3.3_index_4 [17] 
20131021,20131024,20131025,20131030,20131101,20131103,20131104,20131106,20131107,20131108,20131109,20131110,20131111 
Number is 72 
G.5.2_index_1_VS_G.4.1_index_4 [18] 
20131020,20131021,20131022,20131025,20131027,20131028,20131102,20131103,20131104,20131105,20131106,20131107,20131108,20131109,20131110,20131111 
Number is 74 
G.5.2_index_1_VS_G.3.5_index_1 [19] 
20131020,20131021,20131022,20131023,20131102,20131103,20131104,20131105,20131106,20131107,20131108,20131109,20131110,20131111 
Number is 78 
G.6.2_index_1_VS_G.4.3_index_3 [20] PLUS 1 
20131020,20131022,20131024,20131028,20131105,20131106,20131107,20131108,20131109,20131110,20131111,20131112 
Number is 92 
G.5.4_index_2_VS_G.3.6_index_5 [21] 
20131022,20131023,20131024,20131025,20131031,20131102,20131105,20131106,20131107,20131108,20131109,20131110,20131111 
