======== Current: 20131113 ========= 
Number is 04 
G.2.2_index_4_VS_G.7.2_index_2 [1] 
20131021,20131030,20131104,20131105,20131107,20131108,20131109,20131110,20131111,20131112 
Number is 13 
G.3.2_index_1_VS_G.2.2_index_1 [2] PLUS 1 
20131020,20131022,20131023,20131026,20131028,20131029,20131102,20131104,20131106,20131107,20131108,20131109,20131110,20131111,20131112,20131113 
Number is 15 
G.4.1_index_4_VS_G.2.1_index_2 [3] PLUS 1 
20131020,20131021,20131023,20131024,20131101,20131104,20131105,20131107,20131108,20131109,20131110,20131111,20131112,20131113 
G.6.2_index_1_VS_G.4.3_index_3 [4] PLUS 1 
20131020,20131022,20131024,20131028,20131105,20131106,20131107,20131108,20131109,20131110,20131111,20131112,20131113 
Number is 45 
G.3.5_index_1_VS_G.2.1_index_2 [5] 
20131020,20131021,20131024,20131025,20131027,20131028,20131029,20131031,20131102,20131104,20131105,20131107,20131108,20131109,20131110,20131111,20131112 
Number is 51 
G.5.4_index_3_VS_G.3.4_index_5 [6] PLUS 1 
20131023,20131024,20131028,20131030,20131105,20131107,20131108,20131109,20131110,20131111,20131112,20131113 
Number is 61 
G.3.4_index_4_VS_G.3.2_index_1 [7] PLUS 1 
20131020,20131022,20131024,20131027,20131030,20131103,20131104,20131107,20131108,20131109,20131110,20131111,20131112,20131113 
Number is 71 
G.5.6_index_4_VS_G.3.2_index_1 [8] PLUS 1 
20131021,20131025,20131026,20131028,20131030,20131101,20131102,20131104,20131107,20131108,20131109,20131110,20131111,20131112,20131113 
Number is 80 
G.3.6_index_4_VS_G.6.2_index_2 [9] 
20131020,20131026,20131028,20131029,20131102,20131103,20131107,20131108,20131109,20131110,20131111,20131112 
Number is 83 
G.5.6_index_3_VS_G.6.3_index_3 [10] PLUS 1 
20131023,20131025,20131026,20131027,20131030,20131101,20131107,20131108,20131109,20131110,20131111,20131112,20131113 
Number is 84 
G.3.6_index_4_VS_G.7.1_index_1 [11] PLUS 1 
20131020,20131021,20131023,20131024,20131025,20131026,20131027,20131028,20131029,20131107,20131108,20131109,20131110,20131111,20131112,20131113 
Number is 86 
G.3.1_index_5_VS_G.3.4_index_4 [12] 
20131021,20131023,20131029,20131106,20131107,20131108,20131109,20131110,20131111,20131112 
Number is 95 
G.5.2_index_4_VS_G.3.3_index_4 [13] 
20131021,20131022,20131024,20131025,20131027,20131028,20131102,20131103,20131107,20131108,20131109,20131110,20131111,20131112 
Number is 98 
G.1.1_index_3_VS_G.3.1_index_5 [14] PLUS 1 
20131023,20131024,20131026,20131027,20131029,20131031,20131101,20131102,20131103,20131107,20131108,20131109,20131110,20131111,20131112,20131113 
