======== Current: 20131118 ========= 
Number is 10 
G.3.1_index_2_VS_G.4.1_index_2 [1] 
20131021,20131022,20131023,20131024,20131028,20131030,20131031,20131101,20131103,20131104,20131106,20131108,20131109,20131110,20131111,20131112,20131113,20131114,20131115,20131116,20131117 
Number is 37 
G.1.1_index_5_VS_G.DB_index_4 [2] 
20131021,20131024,20131027,20131030,20131031,20131101,20131104,20131106,20131108,20131110,20131111,20131112,20131113,20131114,20131115,20131116,20131117 
Number is 49 
G.6.1_index_1_VS_G.5.1_index_4 [3] 
20131024,20131026,20131027,20131102,20131106,20131110,20131111,20131112,20131113,20131114,20131115,20131116,20131117 
Number is 53 
G.5.6_index_2_VS_G.4.2_index_3 [4] 
20131020,20131023,20131025,20131027,20131029,20131030,20131102,20131104,20131106,20131108,20131111,20131112,20131113,20131114,20131115,20131116,20131117 
Number is 58 
G.5.2_index_1_VS_G.1.1_index_2 [5] 
20131020,20131028,20131030,20131103,20131104,20131108,20131109,20131110,20131112,20131113,20131114,20131115,20131116,20131117 
Number is 62 
G.2.1_index_1_VS_G.4.2_index_4 [6] PLUS 1 
20131020,20131022,20131025,20131026,20131027,20131029,20131030,20131103,20131105,20131106,20131108,20131112,20131113,20131114,20131115,20131116,20131117,20131118 
Number is 76 
G.DB_index_4_VS_G.5.3_index_2 [7] PLUS 1 
20131022,20131024,20131031,20131102,20131105,20131106,20131108,20131110,20131112,20131113,20131114,20131115,20131116,20131117,20131118 
Number is 84 
G.7.4_index_1_VS_G.6.1_index_1 [8] PLUS 1 
20131021,20131022,20131023,20131024,20131025,20131029,20131030,20131031,20131101,20131107,20131110,20131111,20131112,20131113,20131114,20131115,20131116,20131117,20131118 
G.6.2_index_3_VS_G.7.4_index_2 [9] PLUS 1 
20131020,20131024,20131027,20131028,20131029,20131101,20131102,20131109,20131110,20131112,20131113,20131114,20131115,20131116,20131117,20131118 
Number is 88 
G.3.4_index_3_VS_G.7.4_index_1 [10] 
20131021,20131023,20131024,20131026,20131029,20131101,20131102,20131104,20131107,20131111,20131112,20131113,20131114,20131115,20131116,20131117 
Number is 89 
G.7.4_index_1_VS_G.4.3_index_4 [11] PLUS 1 
20131020,20131022,20131024,20131029,20131031,20131103,20131104,20131105,20131106,20131108,20131110,20131112,20131113,20131114,20131115,20131116,20131117,20131118 
Number is 92 
G.3.5_index_1_VS_G.4.2_index_4 [12] 
20131022,20131023,20131026,20131029,20131102,20131105,20131107,20131108,20131109,20131112,20131113,20131114,20131115,20131116,20131117 
Number is 98 
G.3.6_index_2_VS_G.6.2_index_3 [13] PLUS 1 
20131026,20131027,20131028,20131030,20131105,20131106,20131107,20131109,20131112,20131113,20131114,20131115,20131116,20131117,20131118 
Number is 99 
G.3.6_index_3_VS_G.5.6_index_3 [14] 
20131023,20131024,20131025,20131030,20131103,20131105,20131106,20131108,20131109,20131111,20131112,20131113,20131114,20131115,20131116,20131117 
