======== Current: 20131119 ========= 
Number is 12 
G.3.4_index_5_VS_G.5.1_index_2 [1] 
20131021,20131022,20131024,20131026,20131027,20131028,20131030,20131031,20131104,20131105,20131108,20131111,20131113,20131114,20131115,20131116,20131117,20131118 
Number is 13 
G.4.4_index_2_VS_G.4.1_index_3 [2] 
20131020,20131024,20131025,20131031,20131101,20131102,20131104,20131107,20131108,20131110,20131113,20131114,20131115,20131116,20131117,20131118 
Number is 34 
G.2.1_index_1_VS_G.5.1_index_4 [3] 
20131024,20131026,20131030,20131031,20131101,20131106,20131113,20131114,20131115,20131116,20131117,20131118 
G.4.1_index_3_VS_G.5.1_index_4 [4] 
20131025,20131029,20131107,20131108,20131110,20131113,20131114,20131115,20131116,20131117,20131118 
Number is 37 
G.2.1_index_1_VS_G.4.2_index_4 [5] PLUS 1 
20131020,20131022,20131025,20131026,20131027,20131029,20131030,20131103,20131105,20131106,20131108,20131112,20131113,20131114,20131115,20131116,20131117,20131118,20131119 
Number is 40 
G.DB_index_4_VS_G.5.3_index_2 [6] 
20131022,20131024,20131031,20131102,20131105,20131106,20131108,20131110,20131112,20131113,20131114,20131115,20131116,20131117,20131118 
Number is 44 
G.5.1_index_4_VS_G.7.2_index_1 [7] 
20131020,20131021,20131025,20131026,20131028,20131029,20131030,20131103,20131105,20131108,20131109,20131110,20131113,20131114,20131115,20131116,20131117,20131118 
Number is 51 
G.3.2_index_2_VS_G.5.6_index_4 [8] PLUS 1 
20131020,20131021,20131023,20131024,20131028,20131031,20131101,20131108,20131110,20131113,20131114,20131115,20131116,20131117,20131118,20131119 
Number is 61 
G.7.4_index_1_VS_G.3.4_index_4 [9] 
20131022,20131024,20131027,20131030,20131102,20131104,20131107,20131108,20131110,20131111,20131113,20131114,20131115,20131116,20131117,20131118 
Number is 62 
G.6.2_index_3_VS_G.7.4_index_2 [10] 
20131020,20131024,20131027,20131028,20131029,20131101,20131102,20131109,20131110,20131112,20131113,20131114,20131115,20131116,20131117,20131118 
Number is 64 
G.7.4_index_1_VS_G.4.3_index_4 [11] PLUS 1 
20131020,20131022,20131024,20131029,20131031,20131103,20131104,20131105,20131106,20131108,20131110,20131112,20131113,20131114,20131115,20131116,20131117,20131118,20131119 
Number is 65 
G.7.4_index_1_VS_G.6.1_index_1 [12] PLUS 1 
20131021,20131022,20131023,20131024,20131025,20131029,20131030,20131031,20131101,20131107,20131110,20131111,20131112,20131113,20131114,20131115,20131116,20131117,20131118,20131119 
Number is 66 
G.7.4_index_1_VS_G.5.4_index_3 [13] 
20131026,20131029,20131101,20131104,20131107,20131109,20131110,20131113,20131114,20131115,20131116,20131117,20131118 
G.3.6_index_2_VS_G.6.2_index_3 [14] 
20131026,20131027,20131028,20131030,20131105,20131106,20131107,20131109,20131112,20131113,20131114,20131115,20131116,20131117,20131118 
Number is 81 
G.5.3_index_4_VS_G.5.6_index_4 [15] 
20131021,20131023,20131025,20131026,20131031,20131106,20131113,20131114,20131115,20131116,20131117,20131118 
