======== Current: 20140802 ========= 
Number is 13 
G.5.3_index_4_VS_G.5.3_index_3 [1] 
20140715,20140720,20140721,20140726,20140727,20140728,20140729,20140730,20140731,20140801,20140803,20140805,20140807,20140813,20140815,20140816,20140822,20140825,20140826,20140827,20140828,20140830,20140901 
Number is 15 
G.6.3_index_1_VS_G.5.5_index_1 [2] 
20140715,20140718,20140719,20140722,20140723,20140724,20140727,20140728,20140729,20140730,20140731,20140801,20140806,20140807,20140808,20140810,20140812,20140815,20140817,20140819,20140820,20140821,20140823,20140829,20140901 
Number is 18 
G.2.1_index_1_VS_G.4.4_index_1 [3] 
20140717,20140718,20140719,20140720,20140724,20140726,20140727,20140728,20140729,20140730,20140731,20140801,20140803,20140804,20140807,20140809,20140810,20140811,20140814,20140818,20140823,20140826,20140827 
Number is 19 
G.3.6_index_5_VS_G.5.2_index_4 [4] PLUS 1 
20140716,20140717,20140719,20140723,20140725,20140726,20140727,20140728,20140729,20140730,20140731,20140801,20140802,20140811,20140814,20140819,20140821,20140822,20140825,20140826,20140828,20140830,20140901 
G.3.2_index_4_VS_G.3.1_index_5 [5] PLUS 1 
20140717,20140720,20140722,20140723,20140724,20140725,20140727,20140728,20140729,20140730,20140731,20140801,20140802,20140803,20140806,20140810,20140812,20140813,20140815,20140816,20140817,20140818,20140825,20140827,20140831,20140902 
Number is 22 
G.5.3_index_2_VS_G.5.5_index_4 [6] 
20140718,20140719,20140720,20140721,20140722,20140723,20140725,20140726,20140727,20140728,20140729,20140730,20140731,20140801,20140808,20140809,20140814,20140815,20140816,20140830 
G.3.5_index_3_VS_G.3.5_index_5 [7] 
20140718,20140719,20140721,20140722,20140724,20140727,20140728,20140729,20140730,20140731,20140801,20140806,20140807,20140808,20140809,20140810,20140812,20140813,20140814,20140819,20140820,20140821,20140825,20140827,20140829,20140831,20140901,20140902 
Number is 24 
G.5.5_index_4_VS_G.5.2_index_1 [8] 
20140715,20140718,20140721,20140722,20140724,20140727,20140728,20140729,20140730,20140731,20140801,20140807,20140808,20140809,20140810,20140812,20140814,20140818,20140819,20140820,20140821,20140824,20140825,20140827,20140830,20140831 
Number is 29 
G.5.5_index_4_VS_G.5.2_index_4 [9] PLUS 1 
20140717,20140718,20140722,20140723,20140725,20140726,20140727,20140728,20140729,20140730,20140731,20140801,20140802,20140805,20140809,20140810,20140811,20140815,20140817,20140818,20140819,20140824,20140828,20140829,20140831,20140901 
Number is 30 
G.2.2_index_1_VS_G.5.4_index_1 [10] PLUS 1 
20140721,20140723,20140724,20140725,20140726,20140727,20140728,20140729,20140730,20140731,20140801,20140802,20140804,20140805,20140806,20140807,20140810,20140815,20140818,20140820,20140825,20140826,20140827,20140828 
Number is 31 
G.4.1_index_3_VS_G.3.2_index_4 [11] 
20140715,20140723,20140724,20140727,20140728,20140729,20140730,20140731,20140801,20140804,20140805,20140806,20140809,20140813,20140815,20140817,20140819,20140821,20140823,20140824,20140825,20140826,20140827,20140829,20140831,20140901,20140902 
G.3.6_index_4_VS_G.3.6_index_3 [12] 
20140721,20140723,20140726,20140727,20140728,20140729,20140730,20140731,20140801,20140812,20140819,20140823,20140827,20140830,20140902 
G.4.1_index_3_VS_G.3.6_index_5 [13] 
20140715,20140717,20140718,20140723,20140724,20140725,20140727,20140728,20140729,20140730,20140731,20140801,20140806,20140810,20140816,20140817,20140819,20140820,20140821,20140823,20140826,20140827 
Number is 32 
G.4.1_index_4_VS_G.5.5_index_4 [14] 
20140719,20140720,20140722,20140725,20140726,20140727,20140728,20140729,20140730,20140731,20140801,20140805,20140811,20140812,20140813,20140815,20140816,20140818,20140819,20140820,20140822,20140823,20140826,20140827,20140828,20140830 
G.3.4_index_4_VS_G.5.5_index_4 [15] 
20140715,20140717,20140718,20140719,20140723,20140724,20140726,20140727,20140728,20140729,20140730,20140731,20140801,20140807,20140808,20140809,20140810,20140814,20140815,20140818,20140819,20140825,20140826,20140828 
Number is 34 
G.4.1_index_3_VS_G.4.4_index_3 [16] 
20140723,20140724,20140725,20140726,20140727,20140728,20140729,20140730,20140731,20140801,20140808,20140810,20140812,20140813,20140814,20140816,20140818,20140820,20140821,20140826,20140827,20140828,20140901,20140902 
G.3.3_index_4_VS_G.DB_index_4 [17] 
20140716,20140719,20140720,20140722,20140725,20140727,20140728,20140729,20140730,20140731,20140801,20140804,20140806,20140807,20140810,20140812,20140814,20140815,20140816,20140818,20140819,20140820,20140821,20140823,20140824,20140827,20140828,20140831,20140901 
Number is 36 
G.4.1_index_4_VS_G.3.2_index_3 [18] 
20140718,20140719,20140721,20140723,20140727,20140728,20140729,20140730,20140731,20140801,20140806,20140807,20140809,20140811,20140813,20140814,20140816,20140819,20140821,20140825,20140827,20140828,20140830 
Number is 37 
G.4.1_index_4_VS_G.5.6_index_1 [19] 
20140716,20140717,20140719,20140720,20140721,20140722,20140726,20140727,20140728,20140729,20140730,20140731,20140801,20140803,20140804,20140806,20140810,20140811,20140812,20140817,20140818,20140819,20140821,20140822,20140826,20140827 
Number is 41 
G.4.1_index_2_VS_G.2.2_index_4 [20] PLUS 1 
20140717,20140718,20140719,20140720,20140721,20140727,20140728,20140729,20140730,20140731,20140801,20140802,20140806,20140807,20140811,20140812,20140816,20140817,20140821,20140824,20140826,20140828,20140831 
Number is 47 
G.4.4_index_2_VS_G.5.6_index_1 [21] 
20140715,20140716,20140719,20140721,20140722,20140723,20140725,20140727,20140728,20140729,20140730,20140731,20140801,20140803,20140808,20140810,20140813,20140814,20140818,20140821,20140822,20140827,20140829,20140831 
Number is 62 
G.5.5_index_3_VS_G.6.2_index_2 [22] 
20140716,20140717,20140718,20140720,20140723,20140726,20140727,20140728,20140729,20140730,20140731,20140801,20140803,20140805,20140806,20140807,20140809,20140815,20140816,20140817,20140820,20140821,20140823,20140824,20140828,20140902 
Number is 73 
G.5.6_index_4_VS_G.2.2_index_2 [23] 
20140715,20140718,20140722,20140723,20140727,20140728,20140729,20140730,20140731,20140801,20140806,20140808,20140811,20140812,20140815,20140818,20140819,20140821,20140824,20140826,20140828,20140902 
Number is 77 
G.5.6_index_1_VS_G.5.6_index_4 [24] 
20140715,20140719,20140727,20140728,20140729,20140730,20140731,20140801,20140803,20140804,20140806,20140808,20140810,20140811,20140812,20140814,20140815,20140816,20140821,20140823,20140824,20140826,20140827,20140829,20140831,20140902 
Number is 78 
G.3.2_index_1_VS_G.DB_index_1 [25] PLUS 1 
20140715,20140716,20140718,20140719,20140725,20140726,20140727,20140728,20140729,20140730,20140731,20140801,20140802,20140806,20140808,20140811,20140813,20140814,20140820,20140825,20140826,20140828,20140829,20140831 
Number is 81 
G.4.4_index_1_VS_G.5.3_index_4 [26] 
20140717,20140718,20140719,20140720,20140726,20140727,20140728,20140729,20140730,20140731,20140801,20140803,20140809,20140812,20140814,20140815,20140817,20140820,20140821,20140823,20140826,20140827,20140830,20140901 
G.4.2_index_4_VS_G.5.3_index_4 [27] 
20140718,20140721,20140723,20140724,20140727,20140728,20140729,20140730,20140731,20140801,20140803,20140806,20140807,20140809,20140810,20140811,20140812,20140815,20140819,20140822,20140825,20140826,20140831,20140902 
Number is 84 
G.5.2_index_2_VS_G.DB_index_4 [28] PLUS 1 
20140719,20140724,20140725,20140726,20140727,20140728,20140729,20140730,20140731,20140801,20140802,20140806,20140809,20140810,20140811,20140813,20140818,20140819,20140820,20140821,20140823,20140826,20140827,20140829,20140830,20140901 
G.5.2_index_2_VS_G.3.4_index_5 [29] PLUS 1 
20140718,20140722,20140724,20140725,20140727,20140728,20140729,20140730,20140731,20140801,20140802,20140804,20140806,20140807,20140808,20140809,20140810,20140811,20140812,20140813,20140814,20140815,20140816,20140818,20140819,20140820,20140823,20140824,20140825,20140826,20140830,20140902 
Number is 91 
G.5.2_index_4_VS_G.3.6_index_3 [30] PLUS 1 
20140717,20140718,20140719,20140720,20140721,20140722,20140723,20140726,20140727,20140728,20140729,20140730,20140731,20140801,20140802,20140807,20140812,20140815,20140816,20140818,20140822,20140826,20140827,20140828,20140829,20140901 
Number is 94 
G.5.2_index_4_VS_G.2.1_index_5 [31] 
20140715,20140717,20140719,20140720,20140721,20140723,20140726,20140727,20140728,20140729,20140730,20140731,20140801,20140805,20140814,20140816,20140818,20140819,20140821,20140822,20140824,20140827,20140828,20140901,20140902 
Number is 98 
G.2.1_index_2_VS_G.5.2_index_2 [32] 
20140716,20140722,20140724,20140725,20140727,20140728,20140729,20140730,20140731,20140801,20140808,20140810,20140811,20140812,20140813,20140816,20140817,20140819,20140822,20140826,20140827,20140830,20140831,20140901 
