======== Current: 20140805 ========= 
Number is 02 
G.6.1_index_2_VS_G.5.5_index_1 [1] PLUS 1 
20140715,20140716,20140723,20140724,20140726,20140728,20140730,20140731,20140801,20140802,20140803,20140804,20140805,20140807,20140811,20140812,20140815,20140817,20140820,20140821,20140822,20140831,20140902 
Number is 19 
G.5.4_index_3_VS_G.4.4_index_2 [2] 
20140715,20140717,20140721,20140726,20140729,20140730,20140731,20140801,20140802,20140803,20140804,20140806,20140807,20140811,20140816,20140817,20140818,20140822,20140824,20140826,20140829,20140830 
Number is 22 
G.5.5_index_1_VS_G.3.2_index_1 [3] 
20140715,20140717,20140718,20140722,20140724,20140725,20140730,20140731,20140801,20140802,20140803,20140804,20140808,20140811,20140814,20140818,20140820,20140821,20140830,20140902 
Number is 28 
G.7.1_index_1_VS_G.3.2_index_4 [4] 
20140715,20140716,20140717,20140718,20140722,20140723,20140725,20140727,20140729,20140730,20140731,20140801,20140802,20140803,20140804,20140806,20140807,20140808,20140810,20140813,20140814,20140815,20140816,20140820,20140822,20140824,20140825,20140826,20140829,20140830,20140831,20140901 
G.4.4_index_1_VS_G.5.6_index_4 [5] 
20140715,20140716,20140717,20140722,20140724,20140728,20140729,20140730,20140731,20140801,20140802,20140803,20140804,20140806,20140808,20140810,20140812,20140813,20140815,20140816,20140817,20140820,20140821,20140823,20140824,20140826,20140827,20140828,20140831,20140901,20140902 
Number is 30 
G.5.6_index_2_VS_G.3.2_index_3 [6] 
20140717,20140724,20140726,20140730,20140731,20140801,20140802,20140803,20140804,20140807,20140810,20140811,20140812,20140813,20140815,20140818,20140819,20140822,20140826,20140827,20140830 
Number is 37 
G.4.3_index_4_VS_G.4.4_index_3 [7] PLUS 1 
20140716,20140717,20140718,20140722,20140723,20140724,20140727,20140729,20140730,20140731,20140801,20140802,20140803,20140804,20140805,20140807,20140809,20140814,20140815,20140816,20140818,20140819,20140822,20140823,20140824,20140828,20140831,20140901,20140902 
Number is 38 
G.3.3_index_5_VS_G.5.4_index_1 [8] PLUS 1 
20140715,20140721,20140724,20140729,20140730,20140731,20140801,20140802,20140803,20140804,20140805,20140807,20140809,20140810,20140812,20140817,20140818,20140821,20140826,20140830 
Number is 47 
G.3.6_index_2_VS_G.4.1_index_3 [9] PLUS 1 
20140715,20140722,20140724,20140725,20140728,20140729,20140730,20140731,20140801,20140802,20140803,20140804,20140805,20140806,20140808,20140810,20140813,20140817,20140818,20140820,20140826,20140827,20140829,20140831,20140901,20140902 
Number is 52 
G.5.3_index_4_VS_G.6.3_index_3 [10] 
20140718,20140723,20140727,20140729,20140730,20140731,20140801,20140802,20140803,20140804,20140806,20140807,20140809,20140811,20140812,20140815,20140816,20140821,20140822,20140823,20140827,20140829,20140830,20140902 
Number is 55 
G.5.1_index_3_VS_G.2.1_index_2 [11] 
20140716,20140717,20140720,20140723,20140724,20140726,20140729,20140730,20140731,20140801,20140802,20140803,20140804,20140806,20140807,20140808,20140809,20140812,20140814,20140817,20140822,20140827,20140828,20140830 
Number is 56 
G.DB_index_5_VS_G.4.2_index_1 [12] PLUS 1 
20140715,20140718,20140719,20140720,20140721,20140722,20140723,20140724,20140725,20140726,20140730,20140731,20140801,20140802,20140803,20140804,20140805,20140807,20140811,20140812,20140815,20140818,20140820,20140821,20140822,20140825,20140827,20140828,20140829,20140901,20140902 
Number is 63 
G.3.2_index_5_VS_G.3.6_index_1 [13] 
20140715,20140716,20140721,20140730,20140731,20140801,20140802,20140803,20140804,20140806,20140810,20140811,20140812,20140814,20140818,20140819,20140820,20140828,20140829,20140831 
Number is 81 
G.5.6_index_4_VS_G.5.4_index_3 [14] 
20140715,20140716,20140717,20140723,20140726,20140730,20140731,20140801,20140802,20140803,20140804,20140807,20140808,20140810,20140815,20140817,20140821,20140822,20140823,20140824,20140825,20140828,20140830,20140831,20140901,20140902 
Number is 82 
G.5.6_index_4_VS_G.1.1_index_5 [15] 
20140717,20140721,20140722,20140730,20140731,20140801,20140802,20140803,20140804,20140807,20140808,20140809,20140811,20140816,20140817,20140823,20140824,20140825,20140826,20140828,20140829,20140831,20140901,20140902 
Number is 90 
G.4.1_index_4_VS_G.5.1_index_4 [16] 
20140715,20140717,20140718,20140722,20140725,20140726,20140729,20140730,20140731,20140801,20140802,20140803,20140804,20140806,20140811,20140812,20140819,20140822,20140825 
G.5.6_index_3_VS_G.3.1_index_3 [17] 
20140715,20140717,20140722,20140724,20140725,20140726,20140728,20140730,20140731,20140801,20140802,20140803,20140804,20140806,20140808,20140809,20140811,20140815,20140816,20140821,20140823,20140824,20140826,20140827,20140828,20140829,20140830,20140902 
Number is 96 
G.4.1_index_4_VS_G.7.1_index_2 [18] 
20140716,20140717,20140718,20140722,20140726,20140729,20140730,20140731,20140801,20140802,20140803,20140804,20140810,20140811,20140813,20140818,20140819,20140825,20140827,20140828,20140901 
