======== Current: 20140808 ========= 
Number is 11 
G.5.5_index_1_VS_G.1.1_index_4 [1] 
20140715,20140719,20140723,20140724,20140728,20140802,20140803,20140804,20140805,20140806,20140807,20140811,20140812,20140815,20140816,20140819,20140820,20140826,20140827,20140828,20140830,20140831,20140902 
Number is 12 
G.5.5_index_1_VS_G.DB_index_4 [2] PLUS 1 
20140718,20140720,20140728,20140730,20140801,20140802,20140803,20140804,20140805,20140806,20140807,20140808,20140810,20140811,20140812,20140813,20140818,20140820,20140823,20140824,20140825,20140829,20140901,20140902 
Number is 34 
G.3.5_index_1_VS_G.3.3_index_3 [3] PLUS 1 
20140716,20140717,20140718,20140719,20140720,20140723,20140729,20140802,20140803,20140804,20140805,20140806,20140807,20140808,20140809,20140810,20140811,20140814,20140816,20140821,20140823,20140825,20140827,20140828,20140830,20140831,20140901 
Number is 35 
G.2.1_index_5_VS_G.4.4_index_1 [4] 
20140718,20140724,20140801,20140802,20140803,20140804,20140805,20140806,20140807,20140814,20140818,20140824,20140829,20140831,20140901,20140902 
Number is 37 
G.2.1_index_5_VS_G.6.1_index_1 [5] 
20140715,20140722,20140723,20140725,20140726,20140730,20140802,20140803,20140804,20140805,20140806,20140807,20140809,20140810,20140816,20140818,20140819,20140820,20140821,20140824,20140825,20140828,20140830,20140831,20140902 
Number is 39 
G.3.5_index_1_VS_G.1.1_index_3 [6] 
20140715,20140716,20140718,20140722,20140726,20140728,20140730,20140801,20140802,20140803,20140804,20140805,20140806,20140807,20140820,20140822,20140828,20140831,20140902 
Number is 49 
G.3.6_index_2_VS_G.4.3_index_4 [7] 
20140716,20140718,20140725,20140730,20140802,20140803,20140804,20140805,20140806,20140807,20140810,20140818,20140819,20140820,20140822,20140828,20140829,20140902 
Number is 56 
G.5.3_index_1_VS_G.3.1_index_1 [8] 
20140715,20140717,20140718,20140719,20140721,20140722,20140724,20140726,20140727,20140802,20140803,20140804,20140805,20140806,20140807,20140809,20140811,20140814,20140819,20140820,20140821,20140822,20140824,20140826,20140827,20140828,20140902 
Number is 67 
G.3.3_index_4_VS_G.1.1_index_2 [9] PLUS 1 
20140720,20140721,20140722,20140724,20140725,20140727,20140729,20140802,20140803,20140804,20140805,20140806,20140807,20140808,20140809,20140812,20140814,20140816,20140823,20140825,20140826,20140829,20140901 
Number is 77 
G.DB_index_5_VS_G.6.1_index_1 [10] 
20140716,20140718,20140719,20140722,20140724,20140725,20140727,20140802,20140803,20140804,20140805,20140806,20140807,20140811,20140813,20140815,20140816,20140817,20140820,20140821,20140822,20140825 
Number is 81 
G.4.2_index_1_VS_G.3.2_index_2 [11] PLUS 1 
20140715,20140716,20140717,20140718,20140724,20140727,20140728,20140730,20140801,20140802,20140803,20140804,20140805,20140806,20140807,20140808,20140809,20140814,20140817,20140821,20140826,20140827,20140828,20140829,20140831,20140902 
Number is 83 
G.2.2_index_3_VS_G.3.5_index_1 [12] PLUS 1 
20140715,20140716,20140718,20140721,20140724,20140727,20140731,20140801,20140802,20140803,20140804,20140805,20140806,20140807,20140808,20140811,20140812,20140813,20140816,20140818,20140819,20140820,20140822,20140823,20140825,20140831,20140902 
Number is 84 
G.5.6_index_3_VS_G.3.6_index_2 [13] PLUS 1 
20140715,20140716,20140717,20140718,20140723,20140724,20140725,20140726,20140731,20140802,20140803,20140804,20140805,20140806,20140807,20140808,20140809,20140814,20140818,20140819,20140821,20140823,20140825,20140828,20140901,20140902 
Number is 89 
G.2.2_index_3_VS_G.6.2_index_2 [14] PLUS 1 
20140716,20140717,20140720,20140722,20140723,20140802,20140803,20140804,20140805,20140806,20140807,20140808,20140809,20140810,20140811,20140812,20140814,20140817,20140818,20140820,20140825,20140828,20140831,20140902 
Number is 95 
G.4.3_index_4_VS_G.5.3_index_1 [15] 
20140715,20140718,20140721,20140722,20140723,20140724,20140727,20140729,20140730,20140731,20140802,20140803,20140804,20140805,20140806,20140807,20140810,20140813,20140818,20140820,20140823,20140824,20140825,20140830,20140831 
G.4.3_index_4_VS_G.7.1_index_1 [16] 
20140716,20140718,20140719,20140722,20140723,20140724,20140725,20140729,20140802,20140803,20140804,20140805,20140806,20140807,20140810,20140811,20140812,20140814,20140816,20140818,20140819,20140820,20140822,20140823,20140825,20140826,20140828,20140829,20140901 
G.1.1_index_3_VS_G.2.1_index_4 [17] 
20140715,20140718,20140720,20140721,20140723,20140725,20140726,20140802,20140803,20140804,20140805,20140806,20140807,20140810,20140813,20140814,20140816,20140820,20140827,20140828,20140829,20140902 
