======== Current: 20140812 ========= 
Number is 03 
G.3.4_index_2_VS_G.5.1_index_3 [1] 
20140715,20140717,20140718,20140719,20140723,20140724,20140725,20140727,20140730,20140804,20140806,20140807,20140808,20140809,20140810,20140811,20140815,20140817,20140819,20140821,20140828,20140829,20140830 
Number is 04 
G.5.3_index_2_VS_G.3.1_index_1 [2] PLUS 1 
20140716,20140717,20140720,20140723,20140727,20140728,20140730,20140802,20140805,20140806,20140807,20140808,20140809,20140810,20140811,20140812,20140814,20140818,20140821,20140823,20140825,20140826,20140828,20140830 
Number is 06 
G.2.1_index_3_VS_G.4.2_index_2 [3] 
20140719,20140721,20140724,20140726,20140727,20140729,20140730,20140731,20140806,20140807,20140808,20140809,20140810,20140811,20140814,20140817,20140819,20140823,20140824,20140829,20140830,20140901,20140902 
G.6.1_index_1_VS_G.DB_index_4 [4] 
20140716,20140718,20140719,20140720,20140721,20140723,20140725,20140727,20140728,20140730,20140802,20140803,20140806,20140807,20140808,20140809,20140810,20140811,20140814,20140816,20140822,20140824,20140825,20140902 
Number is 09 
G.6.1_index_1_VS_G.3.3_index_4 [5] PLUS 1 
20140715,20140718,20140720,20140723,20140724,20140726,20140802,20140803,20140804,20140806,20140807,20140808,20140809,20140810,20140811,20140812,20140818,20140819,20140822,20140826,20140827,20140828,20140829,20140831 
Number is 14 
G.3.3_index_3_VS_G.5.2_index_1 [6] 
20140715,20140717,20140720,20140722,20140729,20140802,20140806,20140807,20140808,20140809,20140810,20140811,20140818,20140819,20140821,20140822,20140824,20140828,20140829,20140831 
Number is 19 
G.3.3_index_3_VS_G.1.1_index_1 [7] 
20140715,20140717,20140718,20140720,20140721,20140723,20140731,20140801,20140803,20140806,20140807,20140808,20140809,20140810,20140811,20140813,20140814,20140816,20140825,20140829,20140901 
Number is 27 
G.4.3_index_2_VS_G.3.5_index_1 [8] PLUS 1 
20140718,20140722,20140725,20140726,20140727,20140729,20140730,20140801,20140804,20140805,20140806,20140807,20140808,20140809,20140810,20140811,20140812,20140814,20140817,20140820,20140821,20140822,20140826,20140828,20140829,20140830 
G.2.2_index_3_VS_G.6.2_index_2 [9] PLUS 1 
20140716,20140717,20140720,20140722,20140723,20140802,20140803,20140804,20140805,20140806,20140807,20140808,20140809,20140810,20140811,20140812,20140814,20140817,20140818,20140820,20140825,20140828,20140831,20140902 
Number is 32 
G.5.5_index_2_VS_G.7.1_index_1 [10] 
20140716,20140717,20140719,20140720,20140723,20140731,20140801,20140803,20140806,20140807,20140808,20140809,20140810,20140811,20140814,20140816,20140823,20140825,20140826,20140828 
Number is 37 
G.3.2_index_2_VS_G.5.6_index_1 [11] 
20140718,20140719,20140722,20140723,20140724,20140725,20140726,20140727,20140728,20140731,20140803,20140806,20140807,20140808,20140809,20140810,20140811,20140814,20140821,20140826,20140827,20140829,20140831,20140902 
G.3.6_index_2_VS_G.2.2_index_1 [12] 
20140716,20140717,20140718,20140721,20140725,20140726,20140730,20140731,20140802,20140803,20140805,20140806,20140807,20140808,20140809,20140810,20140811,20140814,20140815,20140818,20140823,20140825,20140826,20140828,20140829,20140830,20140901,20140902 
Number is 38 
G.5.5_index_2_VS_G.3.3_index_1 [13] PLUS 1 
20140715,20140716,20140717,20140719,20140720,20140721,20140722,20140724,20140730,20140731,20140801,20140802,20140806,20140807,20140808,20140809,20140810,20140811,20140812,20140814,20140815,20140816,20140817,20140820,20140822,20140823,20140824,20140826,20140827,20140828,20140831 
Number is 40 
G.5.2_index_1_VS_G.4.4_index_3 [14] PLUS 1 
20140715,20140717,20140720,20140721,20140722,20140725,20140727,20140729,20140730,20140801,20140802,20140806,20140807,20140808,20140809,20140810,20140811,20140812,20140813,20140817,20140818,20140819,20140820,20140821,20140822,20140824,20140825,20140826,20140827,20140829,20140902 
Number is 42 
G.1.1_index_5_VS_G.2.2_index_3 [15] PLUS 1 
20140717,20140723,20140726,20140727,20140802,20140804,20140805,20140806,20140807,20140808,20140809,20140810,20140811,20140812,20140815,20140822,20140824,20140826,20140828,20140829,20140831,20140901,20140902 
Number is 43 
G.5.4_index_1_VS_G.5.3_index_1 [16] 
20140715,20140716,20140718,20140721,20140724,20140728,20140802,20140806,20140807,20140808,20140809,20140810,20140811,20140815,20140816,20140819,20140820,20140824,20140825,20140827,20140828,20140829,20140831 
G.5.2_index_1_VS_G.3.2_index_2 [17] 
20140715,20140719,20140722,20140724,20140729,20140730,20140801,20140802,20140806,20140807,20140808,20140809,20140810,20140811,20140817,20140818,20140819,20140822,20140823,20140824,20140825,20140826,20140827,20140830,20140831,20140902 
Number is 44 
G.5.2_index_1_VS_G.4.1_index_3 [18] 
20140715,20140719,20140722,20140725,20140726,20140729,20140730,20140801,20140804,20140806,20140807,20140808,20140809,20140810,20140811,20140819,20140820,20140821,20140822,20140824,20140826,20140830,20140901,20140902 
Number is 47 
G.5.2_index_3_VS_G.2.2_index_5 [19] 
20140716,20140719,20140721,20140722,20140730,20140806,20140807,20140808,20140809,20140810,20140811,20140817,20140819,20140830,20140831,20140901 
Number is 60 
G.5.2_index_2_VS_G.6.1_index_2 [20] 
20140717,20140718,20140722,20140726,20140727,20140728,20140730,20140801,20140804,20140806,20140807,20140808,20140809,20140810,20140811,20140814,20140815,20140817,20140819,20140820,20140822,20140823,20140824,20140826,20140827,20140901 
Number is 66 
G.5.2_index_2_VS_G.3.1_index_2 [21] 
20140717,20140718,20140719,20140720,20140722,20140726,20140729,20140730,20140801,20140802,20140805,20140806,20140807,20140808,20140809,20140810,20140811,20140814,20140815,20140816,20140819,20140820,20140824,20140825,20140826,20140827,20140829,20140901,20140902 
Number is 67 
G.5.2_index_2_VS_G.3.4_index_5 [22] PLUS 1 
20140718,20140722,20140724,20140725,20140727,20140728,20140729,20140730,20140731,20140801,20140802,20140804,20140806,20140807,20140808,20140809,20140810,20140811,20140812,20140813,20140814,20140815,20140816,20140818,20140819,20140820,20140823,20140824,20140825,20140826,20140830,20140902 
Number is 71 
G.3.5_index_1_VS_G.3.3_index_3 [23] 
20140716,20140717,20140718,20140719,20140720,20140723,20140729,20140802,20140803,20140804,20140805,20140806,20140807,20140808,20140809,20140810,20140811,20140814,20140816,20140821,20140823,20140825,20140827,20140828,20140830,20140831,20140901 
Number is 73 
G.3.5_index_1_VS_G.4.3_index_3 [24] 
20140716,20140717,20140723,20140724,20140727,20140731,20140802,20140805,20140806,20140807,20140808,20140809,20140810,20140811,20140813,20140814,20140816,20140817,20140820,20140822,20140826,20140901 
Number is 76 
G.6.2_index_1_VS_G.5.2_index_2 [25] PLUS 1 
20140718,20140721,20140727,20140730,20140801,20140803,20140806,20140807,20140808,20140809,20140810,20140811,20140812,20140816,20140817,20140822,20140823,20140824,20140826,20140827,20140830,20140901 
Number is 77 
G.3.4_index_5_VS_G.6.1_index_3 [26] PLUS 1 
20140715,20140716,20140717,20140719,20140720,20140723,20140727,20140729,20140730,20140801,20140802,20140806,20140807,20140808,20140809,20140810,20140811,20140812,20140816,20140818,20140821,20140824,20140825,20140826,20140829,20140831 
Number is 78 
G.6.1_index_3_VS_G.1.1_index_2 [27] PLUS 1 
20140715,20140717,20140718,20140719,20140721,20140722,20140728,20140729,20140802,20140804,20140805,20140806,20140807,20140808,20140809,20140810,20140811,20140812,20140814,20140815,20140819,20140821,20140822,20140824,20140825,20140828,20140829,20140901,20140902 
Number is 80 
G.4.4_index_4_VS_G.6.1_index_1 [28] PLUS 1 
20140715,20140720,20140721,20140723,20140724,20140726,20140727,20140806,20140807,20140808,20140809,20140810,20140811,20140812,20140816,20140817,20140820,20140822,20140825,20140827 
Number is 84 
G.1.1_index_2_VS_G.4.1_index_3 [29] 
20140715,20140720,20140721,20140723,20140726,20140728,20140729,20140730,20140801,20140802,20140805,20140806,20140807,20140808,20140809,20140810,20140811,20140822,20140823,20140824,20140825,20140826,20140828,20140829,20140901,20140902 
Number is 86 
G.7.4_index_1_VS_G.DB_index_4 [30] PLUS 1 
20140717,20140719,20140720,20140722,20140725,20140727,20140728,20140731,20140806,20140807,20140808,20140809,20140810,20140811,20140812,20140813,20140815,20140818,20140819,20140821,20140823,20140831,20140901 
Number is 87 
G.7.4_index_1_VS_G.6.2_index_1 [31] PLUS 1 
20140717,20140724,20140728,20140803,20140805,20140806,20140807,20140808,20140809,20140810,20140811,20140812,20140814,20140815,20140817,20140821,20140822,20140823,20140826,20140828,20140829,20140831,20140901 
Number is 94 
G.DB_index_1_VS_G.5.2_index_1 [32] PLUS 1 
20140715,20140718,20140719,20140720,20140723,20140724,20140725,20140726,20140728,20140729,20140730,20140801,20140802,20140806,20140807,20140808,20140809,20140810,20140811,20140812,20140814,20140819,20140820,20140822,20140825,20140829,20140901 
G.5.5_index_1_VS_G.5.2_index_1 [33] PLUS 1 
20140715,20140718,20140720,20140722,20140726,20140727,20140730,20140801,20140802,20140806,20140807,20140808,20140809,20140810,20140811,20140812,20140815,20140818,20140819,20140820,20140821,20140822,20140823,20140824,20140827,20140829,20140830,20140902 
