======== Current: 20140814 ========= 
Number is 00 
G.5.6_index_4_VS_G.7.2_index_1 [1] 
20140717,20140721,20140727,20140728,20140801,20140802,20140808,20140809,20140810,20140811,20140812,20140813,20140816,20140817,20140819,20140821,20140823,20140824,20140827,20140828,20140830,20140831,20140902 
Number is 04 
G.3.4_index_2_VS_G.1.1_index_1 [2] 
20140718,20140721,20140722,20140725,20140727,20140728,20140731,20140803,20140804,20140806,20140808,20140809,20140810,20140811,20140812,20140813,20140816,20140817,20140820,20140821,20140823,20140825,20140828,20140829,20140830 
Number is 06 
G.5.4_index_4_VS_G.2.1_index_5 [3] 
20140716,20140717,20140722,20140725,20140726,20140804,20140807,20140808,20140809,20140810,20140811,20140812,20140813,20140816,20140818,20140820,20140823,20140824,20140825,20140826,20140827,20140829,20140902 
G.5.2_index_1_VS_G.4.4_index_3 [4] 
20140715,20140717,20140720,20140721,20140722,20140725,20140727,20140729,20140730,20140801,20140802,20140806,20140807,20140808,20140809,20140810,20140811,20140812,20140813,20140817,20140818,20140819,20140820,20140821,20140822,20140824,20140825,20140826,20140827,20140829,20140902 
Number is 09 
G.4.4_index_2_VS_G.4.3_index_2 [5] PLUS 1 
20140716,20140718,20140721,20140722,20140723,20140726,20140727,20140729,20140731,20140801,20140803,20140804,20140806,20140808,20140809,20140810,20140811,20140812,20140813,20140814,20140815,20140817,20140820,20140822,20140824,20140829,20140830,20140831 
G.7.2_index_1_VS_G.4.3_index_2 [6] PLUS 1 
20140716,20140717,20140718,20140719,20140721,20140724,20140727,20140728,20140801,20140803,20140806,20140808,20140809,20140810,20140811,20140812,20140813,20140814,20140816,20140818,20140824,20140827,20140828,20140830,20140831,20140902 
Number is 12 
G.3.1_index_2_VS_G.3.3_index_5 [7] 
20140715,20140717,20140719,20140720,20140721,20140722,20140723,20140725,20140729,20140731,20140801,20140802,20140803,20140807,20140808,20140809,20140810,20140811,20140812,20140813,20140815,20140821,20140822,20140825,20140827,20140828,20140829 
Number is 14 
G.3.3_index_1_VS_G.2.2_index_5 [8] PLUS 1 
20140715,20140716,20140722,20140723,20140726,20140727,20140804,20140808,20140809,20140810,20140811,20140812,20140813,20140814,20140816,20140818,20140819,20140823,20140829,20140830 
G.7.4_index_1_VS_G.3.2_index_3 [9] PLUS 1 
20140715,20140717,20140718,20140719,20140727,20140728,20140731,20140801,20140807,20140808,20140809,20140810,20140811,20140812,20140813,20140814,20140818,20140823,20140824,20140825,20140828,20140829,20140901 
Number is 16 
G.7.4_index_1_VS_G.5.3_index_3 [10] PLUS 1 
20140716,20140717,20140718,20140721,20140722,20140724,20140725,20140731,20140806,20140808,20140809,20140810,20140811,20140812,20140813,20140814,20140816,20140817,20140819,20140820,20140821,20140822,20140829,20140830,20140901 
Number is 17 
G.3.1_index_2_VS_G.5.4_index_2 [11] PLUS 1 
20140715,20140716,20140718,20140719,20140720,20140722,20140725,20140729,20140802,20140806,20140808,20140809,20140810,20140811,20140812,20140813,20140814,20140819,20140820,20140821,20140822,20140823,20140901,20140902 
Number is 19 
G.7.4_index_1_VS_G.4.1_index_2 [12] 
20140717,20140719,20140721,20140725,20140727,20140728,20140729,20140730,20140801,20140807,20140808,20140809,20140810,20140811,20140812,20140813,20140816,20140817,20140818,20140819,20140821,20140823,20140824,20140826,20140829,20140830,20140831,20140901 
G.7.4_index_1_VS_G.DB_index_4 [13] 
20140717,20140719,20140720,20140722,20140725,20140727,20140728,20140731,20140806,20140807,20140808,20140809,20140810,20140811,20140812,20140813,20140815,20140818,20140819,20140821,20140823,20140831,20140901 
Number is 23 
G.3.3_index_5_VS_G.2.1_index_1 [14] PLUS 1 
20140717,20140719,20140721,20140722,20140726,20140727,20140728,20140729,20140803,20140805,20140807,20140808,20140809,20140810,20140811,20140812,20140813,20140814,20140815,20140816,20140818,20140822,20140826,20140827,20140828,20140829,20140830,20140831,20140901 
G.3.3_index_5_VS_G.4.3_index_3 [15] PLUS 1 
20140715,20140718,20140719,20140721,20140722,20140723,20140724,20140725,20140726,20140728,20140730,20140731,20140802,20140804,20140805,20140808,20140809,20140810,20140811,20140812,20140813,20140814,20140816,20140819,20140822,20140826,20140827,20140829,20140901 
Number is 25 
G.5.5_index_4_VS_G.6.1_index_3 [16] PLUS 1 
20140715,20140717,20140719,20140720,20140721,20140722,20140723,20140724,20140725,20140726,20140728,20140729,20140730,20140805,20140808,20140809,20140810,20140811,20140812,20140813,20140814,20140815,20140817,20140818,20140823,20140824,20140825,20140826,20140827 
Number is 30 
G.6.2_index_3_VS_G.3.4_index_3 [17] 
20140715,20140716,20140719,20140724,20140728,20140729,20140802,20140808,20140809,20140810,20140811,20140812,20140813,20140818,20140819,20140820,20140823,20140824,20140825,20140826,20140829,20140831 
Number is 36 
G.5.5_index_1_VS_G.2.2_index_2 [18] PLUS 1 
20140715,20140719,20140721,20140722,20140723,20140724,20140726,20140727,20140729,20140731,20140801,20140806,20140808,20140809,20140810,20140811,20140812,20140813,20140814,20140815,20140818,20140820,20140821,20140825,20140826,20140829,20140902 
G.6.2_index_3_VS_G.2.1_index_5 [19] PLUS 1 
20140718,20140721,20140722,20140729,20140730,20140805,20140808,20140809,20140810,20140811,20140812,20140813,20140814,20140818,20140821,20140823,20140825,20140827,20140902 
Number is 38 
G.3.4_index_5_VS_G.4.2_index_1 [20] 
20140715,20140719,20140720,20140725,20140728,20140731,20140802,20140803,20140807,20140808,20140809,20140810,20140811,20140812,20140813,20140818,20140819,20140820,20140821,20140825,20140826,20140827,20140828,20140902 
Number is 39 
G.3.4_index_5_VS_G.4.1_index_2 [21] 
20140717,20140721,20140722,20140724,20140725,20140727,20140728,20140729,20140731,20140802,20140806,20140808,20140809,20140810,20140811,20140812,20140813,20140815,20140817,20140818,20140819,20140823,20140825,20140826,20140828,20140829,20140902 
Number is 41 
G.1.1_index_1_VS_G.4.1_index_3 [22] PLUS 1 
20140715,20140718,20140719,20140720,20140721,20140723,20140725,20140726,20140727,20140728,20140729,20140730,20140805,20140808,20140809,20140810,20140811,20140812,20140813,20140814,20140817,20140820,20140821,20140825,20140826,20140829,20140830,20140902 
Number is 44 
G.7.1_index_1_VS_G.2.2_index_5 [23] 
20140716,20140722,20140724,20140726,20140727,20140730,20140803,20140804,20140805,20140807,20140808,20140809,20140810,20140811,20140812,20140813,20140816,20140818,20140820,20140821,20140822,20140823,20140828,20140830,20140901 
Number is 45 
G.3.2_index_3_VS_G.6.3_index_3 [24] PLUS 1 
20140715,20140727,20140728,20140730,20140801,20140805,20140807,20140808,20140809,20140810,20140811,20140812,20140813,20140814,20140815,20140816,20140818,20140821,20140823,20140827,20140829,20140830,20140831 
Number is 46 
G.2.2_index_5_VS_G.3.1_index_4 [25] PLUS 1 
20140716,20140717,20140718,20140719,20140721,20140722,20140728,20140729,20140730,20140802,20140804,20140808,20140809,20140810,20140811,20140812,20140813,20140814,20140817,20140819,20140820,20140825,20140829,20140830 
G.4.4_index_4_VS_G.5.2_index_2 [26] PLUS 1 
20140722,20140723,20140724,20140726,20140727,20140728,20140805,20140807,20140808,20140809,20140810,20140811,20140812,20140813,20140814,20140815,20140817,20140818,20140819,20140820,20140823,20140824,20140825,20140828,20140901,20140902 
Number is 57 
G.5.1_index_1_VS_G.5.4_index_2 [27] 
20140715,20140718,20140720,20140721,20140722,20140723,20140729,20140730,20140731,20140801,20140802,20140804,20140805,20140806,20140808,20140809,20140810,20140811,20140812,20140813,20140819,20140821,20140825,20140827,20140829,20140830,20140831,20140901,20140902 
Number is 62 
G.2.1_index_4_VS_G.5.3_index_1 [28] 
20140719,20140720,20140723,20140724,20140731,20140802,20140805,20140808,20140809,20140810,20140811,20140812,20140813,20140816,20140818,20140820,20140822,20140823,20140826,20140829 
Number is 63 
G.5.2_index_2_VS_G.3.4_index_5 [29] PLUS 1 
20140718,20140722,20140724,20140725,20140727,20140728,20140729,20140730,20140731,20140801,20140802,20140804,20140806,20140807,20140808,20140809,20140810,20140811,20140812,20140813,20140814,20140815,20140816,20140818,20140819,20140820,20140823,20140824,20140825,20140826,20140830,20140902 
Number is 79 
G.3.1_index_3_VS_G.2.1_index_2 [30] PLUS 1 
20140715,20140719,20140722,20140724,20140727,20140728,20140730,20140731,20140802,20140805,20140808,20140809,20140810,20140811,20140812,20140813,20140814,20140815,20140817,20140820,20140822,20140823,20140827,20140828 
Number is 80 
G.1.1_index_2_VS_G.3.4_index_3 [31] PLUS 1 
20140715,20140717,20140719,20140720,20140721,20140724,20140729,20140731,20140803,20140804,20140806,20140808,20140809,20140810,20140811,20140812,20140813,20140814,20140816,20140819,20140823,20140824,20140825,20140826,20140827,20140831,20140902 
Number is 81 
G.3.5_index_2_VS_G.3.1_index_2 [32] 
20140721,20140723,20140724,20140727,20140729,20140730,20140731,20140805,20140808,20140809,20140810,20140811,20140812,20140813,20140817,20140818,20140820,20140822,20140823,20140826,20140831 
Number is 83 
G.4.2_index_2_VS_G.5.5_index_1 [33] 
20140717,20140719,20140721,20140722,20140727,20140728,20140805,20140806,20140808,20140809,20140810,20140811,20140812,20140813,20140817,20140819,20140820,20140823,20140825,20140830 
Number is 84 
G.4.2_index_2_VS_G.4.4_index_4 [34] PLUS 1 
20140716,20140719,20140720,20140721,20140722,20140723,20140726,20140727,20140729,20140731,20140801,20140804,20140805,20140806,20140808,20140809,20140810,20140811,20140812,20140813,20140814,20140817,20140819,20140820,20140822,20140825,20140826,20140828,20140831,20140902 
Number is 89 
G.1.1_index_2_VS_G.4.3_index_2 [35] 
20140717,20140718,20140719,20140720,20140723,20140725,20140726,20140730,20140801,20140802,20140804,20140808,20140809,20140810,20140811,20140812,20140813,20140819,20140822,20140823,20140824,20140830,20140831,20140902 
G.4.2_index_1_VS_G.6.2_index_2 [36] 
20140716,20140722,20140725,20140728,20140730,20140801,20140803,20140808,20140809,20140810,20140811,20140812,20140813,20140815,20140816,20140820,20140825,20140826,20140827,20140902 
G.1.1_index_2_VS_G.3.6_index_2 [37] 
20140716,20140718,20140720,20140726,20140729,20140730,20140731,20140801,20140803,20140804,20140805,20140807,20140808,20140809,20140810,20140811,20140812,20140813,20140818,20140822,20140823,20140825,20140826,20140829,20140901,20140902 
Number is 92 
G.4.1_index_2_VS_G.5.5_index_4 [38] PLUS 1 
20140716,20140722,20140724,20140725,20140728,20140731,20140801,20140807,20140808,20140809,20140810,20140811,20140812,20140813,20140814,20140816,20140818,20140822,20140823,20140825,20140828,20140830 
Number is 95 
G.7.1_index_2_VS_G.6.1_index_2 [39] 
20140716,20140717,20140721,20140722,20140727,20140730,20140731,20140803,20140806,20140808,20140809,20140810,20140811,20140812,20140813,20140815,20140816,20140817,20140821,20140822,20140823,20140825,20140826,20140827 
Number is 97 
G.4.1_index_2_VS_G.3.1_index_3 [40] PLUS 1 
20140715,20140716,20140718,20140724,20140731,20140803,20140804,20140808,20140809,20140810,20140811,20140812,20140813,20140814,20140817,20140819,20140823,20140824,20140827,20140828,20140829,20140901 
