======== Current: 20140815 ========= 
Number is 01 
G.4.1_index_2_VS_G.3.1_index_3 [1] 
20140715,20140716,20140718,20140724,20140731,20140803,20140804,20140808,20140809,20140810,20140811,20140812,20140813,20140814,20140817,20140819,20140823,20140824,20140827,20140828,20140829,20140901 
Number is 04 
G.5.2_index_2_VS_G.3.4_index_5 [2] PLUS 1 
20140718,20140722,20140724,20140725,20140727,20140728,20140729,20140730,20140731,20140801,20140802,20140804,20140806,20140807,20140808,20140809,20140810,20140811,20140812,20140813,20140814,20140815,20140816,20140818,20140819,20140820,20140823,20140824,20140825,20140826,20140830,20140902 
Number is 06 
G.4.1_index_2_VS_G.5.5_index_4 [3] 
20140716,20140722,20140724,20140725,20140728,20140731,20140801,20140807,20140808,20140809,20140810,20140811,20140812,20140813,20140814,20140816,20140818,20140822,20140823,20140825,20140828,20140830 
Number is 09 
G.5.5_index_1_VS_G.2.2_index_2 [4] PLUS 1 
20140715,20140719,20140721,20140722,20140723,20140724,20140726,20140727,20140729,20140731,20140801,20140806,20140808,20140809,20140810,20140811,20140812,20140813,20140814,20140815,20140818,20140820,20140821,20140825,20140826,20140829,20140902 
Number is 12 
G.3.1_index_3_VS_G.2.1_index_2 [5] PLUS 1 
20140715,20140719,20140722,20140724,20140727,20140728,20140730,20140731,20140802,20140805,20140808,20140809,20140810,20140811,20140812,20140813,20140814,20140815,20140817,20140820,20140822,20140823,20140827,20140828 
Number is 14 
G.7.4_index_1_VS_G.5.3_index_3 [6] 
20140716,20140717,20140718,20140721,20140722,20140724,20140725,20140731,20140806,20140808,20140809,20140810,20140811,20140812,20140813,20140814,20140816,20140817,20140819,20140820,20140821,20140822,20140829,20140830,20140901 
Number is 15 
G.3.3_index_1_VS_G.2.2_index_5 [7] 
20140715,20140716,20140722,20140723,20140726,20140727,20140804,20140808,20140809,20140810,20140811,20140812,20140813,20140814,20140816,20140818,20140819,20140823,20140829,20140830 
Number is 16 
G.5.4_index_2_VS_G.DB_index_4 [8] PLUS 1 
20140715,20140716,20140719,20140720,20140721,20140722,20140724,20140727,20140728,20140729,20140731,20140801,20140802,20140804,20140805,20140806,20140807,20140809,20140810,20140811,20140812,20140813,20140814,20140815,20140818,20140825 
Number is 17 
G.7.4_index_1_VS_G.3.2_index_3 [9] 
20140715,20140717,20140718,20140719,20140727,20140728,20140731,20140801,20140807,20140808,20140809,20140810,20140811,20140812,20140813,20140814,20140818,20140823,20140824,20140825,20140828,20140829,20140901 
Number is 19 
G.4.4_index_2_VS_G.4.3_index_2 [10] PLUS 1 
20140716,20140718,20140721,20140722,20140723,20140726,20140727,20140729,20140731,20140801,20140803,20140804,20140806,20140808,20140809,20140810,20140811,20140812,20140813,20140814,20140815,20140817,20140820,20140822,20140824,20140829,20140830,20140831 
Number is 23 
G.3.3_index_5_VS_G.2.1_index_1 [11] PLUS 1 
20140717,20140719,20140721,20140722,20140726,20140727,20140728,20140729,20140803,20140805,20140807,20140808,20140809,20140810,20140811,20140812,20140813,20140814,20140815,20140816,20140818,20140822,20140826,20140827,20140828,20140829,20140830,20140831,20140901 
Number is 29 
G.3.3_index_5_VS_G.4.3_index_3 [12] 
20140715,20140718,20140719,20140721,20140722,20140723,20140724,20140725,20140726,20140728,20140730,20140731,20140802,20140804,20140805,20140808,20140809,20140810,20140811,20140812,20140813,20140814,20140816,20140819,20140822,20140826,20140827,20140829,20140901 
Number is 31 
G.3.1_index_2_VS_G.5.4_index_2 [13] 
20140715,20140716,20140718,20140719,20140720,20140722,20140725,20140729,20140802,20140806,20140808,20140809,20140810,20140811,20140812,20140813,20140814,20140819,20140820,20140821,20140822,20140823,20140901,20140902 
Number is 34 
G.1.1_index_1_VS_G.4.1_index_3 [14] 
20140715,20140718,20140719,20140720,20140721,20140723,20140725,20140726,20140727,20140728,20140729,20140730,20140805,20140808,20140809,20140810,20140811,20140812,20140813,20140814,20140817,20140820,20140821,20140825,20140826,20140829,20140830,20140902 
Number is 39 
G.1.1_index_1_VS_G.4.3_index_3 [15] 
20140715,20140717,20140718,20140719,20140723,20140727,20140807,20140809,20140810,20140811,20140812,20140813,20140814,20140816,20140820,20140821,20140826,20140827,20140829,20140831 
Number is 40 
G.4.1_index_3_VS_G.3.2_index_1 [16] PLUS 1 
20140715,20140719,20140723,20140725,20140726,20140727,20140729,20140730,20140731,20140801,20140809,20140810,20140811,20140812,20140813,20140814,20140815,20140820,20140821,20140824,20140827,20140828,20140830,20140902 
G.4.4_index_4_VS_G.5.2_index_2 [17] PLUS 1 
20140722,20140723,20140724,20140726,20140727,20140728,20140805,20140807,20140808,20140809,20140810,20140811,20140812,20140813,20140814,20140815,20140817,20140818,20140819,20140820,20140823,20140824,20140825,20140828,20140901,20140902 
Number is 44 
G.2.1_index_4_VS_G.4.1_index_3 [18] 
20140715,20140717,20140719,20140721,20140722,20140723,20140724,20140725,20140727,20140728,20140729,20140802,20140809,20140810,20140811,20140812,20140813,20140814,20140818,20140819,20140820,20140822,20140824,20140826,20140830,20140901,20140902 
Number is 52 
G.6.2_index_3_VS_G.2.1_index_5 [19] 
20140718,20140721,20140722,20140729,20140730,20140805,20140808,20140809,20140810,20140811,20140812,20140813,20140814,20140818,20140821,20140823,20140825,20140827,20140902 
Number is 53 
G.2.2_index_5_VS_G.3.1_index_4 [20] 
20140716,20140717,20140718,20140719,20140721,20140722,20140728,20140729,20140730,20140802,20140804,20140808,20140809,20140810,20140811,20140812,20140813,20140814,20140817,20140819,20140820,20140825,20140829,20140830 
Number is 55 
G.2.2_index_5_VS_G.1.1_index_2 [21] 
20140715,20140717,20140718,20140719,20140721,20140723,20140727,20140728,20140730,20140731,20140804,20140807,20140809,20140810,20140811,20140812,20140813,20140814,20140822,20140825,20140826,20140827,20140830,20140831,20140901,20140902 
Number is 57 
G.1.1_index_2_VS_G.3.4_index_3 [22] 
20140715,20140717,20140719,20140720,20140721,20140724,20140729,20140731,20140803,20140804,20140806,20140808,20140809,20140810,20140811,20140812,20140813,20140814,20140816,20140819,20140823,20140824,20140825,20140826,20140827,20140831,20140902 
Number is 66 
G.7.3_index_1_VS_G.DB_index_4 [23] 
20140717,20140719,20140720,20140723,20140728,20140731,20140806,20140809,20140810,20140811,20140812,20140813,20140814,20140818,20140823,20140824,20140828,20140829,20140902 
Number is 68 
G.5.5_index_4_VS_G.6.1_index_3 [24] PLUS 1 
20140715,20140717,20140719,20140720,20140721,20140722,20140723,20140724,20140725,20140726,20140728,20140729,20140730,20140805,20140808,20140809,20140810,20140811,20140812,20140813,20140814,20140815,20140817,20140818,20140823,20140824,20140825,20140826,20140827 
Number is 72 
G.3.2_index_3_VS_G.3.3_index_5 [25] PLUS 1 
20140718,20140719,20140721,20140722,20140724,20140726,20140728,20140731,20140801,20140807,20140809,20140810,20140811,20140812,20140813,20140814,20140815,20140816,20140821,20140824,20140827,20140829,20140830 
Number is 73 
G.3.2_index_3_VS_G.6.3_index_3 [26] PLUS 1 
20140715,20140727,20140728,20140730,20140801,20140805,20140807,20140808,20140809,20140810,20140811,20140812,20140813,20140814,20140815,20140816,20140818,20140821,20140823,20140827,20140829,20140830,20140831 
Number is 79 
G.7.2_index_1_VS_G.4.3_index_2 [27] 
20140716,20140717,20140718,20140719,20140721,20140724,20140727,20140728,20140801,20140803,20140806,20140808,20140809,20140810,20140811,20140812,20140813,20140814,20140816,20140818,20140824,20140827,20140828,20140830,20140831,20140902 
Number is 81 
G.3.5_index_1_VS_G.7.4_index_1 [28] PLUS 1 
20140716,20140717,20140718,20140719,20140725,20140728,20140731,20140802,20140805,20140806,20140807,20140809,20140810,20140811,20140812,20140813,20140814,20140815,20140816,20140818,20140820,20140822,20140823,20140826,20140828,20140830 
Number is 84 
G.4.2_index_2_VS_G.4.4_index_4 [29] 
20140716,20140719,20140720,20140721,20140722,20140723,20140726,20140727,20140729,20140731,20140801,20140804,20140805,20140806,20140808,20140809,20140810,20140811,20140812,20140813,20140814,20140817,20140819,20140820,20140822,20140825,20140826,20140828,20140831,20140902 
Number is 88 
G.5.6_index_2_VS_G.5.1_index_2 [30] 
20140719,20140723,20140728,20140730,20140801,20140802,20140805,20140809,20140810,20140811,20140812,20140813,20140814,20140818,20140820,20140822,20140826,20140827,20140828,20140830,20140901 
Number is 92 
G.4.2_index_4_VS_G.5.5_index_2 [31] 
20140717,20140720,20140721,20140722,20140724,20140726,20140729,20140731,20140801,20140803,20140806,20140807,20140809,20140810,20140811,20140812,20140813,20140814,20140816,20140817,20140819,20140820,20140823,20140826,20140829,20140901 
Number is 93 
G.5.3_index_1_VS_G.3.3_index_4 [32] 
20140715,20140721,20140724,20140803,20140804,20140806,20140807,20140809,20140810,20140811,20140812,20140813,20140814,20140816,20140818,20140819,20140823,20140901 
