======== Current: 20140817 ========= 
Number is 05 
G.DB_index_3_VS_G.5.2_index_2 [1] PLUS 1 
20140715,20140718,20140724,20140725,20140728,20140729,20140731,20140806,20140807,20140808,20140811,20140812,20140813,20140814,20140815,20140816,20140817,20140819,20140823,20140824,20140826,20140830,20140901,20140902 
Number is 06 
G.3.5_index_3_VS_G.DB_index_1 [2] PLUS 1 
20140715,20140716,20140718,20140719,20140720,20140723,20140725,20140726,20140729,20140730,20140806,20140809,20140811,20140812,20140813,20140814,20140815,20140816,20140817,20140818,20140819,20140820,20140821,20140825,20140827,20140828,20140830,20140901 
Number is 14 
G.3.3_index_5_VS_G.2.1_index_1 [3] 
20140717,20140719,20140721,20140722,20140726,20140727,20140728,20140729,20140803,20140805,20140807,20140808,20140809,20140810,20140811,20140812,20140813,20140814,20140815,20140816,20140818,20140822,20140826,20140827,20140828,20140829,20140830,20140831,20140901 
Number is 21 
G.3.2_index_3_VS_G.3.3_index_5 [4] 
20140718,20140719,20140721,20140722,20140724,20140726,20140728,20140731,20140801,20140807,20140809,20140810,20140811,20140812,20140813,20140814,20140815,20140816,20140821,20140824,20140827,20140829,20140830 
G.6.3_index_3_VS_G.3.3_index_5 [5] 
20140721,20140722,20140726,20140728,20140730,20140802,20140803,20140805,20140808,20140810,20140811,20140812,20140813,20140814,20140815,20140816,20140822,20140826,20140827,20140901,20140902 
Number is 22 
G.3.2_index_3_VS_G.6.3_index_3 [6] 
20140715,20140727,20140728,20140730,20140801,20140805,20140807,20140808,20140809,20140810,20140811,20140812,20140813,20140814,20140815,20140816,20140818,20140821,20140823,20140827,20140829,20140830,20140831 
Number is 24 
G.3.1_index_3_VS_G.3.3_index_2 [7] 
20140715,20140716,20140718,20140721,20140728,20140804,20140805,20140808,20140810,20140811,20140812,20140813,20140814,20140815,20140816,20140819,20140823,20140826,20140827,20140828,20140830,20140901 
Number is 27 
G.3.3_index_4_VS_G.5.5_index_4 [8] 
20140716,20140718,20140719,20140722,20140725,20140726,20140731,20140801,20140805,20140809,20140811,20140812,20140813,20140814,20140815,20140816,20140821,20140827 
Number is 28 
G.2.1_index_5_VS_G.1.1_index_1 [9] PLUS 1 
20140719,20140723,20140728,20140729,20140807,20140809,20140811,20140812,20140813,20140814,20140815,20140816,20140817,20140818,20140821,20140824,20140826,20140830,20140831,20140902 
Number is 32 
G.5.1_index_1_VS_G.2.1_index_5 [10] 
20140716,20140721,20140723,20140729,20140802,20140804,20140807,20140810,20140811,20140812,20140813,20140814,20140815,20140816,20140818,20140821,20140822,20140824,20140831,20140901,20140902 
G.5.2_index_4_VS_G.3.2_index_1 [11] 
20140717,20140718,20140723,20140725,20140728,20140729,20140730,20140801,20140802,20140806,20140807,20140809,20140811,20140812,20140813,20140814,20140815,20140816,20140821,20140822,20140823,20140828,20140831,20140901 
Number is 42 
G.3.3_index_2_VS_G.5.4_index_4 [12] 
20140718,20140719,20140722,20140723,20140731,20140801,20140802,20140805,20140807,20140808,20140810,20140811,20140812,20140813,20140814,20140815,20140816,20140824,20140825,20140829,20140830,20140831 
Number is 45 
G.2.1_index_3_VS_G.3.3_index_1 [13] 
20140716,20140718,20140723,20140724,20140726,20140729,20140802,20140804,20140807,20140811,20140812,20140813,20140814,20140815,20140816,20140819,20140820,20140823,20140824,20140830,20140901 
G.6.2_index_3_VS_G.5.2_index_2 [14] 
20140717,20140718,20140722,20140724,20140728,20140729,20140730,20140804,20140807,20140808,20140810,20140811,20140812,20140813,20140814,20140815,20140816,20140823,20140824,20140825,20140827,20140829 
Number is 46 
G.3.1_index_2_VS_G.5.3_index_4 [15] PLUS 1 
20140715,20140720,20140722,20140725,20140726,20140801,20140802,20140804,20140806,20140810,20140811,20140812,20140813,20140814,20140815,20140816,20140817,20140822,20140823,20140824,20140825,20140826,20140831,20140901,20140902 
Number is 54 
G.5.2_index_2_VS_G.3.4_index_5 [16] 
20140718,20140722,20140724,20140725,20140727,20140728,20140729,20140730,20140731,20140801,20140802,20140804,20140806,20140807,20140808,20140809,20140810,20140811,20140812,20140813,20140814,20140815,20140816,20140818,20140819,20140820,20140823,20140824,20140825,20140826,20140830,20140902 
Number is 56 
G.3.6_index_3_VS_G.5.6_index_2 [17] 
20140717,20140718,20140719,20140721,20140722,20140724,20140726,20140728,20140729,20140731,20140801,20140805,20140807,20140811,20140812,20140813,20140814,20140815,20140816,20140818,20140819,20140820,20140822,20140823,20140826,20140829,20140831,20140901 
G.3.3_index_1_VS_G.5.6_index_3 [18] 
20140715,20140716,20140717,20140723,20140724,20140727,20140806,20140807,20140808,20140809,20140811,20140812,20140813,20140814,20140815,20140816,20140819,20140821,20140823,20140827,20140901 
Number is 57 
G.3.6_index_3_VS_G.3.5_index_1 [19] 
20140716,20140717,20140719,20140721,20140722,20140725,20140804,20140807,20140811,20140812,20140813,20140814,20140815,20140816,20140822,20140827 
Number is 66 
G.4.1_index_1_VS_G.2.2_index_3 [20] 
20140715,20140718,20140722,20140723,20140724,20140726,20140728,20140730,20140802,20140807,20140808,20140811,20140812,20140813,20140814,20140815,20140816,20140818,20140821,20140824,20140825,20140826,20140827 
Number is 71 
G.3.5_index_1_VS_G.7.4_index_1 [21] 
20140716,20140717,20140718,20140719,20140725,20140728,20140731,20140802,20140805,20140806,20140807,20140809,20140810,20140811,20140812,20140813,20140814,20140815,20140816,20140818,20140820,20140822,20140823,20140826,20140828,20140830 
Number is 74 
G.3.5_index_1_VS_G.3.3_index_2 [22] PLUS 1 
20140716,20140718,20140719,20140725,20140728,20140801,20140807,20140809,20140811,20140812,20140813,20140814,20140815,20140816,20140817,20140818,20140820,20140821,20140822,20140823,20140824,20140826,20140829,20140830,20140831 
Number is 75 
G.3.5_index_1_VS_G.4.2_index_1 [23] 
20140716,20140718,20140719,20140723,20140724,20140725,20140728,20140731,20140808,20140811,20140812,20140813,20140814,20140815,20140816,20140818,20140820,20140821,20140822,20140824,20140826,20140827,20140828,20140829,20140902 
Number is 76 
G.5.5_index_4_VS_G.5.6_index_2 [24] 
20140715,20140716,20140720,20140722,20140723,20140724,20140725,20140728,20140729,20140730,20140731,20140802,20140805,20140809,20140811,20140812,20140813,20140814,20140815,20140816,20140818,20140820,20140829 
Number is 82 
G.1.1_index_1_VS_G.6.3_index_3 [25] PLUS 1 
20140718,20140719,20140721,20140722,20140723,20140731,20140801,20140806,20140808,20140809,20140811,20140812,20140813,20140814,20140815,20140816,20140817,20140819,20140821,20140823,20140826,20140830,20140902 
Number is 84 
G.6.2_index_1_VS_G.3.3_index_2 [26] PLUS 1 
20140718,20140721,20140725,20140727,20140729,20140731,20140804,20140811,20140812,20140813,20140814,20140815,20140816,20140817,20140822,20140824,20140825,20140826,20140828,20140829,20140830,20140902 
Number is 86 
G.1.1_index_1_VS_G.DB_index_1 [27] 
20140715,20140721,20140725,20140726,20140728,20140729,20140803,20140806,20140807,20140808,20140811,20140812,20140813,20140814,20140815,20140816,20140821,20140824,20140828,20140831 
G.5.3_index_2_VS_G.DB_index_1 [28] 
20140718,20140720,20140728,20140729,20140730,20140806,20140808,20140809,20140811,20140812,20140813,20140814,20140815,20140816,20140818,20140821,20140824,20140829,20140901 
Number is 87 
G.5.5_index_2_VS_G.3.2_index_4 [29] 
20140715,20140718,20140719,20140720,20140729,20140731,20140801,20140802,20140806,20140807,20140808,20140811,20140812,20140813,20140814,20140815,20140816,20140818,20140821,20140822,20140824,20140825,20140826,20140831,20140901 
Number is 89 
G.6.2_index_1_VS_G.4.3_index_2 [30] PLUS 1 
20140721,20140722,20140725,20140726,20140727,20140729,20140730,20140805,20140811,20140812,20140813,20140814,20140815,20140816,20140817,20140818,20140822,20140824,20140826,20140827,20140828,20140829,20140901,20140902 
Number is 91 
G.1.1_index_5_VS_G.4.4_index_3 [31] PLUS 1 
20140716,20140721,20140722,20140723,20140724,20140726,20140729,20140730,20140731,20140801,20140802,20140803,20140808,20140811,20140812,20140813,20140814,20140815,20140816,20140817,20140818,20140820,20140821,20140822,20140824,20140826,20140828,20140901,20140902 
Number is 92 
G.1.1_index_5_VS_G.6.3_index_3 [32] 
20140721,20140722,20140725,20140727,20140731,20140802,20140809,20140811,20140812,20140813,20140814,20140815,20140816,20140823,20140825,20140826,20140827,20140829,20140902 
