======== Current: 20140822 ========= 
Number is 10 
G.5.3_index_2_VS_G.3.1_index_5 [1] 
20140720,20140722,20140724,20140725,20140727,20140730,20140802,20140807,20140809,20140812,20140813,20140815,20140816,20140817,20140818,20140819,20140820,20140821,20140824,20140826,20140829,20140830,20140831,20140901 
Number is 13 
G.3.4_index_5_VS_G.5.3_index_1 [2] PLUS 1 
20140717,20140718,20140719,20140720,20140721,20140722,20140723,20140725,20140726,20140803,20140805,20140807,20140808,20140809,20140810,20140811,20140814,20140816,20140817,20140818,20140819,20140820,20140821,20140822,20140823,20140825,20140826,20140827,20140831,20140902 
Number is 14 
G.DB_index_2_VS_G.2.1_index_3 [3] 
20140718,20140725,20140726,20140727,20140729,20140731,20140801,20140802,20140805,20140807,20140809,20140814,20140815,20140816,20140817,20140818,20140819,20140820,20140821,20140823,20140824,20140828,20140829,20140830,20140901,20140902 
Number is 16 
G.2.2_index_1_VS_G.6.2_index_2 [4] 
20140716,20140721,20140724,20140730,20140731,20140801,20140805,20140807,20140810,20140812,20140814,20140815,20140816,20140817,20140818,20140819,20140820,20140821,20140823,20140824,20140830 
Number is 18 
G.3.4_index_5_VS_G.1.1_index_1 [5] 
20140717,20140722,20140727,20140731,20140801,20140810,20140814,20140816,20140817,20140818,20140819,20140820,20140821,20140824,20140825,20140826,20140829,20140831,20140902 
Number is 22 
G.5.1_index_1_VS_G.3.5_index_1 [6] 
20140719,20140721,20140722,20140729,20140730,20140806,20140809,20140812,20140813,20140814,20140816,20140817,20140818,20140819,20140820,20140821,20140826,20140827,20140901 
Number is 23 
G.3.5_index_2_VS_G.5.2_index_1 [7] PLUS 1 
20140716,20140718,20140724,20140727,20140728,20140729,20140730,20140731,20140807,20140808,20140811,20140814,20140816,20140817,20140818,20140819,20140820,20140821,20140822,20140829,20140830 
Number is 25 
G.7.4_index_2_VS_G.3.3_index_2 [8] PLUS 1 
20140716,20140717,20140718,20140719,20140723,20140724,20140727,20140804,20140809,20140811,20140816,20140817,20140818,20140819,20140820,20140821,20140822,20140824,20140825,20140828,20140829 
Number is 26 
G.3.5_index_2_VS_G.2.2_index_5 [9] 
20140722,20140725,20140730,20140731,20140802,20140808,20140809,20140813,20140814,20140816,20140817,20140818,20140819,20140820,20140821,20140823,20140824,20140825,20140826,20140831,20140901 
Number is 27 
G.3.5_index_2_VS_G.3.2_index_5 [10] PLUS 1 
20140717,20140723,20140724,20140725,20140726,20140727,20140729,20140730,20140802,20140808,20140814,20140816,20140817,20140818,20140819,20140820,20140821,20140822,20140823,20140825,20140826,20140828,20140830,20140831 
Number is 28 
G.3.5_index_1_VS_G.5.4_index_1 [11] 
20140716,20140718,20140722,20140724,20140725,20140727,20140728,20140729,20140803,20140807,20140809,20140810,20140814,20140816,20140817,20140818,20140819,20140820,20140821,20140826,20140827,20140828,20140829,20140830,20140831 
Number is 29 
G.3.5_index_1_VS_G.3.6_index_2 [12] PLUS 1 
20140716,20140719,20140722,20140723,20140725,20140726,20140801,20140802,20140804,20140807,20140808,20140811,20140814,20140816,20140817,20140818,20140819,20140820,20140821,20140822,20140823,20140826,20140831,20140901,20140902 
Number is 33 
G.5.3_index_1_VS_G.4.3_index_1 [13] 
20140715,20140720,20140721,20140722,20140723,20140724,20140726,20140728,20140729,20140802,20140803,20140804,20140805,20140808,20140811,20140814,20140815,20140816,20140817,20140818,20140819,20140820,20140821,20140824,20140825,20140828,20140829,20140831,20140901 
Number is 34 
G.4.4_index_4_VS_G.3.6_index_5 [14] PLUS 1 
20140716,20140717,20140718,20140731,20140801,20140804,20140809,20140812,20140814,20140816,20140817,20140818,20140819,20140820,20140821,20140822,20140827 
Number is 38 
G.7.3_index_1_VS_G.5.4_index_1 [15] 
20140715,20140718,20140719,20140723,20140725,20140727,20140730,20140731,20140802,20140804,20140806,20140809,20140812,20140813,20140815,20140816,20140817,20140818,20140819,20140820,20140821,20140827,20140828,20140829,20140830,20140901,20140902 
Number is 44 
G.5.2_index_3_VS_G.4.2_index_1 [16] 
20140716,20140717,20140721,20140722,20140723,20140731,20140803,20140806,20140807,20140808,20140811,20140812,20140813,20140814,20140816,20140817,20140818,20140819,20140820,20140821,20140827,20140828,20140902 
Number is 48 
G.5.2_index_3_VS_G.5.1_index_2 [17] PLUS 1 
20140715,20140717,20140721,20140727,20140730,20140803,20140805,20140806,20140807,20140811,20140812,20140813,20140815,20140816,20140817,20140818,20140819,20140820,20140821,20140822,20140828,20140830,20140902 
Number is 49 
G.3.5_index_3_VS_G.DB_index_1 [18] 
20140715,20140716,20140718,20140719,20140720,20140723,20140725,20140726,20140729,20140730,20140806,20140809,20140811,20140812,20140813,20140814,20140815,20140816,20140817,20140818,20140819,20140820,20140821,20140825,20140827,20140828,20140830,20140901 
Number is 50 
G.5.6_index_1_VS_G.3.6_index_1 [19] PLUS 1 
20140717,20140718,20140721,20140727,20140729,20140731,20140803,20140805,20140806,20140816,20140817,20140818,20140819,20140820,20140821,20140822,20140824,20140827,20140830,20140831,20140902 
Number is 53 
G.5.1_index_4_VS_G.4.4_index_4 [20] 
20140715,20140716,20140722,20140723,20140727,20140728,20140729,20140731,20140805,20140807,20140808,20140810,20140812,20140814,20140815,20140816,20140817,20140818,20140819,20140820,20140821,20140825,20140828,20140831,20140902 
Number is 62 
G.6.3_index_1_VS_G.3.4_index_1 [21] 
20140715,20140716,20140719,20140724,20140725,20140728,20140730,20140802,20140805,20140809,20140810,20140811,20140812,20140816,20140817,20140818,20140819,20140820,20140821,20140823,20140828,20140830,20140831 
Number is 63 
G.3.1_index_4_VS_G.5.2_index_1 [22] PLUS 1 
20140717,20140719,20140724,20140725,20140728,20140729,20140730,20140801,20140802,20140810,20140811,20140812,20140813,20140816,20140817,20140818,20140819,20140820,20140821,20140822,20140824,20140826,20140828,20140831 
Number is 69 
G.6.2_index_2_VS_G.7.2_index_2 [23] 
20140716,20140719,20140720,20140721,20140726,20140728,20140729,20140730,20140731,20140801,20140806,20140807,20140811,20140812,20140814,20140815,20140816,20140817,20140818,20140819,20140820,20140821,20140824,20140826,20140827,20140828 
Number is 71 
G.DB_index_3_VS_G.3.4_index_5 [24] PLUS 1 
20140715,20140717,20140719,20140720,20140722,20140723,20140726,20140729,20140803,20140804,20140810,20140811,20140814,20140816,20140817,20140818,20140819,20140820,20140821,20140822,20140823,20140826,20140827,20140828,20140831,20140901,20140902 
Number is 74 
G.5.5_index_2_VS_G.3.5_index_3 [25] 
20140715,20140716,20140717,20140719,20140720,20140722,20140723,20140724,20140726,20140728,20140730,20140731,20140804,20140809,20140811,20140814,20140816,20140817,20140818,20140819,20140820,20140821,20140824,20140825,20140828,20140829,20140831 
Number is 78 
G.7.4_index_1_VS_G.5.4_index_1 [26] 
20140715,20140722,20140723,20140724,20140725,20140727,20140728,20140729,20140730,20140801,20140802,20140806,20140809,20140814,20140815,20140816,20140817,20140818,20140819,20140820,20140821,20140823,20140825,20140827,20140830 
Number is 79 
G.3.1_index_2_VS_G.DB_index_1 [27] 
20140718,20140720,20140721,20140724,20140725,20140729,20140801,20140802,20140807,20140810,20140811,20140812,20140813,20140815,20140816,20140817,20140818,20140819,20140820,20140821,20140824,20140825,20140826,20140829,20140831 
G.5.5_index_2_VS_G.5.5_index_1 [28] 
20140715,20140716,20140719,20140720,20140721,20140724,20140728,20140731,20140801,20140803,20140804,20140810,20140812,20140813,20140814,20140816,20140817,20140818,20140819,20140820,20140821,20140825,20140826 
Number is 81 
G.5.4_index_1_VS_G.DB_index_2 [29] 
20140715,20140716,20140723,20140725,20140726,20140728,20140804,20140806,20140812,20140814,20140815,20140816,20140817,20140818,20140819,20140820,20140821,20140824,20140827,20140829,20140831 
Number is 82 
G.DB_index_5_VS_G.4.4_index_3 [30] 
20140715,20140717,20140721,20140725,20140726,20140728,20140802,20140808,20140809,20140813,20140816,20140817,20140818,20140819,20140820,20140821,20140824,20140825,20140828,20140829,20140831 
Number is 84 
G.4.1_index_4_VS_G.3.5_index_3 [31] PLUS 1 
20140716,20140717,20140718,20140725,20140730,20140731,20140806,20140810,20140811,20140812,20140814,20140815,20140816,20140817,20140818,20140819,20140820,20140821,20140822,20140827,20140829,20140830,20140831,20140901 
G.7.2_index_1_VS_G.5.2_index_3 [32] PLUS 1 
20140715,20140716,20140717,20140718,20140721,20140722,20140724,20140730,20140731,20140804,20140811,20140812,20140816,20140817,20140818,20140819,20140820,20140821,20140822,20140826,20140827,20140902 
Number is 85 
G.5.1_index_2_VS_G.5.5_index_3 [33] PLUS 1 
20140722,20140724,20140728,20140729,20140803,20140805,20140809,20140812,20140814,20140815,20140816,20140817,20140818,20140819,20140820,20140821,20140822,20140823,20140825,20140826,20140827 
Number is 87 
G.DB_index_5_VS_G.5.5_index_2 [34] 
20140715,20140717,20140720,20140721,20140723,20140724,20140729,20140801,20140807,20140809,20140810,20140816,20140817,20140818,20140819,20140820,20140821,20140823,20140826,20140829 
Number is 88 
G.1.1_index_1_VS_G.5.4_index_1 [35] 
20140715,20140719,20140723,20140725,20140727,20140801,20140802,20140806,20140812,20140813,20140814,20140816,20140817,20140818,20140819,20140820,20140821,20140826,20140830 
Number is 89 
G.4.1_index_4_VS_G.5.5_index_1 [36] 
20140715,20140718,20140721,20140722,20140724,20140730,20140731,20140801,20140803,20140806,20140807,20140809,20140813,20140816,20140817,20140818,20140819,20140820,20140821,20140827,20140901,20140902 
Number is 90 
G.5.5_index_1_VS_G.3.1_index_5 [37] 
20140716,20140720,20140721,20140722,20140725,20140729,20140731,20140801,20140806,20140808,20140810,20140812,20140816,20140817,20140818,20140819,20140820,20140821,20140824,20140825,20140827,20140830,20140901 
Number is 93 
G.7.2_index_2_VS_G.4.4_index_4 [38] PLUS 1 
20140715,20140717,20140720,20140726,20140731,20140802,20140803,20140810,20140811,20140812,20140816,20140817,20140818,20140819,20140820,20140821,20140822,20140823,20140826,20140827 
Number is 94 
G.7.2_index_2_VS_G.4.2_index_2 [39] 
20140715,20140716,20140719,20140720,20140724,20140726,20140727,20140728,20140729,20140802,20140805,20140806,20140808,20140809,20140810,20140811,20140815,20140816,20140817,20140818,20140819,20140820,20140821,20140823,20140825,20140826,20140827,20140828,20140830,20140901 
Number is 96 
G.DB_index_1_VS_G.3.1_index_4 [40] 
20140717,20140719,20140725,20140726,20140728,20140729,20140730,20140801,20140802,20140803,20140805,20140806,20140809,20140810,20140811,20140813,20140814,20140815,20140816,20140817,20140818,20140819,20140820,20140821,20140824,20140828,20140830,20140901,20140902 
Number is 99 
G.DB_index_1_VS_G.5.5_index_1 [41] 
20140715,20140718,20140719,20140722,20140727,20140730,20140731,20140801,20140806,20140810,20140812,20140816,20140817,20140818,20140819,20140820,20140821,20140823,20140824,20140825,20140826,20140829,20140901 
