======== Current: 20140825 ========= 
Number is 00 
G.5.5_index_1_VS_G.5.2_index_1 [1] 
20140715,20140718,20140720,20140722,20140726,20140727,20140730,20140801,20140802,20140806,20140807,20140808,20140809,20140810,20140811,20140812,20140815,20140818,20140819,20140820,20140821,20140822,20140823,20140824,20140827,20140829,20140830,20140902 
G.3.5_index_4_VS_G.5.2_index_1 [2] 
20140718,20140719,20140721,20140722,20140724,20140727,20140731,20140806,20140807,20140809,20140812,20140813,20140817,20140819,20140820,20140821,20140822,20140823,20140824,20140830,20140902 
Number is 01 
G.5.5_index_1_VS_G.5.4_index_3 [3] 
20140715,20140716,20140720,20140722,20140724,20140728,20140729,20140731,20140801,20140802,20140804,20140807,20140809,20140810,20140813,20140815,20140817,20140818,20140819,20140820,20140821,20140822,20140823,20140824,20140826,20140827,20140828,20140830,20140902 
Number is 03 
G.5.2_index_1_VS_G.5.5_index_2 [4] PLUS 1 
20140715,20140717,20140719,20140723,20140726,20140727,20140801,20140806,20140807,20140809,20140810,20140811,20140813,20140817,20140819,20140820,20140821,20140822,20140823,20140824,20140825,20140827,20140829 
Number is 04 
G.3.1_index_2_VS_G.6.2_index_1 [5] PLUS 1 
20140719,20140721,20140727,20140808,20140812,20140813,20140814,20140816,20140817,20140819,20140820,20140821,20140822,20140823,20140824,20140825,20140829,20140831,20140902 
Number is 08 
G.5.5_index_1_VS_G.7.3_index_1 [6] 
20140715,20140719,20140721,20140722,20140723,20140724,20140725,20140726,20140729,20140730,20140801,20140806,20140809,20140810,20140812,20140817,20140819,20140820,20140821,20140822,20140823,20140824,20140829 
Number is 09 
G.5.2_index_1_VS_G.5.6_index_2 [7] PLUS 1 
20140716,20140720,20140722,20140723,20140724,20140801,20140802,20140807,20140809,20140810,20140813,20140815,20140816,20140819,20140820,20140821,20140822,20140823,20140824,20140825,20140826,20140829,20140831,20140901,20140902 
Number is 10 
G.7.4_index_1_VS_G.4.4_index_4 [8] 
20140717,20140718,20140722,20140723,20140728,20140801,20140804,20140805,20140806,20140807,20140808,20140809,20140810,20140813,20140814,20140817,20140818,20140819,20140820,20140821,20140822,20140823,20140824,20140826,20140831,20140901,20140902 
G.5.4_index_3_VS_G.3.4_index_5 [9] 
20140717,20140718,20140720,20140729,20140730,20140801,20140802,20140803,20140806,20140807,20140809,20140810,20140811,20140813,20140816,20140817,20140819,20140820,20140821,20140822,20140823,20140824,20140826,20140831,20140902 
Number is 12 
G.4.1_index_3_VS_G.5.3_index_1 [10] 
20140715,20140718,20140722,20140723,20140728,20140730,20140731,20140801,20140803,20140805,20140806,20140807,20140810,20140813,20140817,20140818,20140819,20140820,20140821,20140822,20140823,20140824,20140827,20140828,20140831,20140902 
Number is 20 
G.2.1_index_1_VS_G.3.1_index_2 [11] PLUS 1 
20140719,20140720,20140721,20140724,20140725,20140729,20140730,20140801,20140802,20140808,20140810,20140814,20140815,20140816,20140819,20140820,20140821,20140822,20140823,20140824,20140825,20140826,20140831 
G.5.3_index_1_VS_G.3.1_index_2 [12] PLUS 1 
20140715,20140718,20140719,20140721,20140803,20140806,20140807,20140809,20140811,20140812,20140813,20140817,20140818,20140819,20140820,20140821,20140822,20140823,20140824,20140825,20140829,20140831 
Number is 21 
G.2.1_index_1_VS_G.4.1_index_3 [13] 
20140715,20140719,20140720,20140724,20140725,20140726,20140727,20140729,20140730,20140731,20140804,20140810,20140811,20140814,20140818,20140819,20140820,20140821,20140822,20140823,20140824,20140826,20140827,20140828,20140829,20140830,20140831,20140901 
Number is 22 
G.5.3_index_1_VS_G.5.4_index_4 [14] 
20140715,20140716,20140717,20140718,20140721,20140722,20140724,20140725,20140729,20140801,20140802,20140803,20140805,20140811,20140814,20140815,20140816,20140818,20140819,20140820,20140821,20140822,20140823,20140824,20140826,20140827,20140830,20140831 
Number is 28 
G.5.3_index_1_VS_G.6.3_index_1 [15] PLUS 1 
20140715,20140716,20140717,20140719,20140721,20140724,20140727,20140729,20140731,20140802,20140804,20140805,20140806,20140808,20140809,20140810,20140812,20140813,20140814,20140815,20140818,20140819,20140820,20140821,20140822,20140823,20140824,20140825,20140827,20140828,20140901 
Number is 59 
G.3.5_index_2_VS_G.3.1_index_3 [16] PLUS 1 
20140719,20140721,20140725,20140727,20140730,20140731,20140802,20140808,20140810,20140818,20140819,20140820,20140821,20140822,20140823,20140824,20140825,20140827,20140830 
Number is 67 
G.4.4_index_1_VS_G.3.4_index_3 [17] 
20140716,20140719,20140726,20140728,20140731,20140803,20140808,20140813,20140816,20140819,20140820,20140821,20140822,20140823,20140824,20140827,20140829,20140831,20140901,20140902 
Number is 70 
G.2.2_index_2_VS_G.5.2_index_1 [18] PLUS 1 
20140715,20140719,20140720,20140724,20140729,20140801,20140806,20140807,20140810,20140819,20140820,20140821,20140822,20140823,20140824,20140825,20140826,20140827,20140829,20140902 
G.3.2_index_5_VS_G.4.4_index_4 [19] PLUS 1 
20140715,20140716,20140717,20140718,20140720,20140721,20140725,20140726,20140807,20140808,20140809,20140811,20140812,20140817,20140819,20140820,20140821,20140822,20140823,20140824,20140825,20140826,20140901,20140902 
Number is 71 
G.3.4_index_3_VS_G.5.5_index_3 [20] 
20140718,20140719,20140720,20140722,20140723,20140724,20140726,20140727,20140728,20140804,20140805,20140812,20140816,20140817,20140819,20140820,20140821,20140822,20140823,20140824,20140826,20140828,20140829,20140831,20140902 
Number is 80 
G.7.3_index_1_VS_G.3.4_index_5 [21] 
20140717,20140718,20140720,20140722,20140723,20140727,20140728,20140731,20140804,20140805,20140809,20140810,20140815,20140816,20140817,20140819,20140820,20140821,20140822,20140823,20140824,20140827,20140828,20140901 
Number is 81 
G.5.4_index_1_VS_G.5.5_index_3 [22] PLUS 1 
20140715,20140717,20140718,20140722,20140726,20140730,20140731,20140804,20140805,20140806,20140808,20140809,20140811,20140817,20140818,20140819,20140820,20140821,20140822,20140823,20140824,20140825,20140826,20140827,20140829,20140830,20140902 
Number is 84 
G.3.4_index_1_VS_G.1.1_index_3 [23] 
20140715,20140716,20140724,20140725,20140729,20140802,20140803,20140805,20140806,20140807,20140811,20140814,20140818,20140819,20140820,20140821,20140822,20140823,20140824,20140826,20140827,20140828,20140901 
Number is 86 
G.DB_index_3_VS_G.3.4_index_4 [24] 
20140716,20140718,20140720,20140722,20140726,20140728,20140801,20140802,20140803,20140804,20140805,20140806,20140809,20140813,20140817,20140818,20140819,20140820,20140821,20140822,20140823,20140824,20140826,20140828,20140829 
Number is 88 
G.7.3_index_1_VS_G.3.4_index_1 [25] 
20140715,20140717,20140718,20140719,20140725,20140726,20140727,20140730,20140802,20140804,20140806,20140810,20140812,20140813,20140817,20140818,20140819,20140820,20140821,20140822,20140823,20140824,20140827,20140830,20140831,20140901,20140902 
Number is 90 
G.3.5_index_1_VS_G.7.2_index_2 [26] PLUS 1 
20140715,20140716,20140717,20140718,20140723,20140724,20140726,20140727,20140801,20140802,20140807,20140808,20140809,20140811,20140812,20140815,20140819,20140820,20140821,20140822,20140823,20140824,20140825,20140827,20140831,20140901 
