======== Current: 20140831 ========= 
Number is 11 
G.5.4_index_1_VS_G.2.2_index_3 [1] 
20140715,20140717,20140725,20140726,20140802,20140805,20140806,20140808,20140809,20140810,20140812,20140814,20140816,20140818,20140820,20140821,20140823,20140825,20140826,20140827,20140828,20140829,20140830,20140902 
Number is 12 
G.3.1_index_4_VS_G.3.6_index_5 [2] 
20140716,20140725,20140726,20140729,20140730,20140801,20140802,20140804,20140814,20140815,20140817,20140819,20140821,20140825,20140826,20140827,20140828,20140829,20140830,20140902 
G.3.3_index_5_VS_G.5.4_index_2 [3] 
20140715,20140717,20140718,20140720,20140721,20140723,20140724,20140726,20140727,20140731,20140801,20140802,20140803,20140805,20140807,20140812,20140813,20140815,20140817,20140819,20140823,20140825,20140826,20140827,20140828,20140829,20140830,20140902 
Number is 14 
G.3.6_index_2_VS_G.7.2_index_1 [4] PLUS 1 
20140717,20140718,20140721,20140724,20140726,20140727,20140729,20140801,20140802,20140808,20140809,20140811,20140814,20140819,20140823,20140824,20140825,20140826,20140827,20140828,20140829,20140830,20140831 
Number is 15 
G.3.2_index_5_VS_G.3.5_index_3 [5] PLUS 1 
20140715,20140716,20140718,20140719,20140721,20140730,20140731,20140801,20140802,20140805,20140811,20140812,20140814,20140817,20140820,20140823,20140825,20140826,20140827,20140828,20140829,20140830,20140831,20140902 
Number is 17 
G.4.3_index_1_VS_G.3.2_index_1 [6] PLUS 1 
20140715,20140716,20140719,20140721,20140722,20140723,20140724,20140725,20140729,20140801,20140802,20140805,20140806,20140811,20140812,20140813,20140814,20140819,20140820,20140822,20140823,20140824,20140825,20140826,20140827,20140828,20140829,20140830,20140831,20140902 
Number is 18 
G.3.2_index_5_VS_G.3.6_index_4 [7] PLUS 1 
20140716,20140718,20140719,20140721,20140722,20140727,20140728,20140729,20140730,20140801,20140804,20140805,20140810,20140812,20140814,20140817,20140818,20140819,20140820,20140825,20140826,20140827,20140828,20140829,20140830,20140831 
Number is 21 
G.3.4_index_5_VS_G.4.3_index_1 [8] 
20140716,20140719,20140722,20140723,20140726,20140729,20140731,20140802,20140806,20140808,20140810,20140814,20140815,20140819,20140820,20140821,20140822,20140825,20140826,20140827,20140828,20140829,20140830,20140902 
G.3.6_index_5_VS_G.5.4_index_1 [9] 
20140721,20140722,20140725,20140727,20140731,20140801,20140804,20140809,20140811,20140814,20140816,20140818,20140819,20140820,20140821,20140822,20140825,20140826,20140827,20140828,20140829,20140830,20140901 
Number is 28 
G.3.6_index_5_VS_G.3.4_index_4 [10] 
20140716,20140720,20140723,20140725,20140726,20140728,20140730,20140731,20140801,20140804,20140816,20140820,20140821,20140825,20140826,20140827,20140828,20140829,20140830 
Number is 36 
G.4.1_index_3_VS_G.5.1_index_2 [11] 
20140715,20140718,20140724,20140728,20140803,20140804,20140805,20140806,20140809,20140812,20140814,20140816,20140818,20140820,20140821,20140823,20140825,20140826,20140827,20140828,20140829,20140830 
Number is 45 
G.4.1_index_4_VS_G.5.3_index_1 [12] PLUS 1 
20140715,20140716,20140718,20140723,20140724,20140728,20140731,20140803,20140815,20140816,20140825,20140826,20140827,20140828,20140829,20140830,20140831,20140901 
Number is 50 
G.3.3_index_3_VS_G.3.4_index_3 [13] PLUS 1 
20140717,20140719,20140720,20140723,20140726,20140727,20140729,20140804,20140805,20140806,20140807,20140813,20140817,20140819,20140823,20140825,20140826,20140827,20140828,20140829,20140830,20140831 
Number is 51 
G.5.3_index_2_VS_G.1.1_index_4 [14] PLUS 1 
20140723,20140727,20140730,20140802,20140804,20140805,20140808,20140809,20140814,20140815,20140816,20140820,20140823,20140825,20140826,20140827,20140828,20140829,20140830,20140831 
Number is 55 
G.7.3_index_2_VS_G.3.5_index_3 [15] PLUS 1 
20140719,20140722,20140723,20140729,20140730,20140731,20140801,20140802,20140804,20140806,20140807,20140810,20140812,20140814,20140815,20140817,20140820,20140822,20140824,20140825,20140826,20140827,20140828,20140829,20140830,20140831 
G.3.5_index_3_VS_G.4.4_index_2 [16] PLUS 1 
20140715,20140716,20140718,20140719,20140724,20140725,20140731,20140801,20140810,20140813,20140815,20140818,20140819,20140820,20140822,20140825,20140826,20140827,20140828,20140829,20140830,20140831,20140901 
Number is 56 
G.3.3_index_3_VS_G.5.2_index_3 [17] 
20140715,20140717,20140720,20140721,20140723,20140727,20140728,20140731,20140808,20140809,20140810,20140811,20140816,20140817,20140819,20140822,20140823,20140825,20140826,20140827,20140828,20140829,20140830,20140901,20140902 
Number is 57 
G.3.5_index_3_VS_G.4.4_index_1 [18] 
20140715,20140716,20140717,20140718,20140721,20140726,20140728,20140729,20140730,20140731,20140803,20140811,20140817,20140820,20140821,20140823,20140825,20140826,20140827,20140828,20140829,20140830,20140901,20140902 
G.4.4_index_2_VS_G.3.5_index_2 [19] 
20140718,20140725,20140727,20140729,20140730,20140731,20140805,20140806,20140808,20140811,20140814,20140816,20140825,20140826,20140827,20140828,20140829,20140830,20140901 
G.3.5_index_3_VS_G.6.2_index_1 [20] 
20140716,20140723,20140724,20140727,20140807,20140808,20140809,20140812,20140815,20140817,20140819,20140820,20140822,20140825,20140826,20140827,20140828,20140829,20140830 
G.3.5_index_3_VS_G.3.1_index_3 [21] 
20140715,20140719,20140721,20140723,20140727,20140729,20140801,20140805,20140809,20140810,20140815,20140824,20140825,20140826,20140827,20140828,20140829,20140830,20140901,20140902 
Number is 58 
G.6.1_index_2_VS_G.3.4_index_4 [22] 
20140716,20140718,20140720,20140723,20140725,20140727,20140728,20140802,20140804,20140805,20140806,20140808,20140813,20140816,20140817,20140822,20140823,20140825,20140826,20140827,20140828,20140829,20140830,20140902 
Number is 62 
G.1.1_index_1_VS_G.5.4_index_2 [23] PLUS 1 
20140715,20140716,20140718,20140719,20140721,20140722,20140727,20140728,20140729,20140801,20140803,20140806,20140811,20140812,20140817,20140821,20140825,20140826,20140827,20140828,20140829,20140830,20140831,20140902 
Number is 65 
G.5.5_index_3_VS_G.3.6_index_1 [24] 
20140717,20140723,20140726,20140727,20140729,20140801,20140803,20140805,20140814,20140816,20140817,20140818,20140819,20140821,20140822,20140824,20140825,20140826,20140827,20140828,20140829,20140830,20140902 
Number is 66 
G.6.3_index_1_VS_G.2.1_index_4 [25] 
20140715,20140717,20140720,20140726,20140730,20140804,20140808,20140811,20140812,20140813,20140819,20140820,20140823,20140824,20140825,20140826,20140827,20140828,20140829,20140830,20140901,20140902 
G.4.2_index_3_VS_G.5.1_index_4 [26] 
20140717,20140725,20140727,20140729,20140804,20140805,20140812,20140814,20140815,20140817,20140819,20140825,20140826,20140827,20140828,20140829,20140830 
Number is 69 
G.5.1_index_1_VS_G.3.1_index_1 [27] PLUS 1 
20140721,20140724,20140727,20140801,20140805,20140806,20140807,20140812,20140813,20140815,20140818,20140820,20140822,20140824,20140825,20140826,20140827,20140828,20140829,20140830,20140831,20140901,20140902 
Number is 74 
G.DB_index_5_VS_G.5.6_index_1 [28] 
20140715,20140717,20140718,20140720,20140722,20140723,20140727,20140728,20140729,20140802,20140803,20140808,20140810,20140813,20140814,20140815,20140817,20140819,20140821,20140822,20140825,20140826,20140827,20140828,20140829,20140830,20140901 
Number is 75 
G.4.4_index_1_VS_G.3.3_index_3 [29] 
20140715,20140716,20140718,20140720,20140723,20140727,20140728,20140731,20140802,20140803,20140804,20140805,20140806,20140808,20140809,20140810,20140811,20140815,20140817,20140819,20140821,20140822,20140824,20140825,20140826,20140827,20140828,20140829,20140830 
Number is 76 
G.3.5_index_2_VS_G.6.3_index_1 [30] 
20140716,20140717,20140718,20140719,20140721,20140723,20140725,20140727,20140728,20140730,20140731,20140802,20140805,20140809,20140810,20140812,20140813,20140814,20140816,20140817,20140818,20140819,20140823,20140824,20140825,20140826,20140827,20140828,20140829,20140830 
Number is 84 
G.4.1_index_2_VS_G.7.2_index_1 [31] 
20140715,20140716,20140721,20140722,20140729,20140731,20140801,20140804,20140806,20140808,20140809,20140812,20140814,20140823,20140824,20140825,20140826,20140827,20140828,20140829,20140830,20140902 
Number is 85 
G.3.3_index_1_VS_G.3.3_index_3 [32] 
20140715,20140717,20140723,20140726,20140727,20140729,20140730,20140801,20140802,20140809,20140810,20140812,20140813,20140815,20140816,20140818,20140819,20140824,20140825,20140826,20140827,20140828,20140829,20140830 
Number is 94 
G.7.4_index_2_VS_G.4.1_index_4 [33] 
20140716,20140718,20140720,20140721,20140723,20140727,20140729,20140731,20140803,20140805,20140811,20140812,20140813,20140815,20140816,20140818,20140819,20140820,20140823,20140825,20140826,20140827,20140828,20140829,20140830 
Number is 96 
G.6.3_index_2_VS_G.5.1_index_2 [34] PLUS 1 
20140715,20140721,20140726,20140729,20140731,20140801,20140803,20140804,20140808,20140809,20140810,20140811,20140815,20140818,20140819,20140820,20140822,20140823,20140824,20140825,20140826,20140827,20140828,20140829,20140830,20140831 
Number is 99 
G.7.4_index_1_VS_G.2.1_index_5 [35] 
20140715,20140716,20140717,20140718,20140721,20140724,20140806,20140807,20140809,20140810,20140812,20140813,20140814,20140815,20140818,20140825,20140826,20140827,20140828,20140829,20140830 
