======== Current: 20160408 ========= 
Number is 02 
G.3.1_index_1_VS_G.3.2_index_1 [1] PLUS 1 
20160320,20160323,20160329,20160331,20160401,20160402,20160403,20160404,20160405,20160406,20160407,20160408,20160413,20160420,20160421,20160422,20160423,20160424,20160430 
Number is 06 
G.5.4_index_1_VS_G.2.2_index_3 [2] 
20160324,20160327,20160331,20160401,20160402,20160403,20160404,20160405,20160406,20160407,20160409,20160414,20160416,20160418,20160420,20160422,20160424,20160425,20160428,20160429,20160501 
Number is 10 
G.6.1_index_1_VS_G.3.1_index_2 [3] 
20160317,20160319,20160320,20160323,20160324,20160326,20160327,20160331,20160402,20160403,20160404,20160405,20160406,20160407,20160412,20160413,20160414,20160416,20160420,20160429,20160430 
Number is 11 
G.4.1_index_4_VS_G.6.1_index_1 [4] PLUS 1 
20160317,20160318,20160320,20160326,20160327,20160331,20160401,20160402,20160403,20160404,20160405,20160406,20160407,20160408,20160409,20160413,20160414,20160422,20160423,20160425,20160428,20160429 
Number is 13 
G.5.6_index_4_VS_G.3.5_index_3 [5] 
20160319,20160320,20160321,20160325,20160402,20160403,20160404,20160405,20160406,20160407,20160413,20160415,20160422,20160424,20160425,20160427,20160428,20160429,20160502 
Number is 15 
G.5.5_index_4_VS_G.5.2_index_1 [6] 
20160321,20160323,20160324,20160325,20160327,20160402,20160403,20160404,20160405,20160406,20160407,20160409,20160410,20160412,20160413,20160415,20160417,20160418,20160419,20160422,20160425,20160426 
Number is 19 
G.3.1_index_4_VS_G.3.2_index_5 [7] PLUS 1 
20160318,20160320,20160321,20160326,20160329,20160331,20160402,20160403,20160404,20160405,20160406,20160407,20160408,20160409,20160411,20160414,20160416,20160419,20160420,20160424,20160426 
Number is 23 
G.3.2_index_1_VS_G.4.4_index_1 [8] PLUS 1 
20160320,20160323,20160324,20160327,20160402,20160403,20160404,20160405,20160406,20160407,20160408,20160410,20160411,20160414,20160418,20160419,20160422,20160423,20160429 
Number is 30 
G.4.4_index_1_VS_G.5.4_index_1 [9] PLUS 1 
20160321,20160322,20160327,20160329,20160330,20160331,20160402,20160403,20160404,20160405,20160406,20160407,20160408,20160412,20160413,20160414,20160416,20160418,20160423,20160426 
Number is 31 
G.5.3_index_1_VS_G.1.1_index_2 [10] 
20160317,20160319,20160321,20160323,20160324,20160331,20160401,20160402,20160403,20160404,20160405,20160406,20160407,20160411,20160418,20160420,20160423,20160424,20160425,20160427,20160501 
Number is 32 
G.5.3_index_1_VS_G.3.2_index_1 [11] PLUS 1 
20160317,20160318,20160319,20160323,20160327,20160329,20160330,20160331,20160401,20160402,20160403,20160404,20160405,20160406,20160407,20160408,20160410,20160411,20160421,20160424,20160427,20160429,20160502 
Number is 35 
G.3.5_index_3_VS_G.5.1_index_2 [12] PLUS 1 
20160317,20160321,20160322,20160329,20160330,20160402,20160403,20160404,20160405,20160406,20160407,20160408,20160416,20160418,20160419,20160420,20160425,20160429,20160502 
Number is 38 
G.3.4_index_2_VS_G.6.3_index_2 [13] 
20160319,20160324,20160325,20160326,20160327,20160328,20160402,20160403,20160404,20160405,20160406,20160407,20160412,20160413,20160414,20160417,20160425,20160427,20160428,20160501 
Number is 42 
G.3.1_index_3_VS_G.4.3_index_3 [14] PLUS 1 
20160319,20160320,20160322,20160324,20160325,20160326,20160329,20160331,20160401,20160402,20160403,20160404,20160405,20160406,20160407,20160408,20160416,20160417,20160420,20160421,20160422,20160423,20160424,20160425,20160426,20160427,20160428,20160430,20160502 
Number is 53 
G.5.4_index_3_VS_G.DB_index_2 [15] PLUS 1 
20160319,20160323,20160324,20160326,20160327,20160329,20160401,20160402,20160403,20160404,20160405,20160406,20160407,20160408,20160409,20160412,20160416,20160417,20160421,20160424,20160429 
Number is 56 
G.5.6_index_2_VS_G.4.2_index_1 [16] 
20160317,20160322,20160325,20160328,20160401,20160402,20160403,20160404,20160405,20160406,20160407,20160409,20160412,20160413,20160414,20160416,20160417,20160418,20160426,20160428,20160429,20160430,20160502 
Number is 60 
G.3.5_index_4_VS_G.3.3_index_4 [17] 
20160317,20160318,20160323,20160324,20160325,20160331,20160402,20160403,20160404,20160405,20160406,20160407,20160409,20160413,20160416,20160417,20160420,20160422,20160423,20160501,20160502 
Number is 64 
G.5.5_index_2_VS_G.4.1_index_1 [18] 
20160320,20160323,20160324,20160325,20160327,20160328,20160331,20160402,20160403,20160404,20160405,20160406,20160407,20160410,20160412,20160413,20160414,20160415,20160419,20160421,20160424,20160426,20160429,20160501,20160502 
Number is 66 
G.7.3_index_1_VS_G.2.2_index_3 [19] 
20160317,20160329,20160330,20160402,20160403,20160404,20160405,20160406,20160407,20160409,20160413,20160421,20160422,20160425,20160427,20160502 
Number is 76 
G.5.5_index_1_VS_G.2.2_index_2 [20] PLUS 1 
20160318,20160319,20160322,20160323,20160324,20160328,20160330,20160402,20160403,20160404,20160405,20160406,20160407,20160408,20160410,20160415,20160416,20160417,20160419,20160421,20160424,20160425,20160428 
Number is 80 
G.5.3_index_4_VS_G.3.6_index_2 [21] PLUS 1 
20160317,20160321,20160322,20160324,20160330,20160331,20160402,20160403,20160404,20160405,20160406,20160407,20160408,20160410,20160412,20160415,20160416,20160421,20160422,20160425,20160428,20160501,20160502 
Number is 83 
G.6.3_index_2_VS_G.5.3_index_1 [22] 
20160318,20160319,20160321,20160328,20160401,20160402,20160403,20160404,20160405,20160406,20160407,20160410,20160411,20160417,20160418,20160420,20160422,20160426,20160427,20160429,20160502 
G.3.4_index_5_VS_G.3.6_index_1 [23] 
20160317,20160319,20160320,20160323,20160328,20160329,20160330,20160331,20160402,20160403,20160404,20160405,20160406,20160407,20160411,20160415,20160416,20160419,20160420,20160422,20160424,20160426,20160427,20160429,20160430,20160501 
Number is 89 
G.6.3_index_2_VS_G.4.3_index_1 [24] 
20160317,20160318,20160319,20160320,20160323,20160328,20160402,20160403,20160404,20160405,20160406,20160407,20160411,20160414,20160416,20160419,20160420,20160421,20160424,20160428,20160502 
G.6.3_index_2_VS_G.3.2_index_5 [25] 
20160320,20160321,20160323,20160324,20160325,20160326,20160327,20160329,20160402,20160403,20160404,20160405,20160406,20160407,20160413,20160414,20160415,20160416,20160420,20160424,20160425 
Number is 96 
G.2.2_index_4_VS_G.2.2_index_3 [26] 
20160321,20160322,20160323,20160327,20160402,20160403,20160404,20160405,20160406,20160407,20160409,20160412,20160420,20160423,20160428,20160502 
G.3.6_index_4_VS_G.2.1_index_4 [27] 
20160318,20160322,20160326,20160329,20160331,20160402,20160403,20160404,20160405,20160406,20160407,20160413,20160414,20160415,20160418,20160419,20160421,20160423,20160424,20160427,20160428,20160429,20160502 
