======== Current: 20160411 ========= 
Number is 03 
G.2.1_index_5_VS_G.7.2_index_2 [1] 
20160318,20160319,20160320,20160321,20160323,20160324,20160325,20160329,20160330,20160402,20160405,20160406,20160407,20160408,20160409,20160410,20160412,20160414,20160416,20160417,20160419,20160423,20160427 
Number is 10 
G.5.4_index_2_VS_G.2.1_index_5 [2] 
20160319,20160320,20160323,20160324,20160328,20160330,20160403,20160405,20160406,20160407,20160408,20160409,20160410,20160417,20160419,20160425,20160427,20160428,20160501 
Number is 15 
G.7.4_index_1_VS_G.5.4_index_1 [3] 
20160320,20160322,20160323,20160324,20160328,20160329,20160331,20160401,20160402,20160405,20160406,20160407,20160408,20160409,20160410,20160412,20160413,20160414,20160417,20160418,20160420,20160422,20160423,20160424,20160429,20160501,20160502 
Number is 20 
G.3.4_index_2_VS_G.4.2_index_3 [4] 
20160318,20160321,20160329,20160405,20160406,20160407,20160408,20160409,20160410,20160413,20160414,20160415,20160416,20160420,20160421,20160425,20160426,20160427,20160430,20160502 
Number is 21 
G.3.1_index_2_VS_G.4.3_index_3 [5] 
20160317,20160321,20160322,20160323,20160324,20160325,20160326,20160330,20160401,20160404,20160405,20160406,20160407,20160408,20160409,20160410,20160413,20160414,20160415,20160417,20160421,20160422,20160426,20160427,20160428,20160429,20160501 
Number is 30 
G.7.3_index_1_VS_G.3.4_index_1 [6] 
20160320,20160322,20160323,20160327,20160329,20160330,20160331,20160401,20160402,20160404,20160405,20160406,20160407,20160408,20160409,20160410,20160412,20160413,20160415,20160416,20160420,20160421,20160425 
Number is 32 
G.1.1_index_1_VS_G.4.4_index_4 [7] 
20160317,20160318,20160319,20160321,20160322,20160327,20160329,20160330,20160401,20160404,20160405,20160406,20160407,20160408,20160409,20160410,20160413,20160415,20160416,20160418,20160419,20160422,20160425,20160427,20160430,20160502 
Number is 34 
G.7.3_index_1_VS_G.DB_index_3 [8] PLUS 1 
20160317,20160323,20160324,20160327,20160329,20160402,20160404,20160405,20160406,20160407,20160408,20160409,20160410,20160411,20160412,20160414,20160417,20160418,20160419,20160421,20160430,20160501 
Number is 35 
G.7.2_index_2_VS_G.3.1_index_3 [9] 
20160317,20160318,20160319,20160320,20160321,20160325,20160328,20160329,20160331,20160402,20160403,20160405,20160406,20160407,20160408,20160409,20160410,20160416,20160419,20160421,20160423,20160424,20160502 
Number is 40 
G.5.3_index_2_VS_G.3.3_index_4 [10] PLUS 1 
20160318,20160322,20160405,20160406,20160407,20160408,20160409,20160410,20160411,20160415,20160416,20160419,20160423,20160425,20160501 
Number is 41 
G.2.2_index_2_VS_G.5.2_index_3 [11] PLUS 1 
20160318,20160320,20160322,20160324,20160329,20160330,20160331,20160401,20160404,20160405,20160406,20160407,20160408,20160409,20160410,20160411,20160413,20160415,20160416,20160419,20160420,20160421,20160423,20160426,20160427,20160428,20160429,20160430 
Number is 45 
G.3.2_index_1_VS_G.DB_index_5 [12] 
20160317,20160319,20160320,20160321,20160323,20160328,20160329,20160330,20160401,20160403,20160404,20160405,20160406,20160407,20160408,20160409,20160410,20160415,20160416,20160429 
Number is 53 
G.3.1_index_3_VS_G.3.6_index_3 [13] 
20160318,20160320,20160321,20160323,20160326,20160328,20160331,20160401,20160405,20160406,20160407,20160408,20160409,20160410,20160412,20160419,20160421,20160423,20160424,20160425,20160429,20160430,20160501 
Number is 58 
G.DB_index_5_VS_G.3.5_index_4 [14] 
20160318,20160321,20160323,20160324,20160325,20160326,20160328,20160329,20160330,20160403,20160404,20160405,20160406,20160407,20160408,20160409,20160410,20160416,20160417,20160424,20160425 
Number is 64 
G.5.5_index_1_VS_G.5.3_index_2 [15] 
20160318,20160324,20160325,20160331,20160401,20160402,20160404,20160405,20160406,20160407,20160408,20160409,20160410,20160413,20160415,20160416,20160417,20160419,20160421,20160422,20160424,20160425,20160427,20160428,20160429 
Number is 66 
G.1.1_index_2_VS_G.5.5_index_1 [16] 
20160317,20160318,20160319,20160322,20160323,20160324,20160330,20160403,20160404,20160405,20160406,20160407,20160408,20160409,20160410,20160416,20160417,20160418,20160420,20160421,20160422,20160424,20160430 
Number is 84 
G.DB_index_2_VS_G.DB_index_3 [17] 
20160321,20160322,20160323,20160324,20160326,20160327,20160329,20160403,20160404,20160405,20160406,20160407,20160408,20160409,20160410,20160415,20160416,20160418,20160419,20160425 
Number is 86 
G.4.2_index_2_VS_G.1.1_index_2 [18] PLUS 1 
20160317,20160318,20160319,20160322,20160323,20160324,20160328,20160329,20160330,20160331,20160403,20160404,20160405,20160406,20160407,20160408,20160409,20160410,20160411,20160412,20160414,20160415,20160416,20160418,20160419,20160420,20160426,20160427,20160430,20160502 
Number is 88 
G.4.1_index_3_VS_G.4.4_index_3 [19] 
20160318,20160319,20160320,20160324,20160327,20160328,20160329,20160401,20160403,20160405,20160406,20160407,20160408,20160409,20160410,20160412,20160413,20160416,20160419,20160423,20160427,20160430,20160501,20160502 
G.5.6_index_1_VS_G.3.6_index_2 [20] 
20160317,20160321,20160322,20160324,20160326,20160327,20160329,20160331,20160405,20160406,20160407,20160408,20160409,20160410,20160416,20160418,20160420,20160421,20160423,20160428,20160430 
Number is 92 
G.5.2_index_1_VS_G.3.4_index_2 [21] PLUS 1 
20160323,20160325,20160327,20160328,20160329,20160403,20160405,20160406,20160407,20160408,20160409,20160410,20160411,20160413,20160417,20160419,20160421,20160422,20160424,20160426,20160427,20160501 
Number is 95 
G.3.2_index_5_VS_G.DB_index_5 [22] 
20160319,20160320,20160321,20160323,20160324,20160329,20160403,20160404,20160405,20160406,20160407,20160408,20160409,20160410,20160414,20160415,20160422,20160424,20160502 
