======== Current: 20160412 ========= 
Number is 01 
G.3.6_index_3_VS_G.3.5_index_1 [1] 
20160319,20160321,20160325,20160327,20160330,20160331,20160401,20160402,20160406,20160407,20160408,20160409,20160410,20160411,20160420,20160426,20160501,20160502 
Number is 07 
G.2.2_index_1_VS_G.4.3_index_4 [2] PLUS 1 
20160323,20160324,20160327,20160328,20160331,20160402,20160406,20160407,20160408,20160409,20160410,20160411,20160412,20160414,20160417,20160418,20160426,20160430,20160501 
Number is 10 
G.5.2_index_1_VS_G.4.4_index_1 [3] 
20160317,20160321,20160323,20160327,20160329,20160330,20160403,20160404,20160406,20160407,20160408,20160409,20160410,20160411,20160413,20160420,20160421,20160423,20160425 
Number is 15 
G.5.2_index_1_VS_G.3.4_index_2 [4] 
20160323,20160325,20160327,20160328,20160329,20160403,20160405,20160406,20160407,20160408,20160409,20160410,20160411,20160413,20160417,20160419,20160421,20160422,20160424,20160426,20160427,20160501 
G.DB_index_3_VS_G.3.4_index_2 [5] 
20160319,20160321,20160325,20160331,20160402,20160403,20160406,20160407,20160408,20160409,20160410,20160411,20160413,20160415,20160416,20160417,20160427,20160428,20160430,20160502 
Number is 17 
G.5.6_index_1_VS_G.4.2_index_4 [6] PLUS 1 
20160317,20160318,20160321,20160322,20160323,20160326,20160328,20160329,20160330,20160331,20160402,20160406,20160407,20160408,20160409,20160410,20160411,20160412,20160414,20160415,20160417,20160419,20160420,20160422,20160428,20160429,20160430 
Number is 18 
G.6.1_index_3_VS_G.4.1_index_3 [7] 
20160320,20160321,20160323,20160329,20160330,20160406,20160407,20160408,20160409,20160410,20160411,20160420,20160422,20160423,20160430 
Number is 30 
G.5.1_index_4_VS_G.DB_index_2 [8] 
20160318,20160319,20160320,20160323,20160325,20160326,20160327,20160328,20160406,20160407,20160408,20160409,20160410,20160411,20160414,20160415,20160418,20160419,20160420,20160423,20160424,20160429 
Number is 40 
G.5.3_index_2_VS_G.3.3_index_4 [9] 
20160318,20160322,20160405,20160406,20160407,20160408,20160409,20160410,20160411,20160415,20160416,20160419,20160423,20160425,20160501 
Number is 41 
G.5.5_index_1_VS_G.3.5_index_1 [10] PLUS 1 
20160319,20160324,20160327,20160329,20160331,20160401,20160402,20160404,20160406,20160407,20160408,20160409,20160410,20160411,20160412,20160417,20160418,20160421,20160424,20160428,20160430 
Number is 45 
G.2.2_index_2_VS_G.5.2_index_3 [11] 
20160318,20160320,20160322,20160324,20160329,20160330,20160331,20160401,20160404,20160405,20160406,20160407,20160408,20160409,20160410,20160411,20160413,20160415,20160416,20160419,20160420,20160421,20160423,20160426,20160427,20160428,20160429,20160430 
Number is 51 
G.3.6_index_2_VS_G.4.3_index_3 [12] 
20160317,20160319,20160322,20160325,20160329,20160330,20160404,20160406,20160407,20160408,20160409,20160410,20160411,20160416,20160417,20160419,20160421,20160425,20160430,20160501,20160502 
G.3.3_index_1_VS_G.4.3_index_3 [13] 
20160321,20160322,20160330,20160401,20160406,20160407,20160408,20160409,20160410,20160411,20160414,20160415,20160418,20160419,20160420,20160422,20160423,20160425,20160429,20160430,20160501 
Number is 55 
G.3.3_index_1_VS_G.5.2_index_3 [14] 
20160317,20160323,20160324,20160325,20160329,20160330,20160331,20160401,20160403,20160404,20160406,20160407,20160408,20160409,20160410,20160411,20160413,20160414,20160417,20160423,20160429,20160430 
G.3.6_index_2_VS_G.5.2_index_3 [15] 
20160319,20160320,20160331,20160402,20160406,20160407,20160408,20160409,20160410,20160411,20160413,20160414,20160415,20160416,20160420,20160421,20160422,20160428,20160430,20160501,20160502 
Number is 71 
G.3.6_index_1_VS_G.DB_index_1 [16] PLUS 1 
20160317,20160320,20160321,20160322,20160323,20160329,20160330,20160331,20160403,20160404,20160406,20160407,20160408,20160409,20160410,20160411,20160412,20160416,20160418,20160419,20160420,20160421,20160423,20160426,20160429,20160430,20160501 
G.7.3_index_1_VS_G.DB_index_3 [17] PLUS 1 
20160317,20160323,20160324,20160327,20160329,20160402,20160404,20160405,20160406,20160407,20160408,20160409,20160410,20160411,20160412,20160414,20160417,20160418,20160419,20160421,20160430,20160501 
Number is 81 
G.3.5_index_5_VS_G.6.1_index_3 [18] 
20160320,20160322,20160324,20160325,20160327,20160403,20160406,20160407,20160408,20160409,20160410,20160411,20160413,20160414,20160415,20160416,20160417,20160420,20160422,20160423,20160425,20160427,20160429,20160430 
Number is 85 
G.4.2_index_2_VS_G.1.1_index_2 [19] PLUS 1 
20160317,20160318,20160319,20160322,20160323,20160324,20160328,20160329,20160330,20160331,20160403,20160404,20160405,20160406,20160407,20160408,20160409,20160410,20160411,20160412,20160414,20160415,20160416,20160418,20160419,20160420,20160426,20160427,20160430,20160502 
Number is 90 
G.3.2_index_1_VS_G.3.3_index_4 [20] 
20160318,20160323,20160324,20160327,20160328,20160331,20160402,20160404,20160406,20160407,20160408,20160409,20160410,20160411,20160413,20160414,20160417,20160418,20160419,20160424,20160427,20160428,20160429,20160502 
Number is 92 
G.3.6_index_5_VS_G.5.3_index_1 [21] 
20160317,20160321,20160323,20160324,20160326,20160329,20160403,20160404,20160406,20160407,20160408,20160409,20160410,20160411,20160413,20160415,20160416,20160419,20160421,20160423,20160424,20160425,20160427,20160429 
