======== Current: 20160413 ========= 
Number is 00 
G.3.6_index_1_VS_G.DB_index_1 [1] 
20160317,20160320,20160321,20160322,20160323,20160329,20160330,20160331,20160403,20160404,20160406,20160407,20160408,20160409,20160410,20160411,20160412,20160416,20160418,20160419,20160420,20160421,20160423,20160426,20160429,20160430,20160501 
Number is 03 
G.1.1_index_1_VS_G.5.4_index_2 [2] 
20160317,20160324,20160326,20160328,20160401,20160402,20160407,20160408,20160409,20160410,20160411,20160412,20160419,20160420,20160422,20160423,20160424,20160425,20160429,20160430,20160502 
Number is 08 
G.1.1_index_1_VS_G.2.2_index_5 [3] 
20160317,20160318,20160320,20160323,20160327,20160328,20160330,20160401,20160402,20160407,20160408,20160409,20160410,20160411,20160412,20160419,20160424,20160430,20160502 
Number is 10 
G.4.4_index_1_VS_G.5.1_index_2 [4] PLUS 1 
20160318,20160327,20160328,20160329,20160330,20160331,20160403,20160404,20160407,20160408,20160409,20160410,20160411,20160412,20160413,20160415,20160416,20160427,20160428,20160430 
Number is 13 
G.4.4_index_1_VS_G.5.1_index_1 [5] 
20160319,20160320,20160321,20160327,20160404,20160407,20160408,20160409,20160410,20160411,20160412,20160417,20160418,20160422,20160423,20160426,20160430,20160502 
Number is 17 
G.4.2_index_2_VS_G.1.1_index_2 [6] 
20160317,20160318,20160319,20160322,20160323,20160324,20160328,20160329,20160330,20160331,20160403,20160404,20160405,20160406,20160407,20160408,20160409,20160410,20160411,20160412,20160414,20160415,20160416,20160418,20160419,20160420,20160426,20160427,20160430,20160502 
G.5.3_index_4_VS_G.5.3_index_3 [7] 
20160319,20160320,20160322,20160329,20160401,20160402,20160403,20160404,20160407,20160408,20160409,20160410,20160411,20160412,20160414,20160418,20160424,20160425,20160426,20160428,20160501,20160502 
Number is 27 
G.4.2_index_1_VS_G.3.5_index_5 [8] 
20160319,20160321,20160324,20160327,20160329,20160330,20160331,20160401,20160404,20160405,20160407,20160408,20160409,20160410,20160411,20160412,20160416,20160417,20160418,20160419,20160420,20160422,20160426,20160430,20160502 
Number is 30 
G.3.3_index_1_VS_G.5.6_index_3 [9] 
20160317,20160321,20160322,20160323,20160324,20160326,20160327,20160329,20160330,20160401,20160404,20160405,20160407,20160408,20160409,20160410,20160411,20160412,20160416,20160419,20160421,20160422,20160501,20160502 
Number is 48 
G.7.3_index_1_VS_G.DB_index_3 [10] 
20160317,20160323,20160324,20160327,20160329,20160402,20160404,20160405,20160406,20160407,20160408,20160409,20160410,20160411,20160412,20160414,20160417,20160418,20160419,20160421,20160430,20160501 
Number is 49 
G.3.2_index_4_VS_G.6.1_index_3 [11] 
20160318,20160323,20160401,20160402,20160404,20160407,20160408,20160409,20160410,20160411,20160412,20160415,20160419,20160430 
Number is 55 
G.4.3_index_4_VS_G.3.6_index_3 [12] PLUS 1 
20160320,20160321,20160323,20160324,20160326,20160327,20160330,20160331,20160403,20160407,20160408,20160409,20160410,20160411,20160412,20160413,20160416,20160419,20160421,20160424,20160501 
Number is 56 
G.3.6_index_3_VS_G.5.6_index_4 [13] 
20160318,20160319,20160321,20160324,20160326,20160327,20160328,20160330,20160401,20160403,20160405,20160407,20160408,20160409,20160410,20160411,20160412,20160425,20160429,20160502 
Number is 61 
G.6.2_index_2_VS_G.4.4_index_1 [14] 
20160319,20160320,20160321,20160323,20160326,20160327,20160329,20160330,20160331,20160403,20160404,20160407,20160408,20160409,20160410,20160411,20160412,20160417,20160418,20160421,20160422,20160427,20160428,20160429 
Number is 65 
G.2.2_index_1_VS_G.4.3_index_4 [15] 
20160323,20160324,20160327,20160328,20160331,20160402,20160406,20160407,20160408,20160409,20160410,20160411,20160412,20160414,20160417,20160418,20160426,20160430,20160501 
Number is 71 
G.6.1_index_1_VS_G.4.2_index_2 [16] 
20160317,20160318,20160321,20160322,20160323,20160324,20160327,20160330,20160403,20160404,20160407,20160408,20160409,20160410,20160411,20160412,20160414,20160419,20160424,20160429,20160430,20160502 
Number is 73 
G.3.3_index_2_VS_G.5.5_index_3 [17] 
20160319,20160322,20160323,20160326,20160327,20160330,20160331,20160401,20160404,20160407,20160408,20160409,20160410,20160411,20160412,20160414,20160415,20160417,20160419,20160420,20160422,20160423,20160424,20160427,20160428,20160430,20160501,20160502 
Number is 74 
G.5.2_index_4_VS_G.7.4_index_1 [18] 
20160318,20160323,20160327,20160329,20160401,20160403,20160407,20160408,20160409,20160410,20160411,20160412,20160414,20160418,20160420,20160423,20160425,20160426,20160428,20160429 
Number is 77 
G.7.1_index_2_VS_G.1.1_index_2 [19] 
20160317,20160319,20160401,20160402,20160405,20160407,20160408,20160409,20160410,20160411,20160412,20160417,20160418,20160420,20160421,20160424,20160429 
Number is 89 
G.4.2_index_4_VS_G.6.1_index_3 [20] 
20160317,20160318,20160319,20160321,20160322,20160323,20160325,20160326,20160328,20160331,20160402,20160403,20160404,20160407,20160408,20160409,20160410,20160411,20160412,20160414,20160415,20160416,20160417,20160419,20160420,20160424,20160425,20160426,20160429,20160430,20160501 
G.5.5_index_1_VS_G.3.5_index_1 [21] 
20160319,20160324,20160327,20160329,20160331,20160401,20160402,20160404,20160406,20160407,20160408,20160409,20160410,20160411,20160412,20160417,20160418,20160421,20160424,20160428,20160430 
G.5.5_index_1_VS_G.5.6_index_1 [22] 
20160323,20160327,20160328,20160401,20160403,20160404,20160407,20160408,20160409,20160410,20160411,20160412,20160416,20160417,20160418,20160420,20160421,20160422,20160424,20160428,20160429,20160430 
G.5.5_index_1_VS_G.6.1_index_3 [23] 
20160321,20160322,20160323,20160326,20160329,20160330,20160401,20160407,20160408,20160409,20160410,20160411,20160412,20160415,20160417,20160420,20160426,20160428 
Number is 91 
G.4.3_index_2_VS_G.4.4_index_1 [24] PLUS 1 
20160318,20160320,20160321,20160326,20160327,20160329,20160330,20160331,20160402,20160403,20160404,20160405,20160407,20160408,20160409,20160410,20160411,20160412,20160413,20160417,20160420,20160425,20160428,20160502 
Number is 98 
G.5.6_index_1_VS_G.4.2_index_4 [25] 
20160317,20160318,20160321,20160322,20160323,20160326,20160328,20160329,20160330,20160331,20160402,20160406,20160407,20160408,20160409,20160410,20160411,20160412,20160414,20160415,20160417,20160419,20160420,20160422,20160428,20160429,20160430 
