======== Current: 20160414 ========= 
Number is 07 
G.4.2_index_2_VS_G.4.4_index_2 [1] 
20160319,20160325,20160331,20160403,20160406,20160408,20160409,20160410,20160411,20160412,20160413,20160416,20160419,20160420,20160424,20160425,20160427,20160429,20160430,20160502 
Number is 08 
G.7.1_index_1_VS_G.DB_index_3 [2] 
20160317,20160318,20160321,20160323,20160324,20160326,20160327,20160329,20160408,20160409,20160410,20160411,20160412,20160413,20160415,20160416,20160423,20160428,20160429 
Number is 21 
G.2.1_index_5_VS_G.3.5_index_5 [3] PLUS 1 
20160320,20160321,20160323,20160325,20160326,20160408,20160409,20160410,20160411,20160412,20160413,20160414,20160418,20160419,20160421,20160422,20160425,20160426,20160427,20160502 
Number is 24 
G.5.5_index_3_VS_G.2.1_index_2 [4] 
20160317,20160318,20160320,20160321,20160324,20160325,20160329,20160403,20160405,20160408,20160409,20160410,20160411,20160412,20160413,20160416,20160418,20160420,20160422,20160423,20160424,20160425,20160427,20160428 
Number is 27 
G.4.3_index_4_VS_G.3.6_index_3 [5] 
20160320,20160321,20160323,20160324,20160326,20160327,20160330,20160331,20160403,20160407,20160408,20160409,20160410,20160411,20160412,20160413,20160416,20160419,20160421,20160424,20160501 
Number is 32 
G.3.4_index_4_VS_G.1.1_index_2 [6] 
20160317,20160318,20160320,20160323,20160325,20160329,20160331,20160402,20160403,20160404,20160406,20160408,20160409,20160410,20160411,20160412,20160413,20160417,20160420,20160421,20160424,20160425,20160430,20160501 
Number is 44 
G.5.2_index_3_VS_G.7.3_index_1 [7] 
20160317,20160329,20160330,20160331,20160401,20160402,20160405,20160406,20160408,20160409,20160410,20160411,20160412,20160413,20160416,20160417,20160420,20160421,20160427,20160428,20160430 
Number is 45 
G.2.1_index_2_VS_G.4.1_index_1 [8] PLUS 1 
20160318,20160321,20160324,20160328,20160401,20160402,20160403,20160404,20160405,20160406,20160408,20160409,20160410,20160411,20160412,20160413,20160414,20160421,20160423,20160427,20160502 
Number is 61 
G.3.6_index_5_VS_G.3.5_index_1 [9] 
20160317,20160318,20160322,20160323,20160325,20160326,20160327,20160329,20160404,20160408,20160409,20160410,20160411,20160412,20160413,20160420,20160421,20160423,20160424,20160428,20160502 
Number is 62 
G.3.6_index_5_VS_G.6.1_index_3 [10] 
20160317,20160318,20160320,20160321,20160323,20160325,20160327,20160329,20160402,20160405,20160406,20160408,20160409,20160410,20160411,20160412,20160413,20160415,20160420,20160428,20160502 
Number is 63 
G.DB_index_4_VS_G.4.1_index_4 [11] 
20160319,20160322,20160326,20160327,20160402,20160408,20160409,20160410,20160411,20160412,20160413,20160421,20160423,20160425,20160426,20160501,20160502 
Number is 68 
G.4.3_index_2_VS_G.4.4_index_1 [12] 
20160318,20160320,20160321,20160326,20160327,20160329,20160330,20160331,20160402,20160403,20160404,20160405,20160407,20160408,20160409,20160410,20160411,20160412,20160413,20160417,20160420,20160425,20160428,20160502 
Number is 72 
G.3.6_index_3_VS_G.1.1_index_2 [13] 
20160317,20160318,20160319,20160322,20160323,20160327,20160329,20160401,20160402,20160405,20160406,20160408,20160409,20160410,20160411,20160412,20160413,20160416,20160418,20160421,20160426,20160428,20160429,20160430 
Number is 75 
G.6.2_index_2_VS_G.6.3_index_3 [14] 
20160318,20160319,20160325,20160326,20160327,20160330,20160401,20160402,20160404,20160408,20160409,20160410,20160411,20160412,20160413,20160418,20160419,20160421,20160422,20160423,20160424,20160426,20160429,20160502 
Number is 80 
G.4.4_index_1_VS_G.5.1_index_2 [15] 
20160318,20160327,20160328,20160329,20160330,20160331,20160403,20160404,20160407,20160408,20160409,20160410,20160411,20160412,20160413,20160415,20160416,20160427,20160428,20160430 
Number is 86 
G.5.5_index_4_VS_G.3.1_index_5 [16] 
20160318,20160320,20160321,20160322,20160324,20160326,20160330,20160331,20160402,20160403,20160404,20160405,20160406,20160408,20160409,20160410,20160411,20160412,20160413,20160417,20160419,20160420,20160421,20160422,20160428,20160429,20160430,20160502 
Number is 94 
G.6.2_index_3_VS_G.7.3_index_1 [17] 
20160318,20160322,20160323,20160330,20160401,20160403,20160405,20160406,20160408,20160409,20160410,20160411,20160412,20160413,20160416,20160422,20160428,20160429,20160501,20160502 
