======== Current: 20160418 ========= 
Number is 08 
G.DB_index_4_VS_G.4.1_index_3 [1] 
20160326,20160402,20160403,20160405,20160407,20160409,20160412,20160413,20160414,20160415,20160416,20160417,20160422,20160424,20160425 
Number is 24 
G.5.4_index_3_VS_G.3.2_index_2 [2] 
20160317,20160318,20160320,20160322,20160326,20160327,20160404,20160406,20160407,20160412,20160413,20160414,20160415,20160416,20160417,20160420,20160421,20160422,20160427,20160428 
Number is 28 
G.3.1_index_5_VS_G.3.2_index_5 [3] 
20160317,20160319,20160323,20160325,20160326,20160327,20160401,20160406,20160408,20160409,20160411,20160412,20160413,20160414,20160415,20160416,20160417,20160425,20160426,20160427,20160501,20160502 
Number is 29 
G.3.1_index_5_VS_G.6.2_index_1 [4] 
20160318,20160319,20160320,20160321,20160322,20160327,20160329,20160331,20160402,20160404,20160405,20160406,20160409,20160410,20160412,20160413,20160414,20160415,20160416,20160417,20160420,20160421,20160425,20160426,20160428,20160430,20160501 
Number is 32 
G.2.2_index_5_VS_G.7.2_index_2 [5] 
20160317,20160320,20160321,20160324,20160325,20160329,20160401,20160403,20160406,20160408,20160410,20160411,20160412,20160413,20160414,20160415,20160416,20160417,20160420,20160424,20160425,20160426,20160427 
Number is 55 
G.5.4_index_1_VS_G.6.3_index_2 [6] 
20160317,20160318,20160319,20160322,20160324,20160328,20160329,20160330,20160401,20160403,20160405,20160406,20160408,20160410,20160412,20160413,20160414,20160415,20160416,20160417,20160420,20160421,20160423,20160427,20160428,20160429,20160501,20160502 
Number is 56 
G.6.3_index_2_VS_G.5.2_index_3 [7] 
20160319,20160324,20160326,20160328,20160329,20160401,20160406,20160410,20160411,20160412,20160413,20160414,20160415,20160416,20160417,20160419,20160421,20160422,20160424,20160428,20160429,20160502 
G.1.1_index_3_VS_G.3.4_index_3 [8] 
20160317,20160319,20160323,20160324,20160401,20160404,20160407,20160408,20160409,20160411,20160412,20160413,20160414,20160415,20160416,20160417,20160419,20160420,20160424,20160425,20160427,20160430,20160501 
Number is 61 
G.5.2_index_3_VS_G.3.6_index_1 [9] 
20160317,20160318,20160319,20160320,20160325,20160328,20160329,20160331,20160405,20160407,20160409,20160410,20160411,20160412,20160413,20160414,20160415,20160416,20160417,20160426,20160428,20160429,20160430 
G.5.2_index_3_VS_G.3.1_index_3 [10] 
20160317,20160318,20160319,20160321,20160322,20160324,20160327,20160401,20160402,20160405,20160410,20160412,20160413,20160414,20160415,20160416,20160417,20160419,20160421,20160423,20160424,20160426,20160430,20160501,20160502 
Number is 65 
G.4.3_index_4_VS_G.DB_index_3 [11] 
20160321,20160323,20160324,20160326,20160327,20160329,20160404,20160406,20160408,20160409,20160410,20160412,20160413,20160414,20160415,20160416,20160417,20160420,20160421,20160423,20160428,20160430,20160501 
Number is 75 
G.2.1_index_1_VS_G.5.4_index_1 [12] PLUS 1 
20160317,20160320,20160322,20160323,20160327,20160328,20160331,20160402,20160403,20160411,20160412,20160413,20160414,20160415,20160416,20160417,20160418,20160422,20160425,20160427 
G.4.1_index_2_VS_G.DB_index_3 [13] PLUS 1 
20160320,20160321,20160324,20160327,20160328,20160329,20160330,20160402,20160403,20160406,20160407,20160408,20160409,20160411,20160412,20160413,20160414,20160415,20160416,20160417,20160418,20160420,20160422,20160428 
Number is 83 
G.7.2_index_1_VS_G.5.2_index_1 [14] 
20160318,20160320,20160323,20160324,20160327,20160329,20160330,20160401,20160403,20160406,20160412,20160413,20160414,20160415,20160416,20160417,20160421,20160425,20160427,20160429,20160501 
Number is 91 
G.7.3_index_1_VS_G.3.6_index_2 [15] 
20160319,20160320,20160326,20160328,20160329,20160330,20160404,20160406,20160410,20160412,20160413,20160414,20160415,20160416,20160417,20160421,20160428,20160429,20160501 
Number is 95 
G.7.3_index_1_VS_G.1.1_index_3 [16] PLUS 1 
20160318,20160320,20160321,20160323,20160331,20160401,20160406,20160410,20160411,20160412,20160413,20160414,20160415,20160416,20160417,20160418,20160420,20160427,20160428,20160429 
G.7.3_index_1_VS_G.6.3_index_1 [17] PLUS 1 
20160317,20160320,20160321,20160322,20160326,20160329,20160330,20160401,20160402,20160404,20160405,20160406,20160409,20160410,20160412,20160413,20160414,20160415,20160416,20160417,20160418,20160420,20160421,20160423,20160426,20160427,20160428,20160429,20160501,20160502 
