======== Current: 20160422 ========= 
Number is 03 
G.DB_index_1_VS_G.5.2_index_2 [1] 
20160317,20160318,20160319,20160320,20160321,20160323,20160324,20160325,20160326,20160327,20160401,20160408,20160409,20160410,20160411,20160412,20160414,20160415,20160416,20160417,20160418,20160419,20160420,20160421,20160423,20160425,20160426,20160427,20160430 
Number is 10 
G.6.3_index_2_VS_G.DB_index_1 [2] PLUS 1 
20160319,20160321,20160322,20160324,20160325,20160330,20160401,20160402,20160404,20160405,20160412,20160414,20160416,20160417,20160418,20160419,20160420,20160421,20160422,20160425,20160428,20160430 
Number is 11 
G.4.4_index_3_VS_G.6.3_index_2 [3] 
20160317,20160319,20160324,20160325,20160328,20160329,20160330,20160331,20160401,20160404,20160412,20160413,20160415,20160416,20160417,20160418,20160419,20160420,20160421,20160423,20160424,20160429,20160430,20160502 
G.3.2_index_3_VS_G.6.3_index_2 [4] 
20160319,20160321,20160323,20160328,20160331,20160402,20160406,20160407,20160414,20160416,20160417,20160418,20160419,20160420,20160421,20160425,20160427 
Number is 16 
G.6.3_index_2_VS_G.DB_index_2 [5] PLUS 1 
20160322,20160328,20160329,20160401,20160403,20160405,20160406,20160407,20160410,20160412,20160415,20160416,20160417,20160418,20160419,20160420,20160421,20160422,20160501 
Number is 17 
G.6.3_index_2_VS_G.5.5_index_3 [6] 
20160318,20160326,20160329,20160403,20160404,20160406,20160407,20160413,20160414,20160415,20160416,20160417,20160418,20160419,20160420,20160421,20160423,20160424,20160501 
Number is 19 
G.3.1_index_4_VS_G.3.6_index_2 [7] 
20160319,20160320,20160321,20160328,20160403,20160404,20160405,20160406,20160412,20160416,20160417,20160418,20160419,20160420,20160421,20160423,20160425 
Number is 23 
G.7.2_index_1_VS_G.4.3_index_4 [8] PLUS 1 
20160319,20160320,20160322,20160323,20160324,20160326,20160327,20160401,20160402,20160407,20160408,20160409,20160413,20160416,20160417,20160418,20160419,20160420,20160421,20160422,20160424,20160426,20160429,20160501,20160502 
Number is 33 
G.5.6_index_4_VS_G.2.2_index_2 [9] 
20160320,20160321,20160322,20160324,20160330,20160404,20160406,20160407,20160409,20160411,20160413,20160414,20160416,20160417,20160418,20160419,20160420,20160421,20160423,20160424,20160426,20160428,20160501,20160502 
G.2.1_index_3_VS_G.2.2_index_2 [10] 
20160320,20160321,20160323,20160325,20160326,20160328,20160329,20160330,20160331,20160406,20160407,20160409,20160410,20160413,20160416,20160417,20160418,20160419,20160420,20160421,20160501 
Number is 37 
G.2.2_index_4_VS_G.5.3_index_2 [11] 
20160317,20160319,20160322,20160327,20160331,20160401,20160408,20160412,20160413,20160416,20160417,20160418,20160419,20160420,20160421,20160423,20160424,20160425,20160428,20160502 
Number is 41 
G.6.3_index_3_VS_G.6.3_index_2 [12] 
20160318,20160319,20160320,20160325,20160327,20160329,20160330,20160401,20160403,20160404,20160406,20160407,20160408,20160412,20160414,20160416,20160417,20160418,20160419,20160420,20160421,20160425,20160429,20160501,20160502 
Number is 44 
G.6.3_index_3_VS_G.7.1_index_2 [13] 
20160318,20160320,20160325,20160327,20160328,20160330,20160401,20160402,20160404,20160411,20160412,20160416,20160417,20160418,20160419,20160420,20160421,20160423,20160426,20160501 
Number is 48 
G.5.3_index_3_VS_G.DB_index_4 [14] 
20160319,20160320,20160327,20160411,20160412,20160414,20160416,20160417,20160418,20160419,20160420,20160421,20160424,20160429 
Number is 64 
G.7.3_index_1_VS_G.7.3_index_2 [15] 
20160320,20160328,20160330,20160404,20160406,20160407,20160409,20160410,20160412,20160414,20160416,20160417,20160418,20160419,20160420,20160421,20160425,20160426,20160429,20160430 
Number is 65 
G.5.2_index_1_VS_G.3.2_index_1 [16] 
20160317,20160318,20160321,20160324,20160329,20160403,20160404,20160405,20160406,20160412,20160413,20160414,20160416,20160417,20160418,20160419,20160420,20160421,20160423,20160424,20160502 
Number is 74 
G.5.5_index_3_VS_G.7.1_index_2 [17] PLUS 1 
20160318,20160325,20160326,20160328,20160329,20160330,20160402,20160403,20160408,20160411,20160412,20160416,20160417,20160418,20160419,20160420,20160421,20160422,20160424,20160425,20160428,20160501 
Number is 76 
G.5.5_index_3_VS_G.5.2_index_1 [18] 
20160318,20160323,20160329,20160402,20160403,20160404,20160406,20160407,20160408,20160410,20160412,20160414,20160416,20160417,20160418,20160419,20160420,20160421,20160423,20160425,20160426,20160427,20160501,20160502 
Number is 84 
G.DB_index_4_VS_G.7.3_index_2 [19] 
20160323,20160326,20160328,20160330,20160401,20160402,20160403,20160407,20160408,20160412,20160413,20160415,20160416,20160417,20160418,20160419,20160420,20160421,20160424,20160425,20160426,20160430 
G.3.1_index_3_VS_G.7.1_index_2 [20] 
20160318,20160320,20160324,20160325,20160328,20160329,20160330,20160403,20160404,20160405,20160408,20160409,20160412,20160416,20160417,20160418,20160419,20160420,20160421,20160423,20160425,20160426,20160427,20160429,20160501,20160502 
Number is 88 
G.6.3_index_1_VS_G.DB_index_4 [21] 
20160317,20160320,20160321,20160322,20160325,20160326,20160327,20160329,20160408,20160416,20160417,20160418,20160419,20160420,20160421,20160423,20160425,20160426,20160501 
Number is 96 
G.5.6_index_3_VS_G.DB_index_2 [22] 
20160320,20160322,20160323,20160327,20160328,20160329,20160330,20160401,20160404,20160407,20160409,20160410,20160411,20160413,20160416,20160417,20160418,20160419,20160420,20160421,20160427,20160429,20160501,20160502 
Number is 97 
G.4.3_index_3_VS_G.3.2_index_2 [23] PLUS 1 
20160321,20160322,20160323,20160325,20160326,20160328,20160330,20160331,20160401,20160404,20160406,20160407,20160414,20160416,20160417,20160418,20160419,20160420,20160421,20160422,20160425,20160426,20160429 
