======== Current: 20160424 ========= 
Number is 14 
G.5.1_index_3_VS_G.5.5_index_4 [1] 
20160317,20160320,20160321,20160322,20160325,20160326,20160328,20160329,20160330,20160331,20160401,20160403,20160405,20160406,20160410,20160412,20160413,20160414,20160415,20160416,20160418,20160419,20160420,20160421,20160422,20160423,20160425,20160426,20160428,20160430,20160502 
Number is 17 
G.5.1_index_3_VS_G.4.1_index_1 [2] PLUS 1 
20160318,20160319,20160320,20160321,20160323,20160324,20160325,20160326,20160329,20160330,20160401,20160403,20160406,20160408,20160410,20160411,20160414,20160415,20160418,20160419,20160420,20160421,20160422,20160423,20160424,20160426,20160430 
Number is 21 
G.5.6_index_3_VS_G.5.5_index_3 [3] 
20160318,20160323,20160324,20160327,20160402,20160403,20160404,20160405,20160407,20160410,20160411,20160414,20160415,20160418,20160419,20160420,20160421,20160422,20160423,20160501 
G.6.3_index_1_VS_G.5.5_index_3 [4] 
20160318,20160320,20160321,20160322,20160323,20160324,20160325,20160329,20160404,20160406,20160407,20160408,20160409,20160410,20160412,20160413,20160414,20160415,20160418,20160419,20160420,20160421,20160422,20160423,20160425,20160427,20160428,20160502 
G.5.6_index_3_VS_G.DB_index_4 [5] 
20160317,20160318,20160319,20160323,20160326,20160327,20160328,20160404,20160410,20160411,20160413,20160415,20160416,20160418,20160419,20160420,20160421,20160422,20160423 
Number is 22 
G.4.4_index_1_VS_G.6.3_index_1 [6] 
20160317,20160320,20160322,20160327,20160329,20160402,20160404,20160408,20160409,20160411,20160412,20160415,20160416,20160418,20160419,20160420,20160421,20160422,20160423,20160427,20160428,20160501,20160502 
Number is 24 
G.6.3_index_1_VS_G.3.1_index_2 [7] 
20160318,20160319,20160321,20160322,20160323,20160324,20160325,20160326,20160330,20160401,20160403,20160404,20160405,20160406,20160412,20160414,20160415,20160416,20160418,20160419,20160420,20160421,20160422,20160423,20160427,20160428,20160430 
Number is 42 
G.3.1_index_2_VS_G.5.6_index_3 [8] 
20160323,20160325,20160327,20160330,20160404,20160408,20160409,20160413,20160418,20160419,20160420,20160421,20160422,20160423,20160426,20160427,20160428,20160501 
Number is 45 
G.5.5_index_4_VS_G.6.3_index_2 [9] PLUS 1 
20160318,20160319,20160321,20160324,20160325,20160326,20160327,20160328,20160329,20160401,20160403,20160405,20160406,20160407,20160414,20160417,20160418,20160419,20160420,20160421,20160422,20160423,20160424,20160428,20160430 
Number is 58 
G.6.3_index_2_VS_G.3.6_index_5 [10] 
20160319,20160323,20160329,20160403,20160406,20160407,20160410,20160411,20160414,20160417,20160418,20160419,20160420,20160421,20160422,20160423,20160425,20160428,20160502 
Number is 73 
G.2.2_index_2_VS_G.DB_index_2 [11] PLUS 1 
20160320,20160322,20160323,20160324,20160326,20160328,20160329,20160330,20160331,20160401,20160404,20160406,20160408,20160409,20160410,20160415,20160416,20160418,20160419,20160420,20160421,20160422,20160423,20160424,20160425,20160428,20160501,20160502 
G.4.1_index_1_VS_G.5.3_index_3 [12] PLUS 1 
20160319,20160320,20160322,20160323,20160324,20160325,20160326,20160329,20160331,20160402,20160403,20160406,20160407,20160410,20160411,20160412,20160414,20160418,20160419,20160420,20160421,20160422,20160423,20160424,20160425,20160426,20160428,20160502 
Number is 74 
G.DB_index_1_VS_G.5.6_index_1 [13] 
20160321,20160323,20160324,20160329,20160330,20160401,20160403,20160404,20160405,20160407,20160409,20160413,20160414,20160418,20160419,20160420,20160421,20160422,20160423,20160425,20160429,20160430,20160502 
Number is 78 
G.3.1_index_1_VS_G.3.4_index_5 [14] PLUS 1 
20160317,20160319,20160322,20160323,20160324,20160329,20160330,20160331,20160401,20160404,20160406,20160407,20160408,20160411,20160414,20160416,20160418,20160419,20160420,20160421,20160422,20160423,20160424,20160425,20160426,20160502 
Number is 81 
G.3.6_index_5_VS_G.5.1_index_3 [15] PLUS 1 
20160320,20160322,20160323,20160324,20160325,20160326,20160327,20160328,20160329,20160405,20160409,20160416,20160418,20160419,20160420,20160421,20160422,20160423,20160424,20160425,20160427 
Number is 86 
G.DB_index_3_VS_G.3.2_index_4 [16] PLUS 1 
20160323,20160327,20160404,20160405,20160408,20160412,20160416,20160418,20160419,20160420,20160421,20160422,20160423,20160424,20160430 
Number is 87 
G.3.1_index_3_VS_G.1.1_index_4 [17] PLUS 1 
20160318,20160319,20160320,20160321,20160322,20160323,20160326,20160401,20160402,20160410,20160413,20160416,20160418,20160419,20160420,20160421,20160422,20160423,20160424,20160430,20160502 
Number is 88 
G.3.2_index_1_VS_G.3.1_index_3 [18] PLUS 1 
20160318,20160323,20160324,20160328,20160331,20160403,20160404,20160406,20160408,20160410,20160413,20160418,20160419,20160420,20160421,20160422,20160423,20160424 
Number is 92 
G.4.4_index_3_VS_G.6.3_index_1 [19] 
20160317,20160318,20160319,20160320,20160322,20160323,20160324,20160331,20160401,20160404,20160406,20160408,20160412,20160413,20160415,20160418,20160419,20160420,20160421,20160422,20160423 
Number is 93 
G.4.3_index_1_VS_G.2.2_index_3 [20] PLUS 1 
20160317,20160319,20160320,20160321,20160327,20160329,20160401,20160402,20160403,20160404,20160405,20160406,20160409,20160410,20160411,20160414,20160416,20160418,20160419,20160420,20160421,20160422,20160423,20160424,20160425,20160428 
Number is 98 
G.4.1_index_4_VS_G.DB_index_3 [21] PLUS 1 
20160317,20160318,20160319,20160321,20160324,20160327,20160329,20160402,20160404,20160406,20160408,20160410,20160411,20160413,20160414,20160417,20160418,20160419,20160420,20160421,20160422,20160423,20160424,20160425 
