======== Current: 20160426 ========= 
Number is 00 
G.3.1_index_3_VS_G.5.3_index_2 [1] 
20160317,20160319,20160322,20160324,20160405,20160408,20160410,20160412,20160415,20160420,20160421,20160422,20160423,20160424,20160425,20160427,20160428,20160430 
Number is 04 
G.3.1_index_3_VS_G.4.3_index_3 [2] PLUS 1 
20160319,20160320,20160322,20160324,20160325,20160326,20160329,20160331,20160401,20160402,20160403,20160404,20160405,20160406,20160407,20160408,20160416,20160417,20160420,20160421,20160422,20160423,20160424,20160425,20160426,20160427,20160428,20160430,20160502 
G.3.1_index_3_VS_G.3.4_index_5 [3] PLUS 1 
20160318,20160319,20160320,20160323,20160324,20160330,20160331,20160401,20160402,20160403,20160404,20160407,20160409,20160410,20160412,20160420,20160421,20160422,20160423,20160424,20160425,20160426,20160428,20160430 
Number is 08 
G.3.1_index_3_VS_G.4.3_index_1 [4] PLUS 1 
20160318,20160319,20160321,20160324,20160326,20160327,20160331,20160406,20160408,20160409,20160415,20160416,20160419,20160420,20160421,20160422,20160423,20160424,20160425,20160426,20160428,20160502 
Number is 11 
G.3.6_index_5_VS_G.5.1_index_3 [5] 
20160320,20160322,20160323,20160324,20160325,20160326,20160327,20160328,20160329,20160405,20160409,20160416,20160418,20160419,20160420,20160421,20160422,20160423,20160424,20160425,20160427 
Number is 15 
G.3.6_index_5_VS_G.3.3_index_5 [6] 
20160317,20160320,20160321,20160323,20160326,20160403,20160404,20160406,20160408,20160409,20160413,20160416,20160420,20160421,20160422,20160423,20160424,20160425,20160427,20160502 
Number is 19 
G.3.6_index_5_VS_G.3.6_index_3 [7] PLUS 1 
20160317,20160319,20160321,20160323,20160327,20160328,20160331,20160403,20160406,20160409,20160411,20160416,20160419,20160420,20160421,20160422,20160423,20160424,20160425,20160426,20160501 
Number is 36 
G.DB_index_2_VS_G.3.2_index_3 [8] 
20160318,20160322,20160323,20160324,20160331,20160402,20160403,20160404,20160407,20160408,20160410,20160415,20160419,20160420,20160421,20160422,20160423,20160424,20160425,20160428,20160502 
Number is 38 
G.7.1_index_2_VS_G.4.3_index_1 [9] PLUS 1 
20160317,20160318,20160320,20160324,20160325,20160329,20160330,20160406,20160416,20160419,20160420,20160421,20160422,20160423,20160424,20160425,20160426,20160427,20160501,20160502 
Number is 44 
G.2.2_index_1_VS_G.4.3_index_3 [10] 
20160325,20160329,20160402,20160404,20160406,20160408,20160409,20160414,20160417,20160420,20160421,20160422,20160423,20160424,20160425,20160427,20160428 
Number is 50 
G.5.6_index_1_VS_G.3.2_index_1 [11] 
20160317,20160321,20160322,20160323,20160324,20160328,20160329,20160405,20160406,20160412,20160415,20160416,20160418,20160420,20160421,20160422,20160423,20160424,20160425,20160430 
Number is 53 
G.2.2_index_2_VS_G.DB_index_2 [12] 
20160320,20160322,20160323,20160324,20160326,20160328,20160329,20160330,20160331,20160401,20160404,20160406,20160408,20160409,20160410,20160415,20160416,20160418,20160419,20160420,20160421,20160422,20160423,20160424,20160425,20160428,20160501,20160502 
Number is 54 
G.3.1_index_1_VS_G.3.4_index_5 [13] PLUS 1 
20160317,20160319,20160322,20160323,20160324,20160329,20160330,20160331,20160401,20160404,20160406,20160407,20160408,20160411,20160414,20160416,20160418,20160419,20160420,20160421,20160422,20160423,20160424,20160425,20160426,20160502 
G.2.2_index_4_VS_G.4.3_index_3 [14] PLUS 1 
20160320,20160325,20160326,20160330,20160403,20160404,20160406,20160411,20160414,20160419,20160420,20160421,20160422,20160423,20160424,20160425,20160426,20160430 
Number is 55 
G.2.2_index_4_VS_G.7.2_index_1 [15] PLUS 1 
20160317,20160318,20160320,20160321,20160323,20160324,20160326,20160327,20160330,20160331,20160402,20160403,20160408,20160412,20160413,20160415,20160416,20160419,20160420,20160421,20160422,20160423,20160424,20160425,20160426,20160430 
Number is 58 
G.7.2_index_1_VS_G.1.1_index_5 [16] 
20160317,20160318,20160320,20160323,20160324,20160326,20160327,20160329,20160331,20160401,20160405,20160406,20160407,20160410,20160411,20160416,20160418,20160420,20160421,20160422,20160423,20160424,20160425,20160427,20160428,20160430,20160502 
G.2.2_index_2_VS_G.5.5_index_2 [17] 
20160317,20160319,20160321,20160322,20160330,20160406,20160407,20160413,20160414,20160416,20160417,20160420,20160421,20160422,20160423,20160424,20160425,20160427,20160428,20160429,20160501,20160502 
Number is 61 
G.4.1_index_1_VS_G.5.3_index_3 [18] PLUS 1 
20160319,20160320,20160322,20160323,20160324,20160325,20160326,20160329,20160331,20160402,20160403,20160406,20160407,20160410,20160411,20160412,20160414,20160418,20160419,20160420,20160421,20160422,20160423,20160424,20160425,20160426,20160428,20160502 
Number is 69 
G.3.2_index_3_VS_G.5.4_index_4 [19] PLUS 1 
20160319,20160322,20160323,20160324,20160325,20160327,20160406,20160407,20160409,20160411,20160415,20160419,20160420,20160421,20160422,20160423,20160424,20160425,20160426,20160428,20160429,20160430,20160501 
Number is 70 
G.DB_index_3_VS_G.3.1_index_3 [20] 
20160318,20160319,20160320,20160321,20160323,20160324,20160326,20160328,20160329,20160330,20160331,20160404,20160409,20160413,20160416,20160418,20160420,20160421,20160422,20160423,20160424,20160425,20160428,20160430 
Number is 71 
G.4.1_index_4_VS_G.3.5_index_3 [21] 
20160317,20160318,20160320,20160327,20160328,20160329,20160330,20160404,20160405,20160406,20160409,20160412,20160414,20160416,20160420,20160421,20160422,20160423,20160424,20160425,20160501 
Number is 75 
G.DB_index_3_VS_G.5.6_index_1 [22] 
20160317,20160318,20160321,20160322,20160323,20160327,20160330,20160331,20160403,20160406,20160408,20160409,20160410,20160415,20160416,20160419,20160420,20160421,20160422,20160423,20160424,20160425,20160429,20160430,20160502 
Number is 77 
G.4.1_index_4_VS_G.DB_index_3 [23] 
20160317,20160318,20160319,20160321,20160324,20160327,20160329,20160402,20160404,20160406,20160408,20160410,20160411,20160413,20160414,20160417,20160418,20160419,20160420,20160421,20160422,20160423,20160424,20160425 
Number is 78 
G.3.6_index_2_VS_G.3.2_index_4 [24] 
20160323,20160326,20160327,20160403,20160404,20160406,20160408,20160412,20160413,20160416,20160420,20160421,20160422,20160423,20160424,20160425,20160428,20160429,20160501,20160502 
Number is 79 
G.1.1_index_4_VS_G.1.1_index_2 [25] 
20160318,20160327,20160329,20160330,20160331,20160401,20160405,20160410,20160414,20160416,20160418,20160420,20160421,20160422,20160423,20160424,20160425,20160430 
Number is 83 
G.3.2_index_4_VS_G.5.4_index_3 [26] PLUS 1 
20160321,20160323,20160327,20160331,20160402,20160404,20160405,20160407,20160409,20160412,20160413,20160415,20160419,20160420,20160421,20160422,20160423,20160424,20160425,20160426,20160428,20160430 
G.1.1_index_5_VS_G.3.2_index_2 [27] PLUS 1 
20160318,20160324,20160329,20160402,20160406,20160408,20160410,20160413,20160414,20160416,20160420,20160421,20160422,20160423,20160424,20160425,20160426,20160430 
Number is 88 
G.4.3_index_1_VS_G.2.2_index_3 [28] 
20160317,20160319,20160320,20160321,20160327,20160329,20160401,20160402,20160403,20160404,20160405,20160406,20160409,20160410,20160411,20160414,20160416,20160418,20160419,20160420,20160421,20160422,20160423,20160424,20160425,20160428 
Number is 89 
G.DB_index_1_VS_G.5.5_index_3 [29] PLUS 1 
20160318,20160320,20160321,20160322,20160323,20160325,20160329,20160330,20160331,20160402,20160403,20160404,20160407,20160408,20160411,20160412,20160414,20160415,20160418,20160420,20160421,20160422,20160423,20160424,20160425,20160426,20160428,20160502 
Number is 99 
G.1.1_index_2_VS_G.5.1_index_4 [30] PLUS 1 
20160317,20160318,20160320,20160322,20160324,20160325,20160327,20160331,20160402,20160405,20160406,20160412,20160413,20160414,20160415,20160417,20160420,20160421,20160422,20160423,20160424,20160425,20160426,20160429,20160501 
