======== Current: 20160427 ========= 
Number is 10 
G.7.1_index_2_VS_G.4.3_index_1 [1] PLUS 1 
20160317,20160318,20160320,20160324,20160325,20160329,20160330,20160406,20160416,20160419,20160420,20160421,20160422,20160423,20160424,20160425,20160426,20160427,20160501,20160502 
Number is 13 
G.2.1_index_4_VS_G.4.2_index_4 [2] PLUS 1 
20160318,20160320,20160322,20160324,20160326,20160327,20160328,20160329,20160403,20160404,20160406,20160407,20160408,20160411,20160414,20160417,20160421,20160422,20160423,20160424,20160425,20160426,20160427,20160428,20160430,20160502 
Number is 22 
G.1.1_index_5_VS_G.3.2_index_2 [3] 
20160318,20160324,20160329,20160402,20160406,20160408,20160410,20160413,20160414,20160416,20160420,20160421,20160422,20160423,20160424,20160425,20160426,20160430 
Number is 23 
G.3.2_index_2_VS_G.3.1_index_3 [4] PLUS 1 
20160320,20160321,20160327,20160328,20160329,20160401,20160402,20160404,20160405,20160406,20160408,20160412,20160415,20160418,20160419,20160421,20160422,20160423,20160424,20160425,20160426,20160427,20160428,20160430,20160502 
Number is 24 
G.3.2_index_3_VS_G.5.4_index_4 [5] 
20160319,20160322,20160323,20160324,20160325,20160327,20160406,20160407,20160409,20160411,20160415,20160419,20160420,20160421,20160422,20160423,20160424,20160425,20160426,20160428,20160429,20160430,20160501 
Number is 28 
G.5.2_index_2_VS_G.5.2_index_1 [6] PLUS 1 
20160318,20160322,20160323,20160327,20160402,20160404,20160407,20160409,20160412,20160415,20160418,20160419,20160421,20160422,20160423,20160424,20160425,20160426,20160427,20160428,20160430,20160502 
Number is 30 
G.3.1_index_3_VS_G.4.3_index_1 [7] 
20160318,20160319,20160321,20160324,20160326,20160327,20160331,20160406,20160408,20160409,20160415,20160416,20160419,20160420,20160421,20160422,20160423,20160424,20160425,20160426,20160428,20160502 
Number is 34 
G.3.1_index_3_VS_G.4.3_index_3 [8] PLUS 1 
20160319,20160320,20160322,20160324,20160325,20160326,20160329,20160331,20160401,20160402,20160403,20160404,20160405,20160406,20160407,20160408,20160416,20160417,20160420,20160421,20160422,20160423,20160424,20160425,20160426,20160427,20160428,20160430,20160502 
Number is 35 
G.3.2_index_4_VS_G.5.4_index_3 [9] 
20160321,20160323,20160327,20160331,20160402,20160404,20160405,20160407,20160409,20160412,20160413,20160415,20160419,20160420,20160421,20160422,20160423,20160424,20160425,20160426,20160428,20160430 
Number is 36 
G.3.1_index_1_VS_G.3.4_index_5 [10] 
20160317,20160319,20160322,20160323,20160324,20160329,20160330,20160331,20160401,20160404,20160406,20160407,20160408,20160411,20160414,20160416,20160418,20160419,20160420,20160421,20160422,20160423,20160424,20160425,20160426,20160502 
G.3.1_index_3_VS_G.3.4_index_5 [11] 
20160318,20160319,20160320,20160323,20160324,20160330,20160331,20160401,20160402,20160403,20160404,20160407,20160409,20160410,20160412,20160420,20160421,20160422,20160423,20160424,20160425,20160426,20160428,20160430 
Number is 56 
G.2.1_index_2_VS_G.DB_index_4 [12] 
20160325,20160326,20160328,20160329,20160331,20160407,20160411,20160414,20160421,20160422,20160423,20160424,20160425,20160426,20160428 
Number is 63 
G.3.6_index_5_VS_G.3.6_index_3 [13] 
20160317,20160319,20160321,20160323,20160327,20160328,20160331,20160403,20160406,20160409,20160411,20160416,20160419,20160420,20160421,20160422,20160423,20160424,20160425,20160426,20160501 
Number is 64 
G.2.2_index_4_VS_G.4.3_index_3 [14] 
20160320,20160325,20160326,20160330,20160403,20160404,20160406,20160411,20160414,20160419,20160420,20160421,20160422,20160423,20160424,20160425,20160426,20160430 
Number is 65 
G.3.4_index_5_VS_G.7.2_index_1 [15] 
20160318,20160320,20160324,20160327,20160329,20160330,20160404,20160405,20160406,20160411,20160413,20160416,20160419,20160421,20160422,20160423,20160424,20160425,20160426,20160428,20160429,20160430 
G.2.2_index_4_VS_G.7.2_index_1 [16] 
20160317,20160318,20160320,20160321,20160323,20160324,20160326,20160327,20160330,20160331,20160402,20160403,20160408,20160412,20160413,20160415,20160416,20160419,20160420,20160421,20160422,20160423,20160424,20160425,20160426,20160430 
Number is 80 
G.5.1_index_4_VS_G.4.3_index_1 [17] 
20160318,20160325,20160327,20160329,20160401,20160403,20160404,20160409,20160411,20160412,20160413,20160414,20160415,20160419,20160421,20160422,20160423,20160424,20160425,20160426,20160428,20160430 
Number is 86 
G.4.1_index_1_VS_G.5.3_index_3 [18] 
20160319,20160320,20160322,20160323,20160324,20160325,20160326,20160329,20160331,20160402,20160403,20160406,20160407,20160410,20160411,20160412,20160414,20160418,20160419,20160420,20160421,20160422,20160423,20160424,20160425,20160426,20160428,20160502 
Number is 98 
G.1.1_index_2_VS_G.4.2_index_3 [19] 
20160318,20160319,20160321,20160323,20160324,20160327,20160328,20160329,20160331,20160401,20160402,20160403,20160404,20160405,20160409,20160410,20160411,20160421,20160422,20160423,20160424,20160425,20160426,20160428 
G.1.1_index_2_VS_G.5.1_index_4 [20] 
20160317,20160318,20160320,20160322,20160324,20160325,20160327,20160331,20160402,20160405,20160406,20160412,20160413,20160414,20160415,20160417,20160420,20160421,20160422,20160423,20160424,20160425,20160426,20160429,20160501 
G.DB_index_1_VS_G.5.5_index_3 [21] 
20160318,20160320,20160321,20160322,20160323,20160325,20160329,20160330,20160331,20160402,20160403,20160404,20160407,20160408,20160411,20160412,20160414,20160415,20160418,20160420,20160421,20160422,20160423,20160424,20160425,20160426,20160428,20160502 
