======== Current: 20160429 ========= 
Number is 04 
G.2.1_index_4_VS_G.4.2_index_4 [1] 
20160318,20160320,20160322,20160324,20160326,20160327,20160328,20160329,20160403,20160404,20160406,20160407,20160408,20160411,20160414,20160417,20160421,20160422,20160423,20160424,20160425,20160426,20160427,20160428,20160430,20160502 
Number is 09 
G.3.1_index_3_VS_G.4.3_index_3 [2] 
20160319,20160320,20160322,20160324,20160325,20160326,20160329,20160331,20160401,20160402,20160403,20160404,20160405,20160406,20160407,20160408,20160416,20160417,20160420,20160421,20160422,20160423,20160424,20160425,20160426,20160427,20160428,20160430,20160502 
Number is 21 
G.3.5_index_1_VS_G.3.1_index_4 [3] PLUS 1 
20160317,20160318,20160321,20160322,20160324,20160327,20160329,20160331,20160401,20160402,20160404,20160406,20160407,20160408,20160410,20160413,20160418,20160421,20160423,20160424,20160425,20160426,20160427,20160428,20160429,20160430,20160502 
Number is 25 
G.6.1_index_3_VS_G.5.4_index_3 [4] 
20160319,20160320,20160322,20160323,20160325,20160326,20160327,20160329,20160330,20160331,20160405,20160408,20160410,20160417,20160420,20160422,20160423,20160424,20160425,20160426,20160427,20160428 
Number is 29 
G.6.1_index_3_VS_G.7.2_index_2 [5] PLUS 1 
20160322,20160325,20160401,20160408,20160409,20160410,20160411,20160414,20160415,20160419,20160423,20160424,20160425,20160426,20160427,20160428,20160429,20160430 
Number is 33 
G.7.1_index_1_VS_G.5.2_index_3 [6] PLUS 1 
20160320,20160321,20160324,20160326,20160327,20160329,20160330,20160331,20160401,20160405,20160408,20160410,20160411,20160412,20160415,20160417,20160418,20160419,20160420,20160423,20160424,20160425,20160426,20160427,20160428,20160429,20160430 
Number is 39 
G.7.1_index_1_VS_G.4.3_index_3 [7] PLUS 1 
20160317,20160323,20160324,20160325,20160326,20160327,20160328,20160329,20160401,20160403,20160405,20160406,20160408,20160411,20160412,20160413,20160414,20160417,20160422,20160423,20160424,20160425,20160426,20160427,20160428,20160429,20160502 
Number is 40 
G.3.2_index_2_VS_G.3.1_index_3 [8] 
20160320,20160321,20160327,20160328,20160329,20160401,20160402,20160404,20160405,20160406,20160408,20160412,20160415,20160418,20160419,20160421,20160422,20160423,20160424,20160425,20160426,20160427,20160428,20160430,20160502 
Number is 45 
G.5.2_index_2_VS_G.5.2_index_1 [9] 
20160318,20160322,20160323,20160327,20160402,20160404,20160407,20160409,20160412,20160415,20160418,20160419,20160421,20160422,20160423,20160424,20160425,20160426,20160427,20160428,20160430,20160502 
Number is 48 
G.3.2_index_2_VS_G.3.6_index_5 [10] 
20160319,20160323,20160330,20160404,20160406,20160407,20160413,20160414,20160416,20160419,20160420,20160423,20160424,20160425,20160426,20160427,20160428,20160502 
Number is 61 
G.3.4_index_2_VS_G.2.1_index_5 [11] 
20160319,20160320,20160321,20160323,20160324,20160325,20160330,20160406,20160408,20160409,20160414,20160417,20160419,20160420,20160421,20160423,20160424,20160425,20160426,20160427,20160428 
Number is 74 
G.3.2_index_1_VS_G.2.1_index_3 [12] 
20160319,20160320,20160321,20160323,20160324,20160326,20160328,20160330,20160331,20160403,20160404,20160405,20160406,20160409,20160412,20160413,20160414,20160421,20160423,20160424,20160425,20160426,20160427,20160428 
