Last Date = 20130402
Number is 04
G.3.5_index_5_VS_G.3.4_index_1 [1] 
Ngay: 20130320,20130321,20130327,20130328,20130329,20130330,20130331,20130401
Number is 07
G.7.4_index_2_VS_G.5.3_index_3 [2] 
Ngay: 20130320,20130321,20130323,20130325,20130326,20130327,20130328,20130329,20130330,20130331,20130401
Number is 11
G.3.4_index_5_VS_G.6.3_index_3 [3] 
Ngay: 20130322,20130323,20130325,20130327,20130328,20130329,20130330,20130331,20130401
Number is 14
G.6.1_index_2_VS_G.3.4_index_1 [4] 
Ngay: 20130320,20130321,20130325,20130327,20130328,20130329,20130330,20130331,20130401
Number is 17
G.5.4_index_4_VS_G.4.1_index_3 [5] 
Ngay: 20130321,20130326,20130327,20130328,20130329,20130330,20130331,20130401
Number is 21
G.5.5_index_2_VS_G.3.5_index_4 [6] 
Ngay: 20130320,20130322,20130324,20130326,20130327,20130328,20130329,20130330,20130331,20130401
Number is 40
G.3.4_index_1_VS_G.1.1_index_4 [7] 
Ngay: 20130322,20130325,20130326,20130327,20130328,20130329,20130330,20130331,20130401
Number is 42
G.2.1_index_4_VS_G.5.6_index_2 [8] 
Ngay: 20130320,20130323,20130327,20130328,20130329,20130330,20130331,20130401
G.2.1_index_4_VS_G.5.1_index_4 [9] 
Ngay: 20130320,20130322,20130324,20130327,20130328,20130329,20130330,20130331,20130401
Number is 70
G.3.5_index_3_VS_G.3.1_index_3 [10] 
Ngay: 20130322,20130323,20130326,20130327,20130328,20130329,20130330,20130331,20130401
Number is 73
G.4.1_index_4_VS_G.4.3_index_4 [11] 
Ngay: 20130320,20130321,20130323,20130326,20130327,20130328,20130329,20130330,20130331,20130401
Number is 77
G.2.2_index_3_VS_G.5.3_index_3 [12] 
Ngay: 20130321,20130322,20130325,20130327,20130328,20130329,20130330,20130331,20130401
Number is 80
G.4.4_index_2_VS_G.1.1_index_4 [13] 
Ngay: 20130320,20130323,20130327,20130328,20130329,20130330,20130331,20130401
G.7.2_index_1_VS_G.3.6_index_4 [14] 
Ngay: 20130320,20130323,20130324,20130327,20130328,20130329,20130330,20130331,20130401
Number is 89
G.3.2_index_2_VS_G.4.1_index_1 [15] 
Ngay: 20130323,20130324,20130325,20130326,20130327,20130328,20130329,20130330,20130331,20130401
Number is 91
G.4.1_index_1_VS_G.3.4_index_5 [16] 
Ngay: 20130322,20130325,20130326,20130327,20130328,20130329,20130330,20130331,20130401
G.6.2_index_2_VS_G.5.4_index_4 [17] 
Ngay: 20130321,20130323,20130325,20130327,20130328,20130329,20130330,20130331,20130401
Number is 98
G.6.2_index_2_VS_G.3.5_index_1 [18] 
Ngay: 20130322,20130323,20130327,20130328,20130329,20130330,20130331,20130401
