Last Date = 20130404
Number is 02
G.3.3_index_5_VS_G.3.2_index_5 [1] 
Ngay: 20130320,20130323,20130324,20130326,20130329,20130330,20130331,20130401,20130402,20130403
Number is 04
G.6.3_index_3_VS_G.6.1_index_2 [2] 
Ngay: 20130320,20130323,20130325,20130326,20130329,20130330,20130331,20130401,20130402,20130403
Number is 05
G.3.3_index_5_VS_G.DB_index_1 [3] 
Ngay: 20130322,20130323,20130329,20130330,20130331,20130401,20130402,20130403
Number is 06
G.4.1_index_4_VS_G.7.1_index_1 [4] 
Ngay: 20130320,20130324,20130328,20130329,20130330,20130331,20130401,20130402,20130403
Number is 08
G.3.2_index_2_VS_G.4.1_index_1 [5] 
Ngay: 20130323,20130324,20130325,20130326,20130327,20130328,20130329,20130330,20130331,20130401,20130402,20130403
Number is 12
G.5.4_index_3_VS_G.2.1_index_4 [6] 
Ngay: 20130321,20130322,20130328,20130329,20130330,20130331,20130401,20130402,20130403
G.3.3_index_4_VS_G.DB_index_4 [7] 
Ngay: 20130321,20130322,20130326,20130329,20130330,20130331,20130401,20130402,20130403
Number is 14
G.3.5_index_2_VS_G.5.3_index_3 [8] 
Ngay: 20130320,20130321,20130324,20130325,20130329,20130330,20130331,20130401,20130402,20130403
Number is 16
G.DB_index_2_VS_G.5.6_index_4 [9] 
Ngay: 20130321,20130323,20130326,20130327,20130329,20130330,20130331,20130401,20130402,20130403
Number is 17
G.6.2_index_2_VS_G.5.4_index_4 [10] 
Ngay: 20130321,20130323,20130325,20130327,20130328,20130329,20130330,20130331,20130401,20130402,20130403
Number is 18
G.6.2_index_2_VS_G.3.5_index_1 [11] 
Ngay: 20130322,20130323,20130327,20130328,20130329,20130330,20130331,20130401,20130402,20130403
Number is 25
G.3.5_index_5_VS_G.3.4_index_1 [12] 
Ngay: 20130320,20130321,20130327,20130328,20130329,20130330,20130331,20130401,20130402,20130403
Number is 30
G.3.1_index_3_VS_G.3.3_index_5 [13] 
Ngay: 20130320,20130324,20130329,20130330,20130331,20130401,20130402,20130403
Number is 32
G.4.3_index_4_VS_G.DB_index_3 [14] 
Ngay: 20130321,20130326,20130328,20130329,20130330,20130331,20130401,20130402,20130403
Number is 33
G.3.5_index_3_VS_G.4.3_index_2 [15] 
Ngay: 20130323,20130329,20130330,20130331,20130401,20130402,20130403
Number is 38
G.4.3_index_4_VS_G.3.5_index_4 [16] 
Ngay: 20130320,20130324,20130329,20130330,20130331,20130401,20130402,20130403
Number is 39
G.4.1_index_3_VS_G.2.2_index_1 [17] 
Ngay: 20130320,20130322,20130324,20130325,20130326,20130328,20130329,20130330,20130331,20130401,20130402,20130403
Number is 47
G.6.2_index_1_VS_G.5.4_index_4 [18] 
Ngay: 20130320,20130321,20130326,20130329,20130330,20130331,20130401,20130402,20130403
Number is 57
G.3.4_index_1_VS_G.1.1_index_4 [19] 
Ngay: 20130322,20130325,20130326,20130327,20130328,20130329,20130330,20130331,20130401,20130402,20130403
Number is 63
G.3.6_index_2_VS_G.4.3_index_4 [20] 
Ngay: 20130321,20130326,20130328,20130329,20130330,20130331,20130401,20130402,20130403
Number is 72
G.1.1_index_3_VS_G.3.1_index_5 [21] 
Ngay: 20130321,20130322,20130328,20130329,20130330,20130331,20130401,20130402,20130403
Number is 74
G.1.1_index_4_VS_G.5.3_index_3 [22] 
Ngay: 20130320,20130322,20130323,20130326,20130328,20130329,20130330,20130331,20130401,20130402,20130403
Number is 78
G.5.4_index_4_VS_G.5.5_index_2 [23] 
Ngay: 20130325,20130326,20130328,20130329,20130330,20130331,20130401,20130402,20130403
Number is 82
G.3.5_index_1_VS_G.5.1_index_4 [24] 
Ngay: 20130321,20130322,20130326,20130327,20130329,20130330,20130331,20130401,20130402,20130403
Number is 87
G.3.1_index_2_VS_G.5.4_index_4 [25] 
Ngay: 20130320,20130321,20130325,20130326,20130329,20130330,20130331,20130401,20130402,20130403
Number is 88
G.4.2_index_3_VS_G.3.5_index_4 [26] 
Ngay: 20130323,20130327,20130329,20130330,20130331,20130401,20130402,20130403
G.5.5_index_2_VS_G.3.5_index_4 [27] 
Ngay: 20130320,20130322,20130324,20130326,20130327,20130328,20130329,20130330,20130331,20130401,20130402,20130403
G.3.5_index_4_VS_G.3.6_index_4 [28] 
Ngay: 20130322,20130323,20130324,20130326,20130329,20130330,20130331,20130401,20130402,20130403
Number is 92
G.5.2_index_2_VS_G.DB_index_4 [29] 
Ngay: 20130322,20130327,20130329,20130330,20130331,20130401,20130402,20130403
Number is 93
G.4.2_index_4_VS_G.4.1_index_3 [30] 
Ngay: 20130320,20130325,20130327,20130329,20130330,20130331,20130401,20130402,20130403
Number is 98
G.5.2_index_1_VS_G.3.5_index_1 [31] 
Ngay: 20130322,20130329,20130330,20130331,20130401,20130402,20130403
