Last Date = 20130506
Except date ======= 
required date ======= 20130329,20130330,20130331,20130401,20130402,20130403
Number is 03
G.5.2_index_2_VS_G.DB_index_4 [1] 
Ngay: 20130322,20130327,20130329,20130330,20130331,20130401,20130402,20130403,20130412,20130415,20130417,20130418,20130419,20130420,20130421,20130425,20130426,20130429,20130430,20130501,20130502,20130503,20130505
G.6.3_index_3_VS_G.6.1_index_2 [2] 
Ngay: 20130320,20130323,20130325,20130326,20130329,20130330,20130331,20130401,20130402,20130403,20130404,20130406,20130407,20130408,20130410,20130411,20130414,20130415,20130419,20130420,20130425,20130426,20130427,20130501,20130504
Number is 04
G.3.5_index_2_VS_G.5.3_index_3 [3] 
Ngay: 20130320,20130321,20130324,20130325,20130329,20130330,20130331,20130401,20130402,20130403,20130405,20130406,20130411,20130413,20130415,20130418,20130419,20130420,20130422,20130423,20130427,20130428,20130430,20130501,20130502,20130504
Number is 05
G.4.1_index_4_VS_G.7.1_index_1 [4] 
Ngay: 20130320,20130324,20130328,20130329,20130330,20130331,20130401,20130402,20130403,20130404,20130406,20130413,20130416,20130420,20130425,20130426,20130502,20130503,20130504,20130505
Number is 06
G.4.2_index_4_VS_G.4.1_index_3 [5] 
Ngay: 20130320,20130325,20130327,20130329,20130330,20130331,20130401,20130402,20130403,20130406,20130407,20130410,20130412,20130414,20130415,20130416,20130418,20130423,20130430,20130502,20130503,20130504
Number is 12
G.5.2_index_1_VS_G.3.5_index_1 [6] 
Ngay: 20130322,20130329,20130330,20130331,20130401,20130402,20130403,20130404,20130406,20130407,20130411,20130412,20130416,20130418,20130422,20130423,20130425,20130426,20130427,20130428,20130429,20130503,20130504
Number is 15
G.3.5_index_4_VS_G.3.6_index_4 [7] 
Ngay: 20130322,20130323,20130324,20130326,20130329,20130330,20130331,20130401,20130402,20130403,20130406,20130409,20130412,20130414,20130420,20130428,20130502,20130503,20130504
Number is 20
G.3.5_index_3_VS_G.4.3_index_2 [8] 
Ngay: 20130323,20130329,20130330,20130331,20130401,20130402,20130403,20130405,20130406,20130408,20130409,20130410,20130414,20130415,20130421,20130425,20130426,20130427,20130428,20130429,20130502
Number is 22
G.3.5_index_5_VS_G.3.4_index_1 [9] 
Ngay: 20130320,20130321,20130327,20130328,20130329,20130330,20130331,20130401,20130402,20130403,20130406,20130410,20130414,20130415,20130416,20130418,20130419,20130422,20130427,20130503,20130504
Number is 24
G.5.4_index_3_VS_G.2.1_index_4 [10] 
Ngay: 20130321,20130322,20130328,20130329,20130330,20130331,20130401,20130402,20130403,20130404,20130407,20130408,20130410,20130412,20130413,20130415,20130418,20130419,20130421,20130422,20130424,20130427,20130429,20130501,20130502,20130505
Number is 25
G.3.5_index_1_VS_G.5.1_index_4 [11] 
Ngay: 20130321,20130322,20130326,20130327,20130329,20130330,20130331,20130401,20130402,20130403,20130405,20130406,20130407,20130411,20130413,20130415,20130418,20130422,20130426,20130429,20130501,20130503,20130504
Number is 26
G.3.4_index_1_VS_G.1.1_index_4 [12] 
Ngay: 20130322,20130325,20130326,20130327,20130328,20130329,20130330,20130331,20130401,20130402,20130403,20130407,20130408,20130410,20130412,20130415,20130416,20130417,20130418,20130420,20130424,20130427,20130428,20130430,20130505
Number is 38
G.3.2_index_2_VS_G.4.1_index_1 [13] 
Ngay: 20130323,20130324,20130325,20130326,20130327,20130328,20130329,20130330,20130331,20130401,20130402,20130403,20130405,20130407,20130409,20130410,20130411,20130412,20130414,20130416,20130417,20130421,20130423,20130424,20130428,20130430,20130503
Number is 40
G.DB_index_2_VS_G.5.6_index_4 [14] 
Ngay: 20130321,20130323,20130326,20130327,20130329,20130330,20130331,20130401,20130402,20130403,20130404,20130407,20130408,20130409,20130413,20130414,20130415,20130416,20130418,20130419,20130425,20130426,20130501,20130502,20130505
Number is 49
G.3.6_index_2_VS_G.4.3_index_4 [15] 
Ngay: 20130321,20130326,20130328,20130329,20130330,20130331,20130401,20130402,20130403,20130405,20130407,20130408,20130413,20130414,20130428,20130430,20130501
Number is 58
G.1.1_index_3_VS_G.3.1_index_5 [16] 
Ngay: 20130321,20130322,20130328,20130329,20130330,20130331,20130401,20130402,20130403,20130405,20130406,20130408,20130409,20130414,20130415,20130419,20130420,20130421,20130422,20130424,20130428,20130429
Number is 60
G.4.1_index_3_VS_G.2.2_index_1 [17] 
Ngay: 20130320,20130322,20130324,20130325,20130326,20130328,20130329,20130330,20130331,20130401,20130402,20130403,20130414,20130416,20130418,20130419,20130422,20130424,20130425,20130426,20130428,20130429,20130502
Number is 64
G.1.1_index_4_VS_G.5.3_index_3 [18] 
Ngay: 20130320,20130322,20130323,20130326,20130328,20130329,20130330,20130331,20130401,20130402,20130403,20130404,20130406,20130412,20130414,20130415,20130416,20130418,20130419,20130421,20130422,20130426,20130428,20130503
Number is 67
G.6.2_index_1_VS_G.5.4_index_4 [19] 
Ngay: 20130320,20130321,20130326,20130329,20130330,20130331,20130401,20130402,20130403,20130404,20130407,20130408,20130409,20130410,20130414,20130420,20130422,20130424,20130425,20130426,20130427,20130502,20130504,20130505
G.3.1_index_2_VS_G.5.4_index_4 [20] 
Ngay: 20130320,20130321,20130325,20130326,20130329,20130330,20130331,20130401,20130402,20130403,20130406,20130407,20130408,20130410,20130415,20130424,20130425,20130426,20130427,20130430
Number is 71
G.4.2_index_3_VS_G.3.5_index_4 [21] 
Ngay: 20130323,20130327,20130329,20130330,20130331,20130401,20130402,20130403,20130409,20130412,20130413,20130416,20130417,20130420,20130501
G.5.5_index_2_VS_G.3.5_index_4 [22] 
Ngay: 20130320,20130322,20130324,20130326,20130327,20130328,20130329,20130330,20130331,20130401,20130402,20130403,20130406,20130407,20130408,20130409,20130410,20130411,20130416,20130417,20130418,20130419,20130420,20130421,20130424,20130502,20130503,20130504
Number is 76
G.3.3_index_5_VS_G.3.2_index_5 [23] 
Ngay: 20130320,20130323,20130324,20130326,20130329,20130330,20130331,20130401,20130402,20130403,20130407,20130412,20130417,20130426,20130427,20130428,20130429,20130430,20130503
Number is 77
G.5.4_index_4_VS_G.5.5_index_2 [24] 
Ngay: 20130325,20130326,20130328,20130329,20130330,20130331,20130401,20130402,20130403,20130407,20130409,20130411,20130412,20130414,20130416,20130417,20130420,20130422,20130424,20130426,20130428,20130429,20130430,20130503
Number is 78
G.3.3_index_5_VS_G.DB_index_1 [25] 
Ngay: 20130322,20130323,20130329,20130330,20130331,20130401,20130402,20130403,20130407,20130408,20130409,20130412,20130417,20130419,20130423,20130427,20130428,20130501,20130503,20130505
Number is 87
G.3.1_index_3_VS_G.3.3_index_5 [26] 
Ngay: 20130320,20130324,20130329,20130330,20130331,20130401,20130402,20130403,20130404,20130405,20130407,20130408,20130409,20130410,20130411,20130414,20130416,20130422,20130425,20130426,20130427,20130428,20130502
Number is 90
G.4.3_index_4_VS_G.DB_index_3 [27] 
Ngay: 20130321,20130326,20130328,20130329,20130330,20130331,20130401,20130402,20130403,20130404,20130407,20130408,20130416,20130418,20130419,20130421,20130425,20130426,20130501,20130502
Number is 91
G.4.3_index_4_VS_G.3.5_index_4 [28] 
Ngay: 20130320,20130324,20130329,20130330,20130331,20130401,20130402,20130403,20130409,20130413,20130414,20130418,20130420,20130421,20130424,20130426,20130430,20130501,20130504
Number is 92
G.6.2_index_2_VS_G.3.5_index_1 [29] 
Ngay: 20130322,20130323,20130327,20130328,20130329,20130330,20130331,20130401,20130402,20130403,20130405,20130406,20130408,20130409,20130413,20130414,20130418,20130420,20130424,20130426,20130427,20130505
Number is 93
G.3.3_index_4_VS_G.DB_index_4 [30] 
Ngay: 20130321,20130322,20130326,20130329,20130330,20130331,20130401,20130402,20130403,20130404,20130405,20130406,20130407,20130408,20130410,20130411,20130413,20130414,20130418,20130421,20130423,20130424,20130425,20130427,20130429,20130502,20130503,20130504,20130505
Number is 97
G.6.2_index_2_VS_G.5.4_index_4 [31] 
Ngay: 20130321,20130323,20130325,20130327,20130328,20130329,20130330,20130331,20130401,20130402,20130403,20130409,20130411,20130414,20130416,20130420,20130428,20130430,20130505
