Last Date = 20130506
Except date ======= 
required date ======= 20130403,20130404,20130405,20130406,20130407,20130408
Number is 04
G.4.1_index_4_VS_G.3.1_index_4 [1] 
Ngay: 20130320,20130321,20130322,20130323,20130329,20130330,20130401,20130402,20130403,20130404,20130405,20130406,20130407,20130408,20130409,20130413,20130415,20130418,20130425,20130429,20130505
Number is 07
G.4.1_index_4_VS_G.5.6_index_3 [2] 
Ngay: 20130321,20130322,20130323,20130324,20130331,20130401,20130403,20130404,20130405,20130406,20130407,20130408,20130410,20130413,20130415,20130417,20130418,20130424,20130428,20130429,20130504
G.2.2_index_1_VS_G.3.3_index_5 [3] 
Ngay: 20130323,20130324,20130326,20130328,20130329,20130331,20130401,20130403,20130404,20130405,20130406,20130407,20130408,20130409,20130410,20130416,20130420,20130427,20130428,20130429,20130502
Number is 09
G.6.3_index_3_VS_G.5.5_index_4 [4] 
Ngay: 20130320,20130323,20130324,20130325,20130326,20130403,20130404,20130405,20130406,20130407,20130408,20130409,20130410,20130411,20130412,20130413,20130417,20130419,20130420,20130425,20130426,20130428,20130502
Number is 10
G.5.2_index_4_VS_G.2.2_index_1 [5] 
Ngay: 20130320,20130324,20130325,20130326,20130331,20130401,20130403,20130404,20130405,20130406,20130407,20130408,20130409,20130410,20130413,20130415,20130417,20130418,20130421,20130428,20130429,20130501,20130503
Number is 20
G.1.1_index_1_VS_G.5.2_index_2 [6] 
Ngay: 20130330,20130403,20130404,20130405,20130406,20130407,20130408,20130409,20130412,20130413,20130419,20130421,20130424,20130426,20130427,20130428,20130501,20130505
Number is 21
G.7.3_index_2_VS_G.5.5_index_3 [7] 
Ngay: 20130320,20130321,20130323,20130327,20130329,20130403,20130404,20130405,20130406,20130407,20130408,20130415,20130421,20130428,20130429,20130501,20130502,20130505
Number is 22
G.3.6_index_5_VS_G.7.3_index_2 [8] 
Ngay: 20130320,20130321,20130329,20130403,20130404,20130405,20130406,20130407,20130408,20130410,20130412,20130416,20130417,20130420,20130423,20130428,20130504,20130505
G.5.2_index_3_VS_G.3.6_index_5 [9] 
Ngay: 20130322,20130323,20130329,20130330,20130403,20130404,20130405,20130406,20130407,20130408,20130413,20130414,20130416,20130417,20130421,20130428,20130430,20130501,20130502,20130504
Number is 30
G.6.1_index_2_VS_G.2.2_index_1 [10] 
Ngay: 20130325,20130326,20130327,20130331,20130403,20130404,20130405,20130406,20130407,20130408,20130409,20130410,20130411,20130416,20130419,20130420,20130421,20130422,20130423,20130425,20130428,20130501,20130502,20130504
Number is 47
G.DB_index_2_VS_G.4.4_index_4 [11] 
Ngay: 20130320,20130321,20130322,20130323,20130326,20130329,20130331,20130403,20130404,20130405,20130406,20130407,20130408,20130409,20130411,20130412,20130414,20130416,20130419,20130420,20130425,20130501
Number is 60
G.1.1_index_4_VS_G.5.2_index_2 [12] 
Ngay: 20130322,20130325,20130329,20130401,20130403,20130404,20130405,20130406,20130407,20130408,20130409,20130416,20130417,20130418,20130420,20130423,20130426,20130427,20130503,20130505
Number is 68
G.2.2_index_4_VS_G.5.1_index_2 [13] 
Ngay: 20130321,20130322,20130323,20130324,20130326,20130329,20130403,20130404,20130405,20130406,20130407,20130408,20130410,20130411,20130412,20130413,20130414,20130415,20130416,20130417,20130418,20130422,20130424,20130425,20130426,20130428,20130430,20130502,20130503,20130504
Number is 70
G.5.4_index_4_VS_G.4.2_index_4 [14] 
Ngay: 20130320,20130321,20130322,20130328,20130329,20130331,20130401,20130403,20130404,20130405,20130406,20130407,20130408,20130414,20130416,20130420,20130425,20130430,20130502,20130504
G.4.4_index_4_VS_G.3.5_index_2 [15] 
Ngay: 20130321,20130323,20130325,20130327,20130331,20130402,20130403,20130404,20130405,20130406,20130407,20130408,20130410,20130411,20130414,20130416,20130417,20130422,20130425,20130426,20130429,20130430,20130501,20130505
Number is 72
G.4.4_index_4_VS_G.3.5_index_3 [16] 
Ngay: 20130320,20130323,20130326,20130327,20130328,20130329,20130331,20130403,20130404,20130405,20130406,20130407,20130408,20130413,20130414,20130415,20130417,20130420,20130427,20130430,20130501,20130503,20130504
Number is 74
G.2.1_index_5_VS_G.3.6_index_2 [17] 
Ngay: 20130322,20130323,20130325,20130326,20130328,20130331,20130403,20130404,20130405,20130406,20130407,20130408,20130410,20130411,20130416,20130417,20130422,20130427,20130501,20130505
Number is 76
G.4.4_index_4_VS_G.2.2_index_2 [18] 
Ngay: 20130320,20130321,20130324,20130325,20130330,20130401,20130402,20130403,20130404,20130405,20130406,20130407,20130408,20130410,20130416,20130417,20130420,20130422,20130424,20130425,20130426,20130427,20130430,20130503,20130504,20130505
Number is 79
G.4.4_index_4_VS_G.4.3_index_4 [19] 
Ngay: 20130320,20130321,20130323,20130326,20130327,20130329,20130401,20130403,20130404,20130405,20130406,20130407,20130408,20130413,20130414,20130419,20130423,20130426,20130427,20130501,20130502
Number is 81
G.5.1_index_2_VS_G.2.1_index_2 [20] 
Ngay: 20130320,20130321,20130324,20130325,20130326,20130401,20130403,20130404,20130405,20130406,20130407,20130408,20130409,20130414,20130417,20130420,20130422,20130425,20130426,20130429,20130501,20130502,20130503
G.3.1_index_3_VS_G.2.1_index_2 [21] 
Ngay: 20130330,20130331,20130401,20130403,20130404,20130405,20130406,20130407,20130408,20130412,20130415,20130418,20130421,20130426,20130428,20130429,20130430,20130502,20130503,20130504
Number is 83
G.3.4_index_2_VS_G.4.4_index_1 [22] 
Ngay: 20130321,20130324,20130325,20130329,20130330,20130402,20130403,20130404,20130405,20130406,20130407,20130408,20130409,20130411,20130413,20130414,20130415,20130417,20130419,20130422,20130423,20130428
Number is 86
G.2.1_index_3_VS_G.2.2_index_2 [23] 
Ngay: 20130320,20130321,20130323,20130331,20130401,20130403,20130404,20130405,20130406,20130407,20130408,20130412,20130413,20130414,20130415,20130416,20130420,20130423,20130427,20130428,20130503,20130505
G.3.4_index_2_VS_G.3.2_index_1 [24] 
Ngay: 20130321,20130323,20130326,20130329,20130330,20130401,20130403,20130404,20130405,20130406,20130407,20130408,20130409,20130411,20130413,20130415,20130416,20130418,20130420,20130421,20130429,20130430,20130503
Number is 90
G.3.1_index_1_VS_G.2.2_index_1 [25] 
Ngay: 20130322,20130326,20130327,20130329,20130401,20130403,20130404,20130405,20130406,20130407,20130408,20130411,20130416,20130417,20130418,20130421,20130422,20130423,20130424,20130425,20130426,20130427,20130430,20130504
Number is 93
G.3.3_index_4_VS_G.DB_index_4 [26] 
Ngay: 20130321,20130322,20130326,20130329,20130330,20130331,20130401,20130402,20130403,20130404,20130405,20130406,20130407,20130408,20130410,20130411,20130413,20130414,20130418,20130421,20130423,20130424,20130425,20130427,20130429,20130502,20130503,20130504,20130505
Number is 97
G.6.1_index_3_VS_G.5.4_index_4 [27] 
Ngay: 20130323,20130324,20130326,20130327,20130328,20130331,20130403,20130404,20130405,20130406,20130407,20130408,20130410,20130411,20130412,20130416,20130430,20130502,20130503
