Last Date = 20130430
Number is 27
G.5.5_index_2_VS_G.3.5_index_4 [8] 
Ngay: 20130320,20130322,20130324,20130326,20130327,20130328,20130329,20130330,20130331,20130401,20130402,20130403,20130406,20130407,20130408,20130409,20130410,20130411,20130416,20130417,20130418,20130419,20130420,20130421,20130424
Number is 70
G.6.1_index_2_VS_G.2.2_index_1 [25] 
Ngay: 20130325,20130326,20130327,20130331,20130403,20130404,20130405,20130406,20130407,20130408,20130409,20130410,20130411,20130416,20130419,20130420,20130421,20130422,20130423,20130425,20130428
Number is 73
G.7.3_index_2_VS_G.DB_index_2 [5] 
Ngay: 20130325,20130329,20130403,20130405,20130406,20130407,20130408,20130409,20130410,20130411,20130416,20130418,20130422,20130424,20130426
Number is 78
G.7.3_index_2_VS_G.6.1_index_3 [4] 
Ngay: 20130320,20130322,20130323,20130326,20130327,20130328,20130329,20130401,20130405,20130406,20130407,20130408,20130409,20130410,20130411,20130416,20130417,20130418,20130419,20130421,20130424,20130425,20130426,20130427,20130428
Number is 87
G.5.1_index_2_VS_G.5.4_index_3 [2] 
Ngay: 20130322,20130323,20130326,20130330,20130331,20130403,20130405,20130406,20130407,20130408,20130409,20130410,20130411,20130420,20130422,20130426
