Last Date = 20130430
Number is 02
G.6.3_index_3_VS_G.DB_index_4 [23] 
Ngay: 20130320,20130322,20130327,20130330,20130401,20130402,20130403,20130407,20130408,20130409,20130410,20130411,20130412,20130418,20130419,20130423,20130424,20130425,20130427,20130428
Number is 60
G.2.2_index_5_VS_G.1.1_index_3 [25] 
Ngay: 20130321,20130322,20130324,20130325,20130327,20130403,20130404,20130407,20130408,20130409,20130410,20130411,20130412,20130418,20130419,20130423,20130424,20130426
Number is 67
G.2.2_index_5_VS_G.3.1_index_4 [26] 
Ngay: 20130321,20130323,20130324,20130325,20130329,20130401,20130404,20130405,20130406,20130407,20130408,20130409,20130410,20130411,20130412,20130417,20130426
Number is 79
G.3.1_index_4_VS_G.3.6_index_2 [15] 
Ngay: 20130321,20130325,20130329,20130401,20130405,20130406,20130407,20130408,20130409,20130410,20130411,20130412,20130417,20130424,20130425,20130426,20130428,20130429
Number is 80
G.4.1_index_2_VS_G.6.3_index_3 [12] 
Ngay: 20130321,20130322,20130323,20130329,20130330,20130331,20130402,20130407,20130408,20130409,20130410,20130411,20130412,20130417,20130425,20130429
