Last Date = 20130506
Except date ======= 
required date ======= 20130417,20130418,20130419,20130420,20130421,20130422
Number is 08
G.7.4_index_1_VS_G.DB_index_1 [1] 
Ngay: 20130321,20130324,20130325,20130327,20130329,20130405,20130408,20130412,20130413,20130414,20130417,20130418,20130419,20130420,20130421,20130422,20130428,20130430,20130501,20130503,20130504
Number is 09
G.2.2_index_1_VS_G.3.3_index_2 [2] 
Ngay: 20130320,20130322,20130323,20130326,20130327,20130403,20130405,20130406,20130407,20130412,20130414,20130417,20130418,20130419,20130420,20130421,20130422,20130424,20130426,20130428,20130429,20130430,20130501
Number is 33
G.4.4_index_1_VS_G.3.2_index_2 [3] 
Ngay: 20130320,20130321,20130322,20130323,20130324,20130326,20130329,20130331,20130402,20130403,20130404,20130405,20130407,20130415,20130417,20130418,20130419,20130420,20130421,20130422,20130423,20130426,20130427,20130429,20130503,20130504,20130505
Number is 50
G.5.3_index_2_VS_G.5.6_index_4 [4] 
Ngay: 20130323,20130402,20130403,20130407,20130408,20130410,20130411,20130413,20130414,20130416,20130417,20130418,20130419,20130420,20130421,20130422,20130424,20130426,20130427,20130428,20130430,20130501,20130504
Number is 54
G.3.6_index_4_VS_G.2.1_index_4 [5] 
Ngay: 20130323,20130324,20130325,20130328,20130331,20130402,20130403,20130410,20130411,20130412,20130417,20130418,20130419,20130420,20130421,20130422,20130423,20130425,20130426,20130428,20130429,20130502,20130504,20130505
Number is 55
G.2.1_index_1_VS_G.3.2_index_3 [6] 
Ngay: 20130322,20130325,20130327,20130328,20130403,20130404,20130407,20130409,20130410,20130412,20130417,20130418,20130419,20130420,20130421,20130422,20130426,20130427,20130502,20130503,20130505
Number is 57
G.3.6_index_4_VS_G.2.2_index_3 [7] 
Ngay: 20130323,20130324,20130329,20130331,20130402,20130406,20130407,20130408,20130410,20130411,20130414,20130415,20130417,20130418,20130419,20130420,20130421,20130422,20130424,20130426,20130427,20130430,20130502,20130505
G.1.1_index_3_VS_G.DB_index_5 [8] 
Ngay: 20130321,20130330,20130407,20130411,20130412,20130413,20130414,20130416,20130417,20130418,20130419,20130420,20130421,20130422,20130424,20130428,20130502,20130505
Number is 62
G.1.1_index_4_VS_G.3.5_index_5 [9] 
Ngay: 20130320,20130321,20130322,20130324,20130327,20130329,20130401,20130403,20130407,20130409,20130410,20130412,20130414,20130416,20130417,20130418,20130419,20130420,20130421,20130422,20130425,20130428,20130430,20130505
Number is 70
G.7.2_index_1_VS_G.7.4_index_1 [10] 
Ngay: 20130322,20130326,20130328,20130329,20130331,20130405,20130406,20130407,20130412,20130413,20130415,20130416,20130417,20130418,20130419,20130420,20130421,20130422,20130424,20130425,20130426,20130429,20130504
G.DB_index_5_VS_G.7.4_index_1 [11] 
Ngay: 20130321,20130322,20130323,20130326,20130329,20130331,20130404,20130413,20130414,20130417,20130418,20130419,20130420,20130421,20130422,20130423,20130427,20130502,20130504,20130505
Number is 77
G.4.2_index_3_VS_G.3.6_index_3 [12] 
Ngay: 20130320,20130321,20130322,20130324,20130326,20130330,20130403,20130405,20130409,20130415,20130416,20130417,20130418,20130419,20130420,20130421,20130422,20130424,20130425,20130428,20130430,20130501
Number is 89
G.DB_index_1_VS_G.5.5_index_1 [13] 
Ngay: 20130320,20130321,20130322,20130324,20130325,20130328,20130329,20130331,20130402,20130407,20130408,20130409,20130411,20130415,20130417,20130418,20130419,20130420,20130421,20130422,20130424,20130426,20130428,20130430,20130501,20130502,20130504
Number is 90
G.3.3_index_3_VS_G.7.4_index_1 [14] 
Ngay: 20130320,20130322,20130323,20130324,20130325,20130326,20130331,20130404,20130408,20130410,20130412,20130413,20130414,20130415,20130416,20130417,20130418,20130419,20130420,20130421,20130422,20130424,20130425,20130429,20130502,20130503,20130504
Number is 96
G.5.5_index_1_VS_G.3.2_index_1 [15] 
Ngay: 20130320,20130321,20130322,20130323,20130324,20130329,20130331,20130401,20130403,20130404,20130408,20130410,20130413,20130415,20130416,20130417,20130418,20130419,20130420,20130421,20130422,20130423,20130425,20130504
