Last Date = 20130430
Number is 36
G.3.2_index_2_VS_G.5.3_index_3 [2] 
Ngay: 20130321,20130328,20130329,20130331,20130401,20130403,20130404,20130407,20130411,20130414,20130415,20130416,20130418,20130419,20130420,20130421,20130422,20130423
Number is 45
G.1.1_index_4_VS_G.2.2_index_3 [6] 
Ngay: 20130320,20130321,20130322,20130323,20130326,20130401,20130402,20130404,20130407,20130409,20130410,20130411,20130413,20130415,20130416,20130418,20130419,20130420,20130421,20130422,20130423,20130428
Number is 54
G.5.4_index_1_VS_G.2.1_index_4 [3] 
Ngay: 20130321,20130322,20130323,20130324,20130328,20130331,20130402,20130403,20130405,20130407,20130410,20130411,20130413,20130416,20130418,20130419,20130420,20130421,20130422,20130423,20130429
Number is 67
G.5.3_index_3_VS_G.6.1_index_2 [11] 
Ngay: 20130321,20130327,20130330,20130401,20130409,20130410,20130412,20130413,20130415,20130418,20130419,20130420,20130421,20130422,20130423,20130429
