======== Last: 20131004 ========= 
Number is 01 
G.5.6_index_2_VS_G.4.2_index_4 [1] 
Ngay: 20130820,20130826,20130827,20130828,20130829,20130830,20130831,20130902,20130908,20130909,20130915,20130917,20130918,20130919,20130923,20130927,20130928,20130929 
Number is 03 
G.4.3_index_4_VS_G.DB_index_3 [2] 
Ngay: 20130822,20130823,20130824,20130826,20130827,20130828,20130829,20130830,20130831,20130901,20130903,20130904,20130905,20130907,20130908,20130910,20130914,20130915,20130916,20130920,20130924,20130926,20130927,20130929,20131002,20131003 
Number is 04 
G.5.6_index_2_VS_G.5.6_index_4 [3] 
Ngay: 20130820,20130825,20130826,20130827,20130828,20130829,20130830,20130831,20130905,20130907,20130908,20130910,20130917,20130919,20130921,20130922,20130923,20130927,20130928,20130930,20131001,20131002 
Number is 06 
G.3.3_index_3_VS_G.5.4_index_4 [4] 
Ngay: 20130820,20130825,20130826,20130827,20130828,20130829,20130830,20130831,20130901,20130902,20130903,20130905,20130907,20130908,20130909,20130911,20130915,20130917,20130919,20130920,20130921,20130925,20130929,20131001,20131002 
Number is 15 
G.2.1_index_1_VS_G.3.2_index_3 [5] 
Ngay: 20130826,20130827,20130828,20130829,20130830,20130831,20130904,20130911,20130917,20130918,20130919,20130923,20130926,20130928,20130930 
Number is 18 
G.4.2_index_4_VS_G.5.3_index_4 [6] 
Ngay: 20130820,20130821,20130824,20130825,20130826,20130827,20130828,20130829,20130830,20130831,20130902,20130907,20130910,20130912,20130918,20130921,20130922,20130923,20130929 
Number is 33 
G.DB_index_3_VS_G.DB_index_5 [7] 
Ngay: 20130826,20130827,20130828,20130829,20130830,20130831,20130909,20130910,20130911,20130912,20130914,20130915,20130916,20130918,20130921,20130924,20130926,20130927,20130928,20130929,20130930,20131001,20131002,20131003 
Number is 34 
G.3.1_index_5_VS_G.5.6_index_4 [8] 
Ngay: 20130821,20130825,20130826,20130827,20130828,20130829,20130830,20130831,20130901,20130902,20130910,20130911,20130912,20130918,20130919,20130926,20130928,20130930,20131001,20131003 
G.DB_index_3_VS_G.2.1_index_4 [9] 
Ngay: 20130820,20130824,20130826,20130827,20130828,20130829,20130830,20130831,20130903,20130906,20130907,20130908,20130910,20130911,20130913,20130915,20130916,20130917,20130918,20130922,20130924,20130926,20130928,20130930,20131001,20131002 
Number is 35 
G.3.1_index_5_VS_G.3.4_index_4 [10] 
Ngay: 20130821,20130822,20130824,20130825,20130826,20130827,20130828,20130829,20130830,20130831,20130901,20130902,20130906,20130911,20130912,20130919,20130930,20131002 
Number is 37 
G.DB_index_3_VS_G.4.1_index_1 [11] 
Ngay: 20130820,20130821,20130823,20130826,20130827,20130828,20130829,20130830,20130831,20130902,20130907,20130910,20130911,20130912,20130913,20130914,20130916,20130921,20130922,20130924,20130926,20130927,20130929,20130930,20131002,20131003 
Number is 43 
G.3.4_index_1_VS_G.7.1_index_1 [12] 
Ngay: 20130822,20130823,20130825,20130826,20130827,20130828,20130829,20130830,20130831,20130904,20130905,20130910,20130912,20130914,20130918,20130924,20130925,20130926,20130927,20130928,20130929,20130930,20131001,20131002 
Number is 44 
G.2.1_index_5_VS_G.6.3_index_1 [13] 
Ngay: 20130821,20130825,20130826,20130827,20130828,20130829,20130830,20130831,20130901,20130904,20130905,20130908,20130910,20130913,20130915,20130918,20130919,20130922,20130925,20130926,20130929,20131003 
Number is 45 
G.5.2_index_4_VS_G.2.1_index_2 [14] 
Ngay: 20130821,20130824,20130826,20130827,20130828,20130829,20130830,20130831,20130901,20130902,20130903,20130904,20130907,20130908,20130912,20130914,20130916,20130918,20130920,20130923,20130927,20131001 
Number is 47 
G.5.6_index_4_VS_G.3.3_index_1 [15] 
Ngay: 20130825,20130826,20130827,20130828,20130829,20130830,20130831,20130904,20130906,20130907,20130909,20130910,20130911,20130912,20130915,20130916,20130917,20130918,20130921,20130923,20130924,20130925,20130927,20130928,20130930,20131001,20131002 
Number is 48 
G.2.1_index_5_VS_G.3.2_index_2 [16] 
Ngay: 20130820,20130823,20130824,20130825,20130826,20130827,20130828,20130829,20130830,20130831,20130901,20130902,20130905,20130906,20130908,20130909,20130912,20130918,20130919,20130921,20130926,20130927,20130929 
Number is 50 
G.4.4_index_4_VS_G.3.5_index_4 [17] 
Ngay: 20130820,20130823,20130825,20130826,20130827,20130828,20130829,20130830,20130831,20130902,20130907,20130908,20130911,20130912,20130913,20130914,20130916,20130917,20130918,20130922,20130923,20130927,20130929,20131002 
G.6.1_index_2_VS_G.3.3_index_3 [18] 
Ngay: 20130820,20130822,20130825,20130826,20130827,20130828,20130829,20130830,20130831,20130901,20130903,20130904,20130905,20130910,20130911,20130912,20130917,20130920,20130921,20130927,20130928 
Number is 53 
G.2.1_index_2_VS_G.DB_index_2 [19] 
Ngay: 20130822,20130824,20130826,20130827,20130828,20130829,20130830,20130831,20130901,20130903,20130905,20130907,20130909,20130910,20130911,20130912,20130914,20130916,20130919,20130920,20130923,20130926,20130927,20130928 
G.4.4_index_4_VS_G.DB_index_3 [20] 
Ngay: 20130820,20130822,20130826,20130827,20130828,20130829,20130830,20130831,20130902,20130907,20130908,20130910,20130924,20130929,20131002,20131003 
Number is 56 
G.5.3_index_2_VS_G.5.4_index_4 [21] 
Ngay: 20130824,20130826,20130827,20130828,20130829,20130830,20130831,20130908,20130909,20130912,20130913,20130917,20130921,20130922,20130923,20130925 
Number is 63 
G.4.1_index_4_VS_G.7.1_index_1 [22] 
Ngay: 20130820,20130823,20130824,20130825,20130826,20130827,20130828,20130829,20130830,20130831,20130902,20130907,20130908,20130910,20130911,20130913,20130918,20130919,20130920,20130924,20130925,20130927,20130930,20131001,20131002 
G.7.2_index_2_VS_G.DB_index_3 [23] 
Ngay: 20130821,20130822,20130825,20130826,20130827,20130828,20130829,20130830,20130831,20130902,20130903,20130908,20130916,20130917,20130918,20130924,20130927,20130928,20130929,20130930,20131001,20131002 
Number is 70 
G.3.3_index_1_VS_G.3.3_index_3 [24] 
Ngay: 20130820,20130821,20130822,20130824,20130825,20130826,20130827,20130828,20130829,20130830,20130831,20130901,20130902,20130903,20130911,20130913,20130920,20130921,20130924,20130927,20130930 
Number is 74 
G.7.3_index_2_VS_G.5.6_index_4 [25] 
Ngay: 20130821,20130822,20130823,20130826,20130827,20130828,20130829,20130830,20130831,20130901,20130902,20130904,20130907,20130910,20130912,20130914,20130916,20130918,20130919,20130923,20130924,20130927,20130928,20130929,20130930,20131002 
Number is 75 
G.3.3_index_1_VS_G.4.3_index_3 [26] 
Ngay: 20130821,20130822,20130824,20130825,20130826,20130827,20130828,20130829,20130830,20130831,20130901,20130902,20130903,20130906,20130907,20130910,20130913,20130915,20130917,20130920,20130922,20130923,20130924,20130925,20130929,20131002,20131003 
Number is 78 
G.3.3_index_1_VS_G.5.2_index_3 [27] 
Ngay: 20130822,20130824,20130825,20130826,20130827,20130828,20130829,20130830,20130831,20130902,20130907,20130910,20130911,20130915,20130916,20130920,20130922,20130925,20130927,20130930,20131002,20131003 
Number is 83 
G.5.2_index_3_VS_G.3.1_index_5 [28] 
Ngay: 20130821,20130823,20130825,20130826,20130827,20130828,20130829,20130830,20130831,20130902,20130906,20130907,20130910,20130911,20130913,20130916,20130921,20130923,20130926,20130927,20130930,20131003 
Number is 84 
G.5.3_index_4_VS_G.5.6_index_4 [29] 
Ngay: 20130820,20130821,20130823,20130824,20130826,20130827,20130828,20130829,20130830,20130831,20130901,20130902,20130903,20130904,20130905,20130909,20130911,20130912,20130916,20130917,20130918,20130920,20130921,20130923,20130927,20130929,20131001 
Number is 94 
G.5.4_index_1_VS_G.2.1_index_5 [30] 
Ngay: 20130824,20130826,20130827,20130828,20130829,20130830,20130831,20130901,20130904,20130911,20130917,20130918,20130920,20130921,20130922,20130924,20130925,20130926,20131001 
Number is 95 
G.5.5_index_1_VS_G.3.3_index_2 [31] 
Ngay: 20130820,20130821,20130825,20130826,20130827,20130828,20130829,20130830,20130831,20130906,20130907,20130908,20130912,20130913,20130914,20130915,20130923,20130927,20130930,20131003 
Number is 99 
G.3.5_index_5_VS_G.5.4_index_1 [32] 
Ngay: 20130824,20130825,20130826,20130827,20130828,20130829,20130830,20130831,20130902,20130903,20130904,20130906,20130908,20130911,20130913,20130915,20130917,20130921,20130925,20130930,20131001,20131003 
