======== Current: 20130902 ========= 
Number is 10 
G.5.4_index_4_VS_G.7.4_index_2 [1] 
20130821,20130823,20130824,20130827,20130828,20130829,20130830,20130831,20130901,20130908,20130909,20130913,20130917,20130918,20130924,20130925,20130926,20130927,20130928,20130930 
Number is 11 
G.3.3_index_1_VS_G.3.3_index_3 [2] PLUS 1 
20130820,20130821,20130822,20130824,20130825,20130826,20130827,20130828,20130829,20130830,20130831,20130901,20130902,20130903,20130911,20130913,20130920,20130921,20130924,20130927,20130930 
G.3.3_index_3_VS_G.5.4_index_4 [3] PLUS 1 
20130820,20130825,20130826,20130827,20130828,20130829,20130830,20130831,20130901,20130902,20130903,20130905,20130907,20130908,20130909,20130911,20130915,20130917,20130919,20130920,20130921,20130925,20130929,20131001,20131002 
Number is 16 
G.3.3_index_1_VS_G.DB_index_4 [4] 
20130821,20130822,20130824,20130827,20130828,20130829,20130830,20130831,20130901,20130905,20130909,20130910,20130913,20130916,20130918,20130919,20130921,20130922,20130924,20130926,20130929,20131002 
G.DB_index_2_VS_G.DB_index_3 [5] 
20130823,20130825,20130827,20130828,20130829,20130830,20130831,20130901,20130906,20130907,20130908,20130909,20130910,20130911,20130913,20130914,20130916,20130918,20130921,20130924,20130926,20130927,20130928,20131001,20131002 
G.4.3_index_4_VS_G.DB_index_3 [6] 
20130822,20130823,20130824,20130826,20130827,20130828,20130829,20130830,20130831,20130901,20130903,20130904,20130905,20130907,20130908,20130910,20130914,20130915,20130916,20130920,20130924,20130926,20130927,20130929,20131002,20131003 
Number is 19 
G.3.3_index_1_VS_G.4.3_index_3 [7] PLUS 1 
20130821,20130822,20130824,20130825,20130826,20130827,20130828,20130829,20130830,20130831,20130901,20130902,20130903,20130906,20130907,20130910,20130913,20130915,20130917,20130920,20130922,20130923,20130924,20130925,20130929,20131002,20131003 
Number is 20 
G.3.5_index_2_VS_G.7.4_index_2 [8] 
20130821,20130822,20130823,20130825,20130827,20130828,20130829,20130830,20130831,20130901,20130903,20130904,20130905,20130912,20130913,20130917,20130918,20130919,20130922,20130926,20130929,20130930,20131001,20131003 
Number is 21 
G.2.1_index_2_VS_G.DB_index_2 [9] 
20130822,20130824,20130826,20130827,20130828,20130829,20130830,20130831,20130901,20130903,20130905,20130907,20130909,20130910,20130911,20130912,20130914,20130916,20130919,20130920,20130923,20130926,20130927,20130928 
G.6.1_index_2_VS_G.3.3_index_3 [10] 
20130820,20130822,20130825,20130826,20130827,20130828,20130829,20130830,20130831,20130901,20130903,20130904,20130905,20130910,20130911,20130912,20130917,20130920,20130921,20130927,20130928 
Number is 23 
G.3.5_index_2_VS_G.7.3_index_2 [11] PLUS 1 
20130821,20130822,20130823,20130824,20130825,20130827,20130828,20130829,20130830,20130831,20130901,20130902,20130904,20130907,20130909,20130911,20130912,20130914,20130916,20130917,20130920,20130921,20130927,20130929,20131002 
Number is 31 
G.5.3_index_4_VS_G.5.4_index_4 [12] 
20130820,20130821,20130827,20130828,20130829,20130830,20130831,20130901,20130906,20130907,20130909,20130910,20130911,20130912,20130915,20130917,20130923,20130924,20130925,20130927,20130930,20131002 
Number is 32 
G.5.3_index_4_VS_G.5.6_index_4 [13] PLUS 1 
20130820,20130821,20130823,20130824,20130826,20130827,20130828,20130829,20130830,20130831,20130901,20130902,20130903,20130904,20130905,20130909,20130911,20130912,20130916,20130917,20130918,20130920,20130921,20130923,20130927,20130929,20131001 
G.7.3_index_2_VS_G.5.6_index_4 [14] PLUS 1 
20130821,20130822,20130823,20130826,20130827,20130828,20130829,20130830,20130831,20130901,20130902,20130904,20130907,20130910,20130912,20130914,20130916,20130918,20130919,20130923,20130924,20130927,20130928,20130929,20130930,20131002 
Number is 36 
G.4.4_index_2_VS_G.3.5_index_5 [15] PLUS 1 
20130820,20130822,20130827,20130828,20130829,20130830,20130831,20130901,20130902,20130907,20130908,20130913,20130914,20130916,20130917,20130918,20130920,20130922,20130926,20130928,20131003 
Number is 46 
G.6.3_index_1_VS_G.7.2_index_2 [16] PLUS 1 
20130820,20130822,20130825,20130827,20130828,20130829,20130830,20130831,20130901,20130902,20130904,20130905,20130906,20130907,20130908,20130915,20130917,20130918,20130919,20130920,20130922,20130927,20130929,20131001 
Number is 48 
G.5.4_index_1_VS_G.2.1_index_5 [17] 
20130824,20130826,20130827,20130828,20130829,20130830,20130831,20130901,20130904,20130911,20130917,20130918,20130920,20130921,20130922,20130924,20130925,20130926,20131001 
Number is 54 
G.3.6_index_2_VS_G.3.2_index_3 [18] PLUS 1 
20130821,20130822,20130824,20130827,20130828,20130829,20130830,20130831,20130901,20130902,20130909,20130910,20130911,20130913,20130915,20130916,20130917,20130919,20130920,20130921,20130923,20130926,20130927,20130928,20130930,20131001 
Number is 60 
G.3.1_index_5_VS_G.3.4_index_4 [19] PLUS 1 
20130821,20130822,20130824,20130825,20130826,20130827,20130828,20130829,20130830,20130831,20130901,20130902,20130906,20130911,20130912,20130919,20130930,20131002 
Number is 61 
G.3.1_index_5_VS_G.6.2_index_1 [20] 
20130822,20130824,20130825,20130827,20130828,20130829,20130830,20130831,20130901,20130903,20130904,20130905,20130906,20130907,20130909,20130910,20130911,20130914,20130916,20130919,20130921,20130922,20130926,20130927,20130928,20130930,20131001 
G.3.1_index_5_VS_G.DB_index_5 [21] 
20130821,20130822,20130825,20130827,20130828,20130829,20130830,20130831,20130901,20130905,20130911,20130914,20130916,20130918,20130923,20130924,20130926,20130927,20130928,20130930,20131001,20131003 
Number is 62 
G.3.1_index_5_VS_G.5.6_index_4 [22] PLUS 1 
20130821,20130825,20130826,20130827,20130828,20130829,20130830,20130831,20130901,20130902,20130910,20130911,20130912,20130918,20130919,20130926,20130928,20130930,20131001,20131003 
G.5.2_index_4_VS_G.2.1_index_2 [23] PLUS 1 
20130821,20130824,20130826,20130827,20130828,20130829,20130830,20130831,20130901,20130902,20130903,20130904,20130907,20130908,20130912,20130914,20130916,20130918,20130920,20130923,20130927,20131001 
Number is 66 
G.DB_index_4_VS_G.3.1_index_5 [24] PLUS 1 
20130821,20130822,20130823,20130825,20130827,20130828,20130829,20130830,20130831,20130901,20130902,20130904,20130907,20130910,20130911,20130912,20130913,20130919,20130921,20130922,20130923,20130924,20130926,20130929,20130930,20131003 
Number is 72 
G.3.1_index_3_VS_G.2.1_index_2 [25] 
20130821,20130822,20130823,20130825,20130827,20130828,20130829,20130830,20130831,20130901,20130903,20130904,20130912,20130915,20130916,20130917,20130921,20130924,20130925,20130926,20130927,20130929 
Number is 84 
G.2.1_index_5_VS_G.6.3_index_1 [26] 
20130821,20130825,20130826,20130827,20130828,20130829,20130830,20130831,20130901,20130904,20130905,20130908,20130910,20130913,20130915,20130918,20130919,20130922,20130925,20130926,20130929,20131003 
Number is 86 
G.2.1_index_5_VS_G.3.2_index_2 [27] PLUS 1 
20130820,20130823,20130824,20130825,20130826,20130827,20130828,20130829,20130830,20130831,20130901,20130902,20130905,20130906,20130908,20130909,20130912,20130918,20130919,20130921,20130926,20130927,20130929 
G.5.5_index_1_VS_G.3.5_index_5 [28] PLUS 1 
20130820,20130823,20130824,20130825,20130827,20130828,20130829,20130830,20130831,20130901,20130902,20130904,20130907,20130908,20130911,20130913,20130915,20130917,20130919,20130924,20130925,20130926,20130929,20131003 
Number is 89 
G.3.6_index_4_VS_G.2.1_index_4 [29] PLUS 1 
20130820,20130821,20130823,20130824,20130825,20130827,20130828,20130829,20130830,20130831,20130901,20130902,20130905,20130907,20130908,20130909,20130910,20130911,20130912,20130913,20130914,20130915,20130917,20130918,20130921,20130924,20130926,20130928,20130929,20130930 
