======== Current: 20130906 ========= 
Number is 03 
G.4.4_index_2_VS_G.5.5_index_4 [1] 
20130821,20130823,20130825,20130826,20130828,20130829,20130830,20130831,20130901,20130902,20130903,20130904,20130905,20130908,20130909,20130910,20130913,20130916,20130917,20130918,20130919,20130920,20130922,20130924,20130925,20130928,20131003 
Number is 04 
G.7.4_index_1_VS_G.6.1_index_2 [2] 
20130820,20130825,20130826,20130827,20130830,20130831,20130901,20130902,20130903,20130904,20130905,20130909,20130910,20130912,20130913,20130914,20130915,20130916,20130922,20130923,20130924,20130925,20130927,20130929,20130930,20131001,20131002 
Number is 13 
G.3.2_index_1_VS_G.3.5_index_1 [3] PLUS 1 
20130820,20130821,20130827,20130831,20130901,20130902,20130903,20130904,20130905,20130906,20130907,20130911,20130913,20130917,20130923,20130925,20130927,20130929,20131003 
Number is 21 
G.2.2_index_3_VS_G.DB_index_5 [4] 
20130820,20130823,20130824,20130825,20130826,20130827,20130828,20130829,20130831,20130901,20130902,20130903,20130904,20130905,20130907,20130909,20130911,20130914,20130918,20130920,20130922,20130924,20130926 
Number is 22 
G.6.3_index_3_VS_G.2.2_index_3 [5] 
20130821,20130824,20130825,20130827,20130828,20130829,20130831,20130901,20130902,20130903,20130904,20130905,20130907,20130909,20130910,20130913,20130920,20130921,20130922,20130923,20130927,20130928 
G.3.2_index_3_VS_G.7.3_index_2 [6] 
20130822,20130823,20130824,20130827,20130828,20130830,20130831,20130901,20130902,20130903,20130904,20130905,20130907,20130909,20130910,20130913,20130914,20130917,20130919,20130921,20130922,20130926,20130927,20131001 
Number is 24 
G.3.5_index_4_VS_G.3.5_index_5 [7] 
20130820,20130824,20130827,20130828,20130830,20130831,20130901,20130902,20130903,20130904,20130905,20130907,20130908,20130909,20130911,20130913,20130915,20130918,20130922,20130925,20130929,20130930,20131003 
G.3.5_index_2_VS_G.5.4_index_2 [8] 
20130822,20130827,20130831,20130901,20130902,20130903,20130904,20130905,20130907,20130909,20130910,20130911,20130915,20130918,20130919,20130921,20130922,20130923,20130924,20130927,20130929,20130930,20131002 
Number is 32 
G.3.3_index_2_VS_G.7.1_index_2 [9] PLUS 1 
20130824,20130825,20130830,20130831,20130901,20130902,20130903,20130904,20130905,20130906,20130907,20130908,20130911,20130912,20130914,20130915,20130916,20130920,20130927,20131002,20131003 
Number is 33 
G.1.1_index_3_VS_G.5.5_index_4 [10] 
20130820,20130821,20130823,20130824,20130831,20130901,20130902,20130903,20130904,20130905,20130907,20130908,20130909,20130910,20130915,20130916,20130917,20130918,20130920,20130921,20130922,20130924,20130925,20130927,20130929,20131002,20131003 
Number is 44 
G.4.3_index_4_VS_G.5.4_index_2 [11] PLUS 1 
20130821,20130823,20130826,20130829,20130831,20130901,20130902,20130903,20130904,20130905,20130906,20130907,20130908,20130909,20130912,20130913,20130915,20130916,20130917,20130918,20130919,20130920,20130921,20130922,20130924,20130925,20130927,20130928,20130929,20131001,20131003 
Number is 52 
G.5.2_index_4_VS_G.4.1_index_1 [12] 
20130822,20130823,20130824,20130827,20130831,20130901,20130902,20130903,20130904,20130905,20130908,20130909,20130916,20130919,20130921,20130923,20130924,20130925,20130930 
Number is 62 
G.2.1_index_2_VS_G.2.2_index_3 [13] PLUS 1 
20130824,20130825,20130830,20130831,20130901,20130902,20130903,20130904,20130905,20130906,20130907,20130910,20130911,20130912,20130913,20130914,20130915,20130916,20130917,20130924,20130926,20131003 
G.5.1_index_4_VS_G.2.2_index_3 [14] PLUS 1 
20130823,20130825,20130826,20130827,20130831,20130901,20130902,20130903,20130904,20130905,20130906,20130907,20130908,20130909,20130910,20130911,20130913,20130917,20130919,20130923,20130925,20130926,20130927,20131003 
Number is 65 
G.5.3_index_4_VS_G.5.6_index_4 [15] 
20130820,20130821,20130823,20130824,20130826,20130827,20130828,20130829,20130830,20130831,20130901,20130902,20130903,20130904,20130905,20130909,20130911,20130912,20130916,20130917,20130918,20130920,20130921,20130923,20130927,20130929,20131001 
Number is 72 
G.3.2_index_2_VS_G.3.6_index_5 [16] PLUS 1 
20130820,20130823,20130824,20130825,20130828,20130831,20130901,20130902,20130903,20130904,20130905,20130906,20130909,20130914,20130917,20130919,20130922,20130923,20130927,20130930,20131001 
Number is 80 
G.5.4_index_4_VS_G.4.1_index_2 [17] 
20130823,20130827,20130828,20130831,20130901,20130902,20130903,20130904,20130905,20130907,20130909,20130910,20130911,20130912,20130913,20130915,20130917,20130920,20130922,20130924,20130925,20130928,20130930,20131002,20131003 
Number is 82 
G.1.1_index_5_VS_G.3.5_index_2 [18] 
20130821,20130822,20130825,20130829,20130831,20130901,20130902,20130903,20130904,20130905,20130910,20130911,20130912,20130914,20130915,20130917,20130918,20130919,20130923,20130926,20131001,20131002 
Number is 98 
G.5.6_index_3_VS_G.1.1_index_5 [19] PLUS 1 
20130825,20130826,20130829,20130831,20130901,20130902,20130903,20130904,20130905,20130906,20130907,20130908,20130911,20130915,20130916,20130918,20130919,20130925,20130930,20131002 
