======== Current: 20130914 ========= 
Number is 00 
G.3.1_index_1_VS_G.3.4_index_5 [1] 
20130823,20130902,20130906,20130908,20130909,20130910,20130911,20130912,20130913,20130920,20130921,20130923,20130925,20130927,20130929,20130930,20131002 
Number is 06 
G.4.3_index_4_VS_G.3.2_index_1 [2] PLUS 1 
20130825,20130829,20130903,20130905,20130908,20130909,20130910,20130911,20130912,20130913,20130914,20130915,20130920,20130921,20130923,20130924,20130925,20130927,20130929,20131003 
Number is 08 
G.3.4_index_5_VS_G.3.4_index_3 [3] 
20130822,20130826,20130828,20130902,20130903,20130906,20130908,20130909,20130910,20130911,20130912,20130913,20130917,20130920,20130921,20130923,20130925,20130930,20131001,20131002,20131003 
Number is 21 
G.2.1_index_2_VS_G.3.4_index_4 [4] 
20130821,20130823,20130825,20130827,20130829,20130830,20130831,20130903,20130908,20130909,20130910,20130911,20130912,20130913,20130915,20130916,20130917,20130930,20131001 
Number is 24 
G.2.1_index_2_VS_G.7.4_index_1 [5] 
20130820,20130822,20130825,20130827,20130829,20130830,20130902,20130903,20130904,20130907,20130908,20130909,20130910,20130911,20130912,20130913,20130915,20130916,20130917,20130918,20130921,20130922,20130924,20130930,20131001 
Number is 28 
G.6.2_index_3_VS_G.5.3_index_4 [6] 
20130820,20130823,20130828,20130829,20130830,20130901,20130902,20130903,20130904,20130905,20130907,20130908,20130909,20130910,20130911,20130912,20130913,20130916,20130917,20130918,20130920,20130926,20130927,20130928,20130929,20131001 
G.7.1_index_2_VS_G.6.1_index_2 [7] 
20130822,20130827,20130830,20130901,20130904,20130907,20130908,20130909,20130910,20130911,20130912,20130913,20130918,20130923,20130927,20130928,20130929,20130930 
Number is 33 
G.4.4_index_1_VS_G.5.1_index_3 [8] 
20130822,20130827,20130828,20130829,20130903,20130904,20130906,20130907,20130908,20130909,20130910,20130911,20130912,20130913,20130918,20130919,20130920,20130921,20130922,20130928,20130929,20131002 
Number is 38 
G.3.6_index_4_VS_G.2.1_index_4 [9] PLUS 1 
20130820,20130821,20130823,20130824,20130825,20130827,20130828,20130829,20130830,20130831,20130901,20130902,20130905,20130907,20130908,20130909,20130910,20130911,20130912,20130913,20130914,20130915,20130917,20130918,20130921,20130924,20130926,20130928,20130929,20130930 
Number is 39 
G.5.5_index_2_VS_G.5.6_index_1 [10] PLUS 1 
20130822,20130825,20130826,20130828,20130902,20130903,20130908,20130909,20130910,20130911,20130912,20130913,20130914,20130915,20130919,20130920,20130921,20130922,20130924,20130926,20130930 
Number is 48 
G.7.4_index_1_VS_G.3.1_index_3 [11] PLUS 1 
20130820,20130821,20130822,20130826,20130828,20130829,20130831,20130901,20130907,20130908,20130909,20130910,20130911,20130912,20130913,20130914,20130919,20130925,20130926,20130929,20130930,20131001 
Number is 49 
G.5.3_index_1_VS_G.5.6_index_2 [12] 
20130820,20130823,20130825,20130901,20130903,20130907,20130908,20130909,20130910,20130911,20130912,20130913,20130917,20130918,20130919,20130921,20130923,20130924,20131001,20131002,20131003 
Number is 53 
G.3.2_index_3_VS_G.4.4_index_1 [13] 
20130822,20130824,20130826,20130830,20130901,20130902,20130907,20130908,20130909,20130910,20130911,20130912,20130913,20130916,20130917,20130918,20130919,20130920,20130921,20130928,20131001,20131003 
Number is 55 
G.DB_index_4_VS_G.1.1_index_3 [14] 
20130820,20130822,20130824,20130825,20130828,20130901,20130902,20130904,20130908,20130909,20130910,20130911,20130912,20130913,20130917,20130918,20130920,20130921,20130926,20130929,20131002 
Number is 56 
G.7.2_index_1_VS_G.5.2_index_2 [15] 
20130820,20130824,20130827,20130829,20130831,20130902,20130903,20130904,20130905,20130906,20130908,20130909,20130910,20130911,20130912,20130913,20130916,20130917,20130918,20130922,20130924,20130925,20130927,20131002 
Number is 58 
G.3.2_index_3_VS_G.6.1_index_2 [16] PLUS 1 
20130820,20130826,20130827,20130828,20130831,20130901,20130904,20130908,20130909,20130910,20130911,20130912,20130913,20130914,20130915,20130917,20130920,20130923,20130926,20130927 
Number is 60 
G.4.3_index_1_VS_G.3.1_index_1 [17] PLUS 1 
20130820,20130822,20130823,20130825,20130829,20130906,20130907,20130908,20130909,20130910,20130911,20130912,20130913,20130914,20130917,20130921,20130922,20130923,20130925,20130926,20130927,20130928,20130929 
Number is 65 
G.5.4_index_4_VS_G.DB_index_4 [18] 
20130821,20130823,20130827,20130828,20130904,20130908,20130909,20130910,20130911,20130912,20130913,20130916,20130917,20130918,20130920,20130921,20130922,20130924,20130925,20130926,20130927,20130929,20131002,20131003 
Number is 68 
G.3.2_index_1_VS_G.6.3_index_1 [19] 
20130820,20130821,20130825,20130829,20130902,20130904,20130906,20130908,20130909,20130910,20130911,20130912,20130913,20130915,20130917,20130921,20130922,20130923,20130926,20130927,20130928,20130929,20131002,20131003 
G.5.2_index_2_VS_G.6.1_index_2 [20] 
20130820,20130822,20130827,20130828,20130902,20130903,20130904,20130905,20130906,20130908,20130909,20130910,20130911,20130912,20130913,20130917,20130918,20130923,20130924,20130925,20130926,20130927,20131003 
Number is 75 
G.3.1_index_4_VS_G.2.2_index_1 [21] 
20130820,20130826,20130828,20130829,20130904,20130905,20130906,20130908,20130909,20130910,20130911,20130912,20130913,20130915,20130918,20130920,20130921,20130922,20130926,20130928,20131001,20131003 
G.3.5_index_3_VS_G.DB_index_4 [22] 
20130823,20130827,20130828,20130829,20130830,20130901,20130902,20130904,20130907,20130908,20130909,20130910,20130911,20130912,20130913,20130915,20130918,20130919,20130922,20130923,20130924 
Number is 82 
G.2.1_index_4_VS_G.3.1_index_2 [23] 
20130820,20130823,20130826,20130828,20130830,20130901,20130905,20130907,20130908,20130909,20130910,20130911,20130912,20130913,20130915,20130916,20130917,20130918,20130926,20130927,20130928,20130929,20130930 
Number is 86 
G.5.3_index_4_VS_G.4.3_index_1 [24] 
20130823,20130824,20130825,20130831,20130901,20130906,20130908,20130909,20130910,20130911,20130912,20130913,20130915,20130917,20130918,20130919,20130921,20130924,20130925,20130928,20130929,20130930,20131002 
G.3.5_index_5_VS_G.4.3_index_1 [25] 
20130820,20130824,20130826,20130829,20130831,20130903,20130904,20130905,20130906,20130907,20130908,20130909,20130910,20130911,20130912,20130913,20130917,20130918,20130919,20130925,20130926,20130927,20130930,20131003 
Number is 96 
G.5.5_index_4_VS_G.5.1_index_1 [26] 
20130820,20130822,20130823,20130829,20130830,20130903,20130904,20130907,20130908,20130909,20130910,20130911,20130912,20130913,20130916,20130917,20130918,20130919,20130921,20130925,20130929,20130930 
Number is 97 
G.4.1_index_2_VS_G.3.1_index_4 [27] PLUS 1 
20130820,20130824,20130825,20130828,20130829,20130831,20130901,20130904,20130905,20130908,20130909,20130910,20130911,20130912,20130913,20130914,20130915,20130918,20130925,20130926,20130927,20130928,20130929 
