======== Last: 20131004 ========= 
Number is 00 
G.6.3_index_2_VS_G.4.1_index_3 [1] 
Ngay: 20130821,20130823,20130824,20130826,20130827,20130830,20130831,20130903,20130904,20130906,20130908,20130911,20130912,20130916,20130917,20130918,20130919,20130920,20130921,20130925,20130927,20130930,20131002 
Number is 01 
G.5.3_index_3_VS_G.3.4_index_3 [2] 
Ngay: 20130820,20130821,20130824,20130825,20130828,20130902,20130903,20130905,20130907,20130908,20130910,20130911,20130912,20130915,20130916,20130917,20130918,20130919,20130920,20130921,20130923,20130925,20130927,20130930,20131002,20131003 
G.3.5_index_4_VS_G.1.1_index_3 [3] 
Ngay: 20130820,20130822,20130824,20130826,20130827,20130828,20130829,20130901,20130903,20130905,20130906,20130908,20130913,20130915,20130916,20130917,20130918,20130919,20130920,20130921,20130925,20130926,20130928,20131003 
Number is 03 
G.4.3_index_4_VS_G.5.4_index_2 [4] 
Ngay: 20130821,20130823,20130826,20130829,20130831,20130901,20130902,20130903,20130904,20130905,20130906,20130907,20130908,20130909,20130912,20130913,20130915,20130916,20130917,20130918,20130919,20130920,20130921,20130922,20130924,20130925,20130927,20130928,20130929,20131001,20131003 
Number is 04 
G.3.2_index_4_VS_G.4.4_index_1 [5] 
Ngay: 20130820,20130823,20130826,20130827,20130828,20130829,20130903,20130905,20130906,20130907,20130908,20130909,20130910,20130912,20130915,20130916,20130917,20130918,20130919,20130920,20130921,20130922,20130923,20130926,20131003 
G.3.5_index_4_VS_G.3.6_index_5 [6] 
Ngay: 20130820,20130822,20130824,20130825,20130827,20130828,20130829,20130901,20130902,20130910,20130913,20130914,20130915,20130916,20130917,20130918,20130919,20130920,20130921,20130922,20130925,20130927,20131002 
G.4.2_index_1_VS_G.5.1_index_1 [7] 
Ngay: 20130820,20130822,20130825,20130826,20130829,20130830,20130902,20130905,20130907,20130908,20130910,20130914,20130916,20130917,20130918,20130919,20130920,20130921,20130927,20131001,20131003 
Number is 05 
G.3.5_index_4_VS_G.6.2_index_1 [8] 
Ngay: 20130821,20130822,20130827,20130828,20130829,20130903,20130904,20130910,20130911,20130914,20130916,20130917,20130918,20130919,20130920,20130921,20130923,20130924,20130925,20130927,20130928,20130929,20131002 
G.3.5_index_4_VS_G.5.1_index_2 [9] 
Ngay: 20130820,20130822,20130826,20130827,20130828,20130829,20130906,20130907,20130911,20130912,20130913,20130914,20130915,20130916,20130917,20130918,20130919,20130920,20130921,20130922,20130924,20130927 
G.5.3_index_3_VS_G.5.2_index_1 [10] 
Ngay: 20130821,20130822,20130823,20130824,20130825,20130827,20130828,20130829,20130830,20130902,20130906,20130909,20130911,20130913,20130915,20130916,20130917,20130918,20130919,20130920,20130921,20130922,20130925,20130928,20130929 
Number is 06 
G.3.5_index_4_VS_G.5.4_index_4 [11] 
Ngay: 20130820,20130824,20130826,20130827,20130828,20130829,20130901,20130905,20130908,20130911,20130913,20130914,20130915,20130916,20130917,20130918,20130919,20130920,20130921,20130922,20130925,20130926,20130928,20130930,20131003 
Number is 10 
G.4.2_index_4_VS_G.6.3_index_2 [12] 
Ngay: 20130820,20130823,20130825,20130910,20130916,20130917,20130918,20130919,20130920,20130921,20130923,20130926,20130927,20130929,20130930 
G.3.5_index_2_VS_G.4.3_index_1 [13] 
Ngay: 20130821,20130822,20130823,20130827,20130828,20130901,20130904,20130905,20130908,20130910,20130912,20130913,20130914,20130916,20130917,20130918,20130919,20130920,20130921,20130927,20130930,20131001,20131002 
Number is 11 
G.6.2_index_3_VS_G.5.1_index_4 [14] 
Ngay: 20130823,20130825,20130901,20130902,20130903,20130907,20130909,20130910,20130913,20130915,20130916,20130917,20130918,20130919,20130920,20130921,20130922,20130923,20130927,20130928,20130930,20131001 
Number is 13 
G.6.2_index_3_VS_G.DB_index_4 [15] 
Ngay: 20130821,20130822,20130824,20130828,20130829,20130830,20130831,20130902,20130903,20130905,20130908,20130910,20130914,20130916,20130917,20130918,20130919,20130920,20130921,20130922,20130923,20130925,20130929,20130930,20131001 
Number is 15 
G.4.2_index_4_VS_G.6.2_index_1 [16] 
Ngay: 20130824,20130825,20130827,20130828,20130829,20130830,20130902,20130903,20130904,20130909,20130910,20130915,20130916,20130917,20130918,20130919,20130920,20130921,20130922,20130925,20130926,20130927,20130930 
G.2.1_index_3_VS_G.5.1_index_3 [17] 
Ngay: 20130821,20130823,20130824,20130829,20130831,20130902,20130904,20130909,20130912,20130913,20130916,20130917,20130918,20130919,20130920,20130921,20130922,20130926,20130928,20130929,20131001,20131003 
Number is 16 
G.6.2_index_3_VS_G.5.4_index_4 [18] 
Ngay: 20130821,20130827,20130829,20130830,20130908,20130909,20130910,20130911,20130913,20130915,20130916,20130917,20130918,20130919,20130920,20130921,20130925,20130928,20131002 
G.1.1_index_3_VS_G.7.2_index_2 [19] 
Ngay: 20130820,20130824,20130825,20130901,20130902,20130903,20130906,20130907,20130908,20130909,20130910,20130913,20130915,20130916,20130917,20130918,20130919,20130920,20130921,20130925,20130927,20130928,20130929,20131002 
Number is 17 
G.5.1_index_4_VS_G.5.5_index_3 [20] 
Ngay: 20130820,20130827,20130828,20130830,20130831,20130902,20130904,20130906,20130907,20130909,20130913,20130914,20130915,20130916,20130917,20130918,20130919,20130920,20130921,20130924,20130925,20130927,20130928 
Number is 24 
G.2.2_index_1_VS_G.6.3_index_1 [21] 
Ngay: 20130822,20130825,20130826,20130827,20130830,20130904,20130908,20130913,20130914,20130915,20130916,20130917,20130918,20130919,20130920,20130921,20130923,20130926,20130928,20130929,20131002,20131003 
Number is 26 
G.2.2_index_1_VS_G.7.4_index_1 [22] 
Ngay: 20130820,20130822,20130825,20130826,20130828,20130829,20130831,20130902,20130903,20130907,20130908,20130909,20130910,20130912,20130913,20130914,20130915,20130916,20130917,20130918,20130919,20130920,20130921,20130924,20130925,20130926,20130928,20130929,20131001 
Number is 27 
G.2.2_index_1_VS_G.2.2_index_4 [23] 
Ngay: 20130820,20130822,20130827,20130828,20130829,20130902,20130910,20130912,20130914,20130915,20130916,20130917,20130918,20130919,20130920,20130921,20130922,20130924,20130925,20130926,20130928,20130929,20130930,20131001 
Number is 30 
G.4.4_index_2_VS_G.5.6_index_2 [24] 
Ngay: 20130822,20130825,20130826,20130828,20130830,20130831,20130901,20130902,20130903,20130905,20130907,20130913,20130915,20130916,20130917,20130918,20130919,20130920,20130921,20130922,20130924,20130927,20130928,20130929,20130930,20131002 
Number is 31 
G.5.5_index_4_VS_G.6.2_index_3 [25] 
Ngay: 20130823,20130825,20130826,20130829,20130830,20130902,20130906,20130907,20130908,20130909,20130910,20130914,20130915,20130916,20130917,20130918,20130919,20130920,20130921,20130927,20130928,20130930 
Number is 35 
G.4.4_index_2_VS_G.3.2_index_3 [26] 
Ngay: 20130821,20130822,20130828,20130830,20130831,20130901,20130902,20130904,20130905,20130906,20130908,20130912,20130913,20130916,20130917,20130918,20130919,20130920,20130921,20130925,20130926,20130928,20130930 
Number is 40 
G.4.4_index_1_VS_G.5.6_index_2 [27] 
Ngay: 20130824,20130825,20130826,20130830,20130903,20130906,20130907,20130908,20130909,20130910,20130911,20130914,20130915,20130916,20130917,20130918,20130919,20130920,20130921,20130924,20130925,20130927,20130930,20131002 
Number is 43 
G.4.4_index_1_VS_G.5.5_index_4 [28] 
Ngay: 20130823,20130824,20130825,20130829,20130901,20130904,20130907,20130908,20130910,20130911,20130914,20130916,20130917,20130918,20130919,20130920,20130921,20130924 
G.2.1_index_5_VS_G.7.1_index_1 [29] 
Ngay: 20130822,20130823,20130828,20130831,20130902,20130904,20130905,20130907,20130914,20130916,20130917,20130918,20130919,20130920,20130921,20130924,20130925,20130926,20130927,20130930,20131001 
Number is 45 
G.5.6_index_4_VS_G.5.2_index_1 [30] 
Ngay: 20130820,20130822,20130825,20130826,20130827,20130829,20130830,20130831,20130902,20130906,20130909,20130910,20130911,20130912,20130916,20130917,20130918,20130919,20130920,20130921,20130922,20130925,20130926,20130927,20130928,20130930 
G.5.6_index_4_VS_G.6.1_index_2 [31] 
Ngay: 20130820,20130824,20130827,20130828,20130830,20130904,20130905,20130908,20130913,20130915,20130916,20130917,20130918,20130919,20130920,20130921,20130922,20130923,20130926,20130927,20130928,20130930,20131001 
Number is 46 
G.7.2_index_1_VS_G.7.2_index_2 [32] 
Ngay: 20130820,20130823,20130824,20130825,20130830,20130902,20130907,20130908,20130913,20130915,20130916,20130917,20130918,20130919,20130920,20130921,20130922,20130929,20131001 
Number is 48 
G.DB_index_1_VS_G.3.5_index_1 [33] 
Ngay: 20130820,20130821,20130824,20130825,20130831,20130901,20130903,20130905,20130906,20130907,20130909,20130910,20130912,20130913,20130914,20130915,20130916,20130917,20130918,20130919,20130920,20130921,20130924,20130926,20130927,20130928,20131002 
Number is 51 
G.4.3_index_3_VS_G.4.2_index_4 [34] 
Ngay: 20130820,20130823,20130824,20130826,20130827,20130829,20130830,20130902,20130904,20130908,20130910,20130913,20130916,20130917,20130918,20130919,20130920,20130921,20130925,20130926,20130927,20130929,20130930,20131001,20131002,20131003 
Number is 54 
G.4.4_index_4_VS_G.7.2_index_1 [35] 
Ngay: 20130823,20130824,20130827,20130902,20130904,20130906,20130908,20130910,20130914,20130916,20130917,20130918,20130919,20130920,20130921,20130922,20130927,20130928,20130929,20131001,20131003 
G.3.2_index_3_VS_G.3.4_index_1 [36] 
Ngay: 20130824,20130826,20130829,20130831,20130905,20130907,20130909,20130910,20130911,20130916,20130917,20130918,20130919,20130920,20130921,20130922,20130924,20130926,20130927,20130928,20130930,20131003 
G.3.2_index_3_VS_G.4.4_index_1 [37] 
Ngay: 20130822,20130824,20130826,20130830,20130901,20130902,20130907,20130908,20130909,20130910,20130911,20130912,20130913,20130916,20130917,20130918,20130919,20130920,20130921,20130928,20131001,20131003 
Number is 55 
G.5.1_index_2_VS_G.3.4_index_4 [38] 
Ngay: 20130821,20130827,20130828,20130830,20130831,20130903,20130905,20130906,20130907,20130909,20130911,20130912,20130916,20130917,20130918,20130919,20130920,20130921,20130927,20130930,20131001,20131002,20131003 
Number is 56 
G.6.2_index_1_VS_G.7.2_index_2 [39] 
Ngay: 20130820,20130825,20130828,20130831,20130901,20130904,20130905,20130907,20130908,20130910,20130911,20130916,20130917,20130918,20130919,20130920,20130921,20130925,20130926,20130929,20130930,20131001,20131002 
Number is 68 
G.4.1_index_4_VS_G.3.5_index_1 [40] 
Ngay: 20130820,20130821,20130822,20130823,20130826,20130827,20130902,20130903,20130907,20130909,20130910,20130914,20130916,20130917,20130918,20130919,20130920,20130921,20130924,20130925,20130926,20130929,20131002 
Number is 70 
G.7.3_index_2_VS_G.5.3_index_3 [41] 
Ngay: 20130820,20130822,20130824,20130829,20130831,20130901,20130902,20130907,20130910,20130913,20130916,20130917,20130918,20130919,20130920,20130921,20130923,20130926,20130927,20131001,20131003 
Number is 73 
G.7.3_index_1_VS_G.7.1_index_1 [42] 
Ngay: 20130821,20130823,20130826,20130829,20130902,20130916,20130917,20130918,20130919,20130920,20130921,20130922,20130923,20130924,20130927,20130928,20130929,20131003 
Number is 74 
G.5.5_index_3_VS_G.3.6_index_5 [43] 
Ngay: 20130820,20130821,20130823,20130824,20130825,20130827,20130902,20130904,20130907,20130909,20130910,20130914,20130916,20130917,20130918,20130919,20130920,20130921,20130923,20130925,20130929,20131001 
Number is 76 
G.3.3_index_1_VS_G.7.4_index_1 [44] 
Ngay: 20130827,20130830,20130831,20130901,20130903,20130907,20130908,20130912,20130914,20130916,20130917,20130918,20130919,20130920,20130921,20130923,20130924,20130925,20130926,20130927,20130928,20130929,20130930,20131001 
Number is 80 
G.3.2_index_2_VS_G.5.3_index_3 [45] 
Ngay: 20130820,20130821,20130823,20130824,20130825,20130830,20130902,20130903,20130904,20130906,20130907,20130908,20130910,20130914,20130915,20130916,20130917,20130918,20130919,20130920,20130921,20130927,20130929,20130930 
Number is 81 
G.3.5_index_1_VS_G.2.1_index_3 [46] 
Ngay: 20130823,20130825,20130830,20130904,20130905,20130907,20130909,20130915,20130916,20130917,20130918,20130919,20130920,20130921,20130925,20130928,20130929,20130930,20131001 
G.3.5_index_1_VS_G.1.1_index_3 [47] 
Ngay: 20130820,20130822,20130825,20130826,20130827,20130901,20130902,20130905,20130907,20130908,20130910,20130913,20130914,20130915,20130916,20130917,20130918,20130919,20130920,20130921,20130927,20130928 
Number is 84 
G.3.2_index_2_VS_G.5.6_index_4 [48] 
Ngay: 20130825,20130826,20130827,20130829,20130902,20130904,20130906,20130908,20130910,20130916,20130917,20130918,20130919,20130920,20130921,20130923,20130926,20130930,20131002 
Number is 85 
G.3.5_index_1_VS_G.4.3_index_3 [49] 
Ngay: 20130821,20130822,20130823,20130826,20130827,20130901,20130902,20130904,20130906,20130907,20130908,20130909,20130910,20130916,20130917,20130918,20130919,20130920,20130921,20130922,20130924,20130925,20130926,20130927,20130930,20131001,20131002,20131003 
