======== Current: 20130928 ========= 
Number is 03 
G.DB_index_5_VS_G.2.2_index_4 [1] 
20130820,20130826,20130827,20130828,20130829,20130901,20130902,20130906,20130910,20130911,20130913,20130914,20130916,20130919,20130920,20130922,20130923,20130924,20130925,20130926,20130927,20130929,20130930,20131003 
Number is 04 
G.1.1_index_5_VS_G.3.6_index_1 [2] 
20130821,20130822,20130824,20130825,20130827,20130828,20130831,20130902,20130911,20130912,20130913,20130914,20130915,20130916,20130918,20130921,20130922,20130923,20130924,20130925,20130926,20130927,20130930,20131002 
Number is 07 
G.7.4_index_1_VS_G.7.4_index_2 [3] 
20130822,20130823,20130830,20130902,20130903,20130906,20130908,20130909,20130912,20130913,20130914,20130916,20130918,20130922,20130923,20130924,20130925,20130926,20130927,20130929,20131002 
Number is 12 
G.DB_index_4_VS_G.3.4_index_2 [4] PLUS 1 
20130821,20130822,20130824,20130827,20130828,20130831,20130901,20130904,20130905,20130910,20130914,20130918,20130919,20130920,20130921,20130922,20130923,20130924,20130925,20130926,20130927,20130928,20131001,20131003 
Number is 14 
G.7.3_index_2_VS_G.6.2_index_3 [5] 
20130822,20130823,20130824,20130826,20130830,20130831,20130901,20130902,20130903,20130904,20130906,20130908,20130910,20130916,20130918,20130921,20130922,20130923,20130924,20130925,20130926,20130927,20130930,20131002 
Number is 16 
G.5.1_index_1_VS_G.5.4_index_4 [6] 
20130820,20130821,20130825,20130826,20130827,20130829,20130830,20130831,20130902,20130905,20130906,20130908,20130909,20130910,20130911,20130912,20130917,20130919,20130921,20130922,20130923,20130924,20130925,20130926,20130927,20130930,20131001,20131002,20131003 
Number is 17 
G.3.4_index_5_VS_G.6.1_index_3 [7] 
20130820,20130822,20130825,20130827,20130831,20130901,20130906,20130908,20130909,20130910,20130916,20130920,20130922,20130923,20130924,20130925,20130926,20130927,20130929,20130930,20131001 
Number is 18 
G.2.2_index_1_VS_G.5.4_index_1 [8] 
20130822,20130826,20130827,20130828,20130829,20130904,20130906,20130908,20130910,20130912,20130915,20130918,20130921,20130922,20130923,20130924,20130925,20130926,20130927,20131003 
Number is 20 
G.6.2_index_2_VS_G.2.1_index_1 [9] 
20130822,20130824,20130827,20130828,20130902,20130914,20130915,20130916,20130917,20130920,20130922,20130923,20130924,20130925,20130926,20130927,20131002,20131003 
Number is 33 
G.2.2_index_4_VS_G.5.4_index_2 [10] PLUS 1 
20130822,20130827,20130831,20130901,20130904,20130907,20130909,20130910,20130913,20130914,20130915,20130916,20130918,20130920,20130922,20130923,20130924,20130925,20130926,20130927,20130928,20130929,20131001,20131003 
Number is 35 
G.2.2_index_4_VS_G.2.2_index_5 [11] PLUS 1 
20130820,20130822,20130825,20130827,20130828,20130831,20130902,20130907,20130910,20130911,20130914,20130915,20130916,20130919,20130922,20130923,20130924,20130925,20130926,20130927,20130928,20131001,20131003 
Number is 39 
G.1.1_index_2_VS_G.4.3_index_1 [12] PLUS 1 
20130822,20130824,20130825,20130829,20130905,20130906,20130907,20130908,20130910,20130911,20130912,20130917,20130918,20130919,20130922,20130923,20130924,20130925,20130926,20130927,20130928,20130929,20130930 
G.3.1_index_3_VS_G.3.6_index_2 [13] PLUS 1 
20130820,20130822,20130824,20130831,20130903,20130906,20130907,20130909,20130917,20130920,20130922,20130923,20130924,20130925,20130926,20130927,20130928,20130929,20130930 
Number is 46 
G.3.6_index_1_VS_G.2.2_index_2 [14] PLUS 1 
20130821,20130824,20130827,20130903,20130907,20130908,20130909,20130910,20130913,20130914,20130916,20130918,20130920,20130921,20130922,20130923,20130924,20130925,20130926,20130927,20130928,20131002 
Number is 51 
G.5.5_index_1_VS_G.3.4_index_5 [15] 
20130822,20130823,20130824,20130827,20130828,20130907,20130909,20130910,20130911,20130912,20130913,20130914,20130915,20130920,20130921,20130922,20130923,20130924,20130925,20130926,20130927,20130929,20130930,20131002 
Number is 58 
G.6.3_index_2_VS_G.4.3_index_4 [16] 
20130823,20130826,20130829,20130830,20130901,20130902,20130903,20130904,20130906,20130909,20130911,20130912,20130913,20130914,20130915,20130916,20130919,20130922,20130923,20130924,20130925,20130926,20130927 
Number is 60 
G.3.5_index_3_VS_G.7.4_index_1 [17] 
20130820,20130823,20130827,20130828,20130831,20130902,20130903,20130909,20130911,20130912,20130915,20130916,20130919,20130920,20130921,20130922,20130923,20130924,20130925,20130926,20130927,20130929,20131002 
Number is 62 
G.2.2_index_2_VS_G.6.2_index_2 [18] 
20130820,20130824,20130825,20130827,20130829,20130831,20130903,20130904,20130905,20130906,20130907,20130908,20130912,20130913,20130915,20130916,20130917,20130918,20130922,20130923,20130924,20130925,20130926,20130927,20130929,20130930 
Number is 63 
G.5.4_index_4_VS_G.3.1_index_3 [19] 
20130822,20130824,20130826,20130827,20130831,20130903,20130905,20130907,20130908,20130909,20130919,20130921,20130922,20130923,20130924,20130925,20130926,20130927,20130929,20130930,20131002 
Number is 76 
G.3.2_index_5_VS_G.5.3_index_4 [20] PLUS 1 
20130820,20130821,20130822,20130823,20130825,20130826,20130829,20130830,20130902,20130908,20130910,20130912,20130914,20130915,20130917,20130922,20130923,20130924,20130925,20130926,20130927,20130928,20130930,20131001,20131002 
Number is 78 
G.3.2_index_2_VS_G.4.1_index_2 [21] 
20130822,20130823,20130824,20130825,20130828,20130829,20130831,20130901,20130903,20130907,20130908,20130913,20130914,20130915,20130917,20130919,20130921,20130922,20130923,20130924,20130925,20130926,20130927,20130929,20130930,20131003 
Number is 81 
G.DB_index_1_VS_G.4.3_index_2 [22] 
20130821,20130824,20130828,20130829,20130903,20130905,20130907,20130910,20130911,20130914,20130915,20130922,20130923,20130924,20130925,20130926,20130927,20130929 
Number is 82 
G.DB_index_1_VS_G.6.2_index_2 [23] 
20130820,20130821,20130823,20130824,20130826,20130908,20130911,20130916,20130917,20130918,20130920,20130922,20130923,20130924,20130925,20130926,20130927 
Number is 83 
G.4.1_index_2_VS_G.3.1_index_3 [24] PLUS 1 
20130820,20130821,20130822,20130824,20130826,20130828,20130901,20130905,20130920,20130921,20130922,20130923,20130924,20130925,20130926,20130927,20130928,20130929,20130930,20131002 
G.4.3_index_4_VS_G.5.4_index_3 [25] PLUS 1 
20130820,20130821,20130822,20130823,20130825,20130830,20130902,20130903,20130907,20130911,20130912,20130913,20130914,20130915,20130916,20130917,20130918,20130921,20130922,20130923,20130924,20130925,20130926,20130927,20130928,20130929,20130930,20131003 
Number is 85 
G.5.4_index_1_VS_G.5.3_index_2 [26] 
20130825,20130827,20130828,20130830,20130902,20130903,20130904,20130905,20130908,20130911,20130914,20130915,20130917,20130922,20130923,20130924,20130925,20130926,20130927,20131001,20131003 
Number is 86 
G.3.4_index_3_VS_G.2.2_index_2 [27] PLUS 1 
20130821,20130824,20130904,20130906,20130908,20130912,20130914,20130916,20130922,20130923,20130924,20130925,20130926,20130927,20130928,20130930,20131002 
Number is 91 
G.2.1_index_4_VS_G.5.1_index_1 [28] 
20130820,20130822,20130824,20130825,20130826,20130830,20130901,20130902,20130907,20130908,20130913,20130915,20130916,20130917,20130918,20130920,20130921,20130922,20130923,20130924,20130925,20130926,20130927,20131003 
Number is 92 
G.5.3_index_1_VS_G.7.2_index_1 [29] 
20130820,20130825,20130826,20130829,20130830,20130902,20130904,20130908,20130912,20130913,20130914,20130917,20130918,20130920,20130922,20130923,20130924,20130925,20130926,20130927,20131001,20131002 
Number is 97 
G.3.5_index_4_VS_G.5.5_index_3 [30] 
20130820,20130821,20130824,20130826,20130827,20130828,20130829,20130902,20130903,20130907,20130912,20130913,20130915,20130918,20130921,20130922,20130923,20130924,20130925,20130926,20130927,20130929,20131001,20131002,20131003 
Number is 99 
G.2.1_index_4_VS_G.3.3_index_1 [31] PLUS 1 
20130825,20130828,20130830,20130831,20130901,20130902,20130903,20130904,20130907,20130908,20130912,20130918,20130921,20130922,20130923,20130924,20130925,20130926,20130927,20130928,20130929,20131001 
G.5.3_index_1_VS_G.2.1_index_3 [32] PLUS 1 
20130825,20130826,20130828,20130830,20130906,20130907,20130908,20130911,20130912,20130914,20130915,20130917,20130918,20130920,20130922,20130923,20130924,20130925,20130926,20130927,20130928 
