======== Current: 20140209 ========= 
Number is 16 
G.4.2_index_3_VS_G.5.4_index_3 [1] PLUS 1 
20140203,20140204,20140205,20140206,20140207,20140208,20140209,20140210,20140211,20140212,20140213,20140216,20140218,20140219,20140221,20140222,20140228,20140302 
G.3.4_index_4_VS_G.3.4_index_5 [2] PLUS 1 
20140203,20140204,20140205,20140206,20140207,20140208,20140209,20140210,20140215,20140218,20140219,20140225,20140226,20140302 
Number is 19 
G.6.1_index_1_VS_G.2.1_index_5 [3] 
20140203,20140204,20140205,20140206,20140207,20140208,20140210,20140211,20140212,20140220,20140221,20140223 
Number is 24 
G.5.5_index_4_VS_G.5.3_index_4 [4] 
20140203,20140204,20140205,20140206,20140207,20140208,20140210,20140215,20140220,20140224,20140225,20140228,20140301 
G.7.3_index_1_VS_G.2.2_index_5 [5] 
20140203,20140204,20140205,20140206,20140207,20140208,20140211,20140212,20140216,20140218,20140219,20140221,20140225,20140227,20140301,20140302 
Number is 27 
G.6.1_index_3_VS_G.1.1_index_1 [6] PLUS 1 
20140203,20140204,20140205,20140206,20140207,20140208,20140209,20140215,20140216,20140217,20140219,20140220,20140224,20140225,20140227,20140228,20140302 
Number is 33 
G.2.2_index_2_VS_G.5.1_index_3 [7] 
20140203,20140204,20140205,20140206,20140207,20140208,20140210,20140213,20140214,20140218,20140219,20140220,20140221,20140222,20140224,20140225,20140227,20140228 
Number is 35 
G.5.1_index_3_VS_G.5.6_index_3 [8] 
20140203,20140204,20140205,20140206,20140207,20140208,20140212,20140216,20140217,20140218,20140220,20140221,20140226 
Number is 37 
G.2.2_index_2_VS_G.3.3_index_3 [9] 
20140203,20140204,20140205,20140206,20140207,20140208,20140213,20140214,20140219,20140220,20140221,20140222,20140223,20140225,20140227 
Number is 43 
G.3.5_index_2_VS_G.3.2_index_5 [10] PLUS 1 
20140203,20140204,20140205,20140206,20140207,20140208,20140209,20140210,20140211,20140212,20140217,20140220,20140221,20140226,20140228,20140302 
Number is 45 
G.3.5_index_4_VS_G.6.2_index_3 [11] 
20140203,20140204,20140205,20140206,20140207,20140208,20140210,20140211,20140217,20140220,20140221,20140224 
Number is 46 
G.3.5_index_2_VS_G.3.4_index_5 [12] 
20140203,20140204,20140205,20140206,20140207,20140208,20140212,20140215,20140218,20140221,20140222,20140228,20140302 
G.5.3_index_4_VS_G.4.4_index_4 [13] 
20140203,20140204,20140205,20140206,20140207,20140208,20140212,20140214,20140216,20140222 
Number is 48 
G.5.3_index_4_VS_G.2.2_index_1 [14] PLUS 1 
20140203,20140204,20140205,20140206,20140207,20140208,20140209,20140210,20140211,20140212,20140213,20140214,20140216,20140218,20140220,20140225,20140226 
Number is 50 
G.3.5_index_1_VS_G.6.2_index_2 [15] PLUS 1 
20140203,20140204,20140205,20140206,20140207,20140208,20140209,20140210,20140211,20140213,20140217,20140218,20140221,20140224,20140301,20140302 
Number is 51 
G.6.2_index_3_VS_G.4.1_index_4 [16] PLUS 1 
20140203,20140204,20140205,20140206,20140207,20140208,20140209,20140211,20140214,20140215,20140216,20140222,20140223,20140226,20140228,20140302 
Number is 60 
G.4.4_index_4_VS_G.2.1_index_1 [17] 
20140203,20140204,20140205,20140206,20140207,20140208,20140211,20140212,20140214,20140215,20140216,20140226,20140228,20140301,20140302 
Number is 61 
G.3.4_index_5_VS_G.4.2_index_3 [18] PLUS 1 
20140203,20140204,20140205,20140206,20140207,20140208,20140209,20140215,20140216,20140217,20140221,20140223,20140224,20140225,20140226,20140227,20140228 
Number is 65 
G.5.4_index_3_VS_G.3.5_index_1 [19] 
20140203,20140204,20140205,20140206,20140207,20140208,20140210,20140213,20140216,20140224,20140226 
Number is 73 
G.7.1_index_1_VS_G.3.2_index_3 [20] 
20140203,20140204,20140205,20140206,20140207,20140208,20140213,20140215,20140220,20140221,20140223,20140226,20140228,20140302 
Number is 80 
G.DB_index_5_VS_G.6.2_index_2 [21] 
20140203,20140204,20140205,20140206,20140207,20140208,20140211,20140216,20140217,20140218,20140221,20140222,20140223,20140225,20140227,20140302 
Number is 83 
G.3.6_index_1_VS_G.7.4_index_2 [22] PLUS 1 
20140203,20140204,20140205,20140206,20140207,20140208,20140209,20140217,20140221,20140223,20140301,20140302 
Number is 85 
G.2.1_index_3_VS_G.3.5_index_1 [23] 
20140203,20140204,20140205,20140206,20140207,20140208,20140212,20140213,20140216,20140222,20140224,20140226,20140228,20140301 
Number is 88 
G.5.6_index_2_VS_G.DB_index_5 [24] 
20140203,20140204,20140205,20140206,20140207,20140208,20140210,20140211,20140218,20140220,20140221,20140224,20140225,20140227,20140228 
G.3.1_index_2_VS_G.3.6_index_2 [25] 
20140203,20140204,20140205,20140206,20140207,20140208,20140210,20140212,20140214,20140215,20140216,20140221,20140223,20140225,20140226,20140228 
Number is 94 
G.2.1_index_5_VS_G.DB_index_4 [26] PLUS 1 
20140203,20140204,20140205,20140206,20140207,20140208,20140209,20140210,20140213,20140214,20140215,20140216,20140217,20140219,20140223,20140224,20140225 
