======== Current: 20140212 ========= 
Number is 01 
G.6.1_index_3_VS_G.5.5_index_4 [1] PLUS 1 
20140203,20140205,20140206,20140207,20140208,20140209,20140210,20140211,20140212,20140214,20140215,20140218,20140219,20140220,20140226,20140227,20140228,20140301 
Number is 02 
G.5.4_index_3_VS_G.4.2_index_3 [2] PLUS 1 
20140203,20140204,20140205,20140206,20140207,20140208,20140209,20140210,20140211,20140212,20140213,20140216,20140218,20140219,20140221,20140222,20140228,20140302 
Number is 03 
G.6.1_index_3_VS_G.3.1_index_1 [3] 
20140203,20140206,20140207,20140208,20140209,20140210,20140211,20140213,20140214,20140216,20140217,20140218 
Number is 06 
G.3.3_index_4_VS_G.3.6_index_3 [4] 
20140203,20140206,20140207,20140208,20140209,20140210,20140211,20140214,20140215,20140216,20140219,20140224,20140226,20140227,20140302 
Number is 22 
G.4.4_index_4_VS_G.4.2_index_3 [5] PLUS 1 
20140204,20140205,20140206,20140207,20140208,20140209,20140210,20140211,20140212,20140214,20140216,20140217,20140219,20140228 
Number is 25 
G.5.5_index_3_VS_G.2.1_index_1 [6] PLUS 1 
20140206,20140207,20140208,20140209,20140210,20140211,20140212,20140213,20140216,20140219,20140221,20140223,20140224,20140226 
Number is 29 
G.6.3_index_1_VS_G.DB_index_4 [7] 
20140203,20140204,20140206,20140207,20140208,20140209,20140210,20140211,20140213,20140215,20140217,20140221,20140222,20140223,20140225,20140226,20140228,20140301,20140302 
G.1.1_index_2_VS_G.DB_index_4 [8] 
20140203,20140204,20140206,20140207,20140208,20140209,20140210,20140211,20140213,20140214,20140218,20140220,20140221,20140222,20140225,20140226,20140227,20140301 
Number is 30 
G.3.6_index_5_VS_G.6.1_index_3 [9] 
20140206,20140207,20140208,20140209,20140210,20140211,20140215,20140217,20140218,20140221,20140228 
G.3.6_index_5_VS_G.5.6_index_3 [10] 
20140206,20140207,20140208,20140209,20140210,20140211,20140213,20140217,20140220,20140221 
Number is 31 
G.3.6_index_5_VS_G.3.3_index_3 [11] 
20140206,20140207,20140208,20140209,20140210,20140211,20140214,20140218,20140219,20140221,20140225,20140227,20140301 
Number is 32 
G.3.1_index_1_VS_G.3.4_index_4 [12] PLUS 1 
20140206,20140207,20140208,20140209,20140210,20140211,20140212,20140214,20140215,20140216,20140217,20140218,20140219,20140225,20140302 
Number is 35 
G.3.5_index_4_VS_G.DB_index_5 [13] 
20140203,20140206,20140207,20140208,20140209,20140210,20140211,20140214,20140220,20140221,20140224,20140228 
Number is 40 
G.6.2_index_2_VS_G.5.6_index_3 [14] PLUS 1 
20140203,20140205,20140206,20140207,20140208,20140209,20140210,20140211,20140212,20140216,20140217,20140218,20140225,20140228,20140302 
Number is 42 
G.5.3_index_4_VS_G.2.2_index_1 [15] PLUS 1 
20140203,20140204,20140205,20140206,20140207,20140208,20140209,20140210,20140211,20140212,20140213,20140214,20140216,20140218,20140220,20140225,20140226 
Number is 44 
G.DB_index_2_VS_G.6.2_index_2 [16] 
20140203,20140206,20140207,20140208,20140209,20140210,20140211,20140213,20140215,20140216,20140219,20140221,20140225,20140301,20140302 
Number is 46 
G.6.2_index_2_VS_G.3.5_index_1 [17] 
20140203,20140204,20140205,20140206,20140207,20140208,20140209,20140210,20140211,20140213,20140217,20140218,20140221,20140224,20140301,20140302 
Number is 47 
G.5.3_index_4_VS_G.5.1_index_4 [18] 
20140203,20140205,20140206,20140207,20140208,20140209,20140210,20140211,20140218,20140220,20140224,20140225 
Number is 48 
G.4.4_index_3_VS_G.2.1_index_5 [19] PLUS 1 
20140205,20140206,20140207,20140208,20140209,20140210,20140211,20140212,20140213,20140216,20140217,20140219,20140220,20140221,20140225 
Number is 50 
G.6.3_index_3_VS_G.5.6_index_3 [20] 
20140204,20140206,20140207,20140208,20140209,20140210,20140211,20140214,20140217,20140218,20140220,20140222,20140226,20140302 
Number is 68 
G.6.1_index_2_VS_G.5.4_index_2 [21] 
20140205,20140206,20140207,20140208,20140209,20140210,20140211,20140213,20140217,20140220,20140222,20140224,20140225,20140227,20140228 
Number is 72 
G.5.1_index_4_VS_G.1.1_index_2 [22] 
20140204,20140205,20140206,20140207,20140208,20140209,20140210,20140211,20140213,20140214,20140215,20140217,20140218,20140221,20140222,20140224,20140225,20140226,20140227,20140301,20140302 
Number is 80 
G.4.2_index_4_VS_G.6.1_index_3 [23] PLUS 1 
20140204,20140206,20140207,20140208,20140209,20140210,20140211,20140212,20140213,20140214,20140215,20140216,20140219,20140220,20140221,20140222,20140224,20140225,20140228 
Number is 83 
G.5.4_index_2_VS_G.3.6_index_5 [24] 
20140203,20140206,20140207,20140208,20140209,20140210,20140211,20140213,20140214,20140215,20140216,20140221,20140222,20140223,20140225,20140228,20140301 
G.3.2_index_5_VS_G.3.6_index_2 [25] 
20140203,20140205,20140206,20140207,20140208,20140209,20140210,20140211,20140213,20140216,20140223,20140225,20140228 
Number is 88 
G.3.5_index_2_VS_G.3.2_index_5 [26] PLUS 1 
20140203,20140204,20140205,20140206,20140207,20140208,20140209,20140210,20140211,20140212,20140217,20140220,20140221,20140226,20140228,20140302 
Number is 92 
G.2.2_index_5_VS_G.4.4_index_2 [27] 
20140204,20140206,20140207,20140208,20140209,20140210,20140211,20140215,20140218,20140219,20140220,20140221,20140223,20140225,20140227,20140228,20140301 
Number is 94 
G.5.2_index_1_VS_G.DB_index_2 [28] PLUS 1 
20140205,20140206,20140207,20140208,20140209,20140210,20140211,20140212,20140213,20140221,20140222,20140302 
Number is 97 
G.2.2_index_5_VS_G.1.1_index_3 [29] 
20140204,20140206,20140207,20140208,20140209,20140210,20140211,20140215,20140218,20140225,20140228,20140301 
