======== Current: 20140215 ========= 
Number is 00 
G.5.5_index_3_VS_G.2.1_index_5 [1] 
20140203,20140205,20140206,20140209,20140210,20140211,20140212,20140213,20140214,20140217,20140219,20140220,20140221,20140223,20140225,20140226,20140227,20140301 
G.6.3_index_1_VS_G.5.5_index_3 [2] 
20140203,20140206,20140209,20140210,20140211,20140212,20140213,20140214,20140216,20140218,20140219,20140220,20140222,20140223,20140224,20140227,20140302 
Number is 02 
G.5.3_index_4_VS_G.2.2_index_1 [3] 
20140203,20140204,20140205,20140206,20140207,20140208,20140209,20140210,20140211,20140212,20140213,20140214,20140216,20140218,20140220,20140225,20140226 
Number is 06 
G.5.6_index_3_VS_G.3.4_index_4 [4] 
20140204,20140207,20140209,20140210,20140211,20140212,20140213,20140214,20140217,20140222,20140225,20140228,20140302 
Number is 13 
G.3.4_index_2_VS_G.7.2_index_2 [5] PLUS 1 
20140203,20140204,20140205,20140209,20140210,20140211,20140212,20140213,20140214,20140215,20140222,20140224,20140226,20140301 
Number is 20 
G.3.4_index_3_VS_G.3.2_index_4 [6] 
20140203,20140205,20140206,20140208,20140209,20140210,20140211,20140212,20140213,20140214,20140217,20140218,20140220,20140223,20140301,20140302 
Number is 25 
G.7.3_index_2_VS_G.3.2_index_1 [7] PLUS 1 
20140203,20140206,20140209,20140210,20140211,20140212,20140213,20140214,20140215,20140216,20140219,20140221,20140225,20140301,20140302 
Number is 27 
G.4.4_index_4_VS_G.5.3_index_2 [8] PLUS 1 
20140205,20140207,20140209,20140210,20140211,20140212,20140213,20140214,20140215,20140219,20140221,20140228,20140301,20140302 
Number is 34 
G.7.3_index_1_VS_G.4.1_index_3 [9] 
20140203,20140205,20140207,20140208,20140209,20140210,20140211,20140212,20140213,20140214,20140218,20140219,20140220,20140222,20140226,20140227,20140302 
Number is 37 
G.3.4_index_1_VS_G.1.1_index_4 [10] 
20140209,20140210,20140211,20140212,20140213,20140214,20140218,20140219,20140221,20140222,20140225,20140226,20140228 
Number is 52 
G.3.3_index_4_VS_G.7.3_index_2 [11] PLUS 1 
20140203,20140209,20140210,20140211,20140212,20140213,20140214,20140215,20140217,20140219,20140220,20140221,20140222,20140223,20140227,20140228,20140302 
Number is 60 
G.3.5_index_2_VS_G.2.1_index_5 [12] 
20140203,20140204,20140205,20140207,20140208,20140209,20140210,20140211,20140212,20140213,20140214,20140217,20140221,20140226,20140302 
Number is 67 
G.4.2_index_4_VS_G.6.1_index_3 [13] PLUS 1 
20140204,20140206,20140207,20140208,20140209,20140210,20140211,20140212,20140213,20140214,20140215,20140216,20140219,20140220,20140221,20140222,20140224,20140225,20140228 
G.7.1_index_2_VS_G.2.2_index_4 [14] PLUS 1 
20140205,20140206,20140209,20140210,20140211,20140212,20140213,20140214,20140215,20140222,20140226,20140302 
Number is 76 
G.2.2_index_4_VS_G.4.2_index_4 [15] PLUS 1 
20140204,20140205,20140209,20140210,20140211,20140212,20140213,20140214,20140215,20140216,20140219,20140220,20140226 
Number is 77 
G.6.1_index_3_VS_G.3.2_index_3 [16] 
20140203,20140204,20140205,20140207,20140208,20140209,20140210,20140211,20140212,20140213,20140214,20140216,20140217,20140221,20140225,20140228,20140302 
Number is 82 
G.5.1_index_1_VS_G.3.6_index_5 [17] 
20140206,20140208,20140209,20140210,20140211,20140212,20140213,20140214,20140216,20140217,20140219,20140221,20140228 
G.5.1_index_1_VS_G.3.6_index_3 [18] 
20140206,20140209,20140210,20140211,20140212,20140213,20140214,20140217,20140218,20140219 
Number is 93 
G.DB_index_2_VS_G.7.2_index_2 [19] 
20140203,20140204,20140207,20140208,20140209,20140210,20140211,20140212,20140213,20140214,20140217,20140219,20140226,20140301,20140302 
Number is 98 
G.3.5_index_4_VS_G.4.4_index_2 [20] 
20140203,20140204,20140207,20140208,20140209,20140210,20140211,20140212,20140213,20140214,20140220,20140221,20140222 
