======== Current: 20140216 ========= 
Number is 13 
G.3.3_index_4_VS_G.7.3_index_2 [1] 
20140203,20140209,20140210,20140211,20140212,20140213,20140214,20140215,20140217,20140219,20140220,20140221,20140222,20140223,20140227,20140228,20140302 
G.7.3_index_1_VS_G.3.4_index_4 [2] 
20140204,20140205,20140206,20140207,20140210,20140211,20140212,20140213,20140214,20140215,20140219,20140225,20140228 
Number is 17 
G.7.3_index_1_VS_G.3.6_index_2 [3] PLUS 1 
20140205,20140206,20140208,20140210,20140211,20140212,20140213,20140214,20140215,20140216,20140217,20140219,20140225,20140226,20140228 
Number is 19 
G.5.6_index_3_VS_G.DB_index_2 [4] 
20140205,20140207,20140208,20140210,20140211,20140212,20140213,20140214,20140215,20140217,20140219,20140220,20140221,20140224,20140226,20140228 
Number is 31 
G.4.4_index_4_VS_G.5.3_index_2 [5] 
20140205,20140207,20140209,20140210,20140211,20140212,20140213,20140214,20140215,20140219,20140221,20140228,20140301,20140302 
Number is 32 
G.7.3_index_2_VS_G.3.2_index_1 [6] PLUS 1 
20140203,20140206,20140209,20140210,20140211,20140212,20140213,20140214,20140215,20140216,20140219,20140221,20140225,20140301,20140302 
Number is 35 
G.7.3_index_2_VS_G.5.6_index_2 [7] 
20140206,20140207,20140210,20140211,20140212,20140213,20140214,20140215,20140220,20140221,20140224,20140225,20140301,20140302 
Number is 38 
G.7.3_index_2_VS_G.5.5_index_1 [8] 
20140203,20140207,20140210,20140211,20140212,20140213,20140214,20140215,20140217,20140221,20140227,20140228 
Number is 41 
G.2.2_index_3_VS_G.5.3_index_2 [9] PLUS 1 
20140207,20140210,20140211,20140212,20140213,20140214,20140215,20140216,20140218,20140223,20140225,20140227,20140228,20140301,20140302 
Number is 43 
G.3.2_index_5_VS_G.3.4_index_5 [10] 
20140205,20140206,20140210,20140211,20140212,20140213,20140214,20140215,20140217,20140218,20140221,20140223,20140225,20140226 
Number is 47 
G.2.2_index_4_VS_G.4.2_index_4 [11] PLUS 1 
20140204,20140205,20140209,20140210,20140211,20140212,20140213,20140214,20140215,20140216,20140219,20140220,20140226 
Number is 55 
G.4.3_index_2_VS_G.5.6_index_2 [12] 
20140203,20140206,20140207,20140208,20140210,20140211,20140212,20140213,20140214,20140215,20140217,20140220,20140221,20140224,20140225,20140228,20140302 
Number is 58 
G.1.1_index_4_VS_G.3.3_index_1 [13] 
20140204,20140207,20140210,20140211,20140212,20140213,20140214,20140215,20140221,20140222,20140223,20140224,20140226 
Number is 61 
G.2.1_index_5_VS_G.4.4_index_1 [14] PLUS 1 
20140205,20140206,20140210,20140211,20140212,20140213,20140214,20140215,20140216,20140220,20140224,20140225 
Number is 63 
G.2.1_index_5_VS_G.4.1_index_3 [15] PLUS 1 
20140206,20140208,20140210,20140211,20140212,20140213,20140214,20140215,20140216,20140217,20140219,20140221,20140223,20140224,20140227 
Number is 64 
G.7.1_index_2_VS_G.2.2_index_4 [16] 
20140205,20140206,20140209,20140210,20140211,20140212,20140213,20140214,20140215,20140222,20140226,20140302 
Number is 66 
G.3.1_index_5_VS_G.2.1_index_5 [17] 
20140210,20140211,20140212,20140213,20140214,20140215,20140221,20140223,20140226,20140227 
Number is 71 
G.4.2_index_4_VS_G.6.1_index_3 [18] PLUS 1 
20140204,20140206,20140207,20140208,20140209,20140210,20140211,20140212,20140213,20140214,20140215,20140216,20140219,20140220,20140221,20140222,20140224,20140225,20140228 
Number is 73 
G.3.2_index_3_VS_G.4.4_index_4 [19] PLUS 1 
20140203,20140204,20140205,20140206,20140210,20140211,20140212,20140213,20140214,20140215,20140216,20140218,20140220,20140222,20140224,20140226,20140227,20140228 
Number is 74 
G.3.6_index_1_VS_G.2.2_index_4 [20] PLUS 1 
20140203,20140204,20140205,20140206,20140210,20140211,20140212,20140213,20140214,20140215,20140216,20140221,20140222,20140228,20140301,20140302 
Number is 77 
G.5.4_index_3_VS_G.3.2_index_3 [21] 
20140203,20140205,20140210,20140211,20140212,20140213,20140214,20140215,20140224,20140226,20140228,20140302 
Number is 80 
G.3.4_index_2_VS_G.7.2_index_2 [22] 
20140203,20140204,20140205,20140209,20140210,20140211,20140212,20140213,20140214,20140215,20140222,20140224,20140226,20140301 
Number is 95 
G.2.2_index_1_VS_G.5.6_index_2 [23] 
20140203,20140205,20140210,20140211,20140212,20140213,20140214,20140215,20140217,20140218,20140221,20140222,20140223,20140224,20140225,20140226 
