======== Current: 20140219 ========= 
Number is 10 
G.5.5_index_3_VS_G.5.3_index_1 [1] 
20140204,20140207,20140208,20140210,20140211,20140213,20140214,20140215,20140216,20140217,20140218,20140222,20140223,20140224,20140227,20140228,20140301 
Number is 13 
G.4.2_index_3_VS_G.5.3_index_2 [2] PLUS 1 
20140206,20140207,20140208,20140209,20140210,20140212,20140213,20140214,20140215,20140216,20140217,20140218,20140219,20140220,20140222,20140224,20140302 
Number is 18 
G.4.1_index_3_VS_G.6.2_index_1 [3] 
20140207,20140210,20140212,20140213,20140214,20140215,20140216,20140217,20140218,20140221,20140223,20140227,20140228,20140302 
Number is 29 
G.5.3_index_4_VS_G.2.2_index_2 [4] PLUS 1 
20140203,20140205,20140206,20140209,20140211,20140213,20140214,20140215,20140216,20140217,20140218,20140219,20140220,20140221,20140222,20140224,20140228 
Number is 54 
G.3.6_index_5_VS_G.5.4_index_4 [5] 
20140203,20140206,20140207,20140211,20140212,20140213,20140214,20140215,20140216,20140217,20140218,20140220,20140222,20140223,20140224,20140228,20140301 
Number is 58 
G.3.6_index_5_VS_G.3.3_index_5 [6] 
20140203,20140206,20140209,20140210,20140211,20140213,20140214,20140215,20140216,20140217,20140218,20140222,20140223,20140224,20140228 
Number is 62 
G.5.1_index_2_VS_G.3.4_index_1 [7] 
20140204,20140206,20140213,20140214,20140215,20140216,20140217,20140218,20140221,20140224,20140228,20140302 
Number is 86 
G.3.3_index_5_VS_G.4.4_index_4 [8] PLUS 1 
20140205,20140206,20140211,20140213,20140214,20140215,20140216,20140217,20140218,20140219,20140222,20140224 
Number is 93 
G.2.2_index_2_VS_G.6.1_index_2 [9] 
20140204,20140206,20140209,20140213,20140214,20140215,20140216,20140217,20140218,20140222,20140223,20140224,20140226,20140227,20140228 
