======== Current: 20140221 ========= 
Number is 17 
G.5.3_index_4_VS_G.2.2_index_2 [1] PLUS 1 
20140203,20140205,20140206,20140209,20140211,20140213,20140214,20140215,20140216,20140217,20140218,20140219,20140220,20140221,20140222,20140224,20140228 
G.5.1_index_2_VS_G.7.2_index_1 [2] PLUS 1 
20140203,20140206,20140209,20140210,20140214,20140215,20140216,20140217,20140218,20140219,20140220,20140221,20140222,20140224,20140227 
Number is 22 
G.2.1_index_2_VS_G.3.4_index_3 [3] 
20140203,20140205,20140206,20140209,20140211,20140214,20140215,20140216,20140217,20140218,20140219,20140220,20140227,20140228,20140301,20140302 
Number is 25 
G.5.2_index_4_VS_G.5.3_index_1 [4] PLUS 1 
20140203,20140204,20140207,20140212,20140215,20140216,20140217,20140218,20140219,20140220,20140221,20140223,20140225,20140228,20140301,20140302 
Number is 26 
G.4.2_index_3_VS_G.5.3_index_2 [5] 
20140206,20140207,20140208,20140209,20140210,20140212,20140213,20140214,20140215,20140216,20140217,20140218,20140219,20140220,20140222,20140224,20140302 
Number is 29 
G.DB_index_1_VS_G.3.2_index_3 [6] 
20140204,20140206,20140208,20140209,20140210,20140211,20140213,20140215,20140216,20140217,20140218,20140219,20140220,20140223,20140224,20140227,20140228,20140302 
Number is 54 
G.3.3_index_5_VS_G.3.4_index_2 [7] 
20140203,20140205,20140206,20140208,20140215,20140216,20140217,20140218,20140219,20140220,20140228,20140301,20140302 
Number is 59 
G.5.3_index_1_VS_G.4.1_index_2 [8] 
20140203,20140204,20140205,20140207,20140208,20140214,20140215,20140216,20140217,20140218,20140219,20140220,20140223,20140225 
Number is 67 
G.5.3_index_2_VS_G.1.1_index_1 [9] 
20140204,20140205,20140212,20140215,20140216,20140217,20140218,20140219,20140220,20140224,20140226,20140301,20140302 
Number is 71 
G.5.6_index_3_VS_G.3.2_index_2 [10] PLUS 1 
20140203,20140205,20140208,20140210,20140215,20140216,20140217,20140218,20140219,20140220,20140221,20140224,20140227 
Number is 72 
G.7.2_index_1_VS_G.4.2_index_3 [11] PLUS 1 
20140204,20140207,20140211,20140214,20140215,20140216,20140217,20140218,20140219,20140220,20140221,20140225,20140228,20140302 
Number is 74 
G.3.1_index_2_VS_G.5.1_index_3 [12] PLUS 1 
20140204,20140208,20140209,20140210,20140214,20140215,20140216,20140217,20140218,20140219,20140220,20140221,20140225,20140227,20140301,20140302 
Number is 76 
G.3.1_index_2_VS_G.5.4_index_2 [13] 
20140207,20140209,20140211,20140215,20140216,20140217,20140218,20140219,20140220,20140222,20140223,20140224,20140225,20140301,20140302 
G.3.1_index_2_VS_G.5.3_index_2 [14] 
20140206,20140210,20140212,20140215,20140216,20140217,20140218,20140219,20140220,20140223,20140224,20140228,20140301,20140302 
Number is 86 
G.5.4_index_1_VS_G.5.3_index_2 [15] 
20140205,20140208,20140209,20140214,20140215,20140216,20140217,20140218,20140219,20140220,20140222,20140225,20140226,20140227,20140301,20140302 
Number is 92 
G.3.2_index_3_VS_G.4.2_index_3 [16] 
20140203,20140204,20140207,20140208,20140212,20140215,20140216,20140217,20140218,20140219,20140220,20140224,20140225,20140227,20140228,20140302 
Number is 98 
G.4.1_index_1_VS_G.4.3_index_4 [17] PLUS 1 
20140204,20140206,20140211,20140212,20140213,20140215,20140216,20140217,20140218,20140219,20140220,20140221,20140222,20140227 
