======== Current: 20140222 ========= 
Number is 05 
G.DB_index_3_VS_G.3.5_index_5 [1] PLUS 1 
20140206,20140209,20140210,20140216,20140217,20140218,20140219,20140220,20140221,20140222,20140223,20140224,20140227 
Number is 16 
G.5.4_index_2_VS_G.5.3_index_4 [2] PLUS 1 
20140203,20140204,20140206,20140207,20140208,20140209,20140212,20140213,20140216,20140217,20140218,20140219,20140220,20140221,20140222,20140223,20140225,20140302 
Number is 17 
G.4.4_index_4_VS_G.3.6_index_2 [3] 
20140203,20140205,20140208,20140210,20140211,20140212,20140214,20140216,20140217,20140218,20140219,20140220,20140221,20140228 
Number is 33 
G.3.6_index_3_VS_G.DB_index_1 [4] 
20140204,20140206,20140209,20140211,20140216,20140217,20140218,20140219,20140220,20140221,20140223,20140226,20140301 
Number is 36 
G.4.2_index_4_VS_G.5.3_index_4 [5] PLUS 1 
20140203,20140204,20140205,20140206,20140210,20140211,20140212,20140213,20140214,20140216,20140217,20140218,20140219,20140220,20140221,20140222,20140224,20140225,20140228 
Number is 49 
G.3.1_index_2_VS_G.7.3_index_1 [6] 
20140205,20140206,20140207,20140210,20140211,20140213,20140216,20140217,20140218,20140219,20140220,20140221,20140226,20140228,20140302 
G.3.1_index_2_VS_G.5.1_index_3 [7] 
20140204,20140208,20140209,20140210,20140214,20140215,20140216,20140217,20140218,20140219,20140220,20140221,20140225,20140227,20140301,20140302 
Number is 53 
G.7.2_index_1_VS_G.4.2_index_3 [8] 
20140204,20140207,20140211,20140214,20140215,20140216,20140217,20140218,20140219,20140220,20140221,20140225,20140228,20140302 
Number is 61 
G.3.4_index_1_VS_G.5.4_index_4 [9] PLUS 1 
20140203,20140204,20140205,20140206,20140207,20140209,20140211,20140213,20140214,20140216,20140217,20140218,20140219,20140220,20140221,20140222,20140223,20140224,20140228,20140301,20140302 
G.4.1_index_1_VS_G.4.3_index_4 [10] PLUS 1 
20140204,20140206,20140211,20140212,20140213,20140215,20140216,20140217,20140218,20140219,20140220,20140221,20140222,20140227 
Number is 62 
G.3.4_index_1_VS_G.3.4_index_3 [11] 
20140205,20140206,20140208,20140216,20140217,20140218,20140219,20140220,20140221,20140224,20140225,20140302 
Number is 63 
G.5.3_index_4_VS_G.2.2_index_2 [12] PLUS 1 
20140203,20140205,20140206,20140209,20140211,20140213,20140214,20140215,20140216,20140217,20140218,20140219,20140220,20140221,20140222,20140224,20140228 
Number is 64 
G.5.1_index_2_VS_G.6.1_index_2 [13] 
20140203,20140206,20140208,20140210,20140214,20140216,20140217,20140218,20140219,20140220,20140221,20140223,20140224,20140225,20140227 
Number is 65 
G.5.1_index_2_VS_G.7.2_index_1 [14] PLUS 1 
20140203,20140206,20140209,20140210,20140214,20140215,20140216,20140217,20140218,20140219,20140220,20140221,20140222,20140224,20140227 
Number is 67 
G.5.3_index_4_VS_G.2.1_index_1 [15] 
20140203,20140209,20140211,20140216,20140217,20140218,20140219,20140220,20140221,20140224 
Number is 70 
G.5.2_index_4_VS_G.5.3_index_1 [16] 
20140203,20140204,20140207,20140212,20140215,20140216,20140217,20140218,20140219,20140220,20140221,20140223,20140225,20140228,20140301,20140302 
Number is 71 
G.3.1_index_5_VS_G.4.4_index_3 [17] 
20140203,20140204,20140209,20140214,20140216,20140217,20140218,20140219,20140220,20140221,20140223,20140227,20140301 
Number is 73 
G.5.6_index_1_VS_G.2.2_index_4 [18] PLUS 1 
20140203,20140204,20140205,20140208,20140212,20140216,20140217,20140218,20140219,20140220,20140221,20140222,20140223,20140226,20140227,20140301,20140302 
Number is 77 
G.3.6_index_2_VS_G.5.3_index_2 [19] 
20140203,20140207,20140208,20140212,20140214,20140216,20140217,20140218,20140219,20140220,20140221,20140302 
Number is 78 
G.3.6_index_2_VS_G.6.2_index_2 [20] PLUS 1 
20140203,20140204,20140205,20140208,20140210,20140211,20140216,20140217,20140218,20140219,20140220,20140221,20140222,20140225,20140228 
Number is 85 
G.5.6_index_3_VS_G.3.2_index_2 [21] 
20140203,20140205,20140208,20140210,20140215,20140216,20140217,20140218,20140219,20140220,20140221,20140224,20140227 
G.5.6_index_3_VS_G.3.2_index_5 [22] 
20140203,20140207,20140208,20140210,20140211,20140212,20140213,20140216,20140217,20140218,20140219,20140220,20140221,20140224,20140302 
Number is 89 
G.7.4_index_2_VS_G.4.4_index_1 [23] 
20140204,20140205,20140207,20140209,20140210,20140211,20140214,20140216,20140217,20140218,20140219,20140220,20140221,20140223,20140224,20140225,20140226,20140227,20140301 
