======== Current: 20140224 ========= 
Number is 00 
G.6.3_index_1_VS_G.2.1_index_4 [1] PLUS 1 
20140208,20140209,20140212,20140216,20140218,20140219,20140220,20140221,20140222,20140223,20140224,20140301,20140302 
Number is 22 
G.5.5_index_3_VS_G.5.3_index_4 [2] 
20140205,20140206,20140207,20140210,20140211,20140212,20140217,20140218,20140219,20140220,20140221,20140222,20140223,20140225,20140227,20140301 
Number is 23 
G.3.3_index_4_VS_G.6.2_index_3 [3] 
20140203,20140204,20140205,20140208,20140210,20140211,20140212,20140213,20140214,20140218,20140219,20140220,20140221,20140222,20140223,20140225,20140226,20140227 
Number is 27 
G.4.3_index_4_VS_G.3.2_index_3 [4] 
20140203,20140204,20140210,20140211,20140212,20140213,20140215,20140217,20140218,20140219,20140220,20140221,20140222,20140223,20140227,20140228 
Number is 32 
G.5.4_index_2_VS_G.5.3_index_4 [5] 
20140203,20140204,20140206,20140207,20140208,20140209,20140212,20140213,20140216,20140217,20140218,20140219,20140220,20140221,20140222,20140223,20140225,20140302 
Number is 33 
G.6.2_index_3_VS_G.4.1_index_3 [6] PLUS 1 
20140204,20140205,20140206,20140207,20140208,20140210,20140211,20140212,20140214,20140218,20140219,20140220,20140221,20140222,20140223,20140224,20140226,20140301,20140302 
Number is 39 
G.5.6_index_1_VS_G.2.2_index_4 [7] 
20140203,20140204,20140205,20140208,20140212,20140216,20140217,20140218,20140219,20140220,20140221,20140222,20140223,20140226,20140227,20140301,20140302 
Number is 40 
G.5.6_index_2_VS_G.5.1_index_2 [8] 
20140204,20140205,20140206,20140207,20140217,20140218,20140219,20140220,20140221,20140222,20140223,20140227 
Number is 42 
G.3.1_index_2_VS_G.5.4_index_1 [9] PLUS 1 
20140204,20140206,20140213,20140218,20140219,20140220,20140221,20140222,20140223,20140224,20140225,20140226,20140228,20140301 
G.5.2_index_4_VS_G.5.4_index_1 [10] PLUS 1 
20140205,20140208,20140209,20140216,20140218,20140219,20140220,20140221,20140222,20140223,20140224,20140226,20140228 
Number is 43 
G.2.1_index_2_VS_G.3.3_index_3 [11] PLUS 1 
20140204,20140205,20140209,20140213,20140214,20140215,20140218,20140219,20140220,20140221,20140222,20140223,20140224,20140227,20140301 
G.3.5_index_3_VS_G.7.1_index_1 [12] PLUS 1 
20140205,20140210,20140212,20140217,20140218,20140219,20140220,20140221,20140222,20140223,20140224,20140227 
Number is 44 
G.DB_index_3_VS_G.5.2_index_3 [13] 
20140203,20140204,20140205,20140207,20140213,20140214,20140215,20140218,20140219,20140220,20140221,20140222,20140223,20140225,20140227,20140302 
Number is 47 
G.2.1_index_2_VS_G.7.1_index_2 [14] PLUS 1 
20140205,20140209,20140210,20140211,20140214,20140216,20140218,20140219,20140220,20140221,20140222,20140223,20140224,20140226,20140228,20140302 
G.DB_index_3_VS_G.3.5_index_5 [15] PLUS 1 
20140206,20140209,20140210,20140216,20140217,20140218,20140219,20140220,20140221,20140222,20140223,20140224,20140227 
Number is 49 
G.4.2_index_4_VS_G.6.2_index_2 [16] 
20140203,20140204,20140206,20140207,20140208,20140210,20140211,20140212,20140214,20140216,20140218,20140219,20140220,20140221,20140222,20140223,20140225,20140226,20140228 
Number is 62 
G.3.2_index_1_VS_G.7.4_index_2 [17] 
20140204,20140205,20140212,20140213,20140215,20140218,20140219,20140220,20140221,20140222,20140223,20140225,20140228,20140302 
Number is 67 
G.3.4_index_4_VS_G.6.1_index_3 [18] PLUS 1 
20140203,20140204,20140212,20140214,20140215,20140217,20140218,20140219,20140220,20140221,20140222,20140223,20140224,20140225,20140226,20140228,20140301,20140302 
Number is 70 
G.3.4_index_1_VS_G.5.4_index_4 [19] PLUS 1 
20140203,20140204,20140205,20140206,20140207,20140209,20140211,20140213,20140214,20140216,20140217,20140218,20140219,20140220,20140221,20140222,20140223,20140224,20140228,20140301,20140302 
Number is 80 
G.4.4_index_2_VS_G.2.1_index_4 [20] PLUS 1 
20140203,20140204,20140205,20140206,20140209,20140212,20140214,20140215,20140218,20140219,20140220,20140221,20140222,20140223,20140224,20140225 
Number is 86 
G.4.4_index_2_VS_G.3.4_index_4 [21] 
20140203,20140204,20140206,20140211,20140212,20140218,20140219,20140220,20140221,20140222,20140223,20140226,20140228,20140301,20140302 
Number is 87 
G.5.1_index_3_VS_G.2.2_index_3 [22] PLUS 1 
20140203,20140204,20140206,20140207,20140208,20140209,20140210,20140213,20140216,20140218,20140219,20140220,20140221,20140222,20140223,20140224,20140301,20140302 
Number is 94 
G.3.6_index_2_VS_G.DB_index_1 [23] 
20140203,20140206,20140208,20140211,20140215,20140216,20140218,20140219,20140220,20140221,20140222,20140223,20140225 
