======== Current: 20140228 ========= 
Number is 25 
G.5.4_index_1_VS_G.5.3_index_1 [1] PLUS 1 
20140203,20140205,20140211,20140217,20140219,20140221,20140222,20140223,20140224,20140225,20140226,20140227,20140228,20140302 
Number is 26 
G.6.3_index_1_VS_G.6.1_index_1 [2] 
20140203,20140204,20140206,20140212,20140214,20140221,20140222,20140223,20140224,20140225,20140226,20140227,20140302 
Number is 34 
G.3.1_index_3_VS_G.4.4_index_2 [3] 
20140203,20140206,20140211,20140212,20140218,20140222,20140223,20140224,20140225,20140226,20140227,20140302 
Number is 44 
G.5.1_index_4_VS_G.5.5_index_3 [4] 
20140205,20140206,20140209,20140211,20140218,20140219,20140221,20140222,20140223,20140224,20140225,20140226,20140227,20140302 
Number is 58 
G.5.3_index_1_VS_G.3.1_index_1 [5] PLUS 1 
20140205,20140207,20140208,20140214,20140215,20140217,20140219,20140221,20140222,20140223,20140224,20140225,20140226,20140227,20140228 
Number is 62 
G.DB_index_5_VS_G.4.2_index_3 [6] 
20140204,20140206,20140207,20140208,20140212,20140215,20140216,20140217,20140219,20140222,20140223,20140224,20140225,20140226,20140227 
Number is 63 
G.3.3_index_2_VS_G.4.3_index_1 [7] PLUS 1 
20140203,20140204,20140206,20140211,20140214,20140215,20140216,20140222,20140223,20140224,20140225,20140226,20140227,20140228,20140301,20140302 
Number is 67 
G.DB_index_1_VS_G.2.2_index_1 [8] 
20140203,20140204,20140208,20140211,20140216,20140217,20140222,20140223,20140224,20140225,20140226,20140227 
G.DB_index_5_VS_G.6.3_index_2 [9] 
20140203,20140208,20140212,20140214,20140215,20140217,20140222,20140223,20140224,20140225,20140226,20140227,20140302 
Number is 68 
G.6.1_index_1_VS_G.3.1_index_2 [10] 
20140206,20140208,20140210,20140214,20140217,20140219,20140222,20140223,20140224,20140225,20140226,20140227,20140302 
Number is 70 
G.3.1_index_5_VS_G.5.6_index_3 [11] PLUS 1 
20140203,20140208,20140210,20140211,20140213,20140215,20140216,20140217,20140221,20140222,20140223,20140224,20140225,20140226,20140227,20140228,20140302 
Number is 71 
G.2.2_index_1_VS_G.5.4_index_2 [12] 
20140209,20140211,20140212,20140213,20140214,20140215,20140216,20140222,20140223,20140224,20140225,20140226,20140227,20140301 
Number is 78 
G.3.2_index_4_VS_G.3.1_index_2 [13] PLUS 1 
20140211,20140214,20140215,20140217,20140219,20140220,20140221,20140222,20140223,20140224,20140225,20140226,20140227,20140228,20140302 
Number is 88 
G.5.1_index_3_VS_G.5.4_index_4 [14] 
20140205,20140206,20140208,20140209,20140210,20140213,20140218,20140219,20140220,20140222,20140223,20140224,20140225,20140226,20140227,20140301 
