======== Current: 20130804 ========= 
Number is 00 
G.4.1_index_3_VS_G.3.2_index_4 [1] PLUS 1 
20130725,20130727,20130729,20130730,20130731,20130801,20130802,20130803,20130804,20130806,20130808,20130814,20130819,20130820,20130821,20130822,20130823,20130825,20130826,20130830,20130903 
G.3.4_index_4_VS_G.3.5_index_2 [2] PLUS 1 
20130721,20130723,20130725,20130726,20130729,20130730,20130731,20130801,20130802,20130803,20130804,20130806,20130813,20130814,20130815,20130817,20130818,20130827,20130829,20130830 
Number is 07 
G.1.1_index_4_VS_G.5.2_index_2 [3] 
20130721,20130722,20130723,20130725,20130726,20130728,20130729,20130730,20130731,20130801,20130802,20130803,20130807,20130810,20130817,20130822,20130823,20130824,20130825,20130826,20130827,20130828,20130903 
Number is 24 
G.3.5_index_3_VS_G.7.4_index_2 [4] 
20130724,20130729,20130730,20130731,20130801,20130802,20130803,20130806,20130810,20130811,20130813,20130816,20130817,20130823,20130824,20130825,20130828,20130830,20130831,20130901,20130902 
Number is 36 
G.2.2_index_4_VS_G.5.4_index_4 [5] PLUS 1 
20130721,20130722,20130725,20130726,20130729,20130730,20130731,20130801,20130802,20130803,20130804,20130806,20130807,20130808,20130813,20130814,20130815,20130817,20130819,20130820,20130821,20130825,20130826,20130827,20130902 
Number is 38 
G.2.2_index_4_VS_G.2.2_index_2 [6] PLUS 1 
20130725,20130728,20130729,20130730,20130731,20130801,20130802,20130803,20130804,20130805,20130806,20130810,20130812,20130813,20130814,20130827,20130828,20130903 
G.2.2_index_4_VS_G.4.4_index_3 [7] PLUS 1 
20130722,20130724,20130727,20130728,20130729,20130730,20130731,20130801,20130802,20130803,20130804,20130806,20130813,20130814,20130817,20130820,20130821,20130823,20130825,20130826,20130827,20130829,20130902 
Number is 40 
G.3.4_index_3_VS_G.3.2_index_4 [8] PLUS 1 
20130722,20130723,20130728,20130729,20130730,20130731,20130801,20130802,20130803,20130804,20130809,20130812,20130814,20130817,20130826,20130828 
Number is 42 
G.3.6_index_4_VS_G.3.4_index_1 [9] 
20130725,20130726,20130727,20130728,20130729,20130730,20130731,20130801,20130802,20130803,20130805,20130806,20130809,20130811,20130812,20130816,20130817,20130820,20130823,20130825,20130826,20130827,20130829,20130902,20130903 
Number is 43 
G.5.1_index_2_VS_G.6.3_index_3 [10] PLUS 1 
20130720,20130721,20130722,20130729,20130730,20130731,20130801,20130802,20130803,20130804,20130806,20130810,20130812,20130813,20130814,20130815,20130817,20130822,20130823,20130825,20130827,20130831 
Number is 49 
G.2.1_index_3_VS_G.5.2_index_3 [11] 
20130721,20130722,20130726,20130729,20130730,20130731,20130801,20130802,20130803,20130805,20130806,20130807,20130808,20130809,20130810,20130812,20130813,20130814,20130815,20130823,20130824,20130826,20130901 
Number is 50 
G.3.3_index_2_VS_G.DB_index_3 [12] PLUS 1 
20130720,20130722,20130723,20130724,20130725,20130726,20130727,20130728,20130729,20130730,20130731,20130801,20130802,20130803,20130804,20130805,20130806,20130808,20130813,20130815,20130819,20130821,20130823,20130824,20130825,20130826,20130828,20130829,20130830,20130901,20130902,20130903 
G.3.1_index_1_VS_G.1.1_index_3 [13] PLUS 1 
20130721,20130723,20130726,20130729,20130730,20130731,20130801,20130802,20130803,20130804,20130805,20130806,20130808,20130809,20130812,20130814,20130820,20130824,20130825,20130826,20130827,20130829,20130830,20130901,20130903 
Number is 55 
G.4.3_index_4_VS_G.6.3_index_1 [14] 
20130720,20130724,20130727,20130729,20130730,20130731,20130801,20130802,20130803,20130806,20130807,20130808,20130809,20130810,20130817,20130818,20130821,20130822,20130824,20130825,20130828,20130829 
Number is 65 
G.3.5_index_4_VS_G.3.1_index_1 [15] PLUS 1 
20130721,20130723,20130726,20130727,20130728,20130729,20130730,20130731,20130801,20130802,20130803,20130804,20130808,20130812,20130813,20130818,20130820,20130821,20130822,20130824,20130825,20130827,20130828,20130829,20130830 
Number is 68 
G.3.2_index_1_VS_G.7.1_index_2 [16] 
20130721,20130724,20130727,20130729,20130730,20130731,20130801,20130802,20130803,20130805,20130806,20130810,20130814,20130815,20130817,20130819,20130820,20130821,20130823,20130825,20130902 
Number is 77 
G.4.2_index_2_VS_G.2.1_index_5 [17] 
20130720,20130722,20130723,20130724,20130725,20130726,20130727,20130729,20130730,20130731,20130801,20130802,20130803,20130806,20130809,20130819,20130821,20130822,20130826,20130828,20130829,20130901,20130903 
Number is 80 
G.DB_index_2_VS_G.1.1_index_4 [18] PLUS 1 
20130720,20130721,20130724,20130725,20130726,20130729,20130730,20130731,20130801,20130802,20130803,20130804,20130809,20130810,20130813,20130814,20130816,20130822,20130824,20130826,20130828,20130829,20130903 
Number is 86 
G.2.2_index_2_VS_G.5.2_index_4 [19] 
20130721,20130726,20130729,20130730,20130731,20130801,20130802,20130803,20130806,20130808,20130812,20130821,20130822,20130827,20130828,20130829,20130901,20130903 
Number is 89 
G.7.1_index_2_VS_G.4.2_index_4 [20] 
20130720,20130721,20130722,20130724,20130727,20130729,20130730,20130731,20130801,20130802,20130803,20130807,20130809,20130810,20130812,20130814,20130815,20130817,20130819,20130823,20130824,20130828,20130829,20130902 
