======== Last: 20130904 ========= 
Number is 08 
G.5.3_index_2_VS_G.1.1_index_4 [1] 
Ngay: 20130720,20130726,20130728,20130802,20130804,20130805,20130806,20130807,20130808,20130809,20130810,20130811,20130814,20130817,20130818,20130821,20130822,20130823,20130825,20130826,20130827,20130828,20130829,20130830 
Number is 11 
G.3.5_index_4_VS_G.4.4_index_1 [2] 
Ngay: 20130721,20130723,20130725,20130726,20130729,20130802,20130803,20130805,20130806,20130807,20130808,20130809,20130810,20130812,20130815,20130818,20130820,20130821,20130822,20130824,20130827,20130829,20130831,20130901 
Number is 12 
G.3.5_index_3_VS_G.2.1_index_5 [3] 
Ngay: 20130721,20130722,20130724,20130726,20130729,20130730,20130801,20130805,20130806,20130807,20130808,20130809,20130810,20130812,20130819,20130820,20130821,20130822,20130824,20130825,20130827,20130828,20130831,20130903 
G.4.3_index_2_VS_G.2.1_index_5 [4] 
Ngay: 20130724,20130725,20130728,20130729,20130730,20130802,20130805,20130806,20130807,20130808,20130809,20130810,20130811,20130812,20130818,20130819,20130821,20130824,20130826,20130828,20130829,20130830,20130831 
Number is 14 
G.7.4_index_2_VS_G.6.3_index_3 [5] 
Ngay: 20130721,20130722,20130723,20130724,20130727,20130728,20130730,20130801,20130803,20130804,20130805,20130806,20130807,20130808,20130809,20130810,20130812,20130813,20130815,20130816,20130817,20130818,20130820,20130821,20130824,20130825,20130826,20130830,20130831,20130902,20130903 
G.4.4_index_1_VS_G.3.5_index_2 [6] 
Ngay: 20130721,20130725,20130726,20130728,20130729,20130731,20130802,20130804,20130805,20130806,20130807,20130808,20130809,20130810,20130813,20130816,20130817,20130821,20130825,20130829,20130901 
Number is 18 
G.1.1_index_3_VS_G.6.3_index_1 [7] 
Ngay: 20130721,20130724,20130725,20130726,20130727,20130729,20130730,20130731,20130804,20130805,20130806,20130807,20130808,20130809,20130810,20130816,20130822,20130825,20130826,20130827,20130828,20130830,20130901 
Number is 27 
G.4.4_index_3_VS_G.5.4_index_4 [8] 
Ngay: 20130726,20130727,20130728,20130730,20130731,20130805,20130806,20130807,20130808,20130809,20130810,20130812,20130816,20130818,20130819,20130821,20130823,20130827,20130829,20130830,20130903 
Number is 33 
G.6.2_index_3_VS_G.2.2_index_2 [9] 
Ngay: 20130723,20130725,20130727,20130805,20130806,20130807,20130808,20130809,20130810,20130811,20130817,20130818,20130822,20130824,20130825,20130828,20130829,20130901,20130903 
Number is 36 
G.6.2_index_3_VS_G.3.6_index_5 [10] 
Ngay: 20130721,20130724,20130725,20130802,20130803,20130804,20130805,20130806,20130807,20130808,20130809,20130810,20130812,20130813,20130814,20130817,20130820,20130821,20130822,20130825,20130829,20130902,20130903 
Number is 40 
G.2.1_index_3_VS_G.5.6_index_4 [11] 
Ngay: 20130723,20130724,20130725,20130727,20130728,20130729,20130730,20130801,20130802,20130803,20130805,20130806,20130807,20130808,20130809,20130810,20130813,20130817,20130819,20130823,20130824,20130825,20130826,20130830,20130831,20130901 
Number is 47 
G.2.1_index_3_VS_G.5.2_index_3 [12] 
Ngay: 20130721,20130722,20130726,20130729,20130730,20130731,20130801,20130802,20130803,20130805,20130806,20130807,20130808,20130809,20130810,20130812,20130813,20130814,20130815,20130823,20130824,20130826,20130901 
Number is 53 
G.3.6_index_1_VS_G.6.2_index_3 [13] 
Ngay: 20130720,20130724,20130726,20130727,20130805,20130806,20130807,20130808,20130809,20130810,20130811,20130814,20130819,20130824,20130825,20130827,20130828,20130829,20130830,20130901,20130903 
Number is 54 
G.5.5_index_4_VS_G.2.1_index_3 [14] 
Ngay: 20130721,20130724,20130728,20130729,20130805,20130806,20130807,20130808,20130809,20130810,20130811,20130815,20130816,20130818,20130821,20130823,20130826,20130830,20130901 
Number is 58 
G.5.5_index_4_VS_G.5.2_index_4 [15] 
Ngay: 20130724,20130727,20130805,20130806,20130807,20130808,20130809,20130810,20130816,20130821,20130826,20130829,20130830,20130831,20130902 
Number is 59 
G.3.6_index_1_VS_G.5.3_index_4 [16] 
Ngay: 20130728,20130730,20130731,20130803,20130804,20130805,20130806,20130807,20130808,20130809,20130810,20130812,20130813,20130815,20130816,20130817,20130819,20130820,20130823,20130825,20130828,20130830,20130831,20130902 
Number is 66 
G.3.1_index_1_VS_G.3.6_index_5 [17] 
Ngay: 20130724,20130726,20130727,20130728,20130729,20130731,20130801,20130803,20130804,20130805,20130806,20130807,20130808,20130809,20130810,20130812,20130813,20130814,20130817,20130818,20130820,20130821,20130822,20130823,20130828,20130903 
Number is 69 
G.1.1_index_2_VS_G.5.3_index_4 [18] 
Ngay: 20130720,20130721,20130723,20130727,20130728,20130729,20130731,20130805,20130806,20130807,20130808,20130809,20130810,20130812,20130814,20130816,20130817,20130818,20130823,20130825,20130828,20130901 
G.3.6_index_5_VS_G.3.6_index_2 [19] 
Ngay: 20130721,20130728,20130729,20130802,20130804,20130805,20130806,20130807,20130808,20130809,20130810,20130812,20130814,20130817,20130822,20130824,20130828,20130902,20130903 
Number is 72 
G.4.4_index_2_VS_G.3.2_index_2 [20] 
Ngay: 20130720,20130721,20130723,20130727,20130728,20130730,20130805,20130806,20130807,20130808,20130809,20130810,20130812,20130814,20130816,20130820,20130822,20130825,20130826,20130828,20130829,20130830,20130901,20130902,20130903 
Number is 83 
G.6.3_index_2_VS_G.6.2_index_3 [21] 
Ngay: 20130721,20130723,20130726,20130727,20130729,20130730,20130805,20130806,20130807,20130808,20130809,20130810,20130811,20130812,20130814,20130817,20130818,20130823,20130826,20130901,20130902 
Number is 86 
G.6.3_index_2_VS_G.1.1_index_1 [22] 
Ngay: 20130721,20130730,20130805,20130806,20130807,20130808,20130809,20130810,20130814,20130816,20130818,20130822,20130823,20130824,20130826,20130829,20130830,20130901,20130902 
G.5.2_index_4_VS_G.5.4_index_1 [23] 
Ngay: 20130727,20130730,20130802,20130803,20130805,20130806,20130807,20130808,20130809,20130810,20130813,20130822,20130827,20130830,20130902 
Number is 92 
G.5.5_index_1_VS_G.2.1_index_5 [24] 
Ngay: 20130720,20130729,20130731,20130801,20130805,20130806,20130807,20130808,20130809,20130810,20130816,20130823,20130826,20130828,20130829,20130831,20130901,20130903 
Number is 93 
G.3.2_index_5_VS_G.3.2_index_1 [25] 
Ngay: 20130722,20130725,20130726,20130729,20130731,20130805,20130806,20130807,20130808,20130809,20130810,20130811,20130813,20130815,20130817,20130821,20130822,20130824,20130828,20130829,20130831,20130901,20130902 
G.3.6_index_2_VS_G.6.2_index_3 [26] 
Ngay: 20130723,20130724,20130729,20130801,20130804,20130805,20130806,20130807,20130808,20130809,20130810,20130814,20130815,20130818,20130824,20130825,20130830,20130902 
Number is 95 
G.3.6_index_2_VS_G.5.5_index_4 [27] 
Ngay: 20130720,20130721,20130724,20130727,20130728,20130730,20130803,20130805,20130806,20130807,20130808,20130809,20130810,20130813,20130814,20130816,20130818,20130819,20130823,20130824,20130826,20130829,20130830,20130831,20130903 
Number is 98 
G.3.4_index_4_VS_G.6.3_index_2 [28] 
Ngay: 20130720,20130721,20130722,20130723,20130724,20130725,20130726,20130727,20130729,20130730,20130731,20130802,20130804,20130805,20130806,20130807,20130808,20130809,20130810,20130813,20130817,20130818,20130824,20130830,20130903 
Number is 99 
G.5.5_index_1_VS_G.6.2_index_2 [29] 
Ngay: 20130720,20130722,20130724,20130727,20130729,20130805,20130806,20130807,20130808,20130809,20130810,20130811,20130814,20130815,20130816,20130820,20130823,20130824,20130825,20130826,20130828,20130829,20130903 
