======== Current: 20130827 ========= 
Number is 04 
G.4.4_index_2_VS_G.5.5_index_3 [1] 
20130720,20130723,20130726,20130727,20130728,20130729,20130801,20130803,20130804,20130805,20130808,20130812,20130814,20130815,20130816,20130818,20130819,20130820,20130821,20130822,20130823,20130824,20130825,20130826,20130828,20130830 
Number is 06 
G.5.4_index_3_VS_G.5.3_index_2 [2] 
20130723,20130726,20130727,20130802,20130811,20130814,20130817,20130819,20130820,20130821,20130822,20130823,20130824,20130825,20130826 
Number is 07 
G.5.4_index_3_VS_G.4.1_index_4 [3] 
20130723,20130727,20130728,20130807,20130808,20130811,20130814,20130816,20130818,20130819,20130820,20130821,20130822,20130823,20130824,20130825,20130826,20130828,20130829,20130830 
Number is 14 
G.1.1_index_1_VS_G.5.2_index_1 [4] PLUS 1 
20130722,20130729,20130803,20130805,20130811,20130820,20130821,20130822,20130823,20130824,20130825,20130826,20130827,20130829,20130830 
Number is 15 
G.2.2_index_5_VS_G.5.5_index_1 [5] 
20130722,20130725,20130727,20130729,20130803,20130806,20130809,20130811,20130812,20130814,20130815,20130816,20130820,20130821,20130822,20130823,20130824,20130825,20130826,20130828,20130830,20130902 
Number is 16 
G.2.2_index_5_VS_G.3.3_index_3 [6] PLUS 1 
20130721,20130722,20130723,20130724,20130727,20130728,20130803,20130804,20130806,20130808,20130812,20130813,20130815,20130817,20130820,20130821,20130822,20130823,20130824,20130825,20130826,20130827,20130829,20130830 
Number is 19 
G.5.2_index_3_VS_G.4.2_index_3 [7] PLUS 1 
20130720,20130721,20130723,20130725,20130726,20130727,20130804,20130805,20130813,20130815,20130816,20130821,20130822,20130823,20130824,20130825,20130826,20130827,20130829 
Number is 20 
G.7.1_index_1_VS_G.6.2_index_2 [8] PLUS 1 
20130722,20130728,20130729,20130802,20130805,20130816,20130818,20130821,20130822,20130823,20130824,20130825,20130826,20130827,20130902 
Number is 23 
G.3.1_index_4_VS_G.3.2_index_2 [9] 
20130720,20130721,20130722,20130723,20130724,20130725,20130727,20130728,20130729,20130805,20130806,20130807,20130810,20130811,20130812,20130815,20130821,20130822,20130823,20130824,20130825,20130826,20130829,20130901 
Number is 27 
G.7.4_index_2_VS_G.4.1_index_4 [10] PLUS 1 
20130726,20130802,20130803,20130809,20130810,20130813,20130815,20130816,20130820,20130821,20130822,20130823,20130824,20130825,20130826,20130827,20130828,20130829,20130830,20130902,20130903 
G.7.1_index_1_VS_G.5.3_index_3 [11] PLUS 1 
20130722,20130723,20130724,20130727,20130729,20130803,20130806,20130808,20130812,20130813,20130821,20130822,20130823,20130824,20130825,20130826,20130827 
Number is 34 
G.3.2_index_2_VS_G.5.2_index_2 [12] 
20130721,20130723,20130726,20130728,20130729,20130730,20130731,20130806,20130807,20130811,20130814,20130821,20130822,20130823,20130824,20130825,20130826,20130902,20130903 
G.6.2_index_3_VS_G.5.2_index_1 [13] 
20130724,20130726,20130727,20130801,20130803,20130804,20130805,20130808,20130809,20130817,20130820,20130821,20130822,20130823,20130824,20130825,20130826,20130902 
Number is 43 
G.6.3_index_3_VS_G.3.3_index_2 [14] 
20130720,20130721,20130722,20130724,20130725,20130727,20130729,20130730,20130731,20130802,20130803,20130810,20130811,20130812,20130813,20130815,20130818,20130821,20130822,20130823,20130824,20130825,20130826,20130829,20130831,20130901,20130902,20130903 
G.5.2_index_1_VS_G.3.2_index_2 [15] 
20130724,20130726,20130728,20130730,20130731,20130803,20130805,20130808,20130812,20130814,20130817,20130818,20130820,20130821,20130822,20130823,20130824,20130825,20130826,20130828,20130830,20130831,20130902 
Number is 46 
G.3.5_index_4_VS_G.3.6_index_4 [16] PLUS 1 
20130720,20130724,20130726,20130728,20130730,20130802,20130805,20130809,20130810,20130811,20130812,20130813,20130814,20130816,20130819,20130820,20130821,20130822,20130823,20130824,20130825,20130826,20130827,20130828,20130830,20130902,20130903 
Number is 47 
G.5.2_index_1_VS_G.1.1_index_2 [17] PLUS 1 
20130722,20130724,20130726,20130728,20130731,20130803,20130804,20130805,20130807,20130808,20130809,20130812,20130814,20130817,20130818,20130820,20130821,20130822,20130823,20130824,20130825,20130826,20130827 
Number is 49 
G.4.2_index_4_VS_G.7.4_index_1 [18] PLUS 1 
20130720,20130721,20130722,20130723,20130725,20130730,20130802,20130803,20130805,20130806,20130807,20130809,20130814,20130816,20130817,20130819,20130820,20130821,20130822,20130823,20130824,20130825,20130826,20130827,20130829,20130831,20130902 
Number is 64 
G.3.3_index_3_VS_G.5.2_index_1 [19] PLUS 1 
20130721,20130724,20130728,20130730,20130731,20130806,20130810,20130812,20130813,20130815,20130818,20130820,20130821,20130822,20130823,20130824,20130825,20130826,20130827,20130828,20130829,20130903 
G.3.3_index_3_VS_G.5.4_index_1 [20] PLUS 1 
20130721,20130728,20130729,20130802,20130807,20130812,20130813,20130814,20130815,20130817,20130819,20130820,20130821,20130822,20130823,20130824,20130825,20130826,20130827,20130828,20130830,20130901 
Number is 67 
G.3.3_index_5_VS_G.5.3_index_3 [21] PLUS 1 
20130729,20130802,20130804,20130810,20130811,20130813,20130814,20130818,20130821,20130822,20130823,20130824,20130825,20130826,20130827,20130903 
G.7.3_index_1_VS_G.2.2_index_3 [22] PLUS 1 
20130723,20130725,20130726,20130801,20130802,20130803,20130808,20130810,20130811,20130812,20130813,20130814,20130817,20130819,20130820,20130821,20130822,20130823,20130824,20130825,20130826,20130827,20130829,20130902,20130903 
Number is 71 
G.4.1_index_4_VS_G.2.1_index_2 [23] 
20130722,20130723,20130724,20130728,20130806,20130810,20130811,20130814,20130816,20130818,20130821,20130822,20130823,20130824,20130825,20130826,20130830,20130902,20130903 
G.4.1_index_4_VS_G.4.4_index_3 [24] 
20130721,20130723,20130724,20130726,20130728,20130729,20130731,20130809,20130811,20130812,20130814,20130816,20130818,20130821,20130822,20130823,20130824,20130825,20130826,20130828,20130829,20130902,20130903 
G.4.1_index_4_VS_G.3.2_index_3 [25] 
20130720,20130723,20130724,20130725,20130729,20130731,20130802,20130804,20130811,20130812,20130816,20130818,20130820,20130821,20130822,20130823,20130824,20130825,20130826,20130830,20130831,20130902 
Number is 73 
G.4.2_index_2_VS_G.3.3_index_2 [26] 
20130722,20130724,20130731,20130802,20130814,20130820,20130821,20130822,20130823,20130824,20130825,20130826,20130828,20130830,20130902,20130903 
Number is 74 
G.5.3_index_3_VS_G.6.3_index_3 [27] PLUS 1 
20130723,20130724,20130730,20130802,20130803,20130804,20130807,20130810,20130813,20130815,20130816,20130818,20130820,20130821,20130822,20130823,20130824,20130825,20130826,20130827,20130830,20130901,20130902 
G.4.1_index_4_VS_G.5.5_index_3 [28] PLUS 1 
20130721,20130722,20130726,20130729,20130801,20130808,20130810,20130814,20130818,20130820,20130821,20130822,20130823,20130824,20130825,20130826,20130827,20130902 
Number is 75 
G.4.1_index_4_VS_G.5.5_index_1 [29] 
20130721,20130722,20130725,20130726,20130801,20130804,20130810,20130811,20130815,20130816,20130820,20130821,20130822,20130823,20130824,20130825,20130826,20130829,20130830,20130831,20130902 
Number is 76 
G.4.1_index_4_VS_G.7.3_index_1 [30] PLUS 1 
20130721,20130725,20130728,20130731,20130804,20130805,20130807,20130810,20130813,20130815,20130816,20130818,20130819,20130821,20130822,20130823,20130824,20130825,20130826,20130827,20130901,20130902,20130903 
Number is 78 
G.1.1_index_4_VS_G.3.6_index_1 [31] 
20130722,20130727,20130728,20130729,20130730,20130731,20130801,20130803,20130806,20130807,20130809,20130810,20130813,20130816,20130817,20130821,20130822,20130823,20130824,20130825,20130826,20130828 
Number is 79 
G.4.1_index_4_VS_G.6.1_index_1 [32] 
20130722,20130723,20130724,20130726,20130729,20130802,20130804,20130810,20130811,20130813,20130814,20130815,20130816,20130818,20130820,20130821,20130822,20130823,20130824,20130825,20130826,20130828,20130829,20130831 
G.4.1_index_4_VS_G.5.3_index_4 [33] 
20130722,20130724,20130725,20130729,20130801,20130806,20130809,20130810,20130811,20130815,20130816,20130821,20130822,20130823,20130824,20130825,20130826,20130830,20130902 
Number is 87 
G.3.4_index_5_VS_G.2.2_index_3 [34] 
20130720,20130721,20130724,20130725,20130726,20130729,20130801,20130802,20130803,20130806,20130808,20130809,20130810,20130813,20130814,20130821,20130822,20130823,20130824,20130825,20130826,20130828,20130902,20130903 
G.3.6_index_1_VS_G.4.1_index_4 [35] 
20130722,20130723,20130729,20130730,20130731,20130806,20130810,20130812,20130813,20130816,20130819,20130821,20130822,20130823,20130824,20130825,20130826,20130828,20130831,20130902 
Number is 95 
G.4.1_index_2_VS_G.2.1_index_5 [36] 
20130720,20130721,20130722,20130724,20130725,20130730,20130802,20130803,20130804,20130807,20130809,20130810,20130811,20130813,20130815,20130821,20130822,20130823,20130824,20130825,20130826,20130828,20130829 
Number is 97 
G.7.3_index_2_VS_G.1.1_index_4 [37] 
20130720,20130725,20130726,20130727,20130728,20130731,20130801,20130803,20130808,20130809,20130810,20130813,20130816,20130817,20130819,20130821,20130822,20130823,20130824,20130825,20130826,20130830,20130831,20130901 
G.DB_index_2_VS_G.7.2_index_1 [38] 
20130722,20130724,20130730,20130801,20130809,20130812,20130813,20130814,20130816,20130821,20130822,20130823,20130824,20130825,20130826,20130903 
G.5.6_index_1_VS_G.1.1_index_4 [39] 
20130720,20130721,20130724,20130725,20130726,20130728,20130730,20130731,20130802,20130807,20130810,20130814,20130816,20130817,20130821,20130822,20130823,20130824,20130825,20130826,20130828,20130901,20130903 
