======== Current: 20130828 ========= 
Number is 02 
G.2.2_index_5_VS_G.5.5_index_2 [1] PLUS 1 
20130721,20130723,20130727,20130728,20130730,20130731,20130803,20130805,20130810,20130812,20130814,20130815,20130817,20130818,20130820,20130822,20130823,20130824,20130825,20130826,20130827,20130828,20130831,20130902,20130903 
Number is 03 
G.3.4_index_1_VS_G.3.3_index_3 [2] 
20130721,20130723,20130726,20130727,20130728,20130729,20130730,20130731,20130801,20130802,20130805,20130807,20130808,20130811,20130812,20130815,20130816,20130819,20130822,20130823,20130824,20130825,20130826,20130827,20130829,20130830,20130831,20130902,20130903 
G.2.2_index_5_VS_G.3.3_index_3 [3] 
20130721,20130722,20130723,20130724,20130727,20130728,20130803,20130804,20130806,20130808,20130812,20130813,20130815,20130817,20130820,20130821,20130822,20130823,20130824,20130825,20130826,20130827,20130829,20130830 
Number is 09 
G.4.4_index_1_VS_G.5.5_index_3 [4] PLUS 1 
20130720,20130721,20130722,20130727,20130728,20130729,20130806,20130809,20130812,20130813,20130817,20130819,20130820,20130822,20130823,20130824,20130825,20130826,20130827,20130828 
Number is 11 
G.3.3_index_5_VS_G.5.3_index_3 [5] 
20130729,20130802,20130804,20130810,20130811,20130813,20130814,20130818,20130821,20130822,20130823,20130824,20130825,20130826,20130827,20130903 
Number is 12 
G.5.3_index_3_VS_G.6.3_index_3 [6] 
20130723,20130724,20130730,20130802,20130803,20130804,20130807,20130810,20130813,20130815,20130816,20130818,20130820,20130821,20130822,20130823,20130824,20130825,20130826,20130827,20130830,20130901,20130902 
Number is 13 
G.7.3_index_2_VS_G.DB_index_2 [7] 
20130722,20130724,20130725,20130729,20130730,20130731,20130803,20130805,20130806,20130807,20130808,20130813,20130817,20130822,20130823,20130824,20130825,20130826,20130827,20130830,20130831,20130901,20130903 
Number is 21 
G.7.1_index_1_VS_G.5.3_index_3 [8] 
20130722,20130723,20130724,20130727,20130729,20130803,20130806,20130808,20130812,20130813,20130821,20130822,20130823,20130824,20130825,20130826,20130827 
Number is 24 
G.3.2_index_2_VS_G.5.2_index_3 [9] 
20130720,20130723,20130726,20130729,20130730,20130802,20130804,20130806,20130807,20130808,20130814,20130820,20130822,20130823,20130824,20130825,20130826,20130827,20130829,20130830,20130901,20130902 
Number is 28 
G.7.1_index_1_VS_G.6.2_index_2 [10] 
20130722,20130728,20130729,20130802,20130805,20130816,20130818,20130821,20130822,20130823,20130824,20130825,20130826,20130827,20130902 
G.6.3_index_3_VS_G.4.3_index_4 [11] 
20130720,20130725,20130729,20130803,20130806,20130807,20130808,20130811,20130812,20130816,20130817,20130822,20130823,20130824,20130825,20130826,20130827,20130829,20130901,20130903 
Number is 29 
G.5.6_index_3_VS_G.3.5_index_3 [12] PLUS 1 
20130722,20130726,20130727,20130802,20130803,20130804,20130805,20130807,20130808,20130809,20130810,20130812,20130813,20130819,20130822,20130823,20130824,20130825,20130826,20130827,20130828,20130831,20130903 
G.6.3_index_3_VS_G.5.5_index_3 [13] PLUS 1 
20130720,20130723,20130729,20130730,20130731,20130801,20130802,20130806,20130810,20130813,20130814,20130820,20130822,20130823,20130824,20130825,20130826,20130827,20130828,20130830,20130831,20130902,20130903 
Number is 32 
G.5.3_index_2_VS_G.6.3_index_3 [14] 
20130720,20130722,20130723,20130726,20130730,20130802,20130804,20130807,20130810,20130811,20130814,20130817,20130822,20130823,20130824,20130825,20130826,20130827,20130902,20130903 
G.3.1_index_5_VS_G.7.1_index_1 [15] 
20130721,20130724,20130730,20130802,20130805,20130809,20130811,20130812,20130813,20130818,20130819,20130822,20130823,20130824,20130825,20130826,20130827,20130829,20130830,20130831,20130901,20130902 
Number is 33 
G.3.3_index_3_VS_G.5.4_index_1 [16] PLUS 1 
20130721,20130728,20130729,20130802,20130807,20130812,20130813,20130814,20130815,20130817,20130819,20130820,20130821,20130822,20130823,20130824,20130825,20130826,20130827,20130828,20130830,20130901 
Number is 34 
G.3.3_index_3_VS_G.5.2_index_3 [17] PLUS 1 
20130720,20130722,20130723,20130729,20130730,20130731,20130802,20130803,20130804,20130807,20130812,20130813,20130814,20130816,20130819,20130822,20130823,20130824,20130825,20130826,20130827,20130828,20130830,20130901,20130902 
Number is 35 
G.DB_index_2_VS_G.5.6_index_1 [18] 
20130721,20130722,20130726,20130727,20130731,20130804,20130809,20130811,20130812,20130813,20130815,20130816,20130822,20130823,20130824,20130825,20130826,20130827,20130901,20130902 
Number is 36 
G.3.3_index_3_VS_G.5.2_index_1 [19] PLUS 1 
20130721,20130724,20130728,20130730,20130731,20130806,20130810,20130812,20130813,20130815,20130818,20130820,20130821,20130822,20130823,20130824,20130825,20130826,20130827,20130828,20130829,20130903 
G.7.4_index_2_VS_G.4.1_index_4 [20] PLUS 1 
20130726,20130802,20130803,20130809,20130810,20130813,20130815,20130816,20130820,20130821,20130822,20130823,20130824,20130825,20130826,20130827,20130828,20130829,20130830,20130902,20130903 
Number is 37 
G.5.2_index_2_VS_G.3.1_index_2 [21] 
20130722,20130723,20130725,20130726,20130729,20130730,20130802,20130804,20130806,20130807,20130811,20130813,20130815,20130822,20130823,20130824,20130825,20130826,20130827 
Number is 43 
G.1.1_index_4_VS_G.5.2_index_2 [22] PLUS 1 
20130721,20130722,20130723,20130725,20130726,20130728,20130729,20130730,20130731,20130801,20130802,20130803,20130807,20130810,20130817,20130822,20130823,20130824,20130825,20130826,20130827,20130828,20130903 
G.1.1_index_4_VS_G.5.4_index_1 [23] PLUS 1 
20130724,20130725,20130726,20130728,20130807,20130813,20130818,20130822,20130823,20130824,20130825,20130826,20130827,20130828,20130830,20130902 
Number is 48 
G.5.2_index_3_VS_G.4.2_index_3 [24] 
20130720,20130721,20130723,20130725,20130726,20130727,20130804,20130805,20130813,20130815,20130816,20130821,20130822,20130823,20130824,20130825,20130826,20130827,20130829 
Number is 54 
G.3.5_index_4_VS_G.3.6_index_4 [25] PLUS 1 
20130720,20130724,20130726,20130728,20130730,20130802,20130805,20130809,20130810,20130811,20130812,20130813,20130814,20130816,20130819,20130820,20130821,20130822,20130823,20130824,20130825,20130826,20130827,20130828,20130830,20130902,20130903 
Number is 55 
G.4.2_index_4_VS_G.7.4_index_1 [26] 
20130720,20130721,20130722,20130723,20130725,20130730,20130802,20130803,20130805,20130806,20130807,20130809,20130814,20130816,20130817,20130819,20130820,20130821,20130822,20130823,20130824,20130825,20130826,20130827,20130829,20130831,20130902 
Number is 56 
G.4.3_index_2_VS_G.5.2_index_1 [27] PLUS 1 
20130723,20130724,20130804,20130806,20130811,20130812,20130814,20130822,20130823,20130824,20130825,20130826,20130827,20130828,20130830,20130903 
Number is 66 
G.1.1_index_1_VS_G.5.2_index_1 [28] 
20130722,20130729,20130803,20130805,20130811,20130820,20130821,20130822,20130823,20130824,20130825,20130826,20130827,20130829,20130830 
Number is 67 
G.5.2_index_1_VS_G.1.1_index_2 [29] 
20130722,20130724,20130726,20130728,20130731,20130803,20130804,20130805,20130807,20130808,20130809,20130812,20130814,20130817,20130818,20130820,20130821,20130822,20130823,20130824,20130825,20130826,20130827 
Number is 68 
G.4.1_index_4_VS_G.7.3_index_1 [30] 
20130721,20130725,20130728,20130731,20130804,20130805,20130807,20130810,20130813,20130815,20130816,20130818,20130819,20130821,20130822,20130823,20130824,20130825,20130826,20130827,20130901,20130902,20130903 
Number is 69 
G.4.1_index_4_VS_G.5.5_index_3 [31] 
20130721,20130722,20130726,20130729,20130801,20130808,20130810,20130814,20130818,20130820,20130821,20130822,20130823,20130824,20130825,20130826,20130827,20130902 
Number is 71 
G.3.1_index_2_VS_G.4.3_index_1 [32] 
20130721,20130723,20130725,20130728,20130729,20130730,20130801,20130803,20130805,20130806,20130807,20130810,20130811,20130812,20130814,20130815,20130818,20130822,20130823,20130824,20130825,20130826,20130827,20130830 
Number is 73 
G.7.2_index_1_VS_G.3.3_index_3 [33] 
20130720,20130721,20130723,20130724,20130726,20130730,20130731,20130802,20130803,20130809,20130810,20130812,20130815,20130817,20130822,20130823,20130824,20130825,20130826,20130827,20130829,20130830,20130903 
Number is 83 
G.6.2_index_2_VS_G.7.4_index_2 [34] PLUS 1 
20130721,20130724,20130727,20130729,20130801,20130802,20130806,20130809,20130810,20130813,20130814,20130815,20130816,20130822,20130823,20130824,20130825,20130826,20130827,20130828,20130831,20130902 
Number is 85 
G.7.3_index_1_VS_G.2.2_index_3 [35] 
20130723,20130725,20130726,20130801,20130802,20130803,20130808,20130810,20130811,20130812,20130813,20130814,20130817,20130819,20130820,20130821,20130822,20130823,20130824,20130825,20130826,20130827,20130829,20130902,20130903 
