======== Current: 20120817 ========= 
Number is 05 
G.5.5_index_1_VS_G.3.5_index_2 [1] 
20120721,20120722,20120727,20120729,20120730,20120801,20120804,20120806,20120808,20120809,20120811,20120812,20120813,20120814,20120815,20120816,20120819,20120822,20120824,20120826,20120827,20120829,20120830,20120831,20120901 
Number is 08 
G.3.1_index_2_VS_G.4.3_index_1 [2] 
20120724,20120727,20120730,20120801,20120802,20120807,20120811,20120812,20120813,20120814,20120815,20120816,20120819,20120820,20120824,20120825,20120828,20120901 
Number is 09 
G.3.1_index_2_VS_G.7.3_index_2 [3] PLUS 1 
20120720,20120721,20120722,20120724,20120725,20120727,20120729,20120801,20120806,20120810,20120811,20120812,20120813,20120814,20120815,20120816,20120817,20120820,20120823,20120825,20120830 
Number is 16 
G.3.6_index_3_VS_G.3.4_index_3 [4] 
20120720,20120723,20120724,20120729,20120731,20120801,20120808,20120811,20120812,20120813,20120814,20120815,20120816,20120823,20120825,20120826,20120827,20120828,20120829,20120830 
Number is 33 
G.5.2_index_4_VS_G.7.3_index_1 [5] PLUS 1 
20120723,20120724,20120730,20120802,20120807,20120808,20120809,20120810,20120811,20120812,20120813,20120814,20120815,20120816,20120817,20120819,20120820,20120821,20120823,20120824,20120826,20120827,20120830 
Number is 38 
G.3.4_index_5_VS_G.2.2_index_3 [6] 
20120720,20120722,20120726,20120731,20120803,20120806,20120808,20120811,20120812,20120813,20120814,20120815,20120816,20120818,20120820,20120825,20120826,20120828,20120831,20120901 
Number is 53 
G.6.3_index_1_VS_G.6.2_index_3 [7] 
20120720,20120721,20120723,20120726,20120730,20120801,20120804,20120805,20120807,20120811,20120812,20120813,20120814,20120815,20120816,20120818,20120820,20120824,20120827,20120830,20120901 
Number is 60 
G.3.5_index_3_VS_G.4.4_index_2 [8] 
20120721,20120727,20120728,20120730,20120802,20120807,20120811,20120812,20120813,20120814,20120815,20120816,20120818,20120820,20120821,20120822,20120823,20120827,20120828,20120829,20120901 
Number is 62 
G.5.3_index_4_VS_G.3.6_index_2 [9] 
20120725,20120727,20120802,20120806,20120809,20120811,20120812,20120813,20120814,20120815,20120816,20120823,20120825,20120826,20120827,20120829 
Number is 66 
G.6.1_index_3_VS_G.4.4_index_3 [10] 
20120720,20120722,20120723,20120725,20120727,20120731,20120803,20120804,20120806,20120811,20120812,20120813,20120814,20120815,20120816,20120819,20120821,20120822,20120827,20120829,20120831,20120901 
Number is 70 
G.7.2_index_2_VS_G.7.4_index_1 [11] PLUS 1 
20120722,20120804,20120805,20120806,20120807,20120808,20120809,20120811,20120812,20120813,20120814,20120815,20120816,20120817,20120818,20120819,20120823,20120824,20120826,20120828,20120831 
Number is 91 
G.7.3_index_2_VS_G.5.5_index_3 [12] 
20120721,20120722,20120723,20120725,20120727,20120730,20120801,20120805,20120808,20120811,20120812,20120813,20120814,20120815,20120816,20120819,20120820,20120822,20120823,20120825,20120826,20120830,20120831,20120901 
Number is 93 
G.7.3_index_2_VS_G.3.3_index_2 [13] PLUS 1 
20120721,20120722,20120724,20120726,20120728,20120729,20120730,20120731,20120805,20120807,20120808,20120809,20120810,20120811,20120812,20120813,20120814,20120815,20120816,20120817,20120818,20120819,20120820,20120821,20120823,20120826 
