======== Current: 20120818 ========= 
Number is 10 
G.4.4_index_2_VS_G.3.5_index_5 [1] 
20120720,20120721,20120722,20120724,20120726,20120728,20120730,20120802,20120805,20120807,20120808,20120809,20120812,20120813,20120814,20120815,20120816,20120817,20120821,20120826,20120827,20120829,20120831,20120901 
Number is 24 
G.5.6_index_3_VS_G.2.2_index_4 [2] 
20120724,20120725,20120726,20120727,20120731,20120802,20120804,20120806,20120812,20120813,20120814,20120815,20120816,20120817,20120819,20120822,20120824,20120828,20120829,20120830,20120901 
Number is 27 
G.DB_index_2_VS_G.5.5_index_3 [3] PLUS 1 
20120720,20120721,20120722,20120730,20120801,20120802,20120806,20120810,20120812,20120813,20120814,20120815,20120816,20120817,20120818,20120819,20120820,20120821,20120826,20120827,20120828,20120830 
Number is 40 
G.4.1_index_3_VS_G.3.6_index_5 [4] PLUS 1 
20120721,20120724,20120725,20120730,20120803,20120812,20120813,20120814,20120815,20120816,20120817,20120818,20120825,20120829,20120831 
Number is 46 
G.5.3_index_2_VS_G.3.5_index_1 [5] 
20120720,20120723,20120727,20120728,20120729,20120803,20120804,20120812,20120813,20120814,20120815,20120816,20120817,20120821,20120823,20120829 
Number is 47 
G.DB_index_1_VS_G.6.1_index_2 [6] PLUS 1 
20120720,20120721,20120723,20120726,20120727,20120801,20120804,20120807,20120808,20120809,20120812,20120813,20120814,20120815,20120816,20120817,20120818,20120819,20120824 
Number is 49 
G.3.3_index_3_VS_G.7.3_index_2 [7] PLUS 1 
20120721,20120722,20120728,20120730,20120801,20120804,20120806,20120812,20120813,20120814,20120815,20120816,20120817,20120818,20120819,20120821,20120823,20120830,20120901 
Number is 50 
G.5.2_index_2_VS_G.3.5_index_5 [8] PLUS 1 
20120728,20120731,20120802,20120804,20120806,20120808,20120812,20120813,20120814,20120815,20120816,20120817,20120818,20120824,20120826,20120827 
Number is 65 
G.5.2_index_4_VS_G.7.3_index_1 [9] 
20120723,20120724,20120730,20120802,20120807,20120808,20120809,20120810,20120811,20120812,20120813,20120814,20120815,20120816,20120817,20120819,20120820,20120821,20120823,20120824,20120826,20120827,20120830 
Number is 79 
G.3.1_index_2_VS_G.7.3_index_2 [10] 
20120720,20120721,20120722,20120724,20120725,20120727,20120729,20120801,20120806,20120810,20120811,20120812,20120813,20120814,20120815,20120816,20120817,20120820,20120823,20120825,20120830 
Number is 93 
G.7.2_index_2_VS_G.7.4_index_1 [11] PLUS 1 
20120722,20120804,20120805,20120806,20120807,20120808,20120809,20120811,20120812,20120813,20120814,20120815,20120816,20120817,20120818,20120819,20120823,20120824,20120826,20120828,20120831 
Number is 96 
G.7.3_index_2_VS_G.3.3_index_2 [12] PLUS 1 
20120721,20120722,20120724,20120726,20120728,20120729,20120730,20120731,20120805,20120807,20120808,20120809,20120810,20120811,20120812,20120813,20120814,20120815,20120816,20120817,20120818,20120819,20120820,20120821,20120823,20120826 
Number is 97 
G.3.3_index_4_VS_G.2.2_index_2 [13] 
20120721,20120723,20120724,20120726,20120727,20120730,20120802,20120803,20120807,20120808,20120810,20120812,20120813,20120814,20120815,20120816,20120817,20120819,20120820,20120821,20120822,20120824,20120825,20120826,20120829,20120901 
Number is 99 
G.3.3_index_4_VS_G.7.3_index_2 [14] 
20120720,20120721,20120725,20120727,20120728,20120729,20120730,20120731,20120803,20120804,20120805,20120807,20120810,20120812,20120813,20120814,20120815,20120816,20120817,20120819,20120822,20120824,20120825,20120827,20120828,20120829 
