======== Current: 20120823 ========= 
Number is 14 
G.7.1_index_2_VS_G.7.3_index_2 [1] PLUS 1 
20120721,20120722,20120725,20120729,20120731,20120804,20120805,20120806,20120807,20120808,20120810,20120812,20120814,20120816,20120817,20120818,20120819,20120820,20120821,20120822,20120823,20120824,20120825,20120827,20120830 
Number is 22 
G.5.3_index_4_VS_G.6.3_index_1 [2] 
20120720,20120723,20120727,20120728,20120729,20120801,20120805,20120808,20120817,20120818,20120819,20120820,20120821,20120822 
Number is 25 
G.5.3_index_2_VS_G.DB_index_3 [3] PLUS 1 
20120720,20120721,20120723,20120729,20120801,20120802,20120804,20120805,20120807,20120808,20120810,20120814,20120817,20120818,20120819,20120820,20120821,20120822,20120823,20120824,20120825,20120826,20120828,20120829 
Number is 28 
G.5.2_index_4_VS_G.6.2_index_2 [4] 
20120720,20120721,20120723,20120728,20120729,20120805,20120806,20120809,20120810,20120814,20120817,20120818,20120819,20120820,20120821,20120822,20120827,20120830,20120831 
Number is 32 
G.4.4_index_4_VS_G.3.1_index_1 [5] PLUS 1 
20120721,20120726,20120727,20120728,20120730,20120801,20120804,20120805,20120806,20120808,20120810,20120815,20120817,20120818,20120819,20120820,20120821,20120822,20120823,20120824,20120829,20120831 
Number is 43 
G.7.3_index_2_VS_G.5.1_index_2 [6] 
20120722,20120725,20120727,20120728,20120730,20120803,20120807,20120812,20120817,20120818,20120819,20120820,20120821,20120822,20120827,20120830 
Number is 45 
G.5.4_index_1_VS_G.4.4_index_3 [7] 
20120720,20120721,20120723,20120724,20120725,20120729,20120731,20120804,20120806,20120807,20120808,20120809,20120813,20120814,20120817,20120818,20120819,20120820,20120821,20120822,20120831,20120901 
Number is 47 
G.1.1_index_2_VS_G.4.3_index_2 [8] PLUS 1 
20120722,20120725,20120729,20120731,20120803,20120805,20120806,20120807,20120809,20120810,20120813,20120814,20120817,20120818,20120819,20120820,20120821,20120822,20120823,20120824,20120828 
Number is 48 
G.5.2_index_2_VS_G.3.1_index_2 [9] PLUS 1 
20120722,20120725,20120728,20120730,20120801,20120804,20120805,20120810,20120812,20120815,20120817,20120818,20120819,20120820,20120821,20120822,20120823,20120824,20120825,20120827,20120828,20120830,20120901 
Number is 51 
G.4.4_index_3_VS_G.7.1_index_2 [10] PLUS 1 
20120720,20120722,20120723,20120724,20120729,20120730,20120731,20120807,20120808,20120810,20120814,20120817,20120818,20120819,20120820,20120821,20120822,20120823,20120825,20120826,20120827,20120831 
Number is 53 
G.DB_index_3_VS_G.2.2_index_4 [11] PLUS 1 
20120723,20120724,20120726,20120729,20120730,20120802,20120804,20120805,20120807,20120810,20120812,20120813,20120817,20120818,20120819,20120820,20120821,20120822,20120823,20120825,20120901 
Number is 77 
G.7.3_index_1_VS_G.5.1_index_4 [12] PLUS 1 
20120720,20120723,20120724,20120728,20120729,20120730,20120802,20120804,20120806,20120807,20120808,20120809,20120811,20120814,20120817,20120818,20120819,20120820,20120821,20120822,20120823,20120830,20120831,20120901 
Number is 80 
G.3.1_index_2_VS_G.5.4_index_4 [13] PLUS 1 
20120721,20120722,20120723,20120725,20120726,20120727,20120728,20120802,20120810,20120811,20120813,20120814,20120816,20120817,20120818,20120819,20120820,20120821,20120822,20120823,20120825,20120826,20120827,20120829 
Number is 82 
G.4.2_index_1_VS_G.3.6_index_5 [14] 
20120721,20120724,20120726,20120727,20120728,20120801,20120802,20120803,20120805,20120807,20120810,20120812,20120817,20120818,20120819,20120820,20120821,20120822,20120825,20120829,20120831,20120901 
Number is 85 
G.3.1_index_2_VS_G.DB_index_1 [15] 
20120722,20120727,20120731,20120801,20120803,20120809,20120816,20120817,20120818,20120819,20120820,20120821,20120822,20120825,20120828,20120830,20120831,20120901 
Number is 91 
G.3.3_index_5_VS_G.4.3_index_3 [16] 
20120720,20120722,20120723,20120725,20120726,20120728,20120801,20120807,20120810,20120811,20120812,20120813,20120817,20120818,20120819,20120820,20120821,20120822,20120824,20120825,20120826,20120827,20120828,20120829,20120901 
