======== Current: 20120825 ========= 
Number is 01 
G.5.2_index_2_VS_G.3.1_index_2 [1] PLUS 1 
20120722,20120725,20120728,20120730,20120801,20120804,20120805,20120810,20120812,20120815,20120817,20120818,20120819,20120820,20120821,20120822,20120823,20120824,20120825,20120827,20120828,20120830,20120901 
Number is 04 
G.3.2_index_5_VS_G.4.3_index_2 [2] 
20120720,20120722,20120723,20120724,20120726,20120728,20120729,20120730,20120805,20120806,20120807,20120809,20120810,20120813,20120815,20120819,20120820,20120821,20120822,20120823,20120824,20120829 
G.4.4_index_4_VS_G.3.1_index_1 [3] 
20120721,20120726,20120727,20120728,20120730,20120801,20120804,20120805,20120806,20120808,20120810,20120815,20120817,20120818,20120819,20120820,20120821,20120822,20120823,20120824,20120829,20120831 
Number is 08 
G.5.3_index_2_VS_G.DB_index_3 [4] PLUS 1 
20120720,20120721,20120723,20120729,20120801,20120802,20120804,20120805,20120807,20120808,20120810,20120814,20120817,20120818,20120819,20120820,20120821,20120822,20120823,20120824,20120825,20120826,20120828,20120829 
Number is 10 
G.2.2_index_4_VS_G.5.4_index_4 [5] PLUS 1 
20120725,20120726,20120727,20120731,20120801,20120802,20120805,20120807,20120810,20120811,20120816,20120818,20120819,20120820,20120821,20120822,20120823,20120824,20120825,20120826,20120827,20120829,20120830 
G.3.4_index_4_VS_G.3.2_index_5 [6] PLUS 1 
20120721,20120724,20120727,20120729,20120801,20120802,20120803,20120804,20120807,20120813,20120814,20120815,20120819,20120820,20120821,20120822,20120823,20120824,20120825,20120826,20120829,20120831 
Number is 14 
G.3.4_index_4_VS_G.5.1_index_3 [7] 
20120720,20120722,20120724,20120725,20120727,20120728,20120801,20120802,20120803,20120804,20120808,20120809,20120811,20120812,20120813,20120816,20120818,20120819,20120820,20120821,20120822,20120823,20120824,20120901 
Number is 33 
G.7.3_index_1_VS_G.5.4_index_1 [8] 
20120724,20120725,20120730,20120801,20120802,20120804,20120808,20120815,20120819,20120820,20120821,20120822,20120823,20120824,20120827,20120828,20120831 
Number is 36 
G.7.1_index_1_VS_G.2.2_index_3 [9] 
20120721,20120723,20120724,20120725,20120727,20120728,20120801,20120805,20120808,20120812,20120819,20120820,20120821,20120822,20120823,20120824,20120826,20120827,20120831 
Number is 40 
G.5.5_index_3_VS_G.1.1_index_4 [10] 
20120720,20120722,20120725,20120727,20120728,20120729,20120805,20120806,20120808,20120809,20120810,20120812,20120813,20120815,20120816,20120817,20120819,20120820,20120821,20120822,20120823,20120824,20120827,20120831 
G.3.1_index_4_VS_G.1.1_index_4 [11] 
20120720,20120722,20120723,20120724,20120725,20120729,20120730,20120803,20120806,20120809,20120814,20120815,20120819,20120820,20120821,20120822,20120823,20120824,20120827,20120828,20120831 
Number is 42 
G.3.1_index_4_VS_G.1.1_index_5 [12] 
20120721,20120722,20120723,20120724,20120727,20120729,20120731,20120801,20120802,20120803,20120806,20120807,20120809,20120811,20120815,20120816,20120818,20120819,20120820,20120821,20120822,20120823,20120824,20120831,20120901 
G.3.1_index_4_VS_G.DB_index_2 [13] 
20120720,20120721,20120722,20120723,20120725,20120728,20120801,20120802,20120805,20120806,20120807,20120808,20120811,20120813,20120815,20120818,20120819,20120820,20120821,20120822,20120823,20120824,20120826,20120827,20120830 
Number is 44 
G.3.4_index_2_VS_G.3.1_index_4 [14] 
20120721,20120723,20120726,20120727,20120730,20120731,20120801,20120802,20120803,20120806,20120807,20120809,20120810,20120814,20120815,20120816,20120817,20120819,20120820,20120821,20120822,20120823,20120824,20120827,20120829,20120830,20120831 
G.5.5_index_3_VS_G.3.4_index_2 [15] 
20120721,20120725,20120726,20120727,20120728,20120730,20120731,20120806,20120809,20120810,20120812,20120816,20120819,20120820,20120821,20120822,20120823,20120824,20120826,20120827,20120828,20120829,20120901 
Number is 45 
G.7.1_index_2_VS_G.7.3_index_2 [16] PLUS 1 
20120721,20120722,20120725,20120729,20120731,20120804,20120805,20120806,20120807,20120808,20120810,20120812,20120814,20120816,20120817,20120818,20120819,20120820,20120821,20120822,20120823,20120824,20120825,20120827,20120830 
Number is 49 
G.3.3_index_4_VS_G.7.4_index_2 [17] PLUS 1 
20120726,20120727,20120729,20120731,20120802,20120803,20120806,20120807,20120809,20120813,20120814,20120816,20120819,20120820,20120821,20120822,20120823,20120824,20120825,20120826,20120901 
Number is 56 
G.7.3_index_2_VS_G.3.6_index_3 [18] 
20120721,20120723,20120725,20120728,20120729,20120730,20120731,20120803,20120808,20120814,20120815,20120816,20120819,20120820,20120821,20120822,20120823,20120824,20120826,20120828,20120829,20120830,20120901 
Number is 65 
G.2.1_index_3_VS_G.7.3_index_2 [19] 
20120721,20120722,20120723,20120726,20120728,20120729,20120801,20120803,20120805,20120807,20120812,20120816,20120817,20120819,20120820,20120821,20120822,20120823,20120824,20120828,20120831,20120901 
Number is 74 
G.1.1_index_2_VS_G.4.3_index_2 [20] 
20120722,20120725,20120729,20120731,20120803,20120805,20120806,20120807,20120809,20120810,20120813,20120814,20120817,20120818,20120819,20120820,20120821,20120822,20120823,20120824,20120828 
Number is 77 
G.5.5_index_1_VS_G.3.1_index_3 [21] PLUS 1 
20120721,20120723,20120725,20120727,20120729,20120802,20120803,20120807,20120814,20120817,20120819,20120820,20120821,20120822,20120823,20120824,20120825,20120830,20120831,20120901 
Number is 84 
G.5.5_index_2_VS_G.3.1_index_4 [22] 
20120721,20120723,20120727,20120729,20120730,20120731,20120801,20120802,20120804,20120806,20120813,20120816,20120818,20120819,20120820,20120821,20120822,20120823,20120824,20120830,20120831,20120901 
Number is 90 
G.7.4_index_2_VS_G.3.2_index_5 [23] 
20120720,20120721,20120723,20120726,20120728,20120729,20120730,20120804,20120807,20120809,20120813,20120814,20120815,20120818,20120819,20120820,20120821,20120822,20120823,20120824,20120826,20120827,20120828,20120830 
Number is 92 
G.5.2_index_4_VS_G.6.2_index_1 [24] 
20120721,20120731,20120802,20120805,20120806,20120807,20120809,20120810,20120812,20120813,20120814,20120819,20120820,20120821,20120822,20120823,20120824,20120826,20120828,20120830,20120831 
Number is 93 
G.7.4_index_2_VS_G.7.3_index_1 [25] 
20120723,20120724,20120729,20120807,20120808,20120809,20120811,20120813,20120815,20120816,20120817,20120819,20120820,20120821,20120822,20120823,20120824,20120826,20120828,20120830,20120901 
Number is 98 
G.5.2_index_4_VS_G.5.5_index_2 [26] PLUS 1 
20120721,20120722,20120723,20120727,20120729,20120730,20120731,20120802,20120803,20120804,20120806,20120809,20120810,20120813,20120817,20120819,20120820,20120821,20120822,20120823,20120824,20120825,20120826,20120831 
Number is 99 
G.7.4_index_2_VS_G.5.6_index_2 [27] 
20120720,20120722,20120725,20120731,20120807,20120808,20120810,20120814,20120815,20120819,20120820,20120821,20120822,20120823,20120824,20120826,20120831 
