======== Current: 20120826 ========= 
Number is 02 
G.4.2_index_3_VS_G.3.4_index_1 [1] PLUS 1 
20120720,20120723,20120724,20120725,20120726,20120727,20120728,20120730,20120731,20120803,20120805,20120809,20120811,20120814,20120820,20120821,20120822,20120823,20120824,20120825,20120826,20120901 
Number is 05 
G.1.1_index_5_VS_G.7.1_index_1 [2] 
20120721,20120723,20120724,20120727,20120801,20120802,20120804,20120807,20120808,20120812,20120813,20120815,20120817,20120820,20120821,20120822,20120823,20120824,20120825,20120829,20120831 
Number is 09 
G.2.2_index_4_VS_G.5.4_index_4 [3] PLUS 1 
20120725,20120726,20120727,20120731,20120801,20120802,20120805,20120807,20120810,20120811,20120816,20120818,20120819,20120820,20120821,20120822,20120823,20120824,20120825,20120826,20120827,20120829,20120830 
Number is 13 
G.3.1_index_4_VS_G.3.6_index_1 [4] 
20120721,20120722,20120726,20120730,20120731,20120803,20120804,20120806,20120807,20120809,20120812,20120815,20120817,20120820,20120821,20120822,20120823,20120824,20120825,20120827,20120829,20120901 
Number is 14 
G.2.2_index_3_VS_G.4.1_index_3 [5] 
20120722,20120723,20120724,20120726,20120730,20120801,20120802,20120803,20120805,20120806,20120807,20120810,20120811,20120812,20120815,20120818,20120820,20120821,20120822,20120823,20120824,20120825,20120827,20120830 
Number is 15 
G.3.4_index_2_VS_G.3.6_index_3 [6] PLUS 1 
20120720,20120726,20120731,20120803,20120805,20120806,20120808,20120811,20120816,20120820,20120821,20120822,20120823,20120824,20120825,20120826 
G.3.4_index_4_VS_G.3.2_index_5 [7] PLUS 1 
20120721,20120724,20120727,20120729,20120801,20120802,20120803,20120804,20120807,20120813,20120814,20120815,20120819,20120820,20120821,20120822,20120823,20120824,20120825,20120826,20120829,20120831 
Number is 21 
G.3.4_index_5_VS_G.6.3_index_2 [8] PLUS 1 
20120721,20120726,20120727,20120728,20120801,20120806,20120811,20120812,20120813,20120816,20120818,20120820,20120821,20120822,20120823,20120824,20120825,20120826,20120827,20120831 
Number is 29 
G.3.3_index_4_VS_G.7.4_index_2 [9] PLUS 1 
20120726,20120727,20120729,20120731,20120802,20120803,20120806,20120807,20120809,20120813,20120814,20120816,20120819,20120820,20120821,20120822,20120823,20120824,20120825,20120826,20120901 
Number is 42 
G.5.2_index_2_VS_G.3.1_index_2 [10] 
20120722,20120725,20120728,20120730,20120801,20120804,20120805,20120810,20120812,20120815,20120817,20120818,20120819,20120820,20120821,20120822,20120823,20120824,20120825,20120827,20120828,20120830,20120901 
G.6.1_index_1_VS_G.5.6_index_1 [11] 
20120720,20120726,20120729,20120730,20120731,20120801,20120802,20120804,20120805,20120806,20120807,20120810,20120812,20120814,20120816,20120818,20120820,20120821,20120822,20120823,20120824,20120825,20120829 
Number is 44 
G.5.2_index_2_VS_G.4.1_index_3 [12] PLUS 1 
20120720,20120723,20120724,20120725,20120729,20120731,20120802,20120803,20120805,20120806,20120807,20120808,20120809,20120810,20120817,20120818,20120820,20120821,20120822,20120823,20120824,20120825,20120826,20120830,20120901 
Number is 51 
G.5.3_index_2_VS_G.DB_index_3 [13] PLUS 1 
20120720,20120721,20120723,20120729,20120801,20120802,20120804,20120805,20120807,20120808,20120810,20120814,20120817,20120818,20120819,20120820,20120821,20120822,20120823,20120824,20120825,20120826,20120828,20120829 
Number is 55 
G.5.3_index_2_VS_G.6.3_index_3 [14] PLUS 1 
20120722,20120724,20120730,20120801,20120802,20120803,20120804,20120808,20120810,20120811,20120815,20120817,20120818,20120820,20120821,20120822,20120823,20120824,20120825,20120826,20120829,20120830,20120901 
Number is 61 
G.7.2_index_1_VS_G.3.1_index_4 [15] 
20120721,20120722,20120731,20120801,20120802,20120803,20120804,20120805,20120807,20120816,20120820,20120821,20120822,20120823,20120824,20120825,20120828,20120830 
G.5.6_index_4_VS_G.3.4_index_4 [16] 
20120720,20120723,20120727,20120729,20120801,20120804,20120805,20120807,20120813,20120814,20120816,20120817,20120820,20120821,20120822,20120823,20120824,20120825,20120830,20120901 
Number is 67 
G.4.1_index_1_VS_G.5.5_index_1 [17] PLUS 1 
20120722,20120724,20120726,20120727,20120731,20120801,20120805,20120811,20120814,20120816,20120817,20120820,20120821,20120822,20120823,20120824,20120825,20120826,20120830,20120831 
Number is 70 
G.5.2_index_4_VS_G.5.5_index_2 [18] PLUS 1 
20120721,20120722,20120723,20120727,20120729,20120730,20120731,20120802,20120803,20120804,20120806,20120809,20120810,20120813,20120817,20120819,20120820,20120821,20120822,20120823,20120824,20120825,20120826,20120831 
Number is 71 
G.5.6_index_2_VS_G.5.1_index_3 [19] PLUS 1 
20120721,20120723,20120725,20120726,20120727,20120731,20120805,20120811,20120814,20120817,20120820,20120821,20120822,20120823,20120824,20120825,20120826,20120828,20120830,20120831,20120901 
Number is 72 
G.4.3_index_2_VS_G.1.1_index_3 [20] PLUS 1 
20120720,20120722,20120725,20120731,20120801,20120804,20120806,20120807,20120808,20120809,20120811,20120812,20120814,20120815,20120816,20120820,20120821,20120822,20120823,20120824,20120825,20120826,20120831 
Number is 75 
G.5.5_index_1_VS_G.3.1_index_3 [21] 
20120721,20120723,20120725,20120727,20120729,20120802,20120803,20120807,20120814,20120817,20120819,20120820,20120821,20120822,20120823,20120824,20120825,20120830,20120831,20120901 
Number is 84 
G.DB_index_5_VS_G.5.4_index_1 [22] 
20120722,20120725,20120731,20120801,20120802,20120803,20120804,20120809,20120810,20120814,20120815,20120816,20120818,20120820,20120821,20120822,20120823,20120824,20120825,20120827,20120830,20120831 
Number is 90 
G.7.4_index_2_VS_G.5.5_index_2 [23] PLUS 1 
20120721,20120722,20120727,20120729,20120801,20120803,20120807,20120809,20120813,20120814,20120817,20120820,20120821,20120822,20120823,20120824,20120825,20120826 
Number is 95 
G.2.1_index_1_VS_G.3.1_index_3 [24] PLUS 1 
20120720,20120721,20120724,20120726,20120727,20120728,20120729,20120730,20120731,20120801,20120805,20120807,20120811,20120814,20120820,20120821,20120822,20120823,20120824,20120825,20120826,20120830,20120831,20120901 
Number is 96 
G.7.1_index_2_VS_G.7.3_index_2 [25] 
20120721,20120722,20120725,20120729,20120731,20120804,20120805,20120806,20120807,20120808,20120810,20120812,20120814,20120816,20120817,20120818,20120819,20120820,20120821,20120822,20120823,20120824,20120825,20120827,20120830 
