======== Current: 20130114 ========= 
Number is 03 
G.7.3_index_1_VS_G.4.3_index_4 [1] PLUS 1 
20121223,20121224,20121225,20121227,20121229,20130102,20130103,20130104,20130108,20130109,20130110,20130111,20130112,20130113,20130114,20130115,20130116,20130117,20130118,20130127,20130129 
Number is 09 
G.6.3_index_3_VS_G.3.1_index_3 [2] 
20121224,20121225,20121227,20130101,20130102,20130104,20130105,20130106,20130107,20130108,20130109,20130110,20130111,20130112,20130113,20130117,20130121,20130122,20130124,20130125,20130129,20130130,20130131 
G.4.3_index_2_VS_G.5.3_index_1 [3] 
20121222,20121225,20121229,20130101,20130102,20130104,20130106,20130107,20130108,20130109,20130110,20130111,20130112,20130113,20130116,20130121,20130124,20130126,20130131,20130201 
Number is 10 
G.5.5_index_4_VS_G.3.1_index_2 [4] 
20121220,20121221,20121222,20121224,20121227,20121228,20121229,20121231,20130106,20130107,20130108,20130109,20130110,20130111,20130112,20130113,20130121,20130125,20130127 
Number is 23 
G.DB_index_4_VS_G.4.1_index_3 [5] 
20121220,20121222,20121223,20121226,20121229,20121231,20130102,20130104,20130105,20130108,20130109,20130110,20130111,20130112,20130113,20130117,20130118,20130120,20130121,20130130,20130131 
Number is 36 
G.5.6_index_2_VS_G.5.6_index_3 [6] PLUS 1 
20121221,20121222,20121223,20121224,20121228,20121229,20121230,20130101,20130103,20130105,20130108,20130109,20130110,20130111,20130112,20130113,20130114,20130115,20130116,20130117,20130118,20130119,20130121,20130123,20130125 
Number is 37 
G.5.4_index_2_VS_G.2.1_index_5 [7] PLUS 1 
20121220,20121222,20121225,20121226,20130104,20130106,20130108,20130109,20130110,20130111,20130112,20130113,20130114,20130119,20130120,20130124,20130129,20130130,20130131 
G.3.6_index_2_VS_G.4.3_index_1 [8] PLUS 1 
20121221,20121222,20121227,20121231,20130103,20130104,20130106,20130107,20130108,20130109,20130110,20130111,20130112,20130113,20130114,20130115,20130116,20130117,20130118,20130119,20130121,20130122,20130125,20130126,20130128,20130129,20130130,20130131 
Number is 39 
G.3.2_index_2_VS_G.6.1_index_2 [9] 
20121221,20121224,20121225,20121230,20121231,20130102,20130108,20130109,20130110,20130111,20130112,20130113,20130116,20130117,20130119,20130126,20130128,20130129,20130130 
Number is 41 
G.3.3_index_5_VS_G.3.3_index_2 [10] PLUS 1 
20121223,20121224,20121225,20121228,20121229,20130101,20130105,20130108,20130109,20130110,20130111,20130112,20130113,20130114,20130115,20130116,20130120,20130121,20130122,20130129,20130201 
Number is 42 
G.7.1_index_1_VS_G.DB_index_4 [11] 
20121223,20121224,20121229,20130101,20130103,20130108,20130109,20130110,20130111,20130112,20130113,20130122,20130123,20130125,20130127,20130128,20130129,20130130 
Number is 49 
G.7.1_index_1_VS_G.6.1_index_2 [12] 
20121221,20121222,20121223,20121226,20121227,20121228,20121230,20130102,20130105,20130106,20130107,20130108,20130109,20130110,20130111,20130112,20130113,20130115,20130116,20130119,20130124,20130127,20130128,20130129,20130130 
G.3.6_index_4_VS_G.5.3_index_1 [13] 
20121228,20130105,20130106,20130108,20130109,20130110,20130111,20130112,20130113,20130119,20130129,20130130,20130131,20130201 
Number is 60 
G.5.6_index_3_VS_G.4.3_index_2 [14] PLUS 1 
20121221,20121222,20121224,20121225,20121226,20121227,20121229,20121230,20121231,20130102,20130107,20130108,20130109,20130110,20130111,20130112,20130113,20130114,20130115,20130116,20130118,20130121,20130122,20130125,20130126,20130130 
Number is 64 
G.2.2_index_1_VS_G.3.3_index_5 [15] 
20121223,20121227,20121229,20130102,20130103,20130104,20130106,20130108,20130109,20130110,20130111,20130112,20130113,20130116,20130117,20130123,20130126,20130128,20130131 
Number is 71 
G.2.1_index_5_VS_G.3.6_index_3 [16] PLUS 1 
20121220,20121221,20121222,20121223,20121225,20121226,20121231,20130103,20130108,20130109,20130110,20130111,20130112,20130113,20130114,20130115,20130116,20130119,20130121,20130122,20130125,20130128,20130131 
Number is 76 
G.4.4_index_3_VS_G.DB_index_3 [17] 
20121221,20121224,20121227,20130101,20130102,20130104,20130105,20130108,20130109,20130110,20130111,20130112,20130113,20130116,20130119,20130121,20130124,20130126,20130129,20130131 
Number is 78 
G.4.3_index_1_VS_G.3.1_index_1 [18] PLUS 1 
20121220,20121222,20121223,20121224,20121226,20121230,20130102,20130104,20130105,20130108,20130109,20130110,20130111,20130112,20130113,20130114,20130117,20130122,20130126,20130127,20130129,20130130 
Number is 79 
G.5.4_index_4_VS_G.3.1_index_3 [19] 
20121220,20121221,20121226,20121230,20121231,20130104,20130105,20130106,20130108,20130109,20130110,20130111,20130112,20130113,20130116,20130118,20130121,20130122,20130124,20130129 
Number is 80 
G.2.1_index_1_VS_G.3.1_index_2 [20] 
20121220,20121221,20121223,20121224,20121231,20130104,20130105,20130106,20130108,20130109,20130110,20130111,20130112,20130113,20130116,20130117,20130118,20130119,20130120,20130123,20130127,20130129,20130131,20130201 
Number is 91 
G.5.3_index_1_VS_G.3.4_index_4 [21] PLUS 1 
20121220,20121221,20121228,20121229,20130101,20130106,20130108,20130109,20130110,20130111,20130112,20130113,20130114,20130118,20130119,20130122,20130124,20130130,20130131,20130201 
