======== Current: 20130119 ========= 
Number is 06 
G.3.1_index_4_VS_G.5.4_index_3 [1] 
20121223,20121227,20121231,20130104,20130110,20130111,20130112,20130113,20130114,20130115,20130116,20130117,20130118,20130120,20130123,20130125,20130126,20130130 
Number is 10 
G.3.5_index_5_VS_G.1.1_index_2 [2] 
20121220,20121223,20121225,20121229,20121230,20130103,20130112,20130113,20130114,20130115,20130116,20130117,20130118,20130123,20130124,20130125,20130126,20130128,20130129,20130131,20130201 
Number is 23 
G.4.1_index_4_VS_G.3.6_index_5 [3] PLUS 1 
20121221,20121222,20121224,20130102,20130105,20130107,20130108,20130109,20130112,20130113,20130114,20130115,20130116,20130117,20130118,20130119,20130121,20130123,20130124,20130130,20130131 
Number is 27 
G.3.5_index_3_VS_G.4.3_index_1 [4] 
20121220,20121221,20121223,20121224,20121226,20121227,20121230,20130102,20130111,20130113,20130114,20130115,20130116,20130117,20130118,20130120,20130121,20130129,20130130,20130131,20130201 
G.3.4_index_2_VS_G.4.3_index_1 [5] 
20121220,20121221,20121223,20121227,20121230,20130101,20130105,20130108,20130113,20130114,20130115,20130116,20130117,20130118,20130128,20130201 
Number is 31 
G.5.3_index_3_VS_G.2.1_index_1 [6] PLUS 1 
20121221,20121223,20121224,20121225,20121231,20130102,20130104,20130105,20130107,20130108,20130109,20130110,20130113,20130114,20130115,20130116,20130117,20130118,20130119,20130123,20130126,20130127,20130128 
Number is 40 
G.6.1_index_2_VS_G.3.4_index_5 [7] 
20121221,20121225,20121226,20121228,20121229,20130101,20130103,20130106,20130107,20130109,20130110,20130113,20130114,20130115,20130116,20130117,20130118,20130120,20130124,20130126,20130129,20130130,20130201 
Number is 47 
G.3.6_index_2_VS_G.4.3_index_1 [8] PLUS 1 
20121221,20121222,20121227,20121231,20130103,20130104,20130106,20130107,20130108,20130109,20130110,20130111,20130112,20130113,20130114,20130115,20130116,20130117,20130118,20130119,20130121,20130122,20130125,20130126,20130128,20130129,20130130,20130131 
Number is 52 
G.7.3_index_1_VS_G.4.3_index_4 [9] 
20121223,20121224,20121225,20121227,20121229,20130102,20130103,20130104,20130108,20130109,20130110,20130111,20130112,20130113,20130114,20130115,20130116,20130117,20130118,20130127,20130129 
Number is 61 
G.5.4_index_3_VS_G.6.1_index_1 [10] PLUS 1 
20121223,20121226,20121230,20121231,20130104,20130106,20130108,20130110,20130112,20130113,20130114,20130115,20130116,20130117,20130118,20130119,20130120,20130121,20130122,20130131 
Number is 64 
G.5.4_index_3_VS_G.4.1_index_2 [11] 
20121222,20121224,20121227,20121228,20121231,20130101,20130102,20130104,20130107,20130109,20130110,20130111,20130112,20130113,20130114,20130115,20130116,20130117,20130118,20130120,20130122,20130126,20130129 
Number is 68 
G.5.6_index_2_VS_G.5.6_index_3 [12] PLUS 1 
20121221,20121222,20121223,20121224,20121228,20121229,20121230,20130101,20130103,20130105,20130108,20130109,20130110,20130111,20130112,20130113,20130114,20130115,20130116,20130117,20130118,20130119,20130121,20130123,20130125 
Number is 69 
G.5.4_index_3_VS_G.5.4_index_4 [13] PLUS 1 
20121221,20121223,20121225,20121226,20121231,20130103,20130107,20130111,20130113,20130114,20130115,20130116,20130117,20130118,20130119,20130121,20130124,20130126,20130129,20130131,20130201 
G.3.1_index_5_VS_G.4.1_index_3 [14] PLUS 1 
20121222,20121225,20121227,20121228,20121230,20130103,20130108,20130112,20130113,20130114,20130115,20130116,20130117,20130118,20130119,20130123,20130124,20130201 
Number is 80 
G.5.2_index_2_VS_G.3.4_index_5 [15] 
20121225,20121226,20121227,20121228,20121230,20121231,20130102,20130104,20130106,20130110,20130111,20130113,20130114,20130115,20130116,20130117,20130118,20130120,20130123,20130125 
Number is 95 
G.5.3_index_2_VS_G.5.2_index_1 [16] PLUS 1 
20121220,20121221,20121223,20121225,20121226,20121227,20121228,20121229,20121230,20121231,20130102,20130103,20130104,20130106,20130107,20130109,20130110,20130113,20130114,20130115,20130116,20130117,20130118,20130119,20130123,20130124,20130125,20130127,20130128,20130130,20130201 
G.7.1_index_1_VS_G.DB_index_2 [17] PLUS 1 
20121221,20121222,20121224,20121225,20121231,20130104,20130106,20130107,20130110,20130113,20130114,20130115,20130116,20130117,20130118,20130119,20130121,20130122,20130123,20130124,20130125,20130128,20130129,20130130,20130201 
