======== Current: 20130124 ========= 
Number is 03 
G.7.1_index_1_VS_G.DB_index_3 [1] 
20121223,20121224,20121226,20121227,20130102,20130103,20130105,20130106,20130110,20130118,20130119,20130120,20130121,20130122,20130123,20130125,20130129,20130130,20130131 
Number is 04 
G.4.3_index_4_VS_G.7.1_index_2 [2] 
20121221,20121222,20121228,20121230,20130101,20130104,20130107,20130108,20130111,20130112,20130113,20130117,20130118,20130119,20130120,20130121,20130122,20130123,20130125,20130126,20130127,20130130 
Number is 07 
G.7.1_index_1_VS_G.5.2_index_3 [3] 
20121220,20121221,20121222,20121224,20121226,20121227,20121231,20130101,20130102,20130104,20130105,20130106,20130107,20130110,20130113,20130117,20130118,20130119,20130120,20130121,20130122,20130123,20130128,20130129,20130130 
Number is 10 
G.2.1_index_3_VS_G.4.3_index_4 [4] 
20121221,20121222,20121225,20121228,20130104,20130108,20130112,20130114,20130117,20130118,20130119,20130120,20130121,20130122,20130123,20130129,20130130 
Number is 11 
G.5.2_index_2_VS_G.5.4_index_3 [5] 
20121220,20121222,20121223,20121225,20121228,20121229,20121231,20130101,20130102,20130103,20130104,20130110,20130112,20130113,20130117,20130118,20130119,20130120,20130121,20130122,20130123,20130127,20130129 
Number is 14 
G.2.1_index_3_VS_G.5.5_index_3 [6] 
20121221,20121222,20121223,20121224,20121225,20121226,20121228,20121231,20130101,20130102,20130111,20130114,20130116,20130118,20130119,20130120,20130121,20130122,20130123,20130125,20130127,20130129,20130130,20130131,20130201 
G.3.4_index_3_VS_G.7.1_index_2 [7] 
20121224,20121226,20121228,20121229,20121230,20130103,20130106,20130107,20130110,20130114,20130117,20130118,20130119,20130120,20130121,20130122,20130123,20130126,20130128 
Number is 15 
G.3.1_index_3_VS_G.3.3_index_2 [8] PLUS 1 
20121220,20121224,20121226,20121229,20130101,20130104,20130107,20130108,20130109,20130111,20130113,20130114,20130116,20130117,20130118,20130119,20130120,20130121,20130122,20130123,20130124,20130126,20130127,20130130,20130131 
G.2.1_index_3_VS_G.3.3_index_2 [9] PLUS 1 
20121220,20121222,20121224,20121225,20121228,20121229,20130108,20130112,20130113,20130114,20130115,20130118,20130119,20130120,20130121,20130122,20130123,20130124,20130128,20130129,20130130,20130131,20130201 
Number is 16 
G.7.2_index_1_VS_G.4.1_index_3 [10] 
20121220,20121223,20121224,20121225,20121228,20121229,20121230,20121231,20130101,20130104,20130106,20130107,20130109,20130111,20130112,20130113,20130116,20130118,20130119,20130120,20130121,20130122,20130123,20130125,20130128,20130129,20130201 
Number is 22 
G.3.3_index_3_VS_G.5.4_index_4 [11] 
20121220,20121221,20121224,20121225,20121229,20121230,20130106,20130107,20130111,20130112,20130113,20130116,20130118,20130119,20130120,20130121,20130122,20130123,20130125,20130128,20130129,20130130,20130131 
Number is 27 
G.5.2_index_1_VS_G.2.2_index_5 [12] PLUS 1 
20121221,20121222,20121223,20121224,20121226,20121230,20121231,20130105,20130106,20130107,20130108,20130109,20130112,20130116,20130118,20130119,20130120,20130121,20130122,20130123,20130124,20130127,20130129 
Number is 28 
G.3.3_index_3_VS_G.DB_index_4 [13] 
20121222,20121224,20121226,20121227,20121228,20121231,20130101,20130104,20130105,20130106,20130108,20130110,20130111,20130112,20130113,20130115,20130118,20130119,20130120,20130121,20130122,20130123,20130126,20130127,20130130,20130131 
Number is 30 
G.3.2_index_5_VS_G.6.1_index_1 [14] 
20121221,20121224,20121226,20121227,20121228,20121229,20121230,20130101,20130104,20130106,20130108,20130110,20130111,20130114,20130116,20130117,20130118,20130119,20130120,20130121,20130122,20130123,20130125,20130127,20130128,20130130,20130131 
Number is 31 
G.3.5_index_1_VS_G.2.1_index_3 [15] PLUS 1 
20121222,20121223,20121224,20121228,20121230,20130102,20130111,20130118,20130119,20130120,20130121,20130122,20130123,20130124,20130126,20130127,20130128,20130130 
G.3.1_index_1_VS_G.5.4_index_3 [16] PLUS 1 
20121220,20121221,20121223,20121224,20121226,20121227,20121229,20121230,20121231,20130102,20130105,20130108,20130110,20130116,20130117,20130118,20130119,20130120,20130121,20130122,20130123,20130124,20130128,20130129,20130130 
Number is 40 
G.5.3_index_4_VS_G.DB_index_5 [17] 
20121222,20121224,20121225,20121230,20121231,20130101,20130104,20130105,20130106,20130109,20130110,20130111,20130115,20130116,20130118,20130119,20130120,20130121,20130122,20130123,20130129,20130201 
Number is 43 
G.2.1_index_4_VS_G.4.2_index_1 [18] 
20121221,20121222,20121223,20121226,20121227,20121228,20121229,20121231,20130105,20130106,20130107,20130109,20130110,20130114,20130116,20130117,20130118,20130119,20130120,20130121,20130122,20130123,20130125,20130127,20130130,20130201 
G.5.3_index_4_VS_G.5.4_index_1 [19] 
20121225,20121229,20121230,20121231,20130104,20130106,20130108,20130113,20130115,20130116,20130118,20130119,20130120,20130121,20130122,20130123,20130130 
Number is 44 
G.3.3_index_5_VS_G.5.3_index_4 [20] 
20121220,20121228,20121229,20121230,20121231,20130101,20130103,20130104,20130111,20130113,20130115,20130116,20130118,20130119,20130120,20130121,20130122,20130123,20130125,20130129,20130130 
Number is 46 
G.2.1_index_4_VS_G.4.1_index_3 [21] PLUS 1 
20121222,20121227,20121230,20121231,20130102,20130104,20130108,20130109,20130110,20130112,20130114,20130117,20130118,20130119,20130120,20130121,20130122,20130123,20130124,20130125,20130130,20130201 
Number is 47 
G.5.3_index_4_VS_G.4.1_index_2 [22] PLUS 1 
20121220,20121222,20121223,20121224,20121225,20121228,20121229,20130102,20130104,20130110,20130111,20130113,20130118,20130119,20130120,20130121,20130122,20130123,20130124,20130131,20130201 
Number is 51 
G.3.1_index_5_VS_G.2.1_index_1 [23] PLUS 1 
20121227,20121231,20130103,20130107,20130108,20130109,20130113,20130117,20130118,20130119,20130120,20130121,20130122,20130123,20130124,20130127,20130131,20130201 
Number is 54 
G.3.1_index_5_VS_G.3.1_index_2 [24] 
20121224,20121225,20121227,20121229,20130106,20130107,20130109,20130110,20130113,20130118,20130119,20130120,20130121,20130122,20130123,20130126,20130129,20130201 
Number is 60 
G.7.2_index_2_VS_G.7.1_index_1 [25] PLUS 1 
20121222,20121224,20121226,20121227,20130103,20130104,20130107,20130110,20130113,20130117,20130118,20130119,20130120,20130121,20130122,20130123,20130124,20130130,20130131 
Number is 64 
G.5.2_index_4_VS_G.7.1_index_2 [26] PLUS 1 
20121220,20121222,20121223,20121225,20121230,20130103,20130106,20130107,20130110,20130112,20130114,20130117,20130118,20130119,20130120,20130121,20130122,20130123,20130124,20130126,20130127,20130129,20130130,20130131,20130201 
Number is 67 
G.3.6_index_5_VS_G.3.4_index_4 [27] 
20121221,20121223,20121229,20121230,20130101,20130103,20130104,20130107,20130108,20130109,20130114,20130117,20130118,20130119,20130120,20130121,20130122,20130123,20130126,20130127,20130130,20130131,20130201 
Number is 72 
G.6.2_index_2_VS_G.5.2_index_1 [28] PLUS 1 
20121223,20121224,20121229,20130102,20130104,20130110,20130114,20130115,20130118,20130119,20130120,20130121,20130122,20130123,20130124,20130125,20130130,20130131 
Number is 73 
G.3.2_index_4_VS_G.3.2_index_1 [29] 
20121221,20121223,20121230,20130102,20130103,20130110,20130113,20130114,20130117,20130118,20130119,20130120,20130121,20130122,20130123,20130127,20130128 
G.5.4_index_2_VS_G.DB_index_3 [30] 
20121220,20121226,20121230,20130101,20130103,20130104,20130106,20130108,20130111,20130114,20130116,20130118,20130119,20130120,20130121,20130122,20130123,20130125,20130129 
Number is 84 
G.3.2_index_2_VS_G.5.3_index_4 [31] 
20121230,20121231,20130105,20130110,20130111,20130112,20130118,20130119,20130120,20130121,20130122,20130123,20130128 
Number is 90 
G.7.4_index_1_VS_G.4.1_index_4 [32] 
20121220,20121221,20121222,20121223,20121230,20121231,20130101,20130104,20130106,20130109,20130110,20130113,20130115,20130116,20130118,20130119,20130120,20130121,20130122,20130123,20130129,20130130,20130131,20130201 
G.7.4_index_1_VS_G.4.3_index_4 [33] 
20121220,20121221,20121225,20121227,20130101,20130102,20130106,20130109,20130110,20130113,20130116,20130118,20130119,20130120,20130121,20130122,20130123,20130126,20130127,20130129,20130201 
Number is 93 
G.2.1_index_2_VS_G.2.2_index_3 [34] 
20121225,20121226,20121227,20121228,20130101,20130102,20130103,20130104,20130108,20130109,20130110,20130111,20130118,20130119,20130120,20130121,20130122,20130123,20130125,20130128,20130129,20130131,20130201 
Number is 98 
G.2.1_index_2_VS_G.DB_index_4 [35] 
20121220,20121222,20121224,20121227,20121228,20121229,20121231,20130101,20130104,20130106,20130107,20130108,20130111,20130113,20130115,20130118,20130119,20130120,20130121,20130122,20130123 
