======== Current: 20160103 ========= 
Number is 17 
G.2.1_index_2_VS_G.6.2_index_1 [1] 
20151220,20151224,20151225,20151226,20151228,20151229,20151230,20151231,20160101,20160102,20160106,20160109,20160115,20160121,20160122,20160125,20160126,20160129 
Number is 36 
G.5.4_index_1_VS_G.5.3_index_1 [2] PLUS 1 
20151222,20151225,20151228,20151229,20151230,20151231,20160101,20160102,20160103,20160106,20160107,20160109,20160110,20160112,20160114,20160116,20160120,20160122,20160123,20160124,20160126,20160127,20160130,20160202 
Number is 55 
G.5.3_index_4_VS_G.6.1_index_1 [3] 
20151220,20151221,20151225,20151226,20151228,20151229,20151230,20151231,20160101,20160102,20160104,20160112,20160116,20160117,20160121,20160122,20160202 
Number is 61 
G.2.2_index_1_VS_G.2.2_index_2 [4] PLUS 1 
20151220,20151221,20151223,20151224,20151227,20151228,20151229,20151230,20151231,20160101,20160102,20160103,20160104,20160105,20160106,20160110,20160111,20160113,20160116,20160118,20160119,20160122,20160123,20160125,20160126,20160127,20160128,20160129 
Number is 68 
G.4.2_index_1_VS_G.3.2_index_2 [5] 
20151220,20151221,20151222,20151223,20151225,20151226,20151228,20151229,20151230,20151231,20160101,20160102,20160104,20160105,20160107,20160108,20160109,20160116,20160119,20160121 
Number is 70 
G.3.5_index_3_VS_G.2.2_index_5 [6] 
20151220,20151221,20151222,20151225,20151228,20151229,20151230,20151231,20160101,20160102,20160110,20160112,20160114,20160115,20160117,20160121,20160122,20160125,20160126,20160127,20160128,20160202 
Number is 73 
G.5.4_index_3_VS_G.1.1_index_3 [7] 
20151219,20151220,20151221,20151223,20151228,20151229,20151230,20151231,20160101,20160102,20160110,20160111,20160112,20160114,20160116,20160117,20160119,20160120,20160122,20160123,20160125,20160130,20160201,20160202 
G.2.1_index_5_VS_G.1.1_index_3 [8] 
20151219,20151220,20151223,20151224,20151225,20151226,20151228,20151229,20151230,20151231,20160101,20160102,20160106,20160107,20160110,20160115,20160116,20160118,20160119,20160120,20160123,20160126,20160131,20160201,20160202 
Number is 76 
G.3.5_index_3_VS_G.3.3_index_4 [9] PLUS 1 
20151219,20151223,20151224,20151225,20151228,20151229,20151230,20151231,20160101,20160102,20160103,20160104,20160108,20160110,20160112,20160113,20160114,20160115,20160120,20160121,20160123,20160125,20160127,20160130,20160201,20160202 
G.5.1_index_1_VS_G.2.2_index_1 [10] PLUS 1 
20151222,20151225,20151228,20151229,20151230,20151231,20160101,20160102,20160103,20160107,20160109,20160110,20160111,20160113,20160118,20160119,20160123,20160127,20160128,20160201 
Number is 83 
G.3.2_index_2_VS_G.1.1_index_3 [11] 
20151219,20151220,20151224,20151225,20151227,20151228,20151229,20151230,20151231,20160101,20160102,20160105,20160107,20160108,20160111,20160112,20160116,20160118,20160119,20160121,20160128,20160129,20160130 
Number is 94 
G.3.3_index_2_VS_G.6.1_index_3 [12] 
20151220,20151228,20151229,20151230,20151231,20160101,20160102,20160104,20160108,20160111,20160112,20160114,20160115,20160117,20160120,20160121,20160122,20160123,20160126,20160201 
