======== Current: 20160110 ========= 
Number is 00 
G.3.1_index_3_VS_G.5.3_index_3 [1] 
20151219,20151222,20151223,20151227,20160104,20160105,20160106,20160107,20160108,20160109,20160111,20160112,20160115,20160120,20160122,20160125,20160127,20160130,20160131 
Number is 06 
G.3.1_index_3_VS_G.3.6_index_1 [2] 
20151229,20151230,20160103,20160104,20160105,20160106,20160107,20160108,20160109,20160113,20160115,20160116,20160117,20160118,20160119,20160120,20160125,20160129,20160131,20160201 
Number is 08 
G.3.1_index_3_VS_G.3.1_index_4 [3] 
20151221,20151222,20151223,20151224,20151226,20151227,20151231,20160102,20160104,20160105,20160106,20160107,20160108,20160109,20160115,20160118,20160119,20160120,20160122,20160124,20160131 
Number is 11 
G.2.2_index_3_VS_G.5.2_index_1 [4] 
20151222,20151225,20151226,20151229,20151230,20160104,20160105,20160106,20160107,20160108,20160109,20160112,20160116,20160117,20160118,20160122,20160126,20160129,20160130,20160131,20160202 
G.5.2_index_1_VS_G.4.4_index_1 [5] 
20151224,20151226,20160101,20160104,20160105,20160106,20160107,20160108,20160109,20160111,20160113,20160118,20160121,20160122,20160131 
Number is 12 
G.5.2_index_1_VS_G.5.4_index_4 [6] 
20160101,20160103,20160104,20160105,20160106,20160107,20160108,20160109,20160114,20160115,20160118,20160124,20160127,20160128,20160201,20160202 
Number is 14 
G.2.2_index_1_VS_G.6.3_index_1 [7] PLUS 1 
20151219,20151220,20151221,20151224,20151225,20151226,20151229,20160103,20160104,20160105,20160106,20160107,20160108,20160109,20160110,20160111,20160113,20160114,20160116,20160118,20160122,20160125,20160128,20160129,20160131,20160202 
Number is 16 
G.5.5_index_2_VS_G.3.3_index_1 [8] 
20151221,20151223,20151224,20151225,20151226,20151227,20151230,20151231,20160104,20160105,20160106,20160107,20160108,20160109,20160113,20160116,20160118,20160120,20160121,20160124,20160125,20160128,20160129,20160201 
Number is 40 
G.5.6_index_1_VS_G.3.1_index_3 [9] PLUS 1 
20151221,20151223,20160104,20160105,20160106,20160107,20160108,20160109,20160110,20160112,20160114,20160115,20160118,20160123,20160130,20160131,20160202 
Number is 57 
G.3.1_index_2_VS_G.3.3_index_4 [10] 
20151219,20151220,20151223,20151227,20151230,20151231,20160101,20160103,20160104,20160105,20160106,20160107,20160108,20160109,20160113,20160115,20160116,20160118,20160123,20160125,20160127,20160128 
G.3.4_index_2_VS_G.2.2_index_2 [11] 
20151219,20151220,20151222,20151225,20151226,20151227,20151228,20151229,20160102,20160103,20160104,20160105,20160106,20160107,20160108,20160109,20160111,20160112,20160113,20160114,20160117,20160119,20160123,20160126,20160127,20160128,20160130,20160131 
Number is 61 
G.3.5_index_2_VS_G.3.2_index_3 [12] 
20151219,20151229,20151230,20160101,20160102,20160103,20160104,20160105,20160106,20160107,20160108,20160109,20160114,20160115,20160116,20160118,20160120,20160122,20160123,20160128,20160131,20160201,20160202 
Number is 63 
G.2.1_index_4_VS_G.3.1_index_1 [13] PLUS 1 
20151220,20151221,20151224,20151226,20151230,20160104,20160105,20160106,20160107,20160108,20160109,20160110,20160111,20160113,20160114,20160115,20160119,20160122 
Number is 64 
G.3.5_index_4_VS_G.4.1_index_2 [14] PLUS 1 
20151220,20151226,20151227,20151229,20160102,20160104,20160105,20160106,20160107,20160108,20160109,20160110,20160111,20160113,20160114,20160115,20160116,20160117,20160118,20160119,20160120,20160124,20160125,20160126,20160127,20160128,20160129,20160202 
Number is 67 
G.5.1_index_3_VS_G.3.3_index_5 [15] PLUS 1 
20151228,20151229,20151230,20160102,20160103,20160104,20160105,20160106,20160107,20160108,20160109,20160110,20160116,20160119,20160120,20160121,20160122,20160123,20160128 
Number is 81 
G.4.3_index_2_VS_G.5.2_index_1 [16] PLUS 1 
20151223,20151227,20151229,20160104,20160105,20160106,20160107,20160108,20160109,20160110,20160111,20160114,20160117,20160118,20160119,20160121,20160122,20160128,20160129,20160202 
Number is 84 
G.5.1_index_2_VS_G.5.5_index_4 [17] PLUS 1 
20151221,20151222,20151224,20151225,20151227,20151228,20160104,20160105,20160106,20160107,20160108,20160109,20160110,20160113,20160116,20160118,20160119,20160126,20160127,20160129,20160130,20160201 
Number is 86 
G.5.1_index_2_VS_G.2.1_index_5 [18] PLUS 1 
20151220,20151221,20151222,20151223,20151226,20151230,20151231,20160104,20160105,20160106,20160107,20160108,20160109,20160110,20160111,20160113,20160114,20160115,20160117,20160119,20160126,20160201 
Number is 87 
G.3.1_index_4_VS_G.5.6_index_2 [19] PLUS 1 
20151221,20151228,20151231,20160101,20160102,20160104,20160105,20160106,20160107,20160108,20160109,20160110,20160111,20160113,20160117,20160118,20160121,20160122,20160123,20160126,20160129,20160131 
Number is 93 
G.DB_index_1_VS_G.2.2_index_5 [20] PLUS 1 
20151219,20151221,20151224,20151225,20151231,20160102,20160103,20160104,20160105,20160106,20160107,20160108,20160109,20160110,20160111,20160116,20160117,20160122,20160128,20160131 
G.4.1_index_3_VS_G.5.4_index_1 [21] PLUS 1 
20151220,20151221,20151227,20151231,20160103,20160104,20160105,20160106,20160107,20160108,20160109,20160110,20160113,20160114,20160118,20160119,20160120,20160121,20160124,20160125,20160131,20160202 
Number is 96 
G.6.1_index_2_VS_G.5.1_index_3 [22] PLUS 1 
20151219,20151220,20151229,20160102,20160104,20160105,20160106,20160107,20160108,20160109,20160110,20160111,20160112,20160113,20160121,20160122,20160124,20160125,20160128,20160130,20160202 
Number is 99 
G.2.1_index_2_VS_G.DB_index_1 [23] 
20151219,20151220,20151221,20151225,20151226,20151230,20160104,20160105,20160106,20160107,20160108,20160109,20160114,20160116,20160123,20160128,20160129,20160131,20160201 
