======== Current: 20160118 ========= 
Number is 12 
G.3.6_index_3_VS_G.6.1_index_2 [1] PLUS 1 
20151221,20151227,20151229,20151230,20151231,20160102,20160105,20160107,20160110,20160112,20160113,20160114,20160115,20160116,20160117,20160118,20160119,20160121,20160124,20160125,20160128,20160130,20160202 
Number is 16 
G.2.1_index_5_VS_G.5.6_index_2 [2] 
20151223,20151226,20151227,20151228,20151229,20160102,20160106,20160107,20160108,20160110,20160111,20160112,20160113,20160114,20160115,20160116,20160117,20160121,20160123,20160124,20160125,20160131,20160201 
Number is 19 
G.6.3_index_3_VS_G.3.3_index_1 [3] PLUS 1 
20151219,20151226,20151229,20160107,20160110,20160111,20160112,20160113,20160114,20160115,20160116,20160117,20160118,20160119,20160120,20160123,20160124,20160126,20160128,20160131,20160202 
Number is 20 
G.5.4_index_1_VS_G.DB_index_4 [4] 
20151220,20151225,20151227,20151229,20160102,20160103,20160107,20160109,20160112,20160113,20160114,20160115,20160116,20160117,20160121,20160123,20160124,20160125,20160127,20160130,20160202 
Number is 22 
G.5.4_index_1_VS_G.3.1_index_3 [5] 
20151221,20151225,20151229,20160107,20160112,20160113,20160114,20160115,20160116,20160117,20160119,20160126,20160127,20160129 
Number is 27 
G.3.1_index_3_VS_G.4.4_index_4 [6] PLUS 1 
20151220,20151221,20151226,20151228,20151230,20151231,20160104,20160106,20160107,20160110,20160112,20160113,20160114,20160115,20160116,20160117,20160118,20160119,20160122,20160123,20160127,20160131 
Number is 29 
G.5.3_index_3_VS_G.3.3_index_2 [7] PLUS 1 
20151219,20151224,20151227,20151228,20151229,20160102,20160104,20160106,20160107,20160108,20160109,20160112,20160113,20160114,20160115,20160116,20160117,20160118,20160119,20160121,20160122,20160126,20160130,20160201 
Number is 35 
G.7.1_index_2_VS_G.5.4_index_2 [8] 
20151220,20151227,20151229,20160102,20160105,20160106,20160107,20160108,20160109,20160110,20160112,20160113,20160114,20160115,20160116,20160117,20160119,20160122,20160123,20160124,20160125,20160126,20160130,20160131 
Number is 44 
G.3.5_index_3_VS_G.6.3_index_1 [9] PLUS 1 
20151222,20151223,20151227,20160102,20160104,20160106,20160108,20160109,20160110,20160112,20160113,20160114,20160115,20160116,20160117,20160118,20160125,20160128,20160130,20160201,20160202 
Number is 45 
G.5.5_index_1_VS_G.5.4_index_2 [10] PLUS 1 
20151219,20151222,20151223,20151226,20151228,20151229,20151230,20160106,20160107,20160112,20160113,20160114,20160115,20160116,20160117,20160118,20160119,20160124,20160125,20160127,20160128,20160130 
Number is 47 
G.3.4_index_5_VS_G.4.3_index_1 [11] 
20151219,20151220,20151221,20151223,20151224,20151228,20151229,20151230,20160103,20160104,20160105,20160107,20160110,20160112,20160113,20160114,20160115,20160116,20160117,20160121,20160128,20160130 
G.5.5_index_1_VS_G.3.2_index_3 [12] 
20151222,20151225,20151226,20151227,20151228,20151229,20160103,20160104,20160106,20160110,20160112,20160113,20160114,20160115,20160116,20160117,20160119,20160122,20160124,20160126,20160130,20160201 
Number is 57 
G.5.4_index_2_VS_G.4.3_index_1 [13] 
20151220,20151223,20151224,20151226,20151228,20151229,20151230,20160104,20160105,20160108,20160112,20160113,20160114,20160115,20160116,20160117,20160119,20160121,20160128,20160130,20160201 
Number is 72 
G.3.2_index_5_VS_G.6.2_index_1 [14] PLUS 1 
20151219,20151221,20151228,20160104,20160106,20160107,20160109,20160111,20160112,20160113,20160114,20160115,20160116,20160117,20160118,20160119,20160121,20160122,20160201 
Number is 74 
G.3.2_index_4_VS_G.5.5_index_1 [15] 
20151220,20151223,20151227,20151230,20160101,20160102,20160103,20160106,20160109,20160111,20160112,20160113,20160114,20160115,20160116,20160117,20160123,20160124,20160125,20160126,20160127,20160128,20160130,20160201 
Number is 78 
G.3.2_index_4_VS_G.3.6_index_1 [16] 
20151221,20151222,20151223,20151225,20151230,20160101,20160102,20160105,20160110,20160112,20160113,20160114,20160115,20160116,20160117,20160119,20160120,20160123,20160124,20160131,20160201 
Number is 80 
G.3.6_index_1_VS_G.4.3_index_4 [17] 
20151223,20151225,20151227,20151229,20151230,20160102,20160104,20160105,20160107,20160109,20160111,20160112,20160113,20160114,20160115,20160116,20160117,20160119,20160121,20160126,20160131,20160201 
Number is 86 
G.3.1_index_4_VS_G.3.2_index_2 [18] PLUS 1 
20151221,20151224,20151228,20160101,20160105,20160107,20160111,20160112,20160113,20160114,20160115,20160116,20160117,20160118,20160121,20160124,20160125,20160128,20160129 
Number is 88 
G.3.6_index_1_VS_G.6.2_index_3 [19] 
20151226,20151227,20151229,20151230,20160103,20160105,20160107,20160108,20160109,20160112,20160113,20160114,20160115,20160116,20160117,20160123,20160124,20160202 
