======== Current: 20160128 ========= 
Number is 02 
G.3.3_index_1_VS_G.4.3_index_3 [1] PLUS 1 
20151221,20151227,20151230,20151231,20160110,20160111,20160113,20160114,20160116,20160117,20160118,20160119,20160120,20160122,20160123,20160124,20160125,20160126,20160127,20160128,20160129,20160130 
Number is 05 
G.4.3_index_2_VS_G.5.6_index_2 [2] 
20151220,20151221,20151227,20151229,20160106,20160110,20160111,20160117,20160122,20160123,20160124,20160125,20160126,20160127,20160129,20160130,20160131,20160202 
Number is 06 
G.3.1_index_1_VS_G.4.4_index_3 [3] 
20151220,20151222,20151224,20151227,20151228,20151229,20151231,20160105,20160110,20160113,20160115,20160116,20160117,20160118,20160119,20160122,20160123,20160124,20160125,20160126,20160127 
Number is 15 
G.1.1_index_5_VS_G.5.6_index_2 [4] 
20151219,20151220,20151225,20151227,20160103,20160104,20160106,20160107,20160111,20160112,20160119,20160120,20160122,20160123,20160124,20160125,20160126,20160127,20160129,20160130 
G.6.2_index_3_VS_G.5.4_index_1 [5] 
20151220,20151226,20151229,20151231,20160103,20160104,20160106,20160107,20160108,20160113,20160114,20160116,20160117,20160118,20160122,20160123,20160124,20160125,20160126,20160127,20160129,20160130,20160131 
Number is 19 
G.3.3_index_5_VS_G.3.3_index_2 [6] PLUS 1 
20151224,20151226,20151229,20160102,20160107,20160109,20160110,20160112,20160113,20160114,20160115,20160122,20160123,20160124,20160125,20160126,20160127,20160128,20160129,20160130 
G.1.1_index_5_VS_G.3.4_index_3 [7] PLUS 1 
20151219,20151223,20160101,20160102,20160103,20160105,20160107,20160108,20160110,20160111,20160112,20160115,20160118,20160122,20160123,20160124,20160125,20160126,20160127,20160128,20160130,20160201,20160202 
Number is 21 
G.5.4_index_4_VS_G.6.3_index_1 [8] PLUS 1 
20151221,20151222,20151223,20151227,20151228,20151229,20151230,20160103,20160106,20160108,20160110,20160112,20160117,20160118,20160121,20160122,20160123,20160124,20160125,20160126,20160127,20160128,20160129,20160201,20160202 
Number is 22 
G.5.2_index_3_VS_G.3.6_index_5 [9] 
20151223,20151230,20151231,20160107,20160110,20160111,20160112,20160114,20160121,20160122,20160123,20160124,20160125,20160126,20160127,20160130,20160202 
Number is 23 
G.5.3_index_2_VS_G.3.4_index_1 [10] 
20151224,20151225,20151226,20160101,20160102,20160104,20160105,20160106,20160110,20160112,20160113,20160114,20160115,20160117,20160119,20160122,20160123,20160124,20160125,20160126,20160127,20160129,20160202 
Number is 25 
G.5.2_index_3_VS_G.5.6_index_2 [11] 
20151220,20151221,20151225,20151226,20151228,20160101,20160102,20160105,20160109,20160110,20160116,20160121,20160122,20160123,20160124,20160125,20160126,20160127,20160129,20160130,20160131 
G.3.3_index_3_VS_G.3.5_index_4 [12] 
20151219,20151220,20151221,20151222,20151224,20151225,20151230,20160101,20160102,20160104,20160105,20160106,20160107,20160109,20160111,20160113,20160118,20160122,20160123,20160124,20160125,20160126,20160127 
Number is 26 
G.3.3_index_3_VS_G.5.4_index_3 [13] PLUS 1 
20151219,20151221,20151223,20151231,20160101,20160102,20160105,20160108,20160111,20160113,20160117,20160122,20160123,20160124,20160125,20160126,20160127,20160128,20160201 
Number is 39 
G.3.4_index_2_VS_G.3.5_index_1 [14] 
20151223,20151225,20151227,20151229,20151231,20160104,20160106,20160107,20160109,20160112,20160115,20160121,20160122,20160123,20160124,20160125,20160126,20160127,20160129 
Number is 52 
G.5.6_index_2_VS_G.7.2_index_1 [15] 
20151219,20151220,20151221,20151222,20151223,20151228,20160102,20160103,20160104,20160106,20160107,20160109,20160111,20160113,20160114,20160117,20160121,20160122,20160123,20160124,20160125,20160126,20160127,20160129,20160131 
Number is 55 
G.3.6_index_1_VS_G.5.6_index_2 [16] 
20151222,20151223,20151224,20151227,20151228,20151229,20151231,20160102,20160103,20160104,20160105,20160108,20160110,20160111,20160113,20160115,20160116,20160118,20160122,20160123,20160124,20160125,20160126,20160127,20160131 
Number is 56 
G.3.6_index_1_VS_G.4.4_index_3 [17] PLUS 1 
20151222,20151223,20151224,20151227,20151228,20160105,20160108,20160109,20160113,20160117,20160121,20160122,20160123,20160124,20160125,20160126,20160127,20160128 
Number is 59 
G.5.6_index_2_VS_G.3.4_index_3 [18] 
20151219,20151221,20151223,20151225,20151227,20151231,20160105,20160108,20160110,20160115,20160116,20160119,20160121,20160122,20160123,20160124,20160125,20160126,20160127,20160131,20160201,20160202 
Number is 61 
G.4.4_index_3_VS_G.3.3_index_5 [19] PLUS 1 
20151222,20151225,20151227,20151229,20151230,20151231,20160104,20160106,20160108,20160110,20160112,20160113,20160116,20160119,20160122,20160123,20160124,20160125,20160126,20160127,20160128,20160129,20160131,20160201 
Number is 62 
G.5.4_index_3_VS_G.7.2_index_1 [20] PLUS 1 
20151219,20151223,20151226,20151227,20151228,20151229,20151231,20160109,20160111,20160117,20160118,20160119,20160120,20160122,20160123,20160124,20160125,20160126,20160127,20160128,20160129,20160131,20160202 
Number is 65 
G.5.5_index_1_VS_G.5.4_index_1 [21] PLUS 1 
20151219,20151220,20151221,20151222,20151229,20151230,20151231,20160104,20160106,20160111,20160112,20160113,20160114,20160115,20160116,20160119,20160120,20160122,20160123,20160124,20160125,20160126,20160127,20160128,20160130 
Number is 72 
G.2.2_index_4_VS_G.5.2_index_3 [22] PLUS 1 
20151220,20151222,20151223,20151225,20151227,20160101,20160102,20160103,20160104,20160105,20160108,20160110,20160111,20160116,20160117,20160119,20160122,20160123,20160124,20160125,20160126,20160127,20160128,20160129,20160131,20160201 
Number is 81 
G.3.5_index_3_VS_G.3.3_index_5 [23] PLUS 1 
20151223,20151226,20160101,20160108,20160109,20160110,20160111,20160114,20160119,20160121,20160122,20160123,20160124,20160125,20160126,20160127,20160128,20160202 
Number is 88 
G.4.1_index_3_VS_G.3.5_index_3 [24] PLUS 1 
20151231,20160103,20160104,20160105,20160106,20160109,20160113,20160114,20160115,20160119,20160122,20160123,20160124,20160125,20160126,20160127,20160128,20160130,20160131,20160201,20160202 
Number is 89 
G.2.2_index_5_VS_G.3.4_index_3 [25] 
20151219,20151220,20151222,20151225,20151227,20151231,20160101,20160105,20160106,20160107,20160108,20160109,20160111,20160113,20160114,20160115,20160116,20160118,20160120,20160122,20160123,20160124,20160125,20160126,20160127,20160202 
Number is 94 
G.5.6_index_1_VS_G.5.1_index_2 [26] 
20151222,20151223,20151227,20160104,20160106,20160110,20160112,20160113,20160117,20160122,20160123,20160124,20160125,20160126,20160127,20160129,20160131,20160201 
Number is 95 
G.2.2_index_3_VS_G.3.6_index_1 [27] 
20151222,20151223,20151225,20151227,20151229,20160105,20160107,20160109,20160111,20160112,20160114,20160115,20160120,20160121,20160122,20160123,20160124,20160125,20160126,20160127,20160129,20160201 
Number is 98 
G.3.6_index_3_VS_G.6.1_index_1 [28] 
20151221,20151222,20151224,20151231,20160101,20160104,20160108,20160109,20160110,20160111,20160113,20160114,20160118,20160120,20160121,20160122,20160123,20160124,20160125,20160126,20160127,20160129,20160130 
