======== Current: 20160129 ========= 
Number is 08 
G.5.4_index_1_VS_G.4.4_index_3 [1] PLUS 1 
20151220,20151224,20151228,20151231,20160106,20160110,20160111,20160113,20160117,20160119,20160123,20160124,20160125,20160126,20160127,20160128,20160129,20160130,20160131,20160201 
Number is 10 
G.5.5_index_1_VS_G.5.4_index_1 [2] 
20151219,20151220,20151221,20151222,20151229,20151230,20151231,20160104,20160106,20160111,20160112,20160113,20160114,20160115,20160116,20160119,20160120,20160122,20160123,20160124,20160125,20160126,20160127,20160128,20160130 
Number is 16 
G.3.3_index_1_VS_G.4.3_index_3 [3] PLUS 1 
20151221,20151227,20151230,20151231,20160110,20160111,20160113,20160114,20160116,20160117,20160118,20160119,20160120,20160122,20160123,20160124,20160125,20160126,20160127,20160128,20160129,20160130 
Number is 21 
G.3.2_index_4_VS_G.5.5_index_1 [4] 
20151220,20151223,20151227,20151230,20160101,20160102,20160103,20160106,20160109,20160111,20160112,20160113,20160114,20160115,20160116,20160117,20160123,20160124,20160125,20160126,20160127,20160128,20160130,20160201 
Number is 24 
G.1.1_index_5_VS_G.3.4_index_3 [5] 
20151219,20151223,20160101,20160102,20160103,20160105,20160107,20160108,20160110,20160111,20160112,20160115,20160118,20160122,20160123,20160124,20160125,20160126,20160127,20160128,20160130,20160201,20160202 
Number is 28 
G.1.1_index_5_VS_G.4.4_index_3 [6] PLUS 1 
20151219,20151220,20151223,20151224,20151226,20151227,20151229,20160105,20160106,20160110,20160115,20160116,20160117,20160118,20160120,20160121,20160123,20160124,20160125,20160126,20160127,20160128,20160129 
G.1.1_index_5_VS_G.3.6_index_5 [7] PLUS 1 
20151219,20151223,20151227,20151229,20151230,20151231,20160101,20160103,20160105,20160106,20160107,20160108,20160109,20160113,20160117,20160123,20160124,20160125,20160126,20160127,20160128,20160129,20160202 
Number is 30 
G.5.3_index_1_VS_G.7.4_index_2 [8] 
20151219,20151221,20151224,20151225,20151226,20151229,20160101,20160102,20160104,20160105,20160108,20160111,20160112,20160114,20160120,20160121,20160123,20160124,20160125,20160126,20160127,20160128,20160130,20160202 
Number is 35 
G.3.1_index_2_VS_G.5.4_index_4 [9] 
20151223,20151227,20151230,20160103,20160104,20160107,20160108,20160117,20160118,20160121,20160123,20160124,20160125,20160126,20160127,20160128,20160131,20160201 
Number is 47 
G.2.2_index_4_VS_G.5.2_index_3 [10] PLUS 1 
20151220,20151222,20151223,20151225,20151227,20160101,20160102,20160103,20160104,20160105,20160108,20160110,20160111,20160116,20160117,20160119,20160122,20160123,20160124,20160125,20160126,20160127,20160128,20160129,20160131,20160201 
Number is 48 
G.3.6_index_1_VS_G.4.4_index_3 [11] 
20151222,20151223,20151224,20151227,20151228,20160105,20160108,20160109,20160113,20160117,20160121,20160122,20160123,20160124,20160125,20160126,20160127,20160128 
Number is 55 
G.5.1_index_2_VS_G.7.2_index_1 [12] PLUS 1 
20151219,20151223,20151224,20151231,20160103,20160105,20160106,20160107,20160111,20160113,20160114,20160120,20160123,20160124,20160125,20160126,20160127,20160128,20160129 
Number is 58 
G.5.4_index_4_VS_G.6.3_index_1 [13] PLUS 1 
20151221,20151222,20151223,20151227,20151228,20151229,20151230,20160103,20160106,20160108,20160110,20160112,20160117,20160118,20160121,20160122,20160123,20160124,20160125,20160126,20160127,20160128,20160129,20160201,20160202 
Number is 61 
G.3.3_index_5_VS_G.3.3_index_2 [14] PLUS 1 
20151224,20151226,20151229,20160102,20160107,20160109,20160110,20160112,20160113,20160114,20160115,20160122,20160123,20160124,20160125,20160126,20160127,20160128,20160129,20160130 
Number is 62 
G.3.3_index_5_VS_G.2.1_index_1 [15] 
20151219,20151224,20151228,20151229,20151231,20160102,20160103,20160106,20160110,20160111,20160112,20160115,20160116,20160123,20160124,20160125,20160126,20160127,20160128,20160202 
Number is 65 
G.5.4_index_3_VS_G.7.2_index_1 [16] PLUS 1 
20151219,20151223,20151226,20151227,20151228,20151229,20151231,20160109,20160111,20160117,20160118,20160119,20160120,20160122,20160123,20160124,20160125,20160126,20160127,20160128,20160129,20160131,20160202 
Number is 67 
G.4.1_index_3_VS_G.3.5_index_3 [17] 
20151231,20160103,20160104,20160105,20160106,20160109,20160113,20160114,20160115,20160119,20160122,20160123,20160124,20160125,20160126,20160127,20160128,20160130,20160131,20160201,20160202 
Number is 68 
G.5.4_index_3_VS_G.2.2_index_5 [18] PLUS 1 
20151220,20151222,20151224,20151225,20151227,20151229,20151230,20151231,20160102,20160105,20160107,20160108,20160110,20160111,20160113,20160116,20160117,20160119,20160121,20160123,20160124,20160125,20160126,20160127,20160128,20160129,20160130 
Number is 76 
G.3.5_index_3_VS_G.3.3_index_5 [19] 
20151223,20151226,20160101,20160108,20160109,20160110,20160111,20160114,20160119,20160121,20160122,20160123,20160124,20160125,20160126,20160127,20160128,20160202 
Number is 82 
G.7.4_index_1_VS_G.2.1_index_1 [20] PLUS 1 
20151229,20160101,20160102,20160103,20160106,20160107,20160109,20160110,20160111,20160113,20160114,20160115,20160116,20160118,20160123,20160124,20160125,20160126,20160127,20160128,20160129,20160130,20160131 
Number is 83 
G.5.2_index_2_VS_G.2.2_index_2 [21] 
20151222,20151227,20151229,20151230,20151231,20160101,20160110,20160111,20160114,20160119,20160123,20160124,20160125,20160126,20160127,20160128,20160130,20160131,20160202 
Number is 84 
G.6.2_index_2_VS_G.4.4_index_2 [22] 
20151224,20151225,20151226,20151227,20151231,20160102,20160103,20160104,20160105,20160106,20160113,20160117,20160123,20160124,20160125,20160126,20160127,20160128,20160202 
G.3.6_index_5_VS_G.3.4_index_3 [23] 
20151219,20151220,20151223,20151224,20151229,20151231,20160102,20160103,20160110,20160111,20160112,20160115,20160120,20160121,20160123,20160124,20160125,20160126,20160127,20160128,20160130,20160201,20160202 
Number is 86 
G.4.4_index_3_VS_G.3.3_index_5 [24] PLUS 1 
20151222,20151225,20151227,20151229,20151230,20151231,20160104,20160106,20160108,20160110,20160112,20160113,20160116,20160119,20160122,20160123,20160124,20160125,20160126,20160127,20160128,20160129,20160131,20160201 
Number is 88 
G.6.2_index_2_VS_G.4.4_index_3 [25] 
20151219,20151220,20151222,20151224,20151225,20151226,20151229,20151231,20160102,20160105,20160108,20160110,20160111,20160112,20160113,20160115,20160117,20160118,20160119,20160123,20160124,20160125,20160126,20160127,20160128,20160131,20160201 
Number is 91 
G.4.1_index_1_VS_G.3.3_index_1 [26] 
20151222,20151223,20151224,20151226,20151229,20151231,20160103,20160107,20160116,20160118,20160119,20160120,20160123,20160124,20160125,20160126,20160127,20160128,20160131 
Number is 96 
G.3.3_index_3_VS_G.5.4_index_3 [27] 
20151219,20151221,20151223,20151231,20160101,20160102,20160105,20160108,20160111,20160113,20160117,20160122,20160123,20160124,20160125,20160126,20160127,20160128,20160201 
Number is 98 
G.3.5_index_4_VS_G.4.4_index_3 [28] 
20151219,20151222,20151225,20151226,20151227,20151228,20151230,20160102,20160104,20160105,20160106,20160108,20160109,20160111,20160115,20160119,20160123,20160124,20160125,20160126,20160127,20160128,20160201 
