======== Current: 20160130 ========= 
Number is 00 
G.5.4_index_3_VS_G.4.1_index_3 [1] 
20151219,20151220,20151221,20151224,20151226,20151230,20160103,20160107,20160109,20160111,20160118,20160120,20160122,20160124,20160125,20160126,20160127,20160128,20160129,20160131,20160201 
Number is 02 
G.5.4_index_3_VS_G.4.1_index_2 [2] 
20151221,20151227,20151229,20151231,20160106,20160108,20160110,20160111,20160124,20160125,20160126,20160127,20160128,20160129,20160131,20160202 
Number is 05 
G.5.4_index_1_VS_G.4.4_index_3 [3] PLUS 1 
20151220,20151224,20151228,20151231,20160106,20160110,20160111,20160113,20160117,20160119,20160123,20160124,20160125,20160126,20160127,20160128,20160129,20160130,20160131,20160201 
G.3.3_index_1_VS_G.4.3_index_3 [4] PLUS 1 
20151221,20151227,20151230,20151231,20160110,20160111,20160113,20160114,20160116,20160117,20160118,20160119,20160120,20160122,20160123,20160124,20160125,20160126,20160127,20160128,20160129,20160130 
Number is 06 
G.5.4_index_3_VS_G.7.2_index_1 [5] 
20151219,20151223,20151226,20151227,20151228,20151229,20151231,20160109,20160111,20160117,20160118,20160119,20160120,20160122,20160123,20160124,20160125,20160126,20160127,20160128,20160129,20160131,20160202 
G.5.1_index_2_VS_G.7.2_index_1 [6] 
20151219,20151223,20151224,20151231,20160103,20160105,20160106,20160107,20160111,20160113,20160114,20160120,20160123,20160124,20160125,20160126,20160127,20160128,20160129 
Number is 07 
G.5.4_index_3_VS_G.2.2_index_5 [7] PLUS 1 
20151220,20151222,20151224,20151225,20151227,20151229,20151230,20151231,20160102,20160105,20160107,20160108,20160110,20160111,20160113,20160116,20160117,20160119,20160121,20160123,20160124,20160125,20160126,20160127,20160128,20160129,20160130 
Number is 24 
G.4.1_index_2_VS_G.6.1_index_1 [8] 
20151220,20151221,20151222,20151226,20151227,20160105,20160107,20160110,20160116,20160118,20160120,20160124,20160125,20160126,20160127,20160128,20160129,20160201 
Number is 25 
G.7.4_index_1_VS_G.2.1_index_1 [9] PLUS 1 
20151229,20160101,20160102,20160103,20160106,20160107,20160109,20160110,20160111,20160113,20160114,20160115,20160116,20160118,20160123,20160124,20160125,20160126,20160127,20160128,20160129,20160130,20160131 
Number is 30 
G.3.3_index_5_VS_G.5.4_index_3 [10] 
20151219,20151227,20151231,20160105,20160109,20160110,20160117,20160118,20160119,20160120,20160124,20160125,20160126,20160127,20160128,20160129,20160202 
Number is 33 
G.2.2_index_3_VS_G.5.3_index_2 [11] 
20151219,20151220,20151224,20151226,20151227,20151228,20151230,20160103,20160106,20160110,20160112,20160113,20160117,20160120,20160121,20160124,20160125,20160126,20160127,20160128,20160129,20160131,20160201,20160202 
Number is 39 
G.3.3_index_5_VS_G.3.3_index_2 [12] PLUS 1 
20151224,20151226,20151229,20160102,20160107,20160109,20160110,20160112,20160113,20160114,20160115,20160122,20160123,20160124,20160125,20160126,20160127,20160128,20160129,20160130 
Number is 42 
G.3.2_index_1_VS_G.7.4_index_1 [13] 
20151220,20151221,20151222,20151224,20151226,20151229,20151230,20151231,20160105,20160110,20160114,20160117,20160118,20160119,20160120,20160122,20160124,20160125,20160126,20160127,20160128,20160129,20160201 
Number is 50 
G.4.4_index_1_VS_G.5.1_index_2 [14] PLUS 1 
20151219,20151220,20151221,20151222,20151223,20151225,20151227,20151228,20160103,20160104,20160105,20160106,20160107,20160110,20160117,20160122,20160124,20160125,20160126,20160127,20160128,20160129,20160130 
Number is 51 
G.2.1_index_1_VS_G.5.4_index_2 [15] PLUS 1 
20151219,20151222,20151223,20151225,20151228,20160104,20160105,20160106,20160107,20160110,20160112,20160117,20160119,20160124,20160125,20160126,20160127,20160128,20160129,20160130,20160131,20160202 
Number is 53 
G.2.2_index_4_VS_G.5.2_index_3 [16] 
20151220,20151222,20151223,20151225,20151227,20160101,20160102,20160103,20160104,20160105,20160108,20160110,20160111,20160116,20160117,20160119,20160122,20160123,20160124,20160125,20160126,20160127,20160128,20160129,20160131,20160201 
G.4.4_index_3_VS_G.3.3_index_5 [17] 
20151222,20151225,20151227,20151229,20151230,20151231,20160104,20160106,20160108,20160110,20160112,20160113,20160116,20160119,20160122,20160123,20160124,20160125,20160126,20160127,20160128,20160129,20160131,20160201 
Number is 57 
G.4.4_index_1_VS_G.5.5_index_4 [18] 
20151219,20151221,20151224,20151226,20151227,20151229,20160101,20160104,20160105,20160106,20160109,20160110,20160112,20160113,20160114,20160118,20160121,20160124,20160125,20160126,20160127,20160128,20160129,20160131,20160201,20160202 
Number is 58 
G.3.4_index_1_VS_G.1.1_index_5 [19] 
20151220,20151221,20151223,20151225,20151228,20160102,20160103,20160105,20160108,20160109,20160111,20160120,20160122,20160124,20160125,20160126,20160127,20160128,20160129,20160202 
Number is 62 
G.3.5_index_4_VS_G.4.1_index_2 [20] 
20151220,20151226,20151227,20151229,20160102,20160104,20160105,20160106,20160107,20160108,20160109,20160110,20160111,20160113,20160114,20160115,20160116,20160117,20160118,20160119,20160120,20160124,20160125,20160126,20160127,20160128,20160129,20160202 
Number is 74 
G.3.4_index_2_VS_G.3.5_index_5 [21] PLUS 1 
20151219,20151223,20151224,20151225,20151227,20151228,20160102,20160103,20160105,20160106,20160107,20160114,20160117,20160118,20160121,20160124,20160125,20160126,20160127,20160128,20160129,20160130,20160131,20160201 
Number is 76 
G.5.5_index_4_VS_G.7.2_index_1 [22] 
20151219,20151221,20151226,20151228,20151229,20160104,20160105,20160107,20160109,20160113,20160117,20160118,20160120,20160124,20160125,20160126,20160127,20160128,20160129,20160131,20160201 
Number is 80 
G.5.3_index_3_VS_G.5.4_index_1 [23] PLUS 1 
20151219,20151221,20151227,20151229,20151230,20151231,20160106,20160111,20160113,20160114,20160116,20160119,20160120,20160124,20160125,20160126,20160127,20160128,20160129,20160130,20160201 
Number is 82 
G.5.4_index_4_VS_G.6.3_index_1 [24] 
20151221,20151222,20151223,20151227,20151228,20151229,20151230,20160103,20160106,20160108,20160110,20160112,20160117,20160118,20160121,20160122,20160123,20160124,20160125,20160126,20160127,20160128,20160129,20160201,20160202 
Number is 85 
G.1.1_index_5_VS_G.4.4_index_3 [25] 
20151219,20151220,20151223,20151224,20151226,20151227,20151229,20160105,20160106,20160110,20160115,20160116,20160117,20160118,20160120,20160121,20160123,20160124,20160125,20160126,20160127,20160128,20160129 
Number is 88 
G.1.1_index_5_VS_G.3.6_index_5 [26] 
20151219,20151223,20151227,20151229,20151230,20151231,20160101,20160103,20160105,20160106,20160107,20160108,20160109,20160113,20160117,20160123,20160124,20160125,20160126,20160127,20160128,20160129,20160202 
Number is 89 
G.5.3_index_3_VS_G.5.6_index_2 [27] PLUS 1 
20151219,20151221,20151224,20151227,20151228,20160109,20160112,20160113,20160119,20160122,20160124,20160125,20160126,20160127,20160128,20160129,20160130,20160131,20160201 
