======== Current: 20130501 ========= 
Number is 01 
G.3.1_index_2_VS_G.5.2_index_4 [1] PLUS 1 
20130420,20130421,20130422,20130425,20130426,20130427,20130428,20130429,20130430,20130501,20130512,20130513,20130514,20130515,20130518,20130519,20130521,20130522,20130523,20130528,20130530,20130531,20130601 
G.3.1_index_2_VS_G.5.3_index_1 [2] PLUS 1 
20130420,20130425,20130426,20130427,20130428,20130429,20130430,20130501,20130504,20130509,20130510,20130511,20130514,20130521,20130524,20130526,20130601 
Number is 06 
G.3.2_index_3_VS_G.5.3_index_3 [3] 
20130420,20130422,20130423,20130425,20130426,20130427,20130428,20130429,20130430,20130503,20130504,20130506,20130507,20130509,20130513,20130516,20130519,20130520,20130523,20130524,20130526 
Number is 10 
G.5.5_index_3_VS_G.3.1_index_2 [4] PLUS 1 
20130425,20130426,20130427,20130428,20130429,20130430,20130501,20130504,20130507,20130508,20130510,20130513,20130514,20130516,20130520,20130522,20130526,20130529,20130531 
Number is 11 
G.2.2_index_4_VS_G.6.1_index_2 [5] 
20130420,20130422,20130424,20130425,20130426,20130427,20130428,20130429,20130430,20130504,20130506,20130509,20130516,20130518,20130519,20130522,20130523,20130525,20130528,20130530 
G.4.4_index_3_VS_G.5.2_index_4 [6] 
20130422,20130425,20130426,20130427,20130428,20130429,20130430,20130504,20130507,20130509,20130510,20130511,20130512,20130516,20130521,20130523,20130527,20130528,20130531,20130601 
Number is 16 
G.3.1_index_5_VS_G.2.1_index_1 [7] 
20130420,20130422,20130424,20130425,20130426,20130427,20130428,20130429,20130430,20130504,20130505,20130510,20130512,20130517,20130518,20130519,20130520,20130522,20130530 
Number is 30 
G.4.4_index_2_VS_G.3.1_index_2 [8] 
20130420,20130425,20130426,20130427,20130428,20130429,20130430,20130503,20130505,20130506,20130507,20130510,20130512,20130514,20130516,20130520,20130521,20130524,20130528,20130529,20130530,20130531 
G.4.4_index_2_VS_G.5.5_index_2 [9] 
20130420,20130422,20130424,20130425,20130426,20130427,20130428,20130429,20130430,20130503,20130505,20130510,20130511,20130512,20130513,20130519,20130520,20130521,20130522,20130525,20130528,20130530 
Number is 33 
G.4.1_index_3_VS_G.3.2_index_5 [10] 
20130422,20130425,20130426,20130427,20130428,20130429,20130430,20130503,20130506,20130507,20130508,20130509,20130512,20130513,20130515,20130516,20130517,20130518,20130527,20130530,20130531 
G.4.3_index_3_VS_G.6.3_index_1 [11] 
20130422,20130424,20130425,20130426,20130427,20130428,20130429,20130430,20130505,20130506,20130509,20130511,20130513,20130514,20130517,20130518,20130525,20130601 
Number is 34 
G.7.2_index_1_VS_G.DB_index_1 [12] PLUS 1 
20130420,20130424,20130425,20130426,20130427,20130428,20130429,20130430,20130501,20130502,20130504,20130509,20130511,20130518,20130519,20130520,20130522,20130523,20130528,20130529 
Number is 38 
G.7.2_index_1_VS_G.3.3_index_4 [13] 
20130420,20130422,20130423,20130425,20130426,20130427,20130428,20130429,20130430,20130504,20130506,20130509,20130510,20130515,20130517,20130520,20130521,20130524,20130530,20130531 
Number is 40 
G.2.1_index_4_VS_G.DB_index_4 [14] PLUS 1 
20130425,20130426,20130427,20130428,20130429,20130430,20130501,20130502,20130504,20130515,20130516,20130519,20130521,20130523,20130524,20130527,20130529,20130531 
G.3.5_index_2_VS_G.3.3_index_5 [15] PLUS 1 
20130423,20130425,20130426,20130427,20130428,20130429,20130430,20130501,20130502,20130503,20130506,20130510,20130512,20130513,20130514,20130515,20130516,20130519,20130521,20130523,20130524,20130525,20130526,20130527,20130529,20130530 
Number is 41 
G.DB_index_1_VS_G.1.1_index_5 [16] PLUS 1 
20130420,20130423,20130425,20130426,20130427,20130428,20130429,20130430,20130501,20130503,20130504,20130507,20130508,20130511,20130512,20130515,20130516,20130518,20130520,20130522,20130527 
Number is 42 
G.DB_index_1_VS_G.3.4_index_1 [17] 
20130422,20130425,20130426,20130427,20130428,20130429,20130430,20130503,20130506,20130508,20130513,20130516,20130518,20130519,20130520,20130521,20130523,20130524,20130525,20130528,20130529,20130531,20130601 
Number is 45 
G.3.3_index_1_VS_G.3.6_index_4 [18] 
20130420,20130421,20130422,20130424,20130425,20130426,20130427,20130428,20130429,20130430,20130503,20130504,20130505,20130508,20130511,20130512,20130517,20130520,20130522,20130524,20130530,20130601 
Number is 46 
G.4.4_index_4_VS_G.3.3_index_3 [19] PLUS 1 
20130422,20130425,20130426,20130427,20130428,20130429,20130430,20130501,20130503,20130505,20130506,20130507,20130511,20130513,20130515,20130517,20130519,20130522,20130524,20130529 
Number is 47 
G.3.6_index_2_VS_G.5.3_index_2 [20] PLUS 1 
20130421,20130422,20130425,20130426,20130427,20130428,20130429,20130430,20130501,20130505,20130506,20130507,20130510,20130512,20130515,20130519,20130521,20130523,20130524,20130530 
Number is 48 
G.3.3_index_1_VS_G.5.5_index_4 [21] PLUS 1 
20130420,20130425,20130426,20130427,20130428,20130429,20130430,20130501,20130504,20130506,20130508,20130515,20130517,20130520,20130522,20130523,20130525,20130527,20130529 
Number is 50 
G.3.2_index_2_VS_G.3.1_index_2 [22] PLUS 1 
20130420,20130421,20130422,20130423,20130424,20130425,20130426,20130427,20130428,20130429,20130430,20130501,20130503,20130505,20130506,20130510,20130512,20130514,20130516,20130518,20130528,20130530,20130531,20130601 
G.3.6_index_1_VS_G.DB_index_4 [23] PLUS 1 
20130420,20130421,20130422,20130425,20130426,20130427,20130428,20130429,20130430,20130501,20130513,20130517,20130519,20130520,20130521,20130524,20130526,20130527,20130529,20130601 
Number is 51 
G.3.2_index_2_VS_G.4.4_index_3 [24] PLUS 1 
20130420,20130421,20130423,20130424,20130425,20130426,20130427,20130428,20130429,20130430,20130501,20130504,20130505,20130507,20130512,20130515,20130519,20130520,20130524,20130525,20130526,20130527,20130530,20130601 
Number is 64 
G.1.1_index_2_VS_G.5.2_index_2 [25] PLUS 1 
20130420,20130425,20130426,20130427,20130428,20130429,20130430,20130501,20130505,20130508,20130510,20130513,20130514,20130515,20130516,20130519,20130520,20130521,20130523,20130524,20130525,20130529,20130531 
Number is 69 
G.1.1_index_2_VS_G.4.2_index_3 [26] PLUS 1 
20130423,20130425,20130426,20130427,20130428,20130429,20130430,20130501,20130502,20130505,20130506,20130507,20130509,20130510,20130511,20130513,20130514,20130516,20130517,20130519,20130522,20130524,20130525,20130528,20130529,20130531,20130601 
Number is 85 
G.3.6_index_3_VS_G.3.6_index_1 [27] 
20130420,20130421,20130425,20130426,20130427,20130428,20130429,20130430,20130502,20130503,20130506,20130507,20130508,20130512,20130513,20130515,20130516,20130517,20130520,20130523,20130524,20130530,20130601 
Number is 92 
G.5.2_index_3_VS_G.3.4_index_1 [28] 
20130423,20130425,20130426,20130427,20130428,20130429,20130430,20130507,20130508,20130510,20130511,20130513,20130515,20130517,20130518,20130520,20130521,20130525,20130526,20130528,20130601 
Number is 98 
G.4.4_index_1_VS_G.3.3_index_4 [29] PLUS 1 
20130423,20130425,20130426,20130427,20130428,20130429,20130430,20130501,20130507,20130509,20130510,20130511,20130514,20130516,20130518,20130521,20130525,20130527,20130528,20130530,20130601 
