======== Current: 20130508 ========= 
Number is 01 
G.7.4_index_1_VS_G.4.4_index_4 [1] 
20130420,20130428,20130430,20130501,20130502,20130503,20130504,20130505,20130506,20130507,20130510,20130517,20130519,20130522,20130523,20130527 
Number is 02 
G.5.3_index_2_VS_G.7.3_index_2 [2] PLUS 1 
20130420,20130421,20130425,20130426,20130430,20130502,20130503,20130504,20130505,20130506,20130507,20130508,20130509,20130510,20130511,20130512,20130513,20130515,20130516,20130519,20130520,20130524,20130527,20130529,20130530 
G.2.2_index_3_VS_G.DB_index_2 [3] PLUS 1 
20130422,20130425,20130426,20130427,20130428,20130430,20130502,20130503,20130504,20130505,20130506,20130507,20130508,20130511,20130513,20130517,20130524,20130526,20130527,20130530,20130601 
Number is 03 
G.6.1_index_1_VS_G.3.6_index_2 [4] 
20130420,20130421,20130422,20130423,20130426,20130501,20130502,20130503,20130504,20130505,20130506,20130507,20130511,20130512,20130520,20130523,20130527,20130529,20130531,20130601 
Number is 09 
G.4.4_index_2_VS_G.7.4_index_2 [5] 
20130422,20130423,20130424,20130429,20130430,20130502,20130503,20130504,20130505,20130506,20130507,20130510,20130512,20130513,20130515,20130518,20130520,20130527,20130530,20130531 
Number is 12 
G.4.4_index_4_VS_G.5.6_index_2 [6] 
20130421,20130422,20130501,20130502,20130503,20130504,20130505,20130506,20130507,20130511,20130515,20130516,20130518,20130519,20130526 
Number is 14 
G.5.4_index_2_VS_G.2.1_index_5 [7] 
20130421,20130422,20130426,20130501,20130502,20130503,20130504,20130505,20130506,20130507,20130512,20130515,20130517,20130518,20130520,20130521,20130524,20130525,20130527,20130530 
Number is 16 
G.3.2_index_2_VS_G.3.4_index_3 [8] PLUS 1 
20130422,20130427,20130502,20130503,20130504,20130505,20130506,20130507,20130508,20130509,20130511,20130515,20130518,20130520,20130522,20130523,20130525,20130526,20130528 
Number is 17 
G.4.4_index_4_VS_G.3.1_index_4 [9] 
20130420,20130429,20130430,20130502,20130503,20130504,20130505,20130506,20130507,20130514,20130515,20130516,20130517,20130519,20130522,20130526,20130527,20130601 
Number is 20 
G.3.5_index_2_VS_G.6.1_index_1 [10] PLUS 1 
20130420,20130423,20130427,20130429,20130430,20130501,20130502,20130503,20130504,20130505,20130506,20130507,20130508,20130510,20130513,20130514,20130516,20130519,20130523,20130529,20130530 
Number is 24 
G.4.1_index_3_VS_G.6.2_index_1 [11] PLUS 1 
20130422,20130424,20130425,20130426,20130427,20130430,20130502,20130503,20130504,20130505,20130506,20130507,20130508,20130513,20130514,20130515,20130516,20130517,20130519,20130521,20130523,20130524,20130525,20130526,20130528,20130530 
Number is 26 
G.DB_index_2_VS_G.5.4_index_4 [12] PLUS 1 
20130422,20130425,20130427,20130428,20130502,20130503,20130504,20130505,20130506,20130507,20130508,20130514,20130517,20130518,20130522,20130526,20130527,20130529,20130530,20130601 
G.DB_index_2_VS_G.4.2_index_2 [13] PLUS 1 
20130424,20130425,20130426,20130430,20130501,20130502,20130503,20130504,20130505,20130506,20130507,20130508,20130509,20130510,20130511,20130513,20130515,20130516,20130523,20130526,20130529,20130530,20130531,20130601 
Number is 29 
G.3.5_index_2_VS_G.3.3_index_4 [14] 
20130420,20130423,20130425,20130427,20130428,20130429,20130501,20130502,20130503,20130504,20130505,20130506,20130507,20130509,20130510,20130513,20130514,20130515,20130516,20130517,20130520,20130521,20130522,20130523,20130525,20130531,20130601 
G.3.3_index_3_VS_G.3.5_index_4 [15] 
20130420,20130422,20130429,20130502,20130503,20130504,20130505,20130506,20130507,20130510,20130513,20130514,20130517,20130520,20130522,20130523,20130524,20130525,20130526,20130529,20130530,20130531 
Number is 30 
G.3.3_index_1_VS_G.4.1_index_2 [16] 
20130420,20130422,20130425,20130429,20130502,20130503,20130504,20130505,20130506,20130507,20130511,20130515,20130517,20130518,20130521,20130522,20130523,20130524,20130526,20130530,20130531,20130601 
Number is 31 
G.3.3_index_1_VS_G.4.4_index_4 [17] PLUS 1 
20130420,20130422,20130425,20130426,20130428,20130429,20130501,20130502,20130503,20130504,20130505,20130506,20130507,20130508,20130509,20130510,20130517,20130518,20130519,20130522,20130527,20130601 
G.5.1_index_1_VS_G.4.4_index_4 [18] PLUS 1 
20130422,20130427,20130502,20130503,20130504,20130505,20130506,20130507,20130508,20130510,20130515,20130516,20130518,20130520,20130522,20130526,20130527,20130530,20130531 
Number is 32 
G.3.1_index_3_VS_G.7.3_index_2 [19] 
20130424,20130425,20130429,20130502,20130503,20130504,20130505,20130506,20130507,20130522,20130523,20130524,20130525,20130526,20130601 
Number is 33 
G.1.1_index_5_VS_G.2.1_index_4 [20] PLUS 1 
20130420,20130423,20130425,20130426,20130501,20130502,20130503,20130504,20130505,20130506,20130507,20130508,20130516,20130519,20130520,20130522,20130524,20130525,20130527,20130530,20130601 
Number is 44 
G.3.5_index_3_VS_G.1.1_index_3 [21] 
20130420,20130424,20130426,20130427,20130502,20130503,20130504,20130505,20130506,20130507,20130509,20130511,20130515,20130520,20130525,20130529 
Number is 49 
G.6.2_index_1_VS_G.7.4_index_2 [22] 
20130420,20130422,20130424,20130425,20130430,20130502,20130503,20130504,20130505,20130506,20130507,20130510,20130511,20130514,20130522,20130525,20130526,20130527,20130530 
Number is 50 
G.3.6_index_5_VS_G.5.3_index_2 [23] PLUS 1 
20130421,20130425,20130426,20130427,20130430,20130502,20130503,20130504,20130505,20130506,20130507,20130508,20130509,20130513,20130516,20130519,20130520,20130521,20130522,20130524,20130601 
Number is 52 
G.2.2_index_1_VS_G.3.3_index_3 [24] PLUS 1 
20130420,20130421,20130424,20130425,20130428,20130502,20130503,20130504,20130505,20130506,20130507,20130508,20130512,20130514,20130515,20130519,20130522,20130524,20130526,20130529,20130530,20130601 
Number is 55 
G.3.4_index_4_VS_G.DB_index_5 [25] 
20130420,20130423,20130424,20130425,20130427,20130428,20130429,20130502,20130503,20130504,20130505,20130506,20130507,20130513,20130514,20130524,20130526,20130528,20130530,20130601 
Number is 62 
G.7.2_index_1_VS_G.3.5_index_2 [26] PLUS 1 
20130421,20130501,20130502,20130503,20130504,20130505,20130506,20130507,20130508,20130514,20130516,20130517,20130519,20130521,20130522,20130523,20130525,20130527 
Number is 74 
G.3.4_index_2_VS_G.3.5_index_3 [27] 
20130420,20130423,20130425,20130428,20130502,20130503,20130504,20130505,20130506,20130507,20130511,20130512,20130524,20130526,20130528 
Number is 81 
G.7.1_index_2_VS_G.6.1_index_2 [28] 
20130420,20130421,20130424,20130501,20130502,20130503,20130504,20130505,20130506,20130507,20130512,20130515,20130520,20130521,20130525,20130526,20130528,20130531,20130601 
Number is 84 
G.7.1_index_2_VS_G.6.2_index_1 [29] PLUS 1 
20130425,20130426,20130427,20130428,20130430,20130502,20130503,20130504,20130505,20130506,20130507,20130508,20130509,20130511,20130515,20130518,20130519,20130521,20130522,20130525,20130527,20130530 
Number is 90 
G.4.3_index_4_VS_G.6.1_index_1 [30] 
20130421,20130426,20130429,20130501,20130502,20130503,20130504,20130505,20130506,20130507,20130511,20130512,20130518,20130520,20130521,20130522,20130526,20130528,20130529,20130531,20130601 
Number is 94 
G.3.1_index_1_VS_G.1.1_index_2 [31] 
20130420,20130421,20130422,20130423,20130424,20130428,20130429,20130501,20130502,20130503,20130504,20130505,20130506,20130507,20130510,20130513,20130514,20130515,20130517,20130521,20130527,20130529,20130530,20130601 
Number is 95 
G.7.4_index_2_VS_G.2.2_index_4 [32] 
20130424,20130428,20130430,20130502,20130503,20130504,20130505,20130506,20130507,20130509,20130511,20130515,20130520,20130527,20130528,20130530 
