======== Current: 20130521 ========= 
Number is 12 
G.4.1_index_2_VS_G.2.1_index_2 [1] 
20130423,20130426,20130427,20130428,20130501,20130504,20130506,20130507,20130509,20130512,20130513,20130514,20130515,20130516,20130517,20130518,20130519,20130520,20130522,20130527,20130531 
Number is 16 
G.3.2_index_2_VS_G.6.3_index_2 [2] 
20130422,20130426,20130427,20130430,20130502,20130503,20130505,20130506,20130510,20130512,20130514,20130515,20130516,20130517,20130518,20130519,20130520,20130523,20130525,20130526,20130528,20130531,20130601 
Number is 24 
G.3.2_index_1_VS_G.3.3_index_5 [3] PLUS 1 
20130421,20130427,20130428,20130501,20130502,20130503,20130505,20130506,20130508,20130509,20130513,20130515,20130516,20130517,20130518,20130519,20130520,20130521,20130522,20130523,20130525,20130527,20130529,20130601 
G.2.2_index_3_VS_G.6.2_index_1 [4] PLUS 1 
20130421,20130422,20130424,20130425,20130427,20130430,20130506,20130507,20130509,20130510,20130515,20130516,20130517,20130518,20130519,20130520,20130521,20130522,20130527,20130528,20130530 
Number is 26 
G.2.1_index_2_VS_G.3.4_index_3 [5] 
20130420,20130422,20130426,20130427,20130428,20130502,20130506,20130507,20130510,20130511,20130515,20130516,20130517,20130518,20130519,20130520,20130524,20130526,20130527,20130531 
Number is 27 
G.3.2_index_1_VS_G.7.2_index_1 [6] PLUS 1 
20130420,20130425,20130426,20130429,20130430,20130501,20130504,20130506,20130507,20130509,20130512,20130513,20130514,20130515,20130516,20130517,20130518,20130519,20130520,20130521,20130523,20130524,20130525,20130527,20130530 
Number is 29 
G.3.2_index_1_VS_G.2.2_index_1 [7] PLUS 1 
20130420,20130421,20130424,20130426,20130429,20130430,20130501,20130504,20130508,20130509,20130514,20130515,20130516,20130517,20130518,20130519,20130520,20130521,20130522,20130524,20130526,20130527,20130528,20130530,20130601 
G.3.2_index_1_VS_G.6.2_index_3 [8] PLUS 1 
20130420,20130423,20130425,20130426,20130429,20130430,20130501,20130508,20130509,20130511,20130512,20130514,20130515,20130516,20130517,20130518,20130519,20130520,20130521,20130529,20130530,20130601 
Number is 36 
G.DB_index_3_VS_G.1.1_index_4 [9] PLUS 1 
20130420,20130423,20130424,20130426,20130428,20130501,20130502,20130504,20130507,20130510,20130511,20130512,20130513,20130515,20130516,20130517,20130518,20130519,20130520,20130521,20130522 
G.5.4_index_2_VS_G.2.2_index_5 [10] PLUS 1 
20130420,20130424,20130428,20130502,20130503,20130505,20130507,20130511,20130512,20130515,20130516,20130517,20130518,20130519,20130520,20130521,20130522,20130523,20130527,20130529,20130531 
Number is 45 
G.3.3_index_5_VS_G.5.2_index_1 [11] 
20130422,20130423,20130427,20130428,20130501,20130504,20130506,20130508,20130509,20130510,20130512,20130513,20130514,20130515,20130516,20130517,20130518,20130519,20130520,20130523,20130524,20130526,20130527,20130529,20130530,20130531,20130601 
G.3.3_index_5_VS_G.6.3_index_1 [12] 
20130422,20130425,20130426,20130427,20130503,20130504,20130506,20130507,20130509,20130510,20130511,20130514,20130515,20130516,20130517,20130518,20130519,20130520,20130522,20130523,20130526,20130527 
Number is 47 
G.3.3_index_5_VS_G.4.3_index_1 [13] 
20130422,20130424,20130426,20130427,20130428,20130502,20130503,20130506,20130509,20130512,20130513,20130514,20130515,20130516,20130517,20130518,20130519,20130520,20130522,20130523,20130524,20130525,20130527,20130529,20130601 
Number is 56 
G.2.1_index_1_VS_G.3.4_index_3 [14] 
20130420,20130421,20130422,20130423,20130425,20130426,20130427,20130504,20130506,20130507,20130515,20130516,20130517,20130518,20130519,20130520,20130522,20130525,20130526,20130527 
Number is 63 
G.3.4_index_3_VS_G.5.4_index_2 [15] PLUS 1 
20130422,20130427,20130428,20130429,20130502,20130503,20130505,20130506,20130508,20130509,20130514,20130515,20130516,20130517,20130518,20130519,20130520,20130521,20130523,20130524,20130526,20130528,20130531 
Number is 64 
G.4.1_index_1_VS_G.6.2_index_1 [16] 
20130422,20130424,20130426,20130428,20130430,20130503,20130504,20130506,20130508,20130515,20130516,20130517,20130518,20130519,20130520,20130522,20130527 
Number is 66 
G.6.3_index_2_VS_G.6.2_index_2 [17] 
20130420,20130421,20130425,20130426,20130503,20130505,20130509,20130510,20130512,20130514,20130515,20130516,20130517,20130518,20130519,20130520,20130525,20130527,20130531 
Number is 73 
G.3.6_index_4_VS_G.DB_index_3 [18] PLUS 1 
20130421,20130422,20130424,20130501,20130502,20130503,20130504,20130508,20130509,20130512,20130513,20130515,20130516,20130517,20130518,20130519,20130520,20130521,20130525,20130526,20130529,20130601 
Number is 83 
G.6.1_index_3_VS_G.5.4_index_2 [19] PLUS 1 
20130420,20130424,20130427,20130502,20130503,20130505,20130506,20130510,20130515,20130516,20130517,20130518,20130519,20130520,20130521,20130522,20130524,20130526,20130531 
Number is 89 
G.3.2_index_4_VS_G.2.2_index_1 [20] PLUS 1 
20130421,20130422,20130425,20130426,20130502,20130504,20130509,20130515,20130516,20130517,20130518,20130519,20130520,20130521,20130522,20130525,20130527,20130601 
Number is 92 
G.4.4_index_2_VS_G.2.1_index_2 [21] PLUS 1 
20130422,20130429,20130502,20130506,20130509,20130512,20130515,20130516,20130517,20130518,20130519,20130520,20130521,20130526,20130527,20130528,20130601 
Number is 98 
G.6.2_index_3_VS_G.3.2_index_4 [22] PLUS 1 
20130420,20130422,20130424,20130425,20130501,20130512,20130515,20130516,20130517,20130518,20130519,20130520,20130521,20130522,20130524,20130525,20130529,20130530,20130601 
