======== Current: 20130525 ========= 
Number is 02 
G.3.4_index_1_VS_G.5.1_index_4 [1] PLUS 1 
20130503,20130504,20130505,20130506,20130508,20130509,20130510,20130512,20130514,20130517,20130519,20130520,20130521,20130522,20130523,20130524,20130525,20130601 
Number is 08 
G.3.4_index_1_VS_G.3.4_index_3 [2] PLUS 1 
20130422,20130423,20130426,20130429,20130501,20130502,20130503,20130504,20130505,20130514,20130515,20130517,20130518,20130519,20130520,20130521,20130522,20130523,20130524,20130525,20130531 
Number is 09 
G.DB_index_3_VS_G.2.2_index_5 [3] PLUS 1 
20130420,20130421,20130425,20130426,20130502,20130508,20130511,20130517,20130518,20130519,20130520,20130521,20130522,20130523,20130524,20130525,20130527,20130529,20130530,20130601 
G.5.5_index_4_VS_G.3.3_index_2 [4] PLUS 1 
20130426,20130428,20130501,20130502,20130505,20130507,20130513,20130516,20130519,20130520,20130521,20130522,20130523,20130524,20130525,20130528,20130529,20130530,20130531 
Number is 11 
G.4.1_index_3_VS_G.5.6_index_3 [5] 
20130423,20130424,20130425,20130501,20130502,20130506,20130508,20130509,20130512,20130513,20130517,20130519,20130520,20130521,20130522,20130523,20130524,20130530 
Number is 17 
G.5.2_index_1_VS_G.4.1_index_4 [6] 
20130422,20130424,20130425,20130428,20130503,20130510,20130511,20130516,20130518,20130519,20130520,20130521,20130522,20130523,20130524,20130601 
Number is 29 
G.6.2_index_3_VS_G.4.2_index_4 [7] 
20130420,20130423,20130424,20130429,20130501,20130503,20130509,20130515,20130519,20130520,20130521,20130522,20130523,20130524,20130528,20130601 
Number is 32 
G.2.1_index_3_VS_G.5.2_index_2 [8] 
20130421,20130425,20130428,20130429,20130501,20130505,20130506,20130508,20130514,20130515,20130519,20130520,20130521,20130522,20130523,20130524,20130526 
Number is 38 
G.4.3_index_2_VS_G.5.6_index_2 [9] PLUS 1 
20130420,20130423,20130426,20130429,20130430,20130503,20130507,20130511,20130513,20130514,20130519,20130520,20130521,20130522,20130523,20130524,20130525,20130528,20130531 
Number is 41 
G.5.2_index_4_VS_G.4.1_index_3 [10] 
20130420,20130421,20130422,20130427,20130428,20130430,20130501,20130503,20130504,20130508,20130517,20130518,20130519,20130520,20130521,20130522,20130523,20130524,20130528,20130530,20130531,20130601 
Number is 48 
G.7.4_index_1_VS_G.6.1_index_3 [11] 
20130420,20130422,20130425,20130426,20130427,20130430,20130501,20130503,20130504,20130506,20130512,20130513,20130517,20130519,20130520,20130521,20130522,20130523,20130524,20130526,20130528,20130529 
Number is 52 
G.3.5_index_4_VS_G.4.4_index_2 [12] PLUS 1 
20130422,20130424,20130426,20130430,20130502,20130506,20130512,20130514,20130518,20130519,20130520,20130521,20130522,20130523,20130524,20130525,20130527,20130531,20130601 
Number is 56 
G.2.1_index_4_VS_G.3.1_index_3 [13] 
20130420,20130422,20130425,20130429,20130501,20130502,20130504,20130506,20130507,20130508,20130511,20130516,20130519,20130520,20130521,20130522,20130523,20130524,20130526,20130527,20130530 
Number is 58 
G.4.2_index_2_VS_G.3.4_index_5 [14] PLUS 1 
20130424,20130425,20130428,20130430,20130501,20130504,20130506,20130507,20130511,20130513,20130515,20130518,20130519,20130520,20130521,20130522,20130523,20130524,20130525,20130527,20130531 
Number is 61 
G.5.6_index_1_VS_G.3.6_index_1 [15] PLUS 1 
20130420,20130425,20130428,20130429,20130503,20130504,20130509,20130510,20130511,20130516,20130518,20130519,20130520,20130521,20130522,20130523,20130524,20130525,20130528,20130529 
Number is 62 
G.3.1_index_3_VS_G.6.2_index_3 [16] PLUS 1 
20130420,20130421,20130422,20130423,20130425,20130426,20130502,20130506,20130507,20130508,20130514,20130515,20130517,20130518,20130519,20130520,20130521,20130522,20130523,20130524,20130525,20130527,20130530 
Number is 63 
G.DB_index_1_VS_G.3.3_index_3 [17] 
20130420,20130424,20130428,20130429,20130430,20130501,20130507,20130508,20130512,20130513,20130516,20130518,20130519,20130520,20130521,20130522,20130523,20130524,20130526,20130601 
Number is 67 
G.3.5_index_1_VS_G.5.4_index_2 [18] 
20130423,20130424,20130427,20130430,20130501,20130503,20130506,20130507,20130510,20130512,20130513,20130517,20130518,20130519,20130520,20130521,20130522,20130523,20130524,20130526,20130527,20130528,20130530,20130531 
G.4.1_index_1_VS_G.4.4_index_4 [19] 
20130420,20130423,20130429,20130430,20130501,20130502,20130504,20130505,20130507,20130510,20130513,20130516,20130517,20130519,20130520,20130521,20130522,20130523,20130524,20130528,20130531 
G.5.3_index_3_VS_G.4.4_index_4 [20] 
20130420,20130422,20130425,20130428,20130430,20130501,20130502,20130504,20130506,20130508,20130509,20130513,20130517,20130519,20130520,20130521,20130522,20130523,20130524,20130530,20130531 
Number is 69 
G.1.1_index_2_VS_G.2.2_index_4 [21] 
20130422,20130424,20130428,20130429,20130430,20130502,20130504,20130507,20130508,20130509,20130510,20130516,20130519,20130520,20130521,20130522,20130523,20130524,20130526 
Number is 73 
G.3.1_index_5_VS_G.2.1_index_3 [22] 
20130421,20130424,20130427,20130428,20130429,20130501,20130502,20130505,20130508,20130510,20130511,20130512,20130517,20130518,20130519,20130520,20130521,20130522,20130523,20130524,20130528 
Number is 75 
G.3.1_index_1_VS_G.7.2_index_1 [23] PLUS 1 
20130421,20130422,20130424,20130427,20130429,20130430,20130502,20130504,20130505,20130506,20130509,20130512,20130516,20130519,20130520,20130521,20130522,20130523,20130524,20130525,20130527,20130529,20130530 
G.7.3_index_1_VS_G.2.1_index_4 [24] PLUS 1 
20130421,20130422,20130423,20130425,20130427,20130501,20130506,20130507,20130511,20130512,20130514,20130519,20130520,20130521,20130522,20130523,20130524,20130525,20130527 
Number is 82 
G.6.1_index_3_VS_G.6.2_index_3 [25] PLUS 1 
20130422,20130423,20130424,20130425,20130426,20130430,20130501,20130504,20130505,20130506,20130511,20130517,20130519,20130520,20130521,20130522,20130523,20130524,20130525,20130527,20130529,20130530,20130601 
Number is 83 
G.7.1_index_2_VS_G.5.4_index_1 [26] PLUS 1 
20130420,20130426,20130427,20130501,20130502,20130504,20130508,20130509,20130510,20130511,20130516,20130519,20130520,20130521,20130522,20130523,20130524,20130525,20130528,20130529,20130530 
Number is 86 
G.3.4_index_5_VS_G.5.3_index_3 [27] PLUS 1 
20130421,20130423,20130427,20130428,20130503,20130504,20130509,20130511,20130512,20130515,20130519,20130520,20130521,20130522,20130523,20130524,20130525,20130526,20130528,20130530 
G.5.6_index_4_VS_G.6.3_index_2 [28] PLUS 1 
20130422,20130424,20130425,20130427,20130501,20130503,20130504,20130506,20130510,20130512,20130514,20130517,20130518,20130519,20130520,20130521,20130522,20130523,20130524,20130525,20130527,20130528,20130529,20130531,20130601 
Number is 89 
G.5.6_index_2_VS_G.4.2_index_4 [29] PLUS 1 
20130426,20130430,20130503,20130507,20130514,20130519,20130520,20130521,20130522,20130523,20130524,20130525,20130526,20130528,20130530,20130601 
Number is 97 
G.1.1_index_5_VS_G.3.1_index_5 [30] 
20130420,20130423,20130428,20130430,20130502,20130503,20130508,20130509,20130510,20130512,20130516,20130517,20130518,20130519,20130520,20130521,20130522,20130523,20130524,20130530 
