======== Current: 20150701 ========= 
Number is 01 
G.3.3_index_1_VS_G.3.6_index_3 [1] 
20150617,20150621,20150625,20150626,20150627,20150628,20150629,20150630,20150705,20150707,20150711,20150714,20150715,20150717,20150718,20150720,20150721,20150724,20150725,20150726,20150730,20150802 
Number is 15 
G.3.6_index_3_VS_G.5.4_index_3 [2] PLUS 1 
20150617,20150618,20150619,20150621,20150624,20150625,20150626,20150627,20150628,20150629,20150630,20150701,20150707,20150708,20150709,20150713,20150715,20150716,20150726,20150728,20150801 
Number is 16 
G.3.2_index_3_VS_G.1.1_index_5 [3] PLUS 1 
20150617,20150620,20150623,20150624,20150625,20150626,20150627,20150628,20150629,20150630,20150701,20150704,20150705,20150707,20150708,20150709,20150712,20150713,20150715,20150716,20150718,20150720,20150723,20150725,20150728,20150731 
Number is 18 
G.3.2_index_3_VS_G.3.1_index_3 [4] 
20150617,20150619,20150621,20150625,20150626,20150627,20150628,20150629,20150630,20150703,20150706,20150707,20150710,20150714,20150720,20150723,20150724,20150725,20150727,20150728,20150729 
G.3.2_index_3_VS_G.3.3_index_2 [5] 
20150615,20150616,20150617,20150622,20150623,20150625,20150626,20150627,20150628,20150629,20150630,20150704,20150706,20150709,20150711,20150712,20150713,20150714,20150718,20150719,20150721,20150722,20150725,20150729,20150731 
Number is 19 
G.3.2_index_3_VS_G.3.5_index_3 [6] 
20150616,20150617,20150618,20150623,20150625,20150626,20150627,20150628,20150629,20150630,20150704,20150706,20150707,20150708,20150716,20150717,20150721,20150725,20150727,20150728 
Number is 28 
G.5.1_index_2_VS_G.3.1_index_1 [7] 
20150615,20150616,20150620,20150623,20150624,20150625,20150626,20150627,20150628,20150629,20150630,20150703,20150711,20150712,20150713,20150717,20150721,20150723,20150724,20150725,20150728,20150731,20150801 
Number is 34 
G.5.2_index_2_VS_G.5.5_index_2 [8] PLUS 1 
20150617,20150619,20150622,20150623,20150625,20150626,20150627,20150628,20150629,20150630,20150701,20150707,20150709,20150710,20150711,20150713,20150714,20150716,20150717,20150721,20150722,20150723,20150728,20150729 
Number is 36 
G.5.5_index_1_VS_G.7.3_index_1 [9] 
20150617,20150622,20150625,20150626,20150627,20150628,20150629,20150630,20150708,20150713,20150714,20150717,20150718,20150720,20150728,20150729,20150731 
Number is 37 
G.6.3_index_3_VS_G.DB_index_1 [10] 
20150618,20150624,20150625,20150626,20150627,20150628,20150629,20150630,20150703,20150705,20150706,20150708,20150709,20150712,20150713,20150716,20150719,20150720,20150721,20150723,20150725,20150801 
Number is 41 
G.2.1_index_2_VS_G.4.4_index_1 [11] PLUS 1 
20150616,20150617,20150618,20150623,20150625,20150626,20150627,20150628,20150629,20150630,20150701,20150702,20150703,20150707,20150708,20150709,20150710,20150712,20150715,20150716,20150717,20150718,20150719,20150721,20150728,20150731,20150801 
Number is 63 
G.3.4_index_4_VS_G.6.3_index_3 [12] 
20150615,20150616,20150618,20150623,20150625,20150626,20150627,20150628,20150629,20150630,20150704,20150706,20150707,20150711,20150712,20150714,20150715,20150716,20150717,20150720,20150721,20150723,20150724,20150725,20150729,20150730 
Number is 64 
G.DB_index_4_VS_G.3.2_index_1 [13] 
20150618,20150619,20150621,20150623,20150625,20150626,20150627,20150628,20150629,20150630,20150707,20150713,20150715,20150716,20150718,20150720,20150723,20150725,20150726,20150727,20150731 
Number is 66 
G.3.3_index_5_VS_G.2.1_index_1 [14] PLUS 1 
20150615,20150616,20150618,20150619,20150620,20150623,20150624,20150625,20150626,20150627,20150628,20150629,20150630,20150701,20150703,20150704,20150705,20150707,20150712,20150721,20150723,20150725,20150726,20150727,20150730,20150731,20150801,20150802 
Number is 68 
G.DB_index_4_VS_G.3.1_index_3 [15] 
20150619,20150620,20150621,20150625,20150626,20150627,20150628,20150629,20150630,20150702,20150703,20150705,20150706,20150707,20150708,20150709,20150712,20150714,20150715,20150716,20150719,20150720,20150722,20150724,20150725,20150731 
Number is 78 
G.5.6_index_2_VS_G.3.1_index_1 [16] PLUS 1 
20150615,20150616,20150618,20150619,20150621,20150622,20150623,20150625,20150626,20150627,20150628,20150629,20150630,20150701,20150702,20150703,20150704,20150705,20150707,20150709,20150713,20150714,20150718,20150721,20150722,20150725,20150727,20150730,20150731 
Number is 80 
G.5.6_index_1_VS_G.5.6_index_3 [17] PLUS 1 
20150620,20150623,20150625,20150626,20150627,20150628,20150629,20150630,20150701,20150703,20150704,20150706,20150707,20150709,20150710,20150711,20150713,20150714,20150716,20150717,20150718,20150720,20150724,20150725,20150727,20150729,20150730,20150731,20150801,20150802 
Number is 86 
G.3.1_index_1_VS_G.1.1_index_5 [18] 
20150618,20150619,20150621,20150622,20150623,20150624,20150625,20150626,20150627,20150628,20150629,20150630,20150703,20150705,20150708,20150713,20150715,20150719,20150724,20150725,20150729,20150730,20150731,20150802 
G.3.1_index_3_VS_G.3.3_index_5 [19] 
20150616,20150619,20150623,20150624,20150625,20150626,20150627,20150628,20150629,20150630,20150702,20150703,20150704,20150705,20150706,20150710,20150713,20150714,20150718,20150719,20150720,20150723,20150724,20150725,20150726,20150727,20150730 
Number is 88 
G.3.1_index_1_VS_G.3.3_index_2 [20] 
20150615,20150616,20150625,20150626,20150627,20150628,20150629,20150630,20150702,20150707,20150709,20150710,20150711,20150720,20150721,20150722,20150723,20150724,20150725,20150727,20150730,20150802 
Number is 89 
G.3.4_index_2_VS_G.3.5_index_1 [21] PLUS 1 
20150616,20150618,20150619,20150620,20150621,20150624,20150625,20150626,20150627,20150628,20150629,20150630,20150701,20150708,20150713,20150714,20150716,20150718,20150719,20150721,20150722,20150726,20150727,20150802 
Number is 94 
G.3.5_index_1_VS_G.2.1_index_2 [22] 
20150615,20150617,20150618,20150619,20150622,20150625,20150626,20150627,20150628,20150629,20150630,20150703,20150705,20150708,20150711,20150714,20150716,20150717,20150720,20150721,20150722,20150726,20150727,20150728,20150802 
Number is 98 
G.3.2_index_5_VS_G.7.2_index_1 [23] PLUS 1 
20150616,20150618,20150620,20150621,20150624,20150625,20150626,20150627,20150628,20150629,20150630,20150701,20150704,20150708,20150709,20150710,20150712,20150713,20150714,20150716,20150719,20150721,20150801 
Number is 99 
G.3.5_index_1_VS_G.3.5_index_3 [24] 
20150615,20150617,20150624,20150625,20150626,20150627,20150628,20150629,20150630,20150708,20150711,20150716,20150720,20150724,20150726,20150727,20150802 
