======== Current: 20150703 ========= 
Number is 03 
G.4.4_index_2_VS_G.5.1_index_3 [1] 
20150616,20150619,20150623,20150626,20150627,20150628,20150629,20150630,20150701,20150702,20150706,20150707,20150711,20150713,20150717,20150719,20150722,20150727,20150731,20150801,20150802 
Number is 12 
G.5.6_index_1_VS_G.3.4_index_1 [2] PLUS 1 
20150618,20150619,20150622,20150623,20150625,20150627,20150628,20150629,20150630,20150701,20150702,20150703,20150704,20150708,20150711,20150713,20150714,20150715,20150716,20150717,20150718,20150721,20150725,20150727,20150731,20150802 
Number is 22 
G.5.6_index_2_VS_G.3.1_index_1 [3] PLUS 1 
20150615,20150616,20150618,20150619,20150621,20150622,20150623,20150625,20150626,20150627,20150628,20150629,20150630,20150701,20150702,20150703,20150704,20150705,20150707,20150709,20150713,20150714,20150718,20150721,20150722,20150725,20150727,20150730,20150731 
Number is 29 
G.6.1_index_3_VS_G.6.2_index_2 [4] 
20150619,20150624,20150627,20150628,20150629,20150630,20150701,20150702,20150704,20150705,20150709,20150713,20150714,20150717,20150718,20150720,20150722,20150725,20150726,20150727,20150731,20150802 
Number is 33 
G.5.5_index_2_VS_G.3.1_index_5 [5] 
20150617,20150618,20150619,20150620,20150624,20150626,20150627,20150628,20150629,20150630,20150701,20150702,20150707,20150711,20150712,20150715,20150721,20150723,20150726,20150729 
G.5.5_index_2_VS_G.5.1_index_3 [6] 
20150619,20150620,20150621,20150623,20150627,20150628,20150629,20150630,20150701,20150702,20150705,20150706,20150711,20150715,20150716,20150718,20150719,20150721,20150723,20150724,20150728,20150801 
Number is 34 
G.5.5_index_2_VS_G.2.1_index_5 [7] 
20150615,20150618,20150621,20150623,20150624,20150625,20150627,20150628,20150629,20150630,20150701,20150702,20150707,20150708,20150709,20150711,20150713,20150715,20150716,20150718,20150720,20150723,20150729,20150730,20150731 
Number is 38 
G.3.5_index_1_VS_G.3.3_index_4 [8] 
20150616,20150617,20150618,20150619,20150621,20150623,20150624,20150627,20150628,20150629,20150630,20150701,20150702,20150705,20150707,20150709,20150710,20150713,20150716,20150718,20150720,20150721,20150725,20150729,20150730 
Number is 43 
G.7.4_index_2_VS_G.5.5_index_2 [9] 
20150616,20150617,20150618,20150621,20150625,20150627,20150628,20150629,20150630,20150701,20150702,20150708,20150710,20150711,20150713,20150714,20150715,20150718,20150719,20150721,20150723,20150727,20150801,20150802 
Number is 52 
G.3.1_index_3_VS_G.1.1_index_3 [10] PLUS 1 
20150616,20150617,20150619,20150627,20150628,20150629,20150630,20150701,20150702,20150703,20150705,20150706,20150709,20150710,20150715,20150723,20150727,20150728,20150729,20150731,20150802 
Number is 53 
G.2.1_index_2_VS_G.4.4_index_1 [11] PLUS 1 
20150616,20150617,20150618,20150623,20150625,20150626,20150627,20150628,20150629,20150630,20150701,20150702,20150703,20150707,20150708,20150709,20150710,20150712,20150715,20150716,20150717,20150718,20150719,20150721,20150728,20150731,20150801 
Number is 58 
G.2.1_index_2_VS_G.3.3_index_4 [12] 
20150615,20150617,20150618,20150620,20150623,20150627,20150628,20150629,20150630,20150701,20150702,20150707,20150710,20150713,20150714,20150716,20150718,20150719,20150721,20150723,20150727,20150728,20150729,20150730,20150731 
Number is 65 
G.3.5_index_2_VS_G.3.2_index_4 [13] PLUS 1 
20150615,20150624,20150627,20150628,20150629,20150630,20150701,20150702,20150703,20150704,20150710,20150712,20150713,20150715,20150721,20150722,20150723,20150725,20150726,20150729 
Number is 73 
G.DB_index_3_VS_G.5.5_index_2 [14] 
20150618,20150619,20150620,20150623,20150624,20150625,20150627,20150628,20150629,20150630,20150701,20150702,20150706,20150708,20150709,20150715,20150716,20150717,20150718,20150721,20150723,20150728,20150730,20150801,20150802 
Number is 82 
G.3.5_index_3_VS_G.3.1_index_1 [15] 
20150616,20150619,20150620,20150622,20150624,20150626,20150627,20150628,20150629,20150630,20150701,20150702,20150704,20150708,20150709,20150711,20150712,20150716,20150717,20150719,20150721,20150722,20150724,20150725,20150727,20150729,20150730,20150801 
Number is 85 
G.3.5_index_3_VS_G.3.1_index_3 [16] 
20150616,20150618,20150619,20150621,20150623,20150626,20150627,20150628,20150629,20150630,20150701,20150702,20150705,20150707,20150708,20150709,20150710,20150714,20150716,20150719,20150721,20150726,20150727,20150731 
Number is 92 
G.5.1_index_4_VS_G.3.1_index_1 [17] 
20150615,20150619,20150621,20150623,20150624,20150626,20150627,20150628,20150629,20150630,20150701,20150702,20150712,20150713,20150714,20150715,20150717,20150720,20150721,20150722,20150726,20150728,20150731 
