======== Current: 20150706 ========= 
Number is 03 
G.4.1_index_4_VS_G.3.1_index_3 [1] 
20150618,20150620,20150621,20150624,20150626,20150628,20150629,20150630,20150701,20150702,20150703,20150704,20150705,20150708,20150709,20150710,20150715,20150716,20150723,20150725,20150727,20150731,20150801,20150802 
Number is 07 
G.3.2_index_4_VS_G.5.4_index_2 [2] 
20150615,20150616,20150626,20150628,20150630,20150701,20150702,20150703,20150704,20150705,20150708,20150712,20150713,20150716,20150724,20150725,20150726,20150728,20150730 
G.3.3_index_2_VS_G.3.6_index_5 [3] 
20150623,20150628,20150629,20150630,20150701,20150702,20150703,20150704,20150705,20150710,20150716,20150722,20150724,20150728,20150730,20150802 
Number is 11 
G.6.1_index_1_VS_G.3.4_index_3 [4] 
20150615,20150618,20150619,20150621,20150622,20150623,20150628,20150629,20150630,20150701,20150702,20150703,20150704,20150705,20150708,20150710,20150713,20150716,20150722,20150724,20150725,20150726,20150728,20150730,20150802 
Number is 16 
G.2.1_index_2_VS_G.3.2_index_2 [5] 
20150617,20150622,20150627,20150628,20150630,20150701,20150702,20150703,20150704,20150705,20150709,20150711,20150712,20150713,20150715,20150717,20150718,20150727 
Number is 30 
G.4.3_index_3_VS_G.5.3_index_1 [6] 
20150617,20150623,20150625,20150626,20150630,20150701,20150702,20150703,20150704,20150705,20150708,20150709,20150710,20150714,20150717,20150721,20150724,20150725,20150727,20150729,20150731,20150801,20150802 
Number is 34 
G.3.6_index_4_VS_G.3.2_index_3 [7] PLUS 1 
20150616,20150617,20150618,20150619,20150623,20150625,20150628,20150630,20150701,20150702,20150703,20150704,20150705,20150706,20150707,20150711,20150712,20150719,20150722,20150723,20150725,20150726,20150730 
Number is 36 
G.5.1_index_1_VS_G.5.2_index_1 [8] 
20150618,20150621,20150622,20150625,20150626,20150630,20150701,20150702,20150703,20150704,20150705,20150707,20150708,20150712,20150714,20150715,20150717,20150723,20150724,20150727,20150728,20150802 
Number is 37 
G.6.2_index_3_VS_G.3.6_index_5 [9] PLUS 1 
20150615,20150617,20150618,20150621,20150622,20150623,20150625,20150626,20150628,20150629,20150630,20150701,20150702,20150703,20150704,20150705,20150706,20150708,20150709,20150713,20150714,20150716,20150719,20150728,20150729 
G.3.1_index_3_VS_G.3.6_index_5 [10] PLUS 1 
20150615,20150627,20150629,20150630,20150701,20150702,20150703,20150704,20150705,20150706,20150708,20150713,20150715,20150721,20150723,20150725,20150727 
Number is 53 
G.3.3_index_1_VS_G.3.1_index_3 [11] PLUS 1 
20150623,20150625,20150626,20150627,20150629,20150630,20150701,20150702,20150703,20150704,20150705,20150706,20150707,20150708,20150712,20150714,20150715,20150718,20150719,20150720,20150721,20150727,20150731,20150801 
Number is 69 
G.5.2_index_1_VS_G.3.4_index_5 [12] PLUS 1 
20150617,20150622,20150623,20150627,20150628,20150630,20150701,20150702,20150703,20150704,20150705,20150706,20150707,20150708,20150709,20150710,20150714,20150720,20150728,20150729 
Number is 73 
G.5.4_index_2_VS_G.3.1_index_3 [13] PLUS 1 
20150616,20150623,20150624,20150628,20150630,20150701,20150702,20150703,20150704,20150705,20150706,20150707,20150708,20150712,20150715,20150721,20150725,20150727,20150731,20150802 
Number is 82 
G.5.6_index_2_VS_G.3.1_index_1 [14] 
20150615,20150616,20150618,20150619,20150621,20150622,20150623,20150625,20150626,20150627,20150628,20150629,20150630,20150701,20150702,20150703,20150704,20150705,20150707,20150709,20150713,20150714,20150718,20150721,20150722,20150725,20150727,20150730,20150731 
Number is 86 
G.4.2_index_3_VS_G.3.2_index_2 [15] PLUS 1 
20150617,20150621,20150622,20150627,20150630,20150701,20150702,20150703,20150704,20150705,20150706,20150708,20150709,20150711,20150712,20150713,20150714,20150718,20150719,20150720,20150723,20150724,20150729,20150730,20150801 
Number is 89 
G.5.6_index_2_VS_G.5.1_index_2 [16] 
20150615,20150616,20150617,20150619,20150620,20150621,20150622,20150623,20150626,20150629,20150630,20150701,20150702,20150703,20150704,20150705,20150708,20150713,20150715,20150719,20150721,20150722,20150723,20150725,20150728,20150729,20150731,20150801 
Number is 91 
G.3.4_index_5_VS_G.3.4_index_3 [17] 
20150617,20150619,20150620,20150621,20150623,20150628,20150629,20150630,20150701,20150702,20150703,20150704,20150705,20150707,20150708,20150714,20150715,20150716,20150720,20150723,20150724,20150729,20150730,20150801,20150802 
