======== Current: 20150707 ========= 
Number is 04 
G.4.2_index_2_VS_G.3.4_index_1 [1] PLUS 1 
20150616,20150625,20150628,20150701,20150702,20150703,20150704,20150705,20150706,20150707,20150709,20150710,20150712,20150714,20150715,20150717,20150725,20150727,20150728,20150731,20150802 
Number is 09 
G.6.2_index_3_VS_G.3.6_index_5 [2] 
20150615,20150617,20150618,20150621,20150622,20150623,20150625,20150626,20150628,20150629,20150630,20150701,20150702,20150703,20150704,20150705,20150706,20150708,20150709,20150713,20150714,20150716,20150719,20150728,20150729 
Number is 14 
G.3.4_index_2_VS_G.3.4_index_1 [3] 
20150616,20150617,20150624,20150625,20150628,20150701,20150702,20150703,20150704,20150705,20150706,20150708,20150709,20150713,20150714,20150718,20150721,20150722,20150724,20150725,20150727,20150728,20150731,20150802 
Number is 34 
G.5.4_index_2_VS_G.3.1_index_3 [4] PLUS 1 
20150616,20150623,20150624,20150628,20150630,20150701,20150702,20150703,20150704,20150705,20150706,20150707,20150708,20150712,20150715,20150721,20150725,20150727,20150731,20150802 
Number is 35 
G.5.4_index_2_VS_G.1.1_index_4 [5] 
20150615,20150617,20150623,20150624,20150626,20150628,20150701,20150702,20150703,20150704,20150705,20150706,20150708,20150710,20150712,20150714,20150716,20150717,20150720,20150721,20150723,20150724,20150725,20150727,20150728,20150730 
Number is 38 
G.5.2_index_1_VS_G.3.4_index_5 [6] PLUS 1 
20150617,20150622,20150623,20150627,20150628,20150630,20150701,20150702,20150703,20150704,20150705,20150706,20150707,20150708,20150709,20150710,20150714,20150720,20150728,20150729 
Number is 44 
G.3.3_index_1_VS_G.3.1_index_3 [7] PLUS 1 
20150623,20150625,20150626,20150627,20150629,20150630,20150701,20150702,20150703,20150704,20150705,20150706,20150707,20150708,20150712,20150714,20150715,20150718,20150719,20150720,20150721,20150727,20150731,20150801 
G.3.6_index_4_VS_G.4.4_index_3 [8] PLUS 1 
20150615,20150617,20150618,20150620,20150625,20150628,20150629,20150701,20150702,20150703,20150704,20150705,20150706,20150707,20150710,20150711,20150714,20150717,20150718,20150719,20150720,20150722,20150723,20150724,20150726,20150727,20150730 
G.3.6_index_4_VS_G.3.2_index_3 [9] PLUS 1 
20150616,20150617,20150618,20150619,20150623,20150625,20150628,20150630,20150701,20150702,20150703,20150704,20150705,20150706,20150707,20150711,20150712,20150719,20150722,20150723,20150725,20150726,20150730 
Number is 49 
G.3.1_index_3_VS_G.3.6_index_5 [10] 
20150615,20150627,20150629,20150630,20150701,20150702,20150703,20150704,20150705,20150706,20150708,20150713,20150715,20150721,20150723,20150725,20150727 
Number is 57 
G.3.1_index_4_VS_G.DB_index_3 [11] 
20150618,20150624,20150625,20150626,20150627,20150628,20150701,20150702,20150703,20150704,20150705,20150706,20150709,20150710,20150714,20150715,20150716,20150717,20150724,20150725,20150728,20150731 
Number is 65 
G.7.3_index_2_VS_G.3.1_index_4 [12] PLUS 1 
20150615,20150620,20150622,20150627,20150628,20150701,20150702,20150703,20150704,20150705,20150706,20150707,20150710,20150713,20150714,20150723,20150724,20150725,20150727,20150730,20150801 
Number is 73 
G.7.1_index_2_VS_G.2.1_index_1 [13] 
20150616,20150620,20150623,20150626,20150628,20150701,20150702,20150703,20150704,20150705,20150706,20150709,20150711,20150712,20150713,20150717,20150720,20150721,20150727,20150731,20150801 
Number is 74 
G.7.1_index_2_VS_G.3.2_index_3 [14] 
20150617,20150619,20150621,20150623,20150625,20150626,20150701,20150702,20150703,20150704,20150705,20150706,20150708,20150710,20150711,20150713,20150716,20150717,20150718,20150720,20150721,20150724,20150725,20150727,20150728,20150729 
Number is 75 
G.3.2_index_2_VS_G.4.3_index_1 [15] 
20150615,20150616,20150618,20150619,20150623,20150701,20150702,20150703,20150704,20150705,20150706,20150708,20150709,20150712,20150716,20150720,20150729,20150801 
Number is 77 
G.4.2_index_3_VS_G.3.2_index_2 [16] 
20150617,20150621,20150622,20150627,20150630,20150701,20150702,20150703,20150704,20150705,20150706,20150708,20150709,20150711,20150712,20150713,20150714,20150718,20150719,20150720,20150723,20150724,20150729,20150730,20150801 
Number is 95 
G.3.6_index_5_VS_G.6.1_index_1 [17] 
20150615,20150616,20150617,20150618,20150622,20150628,20150701,20150702,20150703,20150704,20150705,20150706,20150708,20150709,20150714,20150716,20150717,20150720,20150724,20150725,20150726,20150730,20150731 
Number is 99 
G.3.6_index_5_VS_G.3.4_index_3 [18] 
20150621,20150622,20150623,20150629,20150701,20150702,20150703,20150704,20150705,20150706,20150713,20150715,20150716,20150717,20150719,20150722,20150724,20150729,20150730,20150731,20150801,20150802 
