======== Current: 20150708 ========= 
Number is 04 
G.4.2_index_2_VS_G.3.4_index_1 [1] 
20150616,20150625,20150628,20150701,20150702,20150703,20150704,20150705,20150706,20150707,20150709,20150710,20150712,20150714,20150715,20150717,20150725,20150727,20150728,20150731,20150802 
G.2.2_index_1_VS_G.3.4_index_1 [2] 
20150617,20150618,20150620,20150623,20150625,20150627,20150702,20150703,20150704,20150705,20150706,20150707,20150709,20150714,20150723,20150725,20150726,20150727,20150802 
Number is 07 
G.3.3_index_1_VS_G.3.1_index_3 [3] PLUS 1 
20150623,20150625,20150626,20150627,20150629,20150630,20150701,20150702,20150703,20150704,20150705,20150706,20150707,20150708,20150712,20150714,20150715,20150718,20150719,20150720,20150721,20150727,20150731,20150801 
Number is 15 
G.7.3_index_2_VS_G.3.1_index_4 [4] 
20150615,20150620,20150622,20150627,20150628,20150701,20150702,20150703,20150704,20150705,20150706,20150707,20150710,20150713,20150714,20150723,20150724,20150725,20150727,20150730,20150801 
Number is 27 
G.4.3_index_3_VS_G.3.2_index_3 [5] PLUS 1 
20150616,20150617,20150618,20150625,20150628,20150629,20150630,20150702,20150703,20150704,20150705,20150706,20150707,20150708,20150711,20150712,20150713,20150717,20150721,20150722,20150728,20150729,20150801,20150802 
Number is 37 
G.3.6_index_4_VS_G.3.2_index_3 [6] 
20150616,20150617,20150618,20150619,20150623,20150625,20150628,20150630,20150701,20150702,20150703,20150704,20150705,20150706,20150707,20150711,20150712,20150719,20150722,20150723,20150725,20150726,20150730 
Number is 39 
G.3.6_index_4_VS_G.4.4_index_3 [7] 
20150615,20150617,20150618,20150620,20150625,20150628,20150629,20150701,20150702,20150703,20150704,20150705,20150706,20150707,20150710,20150711,20150714,20150717,20150718,20150719,20150720,20150722,20150723,20150724,20150726,20150727,20150730 
Number is 40 
G.4.4_index_1_VS_G.5.1_index_1 [8] 
20150618,20150625,20150626,20150702,20150703,20150704,20150705,20150706,20150707,20150709,20150714,20150716,20150724,20150725,20150726,20150730,20150801,20150802 
Number is 43 
G.2.1_index_1_VS_G.6.3_index_2 [9] PLUS 1 
20150616,20150621,20150622,20150625,20150702,20150703,20150704,20150705,20150706,20150707,20150708,20150719,20150722,20150723,20150724,20150727,20150731 
Number is 44 
G.2.1_index_1_VS_G.4.2_index_4 [10] PLUS 1 
20150619,20150621,20150624,20150630,20150702,20150703,20150704,20150705,20150706,20150707,20150708,20150710,20150712,20150714,20150719,20150721,20150725,20150726,20150727,20150801,20150802 
Number is 48 
G.1.1_index_2_VS_G.7.4_index_1 [11] 
20150615,20150617,20150619,20150621,20150624,20150625,20150627,20150702,20150703,20150704,20150705,20150706,20150707,20150711,20150725,20150727,20150729,20150731,20150802 
Number is 61 
G.6.1_index_1_VS_G.5.6_index_4 [12] PLUS 1 
20150615,20150618,20150621,20150622,20150624,20150628,20150630,20150702,20150703,20150704,20150705,20150706,20150707,20150708,20150712,20150717,20150718,20150719,20150721,20150728,20150730,20150801 
Number is 64 
G.3.4_index_5_VS_G.6.3_index_3 [13] PLUS 1 
20150615,20150617,20150618,20150621,20150623,20150625,20150628,20150629,20150630,20150702,20150703,20150704,20150705,20150706,20150707,20150708,20150710,20150712,20150713,20150716,20150717,20150720,20150722,20150723,20150724,20150725,20150727,20150728 
Number is 66 
G.3.5_index_3_VS_G.3.4_index_5 [14] 
20150616,20150617,20150618,20150620,20150624,20150627,20150628,20150630,20150702,20150703,20150704,20150705,20150706,20150707,20150714,20150720,20150722,20150723,20150724,20150725,20150731,20150801 
Number is 67 
G.5.4_index_2_VS_G.3.1_index_3 [15] PLUS 1 
20150616,20150623,20150624,20150628,20150630,20150701,20150702,20150703,20150704,20150705,20150706,20150707,20150708,20150712,20150715,20150721,20150725,20150727,20150731,20150802 
Number is 76 
G.5.2_index_1_VS_G.3.4_index_5 [16] PLUS 1 
20150617,20150622,20150623,20150627,20150628,20150630,20150701,20150702,20150703,20150704,20150705,20150706,20150707,20150708,20150709,20150710,20150714,20150720,20150728,20150729 
Number is 77 
G.5.2_index_3_VS_G.3.1_index_3 [17] 
20150620,20150626,20150629,20150702,20150703,20150704,20150705,20150706,20150707,20150710,20150711,20150712,20150713,20150714,20150715,20150719,20150720,20150721,20150728,20150730,20150731,20150801,20150802 
Number is 82 
G.3.6_index_5_VS_G.2.1_index_2 [18] 
20150615,20150617,20150622,20150627,20150628,20150629,20150630,20150702,20150703,20150704,20150705,20150706,20150707,20150713,20150714,20150715,20150717,20150719,20150720,20150721,20150722,20150723,20150728,20150729,20150731 
