======== Current: 20150711 ========= 
Number is 00 
G.5.2_index_1_VS_G.3.4_index_5 [1] 
20150617,20150622,20150623,20150627,20150628,20150630,20150701,20150702,20150703,20150704,20150705,20150706,20150707,20150708,20150709,20150710,20150714,20150720,20150728,20150729 
Number is 01 
G.1.1_index_2_VS_G.4.3_index_4 [2] 
20150618,20150621,20150623,20150625,20150626,20150703,20150704,20150705,20150706,20150707,20150708,20150709,20150710,20150712,20150714,20150716,20150717,20150718,20150721,20150722,20150725,20150727,20150729,20150731,20150802 
Number is 04 
G.2.2_index_1_VS_G.3.3_index_5 [3] 
20150618,20150622,20150625,20150628,20150705,20150706,20150707,20150708,20150709,20150710,20150712,20150717,20150718,20150719,20150724,20150725,20150726,20150801 
Number is 06 
G.5.4_index_1_VS_G.5.5_index_3 [4] 
20150616,20150621,20150623,20150624,20150626,20150705,20150706,20150707,20150708,20150709,20150710,20150712,20150715,20150719,20150721,20150725,20150728,20150729,20150731,20150801,20150802 
Number is 11 
G.5.5_index_2_VS_G.5.6_index_1 [5] PLUS 1 
20150619,20150623,20150625,20150626,20150628,20150629,20150630,20150703,20150705,20150706,20150707,20150708,20150709,20150710,20150711,20150712,20150713,20150714,20150715,20150717,20150718,20150725,20150726,20150728,20150729,20150730,20150801,20150802 
Number is 12 
G.3.4_index_4_VS_G.2.2_index_4 [6] 
20150615,20150616,20150622,20150623,20150626,20150629,20150705,20150706,20150707,20150708,20150709,20150710,20150712,20150714,20150716,20150717,20150718,20150719,20150721,20150722,20150724,20150726,20150729,20150801,20150802 
Number is 22 
G.5.1_index_4_VS_G.2.2_index_4 [7] 
20150615,20150618,20150619,20150620,20150626,20150705,20150706,20150707,20150708,20150709,20150710,20150712,20150713,20150716,20150717,20150718,20150721,20150725,20150726,20150728 
Number is 27 
G.2.2_index_4_VS_G.4.3_index_3 [8] PLUS 1 
20150616,20150617,20150618,20150620,20150621,20150622,20150623,20150624,20150625,20150629,20150630,20150702,20150703,20150705,20150706,20150707,20150708,20150709,20150710,20150711,20150718,20150721,20150722,20150723,20150724,20150726,20150729,20150730,20150731 
Number is 39 
G.5.2_index_3_VS_G.5.4_index_2 [9] 
20150615,20150616,20150617,20150620,20150622,20150623,20150626,20150704,20150705,20150706,20150707,20150708,20150709,20150710,20150713,20150714,20150716,20150717,20150723,20150725,20150729,20150730,20150801 
Number is 40 
G.3.3_index_5_VS_G.4.4_index_4 [10] 
20150615,20150617,20150618,20150623,20150624,20150625,20150627,20150629,20150704,20150705,20150706,20150707,20150708,20150709,20150710,20150712,20150713,20150717,20150718,20150720,20150721,20150722,20150725,20150727,20150730,20150801,20150802 
Number is 41 
G.3.3_index_5_VS_G.2.1_index_5 [11] PLUS 1 
20150615,20150616,20150621,20150623,20150625,20150629,20150630,20150705,20150706,20150707,20150708,20150709,20150710,20150711,20150713,20150719,20150721,20150723,20150726,20150727,20150731,20150801,20150802 
Number is 44 
G.3.3_index_5_VS_G.3.2_index_5 [12] 
20150616,20150618,20150620,20150623,20150624,20150625,20150628,20150629,20150630,20150701,20150705,20150706,20150707,20150708,20150709,20150710,20150712,20150718,20150719,20150721,20150722,20150724,20150725,20150726,20150727,20150729,20150730 
G.3.3_index_5_VS_G.5.4_index_3 [13] 
20150615,20150616,20150617,20150621,20150622,20150625,20150629,20150705,20150706,20150707,20150708,20150709,20150710,20150712,20150713,20150715,20150723,20150724,20150725,20150726,20150728,20150730 
Number is 47 
G.3.3_index_5_VS_G.4.3_index_3 [14] PLUS 1 
20150616,20150617,20150621,20150624,20150625,20150626,20150629,20150630,20150703,20150704,20150705,20150706,20150707,20150708,20150709,20150710,20150711,20150712,20150715,20150717,20150718,20150721,20150722,20150723,20150724,20150726,20150729,20150801,20150802 
Number is 51 
G.6.3_index_1_VS_G.7.1_index_1 [15] 
20150617,20150618,20150627,20150628,20150630,20150703,20150704,20150705,20150706,20150707,20150708,20150709,20150710,20150712,20150714,20150716,20150717,20150718,20150723,20150724,20150725,20150726,20150727,20150729,20150730 
Number is 62 
G.2.1_index_1_VS_G.3.6_index_3 [16] PLUS 1 
20150616,20150617,20150618,20150622,20150625,20150627,20150628,20150629,20150630,20150701,20150703,20150705,20150706,20150707,20150708,20150709,20150710,20150711,20150714,20150716,20150718,20150720,20150721,20150724,20150725,20150726,20150730,20150731,20150801,20150802 
Number is 70 
G.3.1_index_4_VS_G.5.3_index_4 [17] 
20150618,20150619,20150624,20150625,20150630,20150703,20150705,20150706,20150707,20150708,20150709,20150710,20150713,20150715,20150717,20150720,20150722,20150724,20150729,20150802 
Number is 73 
G.4.3_index_3_VS_G.3.4_index_1 [18] PLUS 1 
20150617,20150618,20150620,20150621,20150622,20150623,20150626,20150629,20150703,20150704,20150705,20150706,20150707,20150708,20150709,20150710,20150711,20150714,20150721,20150723,20150726,20150731,20150801 
Number is 80 
G.6.1_index_3_VS_G.4.1_index_2 [19] 
20150616,20150618,20150619,20150621,20150622,20150623,20150624,20150627,20150628,20150702,20150703,20150705,20150706,20150707,20150708,20150709,20150710,20150712,20150714,20150715,20150716,20150719,20150720,20150725,20150729,20150731,20150802 
Number is 81 
G.DB_index_2_VS_G.5.6_index_1 [20] PLUS 1 
20150619,20150624,20150629,20150701,20150705,20150706,20150707,20150708,20150709,20150710,20150711,20150714,20150716,20150719,20150721,20150723,20150724,20150725,20150727,20150729,20150802 
Number is 83 
G.6.3_index_3_VS_G.6.1_index_2 [21] PLUS 1 
20150615,20150617,20150620,20150621,20150622,20150623,20150625,20150627,20150702,20150704,20150705,20150706,20150707,20150708,20150709,20150710,20150711,20150712,20150713,20150714,20150716,20150719,20150720,20150728,20150731,20150801 
Number is 86 
G.6.3_index_3_VS_G.5.5_index_3 [22] PLUS 1 
20150615,20150616,20150618,20150619,20150626,20150629,20150705,20150706,20150707,20150708,20150709,20150710,20150711,20150714,20150715,20150716,20150717,20150720,20150721,20150723,20150726,20150727,20150728,20150731,20150802 
