======== Current: 20150722 ========= 
Number is 00 
G.5.2_index_4_VS_G.5.1_index_3 [1] 
20150615,20150618,20150620,20150623,20150625,20150626,20150627,20150628,20150629,20150703,20150704,20150705,20150709,20150710,20150712,20150713,20150716,20150717,20150718,20150719,20150720,20150721,20150725,20150731,20150801 
Number is 13 
G.3.1_index_1_VS_G.2.1_index_5 [2] 
20150616,20150618,20150619,20150624,20150625,20150629,20150630,20150702,20150708,20150709,20150711,20150713,20150716,20150717,20150718,20150719,20150720,20150721,20150723,20150724,20150726,20150728,20150731 
Number is 14 
G.4.4_index_4_VS_G.5.5_index_3 [3] PLUS 1 
20150617,20150618,20150619,20150620,20150622,20150623,20150624,20150627,20150705,20150713,20150715,20150716,20150717,20150718,20150719,20150720,20150721,20150722,20150731,20150801 
Number is 17 
G.3.5_index_2_VS_G.5.3_index_3 [4] PLUS 1 
20150615,20150618,20150628,20150629,20150630,20150710,20150714,20150715,20150716,20150717,20150718,20150719,20150720,20150721,20150722,20150724,20150728,20150729,20150801,20150802 
Number is 22 
G.4.4_index_2_VS_G.1.1_index_4 [5] 
20150617,20150618,20150622,20150629,20150702,20150707,20150710,20150711,20150714,20150716,20150717,20150718,20150719,20150720,20150721,20150724,20150725,20150726,20150728,20150729,20150731,20150801 
Number is 33 
G.4.2_index_2_VS_G.3.2_index_2 [6] PLUS 1 
20150617,20150619,20150621,20150622,20150624,20150625,20150627,20150702,20150703,20150704,20150705,20150707,20150708,20150709,20150715,20150716,20150717,20150718,20150719,20150720,20150721,20150722,20150723,20150726,20150728,20150731 
Number is 34 
G.4.2_index_2_VS_G.5.3_index_4 [7] 
20150617,20150618,20150622,20150623,20150624,20150629,20150630,20150701,20150710,20150713,20150715,20150716,20150717,20150718,20150719,20150720,20150721,20150723,20150725,20150726,20150727,20150729,20150730 
Number is 36 
G.3.4_index_5_VS_G.5.4_index_4 [8] PLUS 1 
20150615,20150617,20150619,20150620,20150623,20150624,20150626,20150627,20150628,20150629,20150701,20150702,20150703,20150704,20150709,20150712,20150714,20150715,20150716,20150717,20150718,20150719,20150720,20150721,20150722,20150723,20150725,20150730 
Number is 37 
G.2.1_index_5_VS_G.3.6_index_2 [9] 
20150615,20150617,20150618,20150621,20150622,20150623,20150624,20150703,20150705,20150711,20150715,20150716,20150717,20150718,20150719,20150720,20150721,20150723,20150724,20150727,20150730,20150801 
Number is 39 
G.3.4_index_5_VS_G.2.2_index_2 [10] 
20150622,20150625,20150628,20150629,20150704,20150707,20150708,20150709,20150714,20150715,20150716,20150717,20150718,20150719,20150720,20150721,20150724,20150725,20150729,20150801 
Number is 45 
G.3.1_index_2_VS_G.2.2_index_4 [11] PLUS 1 
20150616,20150618,20150619,20150620,20150626,20150628,20150629,20150701,20150703,20150705,20150706,20150709,20150710,20150713,20150715,20150716,20150717,20150718,20150719,20150720,20150721,20150722,20150724,20150725,20150727,20150728,20150731,20150801,20150802 
Number is 47 
G.7.3_index_1_VS_G.2.2_index_1 [12] PLUS 1 
20150617,20150618,20150622,20150625,20150628,20150706,20150713,20150716,20150717,20150718,20150719,20150720,20150721,20150722,20150730 
G.3.1_index_2_VS_G.5.6_index_3 [13] PLUS 1 
20150616,20150617,20150618,20150622,20150625,20150626,20150629,20150703,20150704,20150707,20150708,20150712,20150713,20150714,20150716,20150717,20150718,20150719,20150720,20150721,20150722,20150723,20150724,20150728,20150801 
Number is 59 
G.2.2_index_4_VS_G.4.3_index_2 [14] 
20150615,20150617,20150618,20150619,20150622,20150623,20150626,20150628,20150629,20150703,20150707,20150709,20150710,20150712,20150713,20150715,20150716,20150717,20150718,20150719,20150720,20150721,20150723,20150725,20150726,20150731,20150801 
Number is 62 
G.5.4_index_4_VS_G.1.1_index_4 [15] 
20150617,20150619,20150621,20150622,20150623,20150624,20150626,20150628,20150701,20150704,20150706,20150707,20150708,20150711,20150712,20150714,20150715,20150716,20150717,20150718,20150719,20150720,20150721,20150723,20150727,20150729,20150730,20150801 
Number is 64 
G.5.4_index_4_VS_G.5.6_index_2 [16] 
20150616,20150619,20150621,20150623,20150624,20150625,20150626,20150627,20150628,20150629,20150707,20150708,20150710,20150712,20150714,20150716,20150717,20150718,20150719,20150720,20150721,20150724,20150727,20150801,20150802 
Number is 69 
G.5.4_index_4_VS_G.2.2_index_3 [17] PLUS 1 
20150617,20150618,20150622,20150625,20150627,20150701,20150706,20150711,20150713,20150714,20150715,20150716,20150717,20150718,20150719,20150720,20150721,20150722,20150723,20150724,20150725,20150726,20150727,20150728,20150730,20150801 
G.3.1_index_3_VS_G.3.6_index_1 [18] PLUS 1 
20150615,20150616,20150617,20150619,20150620,20150621,20150625,20150629,20150701,20150703,20150706,20150708,20150710,20150711,20150715,20150716,20150717,20150718,20150719,20150720,20150721,20150722,20150723,20150727,20150731 
Number is 70 
G.5.3_index_3_VS_G.6.3_index_1 [19] 
20150617,20150618,20150619,20150620,20150621,20150622,20150623,20150624,20150625,20150628,20150630,20150703,20150705,20150706,20150713,20150716,20150717,20150718,20150719,20150720,20150721,20150723,20150724,20150726,20150727,20150728,20150730,20150801,20150802 
Number is 71 
G.5.4_index_2_VS_G.3.2_index_1 [20] PLUS 1 
20150615,20150618,20150620,20150624,20150626,20150629,20150704,20150714,20150716,20150717,20150718,20150719,20150720,20150721,20150722,20150723,20150802 
Number is 79 
G.5.6_index_3_VS_G.4.3_index_2 [21] 
20150615,20150617,20150618,20150620,20150623,20150625,20150626,20150628,20150629,20150703,20150705,20150706,20150707,20150708,20150710,20150712,20150713,20150716,20150717,20150718,20150719,20150720,20150721,20150723,20150724,20150727,20150730,20150802 
G.3.5_index_1_VS_G.3.4_index_1 [22] 
20150617,20150619,20150622,20150623,20150627,20150702,20150704,20150706,20150709,20150713,20150714,20150716,20150717,20150718,20150719,20150720,20150721,20150725,20150726,20150727,20150730,20150802 
Number is 86 
G.3.3_index_4_VS_G.5.4_index_4 [23] 
20150617,20150618,20150621,20150622,20150624,20150625,20150628,20150629,20150701,20150710,20150713,20150715,20150716,20150717,20150718,20150719,20150720,20150721,20150730,20150731 
Number is 87 
G.4.2_index_3_VS_G.5.3_index_3 [24] 
20150615,20150619,20150620,20150621,20150623,20150626,20150629,20150701,20150703,20150704,20150706,20150713,20150716,20150717,20150718,20150719,20150720,20150721,20150724,20150727 
Number is 88 
G.5.2_index_3_VS_G.3.3_index_4 [25] PLUS 1 
20150615,20150617,20150618,20150622,20150623,20150628,20150701,20150702,20150708,20150709,20150713,20150714,20150715,20150716,20150717,20150718,20150719,20150720,20150721,20150722,20150724,20150728,20150730,20150731,20150801,20150802 
G.4.1_index_3_VS_G.5.2_index_3 [26] PLUS 1 
20150615,20150618,20150620,20150621,20150623,20150625,20150626,20150629,20150630,20150702,20150705,20150707,20150708,20150711,20150713,20150716,20150717,20150718,20150719,20150720,20150721,20150722,20150723,20150724,20150726,20150728 
Number is 89 
G.5.2_index_2_VS_G.3.6_index_1 [27] 
20150615,20150616,20150617,20150618,20150626,20150629,20150702,20150707,20150708,20150714,20150715,20150716,20150717,20150718,20150719,20150720,20150721,20150723,20150731,20150801 
G.5.2_index_3_VS_G.1.1_index_5 [28] 
20150616,20150617,20150619,20150622,20150623,20150626,20150627,20150629,20150701,20150707,20150708,20150711,20150713,20150716,20150717,20150718,20150719,20150720,20150721,20150724,20150725,20150728,20150730,20150731,20150802 
Number is 92 
G.3.3_index_3_VS_G.1.1_index_4 [29] 
20150616,20150617,20150619,20150623,20150625,20150629,20150703,20150704,20150707,20150708,20150714,20150716,20150717,20150718,20150719,20150720,20150721,20150724,20150725,20150726,20150729,20150802 
Number is 93 
G.5.6_index_4_VS_G.3.4_index_5 [30] 
20150615,20150617,20150618,20150621,20150623,20150624,20150625,20150628,20150630,20150702,20150703,20150705,20150706,20150708,20150710,20150712,20150714,20150716,20150717,20150718,20150719,20150720,20150721,20150723,20150725,20150728,20150730,20150801 
G.3.6_index_1_VS_G.6.3_index_3 [31] 
20150615,20150616,20150617,20150620,20150625,20150626,20150630,20150704,20150705,20150707,20150708,20150709,20150710,20150711,20150712,20150715,20150716,20150717,20150718,20150719,20150720,20150721,20150723,20150731,20150801,20150802 
Number is 95 
G.2.2_index_2_VS_G.6.1_index_1 [32] 
20150615,20150616,20150617,20150628,20150703,20150708,20150709,20150714,20150716,20150717,20150718,20150719,20150720,20150721,20150725,20150726,20150728,20150729,20150730,20150801 
Number is 96 
G.6.2_index_1_VS_G.5.4_index_4 [33] PLUS 1 
20150616,20150618,20150619,20150622,20150623,20150624,20150703,20150704,20150706,20150707,20150709,20150710,20150712,20150713,20150715,20150716,20150717,20150718,20150719,20150720,20150721,20150722,20150801 
Number is 97 
G.2.2_index_3_VS_G.3.5_index_1 [34] 
20150617,20150618,20150619,20150621,20150624,20150628,20150630,20150702,20150703,20150705,20150706,20150711,20150713,20150714,20150716,20150717,20150718,20150719,20150720,20150721,20150725,20150726,20150727,20150728,20150730,20150801,20150802 
Number is 99 
G.2.2_index_2_VS_G.6.2_index_1 [35] 
20150618,20150624,20150628,20150629,20150702,20150703,20150705,20150709,20150710,20150713,20150715,20150716,20150717,20150718,20150719,20150720,20150721,20150725,20150726,20150729 
