======== Current: 20150726 ========= 
Number is 01 
G.2.1_index_5_VS_G.1.1_index_4 [1] PLUS 1 
20150617,20150618,20150621,20150623,20150624,20150625,20150629,20150702,20150703,20150711,20150713,20150716,20150718,20150720,20150721,20150722,20150723,20150724,20150725,20150726,20150727,20150728,20150801 
Number is 03 
G.4.3_index_3_VS_G.3.4_index_4 [2] PLUS 1 
20150616,20150620,20150621,20150623,20150624,20150625,20150629,20150703,20150704,20150705,20150706,20150707,20150709,20150712,20150714,20150717,20150719,20150720,20150721,20150722,20150723,20150724,20150725,20150726,20150729,20150731,20150802 
Number is 04 
G.4.2_index_1_VS_G.2.1_index_1 [3] 
20150616,20150618,20150622,20150624,20150626,20150627,20150629,20150703,20150706,20150711,20150712,20150713,20150715,20150719,20150720,20150721,20150722,20150723,20150724,20150725,20150730,20150731,20150802 
Number is 09 
G.6.1_index_3_VS_G.3.6_index_4 [4] PLUS 1 
20150615,20150616,20150617,20150620,20150622,20150623,20150625,20150630,20150702,20150704,20150710,20150711,20150712,20150715,20150716,20150718,20150720,20150721,20150722,20150723,20150724,20150725,20150726,20150728,20150730,20150731,20150801,20150802 
Number is 15 
G.1.1_index_4_VS_G.3.5_index_4 [5] PLUS 1 
20150615,20150617,20150622,20150623,20150624,20150703,20150704,20150708,20150709,20150710,20150714,20150715,20150720,20150721,20150722,20150723,20150724,20150725,20150726,20150727,20150729,20150731 
Number is 22 
G.7.3_index_2_VS_G.6.3_index_3 [6] 
20150615,20150620,20150622,20150623,20150624,20150625,20150626,20150628,20150629,20150702,20150703,20150705,20150707,20150715,20150718,20150720,20150721,20150722,20150723,20150724,20150725,20150727,20150728,20150730,20150801 
G.3.4_index_2_VS_G.3.2_index_3 [7] 
20150615,20150617,20150618,20150620,20150621,20150623,20150626,20150627,20150630,20150704,20150705,20150706,20150708,20150712,20150713,20150714,20150717,20150718,20150720,20150721,20150722,20150723,20150724,20150725,20150727,20150728,20150731 
Number is 24 
G.5.4_index_4_VS_G.2.2_index_3 [8] PLUS 1 
20150617,20150618,20150622,20150625,20150627,20150701,20150706,20150711,20150713,20150714,20150715,20150716,20150717,20150718,20150719,20150720,20150721,20150722,20150723,20150724,20150725,20150726,20150727,20150728,20150730,20150801 
Number is 27 
G.7.1_index_1_VS_G.3.1_index_1 [9] 
20150615,20150618,20150619,20150621,20150626,20150627,20150628,20150629,20150630,20150701,20150703,20150705,20150707,20150710,20150711,20150717,20150718,20150720,20150721,20150722,20150723,20150724,20150725,20150727,20150728,20150730 
Number is 30 
G.4.4_index_4_VS_G.3.5_index_5 [10] PLUS 1 
20150616,20150617,20150620,20150622,20150623,20150627,20150706,20150709,20150710,20150712,20150715,20150718,20150720,20150721,20150722,20150723,20150724,20150725,20150726,20150728,20150801,20150802 
Number is 31 
G.4.4_index_4_VS_G.4.1_index_3 [11] 
20150617,20150619,20150625,20150626,20150628,20150701,20150705,20150707,20150708,20150709,20150712,20150713,20150715,20150717,20150718,20150720,20150721,20150722,20150723,20150724,20150725,20150727,20150728,20150731 
Number is 34 
G.3.2_index_1_VS_G.4.2_index_4 [12] PLUS 1 
20150617,20150618,20150622,20150629,20150701,20150703,20150704,20150706,20150709,20150714,20150715,20150720,20150721,20150722,20150723,20150724,20150725,20150726,20150727,20150730,20150731 
Number is 37 
G.3.6_index_3_VS_G.DB_index_1 [13] PLUS 1 
20150615,20150616,20150619,20150625,20150627,20150629,20150701,20150702,20150706,20150709,20150712,20150713,20150714,20150720,20150721,20150722,20150723,20150724,20150725,20150726,20150801,20150802 
Number is 45 
G.3.3_index_1_VS_G.5.2_index_3 [14] 
20150617,20150620,20150623,20150625,20150626,20150628,20150629,20150703,20150705,20150707,20150708,20150709,20150710,20150711,20150713,20150716,20150717,20150718,20150720,20150721,20150722,20150723,20150724,20150725,20150801,20150802 
G.5.3_index_4_VS_G.3.6_index_2 [15] 
20150615,20150616,20150619,20150622,20150624,20150625,20150626,20150706,20150708,20150715,20150717,20150720,20150721,20150722,20150723,20150724,20150725,20150729,20150801 
Number is 50 
G.7.3_index_1_VS_G.3.5_index_5 [16] 
20150616,20150617,20150622,20150623,20150628,20150629,20150704,20150708,20150710,20150714,20150715,20150716,20150717,20150720,20150721,20150722,20150723,20150724,20150725,20150727 
Number is 53 
G.4.1_index_2_VS_G.3.2_index_1 [17] 
20150615,20150616,20150617,20150618,20150619,20150623,20150627,20150629,20150705,20150708,20150709,20150710,20150716,20150720,20150721,20150722,20150723,20150724,20150725,20150729,20150731,20150802 
Number is 57 
G.3.5_index_4_VS_G.5.1_index_2 [18] 
20150615,20150616,20150618,20150619,20150620,20150623,20150625,20150628,20150703,20150704,20150706,20150707,20150708,20150709,20150712,20150713,20150715,20150720,20150721,20150722,20150723,20150724,20150725,20150728,20150729,20150730,20150801,20150802 
Number is 61 
G.5.2_index_4_VS_G.1.1_index_4 [19] 
20150615,20150618,20150620,20150621,20150622,20150625,20150628,20150629,20150701,20150703,20150706,20150709,20150714,20150716,20150719,20150720,20150721,20150722,20150723,20150724,20150725,20150728,20150730,20150731,20150801,20150802 
Number is 71 
G.3.1_index_1_VS_G.3.3_index_2 [20] 
20150615,20150616,20150625,20150626,20150627,20150628,20150629,20150630,20150702,20150707,20150709,20150710,20150711,20150720,20150721,20150722,20150723,20150724,20150725,20150727,20150730,20150802 
Number is 79 
G.5.6_index_3_VS_G.5.5_index_3 [21] 
20150615,20150616,20150617,20150618,20150619,20150620,20150623,20150626,20150627,20150701,20150706,20150710,20150715,20150716,20150717,20150718,20150720,20150721,20150722,20150723,20150724,20150725,20150727,20150731,20150802 
G.3.1_index_1_VS_G.3.6_index_5 [22] 
20150618,20150619,20150620,20150622,20150623,20150625,20150630,20150701,20150702,20150704,20150708,20150716,20150720,20150721,20150722,20150723,20150724,20150725,20150727,20150729,20150802 
Number is 91 
G.5.4_index_2_VS_G.3.3_index_2 [23] 
20150615,20150616,20150617,20150619,20150626,20150628,20150629,20150630,20150701,20150704,20150705,20150709,20150710,20150720,20150721,20150722,20150723,20150724,20150725,20150730,20150801 
Number is 95 
G.3.5_index_2_VS_G.5.2_index_3 [24] 
20150615,20150618,20150619,20150620,20150622,20150626,20150629,20150630,20150701,20150711,20150713,20150716,20150720,20150721,20150722,20150723,20150724,20150725,20150727,20150728,20150729 
Number is 97 
G.DB_index_2_VS_G.DB_index_1 [25] 
20150619,20150623,20150627,20150629,20150705,20150707,20150708,20150709,20150712,20150716,20150718,20150719,20150720,20150721,20150722,20150723,20150724,20150725,20150730 
Number is 98 
G.3.5_index_2_VS_G.5.6_index_2 [26] 
20150615,20150616,20150618,20150619,20150622,20150623,20150626,20150628,20150701,20150707,20150709,20150710,20150712,20150713,20150714,20150720,20150721,20150722,20150723,20150724,20150725,20150728,20150729,20150802 
