======== Current: 20160804 ========= 
Number is 07 
G.4.2_index_1_VS_G.2.1_index_2 [1] 
20160717,20160722,20160723,20160729,20160730,20160731,20160801,20160802,20160803,20160805,20160807,20160810,20160813,20160816,20160818,20160821,20160822,20160826,20160827,20160828 
G.6.1_index_1_VS_G.5.2_index_3 [2] 
20160721,20160722,20160723,20160726,20160727,20160728,20160729,20160730,20160731,20160801,20160802,20160803,20160811,20160814,20160815,20160816,20160820,20160824,20160825,20160831,20160901 
Number is 17 
G.7.4_index_1_VS_G.3.1_index_2 [3] 
20160720,20160721,20160723,20160724,20160727,20160728,20160729,20160730,20160731,20160801,20160802,20160803,20160806,20160809,20160810,20160812,20160816,20160818,20160820,20160823,20160824,20160826,20160831,20160902 
Number is 18 
G.5.4_index_1_VS_G.6.3_index_2 [4] 
20160716,20160718,20160724,20160727,20160729,20160730,20160731,20160801,20160802,20160803,20160806,20160811,20160819,20160822,20160825,20160827,20160829 
Number is 51 
G.4.2_index_4_VS_G.7.4_index_1 [5] 
20160719,20160720,20160728,20160729,20160730,20160731,20160801,20160802,20160803,20160806,20160807,20160810,20160812,20160816,20160819,20160820,20160824,20160825,20160831 
Number is 54 
G.6.2_index_1_VS_G.5.6_index_3 [6] 
20160716,20160720,20160721,20160722,20160724,20160729,20160730,20160731,20160801,20160802,20160803,20160805,20160806,20160807,20160808,20160810,20160815,20160817,20160820,20160824,20160825,20160826,20160828,20160829,20160902 
Number is 57 
G.3.5_index_2_VS_G.5.2_index_3 [7] 
20160716,20160722,20160723,20160726,20160727,20160729,20160730,20160731,20160801,20160802,20160803,20160806,20160807,20160810,20160811,20160812,20160813,20160814,20160817,20160818,20160819,20160820,20160821,20160823,20160825,20160831,20160901,20160902 
Number is 76 
G.3.2_index_3_VS_G.4.3_index_1 [8] PLUS 1 
20160718,20160726,20160729,20160730,20160731,20160801,20160802,20160803,20160804,20160806,20160809,20160810,20160811,20160812,20160814,20160818,20160823,20160824,20160825,20160829,20160902 
Number is 79 
G.4.1_index_2_VS_G.5.6_index_2 [9] 
20160721,20160729,20160730,20160731,20160801,20160802,20160803,20160805,20160809,20160810,20160811,20160812,20160814,20160819,20160821,20160823,20160824,20160826,20160827,20160828,20160830,20160831 
G.3.2_index_3_VS_G.2.1_index_3 [10] 
20160716,20160718,20160721,20160723,20160725,20160726,20160727,20160729,20160730,20160731,20160801,20160802,20160803,20160806,20160810,20160811,20160812,20160813,20160814,20160818,20160819,20160822,20160823,20160902 
Number is 80 
G.4.2_index_3_VS_G.5.3_index_1 [11] PLUS 1 
20160716,20160717,20160721,20160723,20160725,20160726,20160728,20160729,20160730,20160731,20160801,20160802,20160803,20160804,20160806,20160810,20160811,20160814,20160815,20160818,20160819,20160820,20160826,20160828,20160830 
Number is 81 
G.6.3_index_2_VS_G.DB_index_4 [12] 
20160717,20160721,20160722,20160723,20160724,20160725,20160727,20160729,20160730,20160731,20160801,20160802,20160803,20160806,20160807,20160809,20160820,20160823,20160825,20160827,20160829,20160831,20160901,20160902 
Number is 82 
G.6.3_index_2_VS_G.1.1_index_4 [13] PLUS 1 
20160721,20160723,20160727,20160728,20160729,20160730,20160731,20160801,20160802,20160803,20160804,20160805,20160810,20160815,20160818,20160822,20160823,20160825,20160831,20160902 
Number is 84 
G.6.3_index_2_VS_G.3.3_index_1 [14] 
20160716,20160719,20160724,20160729,20160730,20160731,20160801,20160802,20160803,20160808,20160809,20160817,20160820,20160822,20160823,20160827,20160828,20160831,20160902 
Number is 91 
G.5.6_index_2_VS_G.3.1_index_3 [15] PLUS 1 
20160718,20160721,20160729,20160730,20160731,20160801,20160802,20160803,20160804,20160808,20160810,20160813,20160814,20160816,20160817,20160821,20160824,20160825,20160829,20160831 
