======== Current: 20160807 ========= 
Number is 04 
G.3.5_index_5_VS_G.7.4_index_2 [1] PLUS 1 
20160718,20160719,20160722,20160723,20160725,20160726,20160728,20160729,20160801,20160802,20160803,20160804,20160805,20160806,20160807,20160812,20160813,20160815,20160818,20160823,20160825,20160826,20160827,20160828,20160902 
Number is 09 
G.3.5_index_5_VS_G.3.6_index_5 [2] 
20160716,20160721,20160722,20160723,20160724,20160725,20160726,20160727,20160728,20160729,20160801,20160802,20160803,20160804,20160805,20160806,20160810,20160813,20160818,20160819,20160820,20160821,20160822,20160825,20160826,20160827,20160828 
Number is 10 
G.7.1_index_2_VS_G.3.5_index_5 [3] 
20160719,20160720,20160721,20160722,20160725,20160726,20160727,20160728,20160729,20160731,20160801,20160802,20160803,20160804,20160805,20160806,20160812,20160813,20160817,20160819,20160823,20160831 
Number is 13 
G.2.2_index_3_VS_G.6.2_index_1 [4] PLUS 1 
20160716,20160717,20160720,20160722,20160724,20160725,20160726,20160728,20160730,20160801,20160802,20160803,20160804,20160805,20160806,20160807,20160808,20160812,20160814,20160817,20160819,20160821,20160822,20160823,20160824,20160825 
Number is 14 
G.3.2_index_4_VS_G.5.5_index_1 [5] 
20160719,20160720,20160721,20160723,20160726,20160729,20160731,20160801,20160802,20160803,20160804,20160805,20160806,20160810,20160816,20160819,20160820,20160824,20160825,20160828,20160829,20160831,20160902 
Number is 17 
G.DB_index_3_VS_G.1.1_index_4 [6] PLUS 1 
20160717,20160720,20160721,20160731,20160801,20160802,20160803,20160804,20160805,20160806,20160807,20160808,20160809,20160810,20160814,20160816,20160817,20160822,20160823,20160825,20160826,20160828,20160829,20160830 
G.5.4_index_3_VS_G.3.4_index_4 [7] PLUS 1 
20160721,20160722,20160723,20160726,20160728,20160730,20160801,20160802,20160803,20160804,20160805,20160806,20160807,20160810,20160813,20160814,20160817,20160819,20160820,20160826,20160828,20160831,20160901 
Number is 24 
G.3.6_index_4_VS_G.5.5_index_4 [8] 
20160716,20160717,20160723,20160724,20160729,20160801,20160802,20160803,20160804,20160805,20160806,20160809,20160810,20160814,20160817,20160823,20160824,20160826,20160827,20160828,20160829,20160830,20160901,20160902 
Number is 26 
G.2.2_index_5_VS_G.3.1_index_2 [9] PLUS 1 
20160716,20160718,20160719,20160722,20160724,20160726,20160728,20160729,20160730,20160801,20160802,20160803,20160804,20160805,20160806,20160807,20160810,20160813,20160814,20160816,20160817,20160818,20160819,20160824,20160826,20160828,20160830,20160831 
Number is 39 
G.3.2_index_5_VS_G.5.3_index_3 [10] PLUS 1 
20160716,20160717,20160721,20160725,20160726,20160728,20160801,20160802,20160803,20160804,20160805,20160806,20160807,20160810,20160812,20160817,20160820,20160821,20160822,20160825,20160826,20160901 
Number is 40 
G.5.5_index_4_VS_G.3.5_index_5 [11] PLUS 1 
20160720,20160722,20160723,20160724,20160726,20160727,20160729,20160730,20160801,20160802,20160803,20160804,20160805,20160806,20160807,20160810,20160816,20160817,20160818,20160819,20160820,20160822,20160823,20160824,20160826,20160829 
Number is 43 
G.7.4_index_2_VS_G.3.2_index_5 [12] 
20160719,20160721,20160729,20160801,20160802,20160803,20160804,20160805,20160806,20160811,20160812,20160816,20160819,20160820,20160823,20160827,20160828,20160901,20160902 
G.5.5_index_1_VS_G.3.3_index_4 [13] 
20160718,20160722,20160723,20160725,20160801,20160802,20160803,20160804,20160805,20160806,20160811,20160814,20160816,20160820,20160827,20160828 
Number is 44 
G.7.4_index_2_VS_G.5.1_index_4 [14] PLUS 1 
20160717,20160719,20160722,20160723,20160726,20160727,20160729,20160730,20160801,20160802,20160803,20160804,20160805,20160806,20160807,20160813,20160814,20160817,20160823,20160828 
Number is 47 
G.5.5_index_4_VS_G.6.3_index_2 [15] PLUS 1 
20160717,20160718,20160721,20160723,20160724,20160727,20160728,20160729,20160730,20160801,20160802,20160803,20160804,20160805,20160806,20160807,20160812,20160813,20160814,20160818,20160820,20160824,20160825,20160826,20160829,20160830 
Number is 51 
G.4.3_index_3_VS_G.5.4_index_3 [16] 
20160724,20160726,20160727,20160728,20160729,20160730,20160801,20160802,20160803,20160804,20160805,20160806,20160808,20160811,20160814,20160816,20160817,20160821,20160822,20160823,20160828,20160829 
Number is 55 
G.4.1_index_1_VS_G.4.3_index_3 [17] PLUS 1 
20160716,20160718,20160722,20160723,20160725,20160727,20160728,20160729,20160801,20160802,20160803,20160804,20160805,20160806,20160807,20160809,20160810,20160814,20160816,20160817,20160818,20160823,20160825,20160828,20160829 
Number is 59 
G.4.1_index_1_VS_G.3.3_index_2 [18] PLUS 1 
20160726,20160728,20160801,20160802,20160803,20160804,20160805,20160806,20160807,20160810,20160811,20160812,20160818,20160820,20160822,20160828,20160830,20160902 
G.4.3_index_3_VS_G.6.1_index_1 [19] PLUS 1 
20160716,20160726,20160728,20160729,20160731,20160801,20160802,20160803,20160804,20160805,20160806,20160807,20160809,20160812,20160813,20160814,20160816,20160818,20160819,20160820,20160821,20160822,20160823,20160824,20160829,20160901 
Number is 70 
G.1.1_index_4_VS_G.7.2_index_1 [20] 
20160716,20160717,20160718,20160725,20160727,20160728,20160801,20160802,20160803,20160804,20160805,20160806,20160808,20160810,20160813,20160819,20160824,20160825,20160828,20160829,20160831,20160902 
Number is 72 
G.6.3_index_2_VS_G.4.3_index_2 [21] 
20160716,20160717,20160719,20160720,20160722,20160723,20160724,20160729,20160730,20160801,20160802,20160803,20160804,20160805,20160806,20160812,20160813,20160815,20160818,20160819,20160820,20160822,20160823,20160826,20160828,20160831,20160902 
Number is 75 
G.6.3_index_2_VS_G.5.5_index_3 [22] 
20160719,20160720,20160723,20160724,20160726,20160727,20160729,20160801,20160802,20160803,20160804,20160805,20160806,20160809,20160812,20160814,20160815,20160818,20160821,20160825,20160827,20160829,20160830,20160831 
Number is 76 
G.1.1_index_2_VS_G.3.1_index_2 [23] 
20160718,20160719,20160727,20160728,20160729,20160731,20160801,20160802,20160803,20160804,20160805,20160806,20160808,20160811,20160813,20160819,20160821,20160822,20160823,20160824,20160825,20160828,20160829 
Number is 79 
G.5.1_index_1_VS_G.3.6_index_5 [24] 
20160716,20160717,20160722,20160723,20160724,20160725,20160729,20160801,20160802,20160803,20160804,20160805,20160806,20160808,20160810,20160812,20160818,20160820,20160822,20160827 
G.1.1_index_4_VS_G.3.6_index_5 [25] 
20160719,20160720,20160721,20160724,20160725,20160726,20160727,20160731,20160801,20160802,20160803,20160804,20160805,20160806,20160808,20160813,20160814,20160815,20160817,20160818,20160819,20160821,20160822,20160824,20160825 
Number is 85 
G.4.4_index_1_VS_G.5.3_index_1 [26] 
20160718,20160723,20160724,20160725,20160731,20160801,20160802,20160803,20160804,20160805,20160806,20160810,20160815,20160817,20160818,20160819,20160820,20160821,20160822,20160826,20160828,20160829,20160830 
Number is 90 
G.5.3_index_3_VS_G.3.5_index_5 [27] 
20160716,20160718,20160721,20160722,20160723,20160727,20160730,20160801,20160802,20160803,20160804,20160805,20160806,20160808,20160809,20160810,20160812,20160813,20160818,20160819,20160821,20160822,20160824,20160831 
G.5.3_index_3_VS_G.5.1_index_2 [28] 
20160716,20160719,20160720,20160731,20160801,20160802,20160803,20160804,20160805,20160806,20160811,20160816,20160817,20160818,20160820,20160821,20160822,20160826,20160827,20160829,20160831,20160901 
Number is 93 
G.6.1_index_1_VS_G.DB_index_2 [29] PLUS 1 
20160721,20160728,20160731,20160801,20160802,20160803,20160804,20160805,20160806,20160807,20160809,20160811,20160812,20160813,20160814,20160816,20160817,20160818,20160824,20160825,20160826,20160827,20160831 
Number is 96 
G.3.6_index_5_VS_G.3.4_index_3 [30] PLUS 1 
20160716,20160719,20160722,20160723,20160724,20160726,20160729,20160731,20160801,20160802,20160803,20160804,20160805,20160806,20160807,20160813,20160815,20160817,20160819,20160820,20160821,20160823,20160826,20160901,20160902 
Number is 99 
G.4.2_index_2_VS_G.3.6_index_3 [31] 
20160716,20160719,20160726,20160730,20160801,20160802,20160803,20160804,20160805,20160806,20160808,20160809,20160810,20160814,20160819,20160826,20160827,20160828,20160831 
