======== Current: 20160808 ========= 
Number is 01 
G.4.1_index_1_VS_G.3.3_index_2 [1] 
20160726,20160728,20160801,20160802,20160803,20160804,20160805,20160806,20160807,20160810,20160811,20160812,20160818,20160820,20160822,20160828,20160830,20160902 
G.4.1_index_2_VS_G.1.1_index_4 [2] 
20160717,20160720,20160721,20160723,20160724,20160726,20160731,20160802,20160803,20160804,20160805,20160806,20160807,20160809,20160810,20160811,20160814,20160815,20160816,20160819,20160821,20160827,20160830,20160831,20160902 
Number is 04 
G.4.1_index_1_VS_G.4.3_index_3 [3] 
20160716,20160718,20160722,20160723,20160725,20160727,20160728,20160729,20160801,20160802,20160803,20160804,20160805,20160806,20160807,20160809,20160810,20160814,20160816,20160817,20160818,20160823,20160825,20160828,20160829 
Number is 16 
G.1.1_index_4_VS_G.4.2_index_3 [4] 
20160716,20160717,20160719,20160721,20160726,20160728,20160802,20160803,20160804,20160805,20160806,20160807,20160809,20160810,20160811,20160813,20160814,20160815,20160816,20160819,20160822,20160823,20160826,20160827,20160828,20160830,20160831 
Number is 21 
G.DB_index_3_VS_G.1.1_index_4 [5] PLUS 1 
20160717,20160720,20160721,20160731,20160801,20160802,20160803,20160804,20160805,20160806,20160807,20160808,20160809,20160810,20160814,20160816,20160817,20160822,20160823,20160825,20160826,20160828,20160829,20160830 
Number is 22 
G.4.2_index_4_VS_G.6.2_index_1 [6] 
20160716,20160719,20160720,20160721,20160729,20160730,20160731,20160802,20160803,20160804,20160805,20160806,20160807,20160816,20160818,20160821,20160824,20160826,20160829 
Number is 29 
G.DB_index_3_VS_G.2.2_index_5 [7] 
20160716,20160718,20160721,20160722,20160723,20160726,20160729,20160802,20160803,20160804,20160805,20160806,20160807,20160810,20160820,20160826,20160828,20160829,20160831 
G.4.2_index_2_VS_G.2.2_index_5 [8] 
20160716,20160717,20160721,20160722,20160723,20160724,20160727,20160729,20160730,20160802,20160803,20160804,20160805,20160806,20160807,20160809,20160813,20160814,20160821,20160822,20160823,20160825,20160826,20160828,20160830,20160902 
G.DB_index_3_VS_G.5.1_index_1 [9] 
20160718,20160719,20160722,20160724,20160728,20160802,20160803,20160804,20160805,20160806,20160807,20160809,20160810,20160812,20160814,20160815,20160816,20160817,20160820,20160821,20160826,20160828,20160902 
G.DB_index_3_VS_G.6.3_index_3 [10] 
20160716,20160718,20160721,20160727,20160728,20160729,20160802,20160803,20160804,20160805,20160806,20160807,20160810,20160811,20160814,20160817,20160818,20160821,20160822,20160824,20160826,20160901 
Number is 32 
G.2.2_index_3_VS_G.6.2_index_1 [11] PLUS 1 
20160716,20160717,20160720,20160722,20160724,20160725,20160726,20160728,20160730,20160801,20160802,20160803,20160804,20160805,20160806,20160807,20160808,20160812,20160814,20160817,20160819,20160821,20160822,20160823,20160824,20160825 
Number is 34 
G.2.1_index_5_VS_G.3.6_index_1 [12] 
20160716,20160717,20160723,20160724,20160726,20160729,20160731,20160802,20160803,20160804,20160805,20160806,20160807,20160810,20160811,20160812,20160814,20160816,20160817,20160820,20160821,20160822,20160823,20160827,20160830,20160831,20160902 
Number is 40 
G.3.6_index_5_VS_G.3.4_index_3 [13] 
20160716,20160719,20160722,20160723,20160724,20160726,20160729,20160731,20160801,20160802,20160803,20160804,20160805,20160806,20160807,20160813,20160815,20160817,20160819,20160820,20160821,20160823,20160826,20160901,20160902 
G.6.1_index_1_VS_G.DB_index_2 [14] 
20160721,20160728,20160731,20160801,20160802,20160803,20160804,20160805,20160806,20160807,20160809,20160811,20160812,20160813,20160814,20160816,20160817,20160818,20160824,20160825,20160826,20160827,20160831 
Number is 44 
G.4.3_index_3_VS_G.6.1_index_1 [15] 
20160716,20160726,20160728,20160729,20160731,20160801,20160802,20160803,20160804,20160805,20160806,20160807,20160809,20160812,20160813,20160814,20160816,20160818,20160819,20160820,20160821,20160822,20160823,20160824,20160829,20160901 
Number is 50 
G.6.1_index_3_VS_G.4.1_index_2 [16] PLUS 1 
20160716,20160718,20160721,20160727,20160728,20160729,20160730,20160731,20160802,20160803,20160804,20160805,20160806,20160807,20160808,20160810,20160814,20160818,20160820,20160824,20160831,20160901 
Number is 56 
G.3.1_index_4_VS_G.4.2_index_3 [17] PLUS 1 
20160716,20160719,20160720,20160724,20160726,20160728,20160730,20160731,20160802,20160803,20160804,20160805,20160806,20160807,20160808,20160809,20160811,20160812,20160813,20160818,20160819,20160820,20160822,20160824,20160826,20160827,20160828,20160901,20160902 
Number is 60 
G.4.2_index_3_VS_G.4.4_index_2 [18] 
20160719,20160722,20160726,20160727,20160728,20160729,20160730,20160802,20160803,20160804,20160805,20160806,20160807,20160809,20160810,20160811,20160812,20160819,20160820,20160825,20160827,20160831 
G.4.4_index_3_VS_G.3.2_index_3 [19] 
20160721,20160723,20160724,20160725,20160727,20160731,20160802,20160803,20160804,20160805,20160806,20160807,20160813,20160815,20160819,20160824,20160830,20160831,20160902 
Number is 61 
G.5.5_index_4_VS_G.6.3_index_2 [20] 
20160717,20160718,20160721,20160723,20160724,20160727,20160728,20160729,20160730,20160801,20160802,20160803,20160804,20160805,20160806,20160807,20160812,20160813,20160814,20160818,20160820,20160824,20160825,20160826,20160829,20160830 
Number is 62 
G.4.4_index_3_VS_G.5.3_index_2 [21] PLUS 1 
20160718,20160719,20160721,20160722,20160723,20160725,20160728,20160730,20160731,20160802,20160803,20160804,20160805,20160806,20160807,20160808,20160810,20160812,20160814,20160815,20160819,20160825,20160829,20160830,20160901 
G.2.1_index_4_VS_G.6.2_index_1 [22] PLUS 1 
20160716,20160718,20160720,20160721,20160724,20160725,20160728,20160802,20160803,20160804,20160805,20160806,20160807,20160808,20160809,20160812,20160817,20160819,20160820,20160822,20160828,20160829 
Number is 67 
G.3.2_index_5_VS_G.5.3_index_3 [23] 
20160716,20160717,20160721,20160725,20160726,20160728,20160801,20160802,20160803,20160804,20160805,20160806,20160807,20160810,20160812,20160817,20160820,20160821,20160822,20160825,20160826,20160901 
Number is 68 
G.5.5_index_4_VS_G.3.5_index_5 [24] 
20160720,20160722,20160723,20160724,20160726,20160727,20160729,20160730,20160801,20160802,20160803,20160804,20160805,20160806,20160807,20160810,20160816,20160817,20160818,20160819,20160820,20160822,20160823,20160824,20160826,20160829 
Number is 71 
G.2.1_index_2_VS_G.1.1_index_4 [25] PLUS 1 
20160716,20160719,20160724,20160725,20160727,20160728,20160731,20160802,20160803,20160804,20160805,20160806,20160807,20160808,20160809,20160810,20160811,20160812,20160815,20160821,20160823,20160824,20160826,20160827,20160829,20160830,20160831,20160901 
Number is 73 
G.5.3_index_3_VS_G.2.1_index_5 [26] PLUS 1 
20160717,20160721,20160728,20160729,20160730,20160802,20160803,20160804,20160805,20160806,20160807,20160808,20160810,20160811,20160812,20160817,20160818,20160821,20160823,20160824 
Number is 76 
G.2.1_index_2_VS_G.4.4_index_3 [27] 
20160716,20160722,20160724,20160728,20160729,20160730,20160731,20160802,20160803,20160804,20160805,20160806,20160807,20160810,20160812,20160817,20160821,20160825,20160828,20160829,20160902 
Number is 84 
G.4.4_index_4_VS_G.7.1_index_2 [28] 
20160716,20160717,20160719,20160720,20160724,20160728,20160731,20160802,20160803,20160804,20160805,20160806,20160807,20160809,20160812,20160813,20160815,20160817,20160822,20160824,20160825,20160830 
Number is 89 
G.2.1_index_1_VS_G.5.1_index_4 [29] 
20160718,20160719,20160721,20160722,20160723,20160802,20160803,20160804,20160805,20160806,20160807,20160809,20160813,20160815,20160817,20160821,20160822,20160825,20160830 
G.1.1_index_2_VS_G.5.1_index_4 [30] 
20160720,20160721,20160725,20160726,20160731,20160802,20160803,20160804,20160805,20160806,20160807,20160809,20160810,20160814,20160815,20160816,20160819,20160820,20160821,20160824,20160825,20160831,20160901,20160902 
G.3.5_index_5_VS_G.7.4_index_2 [31] 
20160718,20160719,20160722,20160723,20160725,20160726,20160728,20160729,20160801,20160802,20160803,20160804,20160805,20160806,20160807,20160812,20160813,20160815,20160818,20160823,20160825,20160826,20160827,20160828,20160902 
Number is 98 
G.5.4_index_3_VS_G.3.4_index_4 [32] 
20160721,20160722,20160723,20160726,20160728,20160730,20160801,20160802,20160803,20160804,20160805,20160806,20160807,20160810,20160813,20160814,20160817,20160819,20160820,20160826,20160828,20160831,20160901 
G.2.2_index_5_VS_G.3.1_index_2 [33] 
20160716,20160718,20160719,20160722,20160724,20160726,20160728,20160729,20160730,20160801,20160802,20160803,20160804,20160805,20160806,20160807,20160810,20160813,20160814,20160816,20160817,20160818,20160819,20160824,20160826,20160828,20160830,20160831 
Number is 99 
G.7.4_index_2_VS_G.5.1_index_4 [34] 
20160717,20160719,20160722,20160723,20160726,20160727,20160729,20160730,20160801,20160802,20160803,20160804,20160805,20160806,20160807,20160813,20160814,20160817,20160823,20160828 
