======== Current: 20160811 ========= 
Number is 02 
G.3.5_index_5_VS_G.3.2_index_2 [1] 
20160717,20160721,20160723,20160724,20160726,20160728,20160729,20160801,20160805,20160806,20160807,20160808,20160809,20160810,20160817,20160819,20160822,20160824,20160825,20160826,20160831 
Number is 10 
G.3.1_index_2_VS_G.DB_index_4 [2] 
20160719,20160720,20160724,20160725,20160726,20160727,20160728,20160731,20160803,20160805,20160806,20160807,20160808,20160809,20160810,20160813,20160816,20160817,20160818,20160820,20160824,20160826,20160827,20160829,20160830,20160901 
Number is 11 
G.1.1_index_1_VS_G.3.1_index_5 [3] 
20160716,20160718,20160722,20160726,20160729,20160730,20160803,20160805,20160806,20160807,20160808,20160809,20160810,20160815,20160816,20160818,20160819,20160822,20160826,20160828,20160829,20160901 
Number is 12 
G.5.4_index_4_VS_G.5.6_index_2 [4] 
20160717,20160723,20160724,20160725,20160726,20160727,20160729,20160803,20160805,20160806,20160807,20160808,20160809,20160810,20160814,20160816,20160821,20160823,20160824,20160826,20160831 
G.3.6_index_5_VS_G.5.6_index_2 [5] 
20160719,20160722,20160727,20160731,20160802,20160805,20160806,20160807,20160808,20160809,20160810,20160817,20160818,20160821,20160823,20160824,20160825,20160826,20160827,20160829 
Number is 14 
G.7.1_index_1_VS_G.5.6_index_3 [6] 
20160717,20160718,20160722,20160728,20160729,20160730,20160801,20160804,20160805,20160806,20160807,20160808,20160809,20160810,20160812,20160813,20160815,20160816,20160820,20160822,20160823,20160824,20160826,20160828,20160829,20160830,20160831,20160901,20160902 
G.7.4_index_1_VS_G.5.6_index_3 [7] 
20160720,20160722,20160724,20160728,20160729,20160730,20160731,20160804,20160805,20160806,20160807,20160808,20160809,20160810,20160813,20160814,20160816,20160818,20160819,20160821,20160822,20160824,20160825,20160826,20160901,20160902 
Number is 19 
G.1.1_index_1_VS_G.DB_index_2 [8] 
20160716,20160717,20160718,20160719,20160720,20160721,20160722,20160723,20160729,20160730,20160802,20160803,20160805,20160806,20160807,20160808,20160809,20160810,20160815,20160817,20160825,20160827,20160828 
G.6.3_index_2_VS_G.4.2_index_1 [9] 
20160716,20160719,20160722,20160723,20160725,20160728,20160730,20160804,20160805,20160806,20160807,20160808,20160809,20160810,20160812,20160813,20160820,20160830,20160831,20160902 
Number is 21 
G.3.6_index_3_VS_G.3.2_index_5 [10] 
20160716,20160719,20160726,20160801,20160805,20160806,20160807,20160808,20160809,20160810,20160812,20160814,20160815,20160817,20160819,20160824,20160825,20160828,20160901 
Number is 23 
G.3.3_index_3_VS_G.4.2_index_3 [11] PLUS 1 
20160718,20160723,20160726,20160728,20160730,20160802,20160804,20160805,20160806,20160807,20160808,20160809,20160810,20160811,20160812,20160813,20160815,20160818,20160821,20160822,20160824,20160825,20160827,20160830 
Number is 25 
G.3.3_index_3_VS_G.4.1_index_2 [12] PLUS 1 
20160718,20160719,20160720,20160724,20160725,20160803,20160805,20160806,20160807,20160808,20160809,20160810,20160811,20160814,20160815,20160816,20160817,20160818,20160820,20160822,20160824,20160825,20160827,20160828,20160829 
G.3.6_index_3_VS_G.4.1_index_2 [13] PLUS 1 
20160716,20160720,20160722,20160723,20160724,20160726,20160729,20160731,20160805,20160806,20160807,20160808,20160809,20160810,20160811,20160818,20160819,20160822,20160823,20160824,20160827,20160831,20160901 
Number is 26 
G.6.2_index_1_VS_G.7.2_index_1 [14] 
20160716,20160717,20160718,20160724,20160725,20160726,20160728,20160731,20160802,20160803,20160805,20160806,20160807,20160808,20160809,20160810,20160814,20160815,20160818,20160819,20160820,20160823,20160824,20160825,20160828,20160829 
Number is 28 
G.3.2_index_2_VS_G.5.4_index_1 [15] 
20160716,20160719,20160723,20160725,20160729,20160730,20160801,20160805,20160806,20160807,20160808,20160809,20160810,20160812,20160813,20160822,20160823,20160824,20160825,20160826,20160827,20160830,20160831,20160901,20160902 
G.5.3_index_4_VS_G.5.2_index_1 [16] 
20160719,20160722,20160723,20160727,20160803,20160804,20160805,20160806,20160807,20160808,20160809,20160810,20160812,20160817,20160820,20160821,20160824,20160825,20160827,20160829 
Number is 41 
G.7.3_index_1_VS_G.1.1_index_1 [17] 
20160718,20160719,20160720,20160721,20160723,20160726,20160727,20160728,20160729,20160730,20160803,20160805,20160806,20160807,20160808,20160809,20160810,20160812,20160814,20160815,20160817,20160818,20160820,20160821,20160822,20160828,20160830 
G.7.3_index_1_VS_G.3.2_index_5 [18] 
20160718,20160720,20160721,20160723,20160725,20160729,20160801,20160802,20160803,20160805,20160806,20160807,20160808,20160809,20160810,20160819,20160820,20160821,20160822,20160824,20160825,20160902 
G.7.3_index_1_VS_G.3.5_index_3 [19] 
20160721,20160722,20160726,20160727,20160729,20160803,20160805,20160806,20160807,20160808,20160809,20160810,20160812,20160815,20160817,20160821,20160823,20160826 
Number is 49 
G.7.3_index_1_VS_G.DB_index_2 [20] PLUS 1 
20160717,20160718,20160728,20160729,20160730,20160804,20160805,20160806,20160807,20160808,20160809,20160810,20160811,20160814,20160817,20160821,20160822,20160824,20160825,20160827,20160830,20160901 
G.5.6_index_3_VS_G.DB_index_2 [21] PLUS 1 
20160716,20160717,20160718,20160720,20160724,20160725,20160729,20160730,20160731,20160805,20160806,20160807,20160808,20160809,20160810,20160811,20160815,20160816,20160819,20160820,20160824,20160827,20160828,20160829,20160830,20160902 
Number is 52 
G.3.1_index_4_VS_G.5.3_index_4 [22] PLUS 1 
20160717,20160718,20160719,20160721,20160722,20160728,20160729,20160801,20160803,20160805,20160806,20160807,20160808,20160809,20160810,20160811,20160812,20160814,20160819,20160822,20160824,20160825,20160826,20160829,20160831 
Number is 58 
G.6.1_index_3_VS_G.4.1_index_3 [23] PLUS 1 
20160718,20160719,20160724,20160728,20160730,20160731,20160804,20160805,20160806,20160807,20160808,20160809,20160810,20160811,20160812,20160813,20160815,20160817,20160818,20160826,20160827,20160828,20160829,20160830,20160901 
G.4.1_index_2_VS_G.1.1_index_2 [24] PLUS 1 
20160719,20160720,20160721,20160723,20160724,20160725,20160728,20160731,20160803,20160804,20160805,20160806,20160807,20160808,20160809,20160810,20160811,20160815,20160819,20160820,20160821,20160825,20160828,20160829,20160830,20160831,20160901 
Number is 59 
G.6.1_index_3_VS_G.5.5_index_3 [25] 
20160717,20160718,20160719,20160722,20160726,20160728,20160729,20160731,20160801,20160802,20160803,20160805,20160806,20160807,20160808,20160809,20160810,20160813,20160814,20160815,20160817,20160820,20160822,20160826,20160829,20160830,20160901 
Number is 62 
G.DB_index_3_VS_G.3.3_index_3 [26] 
20160719,20160720,20160724,20160725,20160727,20160802,20160804,20160805,20160806,20160807,20160808,20160809,20160810,20160815,20160818,20160819,20160820,20160821,20160826,20160831 
Number is 67 
G.DB_index_3_VS_G.1.1_index_4 [27] 
20160717,20160720,20160721,20160731,20160801,20160802,20160803,20160804,20160805,20160806,20160807,20160808,20160809,20160810,20160814,20160816,20160817,20160822,20160823,20160825,20160826,20160828,20160829,20160830 
Number is 68 
G.DB_index_3_VS_G.5.1_index_3 [28] PLUS 1 
20160716,20160718,20160723,20160724,20160731,20160802,20160805,20160806,20160807,20160808,20160809,20160810,20160811,20160815,20160817,20160818,20160824,20160825,20160830,20160901,20160902 
Number is 72 
G.3.3_index_1_VS_G.5.3_index_4 [29] 
20160716,20160719,20160722,20160723,20160724,20160726,20160727,20160728,20160729,20160731,20160801,20160802,20160803,20160805,20160806,20160807,20160808,20160809,20160810,20160812,20160819,20160820,20160821,20160822,20160825,20160830,20160831 
G.4.2_index_4_VS_G.5.3_index_4 [30] 
20160716,20160723,20160728,20160803,20160804,20160805,20160806,20160807,20160808,20160809,20160810,20160812,20160814,20160822,20160823,20160825,20160827,20160829,20160831 
Number is 76 
G.4.1_index_4_VS_G.DB_index_3 [31] 
20160716,20160718,20160721,20160722,20160723,20160727,20160805,20160806,20160807,20160808,20160809,20160810,20160813,20160814,20160816,20160817,20160820,20160826,20160829,20160830 
Number is 78 
G.1.1_index_4_VS_G.2.2_index_3 [32] PLUS 1 
20160716,20160717,20160730,20160731,20160801,20160802,20160805,20160806,20160807,20160808,20160809,20160810,20160811,20160813,20160815,20160817,20160820,20160821,20160822,20160824,20160825,20160826,20160827,20160831,20160901,20160902 
Number is 79 
G.4.2_index_4_VS_G.5.5_index_3 [33] PLUS 1 
20160716,20160722,20160726,20160728,20160731,20160803,20160805,20160806,20160807,20160808,20160809,20160810,20160811,20160813,20160822,20160824,20160825,20160826,20160827,20160901 
Number is 80 
G.5.1_index_3_VS_G.5.4_index_2 [34] 
20160716,20160718,20160720,20160721,20160723,20160724,20160801,20160805,20160806,20160807,20160808,20160809,20160810,20160812,20160813,20160815,20160816,20160818,20160819,20160821,20160825,20160826,20160827,20160829,20160831,20160901,20160902 
G.3.4_index_2_VS_G.5.4_index_2 [35] 
20160716,20160720,20160721,20160726,20160731,20160803,20160804,20160805,20160806,20160807,20160808,20160809,20160810,20160812,20160813,20160814,20160816,20160818,20160824,20160825,20160826,20160827 
Number is 81 
G.4.1_index_1_VS_G.2.2_index_2 [36] PLUS 1 
20160718,20160719,20160720,20160723,20160726,20160727,20160730,20160801,20160805,20160806,20160807,20160808,20160809,20160810,20160811,20160813,20160817,20160820,20160822,20160828,20160830,20160831,20160901 
G.2.2_index_3_VS_G.3.1_index_2 [37] PLUS 1 
20160717,20160720,20160721,20160722,20160724,20160725,20160726,20160729,20160730,20160804,20160805,20160806,20160807,20160808,20160809,20160810,20160811,20160813,20160816,20160817,20160820,20160821,20160822,20160824,20160825,20160828,20160831,20160902 
Number is 87 
G.2.1_index_2_VS_G.1.1_index_4 [38] PLUS 1 
20160716,20160719,20160724,20160725,20160727,20160728,20160731,20160802,20160803,20160804,20160805,20160806,20160807,20160808,20160809,20160810,20160811,20160812,20160815,20160821,20160823,20160824,20160826,20160827,20160829,20160830,20160831,20160901 
Number is 88 
G.3.4_index_2_VS_G.5.4_index_1 [39] 
20160719,20160721,20160722,20160724,20160725,20160726,20160727,20160730,20160731,20160803,20160804,20160805,20160806,20160807,20160808,20160809,20160810,20160812,20160813,20160814,20160817,20160819,20160821,20160823,20160825,20160827,20160901 
Number is 89 
G.2.2_index_3_VS_G.DB_index_2 [40] 
20160716,20160718,20160720,20160721,20160724,20160729,20160730,20160731,20160801,20160805,20160806,20160807,20160808,20160809,20160810,20160816,20160817,20160824,20160826 
Number is 92 
G.3.4_index_5_VS_G.3.4_index_3 [41] 
20160718,20160719,20160721,20160722,20160723,20160730,20160731,20160805,20160806,20160807,20160808,20160809,20160810,20160812,20160813,20160814,20160815,20160816,20160817,20160821,20160822,20160823,20160825,20160826,20160827,20160830,20160831,20160902 
Number is 96 
G.5.5_index_3_VS_G.7.2_index_1 [42] PLUS 1 
20160716,20160720,20160721,20160722,20160724,20160727,20160801,20160803,20160805,20160806,20160807,20160808,20160809,20160810,20160811,20160812,20160813,20160814,20160815,20160816,20160817,20160821,20160824,20160825,20160828,20160829 
G.DB_index_2_VS_G.7.2_index_1 [43] PLUS 1 
20160716,20160717,20160718,20160721,20160722,20160724,20160725,20160726,20160805,20160806,20160807,20160808,20160809,20160810,20160811,20160812,20160814,20160817,20160818,20160819,20160820,20160821,20160822,20160824,20160826,20160828,20160831,20160901 
Number is 98 
G.3.3_index_5_VS_G.1.1_index_2 [44] 
20160720,20160723,20160724,20160727,20160729,20160730,20160802,20160804,20160805,20160806,20160807,20160808,20160809,20160810,20160813,20160815,20160818,20160825,20160827,20160831,20160901 
G.5.5_index_3_VS_G.5.2_index_1 [45] 
20160717,20160718,20160719,20160722,20160723,20160724,20160726,20160803,20160805,20160806,20160807,20160808,20160809,20160810,20160812,20160813,20160814,20160815,20160818,20160822,20160824,20160826,20160827,20160828,20160829,20160902 
