======== Current: 20160813 ========= 
Number is 14 
G.DB_index_2_VS_G.7.2_index_1 [1] 
20160716,20160717,20160718,20160721,20160722,20160724,20160725,20160726,20160805,20160806,20160807,20160808,20160809,20160810,20160811,20160812,20160814,20160817,20160818,20160819,20160820,20160821,20160822,20160824,20160826,20160828,20160831,20160901 
Number is 15 
G.6.2_index_2_VS_G.7.3_index_1 [2] 
20160721,20160723,20160728,20160729,20160804,20160807,20160808,20160809,20160810,20160811,20160812,20160814,20160816,20160817,20160820,20160823,20160824,20160826,20160829,20160901 
Number is 19 
G.6.1_index_2_VS_G.3.1_index_5 [3] 
20160720,20160721,20160722,20160724,20160725,20160726,20160803,20160804,20160805,20160807,20160808,20160809,20160810,20160811,20160812,20160814,20160816,20160817,20160822,20160825,20160829,20160830,20160902 
Number is 28 
G.6.1_index_3_VS_G.4.1_index_3 [4] PLUS 1 
20160718,20160719,20160724,20160728,20160730,20160731,20160804,20160805,20160806,20160807,20160808,20160809,20160810,20160811,20160812,20160813,20160815,20160817,20160818,20160826,20160827,20160828,20160829,20160830,20160901 
Number is 46 
G.4.2_index_4_VS_G.5.2_index_1 [5] 
20160716,20160719,20160722,20160726,20160731,20160802,20160804,20160807,20160808,20160809,20160810,20160811,20160812,20160814,20160822,20160823,20160825,20160829,20160831,20160901 
Number is 47 
G.4.4_index_2_VS_G.3.4_index_2 [6] PLUS 1 
20160717,20160720,20160722,20160723,20160726,20160729,20160730,20160731,20160803,20160804,20160806,20160807,20160808,20160809,20160810,20160811,20160812,20160813,20160814,20160816,20160817,20160819,20160821,20160827,20160829,20160901 
Number is 52 
G.5.4_index_3_VS_G.6.1_index_1 [7] 
20160718,20160719,20160722,20160723,20160724,20160731,20160803,20160806,20160807,20160808,20160809,20160810,20160811,20160812,20160814,20160815,20160817,20160818,20160820,20160821,20160823,20160826,20160829,20160830,20160831,20160901 
Number is 57 
G.2.1_index_2_VS_G.1.1_index_4 [8] 
20160716,20160719,20160724,20160725,20160727,20160728,20160731,20160802,20160803,20160804,20160805,20160806,20160807,20160808,20160809,20160810,20160811,20160812,20160815,20160821,20160823,20160824,20160826,20160827,20160829,20160830,20160831,20160901 
Number is 62 
G.5.2_index_1_VS_G.3.3_index_2 [9] 
20160718,20160721,20160723,20160727,20160728,20160729,20160801,20160805,20160807,20160808,20160809,20160810,20160811,20160812,20160814,20160818,20160820,20160821,20160826,20160901,20160902 
Number is 68 
G.5.2_index_1_VS_G.4.3_index_1 [10] PLUS 1 
20160722,20160724,20160729,20160731,20160801,20160804,20160807,20160808,20160809,20160810,20160811,20160812,20160813,20160817,20160819,20160821,20160823 
G.5.2_index_1_VS_G.3.2_index_3 [11] PLUS 1 
20160716,20160717,20160724,20160729,20160730,20160731,20160801,20160802,20160805,20160807,20160808,20160809,20160810,20160811,20160812,20160813,20160819,20160826,20160827 
Number is 70 
G.3.3_index_3_VS_G.2.1_index_1 [12] 
20160718,20160720,20160721,20160727,20160729,20160804,20160807,20160808,20160809,20160810,20160811,20160812,20160818,20160820,20160824,20160830 
Number is 71 
G.3.1_index_4_VS_G.5.3_index_4 [13] 
20160717,20160718,20160719,20160721,20160722,20160728,20160729,20160801,20160803,20160805,20160806,20160807,20160808,20160809,20160810,20160811,20160812,20160814,20160819,20160822,20160824,20160825,20160826,20160829,20160831 
Number is 72 
G.3.4_index_2_VS_G.3.3_index_2 [14] PLUS 1 
20160721,20160722,20160725,20160726,20160729,20160804,20160805,20160807,20160808,20160809,20160810,20160811,20160812,20160813,20160814,20160816,20160818,20160826,20160827,20160829 
Number is 74 
G.5.5_index_3_VS_G.7.2_index_1 [15] PLUS 1 
20160716,20160720,20160721,20160722,20160724,20160727,20160801,20160803,20160805,20160806,20160807,20160808,20160809,20160810,20160811,20160812,20160813,20160814,20160815,20160816,20160817,20160821,20160824,20160825,20160828,20160829 
G.3.4_index_2_VS_G.1.1_index_1 [16] PLUS 1 
20160716,20160718,20160719,20160726,20160730,20160731,20160803,20160804,20160806,20160807,20160808,20160809,20160810,20160811,20160812,20160813,20160814,20160815,20160817,20160819,20160822,20160824,20160902 
Number is 78 
G.3.4_index_2_VS_G.3.2_index_3 [17] 
20160719,20160726,20160728,20160729,20160802,20160804,20160806,20160807,20160808,20160809,20160810,20160811,20160812,20160814,20160817,20160819,20160821,20160824,20160828,20160829,20160831,20160902 
Number is 79 
G.3.3_index_3_VS_G.4.2_index_3 [18] PLUS 1 
20160718,20160723,20160726,20160728,20160730,20160802,20160804,20160805,20160806,20160807,20160808,20160809,20160810,20160811,20160812,20160813,20160815,20160818,20160821,20160822,20160824,20160825,20160827,20160830 
Number is 82 
G.6.2_index_1_VS_G.6.1_index_3 [19] PLUS 1 
20160717,20160718,20160726,20160727,20160729,20160730,20160731,20160802,20160803,20160804,20160805,20160807,20160808,20160809,20160810,20160811,20160812,20160813,20160817,20160818,20160824,20160826,20160828,20160829,20160901,20160902 
Number is 86 
G.3.3_index_1_VS_G.5.2_index_1 [20] PLUS 1 
20160719,20160722,20160724,20160725,20160727,20160729,20160803,20160807,20160808,20160809,20160810,20160811,20160812,20160813,20160818,20160821,20160822,20160827,20160829,20160902 
Number is 88 
G.4.1_index_3_VS_G.3.2_index_3 [21] 
20160718,20160721,20160722,20160724,20160725,20160727,20160729,20160731,20160802,20160807,20160808,20160809,20160810,20160811,20160812,20160818,20160819,20160820,20160821,20160824,20160902 
