======== Current: 20160819 ========= 
Number is 00 
G.3.1_index_3_VS_G.3.6_index_4 [1] 
20160724,20160725,20160802,20160804,20160805,20160807,20160809,20160812,20160813,20160814,20160815,20160816,20160817,20160818,20160820,20160821,20160822,20160823,20160825,20160827,20160830,20160901,20160902 
Number is 01 
G.3.1_index_3_VS_G.3.1_index_5 [2] 
20160718,20160719,20160722,20160725,20160726,20160727,20160803,20160805,20160807,20160808,20160809,20160810,20160813,20160814,20160815,20160816,20160817,20160818,20160822,20160823,20160824,20160826,20160829,20160830,20160831 
G.4.3_index_3_VS_G.4.4_index_3 [3] 
20160716,20160723,20160728,20160729,20160731,20160801,20160803,20160804,20160809,20160810,20160812,20160813,20160814,20160815,20160816,20160817,20160818,20160821,20160822,20160823,20160825,20160829 
Number is 03 
G.3.1_index_3_VS_G.5.3_index_1 [4] 
20160718,20160721,20160722,20160728,20160803,20160804,20160805,20160808,20160813,20160814,20160815,20160816,20160817,20160818,20160820,20160822,20160823,20160828,20160830,20160831,20160901 
Number is 05 
G.7.1_index_2_VS_G.DB_index_3 [5] PLUS 1 
20160717,20160719,20160722,20160723,20160728,20160731,20160802,20160803,20160804,20160810,20160811,20160812,20160813,20160814,20160815,20160816,20160817,20160818,20160819,20160822,20160828,20160829,20160830,20160831,20160902 
Number is 06 
G.3.1_index_3_VS_G.5.2_index_4 [6] 
20160718,20160719,20160728,20160729,20160803,20160808,20160809,20160810,20160812,20160813,20160814,20160815,20160816,20160817,20160818,20160822,20160828,20160901 
G.3.1_index_3_VS_G.3.3_index_5 [7] 
20160721,20160724,20160726,20160727,20160729,20160802,20160805,20160808,20160811,20160813,20160814,20160815,20160816,20160817,20160818,20160821,20160823,20160825,20160828,20160830 
Number is 09 
G.3.6_index_4_VS_G.DB_index_1 [8] PLUS 1 
20160721,20160724,20160725,20160727,20160731,20160801,20160802,20160804,20160805,20160807,20160809,20160811,20160813,20160814,20160815,20160816,20160817,20160818,20160819,20160825,20160826,20160827,20160901 
Number is 12 
G.7.3_index_2_VS_G.5.5_index_3 [9] 
20160719,20160722,20160723,20160724,20160726,20160727,20160728,20160803,20160804,20160805,20160810,20160812,20160813,20160814,20160815,20160816,20160817,20160818,20160824,20160825,20160826,20160827,20160828,20160830,20160902 
Number is 15 
G.4.1_index_2_VS_G.5.6_index_4 [10] PLUS 1 
20160716,20160719,20160721,20160722,20160727,20160728,20160731,20160804,20160805,20160807,20160812,20160813,20160814,20160815,20160816,20160817,20160818,20160819,20160820,20160824,20160825,20160826,20160827,20160831,20160902 
G.6.1_index_2_VS_G.5.5_index_2 [11] PLUS 1 
20160717,20160720,20160725,20160726,20160729,20160803,20160804,20160805,20160809,20160811,20160813,20160814,20160815,20160816,20160817,20160818,20160819,20160824,20160901,20160902 
Number is 19 
G.7.3_index_2_VS_G.3.6_index_3 [12] PLUS 1 
20160716,20160718,20160722,20160723,20160728,20160731,20160803,20160810,20160813,20160814,20160815,20160816,20160817,20160818,20160819,20160823,20160828,20160829,20160901 
G.7.3_index_2_VS_G.3.1_index_4 [13] PLUS 1 
20160716,20160717,20160720,20160722,20160724,20160727,20160728,20160729,20160730,20160801,20160803,20160804,20160806,20160809,20160810,20160812,20160813,20160814,20160815,20160816,20160817,20160818,20160819,20160821,20160822,20160823,20160824,20160827,20160830,20160901,20160902 
Number is 21 
G.DB_index_4_VS_G.3.4_index_2 [14] 
20160716,20160717,20160718,20160726,20160727,20160731,20160804,20160806,20160807,20160808,20160810,20160812,20160813,20160814,20160815,20160816,20160817,20160818,20160821,20160825,20160827,20160828,20160829 
Number is 24 
G.2.1_index_2_VS_G.4.4_index_4 [15] 
20160716,20160717,20160718,20160719,20160725,20160726,20160728,20160802,20160804,20160807,20160808,20160810,20160813,20160814,20160815,20160816,20160817,20160818,20160820,20160822,20160823,20160824,20160825,20160827,20160830,20160902 
G.5.5_index_3_VS_G.5.1_index_3 [16] 
20160718,20160719,20160724,20160725,20160727,20160728,20160729,20160804,20160805,20160808,20160809,20160812,20160813,20160814,20160815,20160816,20160817,20160818,20160821,20160822,20160825,20160826,20160827,20160830,20160831,20160901 
Number is 29 
G.2.1_index_1_VS_G.2.2_index_1 [17] 
20160720,20160723,20160728,20160804,20160810,20160812,20160813,20160814,20160815,20160816,20160817,20160818,20160821,20160828,20160830 
Number is 53 
G.5.6_index_4_VS_G.5.6_index_3 [18] PLUS 1 
20160716,20160717,20160719,20160720,20160721,20160722,20160723,20160725,20160727,20160730,20160731,20160803,20160804,20160805,20160806,20160807,20160808,20160810,20160813,20160814,20160815,20160816,20160817,20160818,20160819,20160822,20160823,20160824,20160826,20160829,20160831 
Number is 59 
G.5.1_index_2_VS_G.3.5_index_5 [19] PLUS 1 
20160720,20160721,20160722,20160727,20160728,20160729,20160730,20160731,20160802,20160803,20160804,20160805,20160806,20160811,20160813,20160814,20160815,20160816,20160817,20160818,20160819,20160820,20160822,20160826,20160829,20160830 
G.3.4_index_5_VS_G.4.3_index_1 [20] PLUS 1 
20160719,20160724,20160725,20160729,20160730,20160801,20160804,20160806,20160808,20160810,20160813,20160814,20160815,20160816,20160817,20160818,20160819,20160822,20160823,20160828,20160830,20160901 
Number is 61 
G.7.1_index_1_VS_G.4.4_index_1 [21] PLUS 1 
20160716,20160717,20160724,20160802,20160805,20160807,20160809,20160813,20160814,20160815,20160816,20160817,20160818,20160819,20160820,20160821,20160822,20160828,20160830,20160831,20160902 
Number is 62 
G.3.3_index_5_VS_G.5.5_index_3 [22] 
20160717,20160718,20160723,20160726,20160802,20160803,20160805,20160808,20160813,20160814,20160815,20160816,20160817,20160818,20160823,20160826,20160831,20160902 
Number is 71 
G.2.2_index_5_VS_G.3.4_index_2 [23] PLUS 1 
20160716,20160717,20160721,20160722,20160724,20160725,20160726,20160730,20160731,20160803,20160806,20160807,20160810,20160812,20160813,20160814,20160815,20160816,20160817,20160818,20160819,20160820,20160825,20160828,20160901 
Number is 78 
G.4.4_index_2_VS_G.3.1_index_2 [24] PLUS 1 
20160716,20160719,20160723,20160728,20160802,20160805,20160806,20160807,20160808,20160810,20160811,20160812,20160813,20160814,20160815,20160816,20160817,20160818,20160819,20160824,20160825,20160826,20160831 
Number is 79 
G.4.1_index_3_VS_G.2.2_index_1 [25] PLUS 1 
20160716,20160718,20160719,20160724,20160801,20160802,20160807,20160808,20160810,20160813,20160814,20160815,20160816,20160817,20160818,20160819,20160821,20160826,20160829 
Number is 81 
G.5.2_index_3_VS_G.3.1_index_5 [26] PLUS 1 
20160716,20160717,20160721,20160729,20160730,20160731,20160801,20160803,20160806,20160808,20160812,20160813,20160814,20160815,20160816,20160817,20160818,20160819,20160822,20160823,20160826,20160827,20160829,20160830,20160831,20160902 
Number is 82 
G.3.1_index_2_VS_G.2.1_index_5 [27] 
20160716,20160719,20160722,20160726,20160730,20160803,20160805,20160808,20160810,20160812,20160813,20160814,20160815,20160816,20160817,20160818,20160820,20160822,20160823,20160824,20160825,20160827,20160829,20160902 
G.4.2_index_1_VS_G.DB_index_4 [28] 
20160716,20160723,20160724,20160726,20160731,20160801,20160804,20160807,20160812,20160813,20160814,20160815,20160816,20160817,20160818,20160823,20160826,20160827,20160828,20160831,20160902 
G.DB_index_2_VS_G.DB_index_4 [29] 
20160716,20160718,20160721,20160722,20160726,20160730,20160801,20160804,20160809,20160813,20160814,20160815,20160816,20160817,20160818,20160821,20160825,20160828,20160829,20160831,20160901,20160902 
Number is 83 
G.1.1_index_3_VS_G.1.1_index_2 [30] PLUS 1 
20160718,20160719,20160720,20160722,20160724,20160731,20160804,20160805,20160806,20160809,20160810,20160811,20160813,20160814,20160815,20160816,20160817,20160818,20160819,20160823,20160827,20160829,20160831,20160901,20160902 
Number is 85 
G.5.2_index_3_VS_G.5.5_index_2 [31] 
20160721,20160722,20160724,20160725,20160728,20160801,20160802,20160803,20160807,20160809,20160810,20160811,20160813,20160814,20160815,20160816,20160817,20160818,20160820,20160824,20160825,20160827 
G.1.1_index_4_VS_G.3.4_index_5 [32] 
20160717,20160719,20160720,20160727,20160730,20160801,20160803,20160806,20160808,20160809,20160811,20160812,20160813,20160814,20160815,20160816,20160817,20160818,20160822,20160824,20160826,20160827,20160828,20160829,20160901,20160902 
G.4.2_index_1_VS_G.5.6_index_4 [33] 
20160716,20160723,20160724,20160725,20160727,20160731,20160803,20160805,20160806,20160813,20160814,20160815,20160816,20160817,20160818,20160822,20160823,20160825,20160829,20160902 
Number is 91 
G.DB_index_1_VS_G.3.1_index_5 [34] PLUS 1 
20160717,20160721,20160722,20160725,20160726,20160727,20160729,20160801,20160803,20160805,20160809,20160810,20160813,20160814,20160815,20160816,20160817,20160818,20160819,20160826,20160827,20160829,20160831,20160901,20160902 
Number is 92 
G.2.2_index_1_VS_G.6.1_index_3 [35] 
20160716,20160717,20160720,20160727,20160728,20160729,20160730,20160731,20160804,20160805,20160807,20160808,20160810,20160811,20160813,20160814,20160815,20160816,20160817,20160818,20160822,20160828,20160829,20160830,20160902 
Number is 93 
G.2.2_index_1_VS_G.5.4_index_4 [36] PLUS 1 
20160716,20160717,20160718,20160720,20160723,20160725,20160726,20160728,20160803,20160806,20160809,20160811,20160812,20160813,20160814,20160815,20160816,20160817,20160818,20160819,20160821,20160823,20160824,20160826,20160827,20160831 
Number is 96 
G.6.3_index_1_VS_G.3.4_index_1 [37] PLUS 1 
20160716,20160719,20160720,20160724,20160726,20160727,20160729,20160731,20160804,20160806,20160808,20160810,20160812,20160813,20160814,20160815,20160816,20160817,20160818,20160819,20160820,20160821,20160825,20160826,20160828,20160829,20160830,20160831,20160902 
Number is 99 
G.4.3_index_1_VS_G.2.2_index_1 [38] 
20160716,20160717,20160720,20160721,20160723,20160724,20160725,20160730,20160802,20160804,20160806,20160808,20160809,20160810,20160811,20160813,20160814,20160815,20160816,20160817,20160818,20160823,20160825,20160831 
