======== Current: 20160821 ========= 
Number is 01 
G.DB_index_1_VS_G.4.3_index_3 [1] 
20160716,20160717,20160721,20160722,20160723,20160728,20160803,20160805,20160807,20160809,20160812,20160814,20160815,20160816,20160817,20160818,20160819,20160820,20160823,20160824,20160825,20160826,20160827,20160829,20160830,20160831,20160901 
Number is 09 
G.3.3_index_5_VS_G.3.4_index_4 [2] 
20160721,20160722,20160723,20160725,20160728,20160729,20160730,20160731,20160801,20160803,20160806,20160807,20160808,20160809,20160815,20160816,20160817,20160818,20160819,20160820,20160824,20160826,20160828,20160831 
Number is 14 
G.7.1_index_1_VS_G.4.4_index_1 [3] PLUS 1 
20160716,20160717,20160724,20160802,20160805,20160807,20160809,20160813,20160814,20160815,20160816,20160817,20160818,20160819,20160820,20160821,20160822,20160828,20160830,20160831,20160902 
Number is 22 
G.5.3_index_2_VS_G.3.3_index_3 [4] 
20160720,20160721,20160725,20160728,20160730,20160731,20160801,20160807,20160808,20160809,20160810,20160812,20160815,20160816,20160817,20160818,20160819,20160820,20160825,20160827,20160829,20160830,20160901 
Number is 34 
G.6.2_index_2_VS_G.4.4_index_1 [5] 
20160716,20160717,20160721,20160725,20160727,20160802,20160803,20160804,20160806,20160811,20160814,20160815,20160816,20160817,20160818,20160819,20160820,20160823,20160826,20160830,20160901 
Number is 39 
G.5.2_index_1_VS_G.1.1_index_5 [6] 
20160720,20160723,20160727,20160729,20160805,20160806,20160808,20160809,20160810,20160812,20160814,20160815,20160816,20160817,20160818,20160819,20160820,20160826,20160829,20160902 
Number is 40 
G.3.4_index_1_VS_G.DB_index_1 [7] 
20160718,20160723,20160727,20160731,20160803,20160805,20160810,20160811,20160814,20160815,20160816,20160817,20160818,20160819,20160820,20160824,20160827,20160828,20160830 
Number is 42 
G.4.1_index_2_VS_G.4.4_index_4 [8] 
20160716,20160719,20160722,20160730,20160731,20160801,20160803,20160804,20160807,20160808,20160813,20160815,20160816,20160817,20160818,20160819,20160820,20160822,20160823,20160824 
Number is 44 
G.4.1_index_2_VS_G.5.6_index_4 [9] 
20160716,20160719,20160721,20160722,20160727,20160728,20160731,20160804,20160805,20160807,20160812,20160813,20160814,20160815,20160816,20160817,20160818,20160819,20160820,20160824,20160825,20160826,20160827,20160831,20160902 
G.4.4_index_1_VS_G.3.4_index_3 [10] 
20160718,20160721,20160722,20160729,20160802,20160804,20160805,20160807,20160810,20160812,20160815,20160816,20160817,20160818,20160819,20160820,20160823,20160826,20160827,20160901,20160902 
G.3.4_index_2_VS_G.DB_index_2 [11] 
20160716,20160717,20160721,20160722,20160723,20160724,20160725,20160726,20160728,20160729,20160730,20160731,20160804,20160806,20160807,20160808,20160810,20160814,20160815,20160816,20160817,20160818,20160819,20160820,20160822,20160826,20160827,20160828 
Number is 47 
G.4.4_index_1_VS_G.5.5_index_2 [12] PLUS 1 
20160718,20160720,20160724,20160727,20160805,20160807,20160809,20160810,20160813,20160815,20160816,20160817,20160818,20160819,20160820,20160821,20160822,20160831 
Number is 49 
G.4.1_index_2_VS_G.5.2_index_4 [13] PLUS 1 
20160717,20160720,20160722,20160723,20160724,20160725,20160729,20160803,20160809,20160810,20160814,20160815,20160816,20160817,20160818,20160819,20160820,20160821,20160823,20160901 
Number is 50 
G.3.2_index_5_VS_G.DB_index_1 [14] PLUS 1 
20160716,20160723,20160725,20160727,20160728,20160801,20160803,20160807,20160810,20160815,20160816,20160817,20160818,20160819,20160820,20160821,20160822,20160825,20160830,20160831,20160901,20160902 
Number is 53 
G.1.1_index_1_VS_G.3.1_index_3 [15] PLUS 1 
20160727,20160729,20160802,20160806,20160807,20160808,20160810,20160812,20160813,20160815,20160816,20160817,20160818,20160819,20160820,20160821,20160822,20160823,20160825,20160828,20160829,20160901,20160902 
Number is 54 
G.2.2_index_5_VS_G.3.4_index_2 [16] 
20160716,20160717,20160721,20160722,20160724,20160725,20160726,20160730,20160731,20160803,20160806,20160807,20160810,20160812,20160813,20160814,20160815,20160816,20160817,20160818,20160819,20160820,20160825,20160828,20160901 
Number is 57 
G.4.4_index_3_VS_G.5.5_index_2 [17] 
20160718,20160719,20160720,20160722,20160723,20160724,20160727,20160729,20160730,20160807,20160810,20160815,20160816,20160817,20160818,20160819,20160820,20160825,20160828,20160831,20160902 
Number is 63 
G.DB_index_3_VS_G.3.1_index_3 [18] 
20160724,20160726,20160802,20160803,20160814,20160815,20160816,20160817,20160818,20160819,20160820,20160825,20160826,20160828,20160830,20160902 
G.3.2_index_3_VS_G.3.1_index_3 [19] 
20160721,20160726,20160727,20160728,20160730,20160803,20160805,20160808,20160810,20160812,20160815,20160816,20160817,20160818,20160819,20160820,20160823,20160824,20160825,20160829,20160830,20160831,20160901,20160902 
Number is 64 
G.7.2_index_2_VS_G.4.4_index_1 [20] PLUS 1 
20160716,20160717,20160721,20160725,20160728,20160802,20160805,20160807,20160812,20160814,20160815,20160816,20160817,20160818,20160819,20160820,20160821,20160822,20160827,20160830,20160902 
G.5.5_index_1_VS_G.3.4_index_2 [21] PLUS 1 
20160717,20160719,20160723,20160724,20160726,20160727,20160731,20160809,20160810,20160813,20160815,20160816,20160817,20160818,20160819,20160820,20160821,20160822,20160827,20160828,20160901,20160902 
Number is 68 
G.2.2_index_2_VS_G.4.3_index_1 [22] 
20160716,20160720,20160722,20160726,20160729,20160730,20160803,20160804,20160806,20160808,20160814,20160815,20160816,20160817,20160818,20160819,20160820,20160823,20160824,20160825,20160827,20160828,20160830,20160831,20160901 
Number is 83 
G.5.1_index_2_VS_G.3.1_index_3 [23] PLUS 1 
20160721,20160726,20160727,20160728,20160730,20160731,20160804,20160805,20160809,20160811,20160814,20160815,20160816,20160817,20160818,20160819,20160820,20160821,20160829,20160830 
Number is 89 
G.5.1_index_2_VS_G.3.5_index_5 [24] 
20160720,20160721,20160722,20160727,20160728,20160729,20160730,20160731,20160802,20160803,20160804,20160805,20160806,20160811,20160813,20160814,20160815,20160816,20160817,20160818,20160819,20160820,20160822,20160826,20160829,20160830 
Number is 94 
G.2.1_index_4_VS_G.4.4_index_1 [25] PLUS 1 
20160724,20160801,20160802,20160805,20160806,20160814,20160815,20160816,20160817,20160818,20160819,20160820,20160821,20160822,20160824,20160901,20160902 
G.6.3_index_1_VS_G.3.4_index_1 [26] PLUS 1 
20160716,20160719,20160720,20160724,20160726,20160727,20160729,20160731,20160804,20160806,20160808,20160810,20160812,20160813,20160814,20160815,20160816,20160817,20160818,20160819,20160820,20160821,20160825,20160826,20160828,20160829,20160830,20160831,20160902 
Number is 95 
G.5.2_index_4_VS_G.1.1_index_1 [27] 
20160727,20160729,20160805,20160808,20160809,20160812,20160814,20160815,20160816,20160817,20160818,20160819,20160820,20160822,20160823,20160824,20160825,20160828 
