======== Current: 20160823 ========= 
Number is 08 
G.3.2_index_2_VS_G.2.2_index_3 [1] 
20160718,20160722,20160724,20160725,20160730,20160801,20160808,20160810,20160813,20160817,20160818,20160819,20160820,20160821,20160822,20160824,20160825,20160826,20160827,20160831 
Number is 09 
G.1.1_index_4_VS_G.5.3_index_4 [2] 
20160719,20160720,20160729,20160731,20160801,20160802,20160803,20160805,20160812,20160814,20160817,20160818,20160819,20160820,20160821,20160822,20160825,20160827,20160828,20160831,20160901 
Number is 11 
G.4.1_index_1_VS_G.1.1_index_1 [3] 
20160718,20160721,20160722,20160723,20160726,20160729,20160802,20160805,20160806,20160808,20160810,20160811,20160812,20160815,20160817,20160818,20160819,20160820,20160821,20160822,20160824,20160828,20160829,20160830,20160831 
G.DB_index_1_VS_G.4.4_index_3 [4] 
20160721,20160722,20160724,20160725,20160727,20160729,20160803,20160804,20160807,20160812,20160813,20160815,20160817,20160818,20160819,20160820,20160821,20160822,20160826,20160827,20160828,20160829,20160830,20160831,20160901,20160902 
G.3.5_index_2_VS_G.4.1_index_1 [5] 
20160719,20160720,20160721,20160722,20160723,20160727,20160801,20160808,20160810,20160812,20160813,20160817,20160818,20160819,20160820,20160821,20160822,20160824,20160827,20160901,20160902 
Number is 12 
G.3.5_index_5_VS_G.4.3_index_3 [6] PLUS 1 
20160722,20160724,20160726,20160728,20160731,20160803,20160804,20160806,20160807,20160813,20160816,20160817,20160818,20160819,20160820,20160821,20160822,20160823,20160826,20160829,20160831,20160901,20160902 
G.1.1_index_1_VS_G.3.1_index_3 [7] PLUS 1 
20160727,20160729,20160802,20160806,20160807,20160808,20160810,20160812,20160813,20160815,20160816,20160817,20160818,20160819,20160820,20160821,20160822,20160823,20160825,20160828,20160829,20160901,20160902 
G.3.5_index_2_VS_G.5.5_index_4 [8] PLUS 1 
20160716,20160726,20160729,20160730,20160801,20160803,20160813,20160814,20160816,20160817,20160818,20160819,20160820,20160821,20160822,20160823,20160825 
Number is 15 
G.7.2_index_1_VS_G.4.2_index_4 [9] PLUS 1 
20160724,20160726,20160727,20160728,20160729,20160731,20160803,20160806,20160808,20160809,20160810,20160812,20160813,20160814,20160815,20160817,20160818,20160819,20160820,20160821,20160822,20160823,20160829,20160831 
Number is 16 
G.4.4_index_1_VS_G.5.5_index_2 [10] 
20160718,20160720,20160724,20160727,20160805,20160807,20160809,20160810,20160813,20160815,20160816,20160817,20160818,20160819,20160820,20160821,20160822,20160831 
G.1.1_index_1_VS_G.3.5_index_3 [11] 
20160716,20160718,20160725,20160728,20160729,20160730,20160802,20160808,20160812,20160814,20160817,20160818,20160819,20160820,20160821,20160822,20160824,20160828,20160830,20160901,20160902 
Number is 17 
G.4.4_index_1_VS_G.5.3_index_1 [12] 
20160718,20160723,20160724,20160725,20160731,20160801,20160802,20160803,20160804,20160805,20160806,20160810,20160815,20160817,20160818,20160819,20160820,20160821,20160822,20160826,20160828,20160829,20160830 
Number is 22 
G.3.1_index_3_VS_G.4.2_index_1 [13] 
20160717,20160719,20160720,20160726,20160728,20160804,20160805,20160809,20160810,20160811,20160815,20160817,20160818,20160819,20160820,20160821,20160822,20160825,20160831,20160901,20160902 
Number is 24 
G.3.1_index_3_VS_G.2.1_index_2 [14] 
20160718,20160722,20160724,20160726,20160729,20160730,20160803,20160805,20160814,20160817,20160818,20160819,20160820,20160821,20160822,20160825,20160828,20160829,20160831,20160901 
Number is 26 
G.4.3_index_3_VS_G.2.1_index_4 [15] PLUS 1 
20160717,20160718,20160720,20160727,20160728,20160731,20160803,20160806,20160807,20160809,20160814,20160816,20160817,20160818,20160819,20160820,20160821,20160822,20160823,20160827,20160829,20160901,20160902 
Number is 28 
G.4.2_index_1_VS_G.5.1_index_1 [16] 
20160720,20160721,20160726,20160803,20160804,20160805,20160807,20160808,20160811,20160817,20160818,20160819,20160820,20160821,20160822,20160828,20160901,20160902 
Number is 32 
G.5.2_index_3_VS_G.3.1_index_3 [17] 
20160720,20160721,20160722,20160723,20160724,20160726,20160727,20160728,20160730,20160731,20160802,20160803,20160805,20160806,20160808,20160811,20160812,20160813,20160816,20160817,20160818,20160819,20160820,20160821,20160822,20160824,20160825,20160829 
Number is 41 
G.DB_index_2_VS_G.7.2_index_1 [18] 
20160716,20160717,20160718,20160721,20160722,20160724,20160725,20160726,20160805,20160806,20160807,20160808,20160809,20160810,20160811,20160812,20160814,20160817,20160818,20160819,20160820,20160821,20160822,20160824,20160826,20160828,20160831,20160901 
Number is 43 
G.4.3_index_2_VS_G.5.2_index_3 [19] PLUS 1 
20160716,20160721,20160722,20160723,20160726,20160728,20160729,20160731,20160806,20160808,20160812,20160813,20160815,20160817,20160818,20160819,20160820,20160821,20160822,20160823,20160824,20160825,20160827,20160828,20160830,20160901,20160902 
Number is 47 
G.5.5_index_1_VS_G.4.3_index_4 [20] 
20160721,20160722,20160724,20160725,20160731,20160801,20160804,20160805,20160811,20160816,20160817,20160818,20160819,20160820,20160821,20160822,20160825,20160826,20160828,20160829,20160830,20160831,20160901 
Number is 48 
G.2.2_index_2_VS_G.3.6_index_3 [21] 
20160716,20160719,20160720,20160721,20160722,20160723,20160725,20160726,20160729,20160731,20160801,20160803,20160805,20160807,20160808,20160815,20160817,20160818,20160819,20160820,20160821,20160822,20160828,20160829,20160831 
Number is 49 
G.5.5_index_1_VS_G.3.4_index_2 [22] 
20160717,20160719,20160723,20160724,20160726,20160727,20160731,20160809,20160810,20160813,20160815,20160816,20160817,20160818,20160819,20160820,20160821,20160822,20160827,20160828,20160901,20160902 
G.4.3_index_2_VS_G.5.1_index_2 [23] 
20160718,20160720,20160724,20160725,20160726,20160731,20160803,20160805,20160806,20160812,20160814,20160816,20160817,20160818,20160819,20160820,20160821,20160822,20160825,20160826,20160827,20160828,20160902 
Number is 58 
G.5.4_index_1_VS_G.2.2_index_3 [24] PLUS 1 
20160720,20160724,20160727,20160730,20160731,20160805,20160806,20160808,20160809,20160813,20160817,20160818,20160819,20160820,20160821,20160822,20160823,20160824,20160825,20160901 
Number is 59 
G.7.3_index_2_VS_G.5.1_index_2 [25] PLUS 1 
20160716,20160718,20160720,20160722,20160728,20160731,20160804,20160806,20160808,20160813,20160816,20160817,20160818,20160819,20160820,20160821,20160822,20160823,20160824,20160825,20160830,20160902 
Number is 60 
G.3.5_index_3_VS_G.2.2_index_4 [26] PLUS 1 
20160718,20160721,20160722,20160723,20160724,20160725,20160727,20160728,20160802,20160807,20160814,20160816,20160817,20160818,20160819,20160820,20160821,20160822,20160823,20160824,20160825,20160828,20160829,20160830 
Number is 61 
G.7.1_index_1_VS_G.4.4_index_1 [27] 
20160716,20160717,20160724,20160802,20160805,20160807,20160809,20160813,20160814,20160815,20160816,20160817,20160818,20160819,20160820,20160821,20160822,20160828,20160830,20160831,20160902 
G.2.1_index_4_VS_G.4.4_index_1 [28] 
20160724,20160801,20160802,20160805,20160806,20160814,20160815,20160816,20160817,20160818,20160819,20160820,20160821,20160822,20160824,20160901,20160902 
G.6.1_index_1_VS_G.DB_index_4 [29] 
20160717,20160721,20160723,20160724,20160726,20160730,20160731,20160802,20160804,20160806,20160809,20160815,20160817,20160818,20160819,20160820,20160821,20160822,20160824,20160827,20160830,20160831,20160901 
Number is 69 
G.5.5_index_2_VS_G.3.4_index_2 [30] 
20160717,20160718,20160725,20160726,20160728,20160731,20160803,20160806,20160814,20160817,20160818,20160819,20160820,20160821,20160822,20160825,20160827,20160829 
Number is 79 
G.4.1_index_2_VS_G.4.1_index_4 [31] 
20160722,20160724,20160803,20160805,20160807,20160808,20160809,20160811,20160813,20160816,20160817,20160818,20160819,20160820,20160821,20160822,20160824,20160825,20160830,20160831,20160902 
Number is 80 
G.7.3_index_1_VS_G.2.2_index_4 [32] 
20160718,20160719,20160721,20160722,20160728,20160729,20160730,20160803,20160806,20160810,20160813,20160814,20160816,20160817,20160818,20160819,20160820,20160821,20160822,20160824,20160825,20160826,20160828,20160829,20160830,20160901 
Number is 81 
G.3.1_index_4_VS_G.4.4_index_1 [33] 
20160716,20160718,20160719,20160721,20160729,20160730,20160802,20160806,20160809,20160811,20160814,20160817,20160818,20160819,20160820,20160821,20160822,20160824,20160826,20160828,20160829,20160902 
G.2.2_index_3_VS_G.3.5_index_1 [34] 
20160718,20160721,20160722,20160723,20160727,20160728,20160730,20160801,20160807,20160809,20160812,20160815,20160817,20160818,20160819,20160820,20160821,20160822,20160824,20160831,20160901 
G.2.2_index_3_VS_G.5.3_index_3 [35] 
20160716,20160730,20160802,20160805,20160806,20160807,20160808,20160810,20160815,20160817,20160818,20160819,20160820,20160821,20160822,20160827,20160828,20160830,20160831,20160902 
Number is 83 
G.5.1_index_1_VS_G.5.2_index_3 [36] PLUS 1 
20160716,20160720,20160723,20160724,20160725,20160726,20160727,20160729,20160730,20160731,20160802,20160804,20160806,20160809,20160811,20160812,20160813,20160816,20160817,20160818,20160819,20160820,20160821,20160822,20160823,20160824,20160827,20160828,20160830 
Number is 86 
G.3.6_index_5_VS_G.3.5_index_3 [37] PLUS 1 
20160716,20160719,20160721,20160722,20160726,20160727,20160728,20160729,20160731,20160802,20160803,20160807,20160812,20160816,20160817,20160818,20160819,20160820,20160821,20160822,20160823,20160824,20160825,20160827,20160828 
Number is 87 
G.4.4_index_2_VS_G.4.1_index_2 [38] PLUS 1 
20160723,20160724,20160727,20160731,20160802,20160803,20160806,20160809,20160811,20160816,20160817,20160818,20160819,20160820,20160821,20160822,20160823,20160825,20160830,20160831,20160901 
Number is 89 
G.3.6_index_5_VS_G.3.1_index_2 [39] 
20160716,20160717,20160719,20160722,20160724,20160727,20160802,20160803,20160807,20160810,20160812,20160813,20160817,20160818,20160819,20160820,20160821,20160822,20160824,20160826,20160828,20160829,20160831 
Number is 90 
G.3.2_index_5_VS_G.1.1_index_4 [40] 
20160716,20160718,20160719,20160721,20160728,20160729,20160801,20160802,20160804,20160806,20160809,20160813,20160814,20160817,20160818,20160819,20160820,20160821,20160822,20160825,20160826,20160828,20160830,20160902 
Number is 91 
G.7.2_index_2_VS_G.4.4_index_1 [41] 
20160716,20160717,20160721,20160725,20160728,20160802,20160805,20160807,20160812,20160814,20160815,20160816,20160817,20160818,20160819,20160820,20160821,20160822,20160827,20160830,20160902 
G.5.3_index_4_VS_G.5.1_index_4 [42] 
20160718,20160721,20160723,20160724,20160727,20160729,20160802,20160803,20160806,20160810,20160811,20160817,20160818,20160819,20160820,20160821,20160822,20160828,20160830,20160831 
G.3.2_index_5_VS_G.DB_index_1 [43] 
20160716,20160723,20160725,20160727,20160728,20160801,20160803,20160807,20160810,20160815,20160816,20160817,20160818,20160819,20160820,20160821,20160822,20160825,20160830,20160831,20160901,20160902 
G.3.4_index_4_VS_G.4.1_index_3 [44] 
20160718,20160720,20160722,20160724,20160729,20160802,20160806,20160808,20160809,20160810,20160811,20160816,20160817,20160818,20160819,20160820,20160821,20160822,20160826,20160828,20160831,20160901 
Number is 92 
G.3.4_index_5_VS_G.4.3_index_3 [45] 
20160717,20160718,20160728,20160729,20160730,20160807,20160811,20160813,20160814,20160816,20160817,20160818,20160819,20160820,20160821,20160822,20160826,20160827,20160829,20160830,20160902 
Number is 93 
G.5.3_index_4_VS_G.4.3_index_1 [46] PLUS 1 
20160717,20160722,20160723,20160724,20160801,20160803,20160804,20160806,20160807,20160810,20160811,20160812,20160817,20160818,20160819,20160820,20160821,20160822,20160823,20160826,20160829,20160831,20160902 
Number is 98 
G.3.4_index_4_VS_G.2.2_index_3 [47] 
20160720,20160722,20160724,20160730,20160801,20160804,20160805,20160807,20160808,20160810,20160811,20160814,20160817,20160818,20160819,20160820,20160821,20160822,20160831,20160901,20160902 
Number is 99 
G.3.4_index_4_VS_G.3.4_index_1 [48] PLUS 1 
20160717,20160718,20160723,20160724,20160726,20160727,20160731,20160802,20160805,20160806,20160807,20160808,20160809,20160814,20160817,20160818,20160819,20160820,20160821,20160822,20160823,20160824,20160825,20160828,20160902 
