======== Current: 20160826 ========= 
Number is 05 
G.5.4_index_1_VS_G.2.2_index_3 [1] 
20160720,20160724,20160727,20160730,20160731,20160805,20160806,20160808,20160809,20160813,20160817,20160818,20160819,20160820,20160821,20160822,20160823,20160824,20160825,20160901 
Number is 12 
G.3.4_index_3_VS_G.4.3_index_1 [2] PLUS 1 
20160719,20160724,20160726,20160729,20160807,20160809,20160811,20160812,20160814,20160815,20160816,20160818,20160820,20160821,20160822,20160823,20160824,20160825,20160826,20160901 
Number is 17 
G.7.4_index_2_VS_G.4.4_index_1 [3] PLUS 1 
20160717,20160718,20160721,20160722,20160723,20160724,20160727,20160728,20160729,20160802,20160807,20160810,20160812,20160813,20160815,20160817,20160819,20160820,20160821,20160822,20160823,20160824,20160825,20160826,20160828,20160829,20160831,20160902 
Number is 19 
G.5.1_index_2_VS_G.4.2_index_4 [4] PLUS 1 
20160718,20160719,20160721,20160722,20160723,20160724,20160725,20160726,20160727,20160728,20160731,20160801,20160803,20160805,20160809,20160811,20160814,20160816,20160820,20160821,20160822,20160823,20160824,20160825,20160826,20160829,20160830,20160831,20160901 
Number is 25 
G.3.5_index_3_VS_G.2.2_index_4 [5] 
20160718,20160721,20160722,20160723,20160724,20160725,20160727,20160728,20160802,20160807,20160814,20160816,20160817,20160818,20160819,20160820,20160821,20160822,20160823,20160824,20160825,20160828,20160829,20160830 
G.6.3_index_2_VS_G.2.2_index_3 [6] 
20160719,20160720,20160722,20160723,20160725,20160730,20160801,20160802,20160803,20160804,20160805,20160807,20160808,20160809,20160811,20160818,20160820,20160821,20160822,20160823,20160824,20160825,20160829,20160902 
Number is 28 
G.3.4_index_4_VS_G.3.4_index_1 [7] 
20160717,20160718,20160723,20160724,20160726,20160727,20160731,20160802,20160805,20160806,20160807,20160808,20160809,20160814,20160817,20160818,20160819,20160820,20160821,20160822,20160823,20160824,20160825,20160828,20160902 
Number is 30 
G.5.3_index_1_VS_G.5.4_index_4 [8] 
20160716,20160718,20160719,20160723,20160724,20160726,20160727,20160801,20160803,20160808,20160812,20160814,20160815,20160818,20160820,20160821,20160822,20160823,20160824,20160825,20160828,20160830,20160831 
Number is 31 
G.2.1_index_5_VS_G.7.3_index_1 [9] 
20160716,20160717,20160718,20160721,20160723,20160729,20160802,20160805,20160806,20160807,20160808,20160810,20160811,20160816,20160820,20160821,20160822,20160823,20160824,20160825,20160829,20160901,20160902 
G.7.3_index_2_VS_G.5.1_index_2 [10] 
20160716,20160718,20160720,20160722,20160728,20160731,20160804,20160806,20160808,20160813,20160816,20160817,20160818,20160819,20160820,20160821,20160822,20160823,20160824,20160825,20160830,20160902 
G.5.6_index_1_VS_G.3.2_index_5 [11] 
20160718,20160722,20160724,20160726,20160728,20160803,20160806,20160809,20160814,20160815,20160819,20160820,20160821,20160822,20160823,20160824,20160825,20160827,20160830,20160901 
Number is 35 
G.5.4_index_3_VS_G.3.5_index_4 [12] PLUS 1 
20160723,20160726,20160728,20160729,20160730,20160802,20160807,20160808,20160809,20160811,20160812,20160814,20160815,20160816,20160817,20160820,20160821,20160822,20160823,20160824,20160825,20160826,20160831 
G.5.6_index_1_VS_G.2.2_index_3 [13] PLUS 1 
20160717,20160718,20160719,20160721,20160730,20160801,20160802,20160804,20160807,20160808,20160809,20160810,20160811,20160816,20160817,20160818,20160820,20160821,20160822,20160823,20160824,20160825,20160826,20160831,20160902 
Number is 39 
G.5.3_index_1_VS_G.4.2_index_4 [14] 
20160716,20160720,20160721,20160723,20160724,20160728,20160803,20160805,20160806,20160807,20160808,20160810,20160815,20160816,20160820,20160821,20160822,20160823,20160824,20160825,20160830 
Number is 41 
G.5.6_index_2_VS_G.3.2_index_5 [15] PLUS 1 
20160716,20160717,20160722,20160723,20160726,20160729,20160804,20160805,20160809,20160810,20160815,20160816,20160817,20160820,20160821,20160822,20160823,20160824,20160825,20160826,20160829,20160902 
Number is 54 
G.2.2_index_3_VS_G.5.6_index_2 [16] PLUS 1 
20160716,20160721,20160727,20160730,20160731,20160802,20160806,20160808,20160809,20160810,20160813,20160817,20160820,20160821,20160822,20160823,20160824,20160825,20160826,20160827,20160828,20160829,20160831 
Number is 55 
G.2.2_index_4_VS_G.3.5_index_4 [17] PLUS 1 
20160716,20160722,20160723,20160724,20160725,20160726,20160728,20160803,20160807,20160809,20160816,20160817,20160820,20160821,20160822,20160823,20160824,20160825,20160826,20160827,20160828,20160829,20160830 
Number is 58 
G.2.2_index_3_VS_G.5.5_index_2 [18] 
20160719,20160720,20160722,20160723,20160729,20160730,20160802,20160804,20160805,20160808,20160809,20160815,20160817,20160820,20160821,20160822,20160823,20160824,20160825 
Number is 62 
G.3.6_index_5_VS_G.3.5_index_3 [19] 
20160716,20160719,20160721,20160722,20160726,20160727,20160728,20160729,20160731,20160802,20160803,20160807,20160812,20160816,20160817,20160818,20160819,20160820,20160821,20160822,20160823,20160824,20160825,20160827,20160828 
Number is 64 
G.3.6_index_5_VS_G.7.1_index_1 [20] PLUS 1 
20160716,20160717,20160719,20160722,20160724,20160726,20160727,20160728,20160729,20160805,20160806,20160807,20160809,20160810,20160812,20160814,20160820,20160821,20160822,20160823,20160824,20160825,20160826,20160828,20160902 
Number is 67 
G.3.6_index_5_VS_G.5.2_index_4 [21] 
20160716,20160719,20160720,20160722,20160724,20160727,20160729,20160731,20160801,20160809,20160812,20160814,20160817,20160818,20160820,20160821,20160822,20160823,20160824,20160825,20160827,20160830 
Number is 77 
G.5.2_index_4_VS_G.4.4_index_1 [22] 
20160717,20160718,20160722,20160723,20160724,20160725,20160730,20160804,20160806,20160809,20160810,20160814,20160816,20160817,20160819,20160820,20160821,20160822,20160823,20160824,20160825,20160828,20160829,20160831 
Number is 78 
G.4.3_index_2_VS_G.5.2_index_3 [23] 
20160716,20160721,20160722,20160723,20160726,20160728,20160729,20160731,20160806,20160808,20160812,20160813,20160815,20160817,20160818,20160819,20160820,20160821,20160822,20160823,20160824,20160825,20160827,20160828,20160830,20160901,20160902 
Number is 79 
G.6.1_index_1_VS_G.4.2_index_2 [24] 
20160716,20160717,20160723,20160730,20160801,20160802,20160803,20160804,20160805,20160811,20160815,20160819,20160820,20160821,20160822,20160823,20160824,20160825,20160827,20160831 
Number is 81 
G.5.1_index_4_VS_G.3.4_index_3 [25] 
20160717,20160718,20160721,20160722,20160724,20160725,20160730,20160802,20160803,20160804,20160809,20160811,20160816,20160817,20160818,20160820,20160821,20160822,20160823,20160824,20160825,20160827,20160831,20160901 
Number is 91 
G.4.2_index_2_VS_G.3.4_index_3 [26] PLUS 1 
20160718,20160719,20160720,20160721,20160722,20160724,20160725,20160726,20160730,20160803,20160804,20160807,20160808,20160809,20160810,20160814,20160815,20160818,20160820,20160821,20160822,20160823,20160824,20160825,20160826,20160901,20160902 
Number is 99 
G.4.2_index_2_VS_G.4.2_index_4 [27] 
20160718,20160721,20160722,20160724,20160725,20160728,20160729,20160731,20160801,20160805,20160809,20160810,20160811,20160812,20160813,20160814,20160818,20160820,20160821,20160822,20160823,20160824,20160825,20160827,20160828,20160829,20160831 
