======== Current: 20140502 ========= 
Number is 00 
G.7.3_index_1_VS_G.3.5_index_3 [1] 
20140418,20140419,20140424,20140426,20140427,20140428,20140429,20140430,20140501,20140503,20140505,20140506,20140507,20140508,20140509,20140511,20140514,20140516,20140522,20140525,20140528,20140529,20140531,20140601,20140602 
Number is 12 
G.6.2_index_2_VS_G.4.3_index_2 [2] PLUS 1 
20140415,20140416,20140419,20140421,20140422,20140423,20140424,20140426,20140427,20140428,20140429,20140430,20140501,20140502,20140508,20140514,20140516,20140518,20140519,20140522,20140524,20140526,20140528 
Number is 23 
G.7.2_index_1_VS_G.5.2_index_2 [3] PLUS 1 
20140416,20140422,20140425,20140426,20140427,20140428,20140429,20140430,20140501,20140502,20140503,20140504,20140511,20140514,20140516,20140517,20140518,20140522,20140523,20140528,20140530,20140601 
Number is 25 
G.1.1_index_5_VS_G.5.6_index_2 [4] 
20140415,20140417,20140418,20140421,20140422,20140425,20140426,20140427,20140428,20140429,20140430,20140501,20140503,20140506,20140509,20140515,20140516,20140517,20140519,20140520,20140524,20140525,20140526,20140527,20140528,20140601 
G.3.4_index_4_VS_G.6.3_index_2 [5] 
20140416,20140417,20140420,20140423,20140424,20140426,20140427,20140428,20140429,20140430,20140501,20140506,20140510,20140512,20140518,20140526,20140530,20140531,20140601,20140602 
Number is 28 
G.5.6_index_1_VS_G.2.1_index_5 [6] PLUS 1 
20140416,20140418,20140422,20140426,20140427,20140428,20140429,20140430,20140501,20140502,20140503,20140504,20140505,20140506,20140509,20140511,20140512,20140515,20140518,20140520,20140524,20140525,20140530,20140601 
Number is 29 
G.4.3_index_2_VS_G.5.2_index_4 [7] PLUS 1 
20140415,20140420,20140421,20140422,20140423,20140424,20140425,20140426,20140427,20140428,20140429,20140430,20140501,20140502,20140503,20140507,20140508,20140509,20140510,20140513,20140514,20140515,20140516,20140518,20140519,20140520,20140521,20140524,20140525,20140527,20140528,20140601 
Number is 32 
G.3.4_index_5_VS_G.4.3_index_2 [8] PLUS 1 
20140415,20140418,20140421,20140422,20140423,20140425,20140426,20140427,20140428,20140429,20140430,20140501,20140502,20140504,20140508,20140513,20140514,20140518,20140519,20140521,20140524,20140525,20140527 
Number is 38 
G.5.1_index_3_VS_G.4.1_index_3 [9] PLUS 1 
20140418,20140419,20140420,20140423,20140425,20140426,20140427,20140428,20140429,20140430,20140501,20140502,20140504,20140505,20140509,20140510,20140511,20140515,20140516,20140517,20140521,20140523,20140526,20140528,20140529,20140531,20140601,20140602 
Number is 68 
G.6.2_index_3_VS_G.2.1_index_5 [10] PLUS 1 
20140415,20140416,20140418,20140419,20140420,20140422,20140424,20140425,20140426,20140427,20140428,20140429,20140430,20140501,20140502,20140505,20140507,20140510,20140513,20140516,20140518,20140519,20140523,20140526,20140530,20140601,20140602 
G.3.2_index_1_VS_G.6.1_index_3 [11] PLUS 1 
20140415,20140419,20140425,20140426,20140427,20140428,20140429,20140430,20140501,20140502,20140503,20140505,20140507,20140509,20140512,20140513,20140516,20140518,20140519,20140521,20140522,20140524,20140526,20140528 
Number is 89 
G.DB_index_3_VS_G.5.5_index_2 [12] 
20140417,20140418,20140419,20140420,20140421,20140426,20140427,20140428,20140429,20140430,20140501,20140503,20140507,20140516,20140521,20140522,20140523,20140524 
G.DB_index_3_VS_G.3.5_index_5 [13] 
20140419,20140421,20140422,20140426,20140427,20140428,20140429,20140430,20140501,20140503,20140504,20140505,20140513,20140516,20140523,20140524,20140525,20140526,20140528,20140529,20140530,20140601 
Number is 95 
G.7.1_index_1_VS_G.2.2_index_5 [14] 
20140418,20140420,20140421,20140422,20140424,20140426,20140427,20140428,20140429,20140430,20140501,20140503,20140505,20140511,20140515,20140521,20140523,20140525,20140527,20140529,20140531,20140601 
G.DB_index_1_VS_G.3.2_index_3 [15] 
20140419,20140420,20140422,20140425,20140426,20140427,20140428,20140429,20140430,20140501,20140503,20140505,20140511,20140512,20140513,20140519,20140520,20140522,20140523,20140524,20140525,20140527,20140528 
Number is 98 
G.7.3_index_2_VS_G.7.2_index_2 [16] 
20140415,20140416,20140417,20140421,20140425,20140426,20140427,20140428,20140429,20140430,20140501,20140503,20140504,20140505,20140507,20140508,20140511,20140515,20140516,20140517,20140525,20140529,20140601,20140602 
Number is 99 
G.6.1_index_2_VS_G.5.2_index_4 [17] 
20140416,20140426,20140427,20140428,20140429,20140430,20140501,20140504,20140506,20140509,20140510,20140513,20140514,20140515,20140517,20140518,20140521,20140525,20140527,20140528,20140529,20140530,20140531,20140601 
