======== Current: 20140503 ========= 
Number is 01 
G.7.1_index_2_VS_G.2.2_index_4 [1] 
20140415,20140422,20140424,20140425,20140427,20140428,20140429,20140430,20140501,20140502,20140508,20140509,20140510,20140512,20140523,20140525,20140526,20140528,20140529,20140531,20140601,20140602 
Number is 04 
G.5.2_index_1_VS_G.3.1_index_2 [2] 
20140415,20140417,20140420,20140421,20140423,20140425,20140427,20140428,20140429,20140430,20140501,20140502,20140508,20140510,20140511,20140519,20140522,20140523,20140524,20140525,20140526,20140527,20140528,20140529,20140530,20140601 
Number is 06 
G.3.3_index_4_VS_G.3.4_index_3 [3] 
20140416,20140420,20140422,20140424,20140425,20140427,20140428,20140429,20140430,20140501,20140502,20140504,20140506,20140507,20140509,20140511,20140512,20140513,20140518,20140519,20140522,20140523,20140526,20140527,20140528,20140529,20140601,20140602 
Number is 09 
G.3.5_index_3_VS_G.1.1_index_2 [4] PLUS 1 
20140416,20140419,20140422,20140423,20140425,20140427,20140428,20140429,20140430,20140501,20140502,20140503,20140504,20140506,20140508,20140517,20140518,20140519,20140520,20140521,20140522,20140523,20140525,20140527,20140529,20140530,20140602 
Number is 11 
G.DB_index_5_VS_G.3.5_index_1 [5] PLUS 1 
20140420,20140421,20140427,20140428,20140429,20140430,20140501,20140502,20140503,20140504,20140505,20140512,20140515,20140516,20140517,20140519,20140520,20140522,20140523,20140524,20140525,20140530 
Number is 14 
G.3.5_index_1_VS_G.6.2_index_3 [6] 
20140415,20140417,20140418,20140419,20140420,20140423,20140425,20140427,20140428,20140429,20140430,20140501,20140502,20140505,20140507,20140508,20140511,20140513,20140518,20140519,20140522,20140523,20140524,20140528,20140530,20140602 
Number is 18 
G.3.2_index_1_VS_G.6.1_index_3 [7] PLUS 1 
20140415,20140419,20140425,20140426,20140427,20140428,20140429,20140430,20140501,20140502,20140503,20140505,20140507,20140509,20140512,20140513,20140516,20140518,20140519,20140521,20140522,20140524,20140526,20140528 
Number is 44 
G.3.1_index_2_VS_G.4.2_index_1 [8] PLUS 1 
20140415,20140427,20140428,20140429,20140430,20140501,20140502,20140503,20140507,20140508,20140510,20140512,20140513,20140515,20140517,20140518,20140521,20140524,20140525,20140526,20140529 
Number is 47 
G.5.1_index_3_VS_G.4.1_index_3 [9] 
20140418,20140419,20140420,20140423,20140425,20140426,20140427,20140428,20140429,20140430,20140501,20140502,20140504,20140505,20140509,20140510,20140511,20140515,20140516,20140517,20140521,20140523,20140526,20140528,20140529,20140531,20140601,20140602 
Number is 48 
G.6.2_index_3_VS_G.2.1_index_5 [10] 
20140415,20140416,20140418,20140419,20140420,20140422,20140424,20140425,20140426,20140427,20140428,20140429,20140430,20140501,20140502,20140505,20140507,20140510,20140513,20140516,20140518,20140519,20140523,20140526,20140530,20140601,20140602 
Number is 49 
G.3.4_index_5_VS_G.4.3_index_2 [11] 
20140415,20140418,20140421,20140422,20140423,20140425,20140426,20140427,20140428,20140429,20140430,20140501,20140502,20140504,20140508,20140513,20140514,20140518,20140519,20140521,20140524,20140525,20140527 
Number is 57 
G.2.1_index_2_VS_G.4.1_index_3 [12] 
20140415,20140416,20140420,20140422,20140423,20140424,20140427,20140428,20140429,20140430,20140501,20140502,20140506,20140510,20140511,20140512,20140515,20140517,20140520,20140522,20140523,20140525,20140526,20140528,20140602 
Number is 67 
G.5.5_index_1_VS_G.3.6_index_1 [13] PLUS 1 
20140416,20140417,20140419,20140420,20140423,20140424,20140425,20140427,20140428,20140429,20140430,20140501,20140502,20140503,20140504,20140511,20140512,20140514,20140519,20140520,20140522,20140523,20140525,20140526,20140527,20140530,20140531 
Number is 68 
G.3.5_index_2_VS_G.6.1_index_3 [14] 
20140427,20140428,20140429,20140430,20140501,20140502,20140508,20140510,20140511,20140514,20140516,20140521,20140522,20140524,20140528,20140530,20140601,20140602 
Number is 69 
G.6.2_index_2_VS_G.4.3_index_2 [15] 
20140415,20140416,20140419,20140421,20140422,20140423,20140424,20140426,20140427,20140428,20140429,20140430,20140501,20140502,20140508,20140514,20140516,20140518,20140519,20140522,20140524,20140526,20140528 
Number is 91 
G.7.2_index_1_VS_G.5.2_index_2 [16] PLUS 1 
20140416,20140422,20140425,20140426,20140427,20140428,20140429,20140430,20140501,20140502,20140503,20140504,20140511,20140514,20140516,20140517,20140518,20140522,20140523,20140528,20140530,20140601 
Number is 92 
G.4.3_index_2_VS_G.5.2_index_4 [17] PLUS 1 
20140415,20140420,20140421,20140422,20140423,20140424,20140425,20140426,20140427,20140428,20140429,20140430,20140501,20140502,20140503,20140507,20140508,20140509,20140510,20140513,20140514,20140515,20140516,20140518,20140519,20140520,20140521,20140524,20140525,20140527,20140528,20140601 
Number is 98 
G.5.6_index_1_VS_G.2.1_index_5 [18] PLUS 1 
20140416,20140418,20140422,20140426,20140427,20140428,20140429,20140430,20140501,20140502,20140503,20140504,20140505,20140506,20140509,20140511,20140512,20140515,20140518,20140520,20140524,20140525,20140530,20140601 
G.1.1_index_2_VS_G.7.3_index_2 [19] PLUS 1 
20140415,20140416,20140425,20140427,20140428,20140429,20140430,20140501,20140502,20140503,20140507,20140509,20140512,20140514,20140515,20140517,20140521,20140522,20140524,20140527,20140531,20140601 
