======== Current: 20140507 ========= 
Number is 04 
G.4.1_index_4_VS_G.3.6_index_5 [1] 
20140416,20140418,20140422,20140423,20140425,20140426,20140428,20140430,20140501,20140502,20140503,20140504,20140505,20140506,20140508,20140509,20140510,20140514,20140518,20140520,20140521,20140523,20140525,20140601 
Number is 07 
G.3.5_index_3_VS_G.5.3_index_4 [2] 
20140416,20140418,20140420,20140421,20140425,20140426,20140501,20140502,20140503,20140504,20140505,20140506,20140508,20140509,20140510,20140515,20140516,20140521,20140522,20140527,20140529,20140530,20140602 
Number is 17 
G.3.4_index_1_VS_G.3.4_index_3 [3] PLUS 1 
20140416,20140422,20140423,20140424,20140426,20140427,20140428,20140429,20140501,20140502,20140503,20140504,20140505,20140506,20140507,20140508,20140512,20140513,20140514,20140516,20140519,20140521,20140524,20140525,20140527,20140530,20140531 
Number is 20 
G.3.1_index_5_VS_G.4.4_index_3 [4] 
20140418,20140421,20140422,20140423,20140426,20140429,20140430,20140501,20140502,20140503,20140504,20140505,20140506,20140510,20140516,20140517,20140521,20140522,20140525,20140527,20140529 
Number is 23 
G.4.1_index_3_VS_G.5.6_index_1 [5] PLUS 1 
20140415,20140416,20140422,20140423,20140425,20140426,20140429,20140501,20140502,20140503,20140504,20140505,20140506,20140507,20140508,20140510,20140515,20140520,20140522,20140523,20140525,20140528,20140529,20140530,20140602 
Number is 25 
G.3.6_index_4_VS_G.5.5_index_4 [6] PLUS 1 
20140415,20140416,20140418,20140422,20140424,20140427,20140501,20140502,20140503,20140504,20140505,20140506,20140507,20140508,20140510,20140514,20140515,20140517,20140520,20140521,20140522,20140528,20140529,20140530 
Number is 29 
G.3.1_index_5_VS_G.3.4_index_4 [7] PLUS 1 
20140416,20140417,20140423,20140424,20140426,20140427,20140501,20140502,20140503,20140504,20140505,20140506,20140507,20140508,20140511,20140518,20140520,20140522,20140528,20140530,20140531,20140602 
Number is 32 
G.5.6_index_1_VS_G.3.1_index_5 [8] PLUS 1 
20140415,20140423,20140425,20140426,20140427,20140429,20140501,20140502,20140503,20140504,20140505,20140506,20140507,20140508,20140509,20140510,20140512,20140514,20140515,20140518,20140519,20140520,20140521,20140523,20140525,20140530 
Number is 36 
G.5.6_index_1_VS_G.2.1_index_5 [9] 
20140416,20140418,20140422,20140426,20140427,20140428,20140429,20140430,20140501,20140502,20140503,20140504,20140505,20140506,20140509,20140511,20140512,20140515,20140518,20140520,20140524,20140525,20140530,20140601 
Number is 40 
G.3.5_index_4_VS_G.5.3_index_1 [10] 
20140419,20140421,20140424,20140425,20140426,20140427,20140501,20140502,20140503,20140504,20140505,20140506,20140508,20140509,20140510,20140514,20140517,20140518,20140519,20140521,20140525,20140527,20140528,20140529,20140530,20140601 
Number is 47 
G.7.1_index_1_VS_G.5.3_index_4 [11] PLUS 1 
20140416,20140417,20140418,20140419,20140420,20140421,20140422,20140424,20140501,20140502,20140503,20140504,20140505,20140506,20140507,20140509,20140510,20140515,20140517,20140518,20140520,20140521,20140523,20140526,20140530,20140601,20140602 
Number is 57 
G.7.4_index_2_VS_G.5.1_index_2 [12] 
20140416,20140418,20140419,20140421,20140427,20140428,20140501,20140502,20140503,20140504,20140505,20140506,20140512,20140515,20140519,20140522,20140524,20140527,20140530,20140531 
Number is 66 
G.4.4_index_4_VS_G.3.5_index_1 [13] 
20140415,20140417,20140420,20140421,20140423,20140428,20140429,20140430,20140501,20140502,20140503,20140504,20140505,20140506,20140514,20140518,20140519,20140520,20140521,20140523,20140528,20140529,20140530,20140601 
Number is 70 
G.5.3_index_2_VS_G.3.2_index_4 [14] 
20140417,20140419,20140421,20140425,20140430,20140501,20140502,20140503,20140504,20140505,20140506,20140510,20140511,20140516,20140517,20140518,20140519,20140523,20140524,20140527,20140528 
Number is 73 
G.5.3_index_2_VS_G.5.6_index_1 [15] 
20140416,20140424,20140501,20140502,20140503,20140504,20140505,20140506,20140508,20140510,20140511,20140512,20140515,20140516,20140518,20140519,20140520,20140522,20140523,20140528,20140529,20140530,20140601,20140602 
Number is 76 
G.5.4_index_3_VS_G.2.1_index_5 [16] 
20140415,20140416,20140417,20140418,20140419,20140422,20140426,20140428,20140429,20140430,20140501,20140502,20140503,20140504,20140505,20140506,20140510,20140511,20140512,20140513,20140514,20140516,20140518,20140519,20140520,20140601 
Number is 77 
G.3.4_index_2_VS_G.5.3_index_4 [17] 
20140416,20140417,20140421,20140424,20140425,20140501,20140502,20140503,20140504,20140505,20140506,20140508,20140512,20140517,20140518,20140526,20140527,20140528 
Number is 90 
G.4.1_index_1_VS_G.4.4_index_3 [18] 
20140415,20140416,20140420,20140424,20140427,20140429,20140430,20140501,20140502,20140503,20140504,20140505,20140506,20140509,20140510,20140514,20140515,20140516,20140517,20140519,20140522,20140527,20140529,20140530 
Number is 91 
G.4.1_index_1_VS_G.5.4_index_1 [19] 
20140415,20140417,20140418,20140420,20140421,20140422,20140424,20140501,20140502,20140503,20140504,20140505,20140506,20140513,20140514,20140517,20140518,20140524,20140525,20140527,20140601,20140602 
