======== Current: 20140512 ========= 
Number is 08 
G.DB_index_4_VS_G.3.4_index_3 [1] 
20140418,20140424,20140427,20140428,20140429,20140501,20140503,20140506,20140507,20140508,20140509,20140510,20140511,20140518,20140522,20140523,20140526,20140527,20140528,20140529,20140530,20140531,20140601 
Number is 15 
G.1.1_index_3_VS_G.7.1_index_2 [2] 
20140416,20140421,20140423,20140425,20140426,20140430,20140502,20140506,20140507,20140508,20140509,20140510,20140511,20140513,20140514,20140521,20140522,20140523,20140526,20140527,20140529 
Number is 21 
G.2.1_index_2_VS_G.5.2_index_2 [3] 
20140416,20140424,20140425,20140428,20140429,20140501,20140503,20140506,20140507,20140508,20140509,20140510,20140511,20140513,20140515,20140520,20140523,20140525,20140526,20140527,20140528,20140531,20140601 
Number is 23 
G.3.3_index_2_VS_G.DB_index_5 [4] PLUS 1 
20140415,20140420,20140422,20140425,20140427,20140429,20140430,20140503,20140504,20140505,20140506,20140507,20140508,20140509,20140510,20140511,20140512,20140513,20140514,20140515,20140517,20140518,20140519,20140522,20140523,20140525,20140529,20140530,20140531,20140602 
Number is 25 
G.3.5_index_4_VS_G.5.1_index_1 [5] 
20140415,20140416,20140419,20140420,20140422,20140423,20140427,20140503,20140505,20140506,20140507,20140508,20140509,20140510,20140511,20140513,20140515,20140517,20140518,20140521,20140522,20140524,20140525,20140526,20140529,20140530,20140602 
G.3.3_index_2_VS_G.6.1_index_3 [6] 
20140428,20140429,20140430,20140501,20140505,20140506,20140507,20140508,20140509,20140510,20140511,20140514,20140516,20140517,20140518,20140519,20140520,20140521,20140523,20140526,20140528,20140601,20140602 
G.3.5_index_4_VS_G.5.2_index_1 [7] 
20140420,20140425,20140426,20140427,20140502,20140504,20140506,20140507,20140508,20140509,20140510,20140511,20140517,20140518,20140519,20140521,20140522,20140524,20140525,20140526,20140527,20140531,20140601 
Number is 42 
G.4.1_index_3_VS_G.4.3_index_4 [8] PLUS 1 
20140416,20140419,20140420,20140422,20140424,20140425,20140426,20140429,20140430,20140501,20140503,20140505,20140506,20140507,20140508,20140509,20140510,20140511,20140512,20140515,20140521,20140522,20140523,20140525,20140526,20140530,20140531 
Number is 45 
G.5.4_index_3_VS_G.3.6_index_4 [9] PLUS 1 
20140415,20140416,20140417,20140418,20140420,20140421,20140425,20140502,20140503,20140505,20140506,20140507,20140508,20140509,20140510,20140511,20140512,20140513,20140515,20140516,20140518,20140519,20140521,20140522,20140525,20140527,20140530,20140601,20140602 
Number is 48 
G.4.4_index_2_VS_G.3.4_index_3 [10] PLUS 1 
20140415,20140418,20140419,20140428,20140429,20140502,20140503,20140504,20140506,20140507,20140508,20140509,20140510,20140511,20140512,20140517,20140518,20140525,20140528,20140529,20140601,20140602 
Number is 54 
G.5.2_index_1_VS_G.5.4_index_3 [11] PLUS 1 
20140419,20140423,20140424,20140425,20140428,20140429,20140501,20140503,20140506,20140507,20140508,20140509,20140510,20140511,20140512,20140517,20140519,20140520,20140521,20140524,20140527,20140529,20140601 
Number is 58 
G.3.1_index_1_VS_G.3.4_index_3 [12] PLUS 1 
20140416,20140422,20140426,20140430,20140501,20140502,20140504,20140506,20140507,20140508,20140509,20140510,20140511,20140512,20140516,20140521,20140528,20140529,20140530,20140602 
Number is 64 
G.3.4_index_2_VS_G.4.1_index_3 [13] 
20140416,20140419,20140420,20140425,20140427,20140428,20140429,20140505,20140506,20140507,20140508,20140509,20140510,20140511,20140517,20140523,20140529,20140530,20140602 
G.5.5_index_3_VS_G.4.1_index_3 [14] 
20140415,20140416,20140417,20140420,20140422,20140424,20140425,20140426,20140428,20140429,20140430,20140501,20140503,20140505,20140506,20140507,20140508,20140509,20140510,20140511,20140514,20140517,20140520,20140521,20140522,20140523,20140525 
Number is 67 
G.3.1_index_4_VS_G.5.3_index_2 [15] 
20140417,20140420,20140423,20140424,20140425,20140426,20140428,20140506,20140507,20140508,20140509,20140510,20140511,20140516,20140517,20140519,20140521,20140527,20140528,20140529,20140602 
Number is 68 
G.3.2_index_5_VS_G.3.6_index_2 [16] 
20140420,20140423,20140424,20140506,20140507,20140508,20140509,20140510,20140511,20140515,20140517,20140520,20140521,20140522,20140523,20140524,20140525,20140526,20140528,20140530 
G.3.2_index_5_VS_G.3.4_index_3 [17] 
20140417,20140422,20140424,20140501,20140502,20140503,20140504,20140506,20140507,20140508,20140509,20140510,20140511,20140513,20140518,20140519,20140521,20140522,20140524,20140529 
Number is 74 
G.7.3_index_2_VS_G.3.5_index_3 [18] PLUS 1 
20140415,20140417,20140419,20140420,20140425,20140428,20140505,20140506,20140507,20140508,20140509,20140510,20140511,20140512,20140518,20140519,20140520,20140521,20140525,20140531 
Number is 75 
G.3.5_index_5_VS_G.6.1_index_3 [19] PLUS 1 
20140417,20140419,20140426,20140428,20140429,20140501,20140503,20140505,20140506,20140507,20140508,20140509,20140510,20140511,20140512,20140516,20140517,20140520,20140523,20140529,20140531,20140601,20140602 
G.6.3_index_2_VS_G.7.1_index_2 [20] PLUS 1 
20140416,20140417,20140420,20140425,20140427,20140429,20140506,20140507,20140508,20140509,20140510,20140511,20140512,20140514,20140515,20140517,20140519,20140521,20140525,20140527,20140530 
Number is 80 
G.3.4_index_3_VS_G.5.4_index_4 [21] 
20140415,20140420,20140424,20140425,20140429,20140430,20140501,20140506,20140507,20140508,20140509,20140510,20140511,20140517,20140520,20140521,20140522,20140526,20140601 
Number is 81 
G.DB_index_1_VS_G.3.5_index_2 [22] PLUS 1 
20140417,20140419,20140421,20140422,20140427,20140428,20140502,20140506,20140507,20140508,20140509,20140510,20140511,20140512,20140513,20140516,20140517,20140518,20140521,20140522,20140524,20140525,20140527,20140530 
Number is 84 
G.3.6_index_5_VS_G.5.6_index_1 [23] PLUS 1 
20140415,20140416,20140417,20140418,20140422,20140423,20140425,20140427,20140428,20140429,20140501,20140506,20140507,20140508,20140509,20140510,20140511,20140512,20140514,20140519,20140527 
Number is 88 
G.3.6_index_5_VS_G.3.4_index_3 [24] 
20140416,20140417,20140422,20140425,20140426,20140427,20140428,20140429,20140501,20140502,20140506,20140507,20140508,20140509,20140510,20140511,20140513,20140519,20140521,20140523,20140526,20140527,20140531,20140602 
Number is 90 
G.4.4_index_4_VS_G.7.3_index_1 [25] 
20140417,20140418,20140420,20140421,20140424,20140426,20140427,20140502,20140503,20140504,20140506,20140507,20140508,20140509,20140510,20140511,20140513,20140522,20140523,20140528,20140601 
