======== Current: 20140514 ========= 
Number is 01 
G.3.3_index_2_VS_G.DB_index_5 [1] PLUS 1 
20140415,20140420,20140422,20140425,20140427,20140429,20140430,20140503,20140504,20140505,20140506,20140507,20140508,20140509,20140510,20140511,20140512,20140513,20140514,20140515,20140517,20140518,20140519,20140522,20140523,20140525,20140529,20140530,20140531,20140602 
G.5.5_index_4_VS_G.3.6_index_5 [2] PLUS 1 
20140416,20140418,20140422,20140424,20140426,20140501,20140506,20140508,20140509,20140510,20140511,20140512,20140513,20140514,20140515,20140518,20140520,20140521,20140523,20140526,20140528,20140529,20140601,20140602 
G.5.2_index_1_VS_G.2.1_index_1 [3] PLUS 1 
20140416,20140420,20140422,20140424,20140425,20140427,20140429,20140503,20140504,20140508,20140509,20140510,20140511,20140512,20140513,20140514,20140516,20140519,20140521,20140522,20140523,20140524,20140525,20140528,20140529 
G.4.3_index_3_VS_G.5.2_index_4 [4] PLUS 1 
20140417,20140420,20140421,20140422,20140424,20140425,20140427,20140430,20140503,20140505,20140507,20140508,20140509,20140510,20140511,20140512,20140513,20140514,20140515,20140516,20140518,20140521,20140522,20140525,20140527,20140528,20140531,20140602 
Number is 09 
G.4.4_index_1_VS_G.3.4_index_3 [5] PLUS 1 
20140415,20140418,20140420,20140427,20140428,20140506,20140508,20140509,20140510,20140511,20140512,20140513,20140514,20140516,20140523,20140524,20140530,20140531,20140602 
G.5.2_index_1_VS_G.1.1_index_4 [6] PLUS 1 
20140420,20140421,20140422,20140423,20140424,20140429,20140504,20140505,20140508,20140509,20140510,20140511,20140512,20140513,20140514,20140517,20140518,20140519,20140522,20140523,20140525,20140526,20140529,20140601,20140602 
Number is 11 
G.3.3_index_1_VS_G.DB_index_5 [7] 
20140417,20140425,20140426,20140427,20140503,20140504,20140505,20140508,20140509,20140510,20140511,20140512,20140513,20140515,20140519,20140523,20140528,20140529,20140601,20140602 
Number is 16 
G.1.1_index_2_VS_G.DB_index_1 [8] 
20140417,20140420,20140422,20140425,20140426,20140428,20140502,20140508,20140509,20140510,20140511,20140512,20140513,20140516,20140517,20140519,20140520,20140521,20140522,20140524,20140525,20140527,20140528 
Number is 17 
G.DB_index_4_VS_G.6.2_index_1 [9] PLUS 1 
20140416,20140417,20140426,20140427,20140430,20140508,20140509,20140510,20140511,20140512,20140513,20140514,20140515,20140516,20140517,20140518,20140521,20140522,20140525,20140526,20140527,20140529 
Number is 28 
G.5.4_index_4_VS_G.5.5_index_3 [10] PLUS 1 
20140417,20140419,20140426,20140428,20140502,20140503,20140505,20140507,20140508,20140509,20140510,20140511,20140512,20140513,20140514,20140517,20140522,20140524,20140528,20140529,20140530,20140531,20140601,20140602 
Number is 39 
G.7.3_index_1_VS_G.1.1_index_4 [11] 
20140416,20140418,20140422,20140423,20140426,20140430,20140502,20140503,20140507,20140508,20140509,20140510,20140511,20140512,20140513,20140516,20140517,20140528,20140531,20140601 
Number is 53 
G.6.2_index_2_VS_G.3.3_index_3 [12] 
20140417,20140418,20140420,20140421,20140422,20140423,20140424,20140426,20140427,20140502,20140504,20140507,20140508,20140509,20140510,20140511,20140512,20140513,20140515,20140516,20140519,20140520,20140523,20140527,20140601 
Number is 54 
G.3.1_index_4_VS_G.6.1_index_2 [13] PLUS 1 
20140417,20140424,20140426,20140429,20140503,20140507,20140508,20140509,20140510,20140511,20140512,20140513,20140514,20140519,20140522,20140524,20140527,20140528,20140529 
Number is 55 
G.5.5_index_1_VS_G.3.1_index_4 [14] 
20140415,20140417,20140424,20140427,20140502,20140503,20140507,20140508,20140509,20140510,20140511,20140512,20140513,20140517,20140519,20140521,20140523,20140527,20140528,20140530,20140531 
Number is 59 
G.6.2_index_3_VS_G.3.4_index_3 [15] PLUS 1 
20140417,20140418,20140421,20140422,20140424,20140429,20140502,20140505,20140506,20140508,20140509,20140510,20140511,20140512,20140513,20140514,20140515,20140516,20140519,20140522,20140526,20140530,20140531,20140601,20140602 
Number is 63 
G.3.2_index_3_VS_G.3.3_index_3 [16] 
20140422,20140423,20140426,20140508,20140509,20140510,20140511,20140512,20140513,20140516,20140517,20140523,20140527,20140528,20140531,20140602 
Number is 65 
G.DB_index_1_VS_G.3.5_index_2 [17] 
20140417,20140419,20140421,20140422,20140427,20140428,20140502,20140506,20140507,20140508,20140509,20140510,20140511,20140512,20140513,20140516,20140517,20140518,20140521,20140522,20140524,20140525,20140527,20140530 
Number is 71 
G.4.1_index_4_VS_G.3.1_index_5 [18] PLUS 1 
20140416,20140417,20140424,20140425,20140501,20140503,20140504,20140506,20140508,20140509,20140510,20140511,20140512,20140513,20140514,20140515,20140517,20140518,20140519,20140523,20140524,20140528,20140530,20140531 
Number is 80 
G.5.4_index_3_VS_G.3.3_index_2 [19] 
20140415,20140418,20140419,20140420,20140429,20140503,20140505,20140507,20140508,20140509,20140510,20140511,20140512,20140513,20140517,20140518,20140519,20140521,20140522,20140524,20140526,20140530,20140531,20140601 
Number is 83 
G.5.4_index_3_VS_G.3.6_index_4 [20] 
20140415,20140416,20140417,20140418,20140420,20140421,20140425,20140502,20140503,20140505,20140506,20140507,20140508,20140509,20140510,20140511,20140512,20140513,20140515,20140516,20140518,20140519,20140521,20140522,20140525,20140527,20140530,20140601,20140602 
Number is 86 
G.5.3_index_3_VS_G.4.3_index_1 [21] PLUS 1 
20140416,20140419,20140421,20140428,20140429,20140502,20140508,20140509,20140510,20140511,20140512,20140513,20140514,20140519,20140521,20140525,20140526,20140527,20140528,20140602 
Number is 87 
G.3.2_index_1_VS_G.6.2_index_1 [22] PLUS 1 
20140415,20140416,20140417,20140421,20140425,20140426,20140501,20140502,20140508,20140509,20140510,20140511,20140512,20140513,20140514,20140519,20140520,20140522,20140524,20140525,20140527 
Number is 88 
G.3.1_index_2_VS_G.5.4_index_3 [23] PLUS 1 
20140415,20140420,20140421,20140425,20140428,20140502,20140503,20140505,20140506,20140508,20140509,20140510,20140511,20140512,20140513,20140514,20140515,20140517,20140519,20140521,20140523,20140524,20140528,20140529,20140530,20140601 
Number is 90 
G.3.4_index_3_VS_G.3.3_index_2 [24] PLUS 1 
20140415,20140417,20140418,20140420,20140422,20140424,20140425,20140427,20140428,20140430,20140502,20140507,20140508,20140509,20140510,20140511,20140512,20140513,20140514,20140516,20140519,20140521,20140525,20140530,20140601,20140602 
Number is 91 
G.1.1_index_3_VS_G.3.4_index_2 [25] 
20140416,20140417,20140419,20140422,20140423,20140425,20140429,20140502,20140504,20140508,20140509,20140510,20140511,20140512,20140513,20140515,20140516,20140519,20140520,20140523,20140527,20140528,20140529,20140531 
Number is 92 
G.3.4_index_3_VS_G.5.3_index_1 [26] 
20140416,20140417,20140419,20140420,20140421,20140424,20140428,20140429,20140502,20140503,20140506,20140508,20140509,20140510,20140511,20140512,20140513,20140517,20140519,20140520,20140524,20140528,20140530,20140531,20140601,20140602 
Number is 98 
G.7.1_index_2_VS_G.5.4_index_3 [27] 
20140415,20140417,20140428,20140430,20140502,20140503,20140506,20140508,20140509,20140510,20140511,20140512,20140513,20140515,20140516,20140517,20140518,20140519,20140521,20140527,20140529,20140531,20140601 
Number is 99 
G.5.1_index_2_VS_G.3.4_index_3 [28] PLUS 1 
20140418,20140421,20140422,20140424,20140425,20140430,20140502,20140505,20140506,20140508,20140509,20140510,20140511,20140512,20140513,20140514,20140515,20140518,20140519,20140520,20140521,20140524,20140526,20140528,20140530,20140531,20140602 
