======== Current: 20140516 ========= 
Number is 18 
G.2.1_index_2_VS_G.6.3_index_3 [1] 
20140417,20140419,20140421,20140422,20140423,20140424,20140425,20140427,20140429,20140430,20140503,20140504,20140505,20140507,20140509,20140510,20140511,20140512,20140513,20140514,20140515,20140518,20140519,20140524,20140526,20140601 
Number is 25 
G.6.2_index_1_VS_G.3.6_index_3 [2] PLUS 1 
20140415,20140421,20140503,20140504,20140509,20140510,20140511,20140512,20140513,20140514,20140515,20140516,20140517,20140518,20140519,20140520,20140522,20140523,20140524,20140525,20140526,20140527,20140528,20140530 
Number is 30 
G.6.3_index_2_VS_G.6.3_index_1 [3] PLUS 1 
20140418,20140429,20140503,20140505,20140506,20140507,20140510,20140511,20140512,20140513,20140514,20140515,20140516,20140518,20140525,20140526,20140531 
Number is 33 
G.DB_index_1_VS_G.4.3_index_4 [4] 
20140415,20140419,20140420,20140421,20140422,20140423,20140426,20140427,20140428,20140503,20140506,20140508,20140510,20140511,20140512,20140513,20140514,20140515,20140517,20140519,20140520,20140525,20140529,20140530 
Number is 35 
G.DB_index_5_VS_G.4.3_index_2 [5] PLUS 1 
20140416,20140417,20140420,20140421,20140422,20140429,20140430,20140503,20140504,20140505,20140510,20140511,20140512,20140513,20140514,20140515,20140516,20140520,20140521,20140523,20140524,20140525,20140526,20140528,20140530,20140602 
Number is 37 
G.5.5_index_4_VS_G.3.6_index_5 [6] 
20140416,20140418,20140422,20140424,20140426,20140501,20140506,20140508,20140509,20140510,20140511,20140512,20140513,20140514,20140515,20140518,20140520,20140521,20140523,20140526,20140528,20140529,20140601,20140602 
Number is 38 
G.DB_index_1_VS_G.3.3_index_2 [7] 
20140415,20140416,20140418,20140420,20140422,20140426,20140427,20140428,20140501,20140503,20140505,20140506,20140508,20140510,20140511,20140512,20140513,20140514,20140515,20140517,20140518,20140519,20140520,20140521,20140523,20140530 
Number is 40 
G.5.6_index_2_VS_G.5.4_index_2 [8] PLUS 1 
20140418,20140422,20140426,20140430,20140501,20140504,20140506,20140510,20140511,20140512,20140513,20140514,20140515,20140516,20140518,20140519,20140522,20140523,20140524,20140526,20140528,20140531 
Number is 50 
G.3.1_index_2_VS_G.5.4_index_3 [9] 
20140415,20140420,20140421,20140425,20140428,20140502,20140503,20140505,20140506,20140508,20140509,20140510,20140511,20140512,20140513,20140514,20140515,20140517,20140519,20140521,20140523,20140524,20140528,20140529,20140530,20140601 
G.7.4_index_1_VS_G.5.6_index_3 [10] 
20140416,20140418,20140420,20140423,20140424,20140426,20140502,20140505,20140509,20140510,20140511,20140512,20140513,20140514,20140515,20140517,20140518,20140521,20140523,20140525 
Number is 52 
G.DB_index_4_VS_G.6.2_index_1 [11] PLUS 1 
20140416,20140417,20140426,20140427,20140430,20140508,20140509,20140510,20140511,20140512,20140513,20140514,20140515,20140516,20140517,20140518,20140521,20140522,20140525,20140526,20140527,20140529 
Number is 53 
G.4.3_index_3_VS_G.5.2_index_4 [12] PLUS 1 
20140417,20140420,20140421,20140422,20140424,20140425,20140427,20140430,20140503,20140505,20140507,20140508,20140509,20140510,20140511,20140512,20140513,20140514,20140515,20140516,20140518,20140521,20140522,20140525,20140527,20140528,20140531,20140602 
Number is 55 
G.7.4_index_1_VS_G.4.3_index_3 [13] 
20140416,20140418,20140420,20140422,20140423,20140424,20140425,20140428,20140429,20140505,20140507,20140510,20140511,20140512,20140513,20140514,20140515,20140518,20140520,20140521,20140522,20140525,20140526,20140527,20140528,20140531,20140602 
Number is 57 
G.4.1_index_4_VS_G.3.1_index_5 [14] 
20140416,20140417,20140424,20140425,20140501,20140503,20140504,20140506,20140508,20140509,20140510,20140511,20140512,20140513,20140514,20140515,20140517,20140518,20140519,20140523,20140524,20140528,20140530,20140531 
Number is 60 
G.5.6_index_4_VS_G.5.4_index_3 [15] 
20140418,20140420,20140422,20140425,20140429,20140504,20140506,20140510,20140511,20140512,20140513,20140514,20140515,20140522,20140525,20140527,20140528,20140531 
Number is 61 
G.7.3_index_2_VS_G.2.2_index_4 [16] PLUS 1 
20140415,20140417,20140422,20140424,20140425,20140427,20140429,20140430,20140501,20140503,20140504,20140505,20140506,20140509,20140510,20140511,20140512,20140513,20140514,20140515,20140516,20140519,20140524,20140525,20140528,20140601,20140602 
Number is 69 
G.6.2_index_3_VS_G.3.4_index_3 [17] PLUS 1 
20140417,20140418,20140421,20140422,20140424,20140429,20140502,20140505,20140506,20140508,20140509,20140510,20140511,20140512,20140513,20140514,20140515,20140516,20140519,20140522,20140526,20140530,20140531,20140601,20140602 
Number is 75 
G.3.6_index_2_VS_G.3.1_index_2 [18] 
20140415,20140421,20140425,20140429,20140501,20140502,20140503,20140506,20140510,20140511,20140512,20140513,20140514,20140515,20140517,20140519,20140521,20140525,20140526,20140527,20140529,20140531,20140601,20140602 
Number is 76 
G.2.1_index_5_VS_G.1.1_index_4 [19] PLUS 1 
20140415,20140416,20140417,20140418,20140420,20140421,20140502,20140507,20140510,20140511,20140512,20140513,20140514,20140515,20140516,20140519,20140521,20140526,20140527,20140528,20140529,20140601 
Number is 79 
G.5.1_index_2_VS_G.3.4_index_3 [20] 
20140418,20140421,20140422,20140424,20140425,20140430,20140502,20140505,20140506,20140508,20140509,20140510,20140511,20140512,20140513,20140514,20140515,20140518,20140519,20140520,20140521,20140524,20140526,20140528,20140530,20140531,20140602 
Number is 83 
G.3.3_index_2_VS_G.DB_index_5 [21] 
20140415,20140420,20140422,20140425,20140427,20140429,20140430,20140503,20140504,20140505,20140506,20140507,20140508,20140509,20140510,20140511,20140512,20140513,20140514,20140515,20140517,20140518,20140519,20140522,20140523,20140525,20140529,20140530,20140531,20140602 
