======== Current: 20140522 ========= 
Number is 00 
G.6.1_index_3_VS_G.5.4_index_2 [1] 
20140415,20140420,20140421,20140422,20140430,20140502,20140505,20140507,20140508,20140510,20140514,20140516,20140517,20140518,20140519,20140520,20140521,20140523,20140524,20140525,20140531 
Number is 03 
G.3.5_index_3_VS_G.3.4_index_5 [2] PLUS 1 
20140415,20140416,20140418,20140421,20140422,20140423,20140425,20140426,20140427,20140430,20140502,20140504,20140506,20140509,20140510,20140514,20140515,20140516,20140517,20140518,20140519,20140520,20140521,20140522,20140524,20140525,20140531,20140601,20140602 
G.6.2_index_1_VS_G.5.2_index_1 [3] PLUS 1 
20140415,20140416,20140419,20140424,20140425,20140427,20140503,20140504,20140505,20140508,20140509,20140510,20140511,20140516,20140517,20140518,20140519,20140520,20140521,20140522,20140525,20140526,20140527,20140528,20140529,20140601 
Number is 05 
G.DB_index_1_VS_G.5.1_index_3 [4] PLUS 1 
20140416,20140420,20140422,20140424,20140426,20140427,20140428,20140505,20140512,20140514,20140515,20140516,20140517,20140518,20140519,20140520,20140521,20140522,20140526,20140527,20140528,20140529,20140601,20140602 
Number is 06 
G.6.2_index_1_VS_G.3.3_index_2 [5] 
20140415,20140417,20140418,20140419,20140423,20140425,20140426,20140427,20140429,20140503,20140504,20140506,20140509,20140511,20140512,20140516,20140517,20140518,20140519,20140520,20140521,20140523,20140525,20140527,20140602 
G.6.2_index_1_VS_G.5.3_index_1 [6] 
20140415,20140416,20140417,20140421,20140423,20140424,20140426,20140427,20140429,20140502,20140507,20140509,20140516,20140517,20140518,20140519,20140520,20140521,20140525,20140527,20140602 
Number is 07 
G.6.1_index_3_VS_G.4.3_index_4 [7] 
20140415,20140418,20140423,20140425,20140429,20140501,20140505,20140508,20140509,20140514,20140516,20140517,20140518,20140519,20140520,20140521,20140526,20140528,20140531,20140601,20140602 
G.5.4_index_2_VS_G.5.6_index_1 [8] 
20140418,20140422,20140426,20140427,20140429,20140501,20140504,20140506,20140508,20140510,20140512,20140514,20140515,20140516,20140517,20140518,20140519,20140520,20140521,20140525,20140526,20140528,20140530,20140531 
Number is 08 
G.5.4_index_2_VS_G.5.4_index_1 [9] PLUS 1 
20140415,20140418,20140420,20140423,20140425,20140504,20140507,20140511,20140516,20140517,20140518,20140519,20140520,20140521,20140522,20140524,20140529,20140530,20140531 
Number is 12 
G.3.2_index_4_VS_G.5.1_index_4 [10] PLUS 1 
20140415,20140416,20140420,20140421,20140423,20140427,20140430,20140502,20140503,20140509,20140510,20140511,20140512,20140514,20140516,20140517,20140518,20140519,20140520,20140521,20140522,20140523,20140524,20140526,20140527,20140528,20140529,20140601 
Number is 13 
G.4.2_index_1_VS_G.5.2_index_1 [11] 
20140421,20140424,20140425,20140427,20140428,20140429,20140430,20140508,20140510,20140511,20140512,20140513,20140514,20140516,20140517,20140518,20140519,20140520,20140521,20140523,20140525,20140526,20140601 
Number is 17 
G.5.4_index_3_VS_G.4.4_index_2 [12] 
20140415,20140417,20140419,20140421,20140424,20140425,20140428,20140429,20140504,20140505,20140506,20140507,20140509,20140510,20140511,20140513,20140514,20140516,20140517,20140518,20140519,20140520,20140521,20140524,20140526,20140527,20140528,20140529,20140531,20140601 
G.5.4_index_3_VS_G.5.6_index_1 [13] 
20140416,20140418,20140425,20140426,20140430,20140503,20140504,20140508,20140509,20140510,20140511,20140513,20140515,20140516,20140517,20140518,20140519,20140520,20140521,20140529,20140530,20140601,20140602 
Number is 18 
G.3.2_index_4_VS_G.3.2_index_5 [14] PLUS 1 
20140423,20140425,20140428,20140501,20140502,20140503,20140505,20140508,20140509,20140510,20140511,20140514,20140515,20140516,20140517,20140518,20140519,20140520,20140521,20140522,20140524,20140528,20140602 
Number is 19 
G.6.2_index_2_VS_G.5.6_index_3 [15] 
20140416,20140421,20140423,20140425,20140426,20140428,20140429,20140504,20140505,20140507,20140508,20140509,20140513,20140516,20140517,20140518,20140519,20140520,20140521,20140525,20140526,20140528,20140531,20140601 
Number is 21 
G.2.2_index_3_VS_G.4.2_index_1 [16] PLUS 1 
20140415,20140416,20140417,20140418,20140421,20140425,20140427,20140428,20140429,20140502,20140510,20140512,20140513,20140514,20140516,20140517,20140518,20140519,20140520,20140521,20140522,20140523,20140524,20140525,20140527,20140529,20140601 
Number is 22 
G.3.4_index_2_VS_G.2.2_index_1 [17] 
20140416,20140423,20140426,20140428,20140430,20140503,20140504,20140507,20140508,20140509,20140510,20140511,20140512,20140516,20140517,20140518,20140519,20140520,20140521,20140525,20140528,20140529,20140531,20140602 
Number is 30 
G.3.6_index_3_VS_G.5.5_index_4 [18] PLUS 1 
20140415,20140416,20140419,20140424,20140426,20140427,20140430,20140503,20140504,20140506,20140507,20140515,20140516,20140517,20140518,20140519,20140520,20140521,20140522,20140524,20140529 
G.3.6_index_3_VS_G.DB_index_1 [19] PLUS 1 
20140416,20140418,20140419,20140426,20140429,20140501,20140503,20140507,20140508,20140509,20140511,20140513,20140514,20140515,20140516,20140517,20140518,20140519,20140520,20140521,20140522,20140523,20140527,20140529,20140531 
G.3.4_index_5_VS_G.6.2_index_1 [20] PLUS 1 
20140415,20140416,20140419,20140424,20140425,20140426,20140501,20140503,20140504,20140507,20140509,20140511,20140512,20140514,20140516,20140517,20140518,20140519,20140520,20140521,20140522,20140523,20140526,20140527,20140528,20140529,20140602 
G.1.1_index_2_VS_G.5.5_index_4 [21] PLUS 1 
20140415,20140422,20140424,20140425,20140427,20140429,20140502,20140503,20140504,20140506,20140509,20140512,20140514,20140516,20140517,20140518,20140519,20140520,20140521,20140522,20140523,20140528,20140529 
Number is 32 
G.3.4_index_5_VS_G.5.1_index_4 [22] PLUS 1 
20140415,20140416,20140423,20140426,20140430,20140504,20140509,20140510,20140511,20140512,20140514,20140516,20140517,20140518,20140519,20140520,20140521,20140522,20140524,20140526,20140529,20140531,20140601 
G.3.4_index_5_VS_G.5.3_index_4 [23] PLUS 1 
20140415,20140416,20140418,20140420,20140422,20140427,20140430,20140502,20140504,20140505,20140516,20140517,20140518,20140519,20140520,20140521,20140522,20140523,20140525,20140526,20140527 
Number is 36 
G.5.4_index_4_VS_G.5.6_index_4 [24] 
20140420,20140422,20140424,20140425,20140427,20140501,20140502,20140504,20140505,20140510,20140512,20140516,20140517,20140518,20140519,20140520,20140521,20140526,20140527,20140530 
Number is 52 
G.3.6_index_2_VS_G.5.6_index_2 [25] 
20140418,20140422,20140423,20140424,20140425,20140428,20140505,20140516,20140517,20140518,20140519,20140520,20140521,20140523,20140527,20140528,20140601 
Number is 54 
G.3.2_index_1_VS_G.3.5_index_1 [26] PLUS 1 
20140415,20140417,20140419,20140421,20140425,20140426,20140429,20140502,20140503,20140511,20140514,20140516,20140517,20140518,20140519,20140520,20140521,20140522,20140530,20140531,20140601 
Number is 60 
G.3.3_index_2_VS_G.6.1_index_3 [27] 
20140428,20140429,20140430,20140501,20140505,20140506,20140507,20140508,20140509,20140510,20140511,20140514,20140516,20140517,20140518,20140519,20140520,20140521,20140523,20140526,20140528,20140601,20140602 
Number is 69 
G.5.3_index_1_VS_G.DB_index_5 [28] PLUS 1 
20140416,20140419,20140420,20140421,20140424,20140429,20140501,20140502,20140503,20140505,20140510,20140513,20140515,20140516,20140517,20140518,20140519,20140520,20140521,20140522,20140524,20140525,20140529,20140530,20140602 
Number is 72 
G.5.6_index_1_VS_G.2.2_index_3 [29] 
20140415,20140416,20140421,20140424,20140425,20140428,20140429,20140501,20140504,20140505,20140506,20140507,20140510,20140515,20140516,20140517,20140518,20140519,20140520,20140521,20140525,20140526,20140529,20140530,20140531 
Number is 79 
G.7.1_index_2_VS_G.6.1_index_1 [30] PLUS 1 
20140415,20140420,20140422,20140423,20140425,20140426,20140505,20140508,20140510,20140511,20140514,20140516,20140517,20140518,20140519,20140520,20140521,20140522,20140524,20140525,20140527 
Number is 80 
G.3.3_index_4_VS_G.5.4_index_2 [31] PLUS 1 
20140416,20140418,20140419,20140420,20140424,20140425,20140427,20140429,20140430,20140504,20140507,20140510,20140511,20140513,20140515,20140516,20140517,20140518,20140519,20140520,20140521,20140522,20140525,20140527,20140531,20140602 
Number is 85 
G.4.3_index_2_VS_G.3.2_index_1 [32] PLUS 1 
20140417,20140418,20140419,20140420,20140421,20140422,20140425,20140426,20140427,20140428,20140429,20140501,20140503,20140513,20140514,20140516,20140517,20140518,20140519,20140520,20140521,20140522,20140523,20140525,20140530 
Number is 90 
G.5.2_index_3_VS_G.5.5_index_4 [33] 
20140415,20140416,20140417,20140418,20140422,20140425,20140429,20140430,20140503,20140505,20140506,20140507,20140510,20140511,20140512,20140516,20140517,20140518,20140519,20140520,20140521,20140523,20140529,20140531,20140601 
Number is 92 
G.7.3_index_2_VS_G.5.3_index_4 [34] 
20140416,20140419,20140420,20140421,20140422,20140423,20140424,20140426,20140428,20140501,20140502,20140504,20140505,20140515,20140516,20140517,20140518,20140519,20140520,20140521,20140525,20140526,20140527,20140530,20140601 
Number is 94 
G.5.6_index_3_VS_G.3.4_index_4 [35] PLUS 1 
20140416,20140418,20140420,20140425,20140426,20140429,20140502,20140504,20140509,20140511,20140512,20140516,20140517,20140518,20140519,20140520,20140521,20140522,20140523,20140525,20140528,20140531,20140602 
Number is 96 
G.5.3_index_2_VS_G.3.1_index_5 [36] PLUS 1 
20140416,20140421,20140424,20140425,20140426,20140427,20140428,20140503,20140504,20140506,20140507,20140509,20140510,20140511,20140512,20140514,20140516,20140517,20140518,20140519,20140520,20140521,20140522,20140525,20140530,20140531,20140602 
G.3.3_index_5_VS_G.3.3_index_2 [37] PLUS 1 
20140416,20140417,20140418,20140419,20140420,20140421,20140422,20140426,20140427,20140428,20140429,20140503,20140505,20140506,20140508,20140509,20140516,20140517,20140518,20140519,20140520,20140521,20140522,20140528,20140529,20140530 
