======== Current: 20140525 ========= 
Number is 00 
G.5.4_index_3_VS_G.3.5_index_3 [1] 
20140417,20140418,20140419,20140420,20140421,20140422,20140426,20140428,20140429,20140502,20140503,20140509,20140513,20140514,20140516,20140519,20140520,20140521,20140522,20140523,20140524,20140527,20140529,20140530 
Number is 01 
G.3.2_index_4_VS_G.5.1_index_4 [2] 
20140415,20140416,20140420,20140421,20140423,20140427,20140430,20140502,20140503,20140509,20140510,20140511,20140512,20140514,20140516,20140517,20140518,20140519,20140520,20140521,20140522,20140523,20140524,20140526,20140527,20140528,20140529,20140601 
Number is 06 
G.3.5_index_3_VS_G.4.3_index_2 [3] 
20140418,20140419,20140420,20140424,20140425,20140426,20140429,20140502,20140503,20140504,20140506,20140507,20140508,20140509,20140519,20140520,20140521,20140522,20140523,20140524,20140527,20140531,20140602 
Number is 08 
G.5.4_index_3_VS_G.3.4_index_3 [4] PLUS 1 
20140418,20140421,20140424,20140425,20140501,20140502,20140504,20140505,20140508,20140509,20140510,20140511,20140512,20140516,20140518,20140519,20140520,20140521,20140522,20140523,20140524,20140525,20140527,20140531,20140601 
Number is 11 
G.2.1_index_5_VS_G.DB_index_1 [5] PLUS 1 
20140416,20140418,20140421,20140422,20140427,20140501,20140503,20140505,20140507,20140510,20140511,20140512,20140513,20140515,20140518,20140519,20140520,20140521,20140522,20140523,20140524,20140525,20140526,20140528,20140529,20140530,20140602 
Number is 15 
G.5.1_index_4_VS_G.2.1_index_2 [6] PLUS 1 
20140421,20140423,20140424,20140427,20140429,20140430,20140502,20140503,20140505,20140507,20140509,20140510,20140512,20140515,20140517,20140519,20140520,20140521,20140522,20140523,20140524,20140525,20140526,20140530,20140531 
Number is 19 
G.1.1_index_1_VS_G.5.2_index_3 [7] PLUS 1 
20140419,20140423,20140426,20140427,20140429,20140430,20140503,20140504,20140505,20140511,20140513,20140516,20140517,20140519,20140520,20140521,20140522,20140523,20140524,20140525,20140602 
Number is 24 
G.3.2_index_5_VS_G.4.2_index_1 [8] PLUS 1 
20140421,20140422,20140423,20140427,20140509,20140510,20140517,20140519,20140520,20140521,20140522,20140523,20140524,20140525,20140526,20140527,20140529,20140530,20140601,20140602 
Number is 29 
G.6.1_index_3_VS_G.3.2_index_3 [9] PLUS 1 
20140423,20140428,20140429,20140430,20140503,20140505,20140509,20140511,20140512,20140515,20140516,20140517,20140519,20140520,20140521,20140522,20140523,20140524,20140525,20140526,20140527,20140531,20140601,20140602 
Number is 33 
G.5.5_index_3_VS_G.5.1_index_1 [10] PLUS 1 
20140416,20140422,20140424,20140426,20140427,20140428,20140503,20140504,20140505,20140507,20140508,20140512,20140519,20140520,20140521,20140522,20140523,20140524,20140525,20140528,20140529,20140601,20140602 
Number is 44 
G.5.6_index_2_VS_G.5.6_index_4 [11] 
20140417,20140418,20140419,20140421,20140422,20140426,20140428,20140504,20140505,20140514,20140519,20140520,20140521,20140522,20140523,20140524,20140526,20140527,20140528,20140529,20140601 
G.DB_index_5_VS_G.3.4_index_5 [12] 
20140417,20140418,20140420,20140423,20140425,20140430,20140502,20140504,20140505,20140506,20140508,20140509,20140510,20140511,20140512,20140515,20140516,20140518,20140519,20140520,20140521,20140522,20140523,20140524,20140526,20140530,20140531 
G.5.6_index_2_VS_G.4.2_index_1 [13] 
20140423,20140426,20140428,20140429,20140430,20140503,20140506,20140508,20140514,20140516,20140518,20140519,20140520,20140521,20140522,20140523,20140524 
Number is 46 
G.5.5_index_1_VS_G.2.2_index_3 [14] PLUS 1 
20140415,20140416,20140421,20140424,20140427,20140429,20140505,20140506,20140507,20140508,20140511,20140512,20140516,20140519,20140520,20140521,20140522,20140523,20140524,20140525,20140528,20140531 
G.5.6_index_2_VS_G.3.4_index_1 [15] PLUS 1 
20140416,20140419,20140422,20140423,20140424,20140426,20140428,20140501,20140507,20140508,20140514,20140515,20140516,20140518,20140519,20140520,20140521,20140522,20140523,20140524,20140525,20140526,20140527,20140531,20140601,20140602 
Number is 47 
G.3.4_index_4_VS_G.1.1_index_5 [16] PLUS 1 
20140418,20140420,20140422,20140424,20140428,20140429,20140504,20140505,20140508,20140517,20140518,20140519,20140520,20140521,20140522,20140523,20140524,20140525,20140526,20140528,20140530,20140602 
Number is 54 
G.3.2_index_2_VS_G.6.2_index_1 [17] PLUS 1 
20140415,20140416,20140417,20140419,20140425,20140426,20140428,20140430,20140502,20140503,20140507,20140508,20140512,20140519,20140520,20140521,20140522,20140523,20140524,20140525,20140527,20140528,20140529,20140531 
Number is 63 
G.5.2_index_2_VS_G.5.6_index_3 [18] PLUS 1 
20140416,20140419,20140420,20140425,20140427,20140429,20140430,20140504,20140507,20140508,20140512,20140514,20140516,20140517,20140519,20140520,20140521,20140522,20140523,20140524,20140525,20140527,20140601,20140602 
Number is 64 
G.2.2_index_3_VS_G.4.2_index_1 [19] PLUS 1 
20140415,20140416,20140417,20140418,20140421,20140425,20140427,20140428,20140429,20140502,20140510,20140512,20140513,20140514,20140516,20140517,20140518,20140519,20140520,20140521,20140522,20140523,20140524,20140525,20140527,20140529,20140601 
G.3.3_index_3_VS_G.5.1_index_2 [20] PLUS 1 
20140418,20140423,20140424,20140425,20140426,20140430,20140501,20140502,20140503,20140505,20140507,20140510,20140511,20140513,20140515,20140516,20140518,20140519,20140520,20140521,20140522,20140523,20140524,20140525,20140527,20140529,20140530 
Number is 65 
G.5.2_index_1_VS_G.3.5_index_1 [21] PLUS 1 
20140415,20140417,20140420,20140421,20140424,20140428,20140429,20140501,20140504,20140508,20140511,20140512,20140513,20140514,20140518,20140519,20140520,20140521,20140522,20140523,20140524,20140525,20140526,20140528,20140602 
Number is 74 
G.2.2_index_1_VS_G.5.4_index_2 [22] PLUS 1 
20140419,20140421,20140423,20140425,20140427,20140430,20140502,20140507,20140510,20140514,20140517,20140518,20140519,20140520,20140521,20140522,20140523,20140524,20140525,20140531,20140601,20140602 
Number is 76 
G.2.2_index_1_VS_G.3.4_index_1 [23] 
20140415,20140416,20140422,20140424,20140425,20140427,20140502,20140506,20140514,20140517,20140518,20140519,20140520,20140521,20140522,20140523,20140524,20140526,20140527,20140531 
G.1.1_index_5_VS_G.5.2_index_2 [24] 
20140415,20140425,20140426,20140429,20140430,20140502,20140504,20140506,20140509,20140514,20140517,20140519,20140520,20140521,20140522,20140523,20140524,20140527,20140528,20140530 
