======== Current: 20140526 ========= 
Number is 01 
G.3.4_index_4_VS_G.1.1_index_5 [1] PLUS 1 
20140418,20140420,20140422,20140424,20140428,20140429,20140504,20140505,20140508,20140517,20140518,20140519,20140520,20140521,20140522,20140523,20140524,20140525,20140526,20140528,20140530,20140602 
G.3.4_index_3_VS_G.2.2_index_3 [2] PLUS 1 
20140416,20140419,20140423,20140425,20140502,20140505,20140506,20140507,20140509,20140510,20140512,20140514,20140516,20140518,20140520,20140521,20140522,20140523,20140524,20140525,20140526,20140531,20140601 
Number is 03 
G.5.2_index_1_VS_G.3.5_index_1 [3] PLUS 1 
20140415,20140417,20140420,20140421,20140424,20140428,20140429,20140501,20140504,20140508,20140511,20140512,20140513,20140514,20140518,20140519,20140520,20140521,20140522,20140523,20140524,20140525,20140526,20140528,20140602 
Number is 05 
G.3.2_index_5_VS_G.3.6_index_2 [4] PLUS 1 
20140420,20140423,20140424,20140506,20140507,20140508,20140509,20140510,20140511,20140515,20140517,20140520,20140521,20140522,20140523,20140524,20140525,20140526,20140528,20140530 
G.3.2_index_5_VS_G.4.2_index_1 [5] PLUS 1 
20140421,20140422,20140423,20140427,20140509,20140510,20140517,20140519,20140520,20140521,20140522,20140523,20140524,20140525,20140526,20140527,20140529,20140530,20140601,20140602 
Number is 12 
G.2.2_index_3_VS_G.5.3_index_1 [6] PLUS 1 
20140416,20140419,20140420,20140423,20140424,20140425,20140426,20140428,20140429,20140430,20140502,20140503,20140506,20140510,20140512,20140513,20140517,20140520,20140521,20140522,20140523,20140524,20140525,20140526,20140528,20140530,20140601 
Number is 14 
G.5.4_index_2_VS_G.DB_index_4 [7] PLUS 1 
20140418,20140422,20140423,20140424,20140429,20140503,20140507,20140510,20140511,20140517,20140518,20140520,20140521,20140522,20140523,20140524,20140525,20140526,20140529,20140530,20140531 
Number is 15 
G.2.2_index_3_VS_G.4.2_index_1 [8] 
20140415,20140416,20140417,20140418,20140421,20140425,20140427,20140428,20140429,20140502,20140510,20140512,20140513,20140514,20140516,20140517,20140518,20140519,20140520,20140521,20140522,20140523,20140524,20140525,20140527,20140529,20140601 
Number is 18 
G.5.6_index_2_VS_G.3.4_index_1 [9] PLUS 1 
20140416,20140419,20140422,20140423,20140424,20140426,20140428,20140501,20140507,20140508,20140514,20140515,20140516,20140518,20140519,20140520,20140521,20140522,20140523,20140524,20140525,20140526,20140527,20140531,20140601,20140602 
G.5.1_index_4_VS_G.2.1_index_2 [10] PLUS 1 
20140421,20140423,20140424,20140427,20140429,20140430,20140502,20140503,20140505,20140507,20140509,20140510,20140512,20140515,20140517,20140519,20140520,20140521,20140522,20140523,20140524,20140525,20140526,20140530,20140531 
Number is 19 
G.5.1_index_4_VS_G.2.2_index_5 [11] 
20140415,20140420,20140425,20140428,20140501,20140503,20140504,20140507,20140509,20140510,20140513,20140514,20140515,20140516,20140517,20140520,20140521,20140522,20140523,20140524,20140525,20140527,20140529,20140530,20140602 
Number is 20 
G.5.5_index_3_VS_G.5.1_index_1 [12] 
20140416,20140422,20140424,20140426,20140427,20140428,20140503,20140504,20140505,20140507,20140508,20140512,20140519,20140520,20140521,20140522,20140523,20140524,20140525,20140528,20140529,20140601,20140602 
Number is 21 
G.5.3_index_1_VS_G.5.1_index_4 [13] PLUS 1 
20140421,20140425,20140426,20140427,20140501,20140503,20140504,20140506,20140508,20140509,20140514,20140515,20140517,20140520,20140521,20140522,20140523,20140524,20140525,20140526,20140528,20140602 
Number is 23 
G.3.4_index_2_VS_G.DB_index_1 [14] 
20140415,20140419,20140427,20140428,20140430,20140501,20140503,20140508,20140511,20140513,20140515,20140517,20140520,20140521,20140522,20140523,20140524,20140525,20140530,20140531,20140602 
Number is 24 
G.5.5_index_3_VS_G.DB_index_4 [15] 
20140418,20140420,20140425,20140426,20140501,20140503,20140504,20140505,20140507,20140508,20140509,20140510,20140511,20140512,20140517,20140520,20140521,20140522,20140523,20140524,20140525,20140531,20140601,20140602 
G.3.3_index_3_VS_G.5.1_index_2 [16] 
20140418,20140423,20140424,20140425,20140426,20140430,20140501,20140502,20140503,20140505,20140507,20140510,20140511,20140513,20140515,20140516,20140518,20140519,20140520,20140521,20140522,20140523,20140524,20140525,20140527,20140529,20140530 
Number is 26 
G.3.1_index_3_VS_G.5.2_index_2 [17] 
20140416,20140418,20140421,20140422,20140426,20140427,20140428,20140429,20140501,20140503,20140506,20140509,20140511,20140514,20140516,20140517,20140520,20140521,20140522,20140523,20140524,20140525,20140527,20140528,20140530,20140601 
Number is 32 
G.3.3_index_4_VS_G.4.1_index_4 [18] 
20140416,20140420,20140421,20140422,20140423,20140424,20140427,20140428,20140501,20140503,20140504,20140506,20140508,20140510,20140513,20140514,20140517,20140520,20140521,20140522,20140523,20140524,20140525,20140528 
Number is 38 
G.3.3_index_5_VS_G.4.2_index_2 [19] 
20140415,20140416,20140417,20140423,20140424,20140425,20140501,20140502,20140503,20140507,20140509,20140512,20140516,20140517,20140520,20140521,20140522,20140523,20140524,20140525,20140528,20140531,20140602 
Number is 58 
G.4.2_index_1_VS_G.3.4_index_1 [20] 
20140416,20140417,20140422,20140424,20140426,20140427,20140429,20140501,20140505,20140512,20140514,20140516,20140518,20140520,20140521,20140522,20140523,20140524,20140525,20140527 
Number is 59 
G.4.2_index_3_VS_G.4.1_index_3 [21] PLUS 1 
20140416,20140420,20140422,20140423,20140424,20140425,20140427,20140428,20140429,20140501,20140506,20140508,20140515,20140517,20140518,20140520,20140521,20140522,20140523,20140524,20140525,20140526,20140527,20140529,20140602 
Number is 60 
G.5.4_index_3_VS_G.3.4_index_3 [22] 
20140418,20140421,20140424,20140425,20140501,20140502,20140504,20140505,20140508,20140509,20140510,20140511,20140512,20140516,20140518,20140519,20140520,20140521,20140522,20140523,20140524,20140525,20140527,20140531,20140601 
Number is 69 
G.5.2_index_2_VS_G.5.6_index_3 [23] 
20140416,20140419,20140420,20140425,20140427,20140429,20140430,20140504,20140507,20140508,20140512,20140514,20140516,20140517,20140519,20140520,20140521,20140522,20140523,20140524,20140525,20140527,20140601,20140602 
Number is 71 
G.5.5_index_1_VS_G.2.2_index_3 [24] 
20140415,20140416,20140421,20140424,20140427,20140429,20140505,20140506,20140507,20140508,20140511,20140512,20140516,20140519,20140520,20140521,20140522,20140523,20140524,20140525,20140528,20140531 
Number is 73 
G.3.6_index_5_VS_G.3.3_index_5 [25] PLUS 1 
20140416,20140422,20140427,20140502,20140503,20140507,20140509,20140512,20140513,20140514,20140515,20140520,20140521,20140522,20140523,20140524,20140525,20140526,20140529,20140531,20140601 
G.2.1_index_5_VS_G.DB_index_1 [26] PLUS 1 
20140416,20140418,20140421,20140422,20140427,20140501,20140503,20140505,20140507,20140510,20140511,20140512,20140513,20140515,20140518,20140519,20140520,20140521,20140522,20140523,20140524,20140525,20140526,20140528,20140529,20140530,20140602 
Number is 76 
G.1.1_index_1_VS_G.5.2_index_3 [27] 
20140419,20140423,20140426,20140427,20140429,20140430,20140503,20140504,20140505,20140511,20140513,20140516,20140517,20140519,20140520,20140521,20140522,20140523,20140524,20140525,20140602 
Number is 77 
G.3.2_index_2_VS_G.6.2_index_1 [28] 
20140415,20140416,20140417,20140419,20140425,20140426,20140428,20140430,20140502,20140503,20140507,20140508,20140512,20140519,20140520,20140521,20140522,20140523,20140524,20140525,20140527,20140528,20140529,20140531 
Number is 79 
G.3.1_index_2_VS_G.3.1_index_1 [29] PLUS 1 
20140420,20140421,20140425,20140426,20140428,20140430,20140502,20140505,20140506,20140508,20140511,20140513,20140514,20140515,20140517,20140520,20140521,20140522,20140523,20140524,20140525,20140526,20140527,20140602 
Number is 85 
G.3.2_index_3_VS_G.4.2_index_3 [30] 
20140415,20140417,20140423,20140424,20140426,20140428,20140501,20140507,20140511,20140513,20140516,20140517,20140518,20140520,20140521,20140522,20140523,20140524,20140525,20140527,20140531,20140601 
Number is 91 
G.2.2_index_1_VS_G.5.4_index_2 [31] 
20140419,20140421,20140423,20140425,20140427,20140430,20140502,20140507,20140510,20140514,20140517,20140518,20140519,20140520,20140521,20140522,20140523,20140524,20140525,20140531,20140601,20140602 
Number is 97 
G.3.1_index_1_VS_G.2.1_index_5 [32] PLUS 1 
20140416,20140420,20140426,20140428,20140430,20140504,20140505,20140508,20140510,20140513,20140516,20140520,20140521,20140522,20140523,20140524,20140525,20140526,20140527,20140528,20140530,20140531,20140602 
Number is 98 
G.6.1_index_3_VS_G.3.2_index_3 [33] PLUS 1 
20140423,20140428,20140429,20140430,20140503,20140505,20140509,20140511,20140512,20140515,20140516,20140517,20140519,20140520,20140521,20140522,20140523,20140524,20140525,20140526,20140527,20140531,20140601,20140602 
