======== Current: 20140527 ========= 
Number is 01 
G.6.1_index_3_VS_G.2.1_index_5 [1] PLUS 1 
20140416,20140417,20140419,20140421,20140422,20140429,20140505,20140506,20140509,20140514,20140516,20140519,20140521,20140522,20140523,20140524,20140525,20140526,20140527,20140602 
Number is 03 
G.6.1_index_3_VS_G.3.2_index_3 [2] PLUS 1 
20140423,20140428,20140429,20140430,20140503,20140505,20140509,20140511,20140512,20140515,20140516,20140517,20140519,20140520,20140521,20140522,20140523,20140524,20140525,20140526,20140527,20140531,20140601,20140602 
Number is 08 
G.5.5_index_2_VS_G.3.2_index_5 [3] PLUS 1 
20140417,20140419,20140420,20140427,20140428,20140501,20140505,20140507,20140510,20140512,20140516,20140521,20140522,20140523,20140524,20140525,20140526,20140527,20140528 
Number is 09 
G.5.5_index_2_VS_G.5.1_index_3 [4] PLUS 1 
20140416,20140417,20140418,20140419,20140423,20140424,20140426,20140427,20140430,20140505,20140507,20140508,20140510,20140514,20140516,20140517,20140521,20140522,20140523,20140524,20140525,20140526,20140527,20140528 
Number is 14 
G.2.1_index_5_VS_G.DB_index_1 [5] 
20140416,20140418,20140421,20140422,20140427,20140501,20140503,20140505,20140507,20140510,20140511,20140512,20140513,20140515,20140518,20140519,20140520,20140521,20140522,20140523,20140524,20140525,20140526,20140528,20140529,20140530,20140602 
Number is 15 
G.4.2_index_3_VS_G.4.1_index_3 [6] PLUS 1 
20140416,20140420,20140422,20140423,20140424,20140425,20140427,20140428,20140429,20140501,20140506,20140508,20140515,20140517,20140518,20140520,20140521,20140522,20140523,20140524,20140525,20140526,20140527,20140529,20140602 
Number is 20 
G.4.3_index_2_VS_G.6.1_index_3 [7] 
20140416,20140420,20140425,20140502,20140503,20140508,20140509,20140510,20140514,20140515,20140521,20140522,20140523,20140524,20140525,20140526,20140530,20140601,20140602 
Number is 23 
G.4.3_index_2_VS_G.2.2_index_5 [8] PLUS 1 
20140415,20140416,20140418,20140420,20140421,20140422,20140425,20140427,20140429,20140430,20140503,20140507,20140513,20140514,20140519,20140521,20140522,20140523,20140524,20140525,20140526,20140527,20140530,20140601 
Number is 25 
G.3.1_index_2_VS_G.3.1_index_1 [9] PLUS 1 
20140420,20140421,20140425,20140426,20140428,20140430,20140502,20140505,20140506,20140508,20140511,20140513,20140514,20140515,20140517,20140520,20140521,20140522,20140523,20140524,20140525,20140526,20140527,20140602 
G.5.3_index_4_VS_G.5.1_index_1 [10] PLUS 1 
20140417,20140419,20140421,20140425,20140426,20140430,20140501,20140502,20140503,20140504,20140507,20140516,20140517,20140518,20140521,20140522,20140523,20140524,20140525,20140526,20140527,20140530,20140531,20140601 
Number is 26 
G.3.1_index_2_VS_G.6.3_index_2 [11] 
20140415,20140418,20140421,20140429,20140430,20140505,20140506,20140507,20140508,20140510,20140515,20140516,20140517,20140519,20140521,20140522,20140523,20140524,20140525,20140526,20140528,20140602 
G.5.4_index_2_VS_G.DB_index_4 [12] 
20140418,20140422,20140423,20140424,20140429,20140503,20140507,20140510,20140511,20140517,20140518,20140520,20140521,20140522,20140523,20140524,20140525,20140526,20140529,20140530,20140531 
Number is 29 
G.5.6_index_2_VS_G.3.4_index_1 [13] PLUS 1 
20140416,20140419,20140422,20140423,20140424,20140426,20140428,20140501,20140507,20140508,20140514,20140515,20140516,20140518,20140519,20140520,20140521,20140522,20140523,20140524,20140525,20140526,20140527,20140531,20140601,20140602 
Number is 35 
G.5.2_index_2_VS_G.2.1_index_1 [14] 
20140419,20140422,20140423,20140426,20140430,20140502,20140503,20140504,20140507,20140510,20140512,20140515,20140521,20140522,20140523,20140524,20140525,20140526,20140528,20140529,20140601 
Number is 36 
G.5.2_index_2_VS_G.3.2_index_1 [15] PLUS 1 
20140419,20140421,20140422,20140423,20140429,20140430,20140501,20140503,20140508,20140511,20140512,20140513,20140518,20140521,20140522,20140523,20140524,20140525,20140526,20140527,20140530,20140601 
Number is 44 
G.5.1_index_4_VS_G.2.1_index_2 [16] 
20140421,20140423,20140424,20140427,20140429,20140430,20140502,20140503,20140505,20140507,20140509,20140510,20140512,20140515,20140517,20140519,20140520,20140521,20140522,20140523,20140524,20140525,20140526,20140530,20140531 
Number is 45 
G.1.1_index_5_VS_G.5.1_index_1 [17] 
20140417,20140418,20140420,20140422,20140424,20140426,20140429,20140502,20140503,20140504,20140505,20140507,20140509,20140510,20140514,20140515,20140517,20140518,20140519,20140521,20140522,20140523,20140524,20140525,20140526,20140528 
Number is 48 
G.3.4_index_3_VS_G.2.2_index_3 [18] 
20140416,20140419,20140423,20140425,20140502,20140505,20140506,20140507,20140509,20140510,20140512,20140514,20140516,20140518,20140520,20140521,20140522,20140523,20140524,20140525,20140526,20140531,20140601 
Number is 49 
G.2.1_index_4_VS_G.4.1_index_1 [19] PLUS 1 
20140415,20140416,20140417,20140420,20140422,20140424,20140426,20140427,20140428,20140501,20140504,20140505,20140506,20140511,20140512,20140513,20140516,20140518,20140519,20140521,20140522,20140523,20140524,20140525,20140526,20140527,20140530 
Number is 51 
G.3.1_index_1_VS_G.2.1_index_5 [20] PLUS 1 
20140416,20140420,20140426,20140428,20140430,20140504,20140505,20140508,20140510,20140513,20140516,20140520,20140521,20140522,20140523,20140524,20140525,20140526,20140527,20140528,20140530,20140531,20140602 
G.2.2_index_2_VS_G.4.2_index_3 [21] PLUS 1 
20140415,20140420,20140424,20140427,20140428,20140501,20140504,20140507,20140510,20140517,20140518,20140519,20140521,20140522,20140523,20140524,20140525,20140526,20140527,20140529,20140531,20140601,20140602 
Number is 52 
G.3.4_index_4_VS_G.3.1_index_2 [22] PLUS 1 
20140415,20140418,20140420,20140421,20140425,20140426,20140428,20140429,20140430,20140501,20140502,20140505,20140507,20140508,20140510,20140512,20140513,20140514,20140516,20140521,20140522,20140523,20140524,20140525,20140526,20140527,20140529,20140531,20140601,20140602 
Number is 54 
G.3.4_index_4_VS_G.1.1_index_5 [23] 
20140418,20140420,20140422,20140424,20140428,20140429,20140504,20140505,20140508,20140517,20140518,20140519,20140520,20140521,20140522,20140523,20140524,20140525,20140526,20140528,20140530,20140602 
Number is 55 
G.DB_index_2_VS_G.3.6_index_2 [24] PLUS 1 
20140420,20140421,20140422,20140423,20140426,20140427,20140502,20140505,20140508,20140511,20140512,20140513,20140515,20140521,20140522,20140523,20140524,20140525,20140526,20140527,20140529,20140601 
Number is 59 
G.2.1_index_1_VS_G.3.2_index_4 [25] 
20140416,20140417,20140420,20140422,20140423,20140425,20140428,20140430,20140501,20140503,20140507,20140509,20140515,20140516,20140518,20140519,20140521,20140522,20140523,20140524,20140525,20140526,20140528,20140529,20140601 
Number is 61 
G.DB_index_5_VS_G.4.3_index_3 [26] 
20140416,20140420,20140422,20140423,20140429,20140502,20140505,20140507,20140509,20140511,20140512,20140513,20140514,20140515,20140516,20140517,20140519,20140521,20140522,20140523,20140524,20140525,20140526,20140530,20140601 
Number is 64 
G.DB_index_5_VS_G.3.2_index_2 [27] PLUS 1 
20140415,20140416,20140418,20140422,20140423,20140425,20140427,20140502,20140503,20140505,20140508,20140510,20140512,20140514,20140515,20140517,20140519,20140521,20140522,20140523,20140524,20140525,20140526,20140527,20140530,20140531 
Number is 66 
G.DB_index_5_VS_G.3.6_index_3 [28] 
20140416,20140421,20140423,20140425,20140426,20140502,20140504,20140505,20140507,20140508,20140511,20140512,20140516,20140517,20140518,20140519,20140521,20140522,20140523,20140524,20140525,20140526,20140529,20140602 
Number is 67 
G.5.5_index_1_VS_G.3.5_index_3 [29] 
20140416,20140419,20140425,20140426,20140428,20140429,20140501,20140502,20140505,20140509,20140512,20140516,20140517,20140521,20140522,20140523,20140524,20140525,20140526,20140528,20140601,20140602 
Number is 74 
G.5.3_index_1_VS_G.5.1_index_4 [30] 
20140421,20140425,20140426,20140427,20140501,20140503,20140504,20140506,20140508,20140509,20140514,20140515,20140517,20140520,20140521,20140522,20140523,20140524,20140525,20140526,20140528,20140602 
Number is 75 
G.3.5_index_3_VS_G.5.1_index_1 [31] 
20140415,20140416,20140419,20140420,20140424,20140426,20140428,20140430,20140503,20140504,20140505,20140506,20140508,20140509,20140510,20140512,20140515,20140518,20140521,20140522,20140523,20140524,20140525,20140526,20140530,20140531 
Number is 76 
G.5.2_index_1_VS_G.3.5_index_1 [32] 
20140415,20140417,20140420,20140421,20140424,20140428,20140429,20140501,20140504,20140508,20140511,20140512,20140513,20140514,20140518,20140519,20140520,20140521,20140522,20140523,20140524,20140525,20140526,20140528,20140602 
Number is 80 
G.3.2_index_5_VS_G.4.2_index_1 [33] PLUS 1 
20140421,20140422,20140423,20140427,20140509,20140510,20140517,20140519,20140520,20140521,20140522,20140523,20140524,20140525,20140526,20140527,20140529,20140530,20140601,20140602 
Number is 85 
G.3.2_index_5_VS_G.3.6_index_2 [34] 
20140420,20140423,20140424,20140506,20140507,20140508,20140509,20140510,20140511,20140515,20140517,20140520,20140521,20140522,20140523,20140524,20140525,20140526,20140528,20140530 
Number is 87 
G.2.2_index_3_VS_G.5.3_index_1 [35] 
20140416,20140419,20140420,20140423,20140424,20140425,20140426,20140428,20140429,20140430,20140502,20140503,20140506,20140510,20140512,20140513,20140517,20140520,20140521,20140522,20140523,20140524,20140525,20140526,20140528,20140530,20140601 
Number is 93 
G.4.1_index_1_VS_G.6.2_index_1 [36] PLUS 1 
20140415,20140416,20140417,20140419,20140423,20140424,20140426,20140428,20140501,20140504,20140506,20140508,20140509,20140511,20140512,20140514,20140517,20140521,20140522,20140523,20140524,20140525,20140526,20140527,20140528,20140529 
Number is 95 
G.3.6_index_5_VS_G.3.3_index_5 [37] 
20140416,20140422,20140427,20140502,20140503,20140507,20140509,20140512,20140513,20140514,20140515,20140520,20140521,20140522,20140523,20140524,20140525,20140526,20140529,20140531,20140601 
