======== Current: 20140529 ========= 
Number is 01 
G.6.1_index_1_VS_G.3.1_index_5 [1] PLUS 1 
20140416,20140422,20140425,20140427,20140430,20140504,20140506,20140507,20140514,20140515,20140516,20140518,20140522,20140523,20140524,20140525,20140526,20140527,20140528,20140529,20140601 
Number is 12 
G.5.4_index_1_VS_G.1.1_index_2 [2] PLUS 1 
20140415,20140421,20140422,20140423,20140425,20140426,20140430,20140501,20140505,20140507,20140509,20140510,20140512,20140516,20140519,20140520,20140521,20140523,20140524,20140525,20140526,20140527,20140528,20140529,20140531,20140602 
Number is 14 
G.7.4_index_1_VS_G.4.1_index_2 [3] 
20140416,20140417,20140418,20140420,20140426,20140427,20140428,20140505,20140506,20140509,20140511,20140517,20140520,20140521,20140523,20140524,20140525,20140526,20140527,20140528,20140601 
Number is 22 
G.4.2_index_2_VS_G.4.4_index_1 [4] PLUS 1 
20140415,20140416,20140418,20140423,20140425,20140426,20140427,20140428,20140429,20140501,20140504,20140508,20140514,20140515,20140516,20140523,20140524,20140525,20140526,20140527,20140528,20140529,20140530,20140531 
Number is 25 
G.3.3_index_3_VS_G.5.6_index_2 [5] 
20140418,20140419,20140420,20140422,20140427,20140428,20140430,20140504,20140506,20140507,20140508,20140511,20140513,20140516,20140518,20140519,20140520,20140521,20140523,20140524,20140525,20140526,20140527,20140528,20140601 
G.1.1_index_2_VS_G.3.2_index_1 [6] 
20140421,20140423,20140424,20140425,20140428,20140430,20140503,20140509,20140512,20140513,20140516,20140523,20140524,20140525,20140526,20140527,20140528 
Number is 27 
G.6.2_index_1_VS_G.6.1_index_3 [7] 
20140415,20140416,20140418,20140425,20140426,20140427,20140428,20140429,20140503,20140504,20140505,20140510,20140514,20140515,20140516,20140517,20140520,20140521,20140523,20140524,20140525,20140526,20140527,20140528,20140601 
Number is 29 
G.5.5_index_2_VS_G.3.2_index_5 [8] 
20140417,20140419,20140420,20140427,20140428,20140501,20140505,20140507,20140510,20140512,20140516,20140521,20140522,20140523,20140524,20140525,20140526,20140527,20140528 
G.5.5_index_2_VS_G.5.1_index_3 [9] 
20140416,20140417,20140418,20140419,20140423,20140424,20140426,20140427,20140430,20140505,20140507,20140508,20140510,20140514,20140516,20140517,20140521,20140522,20140523,20140524,20140525,20140526,20140527,20140528 
G.6.2_index_1_VS_G.3.6_index_3 [10] 
20140415,20140421,20140503,20140504,20140509,20140510,20140511,20140512,20140513,20140514,20140515,20140516,20140517,20140518,20140519,20140520,20140522,20140523,20140524,20140525,20140526,20140527,20140528,20140530 
Number is 32 
G.2.2_index_4_VS_G.2.2_index_3 [11] PLUS 1 
20140416,20140419,20140425,20140426,20140429,20140430,20140502,20140503,20140505,20140506,20140509,20140511,20140513,20140516,20140520,20140521,20140523,20140524,20140525,20140526,20140527,20140528,20140529,20140601 
Number is 39 
G.5.1_index_2_VS_G.3.5_index_5 [12] 
20140415,20140417,20140419,20140421,20140422,20140425,20140426,20140427,20140428,20140501,20140505,20140507,20140508,20140512,20140515,20140517,20140518,20140519,20140520,20140522,20140523,20140524,20140525,20140526,20140527,20140528,20140530,20140531 
Number is 42 
G.4.1_index_2_VS_G.4.4_index_1 [13] PLUS 1 
20140415,20140418,20140420,20140421,20140428,20140430,20140508,20140509,20140511,20140513,20140514,20140515,20140519,20140523,20140524,20140525,20140526,20140527,20140528,20140529 
G.5.2_index_1_VS_G.3.1_index_2 [14] PLUS 1 
20140415,20140417,20140420,20140421,20140423,20140425,20140427,20140428,20140429,20140430,20140501,20140502,20140508,20140510,20140511,20140519,20140522,20140523,20140524,20140525,20140526,20140527,20140528,20140529,20140530,20140601 
Number is 65 
G.5.5_index_1_VS_G.4.3_index_1 [15] 
20140415,20140420,20140421,20140422,20140426,20140428,20140429,20140504,20140510,20140511,20140512,20140522,20140523,20140524,20140525,20140526,20140527,20140528,20140601,20140602 
Number is 68 
G.5.4_index_2_VS_G.4.1_index_4 [16] 
20140415,20140418,20140421,20140422,20140501,20140503,20140504,20140506,20140510,20140511,20140514,20140517,20140518,20140520,20140523,20140524,20140525,20140526,20140527,20140528,20140530 
Number is 70 
G.6.1_index_3_VS_G.4.2_index_3 [17] 
20140415,20140418,20140423,20140424,20140428,20140429,20140430,20140501,20140503,20140504,20140509,20140511,20140512,20140516,20140520,20140521,20140523,20140524,20140525,20140526,20140527,20140528,20140530,20140531,20140601 
Number is 80 
G.4.1_index_1_VS_G.DB_index_1 [18] 
20140420,20140422,20140426,20140428,20140503,20140505,20140506,20140509,20140511,20140513,20140514,20140517,20140519,20140520,20140522,20140523,20140524,20140525,20140526,20140527,20140528,20140601,20140602 
Number is 82 
G.4.1_index_1_VS_G.6.2_index_1 [19] PLUS 1 
20140415,20140416,20140417,20140419,20140423,20140424,20140426,20140428,20140501,20140504,20140506,20140508,20140509,20140511,20140512,20140514,20140517,20140521,20140522,20140523,20140524,20140525,20140526,20140527,20140528,20140529 
Number is 84 
G.3.4_index_4_VS_G.4.1_index_2 [20] PLUS 1 
20140416,20140417,20140420,20140422,20140423,20140424,20140426,20140427,20140428,20140430,20140504,20140505,20140506,20140507,20140508,20140510,20140511,20140512,20140514,20140516,20140523,20140524,20140525,20140526,20140527,20140528,20140529,20140531,20140602 
Number is 85 
G.3.4_index_1_VS_G.4.3_index_4 [21] 
20140416,20140418,20140422,20140425,20140426,20140428,20140503,20140505,20140506,20140508,20140509,20140513,20140515,20140516,20140519,20140523,20140524,20140525,20140526,20140527,20140528,20140530 
Number is 91 
G.3.6_index_4_VS_G.7.4_index_1 [22] PLUS 1 
20140416,20140420,20140423,20140424,20140425,20140502,20140505,20140507,20140509,20140516,20140517,20140522,20140523,20140524,20140525,20140526,20140527,20140528,20140529,20140602 
Number is 92 
G.3.6_index_4_VS_G.4.4_index_1 [23] 
20140416,20140417,20140418,20140426,20140427,20140428,20140504,20140507,20140510,20140514,20140515,20140516,20140519,20140522,20140523,20140524,20140525,20140526,20140527,20140528,20140601,20140602 
Number is 93 
G.3.1_index_1_VS_G.2.1_index_5 [24] 
20140416,20140420,20140426,20140428,20140430,20140504,20140505,20140508,20140510,20140513,20140516,20140520,20140521,20140522,20140523,20140524,20140525,20140526,20140527,20140528,20140530,20140531,20140602 
