======== Current: 20140531 ========= 
Number is 00 
G.7.2_index_1_VS_G.4.2_index_3 [1] 
20140416,20140422,20140424,20140426,20140427,20140429,20140502,20140503,20140504,20140507,20140512,20140517,20140518,20140519,20140521,20140522,20140523,20140525,20140526,20140527,20140528,20140529,20140530,20140601 
Number is 02 
G.4.2_index_3_VS_G.4.2_index_1 [2] 
20140418,20140421,20140423,20140424,20140425,20140426,20140427,20140429,20140502,20140503,20140507,20140508,20140510,20140511,20140512,20140520,20140522,20140525,20140526,20140527,20140528,20140529,20140530,20140601 
G.4.2_index_3_VS_G.2.2_index_5 [3] 
20140424,20140426,20140427,20140501,20140504,20140507,20140510,20140511,20140512,20140513,20140517,20140518,20140520,20140522,20140525,20140526,20140527,20140528,20140529,20140530,20140601,20140602 
Number is 08 
G.3.6_index_5_VS_G.3.6_index_1 [4] 
20140416,20140417,20140418,20140419,20140425,20140426,20140430,20140501,20140502,20140503,20140508,20140509,20140510,20140515,20140522,20140525,20140526,20140527,20140528,20140529,20140530 
Number is 13 
G.7.1_index_2_VS_G.1.1_index_2 [5] 
20140415,20140416,20140418,20140420,20140423,20140425,20140426,20140427,20140430,20140502,20140503,20140508,20140509,20140512,20140515,20140516,20140519,20140523,20140525,20140526,20140527,20140528,20140529,20140530 
Number is 21 
G.3.6_index_4_VS_G.1.1_index_5 [6] PLUS 1 
20140415,20140418,20140419,20140420,20140421,20140422,20140423,20140424,20140425,20140428,20140429,20140430,20140502,20140507,20140508,20140510,20140514,20140515,20140517,20140521,20140524,20140525,20140526,20140527,20140528,20140529,20140530,20140531 
Number is 28 
G.6.1_index_2_VS_G.3.6_index_1 [7] 
20140417,20140418,20140419,20140425,20140430,20140501,20140503,20140504,20140505,20140506,20140507,20140520,20140521,20140525,20140526,20140527,20140528,20140529,20140530 
G.3.6_index_4_VS_G.4.3_index_4 [8] 
20140415,20140416,20140421,20140422,20140425,20140427,20140428,20140429,20140503,20140505,20140506,20140507,20140508,20140509,20140514,20140518,20140519,20140520,20140525,20140526,20140527,20140528,20140529,20140530,20140601 
Number is 29 
G.2.2_index_5_VS_G.6.2_index_1 [9] 
20140416,20140421,20140423,20140425,20140507,20140508,20140509,20140510,20140513,20140514,20140516,20140518,20140520,20140522,20140525,20140526,20140527,20140528,20140529,20140530,20140601 
G.6.1_index_2_VS_G.3.1_index_1 [10] 
20140417,20140420,20140421,20140424,20140425,20140426,20140504,20140506,20140511,20140516,20140517,20140518,20140525,20140526,20140527,20140528,20140529,20140530,20140601,20140602 
Number is 35 
G.1.1_index_2_VS_G.4.4_index_1 [11] 
20140415,20140416,20140426,20140427,20140428,20140429,20140430,20140503,20140504,20140506,20140508,20140509,20140514,20140517,20140522,20140523,20140525,20140526,20140527,20140528,20140529,20140530,20140601 
G.2.1_index_5_VS_G.4.4_index_1 [12] 
20140416,20140418,20140425,20140429,20140501,20140510,20140515,20140516,20140518,20140519,20140522,20140525,20140526,20140527,20140528,20140529,20140530,20140602 
Number is 39 
G.1.1_index_2_VS_G.3.2_index_4 [13] PLUS 1 
20140416,20140419,20140420,20140422,20140423,20140424,20140425,20140427,20140430,20140501,20140509,20140510,20140511,20140512,20140521,20140523,20140525,20140526,20140527,20140528,20140529,20140530,20140531,20140602 
Number is 40 
G.3.1_index_3_VS_G.4.4_index_3 [14] 
20140415,20140420,20140421,20140422,20140423,20140424,20140428,20140429,20140501,20140504,20140509,20140515,20140517,20140522,20140523,20140525,20140526,20140527,20140528,20140529,20140530 
G.7.4_index_1_VS_G.4.4_index_3 [15] 
20140415,20140416,20140420,20140422,20140423,20140425,20140430,20140502,20140503,20140505,20140509,20140510,20140511,20140517,20140525,20140526,20140527,20140528,20140529,20140530 
Number is 41 
G.3.1_index_3_VS_G.7.1_index_2 [16] PLUS 1 
20140415,20140416,20140419,20140420,20140422,20140423,20140425,20140427,20140428,20140429,20140502,20140509,20140510,20140514,20140515,20140516,20140517,20140518,20140521,20140523,20140525,20140526,20140527,20140528,20140529,20140530,20140531 
Number is 42 
G.4.1_index_3_VS_G.6.1_index_2 [17] 
20140416,20140417,20140420,20140422,20140423,20140426,20140429,20140430,20140503,20140504,20140506,20140507,20140523,20140525,20140526,20140527,20140528,20140529,20140530 
Number is 48 
G.3.1_index_2_VS_G.3.5_index_4 [18] PLUS 1 
20140415,20140420,20140421,20140425,20140430,20140501,20140505,20140506,20140509,20140510,20140513,20140514,20140517,20140518,20140521,20140523,20140525,20140526,20140527,20140528,20140529,20140530,20140531,20140601 
Number is 64 
G.5.6_index_1_VS_G.3.1_index_3 [19] 
20140419,20140422,20140427,20140429,20140430,20140502,20140504,20140506,20140507,20140511,20140512,20140515,20140516,20140517,20140518,20140519,20140525,20140526,20140527,20140528,20140529,20140530,20140602 
G.3.3_index_3_VS_G.3.1_index_3 [20] 
20140417,20140418,20140420,20140425,20140426,20140430,20140501,20140502,20140504,20140506,20140507,20140509,20140514,20140515,20140517,20140518,20140521,20140525,20140526,20140527,20140528,20140529,20140530,20140601 
Number is 66 
G.3.3_index_3_VS_G.5.6_index_1 [21] 
20140418,20140420,20140422,20140424,20140426,20140429,20140501,20140503,20140504,20140505,20140506,20140507,20140509,20140510,20140511,20140512,20140514,20140516,20140518,20140519,20140523,20140525,20140526,20140527,20140528,20140529,20140530 
Number is 67 
G.4.3_index_2_VS_G.5.6_index_4 [22] 
20140417,20140418,20140420,20140427,20140428,20140507,20140512,20140514,20140515,20140517,20140521,20140524,20140525,20140526,20140527,20140528,20140529,20140530 
Number is 77 
G.5.6_index_4_VS_G.6.3_index_1 [23] PLUS 1 
20140417,20140418,20140430,20140504,20140507,20140510,20140512,20140520,20140522,20140525,20140526,20140527,20140528,20140529,20140530,20140531,20140601 
Number is 78 
G.DB_index_4_VS_G.3.6_index_1 [24] PLUS 1 
20140416,20140418,20140419,20140422,20140426,20140427,20140430,20140501,20140506,20140508,20140509,20140513,20140515,20140516,20140520,20140525,20140526,20140527,20140528,20140529,20140530,20140531,20140601 
Number is 81 
G.3.4_index_1_VS_G.7.1_index_2 [25] 
20140416,20140417,20140418,20140421,20140422,20140423,20140424,20140425,20140427,20140429,20140430,20140502,20140505,20140508,20140511,20140513,20140514,20140516,20140519,20140520,20140521,20140525,20140526,20140527,20140528,20140529,20140530,20140602 
Number is 82 
G.3.6_index_1_VS_G.5.3_index_2 [26] 
20140416,20140420,20140422,20140424,20140430,20140501,20140504,20140506,20140511,20140513,20140516,20140519,20140523,20140525,20140526,20140527,20140528,20140529,20140530,20140602 
G.3.6_index_1_VS_G.2.2_index_5 [27] 
20140418,20140419,20140422,20140425,20140426,20140427,20140501,20140503,20140504,20140507,20140513,20140514,20140517,20140523,20140525,20140526,20140527,20140528,20140529,20140530,20140602 
Number is 85 
G.4.2_index_2_VS_G.4.4_index_1 [28] PLUS 1 
20140415,20140416,20140418,20140423,20140425,20140426,20140427,20140428,20140429,20140501,20140504,20140508,20140514,20140515,20140516,20140523,20140524,20140525,20140526,20140527,20140528,20140529,20140530,20140531 
Number is 93 
G.5.2_index_1_VS_G.3.3_index_4 [29] PLUS 1 
20140416,20140417,20140420,20140423,20140424,20140427,20140428,20140505,20140506,20140516,20140518,20140523,20140525,20140526,20140527,20140528,20140529,20140530,20140531,20140601 
Number is 94 
G.5.2_index_1_VS_G.3.1_index_2 [30] 
20140415,20140417,20140420,20140421,20140423,20140425,20140427,20140428,20140429,20140430,20140501,20140502,20140508,20140510,20140511,20140519,20140522,20140523,20140524,20140525,20140526,20140527,20140528,20140529,20140530,20140601 
Number is 95 
G.3.2_index_4_VS_G.3.2_index_3 [31] 
20140416,20140417,20140418,20140420,20140422,20140426,20140428,20140430,20140501,20140503,20140505,20140509,20140511,20140512,20140514,20140516,20140517,20140525,20140526,20140527,20140528,20140529,20140530,20140602 
Number is 97 
G.5.3_index_4_VS_G.3.4_index_4 [32] 
20140415,20140416,20140418,20140419,20140420,20140426,20140428,20140430,20140503,20140504,20140505,20140508,20140510,20140512,20140515,20140518,20140520,20140522,20140523,20140525,20140526,20140527,20140528,20140529,20140530,20140602 
Number is 98 
G.4.2_index_4_VS_G.5.1_index_1 [33] PLUS 1 
20140415,20140419,20140424,20140425,20140429,20140501,20140502,20140503,20140508,20140509,20140511,20140512,20140515,20140522,20140523,20140525,20140526,20140527,20140528,20140529,20140530,20140531,20140601 
Number is 99 
G.3.2_index_4_VS_G.6.1_index_1 [34] 
20140416,20140418,20140420,20140425,20140501,20140503,20140507,20140509,20140515,20140516,20140517,20140518,20140521,20140525,20140526,20140527,20140528,20140529,20140530,20140601,20140602 
