======== Current: 20150903 ========= 
Number is 28 
G.3.1_index_2_VS_G.DB_index_1 [1] PLUS 1 
20150821,20150822,20150825,20150826,20150827,20150828,20150829,20150830,20150831,20150901,20150902,20150903,20150904,20150905,20150906,20150912,20150916,20150919,20150920,20150921,20150923,20150925,20150926,20150927,20150930 
Number is 36 
G.5.5_index_2_VS_G.DB_index_4 [2] PLUS 1 
20150819,20150820,20150823,20150825,20150826,20150827,20150828,20150829,20150830,20150831,20150901,20150902,20150903,20150904,20150905,20150906,20150907,20150908,20150910,20150917,20150918,20150920,20150923,20150924,20150925,20150926,20150927,20150928,20150929,20151001,20151002 
Number is 53 
G.3.5_index_4_VS_G.6.1_index_2 [3] PLUS 1 
20150817,20150818,20150819,20150820,20150822,20150825,20150828,20150829,20150830,20150831,20150901,20150902,20150903,20150905,20150906,20150908,20150909,20150910,20150912,20150913,20150918,20150922,20150928 
G.4.4_index_4_VS_G.6.1_index_2 [4] PLUS 1 
20150817,20150821,20150822,20150823,20150825,20150827,20150828,20150829,20150830,20150831,20150901,20150902,20150903,20150904,20150905,20150906,20150907,20150909,20150913,20150918,20150919,20150921,20150923,20150925,20150927,20151001 
Number is 60 
G.5.6_index_1_VS_G.1.1_index_5 [5] PLUS 1 
20150816,20150820,20150826,20150827,20150828,20150829,20150830,20150831,20150901,20150902,20150903,20150905,20150907,20150913,20150914,20150920,20150927,20150929,20150930 
Number is 66 
G.6.3_index_3_VS_G.4.3_index_2 [6] 
20150816,20150817,20150818,20150820,20150821,20150822,20150823,20150824,20150826,20150828,20150829,20150830,20150831,20150901,20150902,20150905,20150906,20150907,20150909,20150912,20150913,20150915,20150920,20150925,20150930,20151002 
Number is 69 
G.DB_index_2_VS_G.DB_index_5 [7] PLUS 1 
20150822,20150824,20150825,20150827,20150828,20150829,20150830,20150831,20150901,20150902,20150903,20150905,20150908,20150909,20150911,20150912,20150913,20150914,20150915,20150916,20150918,20150924,20150926,20150930,20151001 
Number is 85 
G.3.1_index_5_VS_G.6.1_index_3 [8] PLUS 1 
20150816,20150819,20150821,20150822,20150825,20150826,20150827,20150828,20150829,20150830,20150831,20150901,20150902,20150903,20150904,20150912,20150914,20150916,20150918,20150922,20150927,20150929,20150930,20151002 
Number is 86 
G.3.1_index_5_VS_G.3.2_index_2 [9] 
20150818,20150820,20150822,20150824,20150826,20150828,20150829,20150830,20150831,20150901,20150902,20150904,20150907,20150910,20150911,20150912,20150914,20150915,20150916,20150919,20150921,20150922,20150923,20150924,20150928 
Number is 92 
G.7.3_index_1_VS_G.3.1_index_1 [10] 
20150816,20150817,20150818,20150819,20150820,20150821,20150827,20150828,20150829,20150830,20150831,20150901,20150902,20150904,20150905,20150907,20150908,20150911,20150912,20150913,20150915,20150916,20150924,20150925,20150928 
Number is 98 
G.5.1_index_4_VS_G.2.2_index_1 [11] 
20150816,20150820,20150825,20150828,20150829,20150830,20150831,20150901,20150902,20150904,20150905,20150907,20150909,20150914,20150915,20150921,20150922,20150927,20150929,20151001 
