======== Current: 20150906 ========= 
Number is 04 
G.4.4_index_4_VS_G.6.1_index_2 [1] PLUS 1 
20150817,20150821,20150822,20150823,20150825,20150827,20150828,20150829,20150830,20150831,20150901,20150902,20150903,20150904,20150905,20150906,20150907,20150909,20150913,20150918,20150919,20150921,20150923,20150925,20150927,20151001 
Number is 14 
G.3.1_index_5_VS_G.3.4_index_5 [2] PLUS 1 
20150816,20150820,20150822,20150823,20150824,20150827,20150828,20150829,20150831,20150901,20150902,20150903,20150904,20150905,20150906,20150909,20150911,20150913,20150914,20150916,20150918,20150924,20150929,20150930,20151001,20151002 
G.3.1_index_5_VS_G.3.4_index_3 [3] PLUS 1 
20150820,20150821,20150822,20150827,20150828,20150831,20150901,20150902,20150903,20150904,20150905,20150906,20150910,20150912,20150914,20150917,20150919,20150922,20150926,20150927,20150928,20150929,20150930,20151001 
Number is 18 
G.4.4_index_3_VS_G.7.1_index_2 [4] 
20150816,20150817,20150823,20150825,20150829,20150830,20150831,20150901,20150902,20150903,20150904,20150905,20150910,20150911,20150913,20150918,20150921,20150930,20151001 
Number is 21 
G.2.2_index_1_VS_G.2.2_index_3 [5] PLUS 1 
20150817,20150821,20150823,20150825,20150827,20150829,20150831,20150901,20150902,20150903,20150904,20150905,20150906,20150908,20150909,20150910,20150911,20150912,20150913,20150914,20150915,20150916,20150917,20150919,20150923,20150924,20150926,20150927,20150928,20151002 
Number is 24 
G.2.1_index_3_VS_G.5.1_index_2 [6] 
20150817,20150818,20150819,20150820,20150822,20150823,20150824,20150825,20150827,20150831,20150901,20150902,20150903,20150904,20150905,20150907,20150911,20150915,20150918,20150925,20150926,20150928,20150929,20151001 
Number is 26 
G.2.1_index_3_VS_G.3.2_index_2 [7] 
20150816,20150818,20150822,20150823,20150824,20150827,20150830,20150831,20150901,20150902,20150903,20150904,20150905,20150911,20150912,20150913,20150914,20150916,20150917,20150920,20150923,20150924,20150925,20150926,20150929,20150930,20151002 
G.2.2_index_5_VS_G.3.2_index_2 [8] 
20150823,20150827,20150829,20150831,20150901,20150902,20150903,20150904,20150905,20150909,20150911,20150917,20150918,20150919,20150922,20150923,20150925,20150926,20150929 
Number is 30 
G.DB_index_5_VS_G.7.2_index_1 [9] PLUS 1 
20150818,20150826,20150828,20150831,20150901,20150902,20150903,20150904,20150905,20150906,20150907,20150911,20150913,20150914,20150916,20150922,20150925,20150927,20150930,20151001,20151002 
Number is 33 
G.6.3_index_2_VS_G.5.1_index_4 [10] 
20150819,20150825,20150827,20150831,20150901,20150902,20150903,20150904,20150905,20150909,20150911,20150914,20150915,20150920,20150921,20150922,20150926,20150927,20150928,20150929,20150930 
Number is 34 
G.3.5_index_3_VS_G.7.1_index_1 [11] 
20150817,20150819,20150821,20150824,20150825,20150827,20150828,20150831,20150901,20150902,20150903,20150904,20150905,20150907,20150908,20150918,20150919,20150921,20150922,20150923,20150925,20150926,20150930 
Number is 36 
G.5.1_index_4_VS_G.3.2_index_2 [12] PLUS 1 
20150816,20150819,20150823,20150825,20150827,20150830,20150831,20150901,20150902,20150903,20150904,20150905,20150906,20150907,20150908,20150910,20150911,20150912,20150915,20150918,20150919,20150921,20150923,20150924 
Number is 49 
G.7.1_index_1_VS_G.5.6_index_4 [13] 
20150816,20150817,20150818,20150819,20150821,20150823,20150824,20150826,20150827,20150831,20150901,20150902,20150903,20150904,20150905,20150907,20150910,20150911,20150913,20150919,20150921,20150923,20150925,20150928,20150929,20150930 
Number is 53 
G.3.1_index_2_VS_G.DB_index_1 [14] PLUS 1 
20150821,20150822,20150825,20150826,20150827,20150828,20150829,20150830,20150831,20150901,20150902,20150903,20150904,20150905,20150906,20150912,20150916,20150919,20150920,20150921,20150923,20150925,20150926,20150927,20150930 
G.3.1_index_4_VS_G.4.3_index_2 [15] PLUS 1 
20150817,20150818,20150819,20150821,20150824,20150825,20150830,20150831,20150901,20150902,20150903,20150904,20150905,20150906,20150907,20150908,20150914,20150917,20150918,20150920,20150921,20150925,20150926,20150930,20151001,20151002 
Number is 84 
G.3.5_index_1_VS_G.3.6_index_2 [16] 
20150816,20150819,20150822,20150823,20150826,20150831,20150901,20150902,20150903,20150904,20150905,20150908,20150910,20150911,20150912,20150914,20150915,20150921,20150927,20150929 
Number is 90 
G.5.5_index_2_VS_G.DB_index_4 [17] PLUS 1 
20150819,20150820,20150823,20150825,20150826,20150827,20150828,20150829,20150830,20150831,20150901,20150902,20150903,20150904,20150905,20150906,20150907,20150908,20150910,20150917,20150918,20150920,20150923,20150924,20150925,20150926,20150927,20150928,20150929,20151001,20151002 
Number is 94 
G.5.5_index_2_VS_G.7.1_index_1 [18] 
20150816,20150818,20150821,20150823,20150825,20150826,20150828,20150830,20150831,20150901,20150902,20150903,20150904,20150905,20150907,20150908,20150909,20150910,20150911,20150912,20150916,20150917,20150918,20150921,20150924,20150925,20150926,20150930,20151002 
G.5.5_index_2_VS_G.4.3_index_4 [19] 
20150822,20150824,20150827,20150828,20150830,20150831,20150901,20150902,20150903,20150904,20150905,20150908,20150912,20150913,20150916,20150919,20150922,20150923,20150925,20150926 
Number is 98 
G.5.5_index_2_VS_G.3.1_index_3 [20] 
20150818,20150820,20150825,20150826,20150827,20150828,20150829,20150831,20150901,20150902,20150903,20150904,20150905,20150914,20150915,20150916,20150922,20150923,20150925,20150926,20150928,20151001 
