======== Current: 20150914 ========= 
Number is 00 
G.5.5_index_4_VS_G.3.1_index_4 [1] 
20150818,20150825,20150827,20150828,20150830,20150831,20150903,20150904,20150905,20150908,20150909,20150910,20150911,20150912,20150913,20150915,20150916,20150917,20150919,20150921,20150923,20150928,20150929,20150930,20151001,20151002 
Number is 03 
G.5.5_index_4_VS_G.4.1_index_3 [2] 
20150819,20150820,20150822,20150823,20150824,20150825,20150826,20150827,20150830,20150906,20150908,20150909,20150910,20150911,20150912,20150913,20150916,20150919,20150923,20150924,20150925,20150927,20150929,20151001 
Number is 05 
G.2.1_index_4_VS_G.5.2_index_2 [3] PLUS 1 
20150816,20150818,20150820,20150821,20150825,20150826,20150830,20150831,20150905,20150906,20150907,20150908,20150909,20150910,20150911,20150912,20150913,20150914,20150915,20150919,20150920,20150921,20150922,20150923,20150924,20150927,20150930,20151001,20151002 
Number is 06 
G.6.3_index_1_VS_G.3.1_index_2 [4] 
20150820,20150821,20150825,20150828,20150829,20150831,20150901,20150904,20150905,20150908,20150909,20150910,20150911,20150912,20150913,20150915,20150916,20150917,20150919,20150921,20150927,20151001,20151002 
Number is 10 
G.5.1_index_2_VS_G.3.4_index_2 [5] PLUS 1 
20150819,20150823,20150824,20150826,20150830,20150831,20150903,20150904,20150907,20150908,20150909,20150910,20150911,20150912,20150913,20150914,20150915,20150922,20150923,20150926,20150927,20150928,20151001,20151002 
Number is 17 
G.3.1_index_5_VS_G.3.6_index_5 [6] PLUS 1 
20150816,20150818,20150819,20150820,20150821,20150822,20150828,20150829,20150905,20150907,20150908,20150909,20150910,20150911,20150912,20150913,20150914,20150917,20150918,20150924,20150925,20150927,20150929,20150930,20151002 
G.5.1_index_2_VS_G.2.1_index_2 [7] PLUS 1 
20150818,20150820,20150822,20150824,20150825,20150826,20150831,20150901,20150902,20150904,20150907,20150908,20150909,20150910,20150911,20150912,20150913,20150914,20150915,20150916,20150917,20150920,20150921,20150922,20150925,20150930,20151002 
G.7.2_index_2_VS_G.2.1_index_2 [8] PLUS 1 
20150816,20150821,20150822,20150823,20150826,20150827,20150828,20150829,20150901,20150902,20150907,20150908,20150909,20150910,20150911,20150912,20150913,20150914,20150917,20150920,20150921,20150922,20150924,20150926,20150930,20151001 
G.3.1_index_5_VS_G.4.3_index_3 [9] PLUS 1 
20150816,20150819,20150822,20150824,20150825,20150827,20150830,20150831,20150904,20150905,20150906,20150908,20150909,20150910,20150911,20150912,20150913,20150914,20150915,20150916,20150917,20150919,20150920,20150922,20150927,20150928,20151001,20151002 
Number is 19 
G.7.2_index_2_VS_G.6.3_index_3 [10] 
20150816,20150817,20150818,20150821,20150822,20150823,20150826,20150828,20150829,20150830,20150902,20150908,20150909,20150910,20150911,20150912,20150913,20150918,20150921,20150922,20150923,20150926,20150928,20150929,20150930,20151001 
Number is 26 
G.3.5_index_3_VS_G.3.1_index_1 [11] 
20150817,20150820,20150821,20150822,20150823,20150826,20150827,20150830,20150831,20150901,20150905,20150908,20150909,20150910,20150911,20150912,20150913,20150921,20150922,20150924,20150925,20150928 
G.4.3_index_4_VS_G.3.1_index_1 [12] 
20150816,20150817,20150818,20150820,20150821,20150822,20150823,20150827,20150829,20150904,20150907,20150908,20150909,20150910,20150911,20150912,20150913,20150915,20150917,20150918,20150921,20150922,20150923,20150924,20150926,20150927,20150928,20151001,20151002 
Number is 27 
G.DB_index_5_VS_G.3.6_index_1 [13] PLUS 1 
20150817,20150818,20150824,20150826,20150906,20150907,20150908,20150909,20150910,20150911,20150912,20150913,20150914,20150918,20150919,20150920,20150922,20150926 
G.4.1_index_1_VS_G.3.6_index_5 [14] PLUS 1 
20150817,20150819,20150820,20150821,20150822,20150823,20150824,20150827,20150828,20150829,20150901,20150904,20150908,20150909,20150910,20150911,20150912,20150913,20150914,20150918,20150919,20150923,20150924,20150925,20150927,20150930 
Number is 29 
G.3.5_index_3_VS_G.6.3_index_3 [15] PLUS 1 
20150817,20150818,20150820,20150822,20150823,20150826,20150829,20150830,20150831,20150901,20150903,20150906,20150907,20150908,20150909,20150910,20150911,20150912,20150913,20150914,20150916,20150918,20150921,20150922,20150928,20150929,20150930 
Number is 30 
G.5.1_index_4_VS_G.3.6_index_4 [16] 
20150818,20150821,20150822,20150902,20150903,20150906,20150907,20150908,20150909,20150910,20150911,20150912,20150913,20150916,20150918,20150919,20150920,20150925,20150926,20150927,20150929,20151002 
Number is 32 
G.3.2_index_2_VS_G.5.6_index_1 [17] PLUS 1 
20150816,20150818,20150824,20150828,20150829,20150831,20150901,20150902,20150904,20150905,20150908,20150909,20150910,20150911,20150912,20150913,20150914,20150915,20150916,20150917,20150923,20150924,20150926,20150929,20151001 
Number is 33 
G.2.1_index_1_VS_G.3.4_index_3 [18] 
20150816,20150817,20150820,20150821,20150823,20150824,20150825,20150831,20150901,20150903,20150904,20150905,20150908,20150909,20150910,20150911,20150912,20150913,20150917,20150918,20150920,20150921,20150925,20150928,20150929 
G.5.2_index_3_VS_G.4.2_index_1 [19] 
20150817,20150820,20150821,20150823,20150828,20150831,20150902,20150905,20150907,20150908,20150909,20150910,20150911,20150912,20150913,20150916,20150919,20150925,20150926,20151001,20151002 
Number is 35 
G.3.2_index_3_VS_G.3.4_index_1 [20] 
20150817,20150819,20150822,20150825,20150828,20150903,20150905,20150907,20150908,20150909,20150910,20150911,20150912,20150913,20150915,20150922,20150923,20150925,20150926,20150927,20150929 
G.5.1_index_4_VS_G.5.4_index_2 [21] 
20150817,20150818,20150820,20150821,20150826,20150830,20150904,20150905,20150906,20150908,20150909,20150910,20150911,20150912,20150913,20150915,20150919,20150920,20150921,20150925,20150928,20151002 
Number is 44 
G.3.3_index_3_VS_G.7.1_index_1 [22] 
20150816,20150817,20150823,20150831,20150902,20150905,20150907,20150908,20150909,20150910,20150911,20150912,20150913,20150918,20150919,20150920,20150922,20150927,20150930 
G.3.5_index_1_VS_G.5.1_index_3 [23] 
20150816,20150817,20150819,20150820,20150821,20150823,20150830,20150901,20150903,20150907,20150908,20150909,20150910,20150911,20150912,20150913,20150920,20150921,20150923,20150924,20150925,20150927,20150930,20151001,20151002 
Number is 46 
G.3.3_index_4_VS_G.7.4_index_2 [24] PLUS 1 
20150818,20150819,20150821,20150826,20150904,20150906,20150907,20150908,20150909,20150910,20150911,20150912,20150913,20150914,20150918,20150921,20150922,20150929 
Number is 48 
G.3.4_index_5_VS_G.2.2_index_3 [25] PLUS 1 
20150816,20150817,20150819,20150821,20150822,20150824,20150825,20150827,20150828,20150829,20150903,20150904,20150905,20150906,20150908,20150909,20150910,20150911,20150912,20150913,20150914,20150915,20150916,20150918,20150919,20150920,20150923,20150926,20150930,20151002 
G.6.1_index_3_VS_G.7.3_index_1 [26] PLUS 1 
20150817,20150820,20150821,20150825,20150902,20150903,20150907,20150908,20150909,20150910,20150911,20150912,20150913,20150914,20150916,20150917,20150919,20150920,20150922,20150923,20150924,20150925,20150926,20150929,20150930 
Number is 49 
G.3.4_index_5_VS_G.1.1_index_1 [27] 
20150822,20150824,20150825,20150826,20150829,20150903,20150904,20150905,20150908,20150909,20150910,20150911,20150912,20150913,20150922,20150924,20150925,20150929,20150930,20151001 
Number is 56 
G.5.2_index_2_VS_G.7.1_index_2 [28] PLUS 1 
20150820,20150821,20150826,20150828,20150831,20150901,20150902,20150903,20150904,20150907,20150908,20150909,20150910,20150911,20150912,20150913,20150914,20150915,20150921,20150923,20150926,20150927,20150928,20150929,20150930,20151001 
Number is 58 
G.5.2_index_2_VS_G.5.6_index_3 [29] 
20150816,20150819,20150825,20150828,20150902,20150905,20150908,20150909,20150910,20150911,20150912,20150913,20150915,20150916,20150917,20150918,20150921,20150922,20150924,20150925,20150927,20150928,20151001 
Number is 61 
G.4.2_index_3_VS_G.5.1_index_2 [30] 
20150817,20150818,20150819,20150822,20150826,20150827,20150902,20150904,20150905,20150908,20150909,20150910,20150911,20150912,20150913,20150915,20150916,20150919,20150921,20150922,20150923,20150926,20150927,20150928,20150929 
Number is 64 
G.3.1_index_1_VS_G.2.2_index_2 [31] PLUS 1 
20150819,20150821,20150822,20150823,20150829,20150830,20150831,20150901,20150907,20150908,20150909,20150910,20150911,20150912,20150913,20150914,20150915,20150923,20150924,20150926,20150928,20151002 
Number is 65 
G.2.2_index_4_VS_G.5.4_index_1 [32] PLUS 1 
20150823,20150901,20150905,20150908,20150909,20150910,20150911,20150912,20150913,20150914,20150915,20150916,20150917,20150918,20150920,20150921,20150923,20150925,20150926,20150928,20151002 
Number is 71 
G.5.5_index_3_VS_G.7.2_index_2 [33] PLUS 1 
20150817,20150819,20150820,20150821,20150822,20150823,20150825,20150826,20150827,20150828,20150830,20150901,20150902,20150903,20150904,20150908,20150909,20150910,20150911,20150912,20150913,20150914,20150916,20150917,20150918,20150924,20150926,20150928,20150929 
Number is 74 
G.5.5_index_3_VS_G.5.1_index_3 [34] 
20150816,20150821,20150825,20150828,20150830,20150902,20150904,20150905,20150908,20150909,20150910,20150911,20150912,20150913,20150916,20150918,20150919,20150921,20150923,20150928,20150929,20151001,20151002 
Number is 75 
G.2.1_index_2_VS_G.1.1_index_2 [35] PLUS 1 
20150817,20150819,20150821,20150822,20150828,20150902,20150905,20150908,20150909,20150910,20150911,20150912,20150913,20150914,20150916,20150921,20150922,20150924,20150927,20150930,20151002 
Number is 76 
G.5.2_index_1_VS_G.5.6_index_2 [36] 
20150816,20150822,20150824,20150829,20150903,20150904,20150908,20150909,20150910,20150911,20150912,20150913,20150918,20150919,20150923,20150925,20150927,20151001 
Number is 77 
G.5.6_index_4_VS_G.5.5_index_3 [37] 
20150816,20150817,20150818,20150821,20150823,20150824,20150826,20150827,20150828,20150830,20150901,20150902,20150904,20150905,20150908,20150909,20150910,20150911,20150912,20150913,20150918,20150919,20150925,20150926,20150927,20150929 
Number is 78 
G.2.2_index_1_VS_G.2.2_index_3 [38] PLUS 1 
20150817,20150821,20150823,20150825,20150827,20150829,20150831,20150901,20150902,20150903,20150904,20150905,20150906,20150908,20150909,20150910,20150911,20150912,20150913,20150914,20150915,20150916,20150917,20150919,20150923,20150924,20150926,20150927,20150928,20151002 
Number is 79 
G.2.2_index_1_VS_G.1.1_index_1 [39] PLUS 1 
20150821,20150823,20150825,20150827,20150829,20150901,20150902,20150904,20150905,20150906,20150908,20150909,20150910,20150911,20150912,20150913,20150914,20150915,20150916,20150917,20150918,20150921,20150923,20150924,20150925,20150927,20150929,20150930,20151001,20151002 
Number is 80 
G.2.2_index_3_VS_G.5.3_index_3 [40] PLUS 1 
20150819,20150821,20150822,20150823,20150829,20150831,20150903,20150904,20150905,20150906,20150908,20150909,20150910,20150911,20150912,20150913,20150914,20150916,20150919,20150922,20150924,20150927,20150930,20151001,20151002 
Number is 81 
G.6.2_index_2_VS_G.7.2_index_2 [41] 
20150816,20150817,20150820,20150821,20150822,20150826,20150828,20150901,20150902,20150908,20150909,20150910,20150911,20150912,20150913,20150916,20150917,20150919,20150921,20150922,20150925,20150929,20150930,20151001,20151002 
Number is 85 
G.2.1_index_3_VS_G.5.2_index_2 [42] 
20150816,20150822,20150824,20150826,20150901,20150902,20150903,20150905,20150906,20150907,20150908,20150909,20150910,20150911,20150912,20150913,20150918,20150919,20150920,20150925,20150926,20150927,20150929 
G.4.1_index_4_VS_G.4.2_index_2 [43] 
20150818,20150831,20150901,20150903,20150908,20150909,20150910,20150911,20150912,20150913,20150915,20150925,20150930,20151002 
Number is 88 
G.2.2_index_3_VS_G.5.6_index_3 [44] 
20150816,20150817,20150819,20150820,20150823,20150825,20150827,20150829,20150831,20150904,20150908,20150909,20150910,20150911,20150912,20150913,20150915,20150918,20150926,20150927,20150928,20150929,20151001,20151002 
