======== Current: 20150917 ========= 
Number is 03 
G.DB_index_2_VS_G.4.1_index_4 [1] 
20150817,20150818,20150824,20150825,20150827,20150829,20150830,20150831,20150902,20150903,20150905,20150911,20150912,20150913,20150914,20150915,20150916,20150919,20150920,20150924,20150929,20150930 
Number is 04 
G.DB_index_2_VS_G.DB_index_5 [2] 
20150822,20150824,20150825,20150827,20150828,20150829,20150830,20150831,20150901,20150902,20150903,20150905,20150908,20150909,20150911,20150912,20150913,20150914,20150915,20150916,20150918,20150924,20150926,20150930,20151001 
Number is 06 
G.7.1_index_2_VS_G.2.1_index_1 [3] 
20150824,20150825,20150826,20150831,20150901,20150906,20150907,20150910,20150911,20150912,20150913,20150914,20150915,20150916,20150921,20150924,20150925,20150929,20150930 
Number is 23 
G.3.3_index_3_VS_G.5.1_index_2 [4] 
20150816,20150818,20150820,20150823,20150901,20150902,20150903,20150904,20150907,20150910,20150911,20150912,20150913,20150914,20150915,20150916,20150919,20150921,20150922,20150927,20150928,20151002 
Number is 25 
G.3.4_index_5_VS_G.2.2_index_3 [5] 
20150816,20150817,20150819,20150821,20150822,20150824,20150825,20150827,20150828,20150829,20150903,20150904,20150905,20150906,20150908,20150909,20150910,20150911,20150912,20150913,20150914,20150915,20150916,20150918,20150919,20150920,20150923,20150926,20150930,20151002 
Number is 28 
G.3.5_index_3_VS_G.2.2_index_1 [6] 
20150816,20150817,20150821,20150822,20150824,20150826,20150828,20150829,20150902,20150903,20150904,20150909,20150911,20150912,20150913,20150914,20150915,20150916,20150920,20150921,20150922,20150926,20150927,20150929,20151002 
Number is 29 
G.6.1_index_3_VS_G.5.6_index_3 [7] 
20150819,20150820,20150823,20150825,20150828,20150830,20150901,20150902,20150903,20150904,20150905,20150909,20150911,20150912,20150913,20150914,20150915,20150916,20150918,20150919,20150923,20150924,20150927,20150928,20151002 
Number is 34 
G.5.1_index_2_VS_G.4.4_index_4 [8] 
20150816,20150818,20150825,20150826,20150827,20150829,20150831,20150901,20150902,20150904,20150906,20150909,20150911,20150912,20150913,20150914,20150915,20150916,20150918,20150919,20150922,20150923,20150925,20150928,20150930,20151002 
Number is 38 
G.5.1_index_2_VS_G.2.1_index_2 [9] PLUS 1 
20150818,20150820,20150822,20150824,20150825,20150826,20150831,20150901,20150902,20150904,20150907,20150908,20150909,20150910,20150911,20150912,20150913,20150914,20150915,20150916,20150917,20150920,20150921,20150922,20150925,20150930,20151002 
Number is 39 
G.5.2_index_2_VS_G.4.3_index_3 [10] PLUS 1 
20150816,20150818,20150819,20150823,20150824,20150826,20150828,20150831,20150901,20150906,20150907,20150909,20150910,20150911,20150912,20150913,20150914,20150915,20150916,20150917,20150919,20150926,20150927,20150930,20151001 
Number is 40 
G.DB_index_5_VS_G.6.3_index_2 [11] 
20150818,20150820,20150823,20150826,20150831,20150903,20150905,20150909,20150911,20150912,20150913,20150914,20150915,20150916,20150918,20150920,20150922,20150925,20150926,20150929,20151001,20151002 
Number is 45 
G.5.1_index_4_VS_G.2.2_index_3 [12] 
20150816,20150821,20150823,20150826,20150827,20150829,20150903,20150904,20150906,20150909,20150911,20150912,20150913,20150914,20150915,20150916,20150918,20150919,20150920,20150923,20150927,20150928,20151001,20151002 
Number is 49 
G.DB_index_5_VS_G.6.3_index_3 [13] PLUS 1 
20150816,20150818,20150820,20150826,20150827,20150828,20150831,20150901,20150903,20150905,20150906,20150911,20150912,20150913,20150914,20150915,20150916,20150917,20150919,20150921,20150922,20150923,20150924,20150927,20150928,20150929,20150930,20151001 
Number is 51 
G.2.2_index_4_VS_G.5.4_index_1 [14] PLUS 1 
20150823,20150901,20150905,20150908,20150909,20150910,20150911,20150912,20150913,20150914,20150915,20150916,20150917,20150918,20150920,20150921,20150923,20150925,20150926,20150928,20151002 
Number is 53 
G.4.2_index_4_VS_G.4.1_index_3 [15] PLUS 1 
20150816,20150817,20150819,20150820,20150821,20150829,20150830,20150903,20150911,20150912,20150913,20150914,20150915,20150916,20150917,20150918,20150920,20150922,20150926,20150928,20150929 
Number is 54 
G.1.1_index_5_VS_G.4.2_index_2 [16] 
20150816,20150817,20150818,20150824,20150826,20150827,20150828,20150830,20150901,20150903,20150907,20150911,20150912,20150913,20150914,20150915,20150916,20150920,20150921,20150926,20150929 
Number is 57 
G.3.6_index_2_VS_G.7.1_index_1 [17] 
20150816,20150817,20150819,20150823,20150826,20150830,20150902,20150905,20150911,20150912,20150913,20150914,20150915,20150916,20150919,20150921,20150922,20150924,20150925,20150926,20150927,20150928,20150929,20150930,20151002 
Number is 62 
G.2.1_index_1_VS_G.7.3_index_2 [18] PLUS 1 
20150818,20150823,20150825,20150828,20150830,20150903,20150906,20150907,20150908,20150910,20150911,20150912,20150913,20150914,20150915,20150916,20150917,20150918,20150921,20150925,20150926,20150927,20151001 
G.3.2_index_2_VS_G.5.6_index_1 [19] PLUS 1 
20150816,20150818,20150824,20150828,20150829,20150831,20150901,20150902,20150904,20150905,20150908,20150909,20150910,20150911,20150912,20150913,20150914,20150915,20150916,20150917,20150923,20150924,20150926,20150929,20151001 
Number is 65 
G.2.1_index_1_VS_G.2.2_index_4 [20] 
20150816,20150818,20150819,20150825,20150826,20150827,20150830,20150903,20150904,20150906,20150908,20150910,20150911,20150912,20150913,20150914,20150915,20150916,20150920,20150921,20150922,20151002 
G.2.1_index_1_VS_G.4.2_index_4 [21] 
20150816,20150817,20150819,20150820,20150824,20150826,20150901,20150903,20150906,20150907,20150911,20150912,20150913,20150914,20150915,20150916,20150919,20150921,20150927,20151001,20151002 
Number is 66 
G.5.3_index_1_VS_G.2.1_index_1 [22] PLUS 1 
20150816,20150818,20150819,20150821,20150823,20150824,20150826,20150827,20150829,20150901,20150903,20150907,20150908,20150911,20150912,20150913,20150914,20150915,20150916,20150917,20150919,20150921,20150925,20150926,20150927,20150928,20151001 
Number is 70 
G.2.2_index_2_VS_G.4.2_index_3 [23] PLUS 1 
20150818,20150820,20150822,20150824,20150826,20150827,20150828,20150903,20150906,20150909,20150911,20150912,20150913,20150914,20150915,20150916,20150917,20150918,20150923,20150924,20150925,20150928,20150929,20150930 
Number is 72 
G.4.4_index_2_VS_G.5.6_index_1 [24] 
20150816,20150820,20150823,20150824,20150831,20150911,20150912,20150913,20150914,20150915,20150916,20150925,20150926,20150927,20150929 
Number is 73 
G.2.2_index_2_VS_G.3.2_index_5 [25] PLUS 1 
20150818,20150821,20150822,20150824,20150828,20150830,20150904,20150906,20150911,20150912,20150913,20150914,20150915,20150916,20150917,20150918,20150919,20150920,20150924,20150929,20150930 
Number is 78 
G.3.1_index_1_VS_G.5.1_index_3 [26] PLUS 1 
20150816,20150817,20150821,20150824,20150829,20150830,20150901,20150903,20150904,20150907,20150908,20150910,20150911,20150912,20150913,20150914,20150915,20150916,20150917,20150918,20150920,20150921,20150925,20150926,20150927,20150930,20151001,20151002 
Number is 79 
G.3.1_index_5_VS_G.4.3_index_3 [27] PLUS 1 
20150816,20150819,20150822,20150824,20150825,20150827,20150830,20150831,20150904,20150905,20150906,20150908,20150909,20150910,20150911,20150912,20150913,20150914,20150915,20150916,20150917,20150919,20150920,20150922,20150927,20150928,20151001,20151002 
G.7.2_index_1_VS_G.4.3_index_3 [28] PLUS 1 
20150816,20150818,20150820,20150823,20150827,20150829,20150830,20150905,20150907,20150909,20150910,20150911,20150912,20150913,20150914,20150915,20150916,20150917,20150918,20150923,20150925,20150926 
Number is 80 
G.5.4_index_3_VS_G.DB_index_2 [29] 
20150816,20150821,20150823,20150825,20150826,20150828,20150830,20150831,20150901,20150902,20150904,20150906,20150907,20150908,20150910,20150911,20150912,20150913,20150914,20150915,20150916,20150920,20150921,20150925,20150926,20150927,20150929,20151001 
Number is 81 
G.2.2_index_1_VS_G.6.2_index_2 [30] 
20150817,20150819,20150821,20150825,20150826,20150830,20150831,20150901,20150902,20150906,20150911,20150912,20150913,20150914,20150915,20150916,20150920,20150921,20150922,20150923,20150924,20150925,20150926,20150927,20150929,20151001 
Number is 83 
G.3.2_index_4_VS_G.5.2_index_2 [31] PLUS 1 
20150816,20150821,20150825,20150826,20150827,20150830,20150902,20150906,20150907,20150909,20150911,20150912,20150913,20150914,20150915,20150916,20150917,20150918,20150920,20150921,20150924,20150925,20150927,20150929,20151002 
Number is 84 
G.3.6_index_5_VS_G.4.2_index_2 [32] 
20150819,20150823,20150824,20150825,20150826,20150828,20150905,20150908,20150910,20150911,20150912,20150913,20150914,20150915,20150916,20150921,20150929,20150930 
Number is 85 
G.2.2_index_1_VS_G.2.2_index_3 [33] PLUS 1 
20150817,20150821,20150823,20150825,20150827,20150829,20150831,20150901,20150902,20150903,20150904,20150905,20150906,20150908,20150909,20150910,20150911,20150912,20150913,20150914,20150915,20150916,20150917,20150919,20150923,20150924,20150926,20150927,20150928,20151002 
Number is 87 
G.2.2_index_1_VS_G.1.1_index_1 [34] PLUS 1 
20150821,20150823,20150825,20150827,20150829,20150901,20150902,20150904,20150905,20150906,20150908,20150909,20150910,20150911,20150912,20150913,20150914,20150915,20150916,20150917,20150918,20150921,20150923,20150924,20150925,20150927,20150929,20150930,20151001,20151002 
Number is 88 
G.5.2_index_1_VS_G.1.1_index_2 [35] 
20150817,20150820,20150822,20150823,20150826,20150827,20150831,20150901,20150902,20150905,20150906,20150907,20150909,20150910,20150911,20150912,20150913,20150914,20150915,20150916,20150919,20150921,20150923 
G.1.1_index_2_VS_G.5.5_index_3 [36] 
20150818,20150820,20150821,20150824,20150825,20150830,20150902,20150903,20150904,20150905,20150911,20150912,20150913,20150914,20150915,20150916,20150920,20150921,20151002 
Number is 89 
G.4.1_index_1_VS_G.5.3_index_4 [37] 
20150816,20150821,20150822,20150823,20150824,20150826,20150829,20150830,20150901,20150904,20150911,20150912,20150913,20150914,20150915,20150916,20150919,20150924,20150930 
G.4.1_index_1_VS_G.4.3_index_3 [38] 
20150822,20150824,20150827,20150828,20150829,20150903,20150910,20150911,20150912,20150913,20150914,20150915,20150916,20150919,20150922,20150927,20150928 
Number is 96 
G.5.6_index_3_VS_G.6.3_index_1 [39] PLUS 1 
20150817,20150819,20150820,20150824,20150825,20150830,20150905,20150911,20150912,20150913,20150914,20150915,20150916,20150917,20150921,20150926,20150927,20150929 
G.5.6_index_3_VS_G.3.2_index_2 [40] PLUS 1 
20150816,20150818,20150820,20150823,20150824,20150828,20150902,20150904,20150905,20150908,20150911,20150912,20150913,20150914,20150915,20150916,20150917,20150918,20150922,20150926 
G.4.3_index_3_VS_G.3.2_index_2 [41] PLUS 1 
20150816,20150818,20150820,20150822,20150824,20150825,20150828,20150830,20150831,20150901,20150902,20150903,20150904,20150907,20150911,20150912,20150913,20150914,20150915,20150916,20150917,20150926,20150928,20151001 
Number is 97 
G.4.3_index_3_VS_G.4.4_index_2 [42] PLUS 1 
20150816,20150818,20150820,20150822,20150823,20150824,20150826,20150831,20150901,20150903,20150904,20150907,20150908,20150910,20150911,20150912,20150913,20150914,20150915,20150916,20150917,20150918,20150919,20150922,20150923,20150926,20150927 
Number is 99 
G.4.3_index_3_VS_G.6.2_index_3 [43] 
20150816,20150818,20150822,20150823,20150824,20150828,20150901,20150904,20150907,20150911,20150912,20150913,20150914,20150915,20150916,20150922,20150923,20150924,20150926,20150927,20150928,20150929 
