======== Current: 20150918 ========= 
Number is 01 
G.3.6_index_2_VS_G.5.1_index_3 [1] 
20150816,20150817,20150821,20150823,20150828,20150830,20150902,20150903,20150907,20150910,20150912,20150913,20150914,20150915,20150916,20150917,20150920,20150921,20150922,20150923,20150925,20150926,20150927,20150928,20150930,20151001,20151002 
Number is 04 
G.2.1_index_1_VS_G.7.3_index_2 [2] PLUS 1 
20150818,20150823,20150825,20150828,20150830,20150903,20150906,20150907,20150908,20150910,20150911,20150912,20150913,20150914,20150915,20150916,20150917,20150918,20150921,20150925,20150926,20150927,20151001 
G.5.2_index_3_VS_G.7.3_index_1 [3] PLUS 1 
20150817,20150819,20150820,20150823,20150827,20150830,20150902,20150903,20150906,20150907,20150908,20150909,20150910,20150912,20150913,20150914,20150915,20150916,20150917,20150918,20150924,20150926,20150930 
Number is 07 
G.3.6_index_2_VS_G.5.3_index_2 [4] 
20150816,20150817,20150818,20150825,20150826,20150830,20150904,20150908,20150909,20150912,20150913,20150914,20150915,20150916,20150917,20150919,20150921,20150922,20150924,20150926,20150927,20150928,20150929,20151001,20151002 
Number is 10 
G.7.1_index_1_VS_G.6.1_index_1 [5] 
20150820,20150821,20150823,20150825,20150831,20150901,20150902,20150904,20150905,20150907,20150908,20150909,20150912,20150913,20150914,20150915,20150916,20150917,20150919,20150921,20150922,20150924,20150925,20150926,20150929,20150930 
G.5.3_index_1_VS_G.2.1_index_1 [6] 
20150816,20150818,20150819,20150821,20150823,20150824,20150826,20150827,20150829,20150901,20150903,20150907,20150908,20150911,20150912,20150913,20150914,20150915,20150916,20150917,20150919,20150921,20150925,20150926,20150927,20150928,20151001 
Number is 12 
G.7.4_index_1_VS_G.6.3_index_2 [7] PLUS 1 
20150816,20150818,20150821,20150822,20150824,20150826,20150901,20150902,20150903,20150905,20150906,20150912,20150913,20150914,20150915,20150916,20150917,20150918,20150920,20150927,20150929 
Number is 15 
G.3.3_index_4_VS_G.4.4_index_2 [8] 
20150817,20150821,20150826,20150827,20150830,20150901,20150903,20150904,20150906,20150910,20150912,20150913,20150914,20150915,20150916,20150917,20150919,20150925,20150926,20151001,20151002 
Number is 19 
G.2.2_index_4_VS_G.5.4_index_1 [9] PLUS 1 
20150823,20150901,20150905,20150908,20150909,20150910,20150911,20150912,20150913,20150914,20150915,20150916,20150917,20150918,20150920,20150921,20150923,20150925,20150926,20150928,20151002 
Number is 41 
G.2.2_index_1_VS_G.1.1_index_1 [10] PLUS 1 
20150821,20150823,20150825,20150827,20150829,20150901,20150902,20150904,20150905,20150906,20150908,20150909,20150910,20150911,20150912,20150913,20150914,20150915,20150916,20150917,20150918,20150921,20150923,20150924,20150925,20150927,20150929,20150930,20151001,20151002 
Number is 46 
G.5.2_index_2_VS_G.6.3_index_1 [11] 
20150816,20150817,20150820,20150824,20150825,20150827,20150831,20150907,20150910,20150912,20150913,20150914,20150915,20150916,20150917,20150919,20150921,20150923,20150924,20150926,20150928,20150929 
G.DB_index_5_VS_G.6.3_index_3 [12] 
20150816,20150818,20150820,20150826,20150827,20150828,20150831,20150901,20150903,20150905,20150906,20150911,20150912,20150913,20150914,20150915,20150916,20150917,20150919,20150921,20150922,20150923,20150924,20150927,20150928,20150929,20150930,20151001 
Number is 47 
G.2.2_index_1_VS_G.2.2_index_3 [13] 
20150817,20150821,20150823,20150825,20150827,20150829,20150831,20150901,20150902,20150903,20150904,20150905,20150906,20150908,20150909,20150910,20150911,20150912,20150913,20150914,20150915,20150916,20150917,20150919,20150923,20150924,20150926,20150927,20150928,20151002 
Number is 48 
G.5.2_index_2_VS_G.4.3_index_3 [14] 
20150816,20150818,20150819,20150823,20150824,20150826,20150828,20150831,20150901,20150906,20150907,20150909,20150910,20150911,20150912,20150913,20150914,20150915,20150916,20150917,20150919,20150926,20150927,20150930,20151001 
Number is 51 
G.3.2_index_1_VS_G.7.1_index_1 [15] 
20150816,20150820,20150821,20150822,20150823,20150901,20150905,20150909,20150912,20150913,20150914,20150915,20150916,20150917,20150921,20150928,20150930 
Number is 52 
G.1.1_index_3_VS_G.1.1_index_5 [16] 
20150818,20150822,20150824,20150825,20150826,20150902,20150903,20150905,20150909,20150912,20150913,20150914,20150915,20150916,20150917,20150923,20150924,20150926,20150930,20151002 
Number is 53 
G.2.2_index_2_VS_G.3.2_index_5 [17] PLUS 1 
20150818,20150821,20150822,20150824,20150828,20150830,20150904,20150906,20150911,20150912,20150913,20150914,20150915,20150916,20150917,20150918,20150919,20150920,20150924,20150929,20150930 
G.2.2_index_2_VS_G.4.2_index_3 [18] PLUS 1 
20150818,20150820,20150822,20150824,20150826,20150827,20150828,20150903,20150906,20150909,20150911,20150912,20150913,20150914,20150915,20150916,20150917,20150918,20150923,20150924,20150925,20150928,20150929,20150930 
Number is 54 
G.3.2_index_4_VS_G.5.2_index_2 [19] PLUS 1 
20150816,20150821,20150825,20150826,20150827,20150830,20150902,20150906,20150907,20150909,20150911,20150912,20150913,20150914,20150915,20150916,20150917,20150918,20150920,20150921,20150924,20150925,20150927,20150929,20151002 
Number is 56 
G.5.6_index_3_VS_G.6.3_index_1 [20] 
20150817,20150819,20150820,20150824,20150825,20150830,20150905,20150911,20150912,20150913,20150914,20150915,20150916,20150917,20150921,20150926,20150927,20150929 
Number is 58 
G.5.6_index_3_VS_G.3.2_index_2 [21] PLUS 1 
20150816,20150818,20150820,20150823,20150824,20150828,20150902,20150904,20150905,20150908,20150911,20150912,20150913,20150914,20150915,20150916,20150917,20150918,20150922,20150926 
Number is 59 
G.2.2_index_2_VS_G.2.1_index_4 [22] 
20150816,20150817,20150821,20150822,20150823,20150830,20150831,20150902,20150910,20150912,20150913,20150914,20150915,20150916,20150917,20150920,20150923,20150924,20150926,20150929,20150930,20151002 
Number is 78 
G.7.2_index_1_VS_G.4.3_index_3 [23] PLUS 1 
20150816,20150818,20150820,20150823,20150827,20150829,20150830,20150905,20150907,20150909,20150910,20150911,20150912,20150913,20150914,20150915,20150916,20150917,20150918,20150923,20150925,20150926 
Number is 82 
G.3.2_index_2_VS_G.5.6_index_1 [24] 
20150816,20150818,20150824,20150828,20150829,20150831,20150901,20150902,20150904,20150905,20150908,20150909,20150910,20150911,20150912,20150913,20150914,20150915,20150916,20150917,20150923,20150924,20150926,20150929,20151001 
Number is 85 
G.4.3_index_3_VS_G.4.4_index_2 [25] PLUS 1 
20150816,20150818,20150820,20150822,20150823,20150824,20150826,20150831,20150901,20150903,20150904,20150907,20150908,20150910,20150911,20150912,20150913,20150914,20150915,20150916,20150917,20150918,20150919,20150922,20150923,20150926,20150927 
Number is 88 
G.4.3_index_3_VS_G.3.2_index_2 [26] 
20150816,20150818,20150820,20150822,20150824,20150825,20150828,20150830,20150831,20150901,20150902,20150903,20150904,20150907,20150911,20150912,20150913,20150914,20150915,20150916,20150917,20150926,20150928,20151001 
Number is 91 
G.3.1_index_1_VS_G.5.1_index_3 [27] PLUS 1 
20150816,20150817,20150821,20150824,20150829,20150830,20150901,20150903,20150904,20150907,20150908,20150910,20150911,20150912,20150913,20150914,20150915,20150916,20150917,20150918,20150920,20150921,20150925,20150926,20150927,20150930,20151001,20151002 
Number is 93 
G.3.3_index_2_VS_G.DB_index_2 [28] 
20150817,20150825,20150826,20150829,20150830,20150901,20150905,20150907,20150908,20150910,20150912,20150913,20150914,20150915,20150916,20150917,20150919,20150929,20150930,20151002 
Number is 95 
G.3.6_index_4_VS_G.2.2_index_2 [29] 
20150818,20150820,20150822,20150824,20150825,20150826,20150827,20150828,20150830,20150901,20150906,20150912,20150913,20150914,20150915,20150916,20150917,20150919,20150920,20150921,20150924,20150926,20150929,20151001 
Number is 97 
G.4.2_index_4_VS_G.4.1_index_3 [30] PLUS 1 
20150816,20150817,20150819,20150820,20150821,20150829,20150830,20150903,20150911,20150912,20150913,20150914,20150915,20150916,20150917,20150918,20150920,20150922,20150926,20150928,20150929 
Number is 98 
G.5.1_index_2_VS_G.2.1_index_2 [31] 
20150818,20150820,20150822,20150824,20150825,20150826,20150831,20150901,20150902,20150904,20150907,20150908,20150909,20150910,20150911,20150912,20150913,20150914,20150915,20150916,20150917,20150920,20150921,20150922,20150925,20150930,20151002 
G.3.1_index_5_VS_G.4.3_index_3 [32] 
20150816,20150819,20150822,20150824,20150825,20150827,20150830,20150831,20150904,20150905,20150906,20150908,20150909,20150910,20150911,20150912,20150913,20150914,20150915,20150916,20150917,20150919,20150920,20150922,20150927,20150928,20151001,20151002 
