======== Current: 20150919 ========= 
Number is 00 
G.5.6_index_4_VS_G.3.5_index_3 [1] PLUS 1 
20150818,20150820,20150821,20150822,20150831,20150903,20150904,20150906,20150907,20150908,20150909,20150911,20150913,20150914,20150915,20150916,20150917,20150918,20150919,20150921,20150922,20150923,20150925,20150927,20150929 
Number is 07 
G.2.2_index_4_VS_G.5.4_index_1 [2] 
20150823,20150901,20150905,20150908,20150909,20150910,20150911,20150912,20150913,20150914,20150915,20150916,20150917,20150918,20150920,20150921,20150923,20150925,20150926,20150928,20151002 
G.5.6_index_4_VS_G.5.4_index_1 [3] 
20150821,20150823,20150824,20150825,20150827,20150829,20150904,20150905,20150908,20150913,20150914,20150915,20150916,20150917,20150918,20150920,20150926,20150927,20150929,20151002 
Number is 11 
G.2.2_index_1_VS_G.1.1_index_1 [4] 
20150821,20150823,20150825,20150827,20150829,20150901,20150902,20150904,20150905,20150906,20150908,20150909,20150910,20150911,20150912,20150913,20150914,20150915,20150916,20150917,20150918,20150921,20150923,20150924,20150925,20150927,20150929,20150930,20151001,20151002 
Number is 14 
G.5.4_index_3_VS_G.7.2_index_1 [5] PLUS 1 
20150818,20150821,20150823,20150827,20150902,20150905,20150906,20150908,20150910,20150911,20150913,20150914,20150915,20150916,20150917,20150918,20150919,20150920,20150924,20150926,20150929 
Number is 26 
G.3.1_index_1_VS_G.5.1_index_3 [6] 
20150816,20150817,20150821,20150824,20150829,20150830,20150901,20150903,20150904,20150907,20150908,20150910,20150911,20150912,20150913,20150914,20150915,20150916,20150917,20150918,20150920,20150921,20150925,20150926,20150927,20150930,20151001,20151002 
Number is 30 
G.5.3_index_1_VS_G.4.3_index_1 [7] 
20150818,20150819,20150820,20150821,20150824,20150826,20150827,20150829,20150903,20150908,20150910,20150911,20150913,20150914,20150915,20150916,20150917,20150918,20150925,20150927,20151001 
Number is 36 
G.4.2_index_4_VS_G.4.1_index_3 [8] 
20150816,20150817,20150819,20150820,20150821,20150829,20150830,20150903,20150911,20150912,20150913,20150914,20150915,20150916,20150917,20150918,20150920,20150922,20150926,20150928,20150929 
Number is 45 
G.4.2_index_3_VS_G.7.4_index_1 [9] 
20150819,20150820,20150822,20150823,20150824,20150826,20150827,20150828,20150901,20150902,20150904,20150905,20150906,20150908,20150911,20150913,20150914,20150915,20150916,20150917,20150918,20150921,20150922,20150923,20150925,20150927,20150929 
G.3.2_index_4_VS_G.5.2_index_2 [10] 
20150816,20150821,20150825,20150826,20150827,20150830,20150902,20150906,20150907,20150909,20150911,20150912,20150913,20150914,20150915,20150916,20150917,20150918,20150920,20150921,20150924,20150925,20150927,20150929,20151002 
Number is 47 
G.5.6_index_3_VS_G.3.2_index_2 [11] 
20150816,20150818,20150820,20150823,20150824,20150828,20150902,20150904,20150905,20150908,20150911,20150912,20150913,20150914,20150915,20150916,20150917,20150918,20150922,20150926 
G.7.2_index_1_VS_G.4.3_index_3 [12] 
20150816,20150818,20150820,20150823,20150827,20150829,20150830,20150905,20150907,20150909,20150910,20150911,20150912,20150913,20150914,20150915,20150916,20150917,20150918,20150923,20150925,20150926 
Number is 49 
G.2.1_index_1_VS_G.7.3_index_2 [13] 
20150818,20150823,20150825,20150828,20150830,20150903,20150906,20150907,20150908,20150910,20150911,20150912,20150913,20150914,20150915,20150916,20150917,20150918,20150921,20150925,20150926,20150927,20151001 
Number is 52 
G.7.4_index_1_VS_G.6.3_index_2 [14] 
20150816,20150818,20150821,20150822,20150824,20150826,20150901,20150902,20150903,20150905,20150906,20150912,20150913,20150914,20150915,20150916,20150917,20150918,20150920,20150927,20150929 
Number is 58 
G.3.5_index_5_VS_G.2.2_index_2 [15] PLUS 1 
20150821,20150822,20150823,20150827,20150828,20150830,20150901,20150905,20150907,20150908,20150913,20150914,20150915,20150916,20150917,20150918,20150919,20150924,20150925,20150929 
G.5.2_index_4_VS_G.5.3_index_2 [16] PLUS 1 
20150816,20150823,20150825,20150828,20150903,20150904,20150905,20150910,20150911,20150913,20150914,20150915,20150916,20150917,20150918,20150919,20150921,20150923,20150924,20150925,20150927,20151002 
Number is 68 
G.3.5_index_1_VS_G.5.5_index_4 [17] PLUS 1 
20150824,20150826,20150827,20150828,20150830,20150905,20150910,20150913,20150914,20150915,20150916,20150917,20150918,20150919,20150923,20150924,20150927,20151001,20151002 
Number is 73 
G.4.3_index_3_VS_G.4.4_index_2 [18] PLUS 1 
20150816,20150818,20150820,20150822,20150823,20150824,20150826,20150831,20150901,20150903,20150904,20150907,20150908,20150910,20150911,20150912,20150913,20150914,20150915,20150916,20150917,20150918,20150919,20150922,20150923,20150926,20150927 
Number is 74 
G.3.4_index_3_VS_G.3.2_index_4 [19] 
20150821,20150822,20150826,20150830,20150902,20150905,20150907,20150909,20150910,20150913,20150914,20150915,20150916,20150917,20150918,20150920,20150921,20150927,20150929,20151002 
Number is 76 
G.7.4_index_2_VS_G.5.1_index_3 [20] 
20150816,20150818,20150819,20150820,20150821,20150826,20150830,20150906,20150907,20150913,20150914,20150915,20150916,20150917,20150918,20150921,20150925,20150926,20150928,20150929,20150930,20151001,20151002 
Number is 77 
G.3.6_index_2_VS_G.3.4_index_3 [21] 
20150816,20150817,20150818,20150820,20150821,20150823,20150826,20150827,20150901,20150902,20150904,20150905,20150908,20150909,20150910,20150913,20150914,20150915,20150916,20150917,20150918,20150920,20150921,20150924,20150925,20150926,20150927,20150928,20150929,20151001 
G.5.2_index_3_VS_G.7.3_index_1 [22] 
20150817,20150819,20150820,20150823,20150827,20150830,20150902,20150903,20150906,20150907,20150908,20150909,20150910,20150912,20150913,20150914,20150915,20150916,20150917,20150918,20150924,20150926,20150930 
Number is 78 
G.3.2_index_2_VS_G.3.1_index_3 [23] PLUS 1 
20150816,20150818,20150819,20150820,20150823,20150827,20150829,20150831,20150901,20150903,20150904,20150910,20150911,20150913,20150914,20150915,20150916,20150917,20150918,20150919,20150923,20151001,20151002 
Number is 83 
G.2.2_index_2_VS_G.3.2_index_5 [24] PLUS 1 
20150818,20150821,20150822,20150824,20150828,20150830,20150904,20150906,20150911,20150912,20150913,20150914,20150915,20150916,20150917,20150918,20150919,20150920,20150924,20150929,20150930 
Number is 84 
G.2.2_index_2_VS_G.4.2_index_3 [25] 
20150818,20150820,20150822,20150824,20150826,20150827,20150828,20150903,20150906,20150909,20150911,20150912,20150913,20150914,20150915,20150916,20150917,20150918,20150923,20150924,20150925,20150928,20150929,20150930 
Number is 93 
G.7.3_index_2_VS_G.5.3_index_1 [26] PLUS 1 
20150818,20150821,20150822,20150901,20150902,20150904,20150905,20150910,20150913,20150914,20150915,20150916,20150917,20150918,20150919,20150926,20150927,20151001 
