======== Current: 20150920 ========= 
Number is 00 
G.5.2_index_2_VS_G.2.2_index_4 [1] 
20150816,20150817,20150818,20150819,20150820,20150821,20150826,20150827,20150901,20150902,20150906,20150909,20150910,20150912,20150914,20150915,20150916,20150917,20150918,20150919,20150923,20150924,20150925,20150930,20151001,20151002 
Number is 01 
G.DB_index_3_VS_G.4.1_index_3 [2] 
20150817,20150818,20150819,20150820,20150822,20150825,20150826,20150827,20150828,20150829,20150830,20150903,20150904,20150912,20150914,20150915,20150916,20150917,20150918,20150919,20150921,20150922,20150923,20150924,20150929,20151001 
Number is 07 
G.5.2_index_3_VS_G.7.3_index_2 [3] PLUS 1 
20150816,20150821,20150823,20150828,20150829,20150830,20150904,20150905,20150909,20150910,20150911,20150914,20150915,20150916,20150917,20150918,20150919,20150920,20150926,20151001 
Number is 08 
G.5.2_index_2_VS_G.3.1_index_2 [4] 
20150816,20150820,20150822,20150825,20150829,20150831,20150902,20150903,20150904,20150909,20150910,20150911,20150912,20150914,20150915,20150916,20150917,20150918,20150919,20150921,20150927,20150928,20151001,20151002 
Number is 09 
G.5.2_index_2_VS_G.5.3_index_4 [5] 
20150817,20150822,20150823,20150824,20150825,20150830,20150902,20150903,20150907,20150909,20150911,20150912,20150914,20150915,20150916,20150917,20150918,20150919,20150922,20150925,20150930,20151001,20151002 
G.4.4_index_2_VS_G.5.3_index_4 [6] 
20150817,20150819,20150820,20150821,20150823,20150824,20150830,20150901,20150907,20150911,20150914,20150915,20150916,20150917,20150918,20150919,20150921,20150924,20151001,20151002 
Number is 16 
G.5.6_index_4_VS_G.3.5_index_3 [7] 
20150818,20150820,20150821,20150822,20150831,20150903,20150904,20150906,20150907,20150908,20150909,20150911,20150913,20150914,20150915,20150916,20150917,20150918,20150919,20150921,20150922,20150923,20150925,20150927,20150929 
Number is 18 
G.2.2_index_2_VS_G.3.2_index_5 [8] PLUS 1 
20150818,20150821,20150822,20150824,20150828,20150830,20150904,20150906,20150911,20150912,20150913,20150914,20150915,20150916,20150917,20150918,20150919,20150920,20150924,20150929,20150930 
Number is 21 
G.2.1_index_2_VS_G.4.1_index_3 [9] PLUS 1 
20150816,20150819,20150822,20150828,20150829,20150831,20150902,20150906,20150910,20150911,20150914,20150915,20150916,20150917,20150918,20150919,20150920,20150926,20150929,20150930 
Number is 30 
G.4.3_index_3_VS_G.4.4_index_2 [10] 
20150816,20150818,20150820,20150822,20150823,20150824,20150826,20150831,20150901,20150903,20150904,20150907,20150908,20150910,20150911,20150912,20150913,20150914,20150915,20150916,20150917,20150918,20150919,20150922,20150923,20150926,20150927 
Number is 35 
G.3.5_index_4_VS_G.5.4_index_1 [11] PLUS 1 
20150820,20150826,20150901,20150902,20150904,20150906,20150908,20150909,20150914,20150915,20150916,20150917,20150918,20150919,20150920,20150921,20150922,20150924,20150927,20150930,20151002 
Number is 37 
G.2.2_index_1_VS_G.7.2_index_2 [12] 
20150819,20150820,20150823,20150825,20150828,20150902,20150909,20150911,20150912,20150914,20150915,20150916,20150917,20150918,20150919,20150921,20150922,20150929 
Number is 39 
G.7.4_index_2_VS_G.7.1_index_1 [13] 
20150816,20150818,20150820,20150821,20150824,20150826,20150827,20150901,20150904,20150906,20150907,20150911,20150914,20150915,20150916,20150917,20150918,20150919,20150921,20150922,20150923,20150925,20150929,20150930 
Number is 41 
G.3.5_index_5_VS_G.2.2_index_2 [14] 
20150821,20150822,20150823,20150827,20150828,20150830,20150901,20150905,20150907,20150908,20150913,20150914,20150915,20150916,20150917,20150918,20150919,20150924,20150925,20150929 
Number is 44 
G.3.2_index_2_VS_G.3.1_index_3 [15] 
20150816,20150818,20150819,20150820,20150823,20150827,20150829,20150831,20150901,20150903,20150904,20150910,20150911,20150913,20150914,20150915,20150916,20150917,20150918,20150919,20150923,20151001,20151002 
Number is 48 
G.4.1_index_2_VS_G.1.1_index_3 [16] PLUS 1 
20150816,20150818,20150820,20150821,20150822,20150827,20150828,20150901,20150905,20150909,20150914,20150915,20150916,20150917,20150918,20150919,20150920,20150922,20150923,20150924,20150926,20150930,20151002 
Number is 52 
G.3.3_index_5_VS_G.4.2_index_1 [17] 
20150816,20150821,20150822,20150831,20150903,20150904,20150905,20150907,20150908,20150910,20150912,20150914,20150915,20150916,20150917,20150918,20150919,20150924,20150930,20151002 
Number is 66 
G.3.5_index_1_VS_G.5.5_index_4 [18] 
20150824,20150826,20150827,20150828,20150830,20150905,20150910,20150913,20150914,20150915,20150916,20150917,20150918,20150919,20150923,20150924,20150927,20151001,20151002 
Number is 67 
G.5.5_index_2_VS_G.3.4_index_2 [19] 
20150816,20150819,20150821,20150828,20150829,20150831,20150901,20150903,20150907,20150909,20150914,20150915,20150916,20150917,20150918,20150919,20150921,20150926,20150927,20151001 
Number is 71 
G.5.4_index_3_VS_G.7.2_index_1 [20] PLUS 1 
20150818,20150821,20150823,20150827,20150902,20150905,20150906,20150908,20150910,20150911,20150913,20150914,20150915,20150916,20150917,20150918,20150919,20150920,20150924,20150926,20150929 
G.7.3_index_2_VS_G.5.6_index_4 [21] PLUS 1 
20150816,20150819,20150821,20150824,20150825,20150826,20150827,20150828,20150903,20150905,20150906,20150907,20150910,20150914,20150915,20150916,20150917,20150918,20150919,20150920,20150927 
Number is 73 
G.7.3_index_2_VS_G.5.3_index_1 [22] 
20150818,20150821,20150822,20150901,20150902,20150904,20150905,20150910,20150913,20150914,20150915,20150916,20150917,20150918,20150919,20150926,20150927,20151001 
Number is 84 
G.5.5_index_1_VS_G.3.5_index_5 [23] PLUS 1 
20150822,20150825,20150828,20150830,20150831,20150901,20150904,20150905,20150906,20150908,20150910,20150912,20150914,20150915,20150916,20150917,20150918,20150919,20150920,20150924,20150927,20150928,20150930 
Number is 85 
G.6.3_index_1_VS_G.4.1_index_4 [24] 
20150816,20150817,20150818,20150819,20150825,20150827,20150829,20150830,20150831,20150903,20150905,20150906,20150907,20150908,20150909,20150910,20150911,20150914,20150915,20150916,20150917,20150918,20150919,20150922,20151002 
G.5.5_index_1_VS_G.3.3_index_5 [25] 
20150818,20150827,20150902,20150903,20150907,20150908,20150909,20150912,20150914,20150915,20150916,20150917,20150918,20150919,20150922,20150924,20150928,20150930,20151002 
Number is 86 
G.5.2_index_4_VS_G.5.3_index_2 [26] 
20150816,20150823,20150825,20150828,20150903,20150904,20150905,20150910,20150911,20150913,20150914,20150915,20150916,20150917,20150918,20150919,20150921,20150923,20150924,20150925,20150927,20151002 
G.6.3_index_1_VS_G.5.1_index_2 [27] 
20150819,20150822,20150824,20150825,20150827,20150831,20150904,20150905,20150906,20150907,20150908,20150909,20150910,20150914,20150915,20150916,20150917,20150918,20150919,20150923,20150926,20150927,20150928,20150929 
