======== Current: 20150923 ========= 
Number is 13 
G.7.3_index_1_VS_G.3.5_index_5 [1] 
20150816,20150818,20150819,20150821,20150826,20150829,20150901,20150903,20150906,20150907,20150911,20150912,20150917,20150918,20150919,20150920,20150921,20150922,20150924,20150926 
Number is 15 
G.5.3_index_1_VS_G.5.5_index_2 [2] 
20150818,20150821,20150824,20150826,20150901,20150902,20150903,20150907,20150909,20150915,20150916,20150917,20150918,20150919,20150920,20150921,20150922,20150925,20150926,20150927,20151001 
Number is 21 
G.3.5_index_4_VS_G.2.1_index_4 [3] PLUS 1 
20150818,20150822,20150823,20150824,20150825,20150827,20150830,20150901,20150903,20150906,20150907,20150913,20150917,20150918,20150919,20150920,20150921,20150922,20150923,20150924,20150927,20150929,20151001 
Number is 23 
G.3.4_index_3_VS_G.7.2_index_2 [4] 
20150816,20150817,20150820,20150821,20150822,20150826,20150830,20150902,20150903,20150907,20150908,20150909,20150910,20150913,20150914,20150917,20150918,20150919,20150920,20150921,20150922,20150924,20150925,20150926,20150929,20151001,20151002 
Number is 24 
G.3.5_index_4_VS_G.5.4_index_1 [5] 
20150820,20150826,20150901,20150902,20150904,20150906,20150908,20150909,20150914,20150915,20150916,20150917,20150918,20150919,20150920,20150921,20150922,20150924,20150927,20150930,20151002 
Number is 28 
G.3.2_index_5_VS_G.1.1_index_1 [6] 
20150817,20150818,20150820,20150821,20150824,20150827,20150828,20150829,20150901,20150904,20150905,20150908,20150909,20150912,20150917,20150918,20150919,20150920,20150921,20150922,20150924,20150927,20150929,20150930,20151002 
Number is 35 
G.DB_index_4_VS_G.3.1_index_4 [7] PLUS 1 
20150816,20150817,20150818,20150820,20150822,20150827,20150831,20150902,20150903,20150906,20150908,20150915,20150917,20150918,20150919,20150920,20150921,20150922,20150923,20150927,20150928,20150930,20151001 
Number is 39 
G.5.1_index_1_VS_G.5.6_index_4 [8] 
20150816,20150819,20150821,20150822,20150823,20150826,20150829,20150903,20150906,20150907,20150908,20150914,20150917,20150918,20150919,20150920,20150921,20150922,20150925,20150927 
Number is 40 
G.5.2_index_4_VS_G.5.1_index_4 [9] 
20150823,20150824,20150827,20150901,20150904,20150905,20150906,20150907,20150908,20150909,20150910,20150911,20150915,20150916,20150917,20150918,20150919,20150920,20150921,20150922,20150925,20150927,20150928,20150929 
Number is 53 
G.6.3_index_3_VS_G.DB_index_4 [10] PLUS 1 
20150818,20150819,20150820,20150821,20150822,20150829,20150830,20150831,20150902,20150905,20150909,20150913,20150914,20150917,20150918,20150919,20150920,20150921,20150922,20150923,20150924,20150926,20150927,20150930,20151001 
Number is 55 
G.3.1_index_4_VS_G.3.3_index_5 [11] 
20150817,20150819,20150822,20150828,20150831,20150903,20150904,20150905,20150907,20150908,20150910,20150912,20150917,20150918,20150919,20150920,20150921,20150922,20150929,20150930 
Number is 60 
G.5.2_index_3_VS_G.3.1_index_3 [12] 
20150821,20150824,20150829,20150831,20150901,20150902,20150905,20150907,20150909,20150910,20150913,20150914,20150917,20150918,20150919,20150920,20150921,20150922,20150924,20150925,20150929,20151001 
Number is 63 
G.5.2_index_3_VS_G.3.6_index_3 [13] 
20150816,20150817,20150818,20150823,20150829,20150830,20150902,20150903,20150905,20150907,20150911,20150916,20150917,20150918,20150919,20150920,20150921,20150922,20150925,20150930,20151001 
Number is 88 
G.1.1_index_1_VS_G.4.4_index_3 [14] 
20150816,20150817,20150818,20150821,20150823,20150828,20150829,20150830,20150902,20150903,20150904,20150906,20150909,20150910,20150911,20150913,20150916,20150917,20150918,20150919,20150920,20150921,20150922,20150924,20150925,20150927,20150928,20151001,20151002 
Number is 91 
G.3.1_index_5_VS_G.5.1_index_3 [15] PLUS 1 
20150821,20150822,20150823,20150824,20150825,20150826,20150829,20150902,20150906,20150907,20150908,20150909,20150910,20150911,20150913,20150914,20150917,20150918,20150919,20150920,20150921,20150922,20150923,20150924,20150927,20150928,20150930,20151001 
Number is 92 
G.7.1_index_1_VS_G.3.2_index_5 [16] 
20150817,20150819,20150821,20150822,20150824,20150825,20150828,20150830,20150902,20150904,20150905,20150907,20150910,20150911,20150912,20150914,20150916,20150917,20150918,20150919,20150920,20150921,20150922,20150924,20150927,20150930 
