======== Current: 20150926 ========= 
Number is 12 
G.2.2_index_1_VS_G.6.2_index_2 [1] PLUS 1 
20150817,20150819,20150821,20150825,20150826,20150830,20150831,20150901,20150902,20150906,20150911,20150912,20150913,20150914,20150915,20150916,20150920,20150921,20150922,20150923,20150924,20150925,20150926,20150927,20150929,20151001 
Number is 13 
G.2.2_index_1_VS_G.2.1_index_4 [2] 
20150816,20150823,20150825,20150827,20150828,20150830,20150905,20150908,20150909,20150910,20150911,20150913,20150915,20150920,20150921,20150922,20150923,20150924,20150925,20150927,20150928,20150929,20151001 
Number is 15 
G.2.1_index_5_VS_G.6.1_index_1 [3] PLUS 1 
20150820,20150821,20150822,20150823,20150825,20150827,20150829,20150901,20150902,20150905,20150907,20150910,20150914,20150919,20150920,20150921,20150922,20150923,20150924,20150925,20150926,20150929,20151001,20151002 
Number is 17 
G.7.1_index_1_VS_G.4.3_index_1 [4] 
20150817,20150822,20150825,20150826,20150827,20150829,20150830,20150831,20150904,20150905,20150911,20150912,20150913,20150916,20150918,20150919,20150920,20150921,20150922,20150923,20150924,20150925,20150930 
Number is 21 
G.6.3_index_1_VS_G.7.1_index_1 [5] PLUS 1 
20150819,20150824,20150828,20150830,20150831,20150905,20150906,20150907,20150909,20150910,20150911,20150914,20150916,20150918,20150919,20150920,20150921,20150922,20150923,20150924,20150925,20150926,20150927,20150929,20151002 
Number is 28 
G.5.2_index_3_VS_G.5.4_index_2 [6] 
20150817,20150826,20150827,20150901,20150907,20150908,20150910,20150911,20150917,20150920,20150921,20150922,20150923,20150924,20150925,20150928,20151001,20151002 
G.3.4_index_2_VS_G.3.4_index_3 [7] 
20150819,20150820,20150821,20150827,20150828,20150829,20150830,20150831,20150901,20150909,20150920,20150921,20150922,20150923,20150924,20150925,20151001 
Number is 38 
G.3.3_index_5_VS_G.5.1_index_4 [8] PLUS 1 
20150822,20150824,20150826,20150827,20150831,20150901,20150903,20150904,20150905,20150906,20150907,20150912,20150913,20150914,20150915,20150920,20150921,20150922,20150923,20150924,20150925,20150926,20151002 
G.3.5_index_2_VS_G.5.4_index_1 [9] PLUS 1 
20150816,20150819,20150823,20150826,20150828,20150830,20150831,20150904,20150907,20150908,20150909,20150913,20150915,20150920,20150921,20150922,20150923,20150924,20150925,20150926,20151001 
Number is 41 
G.1.1_index_5_VS_G.7.1_index_1 [10] 
20150816,20150817,20150818,20150821,20150825,20150826,20150827,20150828,20150830,20150831,20150901,20150903,20150905,20150906,20150907,20150910,20150911,20150918,20150920,20150921,20150922,20150923,20150924,20150925,20150927,20150928,20150930,20151002 
Number is 53 
G.7.2_index_1_VS_G.3.3_index_5 [11] 
20150816,20150822,20150823,20150824,20150827,20150829,20150901,20150902,20150905,20150910,20150912,20150914,20150915,20150917,20150920,20150921,20150922,20150923,20150924,20150925 
G.3.4_index_4_VS_G.3.5_index_2 [12] 
20150816,20150817,20150818,20150819,20150821,20150822,20150823,20150828,20150829,20150901,20150903,20150905,20150906,20150908,20150909,20150911,20150913,20150914,20150917,20150918,20150920,20150921,20150922,20150923,20150924,20150925,20150929,20151001 
Number is 54 
G.3.4_index_4_VS_G.1.1_index_5 [13] PLUS 1 
20150816,20150818,20150819,20150822,20150823,20150825,20150826,20150827,20150828,20150829,20150830,20150909,20150911,20150912,20150913,20150916,20150918,20150920,20150921,20150922,20150923,20150924,20150925,20150926,20150927 
Number is 61 
G.7.2_index_2_VS_G.4.2_index_3 [14] 
20150819,20150820,20150822,20150823,20150826,20150828,20150902,20150903,20150905,20150906,20150909,20150912,20150913,20150915,20150918,20150920,20150921,20150922,20150923,20150924,20150925,20150929 
Number is 62 
G.1.1_index_4_VS_G.5.1_index_2 [15] 
20150817,20150818,20150820,20150823,20150826,20150829,20150903,20150910,20150911,20150914,20150918,20150920,20150921,20150922,20150923,20150924,20150925,20150930,20151001,20151002 
Number is 63 
G.1.1_index_4_VS_G.3.3_index_5 [16] PLUS 1 
20150822,20150823,20150829,20150903,20150904,20150912,20150914,20150915,20150918,20150920,20150921,20150922,20150923,20150924,20150925,20150926,20150928,20151002 
Number is 65 
G.1.1_index_4_VS_G.5.5_index_2 [17] 
20150820,20150821,20150822,20150826,20150828,20150830,20150902,20150904,20150905,20150915,20150916,20150917,20150918,20150920,20150921,20150922,20150923,20150924,20150925,20150929,20151002 
Number is 66 
G.3.1_index_1_VS_G.1.1_index_4 [18] 
20150818,20150820,20150821,20150822,20150826,20150901,20150904,20150905,20150909,20150910,20150911,20150914,20150917,20150918,20150920,20150921,20150922,20150923,20150924,20150925,20150928,20151001 
G.1.1_index_4_VS_G.3.6_index_1 [19] 
20150817,20150818,20150819,20150822,20150823,20150827,20150828,20150829,20150903,20150904,20150908,20150910,20150914,20150918,20150920,20150921,20150922,20150923,20150924,20150925,20150928,20151002 
Number is 68 
G.7.4_index_1_VS_G.3.4_index_1 [20] PLUS 1 
20150817,20150819,20150820,20150822,20150825,20150830,20150904,20150905,20150909,20150912,20150918,20150920,20150921,20150922,20150923,20150924,20150925,20150926,20150928,20151002 
Number is 72 
G.5.2_index_2_VS_G.3.5_index_5 [21] PLUS 1 
20150820,20150823,20150826,20150827,20150829,20150901,20150904,20150907,20150909,20150910,20150911,20150912,20150914,20150915,20150918,20150920,20150921,20150922,20150923,20150924,20150925,20150926,20150927,20151002 
G.4.3_index_1_VS_G.2.2_index_5 [22] PLUS 1 
20150816,20150819,20150820,20150822,20150826,20150828,20150908,20150909,20150911,20150912,20150913,20150916,20150917,20150919,20150920,20150921,20150922,20150923,20150924,20150925,20150926,20150928,20150929,20151001,20151002 
Number is 81 
G.5.1_index_4_VS_G.2.1_index_5 [23] 
20150817,20150818,20150819,20150820,20150821,20150830,20150902,20150903,20150905,20150906,20150908,20150911,20150912,20150913,20150916,20150920,20150921,20150922,20150923,20150924,20150925,20150929,20151002 
Number is 93 
G.3.3_index_2_VS_G.2.1_index_4 [24] 
20150818,20150819,20150820,20150825,20150826,20150827,20150907,20150910,20150914,20150917,20150920,20150921,20150922,20150923,20150924,20150925,20150927,20150928,20151001,20151002 
Number is 95 
G.4.4_index_1_VS_G.5.4_index_3 [25] 
20150816,20150817,20150818,20150821,20150826,20150828,20150830,20150831,20150906,20150908,20150909,20150910,20150915,20150919,20150920,20150921,20150922,20150923,20150924,20150925,20150927,20150929,20150930,20151002 
