======== Current: 20150927 ========= 
Number is 05 
G.4.1_index_4_VS_G.3.1_index_1 [1] PLUS 1 
20150817,20150818,20150820,20150821,20150823,20150827,20150829,20150831,20150905,20150907,20150911,20150915,20150916,20150917,20150921,20150922,20150923,20150924,20150925,20150926,20150927,20150928,20150930,20151002 
Number is 07 
G.4.3_index_1_VS_G.2.2_index_5 [2] 
20150816,20150819,20150820,20150822,20150826,20150828,20150908,20150909,20150911,20150912,20150913,20150916,20150917,20150919,20150920,20150921,20150922,20150923,20150924,20150925,20150926,20150928,20150929,20151001,20151002 
Number is 12 
G.3.1_index_3_VS_G.3.3_index_5 [3] 
20150818,20150822,20150824,20150829,20150831,20150901,20150902,20150903,20150904,20150915,20150921,20150922,20150923,20150924,20150925,20150926,20150929,20150930,20151001 
Number is 22 
G.1.1_index_4_VS_G.3.3_index_5 [4] 
20150822,20150823,20150829,20150903,20150904,20150912,20150914,20150915,20150918,20150920,20150921,20150922,20150923,20150924,20150925,20150926,20150928,20151002 
Number is 24 
G.3.3_index_5_VS_G.5.1_index_4 [5] 
20150822,20150824,20150826,20150827,20150831,20150901,20150903,20150904,20150905,20150906,20150907,20150912,20150913,20150914,20150915,20150920,20150921,20150922,20150923,20150924,20150925,20150926,20151002 
G.1.1_index_4_VS_G.7.4_index_2 [6] 
20150820,20150821,20150822,20150823,20150826,20150904,20150905,20150906,20150908,20150909,20150911,20150914,20150918,20150921,20150922,20150923,20150924,20150925,20150926,20151001 
Number is 25 
G.7.3_index_1_VS_G.5.4_index_1 [7] 
20150817,20150821,20150828,20150830,20150904,20150905,20150908,20150909,20150912,20150913,20150916,20150917,20150921,20150922,20150923,20150924,20150925,20150926,20150930 
G.3.5_index_2_VS_G.5.4_index_1 [8] 
20150816,20150819,20150823,20150826,20150828,20150830,20150831,20150904,20150907,20150908,20150909,20150913,20150915,20150920,20150921,20150922,20150923,20150924,20150925,20150926,20151001 
G.1.1_index_4_VS_G.4.4_index_4 [9] 
20150816,20150820,20150830,20150902,20150904,20150905,20150906,20150915,20150916,20150918,20150921,20150922,20150923,20150924,20150925,20150926,20150930,20151001 
Number is 33 
G.6.2_index_3_VS_G.6.2_index_2 [10] 
20150817,20150819,20150820,20150821,20150826,20150827,20150829,20150901,20150904,20150907,20150913,20150916,20150917,20150921,20150922,20150923,20150924,20150925,20150926 
Number is 35 
G.5.2_index_2_VS_G.5.2_index_3 [11] PLUS 1 
20150817,20150821,20150825,20150829,20150907,20150908,20150909,20150910,20150911,20150912,20150915,20150916,20150918,20150919,20150921,20150922,20150923,20150924,20150925,20150926,20150927,20150928,20150930,20151001 
Number is 36 
G.6.2_index_3_VS_G.2.1_index_5 [12] PLUS 1 
20150816,20150818,20150819,20150825,20150826,20150827,20150828,20150830,20150901,20150902,20150903,20150906,20150907,20150910,20150917,20150918,20150921,20150922,20150923,20150924,20150925,20150926,20150927 
Number is 38 
G.3.6_index_2_VS_G.3.2_index_4 [13] PLUS 1 
20150816,20150817,20150818,20150821,20150822,20150824,20150826,20150827,20150901,20150902,20150904,20150905,20150909,20150913,20150914,20150917,20150918,20150921,20150922,20150923,20150924,20150925,20150926,20150927,20150929 
Number is 39 
G.6.3_index_1_VS_G.7.1_index_1 [14] PLUS 1 
20150819,20150824,20150828,20150830,20150831,20150905,20150906,20150907,20150909,20150910,20150911,20150914,20150916,20150918,20150919,20150920,20150921,20150922,20150923,20150924,20150925,20150926,20150927,20150929,20151002 
G.5.2_index_2_VS_G.3.5_index_5 [15] PLUS 1 
20150820,20150823,20150826,20150827,20150829,20150901,20150904,20150907,20150909,20150910,20150911,20150912,20150914,20150915,20150918,20150920,20150921,20150922,20150923,20150924,20150925,20150926,20150927,20151002 
Number is 43 
G.2.2_index_1_VS_G.6.2_index_2 [16] PLUS 1 
20150817,20150819,20150821,20150825,20150826,20150830,20150831,20150901,20150902,20150906,20150911,20150912,20150913,20150914,20150915,20150916,20150920,20150921,20150922,20150923,20150924,20150925,20150926,20150927,20150929,20151001 
G.2.2_index_1_VS_G.4.2_index_3 [17] PLUS 1 
20150816,20150818,20150822,20150823,20150824,20150825,20150826,20150828,20150829,20150902,20150903,20150905,20150912,20150915,20150916,20150918,20150919,20150921,20150922,20150923,20150924,20150925,20150926,20150927,20150929 
Number is 44 
G.6.1_index_1_VS_G.7.4_index_2 [18] PLUS 1 
20150820,20150822,20150823,20150824,20150901,20150911,20150915,20150916,20150918,20150919,20150921,20150922,20150923,20150924,20150925,20150926,20150927,20150928,20150930 
Number is 46 
G.2.2_index_1_VS_G.2.1_index_5 [19] 
20150816,20150818,20150819,20150821,20150825,20150826,20150831,20150901,20150907,20150912,20150913,20150916,20150918,20150921,20150922,20150923,20150924,20150925,20150926,20150929,20151001,20151002 
G.7.4_index_1_VS_G.3.4_index_1 [20] 
20150817,20150819,20150820,20150822,20150825,20150830,20150904,20150905,20150909,20150912,20150918,20150920,20150921,20150922,20150923,20150924,20150925,20150926,20150928,20151002 
Number is 47 
G.2.1_index_1_VS_G.2.2_index_5 [21] 
20150816,20150818,20150819,20150824,20150825,20150827,20150830,20150905,20150908,20150909,20150910,20150911,20150913,20150917,20150921,20150922,20150923,20150924,20150925,20150926,20150929,20151002 
Number is 51 
G.5.4_index_3_VS_G.5.5_index_2 [22] 
20150816,20150820,20150821,20150826,20150831,20150901,20150906,20150908,20150912,20150914,20150915,20150918,20150921,20150922,20150923,20150924,20150925,20150926,20150929,20150930,20151001 
G.3.4_index_4_VS_G.3.5_index_3 [23] 
20150818,20150820,20150821,20150822,20150825,20150826,20150827,20150828,20150829,20150906,20150908,20150913,20150914,20150916,20150918,20150921,20150922,20150923,20150924,20150925,20150926,20150929,20151001 
Number is 55 
G.3.4_index_4_VS_G.1.1_index_5 [24] PLUS 1 
20150816,20150818,20150819,20150822,20150823,20150825,20150826,20150827,20150828,20150829,20150830,20150909,20150911,20150912,20150913,20150916,20150918,20150920,20150921,20150922,20150923,20150924,20150925,20150926,20150927 
Number is 56 
G.3.1_index_1_VS_G.5.4_index_2 [25] 
20150816,20150817,20150818,20150821,20150823,20150825,20150827,20150829,20150830,20150831,20150902,20150904,20150905,20150906,20150907,20150908,20150909,20150910,20150911,20150914,20150918,20150921,20150922,20150923,20150924,20150925,20150926,20150928,20151001 
Number is 63 
G.5.6_index_2_VS_G.6.2_index_3 [26] PLUS 1 
20150816,20150818,20150822,20150829,20150830,20150901,20150903,20150904,20150905,20150910,20150911,20150913,20150914,20150921,20150922,20150923,20150924,20150925,20150926,20150927,20150929,20150930,20151001,20151002 
Number is 64 
G.2.1_index_5_VS_G.6.1_index_1 [27] 
20150820,20150821,20150822,20150823,20150825,20150827,20150829,20150901,20150902,20150905,20150907,20150910,20150914,20150919,20150920,20150921,20150922,20150923,20150924,20150925,20150926,20150929,20151001,20151002 
Number is 71 
G.5.3_index_2_VS_G.5.5_index_2 [28] PLUS 1 
20150816,20150818,20150820,20150821,20150822,20150825,20150826,20150828,20150830,20150904,20150905,20150907,20150909,20150912,20150917,20150921,20150922,20150923,20150924,20150925,20150926,20150927,20150929,20151001 
Number is 76 
G.5.3_index_2_VS_G.5.6_index_2 [29] 
20150817,20150818,20150819,20150820,20150822,20150825,20150826,20150828,20150830,20150903,20150904,20150908,20150910,20150911,20150913,20150916,20150918,20150919,20150921,20150922,20150923,20150924,20150925,20150926,20150929 
Number is 92 
G.7.1_index_1_VS_G.3.2_index_2 [30] 
20150817,20150818,20150819,20150820,20150823,20150824,20150825,20150831,20150901,20150902,20150904,20150905,20150906,20150907,20150908,20150911,20150913,20150916,20150919,20150921,20150922,20150923,20150924,20150925,20150926,20150928,20151001,20151002 
Number is 93 
G.3.2_index_1_VS_G.6.2_index_2 [31] PLUS 1 
20150817,20150818,20150826,20150827,20150901,20150906,20150909,20150910,20150913,20150914,20150915,20150918,20150921,20150922,20150923,20150924,20150925,20150926,20150927 
