======== Current: 20150928 ========= 
Number is 04 
G.5.2_index_2_VS_G.5.2_index_3 [1] PLUS 1 
20150817,20150821,20150825,20150829,20150907,20150908,20150909,20150910,20150911,20150912,20150915,20150916,20150918,20150919,20150921,20150922,20150923,20150924,20150925,20150926,20150927,20150928,20150930,20151001 
Number is 06 
G.7.1_index_2_VS_G.5.5_index_4 [2] PLUS 1 
20150820,20150823,20150827,20150831,20150903,20150904,20150909,20150912,20150913,20150916,20150922,20150923,20150924,20150925,20150926,20150927,20150928,20150929,20150930,20151001 
Number is 08 
G.5.2_index_2_VS_G.3.5_index_5 [3] 
20150820,20150823,20150826,20150827,20150829,20150901,20150904,20150907,20150909,20150910,20150911,20150912,20150914,20150915,20150918,20150920,20150921,20150922,20150923,20150924,20150925,20150926,20150927,20151002 
Number is 13 
G.2.1_index_1_VS_G.6.1_index_1 [4] 
20150817,20150818,20150819,20150820,20150822,20150823,20150825,20150826,20150827,20150830,20150904,20150905,20150910,20150911,20150912,20150913,20150914,20150915,20150919,20150920,20150922,20150923,20150924,20150925,20150926,20150927,20150929,20151001 
G.5.3_index_1_VS_G.6.1_index_1 [5] 
20150816,20150818,20150820,20150822,20150829,20150901,20150902,20150907,20150909,20150913,20150914,20150915,20150922,20150923,20150924,20150925,20150926,20150927,20150929,20151001 
Number is 14 
G.3.4_index_1_VS_G.6.1_index_3 [6] 
20150816,20150817,20150823,20150824,20150827,20150830,20150831,20150906,20150909,20150913,20150919,20150920,20150922,20150923,20150924,20150925,20150926,20150927 
Number is 17 
G.5.3_index_2_VS_G.5.5_index_2 [7] 
20150816,20150818,20150820,20150821,20150822,20150825,20150826,20150828,20150830,20150904,20150905,20150907,20150909,20150912,20150917,20150921,20150922,20150923,20150924,20150925,20150926,20150927,20150929,20151001 
Number is 18 
G.3.6_index_2_VS_G.3.2_index_4 [8] 
20150816,20150817,20150818,20150821,20150822,20150824,20150826,20150827,20150901,20150902,20150904,20150905,20150909,20150913,20150914,20150917,20150918,20150921,20150922,20150923,20150924,20150925,20150926,20150927,20150929 
Number is 19 
G.3.6_index_2_VS_G.2.2_index_5 [9] 
20150818,20150823,20150826,20150827,20150828,20150829,20150902,20150909,20150911,20150912,20150915,20150919,20150922,20150923,20150924,20150925,20150926,20150927,20150929 
G.5.3_index_1_VS_G.2.2_index_1 [10] 
20150816,20150817,20150821,20150822,20150823,20150827,20150829,20150901,20150903,20150907,20150910,20150912,20150915,20150918,20150919,20150922,20150923,20150924,20150925,20150926,20150927,20150929,20151001,20151002 
Number is 22 
G.4.4_index_2_VS_G.3.2_index_3 [11] 
20150817,20150820,20150822,20150823,20150828,20150830,20150831,20150901,20150907,20150914,20150915,20150916,20150919,20150922,20150923,20150924,20150925,20150926,20150927,20150929,20151002 
Number is 23 
G.3.2_index_3_VS_G.6.1_index_1 [12] PLUS 1 
20150816,20150817,20150819,20150822,20150825,20150826,20150827,20150829,20150831,20150905,20150907,20150914,20150915,20150916,20150918,20150919,20150922,20150923,20150924,20150925,20150926,20150927,20150928 
Number is 25 
G.5.6_index_2_VS_G.6.2_index_3 [13] 
20150816,20150818,20150822,20150829,20150830,20150901,20150903,20150904,20150905,20150910,20150911,20150913,20150914,20150921,20150922,20150923,20150924,20150925,20150926,20150927,20150929,20150930,20151001,20151002 
Number is 37 
G.6.1_index_1_VS_G.7.4_index_2 [14] PLUS 1 
20150820,20150822,20150823,20150824,20150901,20150911,20150915,20150916,20150918,20150919,20150921,20150922,20150923,20150924,20150925,20150926,20150927,20150928,20150930 
Number is 38 
G.4.1_index_3_VS_G.3.2_index_4 [15] 
20150816,20150817,20150819,20150821,20150822,20150824,20150826,20150827,20150828,20150830,20150831,20150906,20150909,20150912,20150914,20150917,20150918,20150920,20150922,20150923,20150924,20150925,20150926,20150927,20151001,20151002 
G.4.1_index_3_VS_G.3.5_index_5 [16] 
20150816,20150818,20150819,20150822,20150826,20150827,20150829,20150830,20150901,20150904,20150912,20150914,20150919,20150922,20150923,20150924,20150925,20150926,20150927,20150929,20151002 
Number is 39 
G.3.1_index_3_VS_G.3.6_index_1 [17] PLUS 1 
20150819,20150822,20150824,20150829,20150830,20150901,20150903,20150908,20150910,20150912,20150913,20150914,20150918,20150919,20150922,20150923,20150924,20150925,20150926,20150927,20150928,20151001 
Number is 54 
G.6.2_index_3_VS_G.2.1_index_5 [18] 
20150816,20150818,20150819,20150825,20150826,20150827,20150828,20150830,20150901,20150902,20150903,20150906,20150907,20150910,20150917,20150918,20150921,20150922,20150923,20150924,20150925,20150926,20150927 
Number is 59 
G.3.2_index_1_VS_G.6.2_index_2 [19] 
20150817,20150818,20150826,20150827,20150901,20150906,20150909,20150910,20150913,20150914,20150915,20150918,20150921,20150922,20150923,20150924,20150925,20150926,20150927 
Number is 69 
G.3.1_index_1_VS_G.3.3_index_2 [20] PLUS 1 
20150817,20150823,20150825,20150901,20150902,20150905,20150907,20150908,20150910,20150911,20150916,20150922,20150923,20150924,20150925,20150926,20150927,20150928,20151001,20151002 
Number is 76 
G.4.1_index_4_VS_G.3.1_index_1 [21] PLUS 1 
20150817,20150818,20150820,20150821,20150823,20150827,20150829,20150831,20150905,20150907,20150911,20150915,20150916,20150917,20150921,20150922,20150923,20150924,20150925,20150926,20150927,20150928,20150930,20151002 
Number is 81 
G.3.4_index_4_VS_G.1.1_index_5 [22] 
20150816,20150818,20150819,20150822,20150823,20150825,20150826,20150827,20150828,20150829,20150830,20150909,20150911,20150912,20150913,20150916,20150918,20150920,20150921,20150922,20150923,20150924,20150925,20150926,20150927 
Number is 83 
G.3.2_index_4_VS_G.4.4_index_4 [23] 
20150816,20150817,20150821,20150824,20150826,20150827,20150828,20150902,20150904,20150907,20150916,20150920,20150922,20150923,20150924,20150925,20150926,20150927,20151001 
Number is 87 
G.5.3_index_4_VS_G.7.4_index_2 [24] 
20150816,20150820,20150821,20150822,20150824,20150825,20150901,20150907,20150908,20150909,20150917,20150918,20150919,20150922,20150923,20150924,20150925,20150926,20150927,20150929,20150930 
Number is 91 
G.4.2_index_3_VS_G.5.3_index_2 [25] 
20150817,20150818,20150819,20150822,20150823,20150825,20150827,20150828,20150902,20150909,20150910,20150912,20150913,20150915,20150916,20150922,20150923,20150924,20150925,20150926,20150927,20150929,20151001,20151002 
Number is 95 
G.6.3_index_1_VS_G.7.1_index_1 [26] 
20150819,20150824,20150828,20150830,20150831,20150905,20150906,20150907,20150909,20150910,20150911,20150914,20150916,20150918,20150919,20150920,20150921,20150922,20150923,20150924,20150925,20150926,20150927,20150929,20151002 
Number is 99 
G.2.2_index_1_VS_G.6.2_index_2 [27] 
20150817,20150819,20150821,20150825,20150826,20150830,20150831,20150901,20150902,20150906,20150911,20150912,20150913,20150914,20150915,20150916,20150920,20150921,20150922,20150923,20150924,20150925,20150926,20150927,20150929,20151001 
G.2.2_index_1_VS_G.4.2_index_3 [28] 
20150816,20150818,20150822,20150823,20150824,20150825,20150826,20150828,20150829,20150902,20150903,20150905,20150912,20150915,20150916,20150918,20150919,20150921,20150922,20150923,20150924,20150925,20150926,20150927,20150929 
