======== Current: 20150930 ========= 
Number is 05 
G.4.1_index_4_VS_G.7.3_index_2 [1] 
20150821,20150829,20150902,20150903,20150904,20150908,20150911,20150913,20150916,20150921,20150922,20150924,20150925,20150926,20150927,20150928,20150929 
Number is 06 
G.6.1_index_3_VS_G.5.4_index_2 [2] PLUS 1 
20150821,20150823,20150825,20150828,20150830,20150901,20150902,20150904,20150908,20150913,20150915,20150917,20150920,20150921,20150922,20150924,20150925,20150926,20150927,20150928,20150929,20150930 
Number is 07 
G.4.1_index_4_VS_G.7.2_index_1 [3] PLUS 1 
20150816,20150817,20150826,20150829,20150901,20150902,20150905,20150908,20150911,20150914,20150915,20150916,20150917,20150918,20150920,20150921,20150922,20150924,20150925,20150926,20150927,20150928,20150929,20150930,20151002 
G.6.1_index_3_VS_G.5.4_index_3 [4] PLUS 1 
20150821,20150825,20150826,20150827,20150830,20150901,20150902,20150903,20150906,20150907,20150908,20150911,20150914,20150915,20150916,20150918,20150920,20150924,20150925,20150926,20150927,20150928,20150929,20150930 
Number is 09 
G.7.1_index_2_VS_G.5.5_index_4 [5] PLUS 1 
20150820,20150823,20150827,20150831,20150903,20150904,20150909,20150912,20150913,20150916,20150922,20150923,20150924,20150925,20150926,20150927,20150928,20150929,20150930,20151001 
Number is 16 
G.3.6_index_3_VS_G.3.3_index_3 [6] 
20150816,20150817,20150819,20150822,20150823,20150828,20150830,20150906,20150907,20150908,20150912,20150919,20150924,20150925,20150926,20150927,20150928,20150929,20151002 
Number is 17 
G.6.2_index_2_VS_G.6.1_index_1 [7] PLUS 1 
20150816,20150819,20150820,20150821,20150822,20150823,20150825,20150827,20150831,20150901,20150906,20150909,20150915,20150916,20150918,20150919,20150923,20150924,20150925,20150926,20150927,20150928,20150929,20150930,20151001 
Number is 25 
G.2.2_index_5_VS_G.7.3_index_2 [8] 
20150816,20150817,20150820,20150821,20150823,20150826,20150828,20150902,20150903,20150908,20150912,20150916,20150917,20150919,20150924,20150925,20150926,20150927,20150928,20150929,20151001 
Number is 27 
G.3.3_index_2_VS_G.5.4_index_1 [9] PLUS 1 
20150816,20150817,20150822,20150823,20150825,20150827,20150905,20150907,20150908,20150909,20150912,20150915,20150917,20150919,20150920,20150921,20150924,20150925,20150926,20150927,20150928,20150929,20150930 
G.2.2_index_5_VS_G.7.2_index_1 [10] PLUS 1 
20150816,20150818,20150821,20150824,20150827,20150902,20150904,20150908,20150913,20150922,20150924,20150925,20150926,20150927,20150928,20150929,20150930,20151002 
Number is 34 
G.1.1_index_5_VS_G.1.1_index_1 [11] PLUS 1 
20150816,20150817,20150818,20150821,20150822,20150826,20150828,20150829,20150830,20150902,20150903,20150905,20150906,20150907,20150909,20150911,20150913,20150914,20150916,20150918,20150919,20150920,20150921,20150924,20150925,20150926,20150927,20150928,20150929,20150930,20151001,20151002 
Number is 37 
G.4.2_index_3_VS_G.5.4_index_3 [12] PLUS 1 
20150818,20150822,20150827,20150828,20150901,20150902,20150903,20150905,20150906,20150909,20150910,20150915,20150916,20150919,20150920,20150923,20150924,20150925,20150926,20150927,20150928,20150929,20150930,20151001,20151002 
Number is 42 
G.5.6_index_2_VS_G.6.3_index_1 [13] 
20150818,20150819,20150822,20150824,20150825,20150827,20150828,20150830,20150904,20150905,20150906,20150910,20150916,20150919,20150920,20150922,20150924,20150925,20150926,20150927,20150928,20150929,20151001,20151002 
Number is 57 
G.7.3_index_2_VS_G.6.1_index_1 [14] 
20150820,20150821,20150824,20150903,20150904,20150905,20150907,20150909,20150913,20150916,20150918,20150919,20150920,20150924,20150925,20150926,20150927,20150928,20150929 
Number is 62 
G.6.2_index_3_VS_G.5.3_index_2 [15] 
20150816,20150818,20150819,20150825,20150904,20150910,20150912,20150914,20150916,20150917,20150924,20150925,20150926,20150927,20150928,20150929,20151001 
Number is 64 
G.3.6_index_2_VS_G.7.1_index_1 [16] PLUS 1 
20150816,20150817,20150819,20150823,20150826,20150830,20150902,20150905,20150911,20150912,20150913,20150914,20150915,20150916,20150919,20150921,20150922,20150924,20150925,20150926,20150927,20150928,20150929,20150930,20151002 
Number is 65 
G.3.3_index_3_VS_G.5.4_index_4 [17] 
20150816,20150817,20150818,20150820,20150828,20150830,20150901,20150906,20150907,20150910,20150912,20150916,20150918,20150922,20150924,20150925,20150926,20150927,20150928,20150929 
Number is 66 
G.4.1_index_2_VS_G.3.1_index_1 [18] 
20150816,20150817,20150818,20150821,20150822,20150824,20150826,20150827,20150829,20150901,20150903,20150905,20150908,20150911,20150912,20150915,20150916,20150924,20150925,20150926,20150927,20150928,20150929 
Number is 68 
G.3.6_index_2_VS_G.3.4_index_3 [19] 
20150816,20150817,20150818,20150820,20150821,20150823,20150826,20150827,20150901,20150902,20150904,20150905,20150908,20150909,20150910,20150913,20150914,20150915,20150916,20150917,20150918,20150920,20150921,20150924,20150925,20150926,20150927,20150928,20150929,20151001 
Number is 73 
G.6.1_index_1_VS_G.4.2_index_3 [20] PLUS 1 
20150817,20150822,20150824,20150827,20150902,20150905,20150909,20150910,20150913,20150915,20150916,20150919,20150923,20150924,20150925,20150926,20150927,20150928,20150929,20150930,20151002 
Number is 83 
G.5.5_index_2_VS_G.DB_index_4 [21] 
20150819,20150820,20150823,20150825,20150826,20150827,20150828,20150829,20150830,20150831,20150901,20150902,20150903,20150904,20150905,20150906,20150907,20150908,20150910,20150917,20150918,20150920,20150923,20150924,20150925,20150926,20150927,20150928,20150929,20151001,20151002 
G.4.2_index_1_VS_G.3.5_index_4 [22] 
20150817,20150820,20150821,20150828,20150831,20150902,20150907,20150908,20150910,20150914,20150916,20150918,20150922,20150924,20150925,20150926,20150927,20150928,20150929,20151001 
Number is 85 
G.2.2_index_1_VS_G.7.3_index_2 [23] 
20150816,20150819,20150820,20150821,20150823,20150824,20150825,20150827,20150828,20150830,20150902,20150903,20150909,20150910,20150914,20150924,20150925,20150926,20150927,20150928,20150929 
Number is 86 
G.4.2_index_1_VS_G.3.5_index_5 [24] 
20150816,20150817,20150820,20150828,20150830,20150831,20150901,20150905,20150907,20150908,20150912,20150914,20150915,20150916,20150917,20150920,20150924,20150925,20150926,20150927,20150928,20150929 
Number is 87 
G.4.2_index_1_VS_G.7.2_index_1 [25] PLUS 1 
20150817,20150819,20150821,20150831,20150906,20150909,20150912,20150913,20150916,20150917,20150918,20150920,20150924,20150925,20150926,20150927,20150928,20150929,20150930,20151001 
