======== Current: 20130201 ========= 
Number is 04 
G.3.1_index_3_VS_G.6.1_index_2 [1] PLUS 1 
20130123,20130124,20130126,20130127,20130128,20130129,20130130,20130131,20130201,20130204 
Number is 06 
G.4.4_index_4_VS_G.3.1_index_4 [2] 
20130120,20130121,20130124,20130126,20130127,20130128,20130129,20130130,20130131,20130204,20130205,20130206,20130207 
Number is 08 
G.3.1_index_3_VS_G.4.2_index_1 [3] PLUS 1 
20130122,20130124,20130126,20130127,20130128,20130129,20130130,20130131,20130201,20130203,20130206,20130207 
G.4.4_index_4_VS_G.3.6_index_4 [4] PLUS 1 
20130120,20130122,20130124,20130125,20130126,20130127,20130128,20130129,20130130,20130131,20130201,20130203,20130207 
Number is 09 
G.4.4_index_4_VS_G.3.3_index_3 [5] 
20130120,20130121,20130122,20130125,20130126,20130127,20130128,20130129,20130130,20130131,20130203 
Number is 13 
G.4.2_index_3_VS_G.1.1_index_1 [6] 
20130122,20130125,20130126,20130127,20130128,20130129,20130130,20130131,20130204 
G.4.3_index_2_VS_G.5.4_index_4 [7] 
20130120,20130121,20130124,20130126,20130127,20130128,20130129,20130130,20130131,20130202,20130204,20130205,20130206 
Number is 19 
G.4.3_index_2_VS_G.3.4_index_4 [8] 
20130122,20130126,20130127,20130128,20130129,20130130,20130131,20130202,20130206,20130207 
Number is 24 
G.5.5_index_3_VS_G.2.1_index_5 [9] 
20130122,20130124,20130126,20130127,20130128,20130129,20130130,20130131,20130207 
Number is 26 
G.3.3_index_2_VS_G.2.1_index_1 [10] 
20130121,20130122,20130123,20130124,20130126,20130127,20130128,20130129,20130130,20130131,20130204,20130205,20130207 
Number is 30 
G.6.3_index_2_VS_G.5.3_index_3 [11] 
20130123,20130125,20130126,20130127,20130128,20130129,20130130,20130131,20130203,20130204,20130205 
Number is 32 
G.4.1_index_3_VS_G.3.3_index_2 [12] 
20130120,20130121,20130123,20130124,20130126,20130127,20130128,20130129,20130130,20130131,20130203,20130205,20130206 
Number is 34 
G.6.3_index_2_VS_G.3.3_index_1 [13] 
20130120,20130126,20130127,20130128,20130129,20130130,20130131,20130202,20130204,20130205,20130206 
Number is 35 
G.3.2_index_2_VS_G.6.1_index_1 [14] 
20130121,20130122,20130123,20130126,20130127,20130128,20130129,20130130,20130131,20130202,20130203,20130204 
Number is 36 
G.5.2_index_4_VS_G.1.1_index_4 [15] 
20130121,20130123,20130126,20130127,20130128,20130129,20130130,20130131,20130202 
Number is 41 
G.5.1_index_3_VS_G.4.3_index_2 [16] PLUS 1 
20130121,20130125,20130126,20130127,20130128,20130129,20130130,20130131,20130201,20130204 
Number is 46 
G.3.3_index_1_VS_G.4.3_index_3 [17] PLUS 1 
20130120,20130123,20130124,20130126,20130127,20130128,20130129,20130130,20130131,20130201,20130204,20130205 
G.6.1_index_2_VS_G.1.1_index_4 [18] PLUS 1 
20130121,20130126,20130127,20130128,20130129,20130130,20130131,20130201,20130204,20130207 
Number is 47 
G.5.1_index_4_VS_G.5.5_index_2 [19] 
20130121,20130122,20130123,20130125,20130126,20130127,20130128,20130129,20130130,20130131,20130207 
Number is 49 
G.5.1_index_4_VS_G.2.2_index_1 [20] 
20130122,20130126,20130127,20130128,20130129,20130130,20130131,20130202,20130203,20130207 
Number is 50 
G.5.2_index_3_VS_G.3.2_index_1 [21] PLUS 1 
20130123,20130126,20130127,20130128,20130129,20130130,20130131,20130201,20130202,20130204 
Number is 52 
G.5.2_index_3_VS_G.5.5_index_3 [22] PLUS 1 
20130120,20130122,20130123,20130124,20130126,20130127,20130128,20130129,20130130,20130131,20130201,20130202,20130203,20130206,20130207 
G.4.1_index_2_VS_G.6.3_index_3 [23] PLUS 1 
20130120,20130121,20130122,20130123,20130126,20130127,20130128,20130129,20130130,20130131,20130201,20130202 
Number is 56 
G.5.3_index_2_VS_G.4.3_index_3 [24] 
20130123,20130126,20130127,20130128,20130129,20130130,20130131,20130206 
G.3.6_index_3_VS_G.1.1_index_4 [25] 
20130121,20130122,20130123,20130125,20130126,20130127,20130128,20130129,20130130,20130131,20130206 
Number is 58 
G.7.4_index_2_VS_G.3.1_index_2 [26] PLUS 1 
20130121,20130122,20130126,20130127,20130128,20130129,20130130,20130131,20130201,20130203,20130204,20130205 
Number is 64 
G.3.2_index_5_VS_G.5.5_index_4 [27] PLUS 1 
20130123,20130125,20130126,20130127,20130128,20130129,20130130,20130131,20130201,20130206,20130207 
Number is 80 
G.DB_index_2_VS_G.4.4_index_4 [28] PLUS 1 
20130124,20130126,20130127,20130128,20130129,20130130,20130131,20130201,20130204,20130207 
Number is 83 
G.3.1_index_2_VS_G.6.3_index_2 [29] PLUS 1 
20130125,20130126,20130127,20130128,20130129,20130130,20130131,20130201,20130202 
Number is 85 
G.4.1_index_1_VS_G.3.6_index_2 [30] PLUS 1 
20130121,20130124,20130126,20130127,20130128,20130129,20130130,20130131,20130201,20130203 
Number is 90 
G.5.1_index_2_VS_G.3.5_index_5 [31] 
20130121,20130122,20130123,20130124,20130126,20130127,20130128,20130129,20130130,20130131,20130202,20130205,20130206,20130207 
Number is 94 
G.3.3_index_3_VS_G.5.1_index_3 [32] 
20130120,20130121,20130126,20130127,20130128,20130129,20130130,20130131,20130203,20130206,20130207 
Number is 98 
G.5.1_index_2_VS_G.DB_index_2 [33] PLUS 1 
20130122,20130123,20130126,20130127,20130128,20130129,20130130,20130131,20130201,20130202,20130203,20130207 
