======== Current: 20130206 ========= 
Number is 03 
G.3.2_index_2_VS_G.5.4_index_4 [1] PLUS 1 
20130121,20130125,20130127,20130128,20130129,20130131,20130201,20130202,20130203,20130204,20130205,20130206,20130207 
Number is 04 
G.5.4_index_2_VS_G.2.2_index_5 [2] 
20130120,20130124,20130129,20130131,20130201,20130202,20130203,20130204,20130205 
Number is 07 
G.3.3_index_1_VS_G.5.6_index_3 [3] 
20130122,20130128,20130129,20130130,20130131,20130201,20130202,20130203,20130204,20130205,20130207 
G.DB_index_5_VS_G.5.5_index_1 [4] 
20130120,20130121,20130122,20130123,20130124,20130126,20130130,20130131,20130201,20130202,20130203,20130204,20130205 
Number is 10 
G.3.2_index_1_VS_G.4.2_index_1 [5] PLUS 1 
20130121,20130123,20130124,20130131,20130201,20130202,20130203,20130204,20130205,20130206 
Number is 20 
G.DB_index_1_VS_G.6.2_index_1 [6] 
20130121,20130122,20130128,20130130,20130131,20130201,20130202,20130203,20130204,20130205 
Number is 23 
G.5.2_index_4_VS_G.5.4_index_4 [7] 
20130121,20130122,20130127,20130128,20130130,20130131,20130201,20130202,20130203,20130204,20130205 
Number is 25 
G.DB_index_1_VS_G.3.5_index_5 [8] 
20130122,20130123,20130124,20130125,20130130,20130131,20130201,20130202,20130203,20130204,20130205,20130207 
Number is 33 
G.5.4_index_3_VS_G.5.4_index_4 [9] 
20130121,20130124,20130126,20130129,20130131,20130201,20130202,20130203,20130204,20130205 
Number is 34 
G.5.2_index_3_VS_G.2.2_index_5 [10] PLUS 1 
20130120,20130124,20130125,20130127,20130129,20130131,20130201,20130202,20130203,20130204,20130205,20130206 
Number is 43 
G.6.2_index_3_VS_G.3.1_index_2 [11] PLUS 1 
20130120,20130121,20130123,20130124,20130125,20130129,20130130,20130131,20130201,20130202,20130203,20130204,20130205,20130206,20130207 
G.2.2_index_5_VS_G.3.1_index_2 [12] PLUS 1 
20130124,20130125,20130127,20130129,20130130,20130131,20130201,20130202,20130203,20130204,20130205,20130206,20130207 
Number is 45 
G.2.2_index_2_VS_G.6.2_index_2 [13] PLUS 1 
20130125,20130131,20130201,20130202,20130203,20130204,20130205,20130206 
Number is 47 
G.2.2_index_5_VS_G.5.6_index_3 [14] 
20130123,20130131,20130201,20130202,20130203,20130204,20130205,20130207 
Number is 54 
G.4.1_index_3_VS_G.2.2_index_2 [15] PLUS 1 
20130131,20130201,20130202,20130203,20130204,20130205,20130206 
G.5.3_index_1_VS_G.4.4_index_2 [16] PLUS 1 
20130120,20130121,20130131,20130201,20130202,20130203,20130204,20130205,20130206 
Number is 56 
G.5.3_index_3_VS_G.DB_index_3 [17] PLUS 1 
20130121,20130122,20130123,20130126,20130127,20130128,20130131,20130201,20130202,20130203,20130204,20130205,20130206 
Number is 58 
G.4.1_index_2_VS_G.4.4_index_1 [18] 
20130123,20130125,20130128,20130129,20130131,20130201,20130202,20130203,20130204,20130205 
Number is 71 
G.3.6_index_1_VS_G.4.2_index_4 [19] 
20130121,20130122,20130125,20130128,20130130,20130131,20130201,20130202,20130203,20130204,20130205 
Number is 74 
G.3.6_index_5_VS_G.2.2_index_2 [20] 
20130123,20130130,20130131,20130201,20130202,20130203,20130204,20130205,20130207 
Number is 83 
G.6.1_index_3_VS_G.6.3_index_2 [21] PLUS 1 
20130120,20130121,20130123,20130128,20130129,20130130,20130131,20130201,20130202,20130203,20130204,20130205,20130206 
Number is 86 
G.4.4_index_1_VS_G.3.5_index_2 [22] PLUS 1 
20130121,20130122,20130123,20130125,20130129,20130131,20130201,20130202,20130203,20130204,20130205,20130206 
Number is 90 
G.3.1_index_5_VS_G.4.2_index_1 [23] 
20130123,20130126,20130127,20130128,20130129,20130131,20130201,20130202,20130203,20130204,20130205 
