======== Current: 20130219 ========= 
Number is 00 
G.5.2_index_4_VS_G.7.2_index_2 [1] 
20130213,20130214,20130215,20130216,20130217,20130218,20130220,20130224,20130225 
Number is 01 
G.2.1_index_3_VS_G.2.2_index_1 [2] PLUS 1 
20130213,20130214,20130215,20130216,20130217,20130218,20130219,20130225,20130226 
Number is 02 
G.5.3_index_1_VS_G.4.4_index_4 [3] PLUS 1 
20130213,20130214,20130215,20130216,20130217,20130218,20130219,20130220,20130223,20130226,20130228 
Number is 03 
G.4.3_index_3_VS_G.2.2_index_5 [4] 
20130213,20130214,20130215,20130216,20130217,20130218,20130220,20130221,20130223 
Number is 04 
G.2.1_index_3_VS_G.3.5_index_4 [5] PLUS 1 
20130213,20130214,20130215,20130216,20130217,20130218,20130219,20130222,20130228,20130301 
Number is 13 
G.2.2_index_1_VS_G.4.2_index_1 [6] 
20130213,20130214,20130215,20130216,20130217,20130218,20130221,20130223,20130225,20130227 
Number is 14 
G.2.2_index_1_VS_G.3.5_index_4 [7] 
20130213,20130214,20130215,20130216,20130217,20130218,20130222,20130225 
Number is 19 
G.DB_index_2_VS_G.5.1_index_1 [8] PLUS 1 
20130213,20130214,20130215,20130216,20130217,20130218,20130219,20130221,20130223,20130225,20130226,20130227 
Number is 20 
G.6.2_index_1_VS_G.4.3_index_3 [9] PLUS 1 
20130213,20130214,20130215,20130216,20130217,20130218,20130219,20130221,20130224,20130228 
G.5.5_index_2_VS_G.3.1_index_1 [10] PLUS 1 
20130213,20130214,20130215,20130216,20130217,20130218,20130219,20130220,20130226 
Number is 26 
G.7.4_index_2_VS_G.3.3_index_1 [11] PLUS 1 
20130213,20130214,20130215,20130216,20130217,20130218,20130219,20130221,20130224,20130225,20130301 
G.4.3_index_2_VS_G.4.1_index_2 [12] PLUS 1 
20130213,20130214,20130215,20130216,20130217,20130218,20130219,20130222,20130223,20130225,20130226,20130228,20130301 
Number is 28 
G.7.4_index_2_VS_G.4.1_index_4 [13] 
20130213,20130214,20130215,20130216,20130217,20130218,20130220,20130224,20130301 
Number is 30 
G.2.2_index_5_VS_G.5.1_index_4 [14] 
20130213,20130214,20130215,20130216,20130217,20130218,20130220,20130223,20130225,20130301 
Number is 39 
G.4.2_index_1_VS_G.5.1_index_1 [15] 
20130213,20130214,20130215,20130216,20130217,20130218,20130220,20130223,20130225,20130301 
Number is 42 
G.3.1_index_3_VS_G.4.3_index_1 [16] 
20130213,20130214,20130215,20130216,20130217,20130218,20130220,20130222,20130224,20130226,20130227 
Number is 46 
G.3.1_index_2_VS_G.3.1_index_5 [17] 
20130213,20130214,20130215,20130216,20130217,20130218,20130224,20130225,20130226,20130301 
Number is 49 
G.5.4_index_4_VS_G.5.1_index_1 [18] PLUS 1 
20130213,20130214,20130215,20130216,20130217,20130218,20130219,20130220,20130224,20130225,20130226,20130227,20130228 
Number is 50 
G.3.3_index_4_VS_G.2.1_index_3 [19] PLUS 1 
20130213,20130214,20130215,20130216,20130217,20130218,20130219,20130221,20130222,20130223,20130224,20130225,20130228 
Number is 58 
G.6.1_index_1_VS_G.4.3_index_4 [20] PLUS 1 
20130213,20130214,20130215,20130216,20130217,20130218,20130219,20130220,20130224,20130225,20130227 
Number is 59 
G.5.5_index_3_VS_G.5.1_index_1 [21] PLUS 1 
20130213,20130214,20130215,20130216,20130217,20130218,20130219,20130220,20130221,20130224,20130225,20130226,20130227,20130228 
Number is 81 
G.4.1_index_1_VS_G.2.1_index_2 [22] PLUS 1 
20130213,20130214,20130215,20130216,20130217,20130218,20130219,20130223,20130224,20130228 
Number is 89 
G.4.1_index_4_VS_G.5.5_index_4 [23] 
20130213,20130214,20130215,20130216,20130217,20130218,20130224,20130226,20130228,20130301 
Number is 91 
G.5.4_index_3_VS_G.5.6_index_2 [24] PLUS 1 
20130213,20130214,20130215,20130216,20130217,20130218,20130219,20130220,20130221,20130223,20130224,20130226,20130227,20130228 
Number is 95 
G.5.1_index_1_VS_G.DB_index_5 [25] PLUS 1 
20130213,20130214,20130215,20130216,20130217,20130218,20130219,20130221,20130223,20130224,20130226,20130228,20130301 
Number is 96 
G.2.1_index_1_VS_G.7.4_index_1 [26] 
20130213,20130214,20130215,20130216,20130217,20130218,20130222 
Number is 98 
G.3.5_index_2_VS_G.4.1_index_4 [27] 
20130213,20130214,20130215,20130216,20130217,20130218,20130220,20130224,20130225 
