======== Current: 20130223 ========= 
Number is 12 
G.3.2_index_1_VS_G.6.1_index_3 [1] 
20130217,20130218,20130219,20130220,20130221,20130222,20130227,20130228,20130301 
Number is 21 
G.4.4_index_3_VS_G.3.1_index_2 [2] 
20130215,20130216,20130217,20130218,20130219,20130220,20130221,20130222,20130224,20130225,20130226,20130228 
Number is 25 
G.4.4_index_3_VS_G.2.1_index_4 [3] PLUS 1 
20130214,20130215,20130217,20130218,20130219,20130220,20130221,20130222,20130223,20130224,20130226,20130227,20130228 
Number is 29 
G.5.4_index_4_VS_G.3.2_index_5 [4] PLUS 1 
20130213,20130217,20130218,20130219,20130220,20130221,20130222,20130223,20130224,20130225,20130226,20130228,20130301 
Number is 36 
G.3.1_index_5_VS_G.2.2_index_1 [5] PLUS 1 
20130213,20130216,20130217,20130218,20130219,20130220,20130221,20130222,20130223,20130225,20130301 
Number is 48 
G.3.3_index_3_VS_G.2.1_index_3 [6] PLUS 1 
20130214,20130217,20130218,20130219,20130220,20130221,20130222,20130223,20130226 
Number is 57 
G.3.3_index_4_VS_G.1.1_index_2 [7] 
20130213,20130215,20130217,20130218,20130219,20130220,20130221,20130222,20130227,20130228,20130301 
Number is 62 
G.4.2_index_3_VS_G.5.1_index_2 [8] 
20130213,20130214,20130216,20130217,20130218,20130219,20130220,20130221,20130222,20130224,20130225,20130227,20130228,20130301 
Number is 67 
G.7.1_index_1_VS_G.DB_index_5 [9] PLUS 1 
20130213,20130217,20130218,20130219,20130220,20130221,20130222,20130223,20130227 
G.2.2_index_3_VS_G.DB_index_5 [10] PLUS 1 
20130214,20130217,20130218,20130219,20130220,20130221,20130222,20130223,20130225,20130227,20130228 
Number is 69 
G.DB_index_1_VS_G.6.2_index_2 [11] 
20130213,20130216,20130217,20130218,20130219,20130220,20130221,20130222,20130224,20130226,20130227,20130228,20130301 
Number is 88 
G.4.1_index_2_VS_G.2.1_index_2 [12] PLUS 1 
20130213,20130217,20130218,20130219,20130220,20130221,20130222,20130223,20130224,20130225,20130228 
G.2.1_index_3_VS_G.3.6_index_5 [13] PLUS 1 
20130215,20130217,20130218,20130219,20130220,20130221,20130222,20130223,20130224,20130301 
Number is 92 
G.3.2_index_5_VS_G.4.3_index_2 [14] PLUS 1 
20130217,20130218,20130219,20130220,20130221,20130222,20130223,20130225,20130301 
Number is 96 
G.4.1_index_3_VS_G.2.2_index_1 [15] 
20130213,20130214,20130215,20130217,20130218,20130219,20130220,20130221,20130222,20130301 
Number is 97 
G.5.5_index_4_VS_G.DB_index_5 [16] 
20130217,20130218,20130219,20130220,20130221,20130222,20130226,20130228 
