======== Current: 20130226 ========= 
Number is 05 
G.3.3_index_4_VS_G.2.2_index_2 [1] PLUS 1 
20130213,20130214,20130219,20130220,20130221,20130222,20130223,20130224,20130225,20130226,20130227,20130228,20130301 
Number is 15 
G.5.3_index_1_VS_G.DB_index_3 [2] 
20130214,20130216,20130218,20130219,20130220,20130221,20130222,20130223,20130224,20130225,20130301 
Number is 16 
G.6.3_index_3_VS_G.DB_index_2 [3] 
20130214,20130215,20130218,20130220,20130221,20130222,20130223,20130224,20130225,20130227,20130228,20130301 
Number is 17 
G.5.2_index_2_VS_G.5.2_index_3 [4] PLUS 1 
20130213,20130217,20130219,20130220,20130221,20130222,20130223,20130224,20130225,20130226,20130228 
Number is 20 
G.3.6_index_3_VS_G.3.2_index_5 [5] PLUS 1 
20130214,20130215,20130217,20130220,20130221,20130222,20130223,20130224,20130225,20130226 
G.6.1_index_3_VS_G.3.3_index_4 [6] PLUS 1 
20130213,20130214,20130216,20130220,20130221,20130222,20130223,20130224,20130225,20130226,20130227,20130301 
Number is 21 
G.5.5_index_1_VS_G.2.1_index_5 [7] 
20130213,20130217,20130220,20130221,20130222,20130223,20130224,20130225,20130228,20130301 
Number is 48 
G.7.2_index_2_VS_G.5.1_index_2 [8] 
20130213,20130215,20130217,20130219,20130220,20130221,20130222,20130223,20130224,20130225,20130228,20130301 
Number is 50 
G.3.4_index_5_VS_G.4.3_index_3 [9] PLUS 1 
20130213,20130214,20130217,20130219,20130220,20130221,20130222,20130223,20130224,20130225,20130226,20130228 
Number is 51 
G.4.1_index_2_VS_G.2.1_index_2 [10] 
20130213,20130217,20130218,20130219,20130220,20130221,20130222,20130223,20130224,20130225,20130228 
Number is 62 
G.DB_index_2_VS_G.6.1_index_2 [11] PLUS 1 
20130214,20130216,20130218,20130220,20130221,20130222,20130223,20130224,20130225,20130226,20130301 
Number is 63 
G.DB_index_2_VS_G.DB_index_1 [12] 
20130213,20130214,20130215,20130218,20130220,20130221,20130222,20130223,20130224,20130225,20130227,20130301 
Number is 64 
G.7.1_index_2_VS_G.1.1_index_2 [13] 
20130214,20130216,20130219,20130220,20130221,20130222,20130223,20130224,20130225 
Number is 65 
G.DB_index_2_VS_G.3.6_index_2 [14] PLUS 1 
20130213,20130214,20130219,20130220,20130221,20130222,20130223,20130224,20130225,20130226,20130227 
Number is 66 
G.7.1_index_2_VS_G.DB_index_2 [15] PLUS 1 
20130213,20130215,20130220,20130221,20130222,20130223,20130224,20130225,20130226 
Number is 70 
G.5.4_index_4_VS_G.3.2_index_5 [16] PLUS 1 
20130213,20130217,20130218,20130219,20130220,20130221,20130222,20130223,20130224,20130225,20130226,20130228,20130301 
G.5.6_index_3_VS_G.1.1_index_3 [17] PLUS 1 
20130213,20130214,20130215,20130220,20130221,20130222,20130223,20130224,20130225,20130226,20130228 
Number is 72 
G.5.2_index_3_VS_G.7.3_index_2 [18] 
20130216,20130219,20130220,20130221,20130222,20130223,20130224,20130225,20130227,20130228 
Number is 73 
G.5.2_index_3_VS_G.DB_index_1 [19] PLUS 1 
20130213,20130214,20130219,20130220,20130221,20130222,20130223,20130224,20130225,20130226,20130227 
G.5.2_index_3_VS_G.2.1_index_1 [20] PLUS 1 
20130213,20130215,20130218,20130220,20130221,20130222,20130223,20130224,20130225,20130226,20130227,20130228,20130301 
Number is 84 
G.6.3_index_1_VS_G.1.1_index_2 [21] 
20130213,20130218,20130219,20130220,20130221,20130222,20130223,20130224,20130225,20130301 
Number is 85 
G.5.2_index_4_VS_G.3.4_index_5 [22] PLUS 1 
20130213,20130215,20130216,20130219,20130220,20130221,20130222,20130223,20130224,20130225,20130226 
