======== Current: 20130227 ========= 
Number is 00 
G.5.5_index_1_VS_G.3.3_index_1 [1] PLUS 1 
20130215,20130221,20130222,20130223,20130224,20130225,20130226,20130227,20130228 
Number is 02 
G.5.3_index_1_VS_G.3.1_index_4 [2] 
20130215,20130216,20130217,20130219,20130221,20130222,20130223,20130224,20130225,20130226,20130228,20130301 
G.3.3_index_1_VS_G.5.2_index_2 [3] 
20130214,20130219,20130221,20130222,20130223,20130224,20130225,20130226 
Number is 04 
G.DB_index_5_VS_G.4.2_index_2 [4] 
20130213,20130221,20130222,20130223,20130224,20130225,20130226 
Number is 07 
G.3.3_index_1_VS_G.2.2_index_4 [5] PLUS 1 
20130213,20130215,20130221,20130222,20130223,20130224,20130225,20130226,20130227,20130228,20130301 
Number is 08 
G.5.5_index_1_VS_G.3.6_index_1 [6] 
20130216,20130219,20130221,20130222,20130223,20130224,20130225,20130226,20130228,20130301 
Number is 12 
G.3.6_index_3_VS_G.3.2_index_5 [7] 
20130214,20130215,20130217,20130220,20130221,20130222,20130223,20130224,20130225,20130226 
Number is 14 
G.3.4_index_5_VS_G.4.3_index_3 [8] 
20130213,20130214,20130217,20130219,20130220,20130221,20130222,20130223,20130224,20130225,20130226,20130228 
Number is 19 
G.1.1_index_5_VS_G.5.1_index_1 [9] 
20130213,20130214,20130215,20130216,20130221,20130222,20130223,20130224,20130225,20130226 
Number is 20 
G.5.3_index_3_VS_G.3.3_index_1 [10] 
20130213,20130215,20130218,20130219,20130221,20130222,20130223,20130224,20130225,20130226,20130301 
G.4.1_index_1_VS_G.5.5_index_1 [11] 
20130214,20130216,20130219,20130221,20130222,20130223,20130224,20130225,20130226,20130301 
Number is 26 
G.3.6_index_5_VS_G.4.2_index_4 [12] PLUS 1 
20130214,20130216,20130217,20130218,20130219,20130221,20130222,20130223,20130224,20130225,20130226,20130227,20130301 
Number is 27 
G.4.1_index_1_VS_G.3.3_index_4 [13] 
20130213,20130214,20130215,20130216,20130218,20130219,20130221,20130222,20130223,20130224,20130225,20130226,20130228 
G.5.2_index_2_VS_G.5.2_index_3 [14] 
20130213,20130217,20130219,20130220,20130221,20130222,20130223,20130224,20130225,20130226,20130228 
G.7.4_index_2_VS_G.3.3_index_3 [15] 
20130216,20130221,20130222,20130223,20130224,20130225,20130226,20130301 
Number is 36 
G.DB_index_2_VS_G.3.6_index_2 [16] PLUS 1 
20130213,20130214,20130219,20130220,20130221,20130222,20130223,20130224,20130225,20130226,20130227 
Number is 37 
G.DB_index_2_VS_G.6.1_index_2 [17] 
20130214,20130216,20130218,20130220,20130221,20130222,20130223,20130224,20130225,20130226,20130301 
G.2.1_index_2_VS_G.5.6_index_2 [18] 
20130213,20130214,20130215,20130216,20130218,20130221,20130222,20130223,20130224,20130225,20130226 
G.2.1_index_2_VS_G.5.4_index_4 [19] 
20130214,20130221,20130222,20130223,20130224,20130225,20130226,20130228 
Number is 39 
G.3.2_index_1_VS_G.6.3_index_3 [20] PLUS 1 
20130217,20130218,20130221,20130222,20130223,20130224,20130225,20130226,20130227,20130301 
Number is 47 
G.4.3_index_3_VS_G.5.2_index_3 [21] 
20130221,20130222,20130223,20130224,20130225,20130226,20130228,20130301 
Number is 53 
G.7.1_index_2_VS_G.DB_index_2 [22] 
20130213,20130215,20130220,20130221,20130222,20130223,20130224,20130225,20130226 
G.4.3_index_2_VS_G.2.1_index_2 [23] 
20130221,20130222,20130223,20130224,20130225,20130226 
Number is 57 
G.4.3_index_2_VS_G.5.4_index_4 [24] 
20130217,20130221,20130222,20130223,20130224,20130225,20130226,20130301 
G.3.4_index_3_VS_G.2.2_index_3 [25] 
20130213,20130216,20130217,20130218,20130221,20130222,20130223,20130224,20130225,20130226,20130228 
Number is 66 
G.3.1_index_5_VS_G.3.6_index_2 [26] 
20130216,20130218,20130221,20130222,20130223,20130224,20130225,20130226,20130228 
Number is 67 
G.5.6_index_3_VS_G.4.4_index_3 [27] PLUS 1 
20130213,20130214,20130216,20130217,20130221,20130222,20130223,20130224,20130225,20130226,20130227,20130228 
G.6.1_index_3_VS_G.3.3_index_4 [28] PLUS 1 
20130213,20130214,20130216,20130220,20130221,20130222,20130223,20130224,20130225,20130226,20130227,20130301 
Number is 68 
G.1.1_index_2_VS_G.DB_index_1 [29] 
20130216,20130218,20130219,20130221,20130222,20130223,20130224,20130225,20130226,20130301 
Number is 69 
G.5.6_index_3_VS_G.1.1_index_3 [30] 
20130213,20130214,20130215,20130220,20130221,20130222,20130223,20130224,20130225,20130226,20130228 
Number is 70 
G.2.2_index_3_VS_G.5.3_index_1 [31] PLUS 1 
20130213,20130214,20130217,20130221,20130222,20130223,20130224,20130225,20130226,20130227,20130228 
G.3.3_index_4_VS_G.7.1_index_1 [32] PLUS 1 
20130215,20130216,20130219,20130221,20130222,20130223,20130224,20130225,20130226,20130227,20130301 
Number is 72 
G.5.4_index_4_VS_G.3.2_index_5 [33] 
20130213,20130217,20130218,20130219,20130220,20130221,20130222,20130223,20130224,20130225,20130226,20130228,20130301 
G.4.1_index_2_VS_G.7.4_index_2 [34] 
20130213,20130214,20130215,20130217,20130219,20130221,20130222,20130223,20130224,20130225,20130226 
Number is 76 
G.5.2_index_3_VS_G.2.1_index_1 [35] PLUS 1 
20130213,20130215,20130218,20130220,20130221,20130222,20130223,20130224,20130225,20130226,20130227,20130228,20130301 
Number is 77 
G.2.2_index_3_VS_G.3.3_index_4 [36] PLUS 1 
20130213,20130216,20130219,20130221,20130222,20130223,20130224,20130225,20130226,20130227,20130228 
Number is 78 
G.5.2_index_3_VS_G.DB_index_1 [37] PLUS 1 
20130213,20130214,20130219,20130220,20130221,20130222,20130223,20130224,20130225,20130226,20130227 
Number is 79 
G.5.2_index_3_VS_G.4.2_index_3 [38] PLUS 1 
20130214,20130215,20130216,20130218,20130221,20130222,20130223,20130224,20130225,20130226,20130227,20130228 
G.3.3_index_4_VS_G.2.2_index_2 [39] PLUS 1 
20130213,20130214,20130219,20130220,20130221,20130222,20130223,20130224,20130225,20130226,20130227,20130228,20130301 
Number is 91 
G.5.2_index_4_VS_G.3.4_index_5 [40] 
20130213,20130215,20130216,20130219,20130220,20130221,20130222,20130223,20130224,20130225,20130226 
Number is 94 
G.2.2_index_2_VS_G.4.2_index_2 [41] PLUS 1 
20130217,20130221,20130222,20130223,20130224,20130225,20130226,20130227,20130228,20130301 
