======== Current: 20120308 ========= 
Number is 01 
G.4.3_index_3_VS_G.DB_index_2 [1] 
20120220,20120221,20120223,20120225,20120226,20120302,20120303,20120304,20120305,20120306,20120307,20120309,20120310,20120312,20120314,20120315,20120319,20120323,20120330 
Number is 06 
G.4.3_index_3_VS_G.5.5_index_4 [2] 
20120220,20120223,20120225,20120302,20120303,20120304,20120305,20120306,20120307,20120309,20120310,20120311,20120313,20120316,20120317,20120318,20120323,20120328 
Number is 20 
G.5.1_index_1_VS_G.DB_index_5 [3] 
20120226,20120227,20120228,20120302,20120303,20120304,20120305,20120306,20120307,20120309,20120311,20120312,20120313,20120314,20120315,20120317,20120318,20120319,20120321,20120322,20120326 
Number is 39 
G.4.3_index_2_VS_G.4.2_index_3 [4] PLUS 1 
20120223,20120224,20120228,20120302,20120303,20120304,20120305,20120306,20120307,20120308,20120309,20120310,20120313,20120315,20120319,20120320,20120324,20120326,20120328 
Number is 48 
G.1.1_index_2_VS_G.3.2_index_2 [5] 
20120221,20120222,20120223,20120226,20120229,20120302,20120303,20120304,20120305,20120306,20120307,20120312,20120313,20120320,20120321,20120324,20120325,20120329,20120330,20120331 
Number is 83 
G.4.1_index_4_VS_G.4.3_index_2 [6] PLUS 1 
20120223,20120224,20120226,20120227,20120302,20120303,20120304,20120305,20120306,20120307,20120308,20120309,20120311,20120312,20120314,20120315,20120316,20120321,20120323,20120324,20120326,20120328,20120329,20120401 
Number is 87 
G.3.1_index_5_VS_G.2.1_index_1 [7] 
20120220,20120226,20120302,20120303,20120304,20120305,20120306,20120307,20120312,20120313,20120315,20120316,20120319,20120326,20120327,20120328,20120331,20120401 
Number is 90 
G.6.2_index_2_VS_G.3.3_index_5 [8] PLUS 1 
20120228,20120229,20120302,20120303,20120304,20120305,20120306,20120307,20120308,20120314,20120315,20120316,20120317,20120319,20120322,20120330 
Number is 91 
G.3.1_index_4_VS_G.5.4_index_1 [9] PLUS 1 
20120220,20120221,20120226,20120227,20120228,20120229,20120301,20120302,20120303,20120304,20120305,20120306,20120307,20120308,20120309,20120310,20120316,20120320,20120324,20120326,20120328 
Number is 94 
G.3.1_index_4_VS_G.2.2_index_1 [10] PLUS 1 
20120220,20120221,20120223,20120224,20120225,20120227,20120228,20120302,20120303,20120304,20120305,20120306,20120307,20120308,20120310,20120315,20120321,20120324,20120325,20120326,20120327,20120401 
Number is 97 
G.2.1_index_2_VS_G.7.1_index_2 [11] PLUS 1 
20120220,20120221,20120222,20120226,20120302,20120303,20120304,20120305,20120306,20120307,20120308,20120312,20120315,20120317,20120319,20120322,20120324,20120325,20120328,20120330,20120331 
