======== Current: 20120316 ========= 
Number is 03 
G.4.3_index_3_VS_G.5.5_index_2 [1] PLUS 1 
20120221,20120302,20120304,20120305,20120308,20120309,20120310,20120311,20120312,20120313,20120314,20120315,20120316,20120319,20120320,20120321,20120322,20120323,20120325,20120326,20120328,20120330,20120331 
Number is 10 
G.2.2_index_3_VS_G.5.2_index_1 [2] PLUS 1 
20120221,20120226,20120227,20120228,20120229,20120302,20120303,20120307,20120308,20120310,20120311,20120312,20120313,20120314,20120315,20120316,20120317,20120318,20120322,20120326,20120327 
G.2.1_index_3_VS_G.6.3_index_2 [3] PLUS 1 
20120220,20120221,20120224,20120225,20120229,20120303,20120306,20120308,20120310,20120311,20120312,20120313,20120314,20120315,20120316,20120321,20120323,20120325,20120327 
Number is 18 
G.2.1_index_3_VS_G.7.1_index_1 [4] 
20120220,20120221,20120223,20120224,20120226,20120302,20120303,20120309,20120310,20120311,20120312,20120313,20120314,20120315,20120319,20120321,20120323,20120324,20120327,20120331 
Number is 24 
G.4.4_index_4_VS_G.5.3_index_1 [5] 
20120223,20120226,20120229,20120301,20120306,20120307,20120310,20120311,20120312,20120313,20120314,20120315,20120317,20120319,20120320,20120323,20120324,20120325,20120328,20120330,20120331,20120401 
Number is 25 
G.4.4_index_4_VS_G.3.1_index_1 [6] 
20120221,20120222,20120223,20120229,20120301,20120302,20120303,20120305,20120308,20120310,20120311,20120312,20120313,20120314,20120315,20120323,20120326,20120328,20120330,20120331 
Number is 31 
G.5.5_index_2_VS_G.3.6_index_5 [7] 
20120223,20120224,20120226,20120228,20120301,20120303,20120304,20120307,20120308,20120310,20120311,20120312,20120313,20120314,20120315,20120320,20120323,20120326,20120328,20120330 
Number is 47 
G.3.4_index_2_VS_G.2.1_index_2 [8] 
20120221,20120225,20120229,20120302,20120303,20120304,20120305,20120306,20120309,20120310,20120311,20120312,20120313,20120314,20120315,20120317,20120319,20120324,20120326,20120328,20120330 
Number is 48 
G.5.1_index_2_VS_G.3.4_index_3 [9] PLUS 1 
20120221,20120222,20120224,20120225,20120226,20120227,20120228,20120301,20120303,20120305,20120306,20120307,20120310,20120311,20120312,20120313,20120314,20120315,20120316,20120317,20120319,20120320,20120322,20120324,20120326,20120329 
Number is 49 
G.3.5_index_1_VS_G.5.6_index_4 [10] PLUS 1 
20120221,20120222,20120225,20120226,20120227,20120301,20120302,20120303,20120304,20120306,20120308,20120310,20120311,20120312,20120313,20120314,20120315,20120316,20120320,20120322,20120325,20120326,20120327,20120330,20120331 
G.3.1_index_4_VS_G.5.6_index_4 [11] PLUS 1 
20120220,20120221,20120223,20120224,20120225,20120227,20120228,20120305,20120306,20120307,20120310,20120311,20120312,20120313,20120314,20120315,20120316,20120317,20120321,20120322,20120327,20120331 
Number is 56 
G.3.3_index_4_VS_G.5.4_index_1 [12] 
20120221,20120222,20120226,20120228,20120229,20120302,20120303,20120304,20120308,20120310,20120311,20120312,20120313,20120314,20120315,20120317,20120320,20120323,20120326,20120328,20120329,20120330 
Number is 57 
G.3.1_index_1_VS_G.6.1_index_3 [13] PLUS 1 
20120222,20120223,20120224,20120225,20120227,20120301,20120303,20120306,20120310,20120311,20120312,20120313,20120314,20120315,20120316,20120319,20120321,20120326,20120328,20120330,20120331 
Number is 58 
G.3.2_index_4_VS_G.3.1_index_2 [14] 
20120221,20120223,20120224,20120227,20120229,20120302,20120304,20120306,20120310,20120311,20120312,20120313,20120314,20120315,20120317,20120320,20120324,20120326,20120327,20120329 
Number is 74 
G.2.2_index_1_VS_G.4.3_index_2 [15] 
20120220,20120221,20120222,20120224,20120226,20120227,20120302,20120303,20120305,20120307,20120310,20120311,20120312,20120313,20120314,20120315,20120323,20120324,20120325,20120326,20120328 
Number is 75 
G.4.4_index_3_VS_G.3.2_index_4 [16] PLUS 1 
20120221,20120222,20120225,20120229,20120302,20120303,20120310,20120311,20120312,20120313,20120314,20120315,20120316,20120319,20120321,20120322,20120325,20120328,20120331 
Number is 78 
G.2.1_index_2_VS_G.3.6_index_1 [17] 
20120222,20120223,20120225,20120304,20120308,20120309,20120310,20120311,20120312,20120313,20120314,20120315,20120319,20120320,20120327,20120328,20120329,20120330,20120331,20120401 
Number is 84 
G.5.2_index_4_VS_G.3.4_index_5 [18] PLUS 1 
20120221,20120222,20120225,20120226,20120229,20120301,20120302,20120304,20120307,20120309,20120310,20120311,20120312,20120313,20120314,20120315,20120316,20120323,20120324,20120328,20120330,20120331,20120401 
Number is 86 
G.3.4_index_1_VS_G.5.4_index_4 [19] PLUS 1 
20120221,20120302,20120309,20120310,20120311,20120312,20120313,20120314,20120315,20120316,20120321,20120326,20120327,20120328,20120329,20120330,20120331 
Number is 88 
G.3.6_index_1_VS_G.5.3_index_3 [20] 
20120220,20120221,20120223,20120225,20120226,20120227,20120229,20120305,20120308,20120310,20120311,20120312,20120313,20120314,20120315,20120318,20120320,20120322,20120323,20120324,20120325,20120330,20120331,20120401 
G.3.6_index_1_VS_G.4.1_index_4 [21] 
20120220,20120222,20120223,20120225,20120226,20120227,20120229,20120302,20120303,20120306,20120308,20120309,20120310,20120311,20120312,20120313,20120314,20120315,20120319,20120320,20120321,20120323,20120325,20120327,20120328,20120329,20120330,20120401 
