======== Current: 20120322 ========= 
Number is 04 
G.5.3_index_1_VS_G.2.1_index_5 [1] 
20120221,20120223,20120224,20120225,20120301,20120303,20120305,20120306,20120310,20120312,20120313,20120314,20120315,20120316,20120317,20120318,20120319,20120320,20120321,20120324,20120328,20120329,20120330,20120331 
Number is 05 
G.5.3_index_1_VS_G.3.2_index_1 [2] PLUS 1 
20120223,20120224,20120226,20120227,20120303,20120305,20120307,20120308,20120312,20120315,20120316,20120317,20120318,20120319,20120320,20120321,20120322,20120325,20120326,20120329 
Number is 14 
G.3.1_index_4_VS_G.6.2_index_1 [3] 
20120220,20120223,20120224,20120227,20120228,20120229,20120302,20120307,20120308,20120310,20120313,20120314,20120316,20120317,20120318,20120319,20120320,20120321,20120323,20120325,20120330,20120401 
Number is 16 
G.3.1_index_4_VS_G.5.3_index_2 [4] PLUS 1 
20120220,20120221,20120224,20120302,20120304,20120307,20120308,20120309,20120310,20120314,20120316,20120317,20120318,20120319,20120320,20120321,20120322,20120323,20120324,20120325,20120327,20120329 
Number is 21 
G.7.1_index_1_VS_G.DB_index_3 [5] PLUS 1 
20120220,20120221,20120223,20120226,20120303,20120306,20120309,20120310,20120311,20120312,20120316,20120317,20120318,20120319,20120320,20120321,20120322,20120324,20120326,20120328,20120331,20120401 
Number is 22 
G.3.5_index_5_VS_G.3.3_index_3 [6] 
20120223,20120224,20120228,20120229,20120301,20120302,20120310,20120312,20120314,20120316,20120317,20120318,20120319,20120320,20120321,20120323,20120324,20120327,20120328,20120329,20120401 
Number is 24 
G.7.1_index_2_VS_G.3.6_index_4 [7] 
20120221,20120222,20120223,20120226,20120227,20120228,20120302,20120303,20120305,20120307,20120311,20120312,20120314,20120315,20120316,20120317,20120318,20120319,20120320,20120321,20120323,20120324,20120327,20120331 
Number is 26 
G.7.1_index_1_VS_G.DB_index_2 [8] 
20120221,20120223,20120225,20120226,20120310,20120313,20120315,20120316,20120317,20120318,20120319,20120320,20120321,20120324,20120329,20120331 
Number is 27 
G.6.3_index_1_VS_G.3.1_index_2 [9] 
20120221,20120223,20120225,20120227,20120307,20120313,20120314,20120316,20120317,20120318,20120319,20120320,20120321,20120324,20120325,20120328,20120331 
Number is 44 
G.3.3_index_1_VS_G.DB_index_1 [10] PLUS 1 
20120220,20120223,20120224,20120301,20120305,20120306,20120309,20120316,20120317,20120318,20120319,20120320,20120321,20120322,20120326,20120327,20120328,20120401 
Number is 45 
G.3.2_index_2_VS_G.3.1_index_3 [11] 
20120220,20120229,20120303,20120304,20120312,20120316,20120317,20120318,20120319,20120320,20120321,20120324,20120401 
Number is 47 
G.3.3_index_1_VS_G.7.4_index_1 [12] 
20120220,20120224,20120226,20120228,20120308,20120310,20120316,20120317,20120318,20120319,20120320,20120321,20120323,20120324,20120326,20120328,20120329,20120330,20120401 
Number is 52 
G.3.2_index_4_VS_G.3.5_index_5 [13] 
20120222,20120223,20120224,20120302,20120303,20120304,20120306,20120310,20120311,20120314,20120315,20120316,20120317,20120318,20120319,20120320,20120321,20120323,20120328 
Number is 55 
G.3.6_index_2_VS_G.3.2_index_4 [14] PLUS 1 
20120220,20120221,20120228,20120303,20120306,20120310,20120316,20120317,20120318,20120319,20120320,20120321,20120322,20120326,20120328,20120330 
Number is 59 
G.5.5_index_1_VS_G.3.4_index_5 [15] 
20120220,20120221,20120222,20120226,20120228,20120302,20120304,20120306,20120309,20120310,20120314,20120315,20120316,20120317,20120318,20120319,20120320,20120321,20120324 
Number is 62 
G.5.3_index_2_VS_G.3.5_index_5 [16] 
20120220,20120224,20120225,20120227,20120229,20120301,20120302,20120303,20120306,20120307,20120310,20120314,20120315,20120316,20120317,20120318,20120319,20120320,20120321,20120324,20120325,20120326,20120327,20120328,20120401 
Number is 64 
G.5.3_index_2_VS_G.1.1_index_5 [17] PLUS 1 
20120222,20120223,20120224,20120225,20120226,20120228,20120229,20120302,20120303,20120305,20120306,20120313,20120314,20120316,20120317,20120318,20120319,20120320,20120321,20120322,20120325,20120331 
Number is 67 
G.5.3_index_2_VS_G.5.1_index_2 [18] 
20120220,20120221,20120223,20120224,20120225,20120228,20120301,20120302,20120303,20120305,20120307,20120313,20120314,20120316,20120317,20120318,20120319,20120320,20120321,20120326,20120329 
Number is 69 
G.4.3_index_3_VS_G.7.4_index_2 [19] PLUS 1 
20120221,20120222,20120302,20120309,20120312,20120313,20120314,20120315,20120316,20120317,20120318,20120319,20120320,20120321,20120322,20120328,20120330,20120331 
G.DB_index_2_VS_G.7.4_index_2 [20] PLUS 1 
20120221,20120223,20120226,20120303,20120316,20120317,20120318,20120319,20120320,20120321,20120322,20120326,20120328,20120329,20120330 
Number is 78 
G.4.1_index_2_VS_G.1.1_index_4 [21] 
20120220,20120221,20120222,20120223,20120224,20120227,20120228,20120301,20120302,20120303,20120304,20120306,20120311,20120314,20120315,20120316,20120317,20120318,20120319,20120320,20120321,20120325,20120326,20120328,20120330,20120331 
Number is 86 
G.DB_index_4_VS_G.5.3_index_2 [22] PLUS 1 
20120221,20120224,20120229,20120302,20120303,20120306,20120307,20120310,20120311,20120316,20120317,20120318,20120319,20120320,20120321,20120322,20120325,20120327 
Number is 95 
G.5.5_index_2_VS_G.5.5_index_1 [23] 
20120222,20120225,20120227,20120229,20120303,20120304,20120308,20120309,20120311,20120313,20120314,20120316,20120317,20120318,20120319,20120320,20120321,20120323,20120324,20120326,20120401 
Number is 96 
G.3.4_index_5_VS_G.6.3_index_2 [24] PLUS 1 
20120221,20120224,20120226,20120227,20120229,20120302,20120308,20120309,20120313,20120316,20120317,20120318,20120319,20120320,20120321,20120322,20120323,20120324,20120325,20120329,20120330 
