======== Current: 20120325 ========= 
Number is 00 
G.3.3_index_4_VS_G.5.5_index_2 [1] PLUS 1 
20120221,20120222,20120228,20120305,20120308,20120314,20120318,20120319,20120320,20120321,20120322,20120323,20120324,20120325,20120401 
Number is 02 
G.3.1_index_1_VS_G.3.6_index_3 [2] 
20120225,20120228,20120229,20120303,20120304,20120310,20120311,20120313,20120314,20120317,20120319,20120320,20120321,20120322,20120323,20120324,20120326,20120328,20120330 
Number is 05 
G.3.2_index_4_VS_G.3.2_index_3 [3] PLUS 1 
20120223,20120224,20120225,20120226,20120227,20120228,20120229,20120303,20120305,20120309,20120310,20120311,20120312,20120314,20120317,20120319,20120320,20120321,20120322,20120323,20120324,20120325,20120326,20120327 
Number is 08 
G.5.5_index_2_VS_G.3.6_index_4 [4] 
20120221,20120223,20120225,20120226,20120228,20120302,20120303,20120308,20120310,20120314,20120315,20120316,20120317,20120319,20120320,20120321,20120322,20120323,20120324,20120328,20120331,20120401 
Number is 18 
G.5.5_index_1_VS_G.3.6_index_5 [5] PLUS 1 
20120220,20120222,20120223,20120226,20120228,20120302,20120303,20120304,20120306,20120307,20120310,20120319,20120320,20120321,20120322,20120323,20120324,20120325,20120326,20120328,20120330 
Number is 19 
G.5.5_index_1_VS_G.3.2_index_5 [6] PLUS 1 
20120220,20120222,20120224,20120228,20120229,20120302,20120303,20120306,20120307,20120310,20120312,20120313,20120314,20120318,20120319,20120320,20120321,20120322,20120323,20120324,20120325,20120326,20120328,20120329 
Number is 26 
G.4.1_index_3_VS_G.4.3_index_4 [7] PLUS 1 
20120220,20120221,20120225,20120229,20120301,20120302,20120303,20120306,20120308,20120309,20120310,20120315,20120317,20120319,20120320,20120321,20120322,20120323,20120324,20120325,20120326,20120328,20120331,20120401 
Number is 27 
G.3.6_index_3_VS_G.6.1_index_2 [8] 
20120220,20120223,20120225,20120226,20120228,20120229,20120301,20120303,20120306,20120310,20120312,20120314,20120315,20120316,20120317,20120319,20120320,20120321,20120322,20120323,20120324,20120327,20120328,20120329,20120401 
Number is 28 
G.3.6_index_3_VS_G.5.6_index_3 [9] 
20120220,20120226,20120228,20120229,20120302,20120307,20120311,20120314,20120315,20120316,20120318,20120319,20120320,20120321,20120322,20120323,20120324,20120326,20120327,20120331 
G.1.1_index_4_VS_G.3.6_index_5 [10] 
20120220,20120222,20120228,20120303,20120304,20120308,20120309,20120310,20120311,20120314,20120315,20120318,20120319,20120320,20120321,20120322,20120323,20120324,20120327,20120330,20120331 
Number is 29 
G.3.6_index_3_VS_G.6.3_index_2 [11] PLUS 1 
20120222,20120223,20120224,20120225,20120227,20120229,20120301,20120306,20120307,20120308,20120311,20120313,20120317,20120319,20120320,20120321,20120322,20120323,20120324,20120325,20120328 
Number is 35 
G.3.2_index_2_VS_G.5.3_index_2 [12] 
20120220,20120221,20120222,20120229,20120301,20120302,20120303,20120304,20120307,20120312,20120316,20120317,20120319,20120320,20120321,20120322,20120323,20120324,20120330 
Number is 44 
G.3.4_index_2_VS_G.2.2_index_3 [13] 
20120221,20120226,20120302,20120305,20120307,20120312,20120314,20120318,20120319,20120320,20120321,20120322,20120323,20120324,20120328,20120329 
Number is 46 
G.4.1_index_1_VS_G.3.4_index_1 [14] PLUS 1 
20120221,20120226,20120301,20120302,20120308,20120309,20120312,20120313,20120314,20120315,20120318,20120319,20120320,20120321,20120322,20120323,20120324,20120325,20120328,20120329,20120330,20120331 
Number is 47 
G.3.4_index_2_VS_G.2.1_index_3 [15] 
20120220,20120221,20120224,20120302,20120305,20120306,20120308,20120310,20120312,20120315,20120317,20120319,20120320,20120321,20120322,20120323,20120324,20120327,20120328,20120330 
Number is 50 
G.5.3_index_1_VS_G.7.1_index_1 [16] PLUS 1 
20120220,20120226,20120227,20120229,20120302,20120306,20120309,20120310,20120312,20120314,20120316,20120317,20120319,20120320,20120321,20120322,20120323,20120324,20120325,20120327,20120329,20120330,20120331,20120401 
Number is 55 
G.5.3_index_1_VS_G.3.2_index_3 [17] 
20120222,20120223,20120224,20120226,20120227,20120228,20120301,20120305,20120306,20120307,20120310,20120313,20120314,20120316,20120319,20120320,20120321,20120322,20120323,20120324,20120328,20120329 
G.5.3_index_1_VS_G.5.3_index_1 [18] 
20120222,20120223,20120225,20120229,20120305,20120306,20120308,20120310,20120316,20120319,20120320,20120321,20120322,20120323,20120324,20120328,20120401 
Number is 65 
G.3.4_index_1_VS_G.5.2_index_3 [19] PLUS 1 
20120222,20120225,20120226,20120229,20120305,20120308,20120309,20120314,20120317,20120319,20120320,20120321,20120322,20120323,20120324,20120325,20120328,20120331 
G.3.1_index_4_VS_G.5.3_index_2 [20] PLUS 1 
20120220,20120221,20120224,20120302,20120304,20120307,20120308,20120309,20120310,20120314,20120316,20120317,20120318,20120319,20120320,20120321,20120322,20120323,20120324,20120325,20120327,20120329 
Number is 66 
G.3.4_index_1_VS_G.3.1_index_4 [21] 
20120221,20120222,20120223,20120228,20120304,20120306,20120307,20120308,20120311,20120313,20120314,20120316,20120319,20120320,20120321,20120322,20120323,20120324,20120329,20120330,20120331 
Number is 67 
G.DB_index_1_VS_G.2.1_index_3 [22] 
20120220,20120221,20120222,20120224,20120225,20120226,20120228,20120301,20120302,20120305,20120306,20120308,20120309,20120319,20120320,20120321,20120322,20120323,20120324,20120327,20120328,20120330 
Number is 71 
G.5.6_index_2_VS_G.3.1_index_5 [23] 
20120221,20120223,20120224,20120226,20120306,20120307,20120310,20120314,20120315,20120319,20120320,20120321,20120322,20120323,20120324,20120329,20120331 
G.3.3_index_1_VS_G.3.5_index_1 [24] 
20120221,20120223,20120227,20120229,20120301,20120302,20120305,20120306,20120307,20120310,20120316,20120319,20120320,20120321,20120322,20120323,20120324,20120326,20120328,20120330,20120401 
Number is 72 
G.5.3_index_4_VS_G.3.6_index_3 [25] 
20120221,20120223,20120224,20120225,20120226,20120301,20120305,20120307,20120310,20120312,20120313,20120314,20120315,20120318,20120319,20120320,20120321,20120322,20120323,20120324,20120326,20120328,20120331,20120401 
Number is 76 
G.3.4_index_5_VS_G.3.4_index_1 [26] 
20120221,20120222,20120226,20120229,20120308,20120315,20120316,20120319,20120320,20120321,20120322,20120323,20120324,20120326,20120329,20120330,20120331 
Number is 79 
G.3.4_index_5_VS_G.6.3_index_2 [27] PLUS 1 
20120221,20120224,20120226,20120227,20120229,20120302,20120308,20120309,20120313,20120316,20120317,20120318,20120319,20120320,20120321,20120322,20120323,20120324,20120325,20120329,20120330 
Number is 83 
G.3.6_index_5_VS_G.7.3_index_1 [28] 
20120222,20120223,20120224,20120228,20120303,20120305,20120306,20120308,20120310,20120311,20120313,20120319,20120320,20120321,20120322,20120323,20120324,20120326,20120329,20120331 
Number is 84 
G.3.6_index_4_VS_G.2.2_index_3 [29] PLUS 1 
20120220,20120221,20120222,20120227,20120228,20120303,20120304,20120307,20120308,20120311,20120312,20120314,20120315,20120317,20120318,20120319,20120320,20120321,20120322,20120323,20120324,20120325 
Number is 86 
G.3.6_index_4_VS_G.DB_index_1 [30] 
20120220,20120227,20120228,20120229,20120303,20120307,20120308,20120309,20120311,20120312,20120314,20120317,20120319,20120320,20120321,20120322,20120323,20120324,20120327,20120328,20120330 
Number is 90 
G.3.1_index_3_VS_G.3.1_index_1 [31] 
20120221,20120229,20120303,20120305,20120306,20120307,20120311,20120319,20120320,20120321,20120322,20120323,20120324,20120329,20120330 
Number is 97 
G.6.3_index_2_VS_G.5.3_index_4 [32] PLUS 1 
20120221,20120223,20120224,20120226,20120228,20120306,20120307,20120311,20120313,20120316,20120317,20120319,20120320,20120321,20120322,20120323,20120324,20120325,20120327 
