======== Current: 20160902 ========= 
Number is 14 
G.3.2_index_3_VS_G.5.4_index_1 [1] 
20160819,20160822,20160823,20160824,20160826,20160827,20160828,20160829,20160830,20160831,20160901,20160917,20160920,20160922,20160924 
Number is 22 
G.3.3_index_5_VS_G.DB_index_4 [2] PLUS 1 
20160817,20160820,20160822,20160826,20160827,20160828,20160829,20160830,20160831,20160901,20160902,20160903,20160907,20160908,20160909,20160911,20160912,20160913,20160917,20160920,20160921,20160924,20160926 
Number is 24 
G.3.1_index_1_VS_G.5.4_index_1 [3] 
20160822,20160824,20160825,20160826,20160827,20160828,20160829,20160830,20160831,20160901,20160904,20160905,20160912,20160914,20160915,20160918,20160922,20160924,20160926 
Number is 26 
G.5.4_index_3_VS_G.DB_index_2 [4] PLUS 1 
20160820,20160821,20160822,20160823,20160825,20160827,20160828,20160829,20160830,20160831,20160901,20160902,20160903,20160904,20160905,20160906,20160909,20160911,20160915,20160917,20160918,20160920,20160923,20160924,20160925,20160926 
Number is 30 
G.7.2_index_2_VS_G.3.1_index_3 [5] PLUS 1 
20160816,20160817,20160818,20160822,20160824,20160825,20160827,20160828,20160829,20160830,20160831,20160901,20160902,20160903,20160906,20160909,20160914,20160916,20160918,20160919,20160921,20160922,20160925 
Number is 31 
G.1.1_index_4_VS_G.4.2_index_1 [6] PLUS 1 
20160823,20160826,20160827,20160828,20160829,20160830,20160831,20160901,20160902,20160903,20160904,20160906,20160912,20160913,20160914,20160915,20160918,20160920,20160924,20160925,20160926 
Number is 35 
G.1.1_index_4_VS_G.1.1_index_2 [7] 
20160819,20160821,20160822,20160825,20160827,20160828,20160829,20160830,20160831,20160901,20160904,20160905,20160906,20160907,20160909,20160910,20160913,20160914,20160921,20160922,20160924 
Number is 36 
G.4.3_index_3_VS_G.DB_index_2 [8] 
20160816,20160817,20160818,20160819,20160821,20160825,20160827,20160828,20160829,20160830,20160831,20160901,20160903,20160912,20160913,20160915,20160918,20160921,20160923,20160925 
Number is 37 
G.4.1_index_1_VS_G.4.3_index_2 [9] 
20160817,20160820,20160821,20160822,20160826,20160827,20160828,20160829,20160830,20160831,20160901,20160903,20160907,20160908,20160909,20160911,20160912,20160913,20160914,20160915,20160916,20160918,20160920,20160922,20160923 
Number is 42 
G.5.3_index_2_VS_G.3.1_index_1 [10] 
20160818,20160822,20160823,20160826,20160827,20160828,20160829,20160830,20160831,20160901,20160904,20160909,20160910,20160921,20160923,20160924,20160926 
Number is 45 
G.3.5_index_1_VS_G.1.1_index_3 [11] 
20160819,20160823,20160826,20160827,20160828,20160829,20160830,20160831,20160901,20160910,20160912,20160913,20160914,20160916,20160918,20160921,20160922,20160923,20160924 
Number is 47 
G.4.3_index_4_VS_G.5.2_index_1 [12] PLUS 1 
20160822,20160826,20160827,20160828,20160829,20160830,20160831,20160901,20160902,20160903,20160904,20160907,20160908,20160910,20160915,20160916,20160917,20160925,20160926 
Number is 57 
G.1.1_index_2_VS_G.DB_index_1 [13] 
20160816,20160817,20160818,20160819,20160824,20160827,20160828,20160829,20160830,20160831,20160901,20160903,20160909,20160915,20160916,20160919,20160921 
Number is 60 
G.DB_index_2_VS_G.4.1_index_3 [14] 
20160819,20160821,20160825,20160827,20160828,20160829,20160830,20160831,20160901,20160903,20160906,20160910,20160913,20160914,20160917,20160922,20160923 
Number is 63 
G.6.1_index_3_VS_G.1.1_index_4 [15] 
20160817,20160822,20160823,20160824,20160827,20160828,20160829,20160830,20160831,20160901,20160903,20160904,20160905,20160910,20160912,20160913,20160914,20160921,20160923,20160924 
Number is 65 
G.5.5_index_2_VS_G.3.3_index_3 [16] 
20160819,20160823,20160825,20160827,20160828,20160829,20160830,20160831,20160901,20160904,20160906,20160907,20160909,20160912,20160915,20160917,20160922,20160925,20160926 
Number is 72 
G.DB_index_1_VS_G.4.4_index_3 [17] PLUS 1 
20160817,20160818,20160819,20160820,20160821,20160822,20160826,20160827,20160828,20160829,20160830,20160831,20160901,20160902,20160903,20160911,20160912,20160917,20160918,20160920,20160922,20160926 
