======== Current: 20160905 ========= 
Number is 02 
G.2.1_index_2_VS_G.DB_index_1 [1] 
20160817,20160818,20160821,20160822,20160825,20160826,20160827,20160829,20160830,20160831,20160901,20160902,20160903,20160904,20160907,20160908,20160910,20160911,20160912,20160915,20160916,20160919,20160921,20160922,20160925 
Number is 10 
G.3.1_index_3_VS_G.5.3_index_4 [2] 
20160816,20160817,20160818,20160821,20160822,20160829,20160830,20160831,20160901,20160902,20160903,20160904,20160906,20160907,20160908,20160911,20160913,20160918,20160919,20160921,20160922,20160924 
Number is 12 
G.5.4_index_3_VS_G.DB_index_2 [3] PLUS 1 
20160820,20160821,20160822,20160823,20160825,20160827,20160828,20160829,20160830,20160831,20160901,20160902,20160903,20160904,20160905,20160906,20160909,20160911,20160915,20160917,20160918,20160920,20160923,20160924,20160925,20160926 
Number is 13 
G.7.4_index_1_VS_G.6.1_index_3 [4] PLUS 1 
20160817,20160818,20160821,20160823,20160829,20160830,20160831,20160901,20160902,20160903,20160904,20160905,20160906,20160909,20160910,20160911,20160912,20160913,20160914,20160917,20160919,20160920 
Number is 17 
G.5.2_index_2_VS_G.2.2_index_4 [5] 
20160816,20160818,20160820,20160825,20160826,20160830,20160831,20160901,20160902,20160903,20160904,20160907,20160908,20160912,20160913,20160915,20160917,20160918,20160919,20160921,20160922,20160924,20160926 
Number is 30 
G.3.5_index_3_VS_G.5.3_index_4 [6] 
20160816,20160818,20160819,20160821,20160822,20160824,20160825,20160826,20160827,20160828,20160830,20160831,20160901,20160902,20160903,20160904,20160907,20160908,20160914,20160915,20160917,20160918,20160920,20160921,20160925 
Number is 31 
G.3.6_index_1_VS_G.5.4_index_3 [7] PLUS 1 
20160816,20160820,20160821,20160822,20160825,20160830,20160831,20160901,20160902,20160903,20160904,20160905,20160909,20160910,20160915 
Number is 47 
G.3.2_index_2_VS_G.6.1_index_2 [8] 
20160816,20160817,20160818,20160819,20160825,20160829,20160830,20160831,20160901,20160902,20160903,20160904,20160908,20160916,20160919 
Number is 57 
G.4.3_index_4_VS_G.5.2_index_1 [9] 
20160822,20160826,20160827,20160828,20160829,20160830,20160831,20160901,20160902,20160903,20160904,20160907,20160908,20160910,20160915,20160916,20160917,20160925,20160926 
Number is 59 
G.1.1_index_5_VS_G.2.1_index_3 [10] PLUS 1 
20160818,20160823,20160826,20160829,20160830,20160831,20160901,20160902,20160903,20160904,20160905,20160907,20160908,20160909,20160910,20160916,20160917,20160918,20160919,20160920 
G.7.1_index_1_VS_G.5.6_index_3 [11] PLUS 1 
20160816,20160820,20160822,20160823,20160824,20160826,20160828,20160829,20160830,20160831,20160901,20160902,20160903,20160904,20160905,20160906,20160908,20160910,20160913,20160915,20160918,20160923,20160925 
Number is 62 
G.5.2_index_3_VS_G.7.3_index_2 [12] 
20160816,20160817,20160819,20160822,20160830,20160831,20160901,20160902,20160903,20160904,20160906,20160907,20160910,20160911,20160912,20160915,20160918,20160919,20160920,20160921,20160924 
Number is 70 
G.2.2_index_2_VS_G.4.4_index_3 [13] 
20160816,20160819,20160820,20160830,20160831,20160901,20160902,20160903,20160904,20160906,20160907,20160910,20160911,20160912,20160914,20160915,20160916,20160918,20160919,20160920,20160921,20160924,20160925,20160926 
G.2.2_index_2_VS_G.2.1_index_2 [14] 
20160817,20160820,20160826,20160828,20160829,20160830,20160831,20160901,20160902,20160903,20160904,20160910,20160911,20160914,20160915,20160916,20160917,20160922 
Number is 71 
G.1.1_index_4_VS_G.4.2_index_1 [15] 
20160823,20160826,20160827,20160828,20160829,20160830,20160831,20160901,20160902,20160903,20160904,20160906,20160912,20160913,20160914,20160915,20160918,20160920,20160924,20160925,20160926 
Number is 72 
G.3.4_index_3_VS_G.DB_index_2 [16] 
20160823,20160824,20160825,20160830,20160831,20160901,20160902,20160903,20160904,20160906,20160909,20160911,20160913,20160914,20160915,20160916,20160918,20160923,20160924,20160926 
Number is 73 
G.4.4_index_1_VS_G.7.3_index_1 [17] PLUS 1 
20160817,20160819,20160820,20160821,20160826,20160830,20160831,20160901,20160902,20160903,20160904,20160905,20160908,20160909,20160912,20160913,20160914,20160915,20160917,20160918,20160924,20160925,20160926 
Number is 74 
G.1.1_index_4_VS_G.5.3_index_1 [18] 
20160816,20160819,20160822,20160824,20160830,20160831,20160901,20160902,20160903,20160904,20160907,20160910,20160914,20160915,20160922,20160925 
G.4.4_index_2_VS_G.3.3_index_3 [19] 
20160816,20160817,20160823,20160828,20160829,20160830,20160831,20160901,20160902,20160903,20160904,20160907,20160908,20160912,20160914,20160916,20160923,20160925 
Number is 77 
G.2.2_index_2_VS_G.4.4_index_1 [20] 
20160816,20160817,20160819,20160820,20160821,20160822,20160827,20160830,20160831,20160901,20160902,20160903,20160904,20160906,20160910,20160912,20160913,20160915,20160917,20160921,20160922 
Number is 79 
G.2.2_index_1_VS_G.5.1_index_3 [21] PLUS 1 
20160817,20160819,20160822,20160823,20160824,20160828,20160829,20160830,20160831,20160901,20160902,20160903,20160904,20160905,20160906,20160907,20160910,20160913,20160918,20160924,20160925,20160926 
Number is 89 
G.5.5_index_4_VS_G.2.1_index_3 [22] 
20160816,20160819,20160825,20160826,20160829,20160830,20160831,20160901,20160902,20160903,20160904,20160906,20160907,20160916,20160917,20160919,20160921,20160922,20160925,20160926 
Number is 93 
G.5.1_index_3_VS_G.2.1_index_4 [23] 
20160816,20160817,20160818,20160819,20160822,20160826,20160830,20160831,20160901,20160902,20160903,20160904,20160907,20160909,20160911,20160912,20160913,20160916,20160917,20160920,20160924 
Number is 96 
G.5.1_index_3_VS_G.3.3_index_4 [24] PLUS 1 
20160816,20160818,20160823,20160824,20160825,20160830,20160831,20160901,20160902,20160903,20160904,20160905,20160909,20160911,20160913,20160915,20160919,20160920,20160921,20160923,20160924,20160925 
G.5.6_index_3_VS_G.3.3_index_2 [25] PLUS 1 
20160816,20160821,20160822,20160824,20160826,20160829,20160830,20160831,20160901,20160902,20160903,20160904,20160905,20160908,20160911,20160916,20160917,20160918,20160921,20160922,20160924,20160925 
