======== Current: 20160906 ========= 
Number is 03 
G.7.1_index_1_VS_G.5.6_index_3 [1] PLUS 1 
20160816,20160820,20160822,20160823,20160824,20160826,20160828,20160829,20160830,20160831,20160901,20160902,20160903,20160904,20160905,20160906,20160908,20160910,20160913,20160915,20160918,20160923,20160925 
Number is 09 
G.2.2_index_1_VS_G.5.1_index_3 [2] PLUS 1 
20160817,20160819,20160822,20160823,20160824,20160828,20160829,20160830,20160831,20160901,20160902,20160903,20160904,20160905,20160906,20160907,20160910,20160913,20160918,20160924,20160925,20160926 
Number is 10 
G.1.1_index_5_VS_G.2.1_index_3 [3] 
20160818,20160823,20160826,20160829,20160830,20160831,20160901,20160902,20160903,20160904,20160905,20160907,20160908,20160909,20160910,20160916,20160917,20160918,20160919,20160920 
Number is 29 
G.1.1_index_4_VS_G.5.1_index_3 [4] 
20160817,20160818,20160822,20160823,20160829,20160831,20160901,20160902,20160903,20160904,20160905,20160911,20160914,20160915,20160917,20160920,20160921,20160923,20160924,20160925,20160926 
Number is 30 
G.5.5_index_3_VS_G.4.3_index_4 [5] PLUS 1 
20160817,20160818,20160819,20160823,20160828,20160831,20160901,20160902,20160903,20160904,20160905,20160906,20160909,20160916,20160919,20160920,20160922,20160923,20160924,20160925,20160926 
Number is 32 
G.7.4_index_1_VS_G.6.1_index_3 [6] PLUS 1 
20160817,20160818,20160821,20160823,20160829,20160830,20160831,20160901,20160902,20160903,20160904,20160905,20160906,20160909,20160910,20160911,20160912,20160913,20160914,20160917,20160919,20160920 
Number is 33 
G.DB_index_4_VS_G.4.2_index_2 [7] 
20160818,20160820,20160821,20160822,20160825,20160829,20160831,20160901,20160902,20160903,20160904,20160905,20160909,20160912,20160917,20160923,20160924,20160925 
G.5.6_index_3_VS_G.5.3_index_2 [8] 
20160816,20160819,20160825,20160827,20160829,20160831,20160901,20160902,20160903,20160904,20160905,20160907,20160910,20160912,20160913,20160916,20160924 
Number is 34 
G.5.6_index_3_VS_G.3.3_index_2 [9] 
20160816,20160821,20160822,20160824,20160826,20160829,20160830,20160831,20160901,20160902,20160903,20160904,20160905,20160908,20160911,20160916,20160917,20160918,20160921,20160922,20160924,20160925 
Number is 36 
G.7.3_index_1_VS_G.3.4_index_3 [10] 
20160816,20160817,20160818,20160821,20160823,20160831,20160901,20160902,20160903,20160904,20160905,20160910,20160911,20160913,20160914,20160919,20160924,20160925 
Number is 45 
G.4.4_index_4_VS_G.5.2_index_1 [11] 
20160818,20160823,20160825,20160826,20160827,20160828,20160829,20160831,20160901,20160902,20160903,20160904,20160905,20160911,20160913,20160915,20160917,20160924,20160925 
Number is 46 
G.3.3_index_4_VS_G.4.3_index_1 [12] 
20160816,20160817,20160819,20160823,20160826,20160831,20160901,20160902,20160903,20160904,20160905,20160909,20160913,20160916,20160924,20160926 
G.3.3_index_2_VS_G.2.2_index_2 [13] 
20160820,20160825,20160826,20160828,20160831,20160901,20160902,20160903,20160904,20160905,20160908,20160910,20160914,20160917,20160921,20160922,20160924 
Number is 48 
G.3.3_index_4_VS_G.3.4_index_1 [14] 
20160817,20160818,20160825,20160827,20160828,20160831,20160901,20160902,20160903,20160904,20160905,20160907,20160910,20160912,20160913,20160918,20160920,20160922,20160923,20160924 
Number is 52 
G.3.6_index_1_VS_G.3.5_index_2 [15] 
20160818,20160819,20160821,20160822,20160826,20160827,20160829,20160831,20160901,20160902,20160903,20160904,20160905,20160907,20160911,20160913,20160914,20160915,20160917,20160918,20160920,20160921,20160922,20160924 
Number is 55 
G.5.4_index_3_VS_G.5.6_index_2 [16] 
20160816,20160817,20160823,20160824,20160829,20160831,20160901,20160902,20160903,20160904,20160905,20160911,20160914,20160915,20160917,20160921,20160922,20160923 
G.3.6_index_1_VS_G.5.4_index_3 [17] 
20160816,20160820,20160821,20160822,20160825,20160830,20160831,20160901,20160902,20160903,20160904,20160905,20160909,20160910,20160915 
Number is 56 
G.5.6_index_2_VS_G.3.4_index_3 [18] 
20160816,20160818,20160821,20160822,20160823,20160826,20160827,20160828,20160831,20160901,20160902,20160903,20160904,20160905,20160908,20160910,20160911,20160912,20160913,20160919,20160920,20160923,20160924 
G.3.6_index_1_VS_G.3.4_index_3 [19] 
20160816,20160818,20160820,20160823,20160825,20160826,20160827,20160831,20160901,20160902,20160903,20160904,20160905,20160909,20160910,20160914,20160916,20160917,20160919,20160920,20160921,20160922,20160924 
Number is 57 
G.5.4_index_3_VS_G.DB_index_2 [20] PLUS 1 
20160820,20160821,20160822,20160823,20160825,20160827,20160828,20160829,20160830,20160831,20160901,20160902,20160903,20160904,20160905,20160906,20160909,20160911,20160915,20160917,20160918,20160920,20160923,20160924,20160925,20160926 
Number is 82 
G.4.3_index_3_VS_G.3.2_index_1 [21] PLUS 1 
20160816,20160817,20160818,20160820,20160821,20160822,20160827,20160828,20160829,20160831,20160901,20160902,20160903,20160904,20160905,20160906,20160909,20160911,20160912,20160913,20160914,20160915,20160918,20160921,20160922,20160925,20160926 
Number is 83 
G.7.2_index_1_VS_G.DB_index_4 [22] PLUS 1 
20160817,20160818,20160824,20160825,20160827,20160831,20160901,20160902,20160903,20160904,20160905,20160906,20160907,20160912,20160917,20160919,20160924,20160926 
Number is 85 
G.4.3_index_3_VS_G.5.4_index_1 [23] PLUS 1 
20160816,20160817,20160820,20160821,20160825,20160826,20160827,20160829,20160831,20160901,20160902,20160903,20160904,20160905,20160906,20160908,20160909,20160912,20160913,20160916,20160917,20160919,20160920,20160923,20160925,20160926 
G.7.2_index_1_VS_G.3.3_index_1 [24] PLUS 1 
20160818,20160819,20160824,20160827,20160829,20160831,20160901,20160902,20160903,20160904,20160905,20160906,20160907,20160909,20160910,20160911,20160912,20160913,20160915,20160917,20160920,20160925 
Number is 93 
G.4.4_index_1_VS_G.7.3_index_1 [25] 
20160817,20160819,20160820,20160821,20160826,20160830,20160831,20160901,20160902,20160903,20160904,20160905,20160908,20160909,20160912,20160913,20160914,20160915,20160917,20160918,20160924,20160925,20160926 
Number is 94 
G.5.1_index_3_VS_G.3.3_index_4 [26] 
20160816,20160818,20160823,20160824,20160825,20160830,20160831,20160901,20160902,20160903,20160904,20160905,20160909,20160911,20160913,20160915,20160919,20160920,20160921,20160923,20160924,20160925 
Number is 96 
G.4.1_index_4_VS_G.4.3_index_1 [27] PLUS 1 
20160817,20160819,20160820,20160822,20160823,20160829,20160831,20160901,20160902,20160903,20160904,20160905,20160906,20160909,20160910,20160911,20160913,20160914,20160915,20160917,20160921,20160926 
