======== Current: 20160918 ========= 
Number is 05 
G.2.2_index_5_VS_G.4.2_index_4 [1] PLUS 1 
20160816,20160824,20160825,20160826,20160830,20160901,20160908,20160910,20160912,20160913,20160914,20160915,20160916,20160917,20160918,20160919,20160920,20160923,20160924 
G.5.2_index_2_VS_G.4.2_index_4 [2] PLUS 1 
20160820,20160823,20160824,20160825,20160829,20160908,20160909,20160911,20160912,20160913,20160914,20160915,20160916,20160917,20160918,20160919,20160926 
Number is 07 
G.3.3_index_1_VS_G.5.4_index_1 [3] 
20160816,20160822,20160823,20160826,20160828,20160829,20160830,20160831,20160904,20160905,20160910,20160912,20160913,20160914,20160915,20160916,20160917,20160920,20160922,20160924,20160925,20160926 
Number is 09 
G.3.3_index_1_VS_G.5.3_index_4 [4] PLUS 1 
20160819,20160820,20160821,20160822,20160825,20160830,20160831,20160905,20160906,20160908,20160909,20160910,20160912,20160913,20160914,20160915,20160916,20160917,20160918,20160920,20160921,20160922,20160923,20160925,20160926 
Number is 14 
G.3.3_index_3_VS_G.7.4_index_1 [5] 
20160816,20160817,20160821,20160823,20160825,20160831,20160901,20160903,20160905,20160912,20160913,20160914,20160915,20160916,20160917,20160920,20160924,20160925 
Number is 19 
G.3.4_index_4_VS_G.3.5_index_5 [6] 
20160817,20160819,20160820,20160822,20160825,20160831,20160904,20160905,20160909,20160910,20160911,20160912,20160913,20160914,20160915,20160916,20160917,20160923,20160924,20160925 
Number is 22 
G.7.4_index_2_VS_G.5.6_index_2 [7] 
20160823,20160825,20160826,20160827,20160907,20160908,20160911,20160912,20160913,20160914,20160915,20160916,20160917,20160919,20160920,20160921,20160922,20160924,20160925 
Number is 27 
G.7.2_index_2_VS_G.3.6_index_4 [8] 
20160820,20160822,20160824,20160829,20160902,20160904,20160907,20160909,20160911,20160912,20160913,20160914,20160915,20160916,20160917,20160922,20160923,20160924,20160926 
Number is 31 
G.1.1_index_1_VS_G.3.2_index_4 [9] 
20160817,20160819,20160825,20160828,20160829,20160830,20160901,20160904,20160909,20160911,20160912,20160913,20160914,20160915,20160916,20160917,20160921,20160926 
Number is 33 
G.4.1_index_1_VS_G.1.1_index_1 [10] 
20160817,20160818,20160819,20160820,20160821,20160822,20160824,20160828,20160829,20160830,20160831,20160903,20160912,20160913,20160914,20160915,20160916,20160917,20160919,20160920,20160923,20160924,20160925 
G.4.1_index_1_VS_G.6.3_index_2 [11] 
20160816,20160818,20160820,20160823,20160825,20160826,20160830,20160831,20160901,20160902,20160904,20160905,20160909,20160910,20160912,20160913,20160914,20160915,20160916,20160917,20160920,20160921 
Number is 35 
G.5.2_index_4_VS_G.4.2_index_4 [12] PLUS 1 
20160816,20160821,20160822,20160825,20160830,20160902,20160903,20160904,20160907,20160909,20160911,20160912,20160913,20160914,20160915,20160916,20160917,20160918,20160924,20160926 
Number is 36 
G.3.5_index_2_VS_G.6.3_index_1 [13] PLUS 1 
20160819,20160822,20160823,20160826,20160829,20160830,20160831,20160904,20160905,20160906,20160908,20160909,20160910,20160912,20160913,20160914,20160915,20160916,20160917,20160918,20160920,20160921 
Number is 39 
G.1.1_index_1_VS_G.5.2_index_1 [14] PLUS 1 
20160821,20160822,20160824,20160826,20160828,20160829,20160904,20160908,20160909,20160912,20160913,20160914,20160915,20160916,20160917,20160918,20160919,20160920,20160924 
Number is 42 
G.4.3_index_2_VS_G.7.2_index_2 [15] PLUS 1 
20160816,20160817,20160818,20160820,20160827,20160830,20160901,20160907,20160912,20160913,20160914,20160915,20160916,20160917,20160918,20160919,20160921,20160924,20160925,20160926 
Number is 43 
G.3.6_index_3_VS_G.3.5_index_3 [16] PLUS 1 
20160816,20160818,20160822,20160823,20160827,20160828,20160901,20160903,20160905,20160908,20160910,20160911,20160912,20160913,20160914,20160915,20160916,20160917,20160918,20160920,20160921,20160923,20160924,20160926 
Number is 58 
G.1.1_index_2_VS_G.4.4_index_1 [17] 
20160818,20160819,20160821,20160822,20160826,20160903,20160905,20160909,20160910,20160912,20160913,20160914,20160915,20160916,20160917,20160923,20160924 
G.4.2_index_4_VS_G.DB_index_1 [18] 
20160819,20160823,20160825,20160826,20160829,20160830,20160831,20160901,20160903,20160904,20160907,20160911,20160912,20160913,20160914,20160915,20160916,20160917,20160921,20160925,20160926 
Number is 61 
G.5.6_index_4_VS_G.3.4_index_5 [19] 
20160821,20160825,20160827,20160829,20160902,20160903,20160909,20160912,20160913,20160914,20160915,20160916,20160917,20160919,20160920,20160923 
Number is 62 
G.5.1_index_1_VS_G.5.6_index_2 [20] 
20160817,20160818,20160823,20160824,20160825,20160827,20160903,20160907,20160908,20160910,20160911,20160912,20160913,20160914,20160915,20160916,20160917,20160920,20160921,20160922,20160925,20160926 
Number is 65 
G.2.1_index_3_VS_G.4.2_index_4 [21] PLUS 1 
20160816,20160818,20160819,20160824,20160828,20160829,20160831,20160903,20160904,20160906,20160907,20160908,20160909,20160910,20160912,20160913,20160914,20160915,20160916,20160917,20160918,20160919,20160920 
Number is 68 
G.5.1_index_1_VS_G.DB_index_1 [22] 
20160818,20160819,20160821,20160829,20160901,20160904,20160912,20160913,20160914,20160915,20160916,20160917,20160922,20160926 
Number is 81 
G.6.2_index_3_VS_G.5.3_index_3 [23] 
20160818,20160819,20160821,20160824,20160825,20160826,20160902,20160903,20160907,20160912,20160913,20160914,20160915,20160916,20160917,20160920,20160922 
Number is 86 
G.6.1_index_3_VS_G.7.2_index_1 [24] 
20160822,20160824,20160825,20160828,20160831,20160901,20160906,20160907,20160909,20160911,20160912,20160913,20160914,20160915,20160916,20160917,20160919,20160920,20160924,20160925,20160926 
Number is 92 
G.3.5_index_1_VS_G.7.2_index_2 [25] 
20160817,20160820,20160824,20160825,20160826,20160828,20160901,20160902,20160904,20160907,20160912,20160913,20160914,20160915,20160916,20160917,20160919,20160921,20160922,20160925 
Number is 96 
G.3.5_index_5_VS_G.6.3_index_1 [26] 
20160822,20160823,20160825,20160830,20160831,20160901,20160903,20160904,20160906,20160907,20160910,20160911,20160912,20160913,20160914,20160915,20160916,20160917,20160921,20160922,20160923,20160926 
Number is 98 
G.3.5_index_5_VS_G.4.4_index_1 [27] PLUS 1 
20160816,20160817,20160819,20160820,20160821,20160822,20160829,20160831,20160903,20160907,20160910,20160912,20160913,20160914,20160915,20160916,20160917,20160918,20160920,20160924,20160925,20160926 
