======== Current: 20160919 ========= 
Number is 09 
G.5.4_index_4_VS_G.3.2_index_5 [1] PLUS 1 
20160820,20160821,20160822,20160824,20160825,20160826,20160828,20160829,20160830,20160831,20160901,20160907,20160908,20160913,20160914,20160915,20160916,20160917,20160918,20160919,20160920 
Number is 17 
G.5.2_index_2_VS_G.4.2_index_4 [2] PLUS 1 
20160820,20160823,20160824,20160825,20160829,20160908,20160909,20160911,20160912,20160913,20160914,20160915,20160916,20160917,20160918,20160919,20160926 
Number is 29 
G.3.5_index_3_VS_G.4.2_index_1 [3] 
20160821,20160822,20160823,20160828,20160831,20160901,20160905,20160907,20160913,20160914,20160915,20160916,20160917,20160918,20160920,20160921,20160923,20160924,20160925,20160926 
Number is 34 
G.3.3_index_1_VS_G.5.3_index_4 [4] 
20160819,20160820,20160821,20160822,20160825,20160830,20160831,20160905,20160906,20160908,20160909,20160910,20160912,20160913,20160914,20160915,20160916,20160917,20160918,20160920,20160921,20160922,20160923,20160925,20160926 
Number is 38 
G.3.5_index_5_VS_G.4.4_index_1 [5] 
20160816,20160817,20160819,20160820,20160821,20160822,20160829,20160831,20160903,20160907,20160910,20160912,20160913,20160914,20160915,20160916,20160917,20160918,20160920,20160924,20160925,20160926 
Number is 42 
G.3.6_index_3_VS_G.3.5_index_3 [6] 
20160816,20160818,20160822,20160823,20160827,20160828,20160901,20160903,20160905,20160908,20160910,20160911,20160912,20160913,20160914,20160915,20160916,20160917,20160918,20160920,20160921,20160923,20160924,20160926 
Number is 44 
G.1.1_index_2_VS_G.1.1_index_1 [7] 
20160817,20160818,20160819,20160820,20160821,20160829,20160830,20160831,20160904,20160907,20160909,20160910,20160913,20160914,20160915,20160916,20160917,20160918,20160923 
G.1.1_index_2_VS_G.7.2_index_1 [8] 
20160818,20160819,20160821,20160822,20160824,20160825,20160826,20160828,20160831,20160903,20160909,20160913,20160914,20160915,20160916,20160917,20160918,20160920,20160923,20160925,20160926 
Number is 46 
G.1.1_index_1_VS_G.3.2_index_2 [9] PLUS 1 
20160819,20160822,20160828,20160831,20160903,20160904,20160905,20160907,20160909,20160910,20160913,20160914,20160915,20160916,20160917,20160918,20160919,20160922 
Number is 49 
G.1.1_index_1_VS_G.7.1_index_1 [10] PLUS 1 
20160816,20160819,20160820,20160821,20160822,20160828,20160829,20160831,20160906,20160908,20160913,20160914,20160915,20160916,20160917,20160918,20160919,20160920,20160921,20160926 
G.1.1_index_1_VS_G.5.2_index_1 [11] PLUS 1 
20160821,20160822,20160824,20160826,20160828,20160829,20160904,20160908,20160909,20160912,20160913,20160914,20160915,20160916,20160917,20160918,20160919,20160920,20160924 
Number is 54 
G.4.3_index_2_VS_G.7.2_index_2 [12] PLUS 1 
20160816,20160817,20160818,20160820,20160827,20160830,20160901,20160907,20160912,20160913,20160914,20160915,20160916,20160917,20160918,20160919,20160921,20160924,20160925,20160926 
Number is 55 
G.3.5_index_2_VS_G.6.3_index_1 [13] 
20160819,20160822,20160823,20160826,20160829,20160830,20160831,20160904,20160905,20160906,20160908,20160909,20160910,20160912,20160913,20160914,20160915,20160916,20160917,20160918,20160920,20160921 
Number is 58 
G.3.5_index_2_VS_G.3.2_index_1 [14] PLUS 1 
20160816,20160818,20160819,20160823,20160824,20160825,20160826,20160831,20160904,20160905,20160909,20160910,20160913,20160914,20160915,20160916,20160917,20160918,20160919,20160920,20160921,20160922,20160923,20160925 
Number is 64 
G.5.3_index_2_VS_G.1.1_index_1 [15] PLUS 1 
20160817,20160818,20160827,20160830,20160901,20160902,20160904,20160905,20160913,20160914,20160915,20160916,20160917,20160918,20160919,20160920,20160922,20160923,20160926 
Number is 67 
G.2.1_index_3_VS_G.4.2_index_4 [16] PLUS 1 
20160816,20160818,20160819,20160824,20160828,20160829,20160831,20160903,20160904,20160906,20160907,20160908,20160909,20160910,20160912,20160913,20160914,20160915,20160916,20160917,20160918,20160919,20160920 
Number is 79 
G.5.6_index_4_VS_G.1.1_index_3 [17] 
20160818,20160820,20160823,20160826,20160829,20160831,20160903,20160906,20160907,20160909,20160910,20160913,20160914,20160915,20160916,20160917,20160918,20160920,20160923 
Number is 84 
G.4.1_index_2_VS_G.2.2_index_2 [18] 
20160817,20160818,20160819,20160820,20160821,20160828,20160829,20160831,20160901,20160908,20160909,20160911,20160913,20160914,20160915,20160916,20160917,20160918,20160921,20160922 
Number is 85 
G.4.1_index_2_VS_G.4.1_index_4 [19] PLUS 1 
20160816,20160817,20160818,20160819,20160820,20160821,20160822,20160824,20160825,20160830,20160831,20160902,20160904,20160906,20160909,20160913,20160914,20160915,20160916,20160917,20160918,20160919,20160920,20160923,20160924 
Number is 87 
G.2.2_index_5_VS_G.4.2_index_4 [20] PLUS 1 
20160816,20160824,20160825,20160826,20160830,20160901,20160908,20160910,20160912,20160913,20160914,20160915,20160916,20160917,20160918,20160919,20160920,20160923,20160924 
Number is 97 
G.5.2_index_4_VS_G.4.2_index_4 [21] 
20160816,20160821,20160822,20160825,20160830,20160902,20160903,20160904,20160907,20160909,20160911,20160912,20160913,20160914,20160915,20160916,20160917,20160918,20160924,20160926 
