======== Current: 20160922 ========= 
Number is 06 
G.7.3_index_2_VS_G.3.2_index_2 [1] 
20160816,20160817,20160818,20160819,20160821,20160822,20160823,20160830,20160902,20160905,20160908,20160911,20160913,20160916,20160917,20160918,20160919,20160920,20160921,20160923,20160924 
Number is 07 
G.3.3_index_1_VS_G.7.4_index_1 [2] 
20160817,20160821,20160823,20160828,20160831,20160904,20160905,20160909,20160911,20160912,20160913,20160916,20160917,20160918,20160919,20160920,20160921,20160924,20160925,20160926 
Number is 08 
G.DB_index_4_VS_G.3.4_index_3 [3] PLUS 1 
20160817,20160820,20160821,20160823,20160824,20160825,20160826,20160827,20160831,20160901,20160902,20160907,20160908,20160909,20160910,20160911,20160914,20160916,20160917,20160918,20160919,20160920,20160921,20160922,20160924 
Number is 09 
G.7.3_index_2_VS_G.3.5_index_5 [4] 
20160816,20160817,20160818,20160819,20160821,20160822,20160823,20160825,20160826,20160829,20160830,20160831,20160903,20160904,20160906,20160912,20160916,20160917,20160918,20160919,20160920,20160921,20160924 
G.5.1_index_3_VS_G.5.3_index_2 [5] 
20160816,20160825,20160829,20160830,20160831,20160901,20160904,20160905,20160911,20160912,20160915,20160916,20160917,20160918,20160919,20160920,20160921,20160926 
Number is 18 
G.3.6_index_3_VS_G.3.5_index_2 [6] 
20160817,20160819,20160822,20160825,20160827,20160829,20160903,20160904,20160905,20160906,20160907,20160908,20160909,20160913,20160916,20160917,20160918,20160919,20160920,20160921,20160924,20160925 
Number is 19 
G.3.6_index_3_VS_G.5.3_index_2 [7] 
20160818,20160819,20160824,20160827,20160828,20160906,20160908,20160909,20160911,20160913,20160916,20160917,20160918,20160919,20160920,20160921,20160923,20160924,20160925,20160926 
Number is 21 
G.1.1_index_1_VS_G.2.1_index_3 [8] 
20160816,20160818,20160819,20160821,20160823,20160828,20160829,20160830,20160831,20160906,20160908,20160910,20160913,20160915,20160916,20160917,20160918,20160919,20160920,20160921,20160923,20160924,20160925 
Number is 26 
G.DB_index_1_VS_G.4.2_index_2 [9] PLUS 1 
20160816,20160819,20160822,20160824,20160826,20160827,20160830,20160831,20160902,20160904,20160910,20160913,20160916,20160917,20160918,20160919,20160920,20160921,20160922 
Number is 28 
G.1.1_index_1_VS_G.7.1_index_1 [10] 
20160816,20160819,20160820,20160821,20160822,20160828,20160829,20160831,20160906,20160908,20160913,20160914,20160915,20160916,20160917,20160918,20160919,20160920,20160921,20160926 
Number is 30 
G.3.5_index_1_VS_G.5.1_index_3 [11] PLUS 1 
20160817,20160818,20160824,20160825,20160829,20160830,20160831,20160901,20160905,20160906,20160907,20160910,20160911,20160913,20160914,20160916,20160917,20160918,20160919,20160920,20160921,20160922,20160924,20160926 
Number is 31 
G.3.5_index_1_VS_G.3.4_index_1 [12] 
20160818,20160821,20160825,20160826,20160828,20160829,20160830,20160902,20160905,20160907,20160909,20160910,20160911,20160912,20160914,20160916,20160917,20160918,20160919,20160920,20160921,20160924,20160925 
Number is 37 
G.3.1_index_5_VS_G.6.3_index_3 [13] PLUS 1 
20160817,20160819,20160822,20160823,20160826,20160829,20160901,20160902,20160903,20160904,20160909,20160911,20160912,20160913,20160916,20160917,20160918,20160919,20160920,20160921,20160922,20160925 
Number is 40 
G.3.6_index_2_VS_G.5.1_index_3 [14] 
20160824,20160826,20160830,20160901,20160902,20160904,20160905,20160907,20160909,20160912,20160916,20160917,20160918,20160919,20160920,20160921,20160925,20160926 
G.3.6_index_2_VS_G.3.4_index_5 [15] 
20160816,20160819,20160825,20160827,20160828,20160830,20160903,20160908,20160910,20160911,20160913,20160916,20160917,20160918,20160919,20160920,20160921 
G.3.6_index_2_VS_G.3.2_index_1 [16] 
20160817,20160818,20160825,20160826,20160828,20160830,20160831,20160903,20160905,20160906,20160916,20160917,20160918,20160919,20160920,20160921,20160925,20160926 
Number is 41 
G.3.6_index_2_VS_G.3.4_index_1 [17] PLUS 1 
20160818,20160820,20160821,20160825,20160828,20160830,20160905,20160907,20160908,20160910,20160911,20160915,20160916,20160917,20160918,20160919,20160920,20160921,20160922 
Number is 47 
G.3.6_index_2_VS_G.6.3_index_3 [18] PLUS 1 
20160817,20160819,20160820,20160823,20160824,20160902,20160910,20160913,20160915,20160916,20160917,20160918,20160919,20160920,20160921,20160922,20160925,20160926 
Number is 53 
G.5.3_index_1_VS_G.3.5_index_1 [19] PLUS 1 
20160816,20160820,20160825,20160901,20160903,20160906,20160913,20160914,20160916,20160917,20160918,20160919,20160920,20160921,20160922 
Number is 64 
G.5.6_index_1_VS_G.3.6_index_2 [20] 
20160817,20160819,20160821,20160826,20160829,20160831,20160902,20160903,20160905,20160908,20160909,20160910,20160911,20160913,20160915,20160916,20160917,20160918,20160919,20160920,20160921,20160925,20160926 
Number is 70 
G.7.4_index_2_VS_G.5.4_index_2 [21] 
20160818,20160819,20160825,20160826,20160827,20160907,20160911,20160916,20160917,20160918,20160919,20160920,20160921,20160923,20160924,20160926 
Number is 75 
G.1.1_index_5_VS_G.DB_index_3 [22] PLUS 1 
20160819,20160820,20160826,20160828,20160829,20160830,20160902,20160903,20160904,20160906,20160907,20160909,20160912,20160916,20160917,20160918,20160919,20160920,20160921,20160922,20160924,20160925,20160926 
Number is 78 
G.1.1_index_5_VS_G.4.1_index_1 [23] PLUS 1 
20160817,20160819,20160828,20160829,20160831,20160901,20160902,20160904,20160908,20160913,20160915,20160916,20160917,20160918,20160919,20160920,20160921,20160922,20160923,20160924 
Number is 79 
G.7.2_index_2_VS_G.5.3_index_2 [24] 
20160818,20160820,20160821,20160823,20160830,20160901,20160902,20160904,20160910,20160912,20160913,20160916,20160917,20160918,20160919,20160920,20160921,20160925 
Number is 80 
G.3.5_index_2_VS_G.5.1_index_3 [25] PLUS 1 
20160816,20160817,20160818,20160819,20160821,20160825,20160827,20160828,20160829,20160830,20160831,20160903,20160905,20160908,20160910,20160912,20160913,20160915,20160916,20160917,20160918,20160919,20160920,20160921,20160922,20160924 
G.3.5_index_2_VS_G.3.2_index_1 [26] PLUS 1 
20160816,20160818,20160819,20160823,20160824,20160825,20160826,20160831,20160904,20160905,20160909,20160910,20160913,20160914,20160915,20160916,20160917,20160918,20160919,20160920,20160921,20160922,20160923,20160925 
Number is 84 
G.1.1_index_2_VS_G.5.5_index_2 [27] 
20160819,20160821,20160825,20160828,20160829,20160831,20160903,20160908,20160909,20160910,20160911,20160914,20160915,20160916,20160917,20160918,20160919,20160920,20160921 
Number is 87 
G.3.5_index_2_VS_G.7.2_index_2 [28] PLUS 1 
20160817,20160818,20160819,20160820,20160825,20160826,20160827,20160828,20160829,20160901,20160902,20160903,20160904,20160906,20160910,20160914,20160916,20160917,20160918,20160919,20160920,20160921,20160922,20160925 
Number is 88 
G.4.2_index_4_VS_G.5.5_index_3 [29] 
20160822,20160824,20160825,20160826,20160827,20160901,20160903,20160904,20160908,20160913,20160914,20160916,20160917,20160918,20160919,20160920,20160921,20160924 
Number is 90 
G.6.1_index_2_VS_G.5.4_index_2 [30] 
20160821,20160826,20160827,20160829,20160902,20160903,20160906,20160910,20160916,20160917,20160918,20160919,20160920,20160921 
Number is 94 
G.3.5_index_5_VS_G.3.6_index_2 [31] PLUS 1 
20160819,20160825,20160829,20160830,20160903,20160904,20160906,20160910,20160911,20160912,20160914,20160916,20160917,20160918,20160919,20160920,20160921,20160922,20160925,20160926 
Number is 98 
G.7.2_index_1_VS_G.4.1_index_1 [32] 
20160819,20160826,20160828,20160831,20160901,20160902,20160904,20160908,20160909,20160912,20160913,20160916,20160917,20160918,20160919,20160920,20160921,20160923,20160924,20160925 
