======== Current: 20160924 ========= 
Number is 04 
G.4.1_index_1_VS_G.5.4_index_3 [1] 
20160817,20160822,20160824,20160827,20160828,20160829,20160831,20160903,20160904,20160909,20160910,20160911,20160915,20160918,20160919,20160920,20160921,20160922,20160923 
Number is 06 
G.3.4_index_3_VS_G.4.1_index_3 [2] 
20160816,20160817,20160818,20160819,20160821,20160823,20160829,20160907,20160908,20160910,20160911,20160914,20160915,20160916,20160918,20160919,20160920,20160921,20160922,20160923,20160926 
Number is 10 
G.1.1_index_5_VS_G.4.1_index_1 [3] PLUS 1 
20160817,20160819,20160828,20160829,20160831,20160901,20160902,20160904,20160908,20160913,20160915,20160916,20160917,20160918,20160919,20160920,20160921,20160922,20160923,20160924 
Number is 14 
G.3.3_index_5_VS_G.7.4_index_1 [4] PLUS 1 
20160817,20160818,20160820,20160823,20160826,20160904,20160905,20160909,20160910,20160911,20160913,20160917,20160918,20160919,20160920,20160921,20160922,20160923,20160924,20160925 
Number is 16 
G.3.3_index_5_VS_G.7.1_index_2 [5] PLUS 1 
20160816,20160817,20160822,20160823,20160825,20160826,20160828,20160831,20160902,20160904,20160906,20160907,20160908,20160910,20160912,20160915,20160916,20160918,20160919,20160920,20160921,20160922,20160923,20160924,20160925,20160926 
Number is 18 
G.3.6_index_4_VS_G.4.1_index_2 [6] 
20160817,20160818,20160821,20160822,20160824,20160829,20160901,20160902,20160906,20160907,20160909,20160910,20160916,20160918,20160919,20160920,20160921,20160922,20160923,20160925,20160926 
Number is 38 
G.5.4_index_2_VS_G.5.3_index_4 [7] 
20160816,20160818,20160820,20160821,20160822,20160825,20160903,20160905,20160907,20160908,20160910,20160912,20160914,20160915,20160917,20160918,20160919,20160920,20160921,20160922,20160923,20160926 
Number is 40 
G.2.2_index_5_VS_G.1.1_index_4 [8] 
20160817,20160818,20160819,20160820,20160821,20160823,20160830,20160903,20160904,20160908,20160909,20160911,20160912,20160913,20160914,20160915,20160917,20160918,20160919,20160920,20160921,20160922,20160923,20160926 
Number is 46 
G.3.5_index_4_VS_G.5.1_index_4 [9] PLUS 1 
20160820,20160821,20160822,20160823,20160830,20160831,20160909,20160911,20160912,20160915,20160918,20160919,20160920,20160921,20160922,20160923,20160924 
Number is 59 
G.3.5_index_2_VS_G.3.2_index_1 [10] 
20160816,20160818,20160819,20160823,20160824,20160825,20160826,20160831,20160904,20160905,20160909,20160910,20160913,20160914,20160915,20160916,20160917,20160918,20160919,20160920,20160921,20160922,20160923,20160925 
Number is 69 
G.5.3_index_1_VS_G.3.2_index_3 [11] 
20160819,20160824,20160902,20160903,20160904,20160909,20160912,20160918,20160919,20160920,20160921,20160922,20160923 
Number is 77 
G.2.2_index_3_VS_G.6.2_index_2 [12] 
20160816,20160817,20160820,20160822,20160823,20160824,20160828,20160829,20160830,20160831,20160903,20160904,20160906,20160912,20160913,20160914,20160916,20160918,20160919,20160920,20160921,20160922,20160923 
Number is 81 
G.3.1_index_3_VS_G.3.6_index_4 [13] 
20160816,20160817,20160818,20160820,20160821,20160822,20160823,20160825,20160827,20160830,20160901,20160902,20160905,20160906,20160907,20160908,20160912,20160913,20160914,20160917,20160918,20160919,20160920,20160921,20160922,20160923 
Number is 83 
G.3.1_index_3_VS_G.7.3_index_2 [14] 
20160816,20160817,20160828,20160829,20160830,20160831,20160905,20160906,20160907,20160912,20160913,20160918,20160919,20160920,20160921,20160922,20160923,20160926 
Number is 84 
G.7.2_index_1_VS_G.1.1_index_3 [15] 
20160816,20160817,20160819,20160822,20160823,20160824,20160828,20160831,20160906,20160907,20160909,20160910,20160912,20160913,20160914,20160917,20160918,20160919,20160920,20160921,20160922,20160923 
Number is 89 
G.5.3_index_4_VS_G.5.3_index_2 [16] 
20160818,20160819,20160820,20160822,20160823,20160828,20160830,20160901,20160902,20160904,20160907,20160909,20160910,20160912,20160914,20160915,20160917,20160918,20160919,20160920,20160921,20160922,20160923 
Number is 93 
G.5.4_index_1_VS_G.7.3_index_2 [17] 
20160816,20160817,20160818,20160819,20160821,20160822,20160825,20160827,20160829,20160831,20160901,20160902,20160903,20160905,20160907,20160911,20160913,20160914,20160915,20160917,20160918,20160919,20160920,20160921,20160922,20160923,20160926 
G.5.5_index_2_VS_G.3.1_index_4 [18] 
20160817,20160819,20160821,20160823,20160828,20160902,20160903,20160904,20160909,20160911,20160912,20160914,20160915,20160916,20160918,20160919,20160920,20160921,20160922,20160923 
Number is 98 
G.3.2_index_3_VS_G.1.1_index_1 [19] 
20160817,20160819,20160902,20160904,20160907,20160910,20160912,20160916,20160918,20160919,20160920,20160921,20160922,20160923,20160925 
