======== Current: 20160926 ========= 
Number is 01 
G.5.2_index_4_VS_G.5.4_index_4 [1] 
20160818,20160820,20160821,20160822,20160823,20160825,20160828,20160909,20160910,20160912,20160914,20160915,20160917,20160919,20160920,20160921,20160922,20160923,20160924,20160925 
Number is 14 
G.3.3_index_5_VS_G.7.1_index_2 [2] PLUS 1 
20160816,20160817,20160822,20160823,20160825,20160826,20160828,20160831,20160902,20160904,20160906,20160907,20160908,20160910,20160912,20160915,20160916,20160918,20160919,20160920,20160921,20160922,20160923,20160924,20160925,20160926 
Number is 17 
G.3.3_index_5_VS_G.7.4_index_1 [3] 
20160817,20160818,20160820,20160823,20160826,20160904,20160905,20160909,20160910,20160911,20160913,20160917,20160918,20160919,20160920,20160921,20160922,20160923,20160924,20160925 
Number is 25 
G.1.1_index_2_VS_G.4.1_index_3 [4] PLUS 1 
20160817,20160821,20160827,20160828,20160829,20160905,20160910,20160913,20160914,20160915,20160919,20160920,20160921,20160922,20160923,20160924,20160925,20160926 
G.1.1_index_2_VS_G.4.3_index_2 [5] PLUS 1 
20160820,20160821,20160822,20160826,20160827,20160829,20160903,20160907,20160908,20160910,20160912,20160913,20160916,20160919,20160920,20160921,20160922,20160923,20160924,20160925,20160926 
G.5.3_index_1_VS_G.4.2_index_1 [6] PLUS 1 
20160816,20160819,20160822,20160823,20160826,20160828,20160829,20160830,20160902,20160905,20160906,20160912,20160913,20160916,20160917,20160920,20160921,20160922,20160923,20160924,20160925,20160926 
Number is 29 
G.5.1_index_4_VS_G.5.6_index_4 [7] 
20160817,20160818,20160819,20160820,20160821,20160824,20160825,20160826,20160827,20160903,20160908,20160913,20160915,20160916,20160917,20160919,20160920,20160921,20160922,20160923,20160924,20160925 
Number is 32 
G.7.3_index_1_VS_G.3.4_index_4 [8] 
20160816,20160818,20160819,20160820,20160821,20160826,20160903,20160904,20160905,20160906,20160909,20160914,20160917,20160920,20160921,20160922,20160923,20160924,20160925 
Number is 39 
G.3.1_index_1_VS_G.5.5_index_2 [9] PLUS 1 
20160816,20160822,20160824,20160826,20160827,20160828,20160829,20160831,20160902,20160903,20160904,20160906,20160907,20160908,20160911,20160912,20160914,20160916,20160920,20160921,20160922,20160923,20160924,20160925,20160926 
Number is 55 
G.3.4_index_2_VS_G.3.3_index_2 [10] 
20160816,20160818,20160826,20160827,20160829,20160903,20160904,20160905,20160908,20160911,20160913,20160914,20160916,20160920,20160921,20160922,20160923,20160924,20160925 
Number is 64 
G.2.2_index_5_VS_G.1.1_index_3 [11] 
20160819,20160821,20160828,20160830,20160831,20160904,20160911,20160912,20160913,20160914,20160917,20160920,20160921,20160922,20160923,20160924,20160925 
G.2.2_index_5_VS_G.7.1_index_2 [12] 
20160817,20160820,20160821,20160822,20160823,20160830,20160831,20160902,20160903,20160904,20160906,20160911,20160912,20160914,20160917,20160920,20160921,20160922,20160923,20160924,20160925 
Number is 69 
G.2.2_index_5_VS_G.5.5_index_2 [13] PLUS 1 
20160817,20160818,20160827,20160830,20160831,20160901,20160902,20160906,20160915,20160916,20160920,20160921,20160922,20160923,20160924,20160925,20160926 
Number is 75 
G.3.5_index_2_VS_G.4.3_index_2 [14] PLUS 1 
20160817,20160821,20160825,20160826,20160827,20160829,20160902,20160906,20160907,20160911,20160912,20160913,20160918,20160920,20160921,20160922,20160923,20160924,20160925,20160926 
Number is 84 
G.5.1_index_3_VS_G.4.2_index_4 [15] PLUS 1 
20160816,20160821,20160829,20160830,20160831,20160907,20160910,20160911,20160914,20160919,20160920,20160921,20160922,20160923,20160924,20160925,20160926 
Number is 88 
G.3.3_index_3_VS_G.5.6_index_2 [16] 
20160818,20160820,20160823,20160824,20160825,20160827,20160830,20160903,20160904,20160907,20160915,20160916,20160917,20160920,20160921,20160922,20160923,20160924,20160925 
Number is 90 
G.1.1_index_4_VS_G.5.3_index_4 [17] 
20160817,20160818,20160819,20160820,20160821,20160822,20160825,20160827,20160828,20160831,20160901,20160903,20160910,20160912,20160914,20160915,20160917,20160918,20160920,20160921,20160922,20160923,20160924,20160925 
Number is 91 
G.5.4_index_1_VS_G.2.2_index_3 [18] PLUS 1 
20160817,20160818,20160819,20160820,20160821,20160822,20160823,20160824,20160825,20160901,20160903,20160906,20160911,20160913,20160914,20160915,20160920,20160921,20160922,20160923,20160924,20160925,20160926 
Number is 97 
G.3.6_index_2_VS_G.5.2_index_1 [19] 
20160816,20160817,20160821,20160822,20160825,20160827,20160831,20160902,20160903,20160906,20160908,20160912,20160913,20160918,20160920,20160921,20160922,20160923,20160924,20160925 
