======== Current: 20120601 ========= 
Number is 25 
G.6.2_index_3_VS_G.2.2_index_5 [1] 
20120520,20120522,20120525,20120526,20120527,20120528,20120529,20120530,20120531,20120604,20120605,20120606,20120610,20120618,20120620,20120621,20120623 
Number is 28 
G.6.1_index_3_VS_G.1.1_index_4 [2] 
20120522,20120524,20120525,20120526,20120527,20120528,20120529,20120530,20120531,20120603,20120604,20120606,20120608,20120609,20120611,20120612,20120614,20120615,20120618,20120619,20120620,20120622,20120626,20120628,20120629 
Number is 29 
G.4.3_index_2_VS_G.7.4_index_1 [3] PLUS 1 
20120521,20120525,20120526,20120527,20120528,20120529,20120530,20120531,20120601,20120602,20120603,20120607,20120610,20120611,20120616,20120617,20120618,20120619,20120621,20120622,20120623,20120625,20120626,20120627,20120701 
Number is 33 
G.2.1_index_4_VS_G.3.6_index_5 [4] 
20120522,20120525,20120526,20120527,20120528,20120529,20120530,20120531,20120605,20120607,20120611,20120612,20120613,20120614,20120617,20120621,20120624 
Number is 35 
G.4.4_index_2_VS_G.7.2_index_1 [5] 
20120520,20120524,20120526,20120527,20120528,20120529,20120530,20120531,20120602,20120604,20120605,20120606,20120609,20120612,20120617,20120618,20120619,20120621,20120622,20120625,20120626,20120701 
Number is 42 
G.5.2_index_3_VS_G.7.2_index_2 [6] PLUS 1 
20120522,20120525,20120526,20120527,20120528,20120529,20120530,20120531,20120601,20120602,20120606,20120609,20120610,20120613,20120614,20120615,20120618,20120620,20120621,20120622,20120627,20120628,20120701 
Number is 48 
G.4.2_index_2_VS_G.7.3_index_2 [7] 
20120521,20120522,20120526,20120527,20120528,20120529,20120530,20120531,20120602,20120607,20120611,20120612,20120615,20120616,20120617,20120618,20120620,20120622,20120624,20120625 
Number is 58 
G.2.2_index_5_VS_G.1.1_index_4 [8] 
20120520,20120522,20120524,20120525,20120526,20120527,20120528,20120529,20120530,20120531,20120603,20120605,20120615,20120618,20120621,20120622,20120623,20120625,20120629,20120630 
Number is 73 
G.3.5_index_2_VS_G.3.1_index_3 [9] 
20120523,20120526,20120527,20120528,20120529,20120530,20120531,20120604,20120605,20120607,20120608,20120609,20120617,20120618,20120620,20120623,20120626,20120628,20120630 
Number is 89 
G.3.4_index_2_VS_G.3.5_index_3 [10] PLUS 1 
20120521,20120524,20120526,20120527,20120528,20120529,20120530,20120531,20120601,20120602,20120605,20120606,20120607,20120609,20120612,20120613,20120614,20120615,20120619,20120625,20120626,20120628,20120629,20120630 
Number is 93 
G.7.1_index_1_VS_G.2.1_index_4 [11] PLUS 1 
20120520,20120524,20120526,20120527,20120528,20120529,20120530,20120531,20120601,20120603,20120604,20120605,20120609,20120614,20120616,20120617,20120619,20120620,20120621,20120624 
G.3.2_index_1_VS_G.3.1_index_3 [12] PLUS 1 
20120522,20120524,20120525,20120526,20120527,20120528,20120529,20120530,20120531,20120601,20120603,20120605,20120607,20120609,20120611,20120616,20120620,20120625,20120626,20120627 
Number is 94 
G.5.4_index_2_VS_G.DB_index_4 [13] 
20120520,20120526,20120527,20120528,20120529,20120530,20120531,20120602,20120603,20120608,20120609,20120612,20120614,20120617,20120619,20120620,20120622,20120627,20120629,20120701 
