======== Current: 20120612 ========= 
Number is 03 
G.4.2_index_1_VS_G.5.6_index_4 [1] 
20120520,20120521,20120523,20120525,20120529,20120601,20120602,20120604,20120606,20120607,20120608,20120609,20120610,20120611,20120615,20120624,20120626,20120630,20120701 
G.3.5_index_4_VS_G.3.6_index_1 [2] 
20120520,20120523,20120528,20120531,20120601,20120605,20120606,20120607,20120608,20120609,20120610,20120611,20120613,20120615,20120624,20120625,20120629 
Number is 10 
G.3.4_index_5_VS_G.3.4_index_4 [3] PLUS 1 
20120520,20120521,20120522,20120524,20120530,20120601,20120602,20120603,20120604,20120606,20120607,20120608,20120609,20120610,20120611,20120612,20120615,20120616,20120619,20120622,20120623,20120629 
Number is 18 
G.7.4_index_1_VS_G.7.4_index_2 [4] 
20120520,20120526,20120528,20120529,20120531,20120602,20120605,20120606,20120607,20120608,20120609,20120610,20120611,20120614,20120616,20120618,20120621,20120622,20120623,20120625,20120626,20120701 
Number is 20 
G.7.3_index_2_VS_G.3.5_index_4 [5] PLUS 1 
20120520,20120521,20120522,20120523,20120525,20120528,20120530,20120531,20120601,20120603,20120606,20120607,20120608,20120609,20120610,20120611,20120612,20120613,20120616,20120618 
Number is 22 
G.5.4_index_3_VS_G.2.2_index_2 [6] 
20120521,20120524,20120525,20120601,20120602,20120606,20120607,20120608,20120609,20120610,20120611,20120614,20120618,20120619,20120621,20120624,20120625,20120629 
Number is 23 
G.6.2_index_2_VS_G.3.1_index_2 [7] PLUS 1 
20120525,20120526,20120529,20120603,20120605,20120606,20120607,20120608,20120609,20120610,20120611,20120612,20120614,20120615,20120617,20120618,20120621,20120624,20120628,20120630 
G.6.2_index_2_VS_G.5.5_index_4 [8] PLUS 1 
20120522,20120523,20120524,20120526,20120527,20120601,20120602,20120603,20120605,20120606,20120607,20120608,20120609,20120610,20120611,20120612,20120613,20120614,20120615,20120616,20120618,20120620,20120625,20120626,20120627,20120628,20120629 
Number is 27 
G.5.4_index_2_VS_G.3.1_index_5 [9] 
20120522,20120530,20120531,20120601,20120603,20120606,20120607,20120608,20120609,20120610,20120611,20120614,20120616,20120617,20120618,20120619,20120620,20120626,20120701 
Number is 28 
G.5.4_index_3_VS_G.3.2_index_2 [10] 
20120524,20120528,20120530,20120602,20120603,20120606,20120607,20120608,20120609,20120610,20120611,20120614,20120615,20120616,20120617,20120624,20120625,20120628,20120701 
Number is 31 
G.3.1_index_2_VS_G.DB_index_1 [11] PLUS 1 
20120520,20120522,20120527,20120606,20120607,20120608,20120609,20120610,20120611,20120612,20120614,20120615,20120617,20120619,20120621,20120626,20120628,20120630 
Number is 36 
G.5.6_index_4_VS_G.3.5_index_3 [12] 
20120526,20120530,20120601,20120604,20120606,20120607,20120608,20120609,20120610,20120611,20120613,20120621,20120624,20120625,20120626,20120630 
Number is 37 
G.5.5_index_4_VS_G.2.1_index_2 [13] 
20120520,20120522,20120524,20120529,20120605,20120606,20120607,20120608,20120609,20120610,20120611,20120613,20120614,20120615,20120617,20120621,20120623,20120626,20120629 
Number is 39 
G.3.6_index_1_VS_G.7.2_index_1 [14] 
20120520,20120521,20120523,20120602,20120605,20120606,20120607,20120608,20120609,20120610,20120611,20120613,20120615,20120616,20120620,20120621,20120628,20120629,20120630 
Number is 45 
G.3.1_index_4_VS_G.6.1_index_2 [15] PLUS 1 
20120524,20120526,20120530,20120531,20120602,20120606,20120607,20120608,20120609,20120610,20120611,20120612,20120614,20120615,20120630,20120701 
Number is 53 
G.4.2_index_4_VS_G.1.1_index_3 [16] PLUS 1 
20120520,20120522,20120525,20120527,20120530,20120604,20120605,20120606,20120607,20120608,20120609,20120610,20120611,20120612,20120613,20120615,20120617,20120622,20120624,20120625,20120628,20120630,20120701 
Number is 64 
G.3.3_index_5_VS_G.5.2_index_4 [17] PLUS 1 
20120522,20120523,20120529,20120601,20120602,20120605,20120606,20120607,20120608,20120609,20120610,20120611,20120612,20120614,20120615,20120618,20120619,20120620,20120622,20120626,20120628 
Number is 68 
G.6.2_index_3_VS_G.4.4_index_2 [18] 
20120520,20120527,20120530,20120601,20120602,20120603,20120604,20120606,20120607,20120608,20120609,20120610,20120611,20120613,20120617,20120620,20120621,20120624,20120625,20120626,20120628,20120701 
Number is 76 
G.1.1_index_4_VS_G.1.1_index_2 [19] 
20120520,20120521,20120530,20120604,20120606,20120607,20120608,20120609,20120610,20120611,20120615,20120617,20120619,20120622,20120623,20120624,20120629 
Number is 77 
G.1.1_index_5_VS_G.3.4_index_3 [20] PLUS 1 
20120522,20120523,20120525,20120526,20120528,20120529,20120601,20120603,20120606,20120607,20120608,20120609,20120610,20120611,20120612,20120613,20120614,20120615,20120621,20120624,20120626,20120627,20120630 
Number is 80 
G.7.4_index_2_VS_G.3.2_index_4 [21] 
20120522,20120523,20120524,20120604,20120606,20120607,20120608,20120609,20120610,20120611,20120619,20120621,20120622,20120624,20120626,20120628,20120629,20120630,20120701 
Number is 81 
G.5.1_index_1_VS_G.3.2_index_5 [22] 
20120521,20120528,20120529,20120530,20120606,20120607,20120608,20120609,20120610,20120611,20120614,20120617,20120619,20120621,20120622,20120624,20120625,20120629 
Number is 86 
G.4.3_index_4_VS_G.5.2_index_1 [23] 
20120520,20120522,20120523,20120527,20120528,20120601,20120603,20120604,20120606,20120607,20120608,20120609,20120610,20120611,20120613,20120614,20120615,20120616,20120618,20120620,20120623,20120624,20120625,20120630,20120701 
Number is 91 
G.3.1_index_1_VS_G.3.4_index_5 [24] PLUS 1 
20120520,20120521,20120522,20120523,20120529,20120530,20120601,20120602,20120604,20120605,20120606,20120607,20120608,20120609,20120610,20120611,20120612,20120613,20120615,20120617,20120619,20120622,20120624,20120626,20120627,20120628,20120701 
Number is 92 
G.3.1_index_3_VS_G.4.4_index_3 [25] 
20120520,20120521,20120523,20120524,20120525,20120526,20120528,20120531,20120605,20120606,20120607,20120608,20120609,20120610,20120611,20120613,20120614,20120616,20120620,20120625,20120629,20120630,20120701 
G.5.2_index_3_VS_G.5.5_index_3 [26] 
20120520,20120523,20120527,20120529,20120602,20120603,20120604,20120606,20120607,20120608,20120609,20120610,20120611,20120613,20120615,20120616,20120617,20120619,20120620,20120628,20120630,20120701 
Number is 97 
G.5.2_index_3_VS_G.3.1_index_5 [27] 
20120523,20120526,20120527,20120529,20120530,20120601,20120605,20120606,20120607,20120608,20120609,20120610,20120611,20120613,20120614,20120615,20120617,20120618,20120619,20120627,20120628,20120630,20120701 
