======== Current: 20120615 ========= 
Number is 02 
G.3.4_index_5_VS_G.7.2_index_1 [1] PLUS 1 
20120520,20120522,20120524,20120604,20120605,20120609,20120610,20120611,20120612,20120613,20120614,20120615,20120622,20120627,20120629,20120701 
Number is 04 
G.3.5_index_3_VS_G.3.3_index_2 [2] 
20120520,20120527,20120529,20120530,20120602,20120605,20120606,20120609,20120610,20120611,20120612,20120613,20120614,20120618,20120619,20120621,20120624,20120629,20120630 
Number is 06 
G.6.2_index_2_VS_G.5.5_index_4 [3] PLUS 1 
20120522,20120523,20120524,20120526,20120527,20120601,20120602,20120603,20120605,20120606,20120607,20120608,20120609,20120610,20120611,20120612,20120613,20120614,20120615,20120616,20120618,20120620,20120625,20120626,20120627,20120628,20120629 
Number is 16 
G.7.3_index_2_VS_G.5.5_index_4 [4] PLUS 1 
20120521,20120523,20120524,20120528,20120529,20120531,20120603,20120605,20120606,20120607,20120609,20120610,20120611,20120612,20120613,20120614,20120615,20120616,20120617,20120621,20120624 
Number is 18 
G.3.1_index_4_VS_G.4.1_index_1 [5] PLUS 1 
20120529,20120601,20120602,20120605,20120607,20120609,20120610,20120611,20120612,20120613,20120614,20120615,20120617,20120618,20120629 
Number is 30 
G.5.4_index_1_VS_G.5.1_index_1 [6] 
20120520,20120523,20120526,20120527,20120528,20120530,20120603,20120609,20120610,20120611,20120612,20120613,20120614,20120616,20120618,20120621,20120623,20120624,20120626,20120627,20120628,20120630,20120701 
Number is 31 
G.3.5_index_5_VS_G.7.4_index_1 [7] 
20120520,20120521,20120522,20120525,20120526,20120528,20120531,20120601,20120602,20120603,20120609,20120610,20120611,20120612,20120613,20120614,20120616,20120617,20120619,20120621,20120623,20120626,20120627,20120628,20120629,20120630,20120701 
Number is 38 
G.1.1_index_1_VS_G.3.1_index_5 [8] PLUS 1 
20120525,20120530,20120531,20120604,20120605,20120607,20120609,20120610,20120611,20120612,20120613,20120614,20120615,20120616,20120618,20120620,20120622,20120624,20120626,20120627,20120701 
G.5.4_index_1_VS_G.3.4_index_1 [9] PLUS 1 
20120521,20120522,20120526,20120528,20120602,20120606,20120607,20120609,20120610,20120611,20120612,20120613,20120614,20120615,20120620,20120623,20120625,20120627,20120630,20120701 
Number is 39 
G.3.5_index_5_VS_G.5.5_index_3 [10] PLUS 1 
20120524,20120526,20120530,20120601,20120603,20120604,20120606,20120609,20120610,20120611,20120612,20120613,20120614,20120615,20120616,20120618,20120619,20120620,20120621,20120624,20120625,20120626,20120629,20120630,20120701 
Number is 43 
G.5.6_index_2_VS_G.3.5_index_1 [11] PLUS 1 
20120520,20120524,20120525,20120526,20120527,20120528,20120602,20120603,20120606,20120609,20120610,20120611,20120612,20120613,20120614,20120615,20120617,20120622,20120627,20120629 
Number is 45 
G.1.1_index_5_VS_G.3.4_index_3 [12] PLUS 1 
20120522,20120523,20120525,20120526,20120528,20120529,20120601,20120603,20120606,20120607,20120608,20120609,20120610,20120611,20120612,20120613,20120614,20120615,20120621,20120624,20120626,20120627,20120630 
Number is 47 
G.3.3_index_3_VS_G.1.1_index_2 [13] 
20120521,20120524,20120528,20120601,20120602,20120603,20120605,20120609,20120610,20120611,20120612,20120613,20120614,20120616,20120622,20120623,20120625 
Number is 48 
G.3.3_index_3_VS_G.4.1_index_1 [14] PLUS 1 
20120523,20120601,20120602,20120603,20120607,20120609,20120610,20120611,20120612,20120613,20120614,20120615,20120617,20120620,20120622,20120629,20120630,20120701 
G.1.1_index_5_VS_G.3.1_index_5 [15] PLUS 1 
20120522,20120523,20120525,20120526,20120530,20120601,20120604,20120605,20120606,20120609,20120610,20120611,20120612,20120613,20120614,20120615,20120616,20120617,20120621,20120622,20120623,20120625,20120626 
Number is 49 
G.3.3_index_2_VS_G.3.6_index_2 [16] 
20120520,20120521,20120524,20120527,20120528,20120606,20120608,20120609,20120610,20120611,20120612,20120613,20120614,20120616,20120617,20120619,20120621,20120624,20120627,20120701 
Number is 53 
G.5.2_index_1_VS_G.5.1_index_4 [17] 
20120521,20120523,20120528,20120529,20120601,20120604,20120606,20120608,20120609,20120610,20120611,20120612,20120613,20120614,20120616,20120618,20120620,20120621,20120622,20120628 
Number is 68 
G.7.1_index_2_VS_G.6.2_index_3 [18] 
20120521,20120523,20120525,20120526,20120530,20120601,20120602,20120603,20120605,20120606,20120609,20120610,20120611,20120612,20120613,20120614,20120616,20120617,20120618,20120620,20120621,20120623,20120627,20120701 
Number is 70 
G.2.2_index_5_VS_G.5.1_index_1 [19] PLUS 1 
20120521,20120522,20120525,20120527,20120528,20120530,20120602,20120603,20120604,20120606,20120609,20120610,20120611,20120612,20120613,20120614,20120615,20120620,20120621,20120623,20120626,20120629,20120630,20120701 
Number is 73 
G.4.1_index_2_VS_G.4.2_index_1 [20] PLUS 1 
20120521,20120604,20120605,20120607,20120609,20120610,20120611,20120612,20120613,20120614,20120615,20120617,20120618,20120619,20120627,20120629 
Number is 75 
G.2.2_index_5_VS_G.4.4_index_2 [21] 
20120520,20120524,20120525,20120528,20120529,20120603,20120605,20120609,20120610,20120611,20120612,20120613,20120614,20120616,20120617,20120618,20120620,20120621,20120622,20120623,20120625,20120628,20120630,20120701 
Number is 80 
G.5.6_index_4_VS_G.3.4_index_5 [22] 
20120523,20120525,20120527,20120601,20120603,20120604,20120605,20120607,20120609,20120610,20120611,20120612,20120613,20120614,20120616,20120617,20120619,20120620,20120621,20120622,20120623,20120624,20120626,20120628,20120629,20120701 
G.5.6_index_4_VS_G.6.3_index_3 [23] 
20120523,20120526,20120528,20120601,20120609,20120610,20120611,20120612,20120613,20120614,20120617,20120619,20120621,20120622,20120625,20120626,20120701 
Number is 86 
G.5.2_index_4_VS_G.5.5_index_1 [24] 
20120520,20120521,20120523,20120526,20120529,20120530,20120608,20120609,20120610,20120611,20120612,20120613,20120614,20120617,20120619,20120620,20120622,20120625,20120626,20120628,20120701 
Number is 88 
G.5.6_index_4_VS_G.5.4_index_2 [25] 
20120524,20120530,20120601,20120603,20120605,20120609,20120610,20120611,20120612,20120613,20120614,20120619,20120620,20120628 
Number is 94 
G.2.2_index_2_VS_G.5.6_index_2 [26] 
20120523,20120526,20120527,20120529,20120601,20120602,20120603,20120606,20120609,20120610,20120611,20120612,20120613,20120614,20120618,20120619,20120625,20120628,20120629 
G.4.3_index_3_VS_G.5.6_index_2 [27] 
20120520,20120522,20120526,20120601,20120602,20120603,20120604,20120605,20120606,20120609,20120610,20120611,20120612,20120613,20120614,20120618,20120620,20120626,20120629,20120630,20120701 
