======== Current: 20120624 ========= 
Number is 06 
G.5.4_index_4_VS_G.5.4_index_1 [1] PLUS 1 
20120523,20120530,20120603,20120604,20120605,20120606,20120608,20120609,20120611,20120617,20120618,20120619,20120620,20120621,20120622,20120623,20120624,20120625,20120626,20120630,20120701 
Number is 09 
G.5.4_index_4_VS_G.2.1_index_4 [2] 
20120520,20120523,20120526,20120529,20120530,20120531,20120601,20120602,20120604,20120607,20120608,20120612,20120616,20120617,20120618,20120619,20120620,20120621,20120622,20120623,20120625,20120626,20120701 
Number is 11 
G.5.1_index_4_VS_G.3.1_index_3 [3] 
20120520,20120523,20120525,20120528,20120529,20120530,20120601,20120602,20120604,20120608,20120610,20120618,20120619,20120620,20120621,20120622,20120623,20120627,20120628 
Number is 14 
G.4.1_index_4_VS_G.3.4_index_4 [4] PLUS 1 
20120522,20120523,20120524,20120526,20120529,20120602,20120603,20120604,20120609,20120612,20120613,20120616,20120617,20120618,20120619,20120620,20120621,20120622,20120623,20120624,20120625,20120630 
Number is 31 
G.1.1_index_2_VS_G.5.1_index_3 [5] PLUS 1 
20120528,20120529,20120531,20120601,20120603,20120604,20120611,20120613,20120617,20120618,20120619,20120620,20120621,20120622,20120623,20120624,20120625,20120627,20120629,20120630,20120701 
G.4.3_index_4_VS_G.6.2_index_3 [6] PLUS 1 
20120520,20120524,20120525,20120526,20120527,20120528,20120529,20120603,20120605,20120607,20120608,20120609,20120610,20120613,20120616,20120617,20120618,20120619,20120620,20120621,20120622,20120623,20120624,20120626,20120630,20120701 
G.6.2_index_1_VS_G.5.1_index_4 [7] PLUS 1 
20120523,20120525,20120526,20120527,20120530,20120601,20120602,20120605,20120607,20120609,20120612,20120613,20120617,20120618,20120619,20120620,20120621,20120622,20120623,20120624,20120626,20120628,20120629,20120701 
Number is 32 
G.4.3_index_4_VS_G.4.2_index_4 [8] PLUS 1 
20120522,20120523,20120528,20120531,20120606,20120608,20120609,20120610,20120611,20120613,20120615,20120618,20120619,20120620,20120621,20120622,20120623,20120624,20120626,20120629,20120630 
Number is 33 
G.3.3_index_3_VS_G.6.2_index_1 [9] 
20120520,20120524,20120525,20120527,20120529,20120603,20120604,20120605,20120609,20120612,20120616,20120617,20120618,20120619,20120620,20120621,20120622,20120623,20120628,20120629,20120630,20120701 
Number is 37 
G.2.1_index_3_VS_G.3.2_index_5 [10] PLUS 1 
20120521,20120522,20120523,20120531,20120601,20120604,20120608,20120610,20120615,20120616,20120618,20120619,20120620,20120621,20120622,20120623,20120624,20120626,20120627,20120628,20120630 
Number is 44 
G.3.4_index_4_VS_G.1.1_index_5 [11] 
20120521,20120522,20120523,20120525,20120526,20120527,20120528,20120601,20120603,20120604,20120608,20120611,20120613,20120614,20120615,20120616,20120617,20120618,20120619,20120620,20120621,20120622,20120623,20120627,20120629,20120701 
G.7.3_index_1_VS_G.3.4_index_4 [12] 
20120520,20120521,20120524,20120525,20120601,20120603,20120607,20120611,20120615,20120616,20120617,20120618,20120619,20120620,20120621,20120622,20120623,20120625,20120626,20120629 
Number is 48 
G.7.3_index_1_VS_G.6.3_index_3 [13] PLUS 1 
20120521,20120526,20120527,20120530,20120531,20120601,20120602,20120605,20120608,20120611,20120612,20120618,20120619,20120620,20120621,20120622,20120623,20120624,20120625,20120630,20120701 
Number is 50 
G.3.4_index_2_VS_G.5.4_index_4 [14] PLUS 1 
20120526,20120527,20120529,20120530,20120602,20120603,20120606,20120608,20120609,20120617,20120618,20120619,20120620,20120621,20120622,20120623,20120624,20120625,20120629,20120701 
Number is 59 
G.5.2_index_1_VS_G.2.2_index_5 [15] 
20120520,20120524,20120527,20120528,20120530,20120602,20120603,20120604,20120607,20120608,20120609,20120610,20120616,20120618,20120619,20120620,20120621,20120622,20120623,20120630 
Number is 63 
G.7.2_index_1_VS_G.3.6_index_4 [16] 
20120520,20120523,20120524,20120528,20120531,20120602,20120603,20120605,20120606,20120607,20120610,20120612,20120615,20120616,20120618,20120619,20120620,20120621,20120622,20120623,20120626,20120628,20120629 
Number is 64 
G.7.4_index_2_VS_G.7.3_index_1 [17] 
20120523,20120524,20120525,20120526,20120529,20120531,20120602,20120604,20120606,20120607,20120608,20120609,20120611,20120613,20120615,20120616,20120618,20120619,20120620,20120621,20120622,20120623,20120625,20120628,20120630 
Number is 65 
G.7.4_index_2_VS_G.4.4_index_1 [18] 
20120520,20120523,20120525,20120529,20120531,20120602,20120605,20120606,20120607,20120609,20120611,20120614,20120618,20120619,20120620,20120621,20120622,20120623,20120625,20120628,20120630 
Number is 66 
G.5.2_index_4_VS_G.5.4_index_1 [19] 
20120523,20120530,20120602,20120603,20120612,20120614,20120615,20120618,20120619,20120620,20120621,20120622,20120623,20120627 
Number is 90 
G.3.2_index_3_VS_G.5.4_index_4 [20] 
20120520,20120527,20120529,20120530,20120603,20120606,20120610,20120611,20120614,20120615,20120617,20120618,20120619,20120620,20120621,20120622,20120623,20120628 
Number is 92 
G.2.2_index_5_VS_G.5.3_index_1 [21] PLUS 1 
20120521,20120522,20120528,20120529,20120602,20120603,20120605,20120611,20120612,20120613,20120614,20120615,20120616,20120618,20120619,20120620,20120621,20120622,20120623,20120624,20120629 
Number is 99 
G.5.3_index_3_VS_G.2.1_index_4 [22] 
20120522,20120526,20120527,20120530,20120531,20120602,20120605,20120606,20120609,20120612,20120615,20120618,20120619,20120620,20120621,20120622,20120623,20120626 
