======== Current: 20120628 ========= 
Number is 03 
G.3.4_index_1_VS_G.5.1_index_3 [1] PLUS 1 
20120521,20120522,20120531,20120601,20120603,20120606,20120607,20120613,20120616,20120622,20120623,20120624,20120625,20120626,20120627,20120628,20120630,20120701 
Number is 16 
G.4.1_index_1_VS_G.4.3_index_3 [2] PLUS 1 
20120527,20120603,20120608,20120610,20120611,20120614,20120615,20120620,20120621,20120622,20120623,20120624,20120625,20120626,20120627,20120628,20120701 
Number is 18 
G.3.2_index_4_VS_G.4.3_index_1 [3] PLUS 1 
20120522,20120523,20120524,20120525,20120527,20120528,20120529,20120601,20120602,20120604,20120607,20120610,20120612,20120614,20120620,20120622,20120623,20120624,20120625,20120626,20120627,20120628,20120629,20120701 
Number is 21 
G.1.1_index_1_VS_G.DB_index_3 [4] PLUS 1 
20120528,20120531,20120601,20120607,20120610,20120611,20120615,20120618,20120621,20120622,20120623,20120624,20120625,20120626,20120627,20120628 
Number is 30 
G.2.1_index_5_VS_G.3.2_index_5 [5] PLUS 1 
20120521,20120522,20120523,20120524,20120529,20120530,20120604,20120605,20120607,20120608,20120609,20120611,20120614,20120615,20120616,20120620,20120622,20120623,20120624,20120625,20120626,20120627,20120628 
Number is 32 
G.3.3_index_4_VS_G.1.1_index_1 [6] 
20120523,20120524,20120525,20120527,20120528,20120602,20120603,20120607,20120608,20120611,20120612,20120614,20120616,20120618,20120620,20120621,20120622,20120623,20120624,20120625,20120626,20120627,20120701 
G.5.6_index_3_VS_G.1.1_index_1 [7] 
20120522,20120523,20120527,20120529,20120530,20120602,20120608,20120610,20120611,20120612,20120613,20120615,20120616,20120617,20120618,20120621,20120622,20120623,20120624,20120625,20120626,20120627 
Number is 33 
G.1.1_index_5_VS_G.5.6_index_2 [8] 
20120521,20120522,20120525,20120530,20120601,20120605,20120606,20120609,20120612,20120619,20120620,20120621,20120622,20120623,20120624,20120625,20120626,20120627,20120630 
Number is 34 
G.3.4_index_4_VS_G.5.1_index_1 [9] 
20120521,20120522,20120523,20120525,20120526,20120528,20120529,20120530,20120602,20120603,20120605,20120606,20120608,20120611,20120615,20120616,20120617,20120621,20120622,20120623,20120624,20120625,20120626,20120627,20120629,20120701 
Number is 37 
G.5.1_index_3_VS_G.6.2_index_1 [10] PLUS 1 
20120525,20120526,20120529,20120530,20120531,20120602,20120603,20120605,20120606,20120615,20120617,20120621,20120622,20120623,20120624,20120625,20120626,20120627,20120628 
Number is 38 
G.5.5_index_2_VS_G.4.3_index_1 [11] 
20120522,20120524,20120528,20120604,20120605,20120610,20120614,20120616,20120617,20120620,20120622,20120623,20120624,20120625,20120626,20120627,20120630 
Number is 43 
G.5.1_index_1_VS_G.5.6_index_3 [12] 
20120520,20120523,20120528,20120602,20120606,20120611,20120613,20120615,20120616,20120618,20120620,20120621,20120622,20120623,20120624,20120625,20120626,20120627 
Number is 66 
G.4.3_index_3_VS_G.5.3_index_4 [13] 
20120520,20120522,20120526,20120529,20120601,20120602,20120603,20120605,20120610,20120613,20120615,20120620,20120622,20120623,20120624,20120625,20120626,20120627,20120701 
