======== Current: 20120629 ========= 
Number is 00 
G.2.1_index_5_VS_G.3.2_index_5 [1] 
20120521,20120522,20120523,20120524,20120529,20120530,20120604,20120605,20120607,20120608,20120609,20120611,20120614,20120615,20120616,20120620,20120622,20120623,20120624,20120625,20120626,20120627,20120628 
Number is 06 
G.1.1_index_1_VS_G.DB_index_3 [2] 
20120528,20120531,20120601,20120607,20120610,20120611,20120615,20120618,20120621,20120622,20120623,20120624,20120625,20120626,20120627,20120628 
Number is 14 
G.DB_index_5_VS_G.7.4_index_1 [3] 
20120520,20120523,20120525,20120528,20120529,20120530,20120601,20120603,20120604,20120607,20120613,20120614,20120617,20120618,20120621,20120623,20120624,20120625,20120626,20120627,20120628 
Number is 24 
G.3.2_index_3_VS_G.5.5_index_4 [4] 
20120524,20120525,20120527,20120601,20120602,20120603,20120606,20120607,20120609,20120614,20120618,20120621,20120623,20120624,20120625,20120626,20120627,20120628,20120630,20120701 
Number is 26 
G.4.1_index_1_VS_G.4.3_index_3 [5] 
20120527,20120603,20120608,20120610,20120611,20120614,20120615,20120620,20120621,20120622,20120623,20120624,20120625,20120626,20120627,20120628,20120701 
Number is 35 
G.DB_index_2_VS_G.5.6_index_1 [6] 
20120520,20120524,20120530,20120601,20120602,20120603,20120604,20120607,20120611,20120612,20120613,20120614,20120615,20120619,20120623,20120624,20120625,20120626,20120627,20120628 
Number is 51 
G.3.2_index_4_VS_G.4.3_index_1 [7] PLUS 1 
20120522,20120523,20120524,20120525,20120527,20120528,20120529,20120601,20120602,20120604,20120607,20120610,20120612,20120614,20120620,20120622,20120623,20120624,20120625,20120626,20120627,20120628,20120629,20120701 
Number is 54 
G.5.6_index_1_VS_G.3.5_index_4 [8] PLUS 1 
20120520,20120522,20120527,20120528,20120530,20120601,20120603,20120604,20120612,20120613,20120615,20120620,20120623,20120624,20120625,20120626,20120627,20120628,20120629,20120630 
Number is 55 
G.5.3_index_2_VS_G.2.2_index_1 [9] 
20120522,20120525,20120529,20120601,20120602,20120604,20120605,20120608,20120614,20120617,20120618,20120620,20120621,20120623,20120624,20120625,20120626,20120627,20120628,20120701 
Number is 59 
G.5.6_index_3_VS_G.5.3_index_3 [10] PLUS 1 
20120522,20120523,20120528,20120529,20120531,20120604,20120606,20120607,20120608,20120611,20120613,20120614,20120616,20120620,20120621,20120623,20120624,20120625,20120626,20120627,20120628,20120629 
Number is 85 
G.5.2_index_2_VS_G.3.2_index_1 [11] 
20120602,20120606,20120607,20120608,20120614,20120616,20120618,20120619,20120620,20120623,20120624,20120625,20120626,20120627,20120628,20120630,20120701 
Number is 88 
G.1.1_index_5_VS_G.7.1_index_2 [12] PLUS 1 
20120520,20120521,20120525,20120526,20120527,20120602,20120604,20120605,20120607,20120609,20120612,20120613,20120616,20120617,20120621,20120623,20120624,20120625,20120626,20120627,20120628,20120629,20120701 
Number is 91 
G.5.1_index_3_VS_G.6.2_index_1 [13] 
20120525,20120526,20120529,20120530,20120531,20120602,20120603,20120605,20120606,20120615,20120617,20120621,20120622,20120623,20120624,20120625,20120626,20120627,20120628 
Number is 99 
G.3.4_index_1_VS_G.5.1_index_3 [14] 
20120521,20120522,20120531,20120601,20120603,20120606,20120607,20120613,20120616,20120622,20120623,20120624,20120625,20120626,20120627,20120628,20120630,20120701 
