61544

4 : Ngày 1/9/2013
ĐB dàn 64 số
00 01 10 03 30 40 40 05 50 60 60 08
80 09 90 11 13 31 14 41 15 51 16 61
18 81 19 91 33 34 43 35 53 36 63 38
83 39 93 44 45 54 46 64 48 84 49 94
56 65 58 85 59 95 68 86 69 96 66 88
99 89 98 55 x 50k Nhận 55 x 50k


ĐB dàn 36 số
00 10 10 03 30 40 04 50 05 08 80 11
13 31 14 41 15 51 18 81 33 34 43 35
53 38 83 44 45 54 48 84 55 58 85 88 + 36 63 x 100k Nhận 55 x 100k

Cham: 0,1,3,4,5,8 + Them 363

Loai: 2,6,7,9

ĐB dàn 25 số
01 10 03 30 04 40 05 50 11 13 31 14
41 15 51 34 43 35 53 44 45 54 55 33 00 x 200k Nhận 55 x 200k
