1 :Ngày 29/9/2013
63396
ĐB dàn 36 số
11 12 13 16 17 18 22 21 23 26 27 28
31 32 33 36 37 38 61 62 63 66 67 98 (68 <-> 98)
71 72 73 76 77 78 81 82 83 86 87 88 x 100k Nhận 62 x 100k

Dau 1,2,3,6,7,8,
Duoi 1,2,3,6,7,8

Loai: 0,4,5,9

ĐB dàn 64 số
11 12 13 16 17 18 22 21 23 26 27 28
31 32 33 36 37 38 61 62 63 66 67 68
71 72 73 76 77 78 81 82 83 86 87 88
50 05 15 51 25 52 35 53 55 56 65 57
75 58 85 00 01 10 02 20 03 30 06 60
07 70 08 80 x 50k Nhận 62 x 50k
ĐB dàn 25 số
11 22 33 66 12 21 13 31
16 61 23 32 26 62 36 63 x 200k Nhận 62 x 200k


2 : Ngày 30/8/2013
80662
ĐB dàn 36 số
11 12 13 19 17 18 22 21 23 29 27 28
31 32 33 39 37 38 91 92 93 99 97 68 (98<->68)
71 72 73 79 77 78 81 82 83 89 87 88 x 100k Nhận 91 x 100k

Cham: 1,2,3,7,8,9

Loai: 0,4,5,6

ĐB dàn 64 số
11 12 13 16 17 18 22 21 23 26 27 28
31 32 33 36 37 38 61 62 63 66 67 68
71 72 73 76 77 78 81 82 83 86 87 88
19 91 29 92 39 93 49 94 69 96 79 97
89 98 41 14 24 42 43 34 44 46 64 47
74 48 84 99 x 50k Nhận 91 x 50k
ĐB 25 số
12 21 13 31 17 71 18 81 19 91 23
32 28 82 29 92 38 83 39 93 x 200k Nhận 91 x 200k



3 : Ngày 31/8/2013
ĐB dàn 36 số
13 31 14 41 16 61 18 81 19 91 36 63
38 83 39 93 34 43 46 64 48 84 49 94
68 86 69 96 89 98 11 33 44 66 88 99 x 100k Nhận 44 x 100k

Cham: 1,3,4,6,8,9
Loai: 0,2,5,7

ĐB dàn 25 số
14 31 13 41 18 81 16 61 89 98 34
43 36 63 38 83 68 86 46 64 48 84 x 200k xịt db 44 x 200k


4 : Ngày 1/9/2013
ĐB dàn 64 số
00 01 10 03 30 40 40 05 50 60 60 08
80 09 90 11 13 31 14 41 15 51 16 61
18 81 19 91 33 34 43 35 53 36 63 38
83 39 93 44 45 54 46 64 48 84 49 94
56 65 58 85 59 95 68 86 69 96 66 88
99 89 98 55 x 50k Nhận 55 x 50k
ĐB dàn 36 số
00 10 10 03 30 40 04 50 05 08 80 11
13 31 14 41 15 51 18 81 33 34 43 35
53 38 83 44 45 54 48 84 55 58 85 88 + 36 63 x 100k Nhận 55 x 100k


Cham: 0,1,3,4,5,8 + Them 363
Loai: 2,6,7,9

ĐB dàn 25 số
01 10 03 30 04 40 05 50 11 13 31 14
41 15 51 34 43 35 53 44 45 54 55 33 00 x 200k Nhận 55 x 200k


5 : Ngày 2/9/2013
ĐB dàn 36 số
00 01 10 04 40 05 50 06 60 09 90 11
14 41 15 51 16 61 19 91 44 45 54 46
64 49 94 55 56 65 59 95 69 96 66 99x 100k Nhận 61 x 100k

Cham: 0,1,4,5,6,9
Loai: 2,3,7,8

ĐB dàn 25 số
01 10 15 51 16 61 19 91 04 40 05 50 06 60
09 90 54 45 56 65 55 59 95 96 69 99 11 00 x 200k Nhận 61 x 200k


6 : Ngày 3/9/2013
ĐB dàn 64 số :
00 01 10 03 30 04 40 05 50 06 60
08 80 09 90 11 13 31 14 41 15 51
16 61 18 81 19 91 34 43 33 35 53
36 63 38 83 39 93 45 54 46 64 48
84 49 94 55 56 65 58 85 59 95 66
68 86 69 96 88 89 98 99X 50K Nhận 46 100k

ĐB dàn 36 số
00 04 40 06 60 08 80 09 90 44 46 64
48 84 49 94 66 68 86 69 96 88 89 98
99 01 10 14 41 18 81 19 91 36 63 30 X100K Nhận 46 100k

Cham: 0,1,4,6,8,9 + 363 30
Loai: 2,3,5,7

ĐB dàn 25 số
00 04 40 06 60 08 80 09 90 44 46 64
48 84 49 94 66 68 86 69 96 88 89 98 99 X 200K Nhận 64 200k


7 :Ngày 4/9/2013
ĐB dàn 36 số
03 30 04 40 05 50 80 08 09 90 00 33
34 43 35 53 38 83 39 93 44 54 45 48
84 49 94 55 58 85 59 95 88 89 98 99 x 100k Xịt ĐB 57 x 100k

Cham: 0,3,4,5,8,9
Loai: 1,2,6,7

ĐB dàn 25 số
00 03 30 08 80 09 90 38 83 39
93 33 88 89 98 99 53 43 34 48
84 49 94 40 04 x 200k Xịt ĐB 57 x 200k



8 ; Ngày 5/9/2013
ĐB dàn 36 số :
00 01 10 02 20 05 50 06 60 07 70 11
12 21 15 51 16 61 17 71 22 25 52 27
72 26 62 55 56 65 57 75 66 67 76 77 X 100K xịt ĐB 93 x 200k

Cham: 0,1,2,5,6,7
Loai: 3,4,8,9

ĐB dàn 25 số
00 01 10 02 20 05 50 11 12 21 15 51
16 61 06 60 22 25 52 26 62 55 66 56 65 X 200K xịt ĐB 93 x 200k


9 : Ngày 6/9/2013
ĐB dàn 64 số
00 01 10 03 30 04 40 05 50 06 60 08
80 09 90 13 31 11 14 41 15 51 16 61
18 81 19 91 33 34 43 35 53 36 63 38
83 39 93 44 45 54 46 64 48 84 49 94
55 56 65 58 85 59 95 66 68 86 69 96
88 89 98 99 x 50k
ĐB DÀN 36 SỐ
34 01 10 03 30 05 50 08 80 06 60 43
13 31 15 51 18 81 16 61 35 53 38 83
36 63 33 58 85 56 65 55 88 86 68 66 + 93 X 100K

Cham: 0,1,3,5,6,8
Loai: 2,4,7,9

ĐB dàn 25 số
86 01 10 03 30 05 50 06 60 80 13 31
15 51 16 61 35 53 36 63 38 83 56 65 68 + 33 66 88 93 34 43 x 200k 


10. Ngày 7/9
27101

ĐB dàn 36 số
03 30 00 04 40 05 50 07 70 09 90 33
34 43 35 53 37 73 39 93 44 45 54 47
74 49 94 55 57 75 59 95 77 79 97 99 + 48 84 x 100k 

Cham: 0,3,4,5,7,9
Loai: 1,2,6,8


