Last Date = 20131102
Except date ======= 
required date ======= 20131026,20131027,20131028,20131029,20131030,20131031
Number is 01
G.2.1_index_1_VS_G.4.1_index_1 [1] 
Ngay: 20131017,20131019,20131025,20131026,20131027,20131028,20131029,20131030,20131031
Number is 02
G.3.5_index_5_VS_G.5.4_index_4 [2] 
Ngay: 20131016,20131019,20131020,20131021,20131022,20131023,20131026,20131027,20131028,20131029,20131030,20131031,20131101
Number is 04
G.3.1_index_4_VS_G.3.2_index_1 [3] 
Ngay: 20131017,20131020,20131022,20131026,20131027,20131028,20131029,20131030,20131031
Number is 27
G.5.5_index_4_VS_G.6.2_index_3 [4] 
Ngay: 20131016,20131019,20131020,20131023,20131026,20131027,20131028,20131029,20131030,20131031
G.5.5_index_1_VS_G.6.1_index_1 [5] 
Ngay: 20131017,20131026,20131027,20131028,20131029,20131030,20131031,20131101
Number is 30
G.2.2_index_1_VS_G.4.4_index_2 [6] 
Ngay: 20131016,20131019,20131020,20131022,20131023,20131026,20131027,20131028,20131029,20131030,20131031,20131101
Number is 31
G.3.4_index_5_VS_G.1.1_index_1 [7] 
Ngay: 20131019,20131021,20131022,20131023,20131026,20131027,20131028,20131029,20131030,20131031,20131101
Number is 32
G.DB_index_3_VS_G.5.5_index_1 [8] 
Ngay: 20131016,20131017,20131020,20131021,20131024,20131025,20131026,20131027,20131028,20131029,20131030,20131031
G.DB_index_3_VS_G.5.5_index_4 [9] 
Ngay: 20131016,20131021,20131022,20131023,20131025,20131026,20131027,20131028,20131029,20131030,20131031,20131101
Number is 39
G.5.1_index_4_VS_G.2.2_index_3 [10] 
Ngay: 20131026,20131027,20131028,20131029,20131030,20131031
Number is 59
G.5.1_index_2_VS_G.3.6_index_5 [11] 
Ngay: 20131016,20131018,20131024,20131025,20131026,20131027,20131028,20131029,20131030,20131031
Number is 70
G.5.3_index_2_VS_G.3.4_index_4 [12] 
Ngay: 20131021,20131026,20131027,20131028,20131029,20131030,20131031
Number is 71
G.3.3_index_2_VS_G.1.1_index_5 [13] 
Ngay: 20131016,20131018,20131020,20131021,20131023,20131025,20131026,20131027,20131028,20131029,20131030,20131031
Number is 88
G.5.1_index_3_VS_G.3.3_index_5 [14] 
Ngay: 20131018,20131024,20131025,20131026,20131027,20131028,20131029,20131030,20131031
Number is 91
G.3.6_index_5_VS_G.1.1_index_1 [15] 
Ngay: 20131016,20131019,20131020,20131026,20131027,20131028,20131029,20131030,20131031,20131101
Number is 92
G.DB_index_2_VS_G.5.5_index_4 [16] 
Ngay: 20131017,20131018,20131020,20131023,20131026,20131027,20131028,20131029,20131030,20131031
Number is 97
G.2.2_index_3_VS_G.3.1_index_2 [17] 
Ngay: 20131016,20131017,20131020,20131023,20131025,20131026,20131027,20131028,20131029,20131030,20131031,20131101
