Last Date = 20131103
Except date ======= 
required date ======= 20131027,20131028,20131029,20131030,20131031,20131101
Number is 00
G.DB_index_3_VS_G.5.5_index_4 [1] 
Ngay: 20131016,20131021,20131022,20131023,20131025,20131026,20131027,20131028,20131029,20131030,20131031,20131101,20131102
Number is 16
G.5.3_index_1_VS_G.5.5_index_2 [2] 
Ngay: 20131019,20131020,20131021,20131025,20131027,20131028,20131029,20131030,20131031,20131101,20131102
Number is 24
G.3.4_index_5_VS_G.1.1_index_1 [3] 
Ngay: 20131019,20131021,20131022,20131023,20131026,20131027,20131028,20131029,20131030,20131031,20131101
Number is 25
G.5.5_index_1_VS_G.6.1_index_1 [4] 
Ngay: 20131017,20131026,20131027,20131028,20131029,20131030,20131031,20131101,20131102
Number is 35
G.2.1_index_1_VS_G.6.1_index_1 [5] 
Ngay: 20131024,20131025,20131027,20131028,20131029,20131030,20131031,20131101
Number is 36
G.5.2_index_4_VS_G.6.3_index_2 [6] 
Ngay: 20131015,20131016,20131017,20131018,20131019,20131022,20131023,20131024,20131027,20131028,20131029,20131030,20131031,20131101,20131102
Number is 41
G.2.2_index_3_VS_G.3.1_index_2 [7] 
Ngay: 20131016,20131017,20131020,20131023,20131025,20131026,20131027,20131028,20131029,20131030,20131031,20131101,20131102
Number is 48
G.5.1_index_1_VS_G.DB_index_2 [8] 
Ngay: 20131015,20131020,20131021,20131024,20131027,20131028,20131029,20131030,20131031,20131101
Number is 52
G.6.1_index_1_VS_G.4.2_index_1 [9] 
Ngay: 20131017,20131020,20131023,20131024,20131025,20131027,20131028,20131029,20131030,20131031,20131101,20131102
Number is 72
G.4.2_index_2_VS_G.4.2_index_1 [10] 
Ngay: 20131018,20131027,20131028,20131029,20131030,20131031,20131101
G.4.2_index_2_VS_G.4.1_index_2 [11] 
Ngay: 20131016,20131018,20131021,20131023,20131025,20131027,20131028,20131029,20131030,20131031,20131101
Number is 74
G.7.2_index_1_VS_G.3.1_index_4 [12] 
Ngay: 20131015,20131016,20131017,20131018,20131019,20131020,20131023,20131027,20131028,20131029,20131030,20131031,20131101
Number is 82
G.4.4_index_2_VS_G.4.1_index_4 [13] 
Ngay: 20131015,20131020,20131022,20131023,20131027,20131028,20131029,20131030,20131031,20131101
Number is 84
G.5.3_index_2_VS_G.6.2_index_2 [14] 
Ngay: 20131015,20131018,20131022,20131023,20131024,20131027,20131028,20131029,20131030,20131031,20131101,20131102
Number is 87
G.DB_index_2_VS_G.DB_index_4 [15] 
Ngay: 20131016,20131021,20131024,20131025,20131027,20131028,20131029,20131030,20131031,20131101
G.3.5_index_5_VS_G.5.4_index_4 [16] 
Ngay: 20131016,20131019,20131020,20131021,20131022,20131023,20131026,20131027,20131028,20131029,20131030,20131031,20131101
Number is 88
G.5.3_index_2_VS_G.3.5_index_5 [17] 
Ngay: 20131016,20131018,20131020,20131021,20131023,20131024,20131025,20131027,20131028,20131029,20131030,20131031,20131101
Number is 94
G.3.6_index_5_VS_G.1.1_index_1 [18] 
Ngay: 20131016,20131019,20131020,20131026,20131027,20131028,20131029,20131030,20131031,20131101
Number is 98
G.2.2_index_1_VS_G.4.4_index_2 [19] 
Ngay: 20131016,20131019,20131020,20131022,20131023,20131026,20131027,20131028,20131029,20131030,20131031,20131101
