======== Current: 20131106 ========= 
Number is 05 
G.5.5_index_2_VS_G.6.2_index_3 [1] PLUS 1 
Ngay: 20131018,20131019,20131020,20131022,20131023,20131026,20131029,20131031,20131101,20131102,20131103,20131104,20131105,20131106 
Number is 09 
G.5.5_index_2_VS_G.5.6_index_2 [2] 
Ngay: 20131021,20131022,20131024,20131031,20131101,20131102,20131103,20131104,20131105 
Number is 22 
G.5.5_index_1_VS_G.1.1_index_4 [3] 
Ngay: 20131016,20131017,20131019,20131021,20131023,20131025,20131027,20131031,20131101,20131102,20131103,20131104,20131105 
Number is 24 
G.3.6_index_5_VS_G.5.1_index_3 [4] 
Ngay: 20131019,20131021,20131028,20131029,20131031,20131101,20131102,20131103,20131104,20131105 
Number is 25 
G.5.5_index_1_VS_G.6.2_index_3 [5] 
Ngay: 20131016,20131019,20131020,20131022,20131024,20131026,20131027,20131028,20131030,20131031,20131101,20131102,20131103,20131104,20131105 
G.1.1_index_4_VS_G.3.6_index_4 [6] 
Ngay: 20131020,20131023,20131025,20131026,20131028,20131031,20131101,20131102,20131103,20131104,20131105 
Number is 28 
G.3.1_index_5_VS_G.5.6_index_4 [7] PLUS 1 
Ngay: 20131015,20131018,20131023,20131024,20131025,20131027,20131029,20131031,20131101,20131102,20131103,20131104,20131105,20131106 
G.5.5_index_1_VS_G.5.4_index_1 [8] PLUS 1 
Ngay: 20131017,20131019,20131020,20131022,20131029,20131031,20131101,20131102,20131103,20131104,20131105,20131106 
Number is 29 
G.1.1_index_4_VS_G.3.2_index_4 [9] 
Ngay: 20131016,20131026,20131031,20131101,20131102,20131103,20131104,20131105 
Number is 30 
G.2.2_index_1_VS_G.3.5_index_1 [10] PLUS 1 
Ngay: 20131015,20131016,20131017,20131022,20131026,20131029,20131031,20131101,20131102,20131103,20131104,20131105,20131106 
Number is 34 
G.2.2_index_1_VS_G.4.2_index_1 [11] PLUS 1 
Ngay: 20131016,20131017,20131020,20131021,20131023,20131024,20131026,20131027,20131030,20131031,20131101,20131102,20131103,20131104,20131105,20131106 
Number is 39 
G.6.1_index_2_VS_G.4.4_index_3 [12] PLUS 1 
Ngay: 20131015,20131017,20131019,20131023,20131024,20131026,20131027,20131030,20131031,20131101,20131102,20131103,20131104,20131105,20131106 
Number is 41 
G.4.2_index_1_VS_G.1.1_index_1 [13] PLUS 1 
Ngay: 20131019,20131020,20131024,20131025,20131026,20131029,20131031,20131101,20131102,20131103,20131104,20131105,20131106 
Number is 44 
G.5.1_index_3_VS_G.4.2_index_4 [14] 
Ngay: 20131015,20131019,20131021,20131026,20131029,20131031,20131101,20131102,20131103,20131104,20131105 
G.7.4_index_2_VS_G.5.1_index_3 [15] 
Ngay: 20131015,20131021,20131028,20131031,20131101,20131102,20131103,20131104,20131105 
Number is 45 
G.3.2_index_5_VS_G.3.4_index_5 [16] 
Ngay: 20131015,20131019,20131020,20131022,20131023,20131024,20131025,20131027,20131028,20131031,20131101,20131102,20131103,20131104,20131105 
Number is 50 
G.5.3_index_1_VS_G.5.5_index_2 [17] PLUS 1 
Ngay: 20131019,20131020,20131021,20131025,20131027,20131028,20131029,20131030,20131031,20131101,20131102,20131103,20131104,20131105,20131106 
G.3.4_index_5_VS_G.7.1_index_2 [18] PLUS 1 
Ngay: 20131015,20131017,20131019,20131021,20131023,20131024,20131028,20131029,20131031,20131101,20131102,20131103,20131104,20131105,20131106 
Number is 52 
G.3.3_index_2_VS_G.5.1_index_4 [19] 
Ngay: 20131015,20131018,20131021,20131024,20131025,20131026,20131027,20131031,20131101,20131102,20131103,20131104,20131105 
Number is 59 
G.5.3_index_1_VS_G.3.2_index_4 [20] 
Ngay: 20131017,20131021,20131024,20131029,20131031,20131101,20131102,20131103,20131104,20131105 
Number is 64 
G.5.2_index_4_VS_G.5.4_index_3 [21] 
Ngay: 20131017,20131019,20131020,20131024,20131025,20131027,20131031,20131101,20131102,20131103,20131104,20131105 
Number is 74 
G.5.2_index_3_VS_G.5.1_index_3 [22] PLUS 1 
Ngay: 20131016,20131021,20131026,20131031,20131101,20131102,20131103,20131104,20131105,20131106 
Number is 80 
G.5.4_index_1_VS_G.DB_index_4 [23] 
Ngay: 20131016,20131018,20131020,20131022,20131023,20131027,20131029,20131030,20131031,20131101,20131102,20131103,20131104,20131105 
G.5.3_index_3_VS_G.DB_index_4 [24] 
Ngay: 20131015,20131016,20131018,20131020,20131022,20131023,20131025,20131027,20131031,20131101,20131102,20131103,20131104,20131105 
Number is 82 
G.5.3_index_3_VS_G.4.1_index_2 [25] PLUS 1 
Ngay: 20131019,20131023,20131024,20131027,20131028,20131031,20131101,20131102,20131103,20131104,20131105,20131106 
Number is 86 
G.3.2_index_3_VS_G.6.3_index_1 [26] 
Ngay: 20131018,20131020,20131021,20131026,20131029,20131030,20131031,20131101,20131102,20131103,20131104,20131105 
Number is 89 
G.3.6_index_1_VS_G.7.3_index_1 [27] 
Ngay: 20131017,20131021,20131027,20131028,20131030,20131031,20131101,20131102,20131103,20131104,20131105 
Number is 92 
G.3.2_index_4_VS_G.5.5_index_1 [28] 
Ngay: 20131015,20131017,20131020,20131029,20131031,20131101,20131102,20131103,20131104,20131105 
Number is 98 
G.5.2_index_2_VS_G.4.3_index_2 [29] 
Ngay: 20131015,20131019,20131020,20131021,20131024,20131026,20131027,20131029,20131031,20131101,20131102,20131103,20131104,20131105 
G.3.2_index_4_VS_G.5.4_index_1 [30] 
Ngay: 20131017,20131021,20131023,20131026,20131029,20131031,20131101,20131102,20131103,20131104,20131105 
Number is 99 
G.4.4_index_3_VS_G.5.6_index_2 [31] 
Ngay: 20131015,20131016,20131019,20131028,20131029,20131030,20131031,20131101,20131102,20131103,20131104,20131105 
