Last Date = 20131108
Except date ======= 
required date ======= 20131102,20131103,20131104,20131105,20131106,20131107
Number is 05
G.5.3_index_2_VS_G.2.2_index_1 [1] 
Ngay: 20131021,20131026,20131027,20131030,20131102,20131103,20131104,20131105,20131106,20131107
Number is 09
G.6.1_index_2_VS_G.5.5_index_1 [2] 
Ngay: 20131016,20131017,20131018,20131019,20131022,20131024,20131025,20131027,20131030,20131031,20131102,20131103,20131104,20131105,20131106,20131107
Number is 11
G.6.2_index_3_VS_G.DB_index_3 [3] 
Ngay: 20131015,20131017,20131018,20131020,20131021,20131028,20131029,20131102,20131103,20131104,20131105,20131106,20131107
G.5.5_index_2_VS_G.6.2_index_3 [4] 
Ngay: 20131018,20131019,20131020,20131022,20131023,20131026,20131029,20131031,20131101,20131102,20131103,20131104,20131105,20131106,20131107
Number is 21
G.5.5_index_4_VS_G.5.5_index_2 [5] 
Ngay: 20131019,20131023,20131026,20131028,20131030,20131102,20131103,20131104,20131105,20131106,20131107
Number is 25
G.3.1_index_5_VS_G.2.2_index_1 [6] 
Ngay: 20131015,20131016,20131019,20131021,20131026,20131027,20131029,20131030,20131102,20131103,20131104,20131105,20131106,20131107
G.2.1_index_3_VS_G.2.2_index_1 [7] 
Ngay: 20131017,20131018,20131022,20131023,20131026,20131027,20131030,20131101,20131102,20131103,20131104,20131105,20131106,20131107
Number is 27
G.3.1_index_5_VS_G.5.6_index_4 [8] 
Ngay: 20131015,20131018,20131023,20131024,20131025,20131027,20131029,20131031,20131101,20131102,20131103,20131104,20131105,20131106,20131107
Number is 32
G.5.1_index_1_VS_G.7.4_index_1 [9] 
Ngay: 20131017,20131018,20131021,20131023,20131024,20131025,20131026,20131030,20131102,20131103,20131104,20131105,20131106,20131107
Number is 34
G.5.1_index_1_VS_G.3.3_index_2 [10] 
Ngay: 20131016,20131019,20131021,20131023,20131024,20131025,20131027,20131030,20131101,20131102,20131103,20131104,20131105,20131106,20131107
Number is 41
G.5.3_index_1_VS_G.3.4_index_1 [11] 
Ngay: 20131015,20131023,20131024,20131026,20131030,20131102,20131103,20131104,20131105,20131106,20131107
G.3.5_index_4_VS_G.6.2_index_3 [12] 
Ngay: 20131015,20131023,20131026,20131027,20131102,20131103,20131104,20131105,20131106,20131107
G.5.1_index_2_VS_G.6.1_index_1 [13] 
Ngay: 20131015,20131016,20131019,20131020,20131021,20131022,20131024,20131025,20131028,20131101,20131102,20131103,20131104,20131105,20131106,20131107
Number is 43
G.4.2_index_2_VS_G.5.4_index_1 [14] 
Ngay: 20131016,20131018,20131019,20131021,20131022,20131029,20131101,20131102,20131103,20131104,20131105,20131106,20131107
Number is 49
G.5.1_index_3_VS_G.6.3_index_2 [15] 
Ngay: 20131018,20131019,20131025,20131026,20131027,20131029,20131101,20131102,20131103,20131104,20131105,20131106,20131107
Number is 55
G.3.5_index_3_VS_G.2.2_index_1 [16] 
Ngay: 20131016,20131025,20131026,20131030,20131101,20131102,20131103,20131104,20131105,20131106,20131107
Number is 60
G.4.2_index_4_VS_G.6.1_index_2 [17] 
Ngay: 20131015,20131023,20131025,20131026,20131027,20131029,20131030,20131031,20131102,20131103,20131104,20131105,20131106,20131107
Number is 61
G.1.1_index_4_VS_G.4.3_index_2 [18] 
Ngay: 20131015,20131016,20131019,20131020,20131024,20131027,20131101,20131102,20131103,20131104,20131105,20131106,20131107
Number is 62
G.7.2_index_2_VS_G.7.4_index_1 [19] 
Ngay: 20131016,20131017,20131018,20131023,20131024,20131026,20131027,20131028,20131029,20131101,20131102,20131103,20131104,20131105,20131106,20131107
Number is 63
G.5.2_index_1_VS_G.3.5_index_1 [20] 
Ngay: 20131018,20131019,20131020,20131021,20131022,20131023,20131102,20131103,20131104,20131105,20131106,20131107
Number is 65
G.4.2_index_4_VS_G.5.4_index_2 [21] 
Ngay: 20131016,20131018,20131022,20131023,20131026,20131027,20131029,20131031,20131102,20131103,20131104,20131105,20131106,20131107
Number is 69
G.5.2_index_1_VS_G.4.1_index_4 [22] 
Ngay: 20131017,20131018,20131019,20131020,20131021,20131022,20131025,20131027,20131028,20131102,20131103,20131104,20131105,20131106,20131107
G.3.4_index_5_VS_G.7.1_index_2 [23] 
Ngay: 20131015,20131017,20131019,20131021,20131023,20131024,20131028,20131029,20131031,20131101,20131102,20131103,20131104,20131105,20131106,20131107
Number is 71
G.4.3_index_3_VS_G.3.4_index_1 [24] 
Ngay: 20131017,20131023,20131024,20131101,20131102,20131103,20131104,20131105,20131106,20131107
Number is 76
G.4.3_index_3_VS_G.3.2_index_5 [25] 
Ngay: 20131017,20131019,20131020,20131023,20131024,20131029,20131102,20131103,20131104,20131105,20131106,20131107
Number is 84
G.5.2_index_3_VS_G.5.1_index_3 [26] 
Ngay: 20131016,20131021,20131026,20131031,20131101,20131102,20131103,20131104,20131105,20131106,20131107
Number is 94
G.3.1_index_2_VS_G.3.3_index_2 [27] 
Ngay: 20131017,20131018,20131021,20131023,20131024,20131025,20131026,20131027,20131030,20131102,20131103,20131104,20131105,20131106,20131107
Number is 96
G.3.1_index_2_VS_G.4.2_index_4 [28] 
Ngay: 20131016,20131017,20131018,20131020,20131023,20131026,20131027,20131101,20131102,20131103,20131104,20131105,20131106,20131107
G.4.1_index_4_VS_G.1.1_index_4 [29] 
Ngay: 20131017,20131023,20131024,20131027,20131028,20131030,20131102,20131103,20131104,20131105,20131106,20131107
Number is 99
G.4.1_index_4_VS_G.7.1_index_2 [30] 
Ngay: 20131017,20131018,20131019,20131020,20131022,20131023,20131027,20131029,20131102,20131103,20131104,20131105,20131106,20131107
G.5.5_index_1_VS_G.3.1_index_2 [31] 
Ngay: 20131018,20131019,20131020,20131022,20131024,20131027,20131030,20131101,20131102,20131103,20131104,20131105,20131106,20131107
