Mung 4
20121004 ;34;75;77;72;48;15;14;93;57;49;13;78;61;17;44;43;35;02;18;38;21;82;37;87;75;29;23 

04; 04;
45; 45
96; 96;
03; 03;


Mung 5

20121005 ;60;00;63;99;29;65;58;67;07;94;92;16;64;71;83;48;85;85;77;05;94;70;10;20;44;70;96
46; 46
60; 60;


Mung 6
20121006 ;21;25;44;76;91;38;44;11;58;43;72;97;70;01;73;02;48;55;31;22;83;88;72;44;99;04;65 
10; 10; 10;
47; 47;

Mung 7
20121007 ;18;97;50;48;70;69;20;26;69;51;10;02;74;22;59;01;50;25;60;00;69;94;60;75;48;11;78 

60; 60; 
89; 89; 89


Mung 8
20121008 ;92;00;32;21;99;81;67;58;36;84;80;71;75;04;98;84;00;38;57;67;66;11;86;69;76;26;80 

73; 73
95; 95; 95;


09

20121009 ;28;91;36;02;69;31;63;01;08;64;66;24;78;95;85;27;22;60;87;64;66;70;45;23;92;99;73

25; 25


20120710 ;62;89;53;09;30;81;72;12;49;98;63;39;10;56;39;20;02;72;79;98;59;71;21;98;34;11;22
20121010 ;64;56;56;39;60;04;28;25;48;00;03;11;55;07;16;01;81;43;62;43;74;83;21;98;04;38;02 


39; 39					-> 39, 98
98; 98; 98
72; 72;


20120711 ;26;02;80;53;31;78;77;80;98;22;48;00;42;98;88;41;83;98;88;92;49;18;18;75;38;25;71 
20121011 ;57;36;75;27;86;33;72;91;35;93;28;84;81;97;98;65;82;14;51;66;73;83;35;88;73;47;74 

80; 80; 88; 88; 18; 18 			-> 88, 98
98; 98; 98


