Last Date = 20130813
Number is 47
G.3.4_index_3_VS_G.3.2_index_4 [7] 
Ngay: 20130621,20130622,20130627,20130628,20130630,20130702,20130703,20130704,20130705,20130706,20130709,20130722,20130723,20130728,20130729,20130730,20130731,20130801,20130802,20130803,20130804,20130809,20130812
Number is 58
G.DB_index_2_VS_G.1.1_index_4 [19] 
Ngay: 20130620,20130621,20130622,20130624,20130626,20130630,20130705,20130707,20130710,20130714,20130716,20130718,20130720,20130721,20130724,20130725,20130726,20130729,20130730,20130731,20130801,20130802,20130803,20130804,20130809,20130810
Number is 78
G.3.3_index_1_VS_G.6.1_index_1 [20] 
Ngay: 20130627,20130629,20130701,20130702,20130703,20130704,20130705,20130706,20130709,20130711,20130712,20130721,20130722,20130728,20130730,20130731,20130801,20130802,20130803,20130804
