Last Date = 20130816
Number is 06
G.4.1_index_1_VS_G.3.2_index_1 [1] 
Ngay: 20130701,20130703,20130704,20130705,20130708,20130709,20130710,20130714,20130715,20130717,20130719,20130721,20130722,20130723,20130727,20130730,20130801,20130802,20130803,20130804,20130805,20130806,20130813
Number is 08
G.3.4_index_1_VS_G.3.1_index_2 [2] 
Ngay: 20130702,20130703,20130704,20130705,20130706,20130707,20130710,20130711,20130715,20130716,20130718,20130719,20130723,20130725,20130727,20130728,20130729,20130730,20130801,20130802,20130803,20130804,20130805,20130806,20130807,20130811,20130812,20130814
Number is 20
G.4.3_index_3_VS_G.3.4_index_1 [3] 
Ngay: 20130711,20130718,20130719,20130724,20130728,20130731,20130801,20130802,20130803,20130804,20130805,20130806,20130807,20130809,20130810,20130812,20130814,20130815
Number is 25
G.2.2_index_5_VS_G.3.2_index_4 [4] 
Ngay: 20130701,20130702,20130703,20130705,20130706,20130710,20130711,20130714,20130718,20130723,20130724,20130727,20130730,20130731,20130801,20130802,20130803,20130804,20130805,20130806,20130809,20130810
Number is 29
G.3.3_index_2_VS_G.DB_index_3 [5] 
Ngay: 20130706,20130708,20130710,20130712,20130714,20130715,20130720,20130722,20130723,20130724,20130725,20130726,20130727,20130728,20130729,20130730,20130731,20130801,20130802,20130803,20130804,20130805,20130806,20130808,20130813,20130815
Number is 30
G.2.1_index_5_VS_G.4.1_index_1 [6] 
Ngay: 20130701,20130703,20130705,20130707,20130713,20130720,20130721,20130722,20130724,20130728,20130729,20130730,20130801,20130802,20130803,20130804,20130805,20130806,20130810,20130813,20130814
Number is 39
G.3.1_index_1_VS_G.2.2_index_1 [7] 
Ngay: 20130701,20130702,20130703,20130705,20130708,20130711,20130715,20130716,20130719,20130722,20130725,20130726,20130727,20130728,20130801,20130802,20130803,20130804,20130805,20130806,20130813,20130814
G.3.1_index_1_VS_G.1.1_index_3 [8] 
Ngay: 20130701,20130702,20130705,20130708,20130711,20130712,20130713,20130715,20130717,20130721,20130723,20130726,20130729,20130730,20130731,20130801,20130802,20130803,20130804,20130805,20130806,20130808,20130809,20130812,20130814
Number is 42
G.4.1_index_4_VS_G.5.6_index_3 [9] 
Ngay: 20130703,20130705,20130706,20130707,20130708,20130709,20130712,20130715,20130722,20130724,20130725,20130727,20130729,20130801,20130802,20130803,20130804,20130805,20130806,20130808,20130810,20130812,20130813,20130815
Number is 45
G.1.1_index_2_VS_G.3.2_index_4 [10] 
Ngay: 20130704,20130705,20130706,20130709,20130710,20130713,20130720,20130722,20130727,20130731,20130801,20130802,20130803,20130804,20130805,20130806,20130807,20130809,20130811,20130813,20130814
Number is 48
G.7.2_index_1_VS_G.4.3_index_4 [11] 
Ngay: 20130701,20130702,20130704,20130705,20130711,20130718,20130719,20130722,20130724,20130726,20130729,20130801,20130802,20130803,20130804,20130805,20130806,20130808,20130809,20130813,20130814
Number is 49
G.6.3_index_3_VS_G.4.2_index_4 [12] 
Ngay: 20130703,20130705,20130708,20130710,20130712,20130713,20130722,20130723,20130729,20130730,20130801,20130802,20130803,20130804,20130805,20130806,20130807,20130808,20130814,20130815
Number is 50
G.3.4_index_2_VS_G.7.2_index_2 [13] 
Ngay: 20130701,20130702,20130703,20130704,20130707,20130708,20130710,20130713,20130714,20130715,20130716,20130721,20130722,20130725,20130728,20130801,20130802,20130803,20130804,20130805,20130806,20130810,20130812,20130814
Number is 59
G.4.4_index_1_VS_G.3.6_index_2 [14] 
Ngay: 20130702,20130717,20130719,20130724,20130726,20130729,20130801,20130802,20130803,20130804,20130805,20130806,20130807,20130808,20130809,20130812,20130813,20130814,20130815
Number is 70
G.2.2_index_3_VS_G.DB_index_4 [15] 
Ngay: 20130701,20130702,20130712,20130713,20130715,20130718,20130720,20130725,20130726,20130727,20130728,20130801,20130802,20130803,20130804,20130805,20130806,20130813,20130814,20130815
Number is 71
G.3.3_index_3_VS_G.6.3_index_1 [16] 
Ngay: 20130704,20130707,20130708,20130709,20130712,20130713,20130715,20130717,20130719,20130720,20130722,20130724,20130728,20130801,20130802,20130803,20130804,20130805,20130806,20130807,20130808,20130809,20130813,20130814
Number is 78
G.2.2_index_4_VS_G.2.2_index_2 [17] 
Ngay: 20130702,20130703,20130704,20130710,20130711,20130712,20130714,20130715,20130716,20130717,20130719,20130725,20130728,20130729,20130730,20130731,20130801,20130802,20130803,20130804,20130805,20130806,20130810,20130812,20130813,20130814
Number is 84
G.4.3_index_4_VS_G.3.6_index_3 [18] 
Ngay: 20130701,20130703,20130705,20130710,20130715,20130718,20130726,20130729,20130801,20130802,20130803,20130804,20130805,20130806,20130807,20130808,20130812,20130815
Number is 90
G.6.2_index_1_VS_G.7.2_index_2 [19] 
Ngay: 20130701,20130702,20130708,20130713,20130715,20130716,20130720,20130722,20130801,20130802,20130803,20130804,20130805,20130806,20130809,20130814
Number is 99
G.1.1_index_3_VS_G.3.6_index_5 [20] 
Ngay: 20130705,20130706,20130711,20130713,20130715,20130720,20130722,20130723,20130726,20130727,20130801,20130802,20130803,20130804,20130805,20130806,20130811,20130813,20130814
G.3.6_index_5_VS_G.7.1_index_1 [21] 
Ngay: 20130701,20130703,20130705,20130711,20130714,20130719,20130720,20130727,20130728,20130801,20130802,20130803,20130804,20130805,20130806,20130807,20130810,20130813
G.2.2_index_1_VS_G.4.2_index_2 [22] 
Ngay: 20130701,20130702,20130708,20130710,20130715,20130716,20130720,20130724,20130726,20130729,20130801,20130802,20130803,20130804,20130805,20130806,20130807,20130813
