Last Date = 20130813
Number is 32
G.1.1_index_3_VS_G.3.6_index_5 [2] 
Ngay: 20130623,20130624,20130628,20130629,20130630,20130705,20130706,20130711,20130713,20130715,20130720,20130722,20130723,20130726,20130727,20130801,20130802,20130803,20130804,20130805,20130806,20130811
G.3.1_index_1_VS_G.2.2_index_1 [9] 
Ngay: 20130621,20130624,20130628,20130629,20130701,20130702,20130703,20130705,20130708,20130711,20130715,20130716,20130719,20130722,20130725,20130726,20130727,20130728,20130801,20130802,20130803,20130804,20130805,20130806
Number is 56
G.2.2_index_3_VS_G.DB_index_4 [1] 
Ngay: 20130621,20130623,20130624,20130626,20130627,20130630,20130701,20130702,20130712,20130713,20130715,20130718,20130720,20130725,20130726,20130727,20130728,20130801,20130802,20130803,20130804,20130805,20130806
Number is 59
G.4.1_index_1_VS_G.3.2_index_1 [14] 
Ngay: 20130621,20130624,20130627,20130629,20130701,20130703,20130704,20130705,20130708,20130709,20130710,20130714,20130715,20130717,20130719,20130721,20130722,20130723,20130727,20130730,20130801,20130802,20130803,20130804,20130805,20130806
