Last Date = 20130819
Number is 03
G.DB_index_4_VS_G.3.5_index_4 [1] 
Ngay: 20130702,20130703,20130707,20130708,20130711,20130712,20130717,20130724,20130725,20130726,20130730,20130731,20130802,20130803,20130807,20130808,20130809,20130810,20130811,20130812,20130813,20130814,20130816
Number is 05
G.2.1_index_5_VS_G.7.3_index_1 [2] 
Ngay: 20130704,20130705,20130708,20130711,20130715,20130717,20130719,20130722,20130730,20130807,20130808,20130809,20130810,20130811,20130812,20130813
Number is 09
G.2.1_index_5_VS_G.3.6_index_1 [3] 
Ngay: 20130703,20130706,20130710,20130711,20130712,20130717,20130719,20130720,20130721,20130724,20130730,20130801,20130805,20130807,20130808,20130809,20130810,20130811,20130812,20130813,20130818
Number is 23
G.1.1_index_4_VS_G.3.5_index_4 [4] 
Ngay: 20130705,20130707,20130714,20130717,20130718,20130720,20130721,20130723,20130728,20130729,20130801,20130802,20130804,20130807,20130808,20130809,20130810,20130811,20130812,20130813,20130817
Number is 24
G.2.1_index_1_VS_G.4.4_index_1 [5] 
Ngay: 20130701,20130703,20130704,20130706,20130709,20130710,20130711,20130720,20130721,20130725,20130728,20130729,20130805,20130807,20130808,20130809,20130810,20130811,20130812,20130813,20130815,20130816
Number is 25
G.1.1_index_4_VS_G.1.1_index_2 [6] 
Ngay: 20130701,20130707,20130714,20130717,20130718,20130720,20130722,20130728,20130729,20130731,20130801,20130804,20130807,20130808,20130809,20130810,20130811,20130812,20130814
Number is 26
G.3.6_index_2_VS_G.1.1_index_3 [7] 
Ngay: 20130708,20130710,20130711,20130712,20130719,20130723,20130725,20130727,20130730,20130802,20130804,20130806,20130807,20130808,20130809,20130810,20130811,20130812,20130814
Number is 27
G.5.1_index_3_VS_G.5.3_index_4 [8] 
Ngay: 20130701,20130702,20130705,20130708,20130709,20130711,20130720,20130723,20130727,20130728,20130729,20130731,20130803,20130806,20130807,20130808,20130809,20130810,20130811,20130812,20130815,20130816,20130817
Number is 30
G.3.1_index_1_VS_G.2.1_index_5 [9] 
Ngay: 20130701,20130711,20130717,20130721,20130723,20130724,20130726,20130730,20130731,20130801,20130803,20130805,20130807,20130808,20130809,20130810,20130811,20130812
Number is 36
G.3.6_index_5_VS_G.3.6_index_3 [10] 
Ngay: 20130705,20130706,20130708,20130709,20130710,20130713,20130715,20130716,20130718,20130720,20130721,20130728,20130802,20130807,20130808,20130809,20130810,20130811,20130812,20130813,20130814,20130816
Number is 39
G.6.3_index_2_VS_G.6.2_index_3 [11] 
Ngay: 20130702,20130703,20130706,20130707,20130708,20130709,20130711,20130712,20130717,20130719,20130721,20130723,20130726,20130727,20130729,20130730,20130805,20130806,20130807,20130808,20130809,20130810,20130811,20130812,20130814,20130817,20130818
G.5.2_index_2_VS_G.3.5_index_3 [12] 
Ngay: 20130702,20130704,20130705,20130707,20130708,20130709,20130711,20130712,20130717,20130722,20130725,20130726,20130729,20130730,20130801,20130802,20130807,20130808,20130809,20130810,20130811,20130812
Number is 49
G.4.1_index_3_VS_G.5.4_index_1 [13] 
Ngay: 20130702,20130703,20130707,20130708,20130711,20130717,20130719,20130725,20130726,20130728,20130802,20130807,20130808,20130809,20130810,20130811,20130812,20130813,20130814,20130816,20130818
Number is 52
G.1.1_index_2_VS_G.3.6_index_2 [14] 
Ngay: 20130701,20130703,20130705,20130706,20130713,20130716,20130718,20130719,20130720,20130724,20130728,20130731,20130804,20130805,20130807,20130808,20130809,20130810,20130811,20130812,20130814,20130816,20130817
Number is 53
G.6.3_index_1_VS_G.3.4_index_2 [15] 
Ngay: 20130702,20130705,20130712,20130715,20130716,20130718,20130725,20130728,20130729,20130731,20130802,20130803,20130805,20130807,20130808,20130809,20130810,20130811,20130812,20130813,20130817,20130818
Number is 57
G.1.1_index_2_VS_G.5.3_index_3 [16] 
Ngay: 20130701,20130704,20130707,20130721,20130722,20130726,20130727,20130731,20130802,20130803,20130807,20130808,20130809,20130810,20130811,20130812,20130814,20130816,20130817,20130818
Number is 59
G.1.1_index_2_VS_G.3.6_index_1 [17] 
Ngay: 20130701,20130704,20130705,20130708,20130711,20130717,20130719,20130720,20130724,20130725,20130726,20130727,20130728,20130729,20130805,20130807,20130808,20130809,20130810,20130811,20130812,20130813,20130814,20130815,20130816,20130817
G.3.6_index_4_VS_G.3.6_index_1 [18] 
Ngay: 20130706,20130710,20130714,20130719,20130720,20130722,20130723,20130724,20130730,20130731,20130805,20130807,20130808,20130809,20130810,20130811,20130812,20130813,20130816,20130817,20130818
Number is 67
G.5.5_index_1_VS_G.5.3_index_4 [19] 
Ngay: 20130701,20130705,20130706,20130708,20130709,20130711,20130724,20130728,20130729,20130801,20130804,20130806,20130807,20130808,20130809,20130810,20130811,20130812,20130813,20130814,20130817
Number is 80
G.4.3_index_2_VS_G.2.1_index_5 [20] 
Ngay: 20130701,20130702,20130709,20130711,20130715,20130716,20130717,20130719,20130724,20130725,20130728,20130729,20130730,20130802,20130805,20130806,20130807,20130808,20130809,20130810,20130811,20130812,20130818
Number is 90
G.6.2_index_3_VS_G.2.1_index_5 [21] 
Ngay: 20130701,20130708,20130710,20130711,20130719,20130720,20130723,20130724,20130727,20130729,20130802,20130803,20130805,20130807,20130808,20130809,20130810,20130811,20130812,20130814,20130815,20130818
G.3.5_index_3_VS_G.6.3_index_3 [22] 
Ngay: 20130702,20130705,20130707,20130708,20130709,20130710,20130712,20130714,20130722,20130723,20130725,20130730,20130801,20130802,20130806,20130807,20130808,20130809,20130810,20130811,20130812,20130815,20130818
Number is 95
G.DB_index_3_VS_G.6.3_index_1 [23] 
Ngay: 20130701,20130702,20130705,20130707,20130708,20130713,20130714,20130715,20130716,20130718,20130720,20130722,20130724,20130725,20130726,20130728,20130731,20130803,20130804,20130807,20130808,20130809,20130810,20130811,20130812,20130816,20130818
