Last Date = 20130815
Number is 14
G.1.1_index_3_VS_G.3.5_index_2 [1] 
Ngay: 20130701,20130704,20130708,20130712,20130713,20130714,20130716,20130721,20130723,20130724,20130727,20130730,20130731,20130802,20130804,20130806,20130809,20130810,20130811,20130812,20130813,20130814
Number is 15
G.3.6_index_5_VS_G.3.6_index_3 [2] 
Ngay: 20130705,20130706,20130708,20130709,20130710,20130713,20130715,20130716,20130718,20130720,20130721,20130728,20130802,20130807,20130808,20130809,20130810,20130811,20130812,20130813,20130814
Number is 21
G.3.6_index_2_VS_G.3.4_index_2 [3] 
Ngay: 20130702,20130703,20130705,20130710,20130712,20130713,20130714,20130715,20130719,20130721,20130722,20130724,20130725,20130728,20130731,20130802,20130803,20130804,20130805,20130806,20130807,20130809,20130810,20130811,20130812,20130813,20130814
Number is 28
G.3.6_index_2_VS_G.5.4_index_4 [4] 
Ngay: 20130702,20130706,20130708,20130710,20130711,20130712,20130713,20130716,20130719,20130720,20130722,20130724,20130725,20130726,20130728,20130803,20130804,20130805,20130807,20130809,20130810,20130811,20130812,20130813,20130814
Number is 38
G.5.1_index_1_VS_G.6.2_index_2 [5] 
Ngay: 20130704,20130705,20130706,20130707,20130713,20130714,20130716,20130718,20130729,20130802,20130809,20130810,20130811,20130812,20130813,20130814
Number is 52
G.DB_index_2_VS_G.5.3_index_4 [6] 
Ngay: 20130702,20130706,20130707,20130709,20130710,20130711,20130720,20130721,20130722,20130724,20130726,20130803,20130808,20130809,20130810,20130811,20130812,20130813,20130814
Number is 55
G.7.4_index_2_VS_G.1.1_index_2 [7] 
Ngay: 20130701,20130705,20130710,20130711,20130713,20130717,20130720,20130721,20130722,20130727,20130731,20130807,20130809,20130810,20130811,20130812,20130813,20130814
Number is 56
G.1.1_index_2_VS_G.5.6_index_4 [8] 
Ngay: 20130705,20130706,20130708,20130716,20130720,20130722,20130724,20130726,20130729,20130731,20130802,20130803,20130804,20130806,20130807,20130809,20130810,20130811,20130812,20130813,20130814
G.3.6_index_3_VS_G.5.5_index_1 [9] 
Ngay: 20130702,20130704,20130708,20130710,20130711,20130712,20130713,20130714,20130715,20130718,20130720,20130722,20130730,20130804,20130806,20130807,20130809,20130810,20130811,20130812,20130813,20130814
Number is 57
G.1.1_index_2_VS_G.5.5_index_3 [10] 
Ngay: 20130701,20130702,20130710,20130711,20130713,20130719,20130720,20130721,20130722,20130727,20130729,20130801,20130806,20130809,20130810,20130811,20130812,20130813,20130814
Number is 58
G.1.1_index_2_VS_G.3.6_index_1 [11] 
Ngay: 20130701,20130704,20130705,20130708,20130711,20130717,20130719,20130720,20130724,20130725,20130726,20130727,20130728,20130729,20130805,20130807,20130808,20130809,20130810,20130811,20130812,20130813,20130814
Number is 61
G.3.5_index_4_VS_G.3.6_index_4 [12] 
Ngay: 20130701,20130702,20130703,20130704,20130705,20130712,20130713,20130714,20130720,20130724,20130726,20130728,20130730,20130802,20130805,20130809,20130810,20130811,20130812,20130813,20130814
Number is 62
G.5.5_index_1_VS_G.5.3_index_4 [13] 
Ngay: 20130701,20130705,20130706,20130708,20130709,20130711,20130724,20130728,20130729,20130801,20130804,20130806,20130807,20130808,20130809,20130810,20130811,20130812,20130813,20130814
G.5.6_index_4_VS_G.3.4_index_1 [14] 
Ngay: 20130705,20130706,20130711,20130715,20130718,20130719,20130721,20130722,20130723,20130728,20130729,20130731,20130801,20130802,20130803,20130804,20130807,20130809,20130810,20130811,20130812,20130813,20130814
Number is 67
G.2.1_index_3_VS_G.5.4_index_1 [15] 
Ngay: 20130701,20130704,20130705,20130711,20130712,20130714,20130717,20130719,20130722,20130726,20130728,20130801,20130803,20130806,20130809,20130810,20130811,20130812,20130813,20130814
G.4.1_index_3_VS_G.5.4_index_1 [16] 
Ngay: 20130702,20130703,20130707,20130708,20130711,20130717,20130719,20130725,20130726,20130728,20130802,20130807,20130808,20130809,20130810,20130811,20130812,20130813,20130814
Number is 69
G.4.1_index_3_VS_G.4.4_index_3 [17] 
Ngay: 20130701,20130702,20130703,20130704,20130705,20130707,20130711,20130712,20130714,20130717,20130719,20130720,20130721,20130725,20130726,20130727,20130728,20130731,20130803,20130804,20130807,20130809,20130810,20130811,20130812,20130813,20130814
G.2.1_index_3_VS_G.3.3_index_2 [18] 
Ngay: 20130702,20130704,20130705,20130706,20130709,20130710,20130713,20130721,20130722,20130723,20130724,20130725,20130727,20130728,20130729,20130802,20130803,20130805,20130809,20130810,20130811,20130812,20130813,20130814
Number is 72
G.6.2_index_3_VS_G.5.3_index_4 [19] 
Ngay: 20130702,20130705,20130708,20130709,20130711,20130721,20130723,20130731,20130805,20130806,20130808,20130809,20130810,20130811,20130812,20130813,20130814
Number is 76
G.4.3_index_1_VS_G.4.1_index_3 [20] 
Ngay: 20130705,20130714,20130717,20130718,20130719,20130721,20130723,20130728,20130802,20130803,20130804,20130806,20130808,20130809,20130810,20130811,20130812,20130813,20130814
G.DB_index_4_VS_G.3.5_index_4 [21] 
Ngay: 20130702,20130703,20130707,20130708,20130711,20130712,20130717,20130724,20130725,20130726,20130730,20130731,20130802,20130803,20130807,20130808,20130809,20130810,20130811,20130812,20130813,20130814
Number is 77
G.6.3_index_2_VS_G.5.5_index_3 [22] 
Ngay: 20130701,20130703,20130707,20130708,20130709,20130712,20130713,20130716,20130717,20130719,20130720,20130721,20130722,20130726,20130727,20130801,20130802,20130803,20130806,20130808,20130809,20130810,20130811,20130812,20130813,20130814
Number is 78
G.5.4_index_1_VS_G.3.2_index_5 [23] 
Ngay: 20130704,20130705,20130706,20130707,20130711,20130713,20130714,20130715,20130717,20130718,20130719,20130720,20130722,20130728,20130802,20130809,20130810,20130811,20130812,20130813,20130814
Number is 85
G.3.3_index_4_VS_G.1.1_index_2 [24] 
Ngay: 20130701,20130703,20130704,20130705,20130707,20130710,20130712,20130713,20130714,20130715,20130717,20130720,20130723,20130724,20130729,20130730,20130801,20130802,20130803,20130809,20130810,20130811,20130812,20130813,20130814
Number is 92
G.2.2_index_3_VS_G.5.3_index_4 [25] 
Ngay: 20130701,20130704,20130705,20130709,20130710,20130712,20130713,20130714,20130717,20130718,20130719,20130721,20130722,20130724,20130727,20130729,20130806,20130807,20130809,20130810,20130811,20130812,20130813,20130814
Number is 95
G.7.2_index_2_VS_G.7.4_index_1 [26] 
Ngay: 20130701,20130708,20130709,20130715,20130725,20130727,20130803,20130805,20130809,20130810,20130811,20130812,20130813,20130814
Number is 97
G.7.1_index_1_VS_G.6.2_index_3 [27] 
Ngay: 20130701,20130703,20130704,20130707,20130709,20130710,20130711,20130713,20130716,20130720,20130723,20130724,20130727,20130803,20130806,20130809,20130810,20130811,20130812,20130813,20130814
Number is 99
G.3.3_index_2_VS_G.7.2_index_2 [28] 
Ngay: 20130701,20130702,20130704,20130705,20130706,20130707,20130708,20130710,20130715,20130716,20130721,20130722,20130723,20130725,20130801,20130802,20130805,20130806,20130809,20130810,20130811,20130812,20130813,20130814
