Last Date = 20130816
Number is 03
G.7.2_index_2_VS_G.6.2_index_3 [1] 
Ngay: 20130701,20130703,20130704,20130707,20130708,20130709,20130713,20130715,20130720,20130721,20130731,20130803,20130804,20130805,20130806,20130808,20130810,20130811,20130812,20130813,20130814,20130815
G.3.5_index_1_VS_G.3.5_index_2 [2] 
Ngay: 20130704,20130706,20130709,20130711,20130712,20130713,20130719,20130721,20130722,20130723,20130728,20130729,20130731,20130801,20130802,20130804,20130805,20130808,20130810,20130811,20130812,20130813,20130814,20130815
G.7.2_index_2_VS_G.3.4_index_4 [3] 
Ngay: 20130701,20130702,20130703,20130707,20130708,20130713,20130715,20130716,20130719,20130720,20130726,20130727,20130728,20130801,20130803,20130804,20130805,20130808,20130810,20130811,20130812,20130813,20130814,20130815
Number is 04
G.3.5_index_4_VS_G.6.3_index_3 [4] 
Ngay: 20130703,20130705,20130707,20130710,20130711,20130712,20130715,20130720,20130723,20130724,20130726,20130727,20130728,20130729,20130730,20130731,20130803,20130804,20130807,20130808,20130810,20130811,20130812,20130813,20130814,20130815
G.3.3_index_4_VS_G.1.1_index_2 [5] 
Ngay: 20130701,20130703,20130704,20130705,20130707,20130710,20130712,20130713,20130714,20130715,20130717,20130720,20130723,20130724,20130729,20130730,20130801,20130802,20130803,20130809,20130810,20130811,20130812,20130813,20130814,20130815
Number is 05
G.2.1_index_4_VS_G.5.3_index_4 [6] 
Ngay: 20130703,20130705,20130706,20130708,20130713,20130716,20130719,20130721,20130726,20130801,20130810,20130811,20130812,20130813,20130814,20130815
Number is 13
G.5.3_index_1_VS_G.5.3_index_2 [7] 
Ngay: 20130703,20130704,20130706,20130707,20130711,20130716,20130717,20130718,20130728,20130729,20130803,20130804,20130805,20130806,20130810,20130811,20130812,20130813,20130814,20130815
Number is 20
G.3.3_index_2_VS_G.7.2_index_2 [8] 
Ngay: 20130701,20130702,20130704,20130705,20130706,20130707,20130708,20130710,20130715,20130716,20130721,20130722,20130723,20130725,20130801,20130802,20130805,20130806,20130809,20130810,20130811,20130812,20130813,20130814,20130815
Number is 24
G.5.4_index_4_VS_G.DB_index_1 [9] 
Ngay: 20130702,20130711,20130712,20130716,20130717,20130722,20130725,20130727,20130801,20130802,20130804,20130808,20130810,20130811,20130812,20130813,20130814,20130815
Number is 25
G.4.3_index_3_VS_G.5.3_index_4 [10] 
Ngay: 20130701,20130706,20130711,20130713,20130717,20130722,20130726,20130727,20130728,20130801,20130804,20130808,20130810,20130811,20130812,20130813,20130814,20130815
Number is 35
G.6.2_index_3_VS_G.5.3_index_4 [11] 
Ngay: 20130702,20130705,20130708,20130709,20130711,20130721,20130723,20130731,20130805,20130806,20130808,20130809,20130810,20130811,20130812,20130813,20130814,20130815
Number is 37
G.3.4_index_4_VS_G.5.5_index_2 [12] 
Ngay: 20130701,20130702,20130704,20130707,20130708,20130712,20130714,20130715,20130717,20130720,20130723,20130725,20130726,20130727,20130730,20130731,20130801,20130803,20130808,20130810,20130811,20130812,20130813,20130814,20130815
G.3.4_index_4_VS_G.4.2_index_1 [13] 
Ngay: 20130701,20130702,20130705,20130706,20130707,20130710,20130713,20130714,20130719,20130720,20130723,20130726,20130801,20130803,20130804,20130805,20130810,20130811,20130812,20130813,20130814,20130815
Number is 38
G.3.5_index_2_VS_G.7.3_index_1 [14] 
Ngay: 20130701,20130708,20130709,20130710,20130711,20130717,20130719,20130725,20130726,20130729,20130731,20130802,20130804,20130805,20130806,20130808,20130810,20130811,20130812,20130813,20130814,20130815
Number is 46
G.3.6_index_3_VS_G.5.5_index_1 [15] 
Ngay: 20130702,20130704,20130708,20130710,20130711,20130712,20130713,20130714,20130715,20130718,20130720,20130722,20130730,20130804,20130806,20130807,20130809,20130810,20130811,20130812,20130813,20130814,20130815
Number is 48
G.1.1_index_2_VS_G.5.6_index_4 [16] 
Ngay: 20130705,20130706,20130708,20130716,20130720,20130722,20130724,20130726,20130729,20130731,20130802,20130803,20130804,20130806,20130807,20130809,20130810,20130811,20130812,20130813,20130814,20130815
Number is 49
G.1.1_index_2_VS_G.3.6_index_1 [17] 
Ngay: 20130701,20130704,20130705,20130708,20130711,20130717,20130719,20130720,20130724,20130725,20130726,20130727,20130728,20130729,20130805,20130807,20130808,20130809,20130810,20130811,20130812,20130813,20130814,20130815
G.6.3_index_3_VS_G.3.3_index_5 [18] 
Ngay: 20130709,20130710,20130711,20130713,20130714,20130719,20130721,20130728,20130729,20130730,20130731,20130803,20130810,20130811,20130812,20130813,20130814,20130815
Number is 67
G.4.4_index_3_VS_G.3.3_index_3 [19] 
Ngay: 20130704,20130705,20130707,20130708,20130709,20130711,20130712,20130715,20130716,20130717,20130719,20130721,20130724,20130726,20130728,20130731,20130804,20130807,20130808,20130810,20130811,20130812,20130813,20130814,20130815
Number is 70
G.4.3_index_1_VS_G.7.2_index_2 [20] 
Ngay: 20130701,20130707,20130708,20130710,20130712,20130713,20130715,20130716,20130720,20130721,20130722,20130723,20130726,20130728,20130729,20130730,20130801,20130802,20130803,20130804,20130810,20130811,20130812,20130813,20130814,20130815
G.3.3_index_3_VS_G.DB_index_4 [21] 
Ngay: 20130703,20130706,20130709,20130712,20130714,20130719,20130720,20130721,20130724,20130726,20130727,20130801,20130803,20130804,20130805,20130806,20130807,20130810,20130811,20130812,20130813,20130814,20130815
Number is 74
G.5.1_index_1_VS_G.6.2_index_2 [22] 
Ngay: 20130704,20130705,20130706,20130707,20130713,20130714,20130716,20130718,20130729,20130802,20130809,20130810,20130811,20130812,20130813,20130814,20130815
Number is 76
G.4.3_index_1_VS_G.4.4_index_3 [23] 
Ngay: 20130703,20130704,20130705,20130708,20130711,20130715,20130719,20130720,20130721,20130722,20130723,20130724,20130726,20130727,20130728,20130801,20130807,20130810,20130811,20130812,20130813,20130814,20130815
Number is 77
G.5.5_index_2_VS_G.4.2_index_1 [24] 
Ngay: 20130701,20130703,20130704,20130706,20130707,20130710,20130712,20130718,20130724,20130727,20130728,20130730,20130801,20130803,20130804,20130810,20130811,20130812,20130813,20130814,20130815
G.2.2_index_3_VS_G.4.2_index_1 [25] 
Ngay: 20130701,20130702,20130704,20130705,20130706,20130709,20130712,20130713,20130714,20130715,20130718,20130719,20130723,20130726,20130728,20130730,20130803,20130807,20130810,20130811,20130812,20130813,20130814,20130815
Number is 86
G.5.6_index_1_VS_G.2.1_index_3 [26] 
Ngay: 20130701,20130704,20130717,20130719,20130721,20130722,20130726,20130728,20130729,20130730,20130805,20130806,20130807,20130810,20130811,20130812,20130813,20130814,20130815
Number is 90
G.3.6_index_1_VS_G.3.4_index_1 [27] 
Ngay: 20130702,20130715,20130718,20130719,20130720,20130721,20130722,20130727,20130729,20130730,20130802,20130804,20130805,20130807,20130808,20130810,20130811,20130812,20130813,20130814,20130815
Number is 92
G.3.6_index_2_VS_G.5.4_index_4 [28] 
Ngay: 20130702,20130706,20130708,20130710,20130711,20130712,20130713,20130716,20130719,20130720,20130722,20130724,20130725,20130726,20130728,20130803,20130804,20130805,20130807,20130809,20130810,20130811,20130812,20130813,20130814,20130815
Number is 93
G.7.1_index_1_VS_G.6.2_index_3 [29] 
Ngay: 20130701,20130703,20130704,20130707,20130709,20130710,20130711,20130713,20130716,20130720,20130723,20130724,20130727,20130803,20130806,20130809,20130810,20130811,20130812,20130813,20130814,20130815
Number is 96
G.7.1_index_2_VS_G.5.5_index_1 [30] 
Ngay: 20130703,20130706,20130707,20130708,20130709,20130713,20130714,20130715,20130718,20130720,20130724,20130727,20130802,20130807,20130810,20130811,20130812,20130813,20130814,20130815
