Last Date = 20130826
Number is 17
G.3.1_index_3_VS_G.1.1_index_3 [24] 
Ngay: 20130722,20130723,20130725,20130730,20130803,20130804,20130806,20130809,20130810,20130814,20130816,20130817,20130818,20130819,20130820,20130821
Number is 66
G.4.3_index_2_VS_G.5.4_index_4 [14] 
Ngay: 20130720,20130722,20130725,20130726,20130727,20130731,20130802,20130809,20130816,20130817,20130818,20130819,20130820,20130821
G.4.3_index_2_VS_G.3.2_index_1 [15] 
Ngay: 20130721,20130723,20130724,20130805,20130806,20130809,20130816,20130817,20130818,20130819,20130820,20130821
Number is 91
G.3.6_index_1_VS_G.2.2_index_4 [22] 
Ngay: 20130722,20130725,20130726,20130727,20130729,20130730,20130801,20130808,20130810,20130813,20130814,20130815,20130816,20130817,20130818,20130819,20130820,20130821
