Last Date = 20130824
Number is 00
G.5.5_index_3_VS_G.1.1_index_4 [1] 
Ngay: 20130720,20130724,20130727,20130728,20130729,20130730,20130805,20130808,20130809,20130810,20130814,20130817,20130818,20130819,20130820,20130821,20130822,20130823
Number is 03
G.5.5_index_3_VS_G.2.2_index_2 [2] 
Ngay: 20130720,20130721,20130728,20130730,20130801,20130806,20130807,20130808,20130810,20130818,20130819,20130820,20130821,20130822,20130823
Number is 04
G.3.3_index_5_VS_G.1.1_index_2 [3] 
Ngay: 20130721,20130722,20130724,20130726,20130729,20130801,20130802,20130804,20130805,20130808,20130810,20130812,20130814,20130816,20130817,20130818,20130819,20130820,20130821,20130822,20130823
Number is 05
G.7.4_index_2_VS_G.3.4_index_5 [4] 
Ngay: 20130720,20130723,20130724,20130729,20130802,20130805,20130806,20130813,20130816,20130817,20130818,20130819,20130820,20130821,20130822,20130823
G.4.1_index_4_VS_G.2.2_index_1 [5] 
Ngay: 20130722,20130723,20130724,20130725,20130726,20130729,20130731,20130804,20130805,20130806,20130808,20130816,20130818,20130819,20130820,20130821,20130822,20130823
Number is 10
G.5.4_index_3_VS_G.4.1_index_4 [6] 
Ngay: 20130723,20130727,20130728,20130807,20130808,20130811,20130814,20130816,20130818,20130819,20130820,20130821,20130822,20130823
Number is 16
G.5.4_index_3_VS_G.3.5_index_1 [7] 
Ngay: 20130726,20130729,20130801,20130803,20130806,20130811,20130812,20130813,20130814,20130815,20130817,20130818,20130819,20130820,20130821,20130822,20130823
G.2.2_index_5_VS_G.6.2_index_1 [8] 
Ngay: 20130722,20130724,20130725,20130802,20130803,20130804,20130805,20130808,20130812,20130814,20130815,20130817,20130818,20130819,20130820,20130821,20130822,20130823
Number is 23
G.4.1_index_1_VS_G.2.2_index_2 [9] 
Ngay: 20130720,20130728,20130730,20130801,20130803,20130805,20130806,20130810,20130811,20130813,20130814,20130818,20130819,20130820,20130821,20130822,20130823
Number is 25
G.3.5_index_2_VS_G.3.5_index_3 [10] 
Ngay: 20130721,20130725,20130726,20130731,20130801,20130802,20130806,20130809,20130811,20130813,20130814,20130817,20130818,20130819,20130820,20130821,20130822,20130823
G.4.1_index_1_VS_G.3.4_index_5 [11] 
Ngay: 20130720,20130722,20130723,20130728,20130729,20130730,20130802,20130804,20130806,20130810,20130812,20130813,20130818,20130819,20130820,20130821,20130822,20130823
Number is 28
G.2.1_index_5_VS_G.DB_index_4 [12] 
Ngay: 20130722,20130723,20130725,20130728,20130729,20130730,20130731,20130803,20130804,20130805,20130807,20130808,20130811,20130813,20130814,20130815,20130818,20130819,20130820,20130821,20130822,20130823
Number is 34
G.7.3_index_2_VS_G.3.6_index_2 [13] 
Ngay: 20130721,20130725,20130727,20130728,20130731,20130806,20130807,20130808,20130809,20130810,20130813,20130814,20130818,20130819,20130820,20130821,20130822,20130823
Number is 35
G.7.3_index_2_VS_G.4.3_index_2 [14] 
Ngay: 20130721,20130724,20130729,20130730,20130802,20130803,20130804,20130807,20130810,20130816,20130817,20130818,20130819,20130820,20130821,20130822,20130823
Number is 39
G.3.2_index_3_VS_G.3.3_index_2 [15] 
Ngay: 20130724,20130729,20130730,20130802,20130805,20130810,20130811,20130812,20130813,20130815,20130817,20130818,20130819,20130820,20130821,20130822,20130823
Number is 51
G.2.2_index_1_VS_G.5.5_index_4 [16] 
Ngay: 20130720,20130721,20130723,20130724,20130726,20130727,20130728,20130729,20130801,20130804,20130806,20130807,20130808,20130809,20130816,20130818,20130819,20130820,20130821,20130822,20130823
Number is 54
G.7.3_index_1_VS_G.3.3_index_3 [17] 
Ngay: 20130721,20130723,20130725,20130728,20130729,20130731,20130801,20130804,20130808,20130810,20130813,20130815,20130818,20130819,20130820,20130821,20130822,20130823
G.6.3_index_3_VS_G.5.4_index_1 [18] 
Ngay: 20130722,20130723,20130727,20130728,20130730,20130731,20130803,20130807,20130813,20130814,20130817,20130818,20130819,20130820,20130821,20130822,20130823
Number is 55
G.3.5_index_3_VS_G.4.3_index_2 [19] 
Ngay: 20130720,20130721,20130724,20130726,20130728,20130805,20130809,20130817,20130818,20130819,20130820,20130821,20130822,20130823
G.1.1_index_1_VS_G.4.3_index_2 [20] 
Ngay: 20130720,20130721,20130722,20130723,20130724,20130728,20130729,20130730,20130802,20130803,20130804,20130806,20130808,20130809,20130810,20130811,20130812,20130813,20130818,20130819,20130820,20130821,20130822,20130823
Number is 58
G.7.3_index_1_VS_G.3.1_index_1 [21] 
Ngay: 20130721,20130725,20130728,20130803,20130807,20130808,20130810,20130812,20130818,20130819,20130820,20130821,20130822,20130823
Number is 60
G.3.4_index_4_VS_G.5.5_index_3 [22] 
Ngay: 20130721,20130723,20130725,20130726,20130801,20130803,20130806,20130808,20130810,20130813,20130814,20130817,20130818,20130819,20130820,20130821,20130822,20130823
Number is 65
G.4.1_index_3_VS_G.6.1_index_1 [23] 
Ngay: 20130720,20130721,20130722,20130726,20130802,20130803,20130807,20130811,20130812,20130814,20130818,20130819,20130820,20130821,20130822,20130823
Number is 70
G.4.4_index_2_VS_G.5.5_index_3 [24] 
Ngay: 20130720,20130723,20130726,20130727,20130728,20130729,20130801,20130803,20130804,20130805,20130808,20130812,20130814,20130815,20130816,20130818,20130819,20130820,20130821,20130822,20130823
G.4.4_index_2_VS_G.2.1_index_2 [25] 
Ngay: 20130721,20130728,20130729,20130730,20130803,20130804,20130806,20130808,20130811,20130812,20130817,20130818,20130819,20130820,20130821,20130822,20130823
Number is 85
G.3.3_index_4_VS_G.1.1_index_1 [26] 
Ngay: 20130725,20130802,20130803,20130810,20130812,20130818,20130819,20130820,20130821,20130822,20130823
Number is 99
G.3.3_index_2_VS_G.5.5_index_2 [27] 
Ngay: 20130720,20130722,20130724,20130728,20130801,20130802,20130804,20130805,20130806,20130810,20130812,20130814,20130815,20130818,20130819,20130820,20130821,20130822,20130823
