Last Date = 20130818
Number is 11
G.4.4_index_1_VS_G.3.2_index_2 [1] 
Ngay: 20130722,20130726,20130729,20130730,20130802,20130806,20130807,20130809,20130811,20130812,20130813,20130814,20130815,20130816,20130817
Number is 19
G.3.3_index_2_VS_G.7.2_index_2 [2] 
Ngay: 20130721,20130722,20130723,20130725,20130801,20130802,20130805,20130806,20130809,20130810,20130811,20130812,20130813,20130814,20130815,20130816,20130817
Number is 22
G.6.1_index_2_VS_G.7.2_index_1 [3] 
Ngay: 20130721,20130723,20130726,20130727,20130728,20130729,20130801,20130805,20130806,20130811,20130812,20130813,20130814,20130815,20130816,20130817
Number is 23
G.5.1_index_3_VS_G.5.4_index_3 [4] 
Ngay: 20130720,20130728,20130731,20130805,20130806,20130811,20130812,20130813,20130814,20130815,20130816,20130817
Number is 41
G.1.1_index_2_VS_G.4.4_index_1 [5] 
Ngay: 20130720,20130722,20130724,20130726,20130729,20130730,20130731,20130805,20130806,20130807,20130809,20130811,20130812,20130813,20130814,20130815,20130816,20130817
Number is 42
G.1.1_index_2_VS_G.5.6_index_4 [6] 
Ngay: 20130720,20130722,20130724,20130726,20130729,20130731,20130802,20130803,20130804,20130806,20130807,20130809,20130810,20130811,20130812,20130813,20130814,20130815,20130816,20130817
Number is 47
G.1.1_index_2_VS_G.3.6_index_1 [7] 
Ngay: 20130720,20130724,20130725,20130726,20130727,20130728,20130729,20130805,20130807,20130808,20130809,20130810,20130811,20130812,20130813,20130814,20130815,20130816,20130817
Number is 48
G.6.3_index_3_VS_G.3.4_index_3 [8] 
Ngay: 20130725,20130726,20130730,20130801,20130802,20130803,20130804,20130806,20130807,20130811,20130812,20130813,20130814,20130815,20130816,20130817
Number is 55
G.2.2_index_3_VS_G.3.5_index_1 [9] 
Ngay: 20130720,20130725,20130729,20130730,20130805,20130806,20130808,20130811,20130812,20130813,20130814,20130815,20130816,20130817
G.3.5_index_1_VS_G.5.4_index_2 [10] 
Ngay: 20130720,20130724,20130729,20130802,20130804,20130811,20130812,20130813,20130814,20130815,20130816,20130817
Number is 62
G.2.2_index_5_VS_G.6.1_index_2 [11] 
Ngay: 20130721,20130722,20130723,20130725,20130726,20130729,20130731,20130801,20130803,20130804,20130806,20130811,20130812,20130813,20130814,20130815,20130816,20130817
Number is 78
G.DB_index_4_VS_G.3.4_index_3 [12] 
Ngay: 20130720,20130721,20130722,20130725,20130728,20130805,20130806,20130807,20130811,20130812,20130813,20130814,20130815,20130816,20130817
