Last Date = 20130810
Number is 02
G.2.1_index_4_VS_G.4.2_index_4 [1] 
Ngay: 20130723,20130725,20130728,20130729,20130803,20130804,20130805,20130806,20130807,20130808,20130809
Number is 13
G.3.6_index_1_VS_G.5.3_index_4 [2] 
Ngay: 20130728,20130730,20130731,20130803,20130804,20130805,20130806,20130807,20130808,20130809
G.3.1_index_1_VS_G.3.6_index_5 [3] 
Ngay: 20130724,20130726,20130727,20130728,20130729,20130731,20130801,20130803,20130804,20130805,20130806,20130807,20130808,20130809
Number is 33
G.6.2_index_3_VS_G.3.6_index_5 [4] 
Ngay: 20130721,20130724,20130725,20130802,20130803,20130804,20130805,20130806,20130807,20130808,20130809
Number is 53
G.7.4_index_2_VS_G.6.3_index_3 [5] 
Ngay: 20130721,20130722,20130723,20130724,20130727,20130728,20130730,20130801,20130803,20130804,20130805,20130806,20130807,20130808,20130809
Number is 64
G.4.4_index_1_VS_G.4.1_index_3 [6] 
Ngay: 20130721,20130724,20130726,20130727,20130729,20130730,20130803,20130804,20130805,20130806,20130807,20130808,20130809
Number is 65
G.4.4_index_1_VS_G.3.6_index_2 [7] 
Ngay: 20130724,20130726,20130729,20130801,20130802,20130803,20130804,20130805,20130806,20130807,20130808,20130809
Number is 77
G.3.3_index_3_VS_G.6.3_index_1 [8] 
Ngay: 20130720,20130722,20130724,20130728,20130801,20130802,20130803,20130804,20130805,20130806,20130807,20130808,20130809
Number is 78
G.4.3_index_1_VS_G.4.2_index_3 [9] 
Ngay: 20130721,20130722,20130723,20130724,20130725,20130729,20130731,20130803,20130804,20130805,20130806,20130807,20130808,20130809
