Last Date = 20130912
Except date ======= 20130908,20130909,20130910,20130911
required date ======= 20130902,20130903,20130904,20130905,20130906,20130907
Number is 10
G.5.3_index_2_VS_G.6.2_index_2 [2] 
Ngay: 20130820,20130821,20130825,20130828,20130902,20130903,20130904,20130905,20130906,20130907
Number is 11
G.5.3_index_2_VS_G.2.1_index_5 [3] 
Ngay: 20130815,20130820,20130824,20130825,20130826,20130828,20130830,20130831,20130902,20130903,20130904,20130905,20130906,20130907
Number is 20
G.7.2_index_1_VS_G.4.2_index_3 [1] 
Ngay: 20130815,20130817,20130819,20130821,20130822,20130823,20130824,20130828,20130902,20130903,20130904,20130905,20130906,20130907
Number is 34
G.3.5_index_2_VS_G.3.3_index_4 [11] 
Ngay: 20130822,20130823,20130825,20130827,20130828,20130902,20130903,20130904,20130905,20130906,20130907
Number is 40
G.3.3_index_4_VS_G.7.1_index_2 [10] 
Ngay: 20130816,20130817,20130819,20130823,20130825,20130829,20130902,20130903,20130904,20130905,20130906,20130907
Number is 45
G.4.4_index_3_VS_G.3.2_index_4 [14] 
Ngay: 20130821,20130823,20130825,20130827,20130829,20130902,20130903,20130904,20130905,20130906,20130907
Number is 78
G.1.1_index_2_VS_G.4.3_index_4 [5] 
Ngay: 20130815,20130816,20130817,20130823,20130825,20130827,20130828,20130829,20130902,20130903,20130904,20130905,20130906,20130907
