Last Date = 20130909
Except date ======= 
required date ======= 20130903,20130904,20130905,20130906,20130907,20130908
Number is 10
G.5.1_index_4_VS_G.2.2_index_3 [1] 
Ngay: 20130816,20130818,20130819,20130823,20130825,20130826,20130827,20130831,20130901,20130902,20130903,20130904,20130905,20130906,20130907,20130908
Number is 17
G.1.1_index_3_VS_G.7.1_index_2 [2] 
Ngay: 20130817,20130824,20130826,20130827,20130829,20130903,20130904,20130905,20130906,20130907,20130908
Number is 19
G.3.2_index_1_VS_G.3.1_index_3 [3] 
Ngay: 20130816,20130817,20130818,20130822,20130825,20130826,20130903,20130904,20130905,20130906,20130907,20130908
Number is 20
G.5.3_index_1_VS_G.3.2_index_2 [4] 
Ngay: 20130815,20130816,20130821,20130823,20130826,20130827,20130830,20130901,20130902,20130903,20130904,20130905,20130906,20130907,20130908
Number is 21
G.5.6_index_1_VS_G.3.2_index_1 [5] 
Ngay: 20130817,20130820,20130821,20130824,20130825,20130826,20130827,20130828,20130903,20130904,20130905,20130906,20130907,20130908
Number is 27
G.3.3_index_2_VS_G.7.1_index_2 [6] 
Ngay: 20130817,20130819,20130824,20130825,20130830,20130831,20130901,20130902,20130903,20130904,20130905,20130906,20130907,20130908
Number is 38
G.4.4_index_2_VS_G.3.4_index_1 [7] 
Ngay: 20130816,20130818,20130822,20130828,20130830,20130902,20130903,20130904,20130905,20130906,20130907,20130908
Number is 63
G.4.2_index_3_VS_G.4.1_index_3 [8] 
Ngay: 20130816,20130817,20130820,20130823,20130826,20130828,20130829,20130830,20130903,20130904,20130905,20130906,20130907,20130908
Number is 64
G.3.5_index_5_VS_G.4.3_index_1 [9] 
Ngay: 20130817,20130820,20130824,20130826,20130829,20130831,20130903,20130904,20130905,20130906,20130907,20130908
G.5.6_index_3_VS_G.4.3_index_1 [10] 
Ngay: 20130821,20130822,20130826,20130829,20130831,20130901,20130903,20130904,20130905,20130906,20130907,20130908
Number is 65
G.3.4_index_3_VS_G.4.3_index_3 [11] 
Ngay: 20130816,20130817,20130818,20130822,20130827,20130902,20130903,20130904,20130905,20130906,20130907,20130908
G.5.6_index_3_VS_G.1.1_index_5 [12] 
Ngay: 20130815,20130816,20130825,20130826,20130829,20130831,20130901,20130902,20130903,20130904,20130905,20130906,20130907,20130908
Number is 68
G.5.5_index_1_VS_G.6.2_index_3 [13] 
Ngay: 20130816,20130817,20130820,20130822,20130823,20130824,20130825,20130827,20130828,20130829,20130903,20130904,20130905,20130906,20130907,20130908
G.3.1_index_1_VS_G.5.6_index_4 [14] 
Ngay: 20130818,20130825,20130827,20130828,20130829,20130830,20130903,20130904,20130905,20130906,20130907,20130908
Number is 71
G.4.4_index_1_VS_G.5.1_index_4 [15] 
Ngay: 20130815,20130817,20130825,20130827,20130903,20130904,20130905,20130906,20130907,20130908
Number is 73
G.5.4_index_2_VS_G.4.1_index_3 [16] 
Ngay: 20130815,20130816,20130817,20130818,20130819,20130822,20130823,20130825,20130828,20130901,20130903,20130904,20130905,20130906,20130907,20130908
Number is 78
G.7.1_index_2_VS_G.5.6_index_2 [17] 
Ngay: 20130818,20130820,20130823,20130829,20130830,20130903,20130904,20130905,20130906,20130907,20130908
G.5.5_index_4_VS_G.7.4_index_2 [18] 
Ngay: 20130816,20130824,20130827,20130828,20130829,20130901,20130903,20130904,20130905,20130906,20130907,20130908
Number is 81
G.4.4_index_3_VS_G.5.4_index_4 [19] 
Ngay: 20130816,20130818,20130819,20130821,20130823,20130827,20130829,20130830,20130903,20130904,20130905,20130906,20130907,20130908
G.5.6_index_2_VS_G.3.2_index_3 [20] 
Ngay: 20130815,20130817,20130819,20130821,20130824,20130826,20130827,20130828,20130901,20130903,20130904,20130905,20130906,20130907,20130908
Number is 82
G.6.2_index_3_VS_G.5.3_index_1 [21] 
Ngay: 20130815,20130825,20130827,20130829,20130830,20130901,20130903,20130904,20130905,20130906,20130907,20130908
Number is 84
G.6.2_index_3_VS_G.2.1_index_1 [22] 
Ngay: 20130829,20130830,20130901,20130903,20130904,20130905,20130906,20130907,20130908
Number is 87
G.4.3_index_4_VS_G.5.4_index_2 [23] 
Ngay: 20130817,20130818,20130819,20130821,20130823,20130826,20130829,20130831,20130901,20130902,20130903,20130904,20130905,20130906,20130907,20130908
Number is 95
G.2.2_index_1_VS_G.1.1_index_5 [24] 
Ngay: 20130817,20130820,20130821,20130822,20130826,20130831,20130903,20130904,20130905,20130906,20130907,20130908
Number is 96
G.6.2_index_2_VS_G.3.5_index_5 [25] 
Ngay: 20130815,20130816,20130818,20130820,20130824,20130826,20130827,20130831,20130902,20130903,20130904,20130905,20130906,20130907,20130908
Number is 99
G.2.2_index_2_VS_G.6.2_index_2 [26] 
Ngay: 20130816,20130820,20130824,20130825,20130827,20130829,20130831,20130903,20130904,20130905,20130906,20130907,20130908
