Last Date = 20130910
Except date ======= 
required date ======= 20130904,20130905,20130906,20130907,20130908,20130909
Number is 02
G.3.1_index_2_VS_G.4.4_index_1 [1] 
Ngay: 20130816,20130824,20130904,20130905,20130906,20130907,20130908,20130909
Number is 11
G.5.1_index_4_VS_G.4.4_index_4 [2] 
Ngay: 20130817,20130821,20130823,20130824,20130827,20130902,20130904,20130905,20130906,20130907,20130908,20130909
Number is 12
G.5.1_index_4_VS_G.2.2_index_3 [3] 
Ngay: 20130816,20130818,20130819,20130823,20130825,20130826,20130827,20130831,20130901,20130902,20130903,20130904,20130905,20130906,20130907,20130908,20130909
G.5.6_index_3_VS_G.4.3_index_1 [4] 
Ngay: 20130821,20130822,20130826,20130829,20130831,20130901,20130903,20130904,20130905,20130906,20130907,20130908,20130909
Number is 15
G.4.4_index_4_VS_G.5.1_index_3 [5] 
Ngay: 20130815,20130816,20130817,20130821,20130822,20130823,20130824,20130825,20130829,20130902,20130904,20130905,20130906,20130907,20130908,20130909
Number is 21
G.4.4_index_1_VS_G.5.1_index_4 [6] 
Ngay: 20130815,20130817,20130825,20130827,20130903,20130904,20130905,20130906,20130907,20130908,20130909
Number is 22
G.6.2_index_3_VS_G.5.3_index_1 [7] 
Ngay: 20130815,20130825,20130827,20130829,20130830,20130901,20130903,20130904,20130905,20130906,20130907,20130908,20130909
Number is 23
G.5.4_index_2_VS_G.4.1_index_3 [8] 
Ngay: 20130815,20130816,20130817,20130818,20130819,20130822,20130823,20130825,20130828,20130901,20130903,20130904,20130905,20130906,20130907,20130908,20130909
Number is 29
G.5.3_index_1_VS_G.3.2_index_2 [9] 
Ngay: 20130815,20130816,20130821,20130823,20130826,20130827,20130830,20130901,20130902,20130903,20130904,20130905,20130906,20130907,20130908,20130909
Number is 32
G.4.3_index_4_VS_G.5.4_index_2 [10] 
Ngay: 20130817,20130818,20130819,20130821,20130823,20130826,20130829,20130831,20130901,20130902,20130903,20130904,20130905,20130906,20130907,20130908,20130909
Number is 37
G.5.2_index_2_VS_G.DB_index_4 [11] 
Ngay: 20130821,20130825,20130827,20130828,20130831,20130902,20130904,20130905,20130906,20130907,20130908,20130909
Number is 38
G.5.6_index_1_VS_G.3.2_index_1 [12] 
Ngay: 20130817,20130820,20130821,20130824,20130825,20130826,20130827,20130828,20130903,20130904,20130905,20130906,20130907,20130908,20130909
G.5.2_index_2_VS_G.2.2_index_2 [13] 
Ngay: 20130822,20130824,20130831,20130904,20130905,20130906,20130907,20130908,20130909
Number is 45
G.1.1_index_3_VS_G.7.1_index_2 [14] 
Ngay: 20130817,20130824,20130826,20130827,20130829,20130903,20130904,20130905,20130906,20130907,20130908,20130909
Number is 47
G.3.4_index_3_VS_G.6.2_index_1 [15] 
Ngay: 20130815,20130817,20130818,20130819,20130820,20130825,20130826,20130827,20130828,20130829,20130902,20130904,20130905,20130906,20130907,20130908,20130909
Number is 51
G.4.1_index_1_VS_G.5.1_index_4 [16] 
Ngay: 20130816,20130819,20130821,20130824,20130827,20130902,20130904,20130905,20130906,20130907,20130908,20130909
G.3.1_index_5_VS_G.5.1_index_4 [17] 
Ngay: 20130815,20130817,20130818,20130819,20130821,20130823,20130827,20130828,20130831,20130902,20130904,20130905,20130906,20130907,20130908,20130909
Number is 52
G.3.5_index_5_VS_G.4.3_index_1 [18] 
Ngay: 20130817,20130820,20130824,20130826,20130829,20130831,20130903,20130904,20130905,20130906,20130907,20130908,20130909
Number is 55
G.7.1_index_2_VS_G.5.6_index_2 [19] 
Ngay: 20130818,20130820,20130823,20130829,20130830,20130903,20130904,20130905,20130906,20130907,20130908,20130909
Number is 56
G.5.6_index_2_VS_G.3.2_index_3 [20] 
Ngay: 20130815,20130817,20130819,20130821,20130824,20130826,20130827,20130828,20130901,20130903,20130904,20130905,20130906,20130907,20130908,20130909
Number is 63
G.3.2_index_3_VS_G.2.1_index_4 [21] 
Ngay: 20130817,20130818,20130820,20130821,20130822,20130825,20130826,20130828,20130829,20130830,20130901,20130904,20130905,20130906,20130907,20130908,20130909
Number is 67
G.3.2_index_3_VS_G.5.5_index_4 [22] 
Ngay: 20130815,20130816,20130818,20130821,20130822,20130823,20130825,20130830,20130901,20130902,20130904,20130905,20130906,20130907,20130908,20130909
Number is 71
G.5.5_index_4_VS_G.7.4_index_2 [23] 
Ngay: 20130816,20130824,20130827,20130828,20130829,20130901,20130903,20130904,20130905,20130906,20130907,20130908,20130909
G.5.5_index_4_VS_G.3.5_index_4 [24] 
Ngay: 20130815,20130818,20130819,20130820,20130822,20130824,20130825,20130826,20130828,20130829,20130830,20130901,20130904,20130905,20130906,20130907,20130908,20130909
Number is 74
G.3.1_index_4_VS_G.5.4_index_4 [25] 
Ngay: 20130818,20130821,20130825,20130826,20130827,20130829,20130901,20130904,20130905,20130906,20130907,20130908,20130909
Number is 81
G.3.2_index_1_VS_G.3.3_index_1 [26] 
Ngay: 20130815,20130817,20130819,20130824,20130825,20130826,20130827,20130828,20130831,20130904,20130905,20130906,20130907,20130908,20130909
Number is 83
G.3.2_index_1_VS_G.3.1_index_3 [27] 
Ngay: 20130816,20130817,20130818,20130822,20130825,20130826,20130903,20130904,20130905,20130906,20130907,20130908,20130909
Number is 84
G.4.4_index_3_VS_G.5.4_index_4 [28] 
Ngay: 20130816,20130818,20130819,20130821,20130823,20130827,20130829,20130830,20130903,20130904,20130905,20130906,20130907,20130908,20130909
