Last Date = 20130917
Except date ======= 
required date ======= 20130911,20130912,20130913,20130914,20130915,20130916
Number is 01
G.1.1_index_3_VS_G.3.6_index_1 [1] 
Ngay: 20130818,20130820,20130824,20130826,20130827,20130904,20130906,20130909,20130911,20130912,20130913,20130914,20130915,20130916
G.1.1_index_3_VS_G.7.1_index_2 [2] 
Ngay: 20130817,20130824,20130826,20130827,20130829,20130903,20130904,20130905,20130906,20130907,20130908,20130909,20130911,20130912,20130913,20130914,20130915,20130916
Number is 12
G.4.1_index_1_VS_G.5.5_index_4 [3] 
Ngay: 20130818,20130819,20130822,20130829,20130830,20130901,20130903,20130904,20130906,20130907,20130909,20130910,20130911,20130912,20130913,20130914,20130915,20130916
Number is 15
G.DB_index_5_VS_G.4.3_index_3 [4] 
Ngay: 20130816,20130817,20130819,20130822,20130824,20130825,20130826,20130827,20130828,20130830,20130831,20130901,20130902,20130904,20130908,20130910,20130911,20130912,20130913,20130914,20130915,20130916
Number is 16
G.3.5_index_3_VS_G.5.3_index_2 [5] 
Ngay: 20130817,20130818,20130821,20130824,20130825,20130827,20130828,20130829,20130902,20130907,20130908,20130911,20130912,20130913,20130914,20130915,20130916
Number is 18
G.5.6_index_1_VS_G.4.3_index_4 [6] 
Ngay: 20130817,20130819,20130821,20130822,20130826,20130827,20130829,20130901,20130902,20130904,20130905,20130909,20130911,20130912,20130913,20130914,20130915,20130916
Number is 22
G.3.2_index_5_VS_G.7.2_index_1 [7] 
Ngay: 20130816,20130817,20130819,20130820,20130821,20130824,20130825,20130829,20130831,20130902,20130907,20130908,20130911,20130912,20130913,20130914,20130915,20130916
Number is 24
G.5.4_index_3_VS_G.3.2_index_2 [8] 
Ngay: 20130815,20130817,20130820,20130821,20130822,20130824,20130825,20130826,20130828,20130829,20130831,20130903,20130905,20130906,20130907,20130908,20130911,20130912,20130913,20130914,20130915,20130916
Number is 25
G.7.2_index_1_VS_G.4.3_index_3 [9] 
Ngay: 20130817,20130823,20130824,20130825,20130826,20130827,20130829,20130830,20130904,20130907,20130908,20130911,20130912,20130913,20130914,20130915,20130916
Number is 31
G.5.2_index_2_VS_G.3.6_index_1 [10] 
Ngay: 20130822,20130824,20130826,20130827,20130828,20130904,20130905,20130906,20130908,20130909,20130911,20130912,20130913,20130914,20130915,20130916
Number is 34
G.6.2_index_2_VS_G.2.1_index_2 [11] 
Ngay: 20130816,20130818,20130820,20130822,20130823,20130824,20130826,20130831,20130907,20130911,20130912,20130913,20130914,20130915,20130916
Number is 38
G.5.2_index_2_VS_G.4.3_index_4 [12] 
Ngay: 20130817,20130827,20130828,20130829,20130902,20130904,20130905,20130906,20130908,20130909,20130911,20130912,20130913,20130914,20130915,20130916
Number is 41
G.2.1_index_4_VS_G.DB_index_2 [13] 
Ngay: 20130815,20130817,20130819,20130820,20130823,20130826,20130828,20130830,20130902,20130903,20130904,20130907,20130908,20130910,20130911,20130912,20130913,20130914,20130915,20130916
G.1.1_index_5_VS_G.3.6_index_1 [14] 
Ngay: 20130815,20130821,20130822,20130824,20130825,20130827,20130828,20130831,20130902,20130911,20130912,20130913,20130914,20130915,20130916
Number is 44
G.5.5_index_2_VS_G.3.5_index_1 [15] 
Ngay: 20130815,20130816,20130817,20130822,20130824,20130825,20130827,20130829,20130901,20130902,20130907,20130909,20130911,20130912,20130913,20130914,20130915,20130916
G.5.3_index_4_VS_G.5.5_index_2 [16] 
Ngay: 20130818,20130821,20130822,20130823,20130824,20130825,20130828,20130829,20130902,20130903,20130909,20130910,20130911,20130912,20130913,20130914,20130915,20130916
Number is 49
G.2.1_index_2_VS_G.2.2_index_3 [17] 
Ngay: 20130815,20130817,20130818,20130824,20130825,20130830,20130831,20130901,20130902,20130903,20130904,20130905,20130906,20130907,20130910,20130911,20130912,20130913,20130914,20130915,20130916
G.3.5_index_5_VS_G.2.2_index_1 [18] 
Ngay: 20130816,20130818,20130820,20130827,20130829,20130830,20130831,20130905,20130906,20130910,20130911,20130912,20130913,20130914,20130915,20130916
G.5.5_index_2_VS_G.6.2_index_3 [19] 
Ngay: 20130815,20130820,20130825,20130827,20130829,20130902,20130903,20130905,20130907,20130908,20130911,20130912,20130913,20130914,20130915,20130916
Number is 56
G.4.2_index_3_VS_G.3.3_index_2 [20] 
Ngay: 20130818,20130819,20130820,20130821,20130822,20130824,20130826,20130829,20130830,20130901,20130903,20130905,20130908,20130911,20130912,20130913,20130914,20130915,20130916
Number is 60
G.5.1_index_3_VS_G.4.1_index_2 [21] 
Ngay: 20130815,20130816,20130817,20130819,20130822,20130823,20130831,20130903,20130904,20130907,20130910,20130911,20130912,20130913,20130914,20130915,20130916
Number is 61
G.3.3_index_4_VS_G.3.6_index_1 [22] 
Ngay: 20130816,20130817,20130819,20130820,20130821,20130822,20130824,20130825,20130827,20130904,20130906,20130907,20130911,20130912,20130913,20130914,20130915,20130916
Number is 67
G.4.4_index_1_VS_G.5.5_index_1 [23] 
Ngay: 20130815,20130819,20130822,20130824,20130825,20130826,20130828,20130829,20130830,20130831,20130901,20130907,20130908,20130910,20130911,20130912,20130913,20130914,20130915,20130916
Number is 69
G.3.5_index_4_VS_G.5.1_index_2 [24] 
Ngay: 20130817,20130820,20130822,20130826,20130827,20130828,20130829,20130906,20130907,20130911,20130912,20130913,20130914,20130915,20130916
Number is 70
G.4.2_index_1_VS_G.1.1_index_3 [25] 
Ngay: 20130816,20130817,20130818,20130820,20130821,20130823,20130824,20130825,20130826,20130828,20130829,20130901,20130903,20130906,20130907,20130908,20130909,20130911,20130912,20130913,20130914,20130915,20130916
Number is 71
G.1.1_index_4_VS_G.3.6_index_1 [26] 
Ngay: 20130816,20130817,20130821,20130822,20130823,20130824,20130825,20130826,20130828,20130904,20130905,20130906,20130911,20130912,20130913,20130914,20130915,20130916
Number is 72
G.7.4_index_1_VS_G.3.2_index_5 [27] 
Ngay: 20130815,20130817,20130820,20130825,20130826,20130828,20130829,20130830,20130902,20130905,20130907,20130909,20130911,20130912,20130913,20130914,20130915,20130916
Number is 75
G.7.4_index_1_VS_G.7.3_index_2 [28] 
Ngay: 20130819,20130820,20130823,20130826,20130827,20130828,20130831,20130902,20130906,20130907,20130909,20130911,20130912,20130913,20130914,20130915,20130916
G.5.5_index_1_VS_G.1.1_index_1 [29] 
Ngay: 20130815,20130820,20130822,20130823,20130824,20130825,20130830,20130901,20130903,20130906,20130907,20130908,20130911,20130912,20130913,20130914,20130915,20130916
Number is 78
G.6.3_index_2_VS_G.4.3_index_4 [30] 
Ngay: 20130816,20130817,20130818,20130823,20130826,20130829,20130830,20130901,20130902,20130903,20130904,20130906,20130909,20130911,20130912,20130913,20130914,20130915,20130916
Number is 81
G.7.4_index_2_VS_G.2.2_index_5 [31] 
Ngay: 20130817,20130821,20130823,20130824,20130825,20130826,20130827,20130829,20130830,20130902,20130905,20130906,20130907,20130909,20130911,20130912,20130913,20130914,20130915,20130916
Number is 82
G.4.3_index_4_VS_G.5.4_index_3 [32] 
Ngay: 20130820,20130821,20130822,20130823,20130825,20130830,20130902,20130903,20130907,20130911,20130912,20130913,20130914,20130915,20130916
Number is 84
G.4.3_index_4_VS_G.3.3_index_3 [33] 
Ngay: 20130823,20130825,20130828,20130830,20130831,20130901,20130902,20130904,20130905,20130911,20130912,20130913,20130914,20130915,20130916
Number is 87
G.3.4_index_3_VS_G.7.4_index_1 [34] 
Ngay: 20130817,20130818,20130819,20130820,20130821,20130825,20130827,20130829,20130831,20130902,20130903,20130905,20130906,20130907,20130908,20130911,20130912,20130913,20130914,20130915,20130916
Number is 94
G.5.1_index_2_VS_G.2.1_index_2 [35] 
Ngay: 20130816,20130817,20130818,20130820,20130821,20130823,20130825,20130827,20130828,20130829,20130830,20130903,20130904,20130910,20130911,20130912,20130913,20130914,20130915,20130916
Number is 97
G.6.1_index_3_VS_G.4.2_index_1 [36] 
Ngay: 20130815,20130817,20130827,20130828,20130830,20130831,20130902,20130903,20130907,20130911,20130912,20130913,20130914,20130915,20130916
Number is 99
G.6.2_index_3_VS_G.2.2_index_1 [37] 
Ngay: 20130819,20130820,20130822,20130825,20130826,20130827,20130829,20130830,20130908,20130910,20130911,20130912,20130913,20130914,20130915,20130916
