Last Date = 20130923
Except date ======= 
required date ======= 20130913,20130914,20130915,20130916,20130917,20130918
Number is 06
G.2.2_index_1_VS_G.7.4_index_1 [1] 
Ngay: 20130831,20130902,20130903,20130907,20130908,20130909,20130910,20130912,20130913,20130914,20130915,20130916,20130917,20130918,20130919,20130920,20130921
Number is 08
G.7.3_index_2_VS_G.5.5_index_3 [2] 
Ngay: 20130904,20130905,20130909,20130913,20130914,20130915,20130916,20130917,20130918,20130920
G.DB_index_4_VS_G.4.4_index_4 [3] 
Ngay: 20130830,20130901,20130902,20130904,20130905,20130907,20130908,20130910,20130912,20130913,20130914,20130915,20130916,20130917,20130918,20130919,20130922
G.2.2_index_1_VS_G.6.3_index_1 [4] 
Ngay: 20130830,20130904,20130908,20130913,20130914,20130915,20130916,20130917,20130918,20130919,20130920,20130921
Number is 10
G.1.1_index_3_VS_G.2.2_index_4 [5] 
Ngay: 20130901,20130902,20130904,20130906,20130908,20130909,20130910,20130911,20130913,20130914,20130915,20130916,20130917,20130918
Number is 18
G.1.1_index_3_VS_G.6.3_index_1 [6] 
Ngay: 20130830,20130901,20130909,20130912,20130913,20130914,20130915,20130916,20130917,20130918,20130921,20130922
Number is 19
G.2.1_index_5_VS_G.3.6_index_1 [7] 
Ngay: 20130830,20130831,20130902,20130904,20130905,20130906,20130908,20130909,20130913,20130914,20130915,20130916,20130917,20130918,20130922
Number is 20
G.3.5_index_5_VS_G.2.2_index_1 [8] 
Ngay: 20130830,20130831,20130905,20130906,20130910,20130911,20130912,20130913,20130914,20130915,20130916,20130917,20130918,20130922
Number is 21
G.2.1_index_2_VS_G.1.1_index_3 [9] 
Ngay: 20130830,20130831,20130903,20130904,20130908,20130910,20130912,20130913,20130914,20130915,20130916,20130917,20130918
G.3.5_index_5_VS_G.1.1_index_3 [10] 
Ngay: 20130830,20130831,20130901,20130902,20130904,20130905,20130908,20130909,20130912,20130913,20130914,20130915,20130916,20130917,20130918,20130919,20130921
Number is 24
G.2.1_index_2_VS_G.3.2_index_3 [11] 
Ngay: 20130831,20130904,20130906,20130907,20130912,20130913,20130914,20130915,20130916,20130917,20130918,20130922
G.4.1_index_1_VS_G.6.3_index_3 [12] 
Ngay: 20130902,20130903,20130904,20130912,20130913,20130914,20130915,20130916,20130917,20130918,20130919
Number is 37
G.5.5_index_2_VS_G.6.2_index_3 [13] 
Ngay: 20130902,20130903,20130905,20130907,20130908,20130911,20130912,20130913,20130914,20130915,20130916,20130917,20130918,20130919,20130920,20130922
Number is 47
G.7.4_index_2_VS_G.2.2_index_5 [14] 
Ngay: 20130830,20130902,20130905,20130906,20130907,20130909,20130911,20130912,20130913,20130914,20130915,20130916,20130917,20130918,20130919,20130921
Number is 48
G.3.2_index_3_VS_G.2.1_index_4 [15] 
Ngay: 20130830,20130901,20130904,20130905,20130906,20130907,20130908,20130909,20130910,20130911,20130913,20130914,20130915,20130916,20130917,20130918,20130919,20130922
Number is 50
G.5.2_index_2_VS_G.2.2_index_4 [16] 
Ngay: 20130904,20130906,20130909,20130913,20130914,20130915,20130916,20130917,20130918,20130919,20130920
Number is 55
G.5.2_index_2_VS_G.4.3_index_4 [17] 
Ngay: 20130902,20130904,20130905,20130906,20130908,20130909,20130911,20130912,20130913,20130914,20130915,20130916,20130917,20130918,20130920
Number is 56
G.5.2_index_2_VS_G.7.4_index_1 [18] 
Ngay: 20130831,20130902,20130906,20130908,20130909,20130910,20130911,20130913,20130914,20130915,20130916,20130917,20130918,20130919
G.7.2_index_1_VS_G.4.3_index_3 [19] 
Ngay: 20130830,20130904,20130907,20130908,20130911,20130912,20130913,20130914,20130915,20130916,20130917,20130918,20130919
Number is 57
G.4.3_index_4_VS_G.5.4_index_3 [20] 
Ngay: 20130830,20130902,20130903,20130907,20130911,20130912,20130913,20130914,20130915,20130916,20130917,20130918,20130921,20130922
Number is 64
G.4.3_index_3_VS_G.3.2_index_3 [21] 
Ngay: 20130830,20130901,20130904,20130908,20130909,20130913,20130914,20130915,20130916,20130917,20130918,20130922
Number is 65
G.7.4_index_1_VS_G.3.1_index_1 [22] 
Ngay: 20130830,20130831,20130901,20130902,20130903,20130906,20130907,20130908,20130912,20130913,20130914,20130915,20130916,20130917,20130918,20130919
Number is 66
G.7.4_index_1_VS_G.5.3_index_1 [23] 
Ngay: 20130830,20130831,20130902,20130905,20130913,20130914,20130915,20130916,20130917,20130918
Number is 68
G.5.1_index_4_VS_G.5.5_index_3 [24] 
Ngay: 20130830,20130831,20130902,20130904,20130906,20130907,20130909,20130913,20130914,20130915,20130916,20130917,20130918,20130919,20130920,20130921
Number is 71
G.5.4_index_3_VS_G.3.2_index_2 [25] 
Ngay: 20130831,20130903,20130905,20130906,20130907,20130908,20130911,20130912,20130913,20130914,20130915,20130916,20130917,20130918,20130920,20130921,20130922
Number is 72
G.5.1_index_2_VS_G.2.1_index_2 [26] 
Ngay: 20130830,20130903,20130904,20130910,20130911,20130912,20130913,20130914,20130915,20130916,20130917,20130918
G.6.2_index_3_VS_G.4.4_index_1 [27] 
Ngay: 20130831,20130903,20130904,20130905,20130907,20130908,20130909,20130911,20130913,20130914,20130915,20130916,20130917,20130918,20130921
Number is 74
G.3.5_index_4_VS_G.5.4_index_4 [28] 
Ngay: 20130901,20130905,20130908,20130911,20130913,20130914,20130915,20130916,20130917,20130918,20130919,20130920,20130921,20130922
Number is 77
G.3.5_index_4_VS_G.5.1_index_2 [29] 
Ngay: 20130906,20130907,20130911,20130912,20130913,20130914,20130915,20130916,20130917,20130918,20130919,20130920,20130921,20130922
G.5.1_index_2_VS_G.5.4_index_3 [30] 
Ngay: 20130830,20130909,20130913,20130914,20130915,20130916,20130917,20130918,20130919,20130921
Number is 79
G.3.5_index_4_VS_G.3.6_index_5 [31] 
Ngay: 20130901,20130902,20130910,20130913,20130914,20130915,20130916,20130917,20130918,20130919,20130920,20130921,20130922
Number is 81
G.3.5_index_1_VS_G.1.1_index_3 [32] 
Ngay: 20130901,20130902,20130905,20130907,20130908,20130910,20130913,20130914,20130915,20130916,20130917,20130918,20130919,20130920,20130921
G.5.3_index_3_VS_G.2.1_index_1 [33] 
Ngay: 20130830,20130901,20130909,20130910,20130913,20130914,20130915,20130916,20130917,20130918,20130919,20130921,20130922
Number is 85
G.3.5_index_1_VS_G.6.1_index_3 [34] 
Ngay: 20130909,20130913,20130914,20130915,20130916,20130917,20130918
Number is 86
G.5.5_index_3_VS_G.4.3_index_3 [35] 
Ngay: 20130830,20130902,20130904,20130907,20130908,20130910,20130913,20130914,20130915,20130916,20130917,20130918,20130919,20130920,20130922
Number is 87
G.5.3_index_3_VS_G.5.4_index_1 [36] 
Ngay: 20130905,20130906,20130910,20130913,20130914,20130915,20130916,20130917,20130918,20130919,20130921
G.1.1_index_1_VS_G.5.4_index_3 [37] 
Ngay: 20130902,20130904,20130905,20130906,20130907,20130910,20130911,20130913,20130914,20130915,20130916,20130917,20130918,20130920,20130921,20130922
G.3.3_index_2_VS_G.6.2_index_3 [38] 
Ngay: 20130902,20130903,20130904,20130906,20130908,20130909,20130910,20130912,20130913,20130914,20130915,20130916,20130917,20130918,20130920,20130921
Number is 88
G.DB_index_1_VS_G.3.5_index_1 [39] 
Ngay: 20130831,20130901,20130903,20130905,20130906,20130907,20130909,20130910,20130912,20130913,20130914,20130915,20130916,20130917,20130918,20130919,20130920,20130921
Number is 89
G.5.3_index_3_VS_G.6.2_index_2 [40] 
Ngay: 20130901,20130912,20130913,20130914,20130915,20130916,20130917,20130918,20130920,20130921
