Last Date = 20130920
Except date ======= 
required date ======= 20130914,20130915,20130916,20130917,20130918,20130919
Number is 04
G.3.2_index_2_VS_G.5.3_index_3 [1] 
Ngay: 20130818,20130820,20130821,20130823,20130824,20130825,20130830,20130902,20130903,20130904,20130906,20130907,20130908,20130910,20130914,20130915,20130916,20130917,20130918,20130919
Number is 05
G.5.2_index_2_VS_G.2.2_index_4 [2] 
Ngay: 20130820,20130822,20130825,20130826,20130827,20130904,20130906,20130909,20130913,20130914,20130915,20130916,20130917,20130918,20130919
Number is 06
G.5.2_index_2_VS_G.7.4_index_1 [3] 
Ngay: 20130817,20130820,20130822,20130825,20130827,20130831,20130902,20130906,20130908,20130909,20130910,20130911,20130913,20130914,20130915,20130916,20130917,20130918,20130919
Number is 17
G.5.2_index_4_VS_G.5.4_index_3 [4] 
Ngay: 20130815,20130820,20130822,20130826,20130828,20130904,20130905,20130907,20130908,20130911,20130912,20130914,20130915,20130916,20130917,20130918,20130919
Number is 18
G.5.2_index_4_VS_G.6.2_index_3 [5] 
Ngay: 20130825,20130827,20130830,20130902,20130904,20130906,20130907,20130911,20130912,20130914,20130915,20130916,20130917,20130918,20130919
Number is 24
G.4.1_index_1_VS_G.6.3_index_3 [6] 
Ngay: 20130815,20130818,20130820,20130821,20130822,20130824,20130825,20130826,20130827,20130902,20130903,20130904,20130912,20130913,20130914,20130915,20130916,20130917,20130918,20130919
Number is 25
G.5.5_index_3_VS_G.4.3_index_3 [7] 
Ngay: 20130819,20130820,20130824,20130826,20130827,20130828,20130830,20130902,20130904,20130907,20130908,20130910,20130913,20130914,20130915,20130916,20130917,20130918,20130919
G.5.5_index_3_VS_G.6.2_index_1 [8] 
Ngay: 20130816,20130822,20130823,20130825,20130827,20130828,20130831,20130901,20130906,20130907,20130910,20130914,20130915,20130916,20130917,20130918,20130919
Number is 26
G.4.4_index_2_VS_G.3.5_index_1 [9] 
Ngay: 20130816,20130817,20130818,20130822,20130824,20130825,20130826,20130828,20130829,20130902,20130905,20130907,20130910,20130914,20130915,20130916,20130917,20130918,20130919
Number is 33
G.DB_index_4_VS_G.4.4_index_4 [10] 
Ngay: 20130817,20130818,20130819,20130820,20130821,20130823,20130825,20130827,20130829,20130830,20130901,20130902,20130904,20130905,20130907,20130908,20130910,20130912,20130913,20130914,20130915,20130916,20130917,20130918,20130919
G.5.5_index_2_VS_G.4.4_index_4 [11] 
Ngay: 20130817,20130821,20130822,20130824,20130828,20130829,20130831,20130901,20130902,20130912,20130914,20130915,20130916,20130917,20130918,20130919
Number is 34
G.5.5_index_2_VS_G.4.2_index_3 [12] 
Ngay: 20130818,20130819,20130821,20130823,20130824,20130829,20130903,20130906,20130907,20130908,20130914,20130915,20130916,20130917,20130918,20130919
Number is 35
G.3.5_index_4_VS_G.5.1_index_2 [13] 
Ngay: 20130817,20130820,20130822,20130826,20130827,20130828,20130829,20130906,20130907,20130911,20130912,20130913,20130914,20130915,20130916,20130917,20130918,20130919
G.2.2_index_1_VS_G.2.2_index_4 [14] 
Ngay: 20130816,20130818,20130820,20130822,20130827,20130828,20130829,20130902,20130910,20130912,20130914,20130915,20130916,20130917,20130918,20130919
Number is 36
G.2.2_index_1_VS_G.7.4_index_1 [15] 
Ngay: 20130816,20130817,20130819,20130820,20130822,20130825,20130826,20130828,20130829,20130831,20130902,20130903,20130907,20130908,20130909,20130910,20130912,20130913,20130914,20130915,20130916,20130917,20130918,20130919
G.3.5_index_4_VS_G.5.4_index_4 [16] 
Ngay: 20130815,20130816,20130817,20130818,20130820,20130824,20130826,20130827,20130828,20130829,20130901,20130905,20130908,20130911,20130913,20130914,20130915,20130916,20130917,20130918,20130919
Number is 37
G.2.2_index_1_VS_G.1.1_index_5 [17] 
Ngay: 20130817,20130820,20130821,20130822,20130826,20130831,20130903,20130904,20130905,20130906,20130907,20130908,20130912,20130914,20130915,20130916,20130917,20130918,20130919
Number is 38
G.2.2_index_1_VS_G.6.3_index_1 [18] 
Ngay: 20130816,20130817,20130818,20130819,20130822,20130825,20130826,20130827,20130830,20130904,20130908,20130913,20130914,20130915,20130916,20130917,20130918,20130919
G.3.5_index_4_VS_G.3.6_index_5 [19] 
Ngay: 20130816,20130817,20130818,20130820,20130822,20130824,20130825,20130827,20130828,20130829,20130901,20130902,20130910,20130913,20130914,20130915,20130916,20130917,20130918,20130919
G.5.5_index_2_VS_G.6.2_index_3 [20] 
Ngay: 20130815,20130820,20130825,20130827,20130829,20130902,20130903,20130905,20130907,20130908,20130911,20130912,20130913,20130914,20130915,20130916,20130917,20130918,20130919
Number is 44
G.5.3_index_3_VS_G.2.1_index_1 [21] 
Ngay: 20130822,20130824,20130827,20130830,20130901,20130909,20130910,20130913,20130914,20130915,20130916,20130917,20130918,20130919
Number is 46
G.DB_index_1_VS_G.3.5_index_1 [22] 
Ngay: 20130817,20130820,20130821,20130824,20130825,20130831,20130901,20130903,20130905,20130906,20130907,20130909,20130910,20130912,20130913,20130914,20130915,20130916,20130917,20130918,20130919
Number is 49
G.5.3_index_3_VS_G.5.4_index_1 [23] 
Ngay: 20130818,20130819,20130820,20130821,20130824,20130825,20130827,20130905,20130906,20130910,20130913,20130914,20130915,20130916,20130917,20130918,20130919
Number is 55
G.3.3_index_5_VS_G.4.3_index_3 [24] 
Ngay: 20130815,20130818,20130821,20130824,20130903,20130904,20130911,20130914,20130915,20130916,20130917,20130918,20130919
Number is 56
G.4.3_index_3_VS_G.5.5_index_1 [25] 
Ngay: 20130815,20130816,20130818,20130819,20130822,20130824,20130825,20130826,20130828,20130902,20130905,20130907,20130908,20130910,20130914,20130915,20130916,20130917,20130918,20130919
Number is 57
G.5.1_index_2_VS_G.5.4_index_3 [26] 
Ngay: 20130815,20130817,20130819,20130820,20130821,20130822,20130823,20130825,20130827,20130828,20130829,20130830,20130909,20130913,20130914,20130915,20130916,20130917,20130918,20130919
Number is 61
G.6.2_index_2_VS_G.4.4_index_3 [27] 
Ngay: 20130816,20130817,20130820,20130821,20130823,20130824,20130826,20130828,20130831,20130902,20130908,20130911,20130914,20130915,20130916,20130917,20130918,20130919
Number is 62
G.5.4_index_4_VS_G.5.5_index_3 [28] 
Ngay: 20130818,20130820,20130821,20130824,20130825,20130827,20130828,20130829,20130906,20130908,20130909,20130914,20130915,20130916,20130917,20130918,20130919
Number is 65
G.3.5_index_1_VS_G.1.1_index_3 [29] 
Ngay: 20130816,20130817,20130820,20130822,20130825,20130826,20130827,20130901,20130902,20130905,20130907,20130908,20130910,20130913,20130914,20130915,20130916,20130917,20130918,20130919
Number is 66
G.5.1_index_1_VS_G.7.4_index_1 [30] 
Ngay: 20130817,20130819,20130820,20130822,20130825,20130827,20130828,20130830,20130831,20130902,20130903,20130907,20130909,20130910,20130912,20130914,20130915,20130916,20130917,20130918,20130919
G.7.4_index_1_VS_G.3.1_index_1 [31] 
Ngay: 20130815,20130817,20130820,20130822,20130823,20130825,20130828,20130830,20130831,20130901,20130902,20130903,20130906,20130907,20130908,20130912,20130913,20130914,20130915,20130916,20130917,20130918,20130919
Number is 69
G.7.4_index_1_VS_G.2.2_index_2 [32] 
Ngay: 20130820,20130825,20130829,20130904,20130907,20130908,20130909,20130912,20130914,20130915,20130916,20130917,20130918,20130919
Number is 72
G.5.1_index_4_VS_G.5.5_index_3 [33] 
Ngay: 20130816,20130820,20130827,20130828,20130830,20130831,20130902,20130904,20130906,20130907,20130909,20130913,20130914,20130915,20130916,20130917,20130918,20130919
Number is 74
G.3.2_index_3_VS_G.2.1_index_4 [34] 
Ngay: 20130817,20130818,20130820,20130821,20130822,20130825,20130826,20130828,20130829,20130830,20130901,20130904,20130905,20130906,20130907,20130908,20130909,20130910,20130911,20130913,20130914,20130915,20130916,20130917,20130918,20130919
Number is 75
G.3.5_index_5_VS_G.1.1_index_3 [35] 
Ngay: 20130816,20130818,20130820,20130824,20130826,20130827,20130829,20130830,20130831,20130901,20130902,20130904,20130905,20130908,20130909,20130912,20130913,20130914,20130915,20130916,20130917,20130918,20130919
G.7.4_index_2_VS_G.2.2_index_5 [36] 
Ngay: 20130817,20130821,20130823,20130824,20130825,20130826,20130827,20130829,20130830,20130902,20130905,20130906,20130907,20130909,20130911,20130912,20130913,20130914,20130915,20130916,20130917,20130918,20130919
Number is 77
G.5.4_index_3_VS_G.3.2_index_3 [37] 
Ngay: 20130820,20130823,20130825,20130829,20130830,20130907,20130909,20130910,20130914,20130915,20130916,20130917,20130918,20130919
Number is 85
G.7.2_index_1_VS_G.4.3_index_3 [38] 
Ngay: 20130817,20130823,20130824,20130825,20130826,20130827,20130829,20130830,20130904,20130907,20130908,20130911,20130912,20130913,20130914,20130915,20130916,20130917,20130918,20130919
Number is 87
G.4.4_index_1_VS_G.5.4_index_3 [39] 
Ngay: 20130816,20130820,20130821,20130822,20130823,20130824,20130826,20130829,20130830,20130903,20130904,20130907,20130908,20130911,20130914,20130915,20130916,20130917,20130918,20130919
Number is 89
G.4.4_index_1_VS_G.5.6_index_2 [40] 
Ngay: 20130818,20130819,20130824,20130825,20130826,20130830,20130903,20130906,20130907,20130908,20130909,20130910,20130911,20130914,20130915,20130916,20130917,20130918,20130919
Number is 92
G.5.5_index_4_VS_G.5.5_index_3 [41] 
Ngay: 20130818,20130820,20130821,20130822,20130823,20130824,20130826,20130828,20130829,20130830,20130903,20130904,20130905,20130907,20130909,20130910,20130914,20130915,20130916,20130917,20130918,20130919
G.5.6_index_2_VS_G.3.4_index_1 [42] 
Ngay: 20130815,20130816,20130818,20130823,20130824,20130825,20130826,20130831,20130904,20130905,20130908,20130910,20130914,20130915,20130916,20130917,20130918,20130919
Number is 93
G.5.4_index_1_VS_G.5.5_index_2 [43] 
Ngay: 20130815,20130817,20130818,20130822,20130827,20130829,20130902,20130908,20130912,20130914,20130915,20130916,20130917,20130918,20130919
Number is 98
G.5.5_index_4_VS_G.6.2_index_3 [44] 
Ngay: 20130818,20130823,20130825,20130826,20130829,20130830,20130902,20130906,20130907,20130908,20130909,20130910,20130914,20130915,20130916,20130917,20130918,20130919
