Last Date = 20130921
Except date ======= 
required date ======= 20130915,20130916,20130917,20130918,20130919,20130920
Number is 03
G.3.2_index_4_VS_G.4.4_index_1 [1] 
Ngay: 20130816,20130817,20130819,20130820,20130823,20130826,20130827,20130828,20130829,20130903,20130905,20130906,20130907,20130908,20130909,20130910,20130912,20130915,20130916,20130917,20130918,20130919,20130920
G.3.2_index_2_VS_G.5.3_index_3 [2] 
Ngay: 20130818,20130820,20130821,20130823,20130824,20130825,20130830,20130902,20130903,20130904,20130906,20130907,20130908,20130910,20130914,20130915,20130916,20130917,20130918,20130919,20130920
Number is 06
G.1.1_index_3_VS_G.7.2_index_2 [3] 
Ngay: 20130816,20130817,20130818,20130819,20130820,20130824,20130825,20130901,20130902,20130903,20130906,20130907,20130908,20130909,20130910,20130913,20130915,20130916,20130917,20130918,20130919,20130920
Number is 08
G.1.1_index_3_VS_G.5.6_index_2 [4] 
Ngay: 20130819,20130820,20130824,20130826,20130829,20130830,20130831,20130901,20130903,20130909,20130915,20130916,20130917,20130918,20130919,20130920
Number is 16
G.4.3_index_4_VS_G.5.4_index_2 [5] 
Ngay: 20130817,20130818,20130819,20130821,20130823,20130826,20130829,20130831,20130901,20130902,20130903,20130904,20130905,20130906,20130907,20130908,20130909,20130912,20130913,20130915,20130916,20130917,20130918,20130919,20130920
Number is 18
G.6.2_index_3_VS_G.5.1_index_4 [6] 
Ngay: 20130823,20130825,20130901,20130902,20130903,20130907,20130909,20130910,20130913,20130915,20130916,20130917,20130918,20130919,20130920
G.6.2_index_3_VS_G.5.4_index_4 [7] 
Ngay: 20130816,20130818,20130819,20130821,20130827,20130829,20130830,20130908,20130909,20130910,20130911,20130913,20130915,20130916,20130917,20130918,20130919,20130920
Number is 23
G.5.2_index_4_VS_G.5.4_index_3 [8] 
Ngay: 20130815,20130820,20130822,20130826,20130828,20130904,20130905,20130907,20130908,20130911,20130912,20130914,20130915,20130916,20130917,20130918,20130919,20130920
Number is 25
G.3.4_index_4_VS_G.7.1_index_1 [9] 
Ngay: 20130815,20130818,20130822,20130826,20130830,20130901,20130905,20130911,20130912,20130915,20130916,20130917,20130918,20130919,20130920
Number is 30
G.5.3_index_3_VS_G.5.2_index_1 [10] 
Ngay: 20130817,20130818,20130821,20130822,20130823,20130824,20130825,20130827,20130828,20130829,20130830,20130902,20130906,20130909,20130911,20130913,20130915,20130916,20130917,20130918,20130919,20130920
Number is 33
G.7.3_index_1_VS_G.2.2_index_1 [11] 
Ngay: 20130817,20130819,20130826,20130829,20130903,20130905,20130908,20130909,20130913,20130915,20130916,20130917,20130918,20130919,20130920
G.4.4_index_1_VS_G.5.4_index_3 [12] 
Ngay: 20130816,20130820,20130821,20130822,20130823,20130824,20130826,20130829,20130830,20130903,20130904,20130907,20130908,20130911,20130914,20130915,20130916,20130917,20130918,20130919,20130920
Number is 35
G.2.2_index_1_VS_G.2.2_index_4 [13] 
Ngay: 20130816,20130818,20130820,20130822,20130827,20130828,20130829,20130902,20130910,20130912,20130914,20130915,20130916,20130917,20130918,20130919,20130920
G.2.2_index_1_VS_G.7.4_index_1 [14] 
Ngay: 20130816,20130817,20130819,20130820,20130822,20130825,20130826,20130828,20130829,20130831,20130902,20130903,20130907,20130908,20130909,20130910,20130912,20130913,20130914,20130915,20130916,20130917,20130918,20130919,20130920
Number is 36
G.2.2_index_1_VS_G.6.3_index_1 [15] 
Ngay: 20130816,20130817,20130818,20130819,20130822,20130825,20130826,20130827,20130830,20130904,20130908,20130913,20130914,20130915,20130916,20130917,20130918,20130919,20130920
Number is 38
G.5.3_index_3_VS_G.3.4_index_3 [16] 
Ngay: 20130817,20130818,20130819,20130820,20130821,20130824,20130825,20130828,20130902,20130903,20130905,20130907,20130908,20130910,20130911,20130912,20130915,20130916,20130917,20130918,20130919,20130920
G.4.4_index_1_VS_G.5.6_index_2 [17] 
Ngay: 20130818,20130819,20130824,20130825,20130826,20130830,20130903,20130906,20130907,20130908,20130909,20130910,20130911,20130914,20130915,20130916,20130917,20130918,20130919,20130920
Number is 46
G.7.2_index_1_VS_G.7.2_index_2 [18] 
Ngay: 20130815,20130817,20130818,20130820,20130823,20130824,20130825,20130830,20130902,20130907,20130908,20130913,20130915,20130916,20130917,20130918,20130919,20130920
Number is 48
G.4.3_index_3_VS_G.5.5_index_1 [19] 
Ngay: 20130815,20130816,20130818,20130819,20130822,20130824,20130825,20130826,20130828,20130902,20130905,20130907,20130908,20130910,20130914,20130915,20130916,20130917,20130918,20130919,20130920
Number is 55
G.5.2_index_2_VS_G.2.2_index_4 [20] 
Ngay: 20130820,20130822,20130825,20130826,20130827,20130904,20130906,20130909,20130913,20130914,20130915,20130916,20130917,20130918,20130919,20130920
Number is 57
G.DB_index_1_VS_G.3.5_index_1 [21] 
Ngay: 20130817,20130820,20130821,20130824,20130825,20130831,20130901,20130903,20130905,20130906,20130907,20130909,20130910,20130912,20130913,20130914,20130915,20130916,20130917,20130918,20130919,20130920
Number is 59
G.4.2_index_3_VS_G.4.4_index_3 [22] 
Ngay: 20130816,20130818,20130819,20130822,20130823,20130825,20130827,20130828,20130829,20130902,20130903,20130904,20130908,20130911,20130915,20130916,20130917,20130918,20130919,20130920
Number is 61
G.5.5_index_4_VS_G.6.2_index_3 [23] 
Ngay: 20130818,20130823,20130825,20130826,20130829,20130830,20130902,20130906,20130907,20130908,20130909,20130910,20130914,20130915,20130916,20130917,20130918,20130919,20130920
Number is 64
G.4.2_index_4_VS_G.6.2_index_1 [24] 
Ngay: 20130817,20130819,20130824,20130825,20130827,20130828,20130829,20130830,20130902,20130903,20130904,20130909,20130910,20130915,20130916,20130917,20130918,20130919,20130920
Number is 68
G.5.5_index_4_VS_G.5.5_index_3 [25] 
Ngay: 20130818,20130820,20130821,20130822,20130823,20130824,20130826,20130828,20130829,20130830,20130903,20130904,20130905,20130907,20130909,20130910,20130914,20130915,20130916,20130917,20130918,20130919,20130920
Number is 70
G.3.5_index_1_VS_G.2.1_index_3 [26] 
Ngay: 20130816,20130823,20130825,20130830,20130904,20130905,20130907,20130909,20130915,20130916,20130917,20130918,20130919,20130920
G.3.5_index_1_VS_G.1.1_index_3 [27] 
Ngay: 20130816,20130817,20130820,20130822,20130825,20130826,20130827,20130901,20130902,20130905,20130907,20130908,20130910,20130913,20130914,20130915,20130916,20130917,20130918,20130919,20130920
G.3.5_index_4_VS_G.1.1_index_3 [28] 
Ngay: 20130816,20130817,20130820,20130822,20130824,20130826,20130827,20130828,20130829,20130901,20130903,20130905,20130906,20130908,20130913,20130915,20130916,20130917,20130918,20130919,20130920
Number is 71
G.5.5_index_2_VS_G.6.2_index_3 [29] 
Ngay: 20130815,20130820,20130825,20130827,20130829,20130902,20130903,20130905,20130907,20130908,20130911,20130912,20130913,20130914,20130915,20130916,20130917,20130918,20130919,20130920
Number is 74
G.3.5_index_4_VS_G.5.1_index_2 [30] 
Ngay: 20130817,20130820,20130822,20130826,20130827,20130828,20130829,20130906,20130907,20130911,20130912,20130913,20130914,20130915,20130916,20130917,20130918,20130919,20130920
G.5.6_index_4_VS_G.6.1_index_2 [31] 
Ngay: 20130815,20130817,20130819,20130820,20130824,20130827,20130828,20130830,20130904,20130905,20130908,20130913,20130915,20130916,20130917,20130918,20130919,20130920
Number is 78
G.4.4_index_2_VS_G.5.6_index_2 [32] 
Ngay: 20130815,20130818,20130819,20130822,20130825,20130826,20130828,20130830,20130831,20130901,20130902,20130903,20130905,20130907,20130913,20130915,20130916,20130917,20130918,20130919,20130920
G.3.5_index_4_VS_G.5.4_index_4 [33] 
Ngay: 20130815,20130816,20130817,20130818,20130820,20130824,20130826,20130827,20130828,20130829,20130901,20130905,20130908,20130911,20130913,20130914,20130915,20130916,20130917,20130918,20130919,20130920
G.3.5_index_4_VS_G.3.6_index_5 [34] 
Ngay: 20130816,20130817,20130818,20130820,20130822,20130824,20130825,20130827,20130828,20130829,20130901,20130902,20130910,20130913,20130914,20130915,20130916,20130917,20130918,20130919,20130920
Number is 84
G.5.5_index_3_VS_G.3.2_index_3 [35] 
Ngay: 20130819,20130820,20130821,20130823,20130824,20130826,20130827,20130828,20130830,20130903,20130904,20130905,20130907,20130909,20130915,20130916,20130917,20130918,20130919,20130920
G.5.5_index_3_VS_G.4.3_index_3 [36] 
Ngay: 20130819,20130820,20130824,20130826,20130827,20130828,20130830,20130902,20130904,20130907,20130908,20130910,20130913,20130914,20130915,20130916,20130917,20130918,20130919,20130920
G.5.5_index_3_VS_G.6.2_index_1 [37] 
Ngay: 20130816,20130822,20130823,20130825,20130827,20130828,20130831,20130901,20130906,20130907,20130910,20130914,20130915,20130916,20130917,20130918,20130919,20130920
Number is 86
G.5.6_index_2_VS_G.3.4_index_1 [38] 
Ngay: 20130815,20130816,20130818,20130823,20130824,20130825,20130826,20130831,20130904,20130905,20130908,20130910,20130914,20130915,20130916,20130917,20130918,20130919,20130920
Number is 88
G.5.1_index_4_VS_G.5.5_index_3 [39] 
Ngay: 20130816,20130820,20130827,20130828,20130830,20130831,20130902,20130904,20130906,20130907,20130909,20130913,20130914,20130915,20130916,20130917,20130918,20130919,20130920
Number is 99
G.4.1_index_2_VS_G.2.2_index_2 [40] 
Ngay: 20130815,20130816,20130817,20130818,20130819,20130820,20130822,20130823,20130824,20130825,20130831,20130912,20130913,20130915,20130916,20130917,20130918,20130919,20130920
