Last Date = 20130923
Except date ======= 
required date ======= 20130917,20130918,20130919,20130920,20130921,20130922
Number is 00
G.2.2_index_1_VS_G.2.2_index_4 [1] 
Ngay: 20130902,20130910,20130912,20130914,20130915,20130916,20130917,20130918,20130919,20130920,20130921,20130922
Number is 02
G.2.2_index_1_VS_G.4.2_index_1 [2] 
Ngay: 20130910,20130913,20130914,20130917,20130918,20130919,20130920,20130921,20130922
G.3.2_index_4_VS_G.4.4_index_1 [3] 
Ngay: 20130903,20130905,20130906,20130907,20130908,20130909,20130910,20130912,20130915,20130916,20130917,20130918,20130919,20130920,20130921,20130922
Number is 03
G.2.2_index_1_VS_G.6.3_index_2 [4] 
Ngay: 20130830,20130902,20130904,20130906,20130907,20130908,20130910,20130911,20130913,20130914,20130915,20130917,20130918,20130919,20130920,20130921,20130922
Number is 05
G.2.2_index_1_VS_G.7.2_index_1 [5] 
Ngay: 20130830,20130903,20130905,20130906,20130907,20130908,20130913,20130915,20130917,20130918,20130919,20130920,20130921,20130922
Number is 08
G.3.2_index_4_VS_G.3.5_index_1 [6] 
Ngay: 20130902,20130903,20130905,20130907,20130910,20130912,20130914,20130917,20130918,20130919,20130920,20130921,20130922
Number is 10
G.4.4_index_3_VS_G.7.3_index_2 [7] 
Ngay: 20130830,20130902,20130904,20130908,20130914,20130917,20130918,20130919,20130920,20130921,20130922
Number is 17
G.2.1_index_1_VS_G.4.3_index_1 [8] 
Ngay: 20130830,20130901,20130908,20130910,20130912,20130917,20130918,20130919,20130920,20130921,20130922
G.3.2_index_2_VS_G.3.4_index_4 [9] 
Ngay: 20130902,20130903,20130906,20130907,20130909,20130917,20130918,20130919,20130920,20130921,20130922
Number is 20
G.7.1_index_1_VS_G.DB_index_4 [10] 
Ngay: 20130901,20130902,20130905,20130907,20130910,20130911,20130913,20130915,20130917,20130918,20130919,20130920,20130921,20130922
Number is 26
G.4.4_index_1_VS_G.5.1_index_4 [11] 
Ngay: 20130903,20130904,20130905,20130906,20130907,20130908,20130909,20130910,20130912,20130914,20130917,20130918,20130919,20130920,20130921,20130922
Number is 28
G.4.2_index_1_VS_G.3.4_index_1 [12] 
Ngay: 20130830,20130905,20130907,20130910,20130913,20130915,20130917,20130918,20130919,20130920,20130921,20130922
Number is 30
G.6.1_index_2_VS_G.2.2_index_1 [13] 
Ngay: 20130830,20130904,20130906,20130908,20130911,20130913,20130914,20130917,20130918,20130919,20130920,20130921,20130922
Number is 42
G.4.4_index_2_VS_G.4.2_index_1 [14] 
Ngay: 20130830,20130901,20130902,20130903,20130905,20130906,20130908,20130909,20130911,20130913,20130914,20130915,20130917,20130918,20130919,20130920,20130921,20130922
Number is 44
G.2.1_index_3_VS_G.5.1_index_3 [15] 
Ngay: 20130831,20130902,20130904,20130909,20130912,20130913,20130916,20130917,20130918,20130919,20130920,20130921,20130922
Number is 45
G.4.4_index_2_VS_G.7.2_index_1 [16] 
Ngay: 20130830,20130902,20130904,20130908,20130911,20130913,20130917,20130918,20130919,20130920,20130921,20130922
Number is 46
G.4.4_index_2_VS_G.5.1_index_4 [17] 
Ngay: 20130902,20130903,20130904,20130914,20130917,20130918,20130919,20130920,20130921,20130922
Number is 47
G.4.4_index_2_VS_G.5.6_index_2 [18] 
Ngay: 20130830,20130831,20130901,20130902,20130903,20130905,20130907,20130913,20130915,20130916,20130917,20130918,20130919,20130920,20130921,20130922
Number is 48
G.3.2_index_3_VS_G.3.4_index_1 [19] 
Ngay: 20130831,20130905,20130907,20130909,20130910,20130911,20130916,20130917,20130918,20130919,20130920,20130921,20130922
G.5.4_index_4_VS_G.2.1_index_4 [20] 
Ngay: 20130830,20130902,20130903,20130905,20130909,20130913,20130915,20130917,20130918,20130919,20130920,20130921,20130922
Number is 50
G.5.2_index_2_VS_G.DB_index_4 [21] 
Ngay: 20130831,20130902,20130904,20130905,20130906,20130907,20130908,20130909,20130913,20130915,20130917,20130918,20130919,20130920,20130921,20130922
Number is 52
G.7.2_index_1_VS_G.3.5_index_5 [22] 
Ngay: 20130830,20130902,20130905,20130906,20130907,20130908,20130913,20130914,20130917,20130918,20130919,20130920,20130921,20130922
G.7.2_index_1_VS_G.7.2_index_2 [23] 
Ngay: 20130830,20130902,20130907,20130908,20130913,20130915,20130916,20130917,20130918,20130919,20130920,20130921,20130922
G.4.3_index_4_VS_G.5.4_index_2 [24] 
Ngay: 20130831,20130901,20130902,20130903,20130904,20130905,20130906,20130907,20130908,20130909,20130912,20130913,20130915,20130916,20130917,20130918,20130919,20130920,20130921,20130922
G.5.6_index_4_VS_G.5.2_index_1 [25] 
Ngay: 20130830,20130831,20130902,20130906,20130909,20130910,20130911,20130912,20130916,20130917,20130918,20130919,20130920,20130921,20130922
Number is 53
G.5.2_index_2_VS_G.5.5_index_2 [26] 
Ngay: 20130906,20130909,20130910,20130911,20130912,20130913,20130915,20130917,20130918,20130919,20130920,20130921,20130922
G.5.6_index_4_VS_G.6.1_index_2 [27] 
Ngay: 20130830,20130904,20130905,20130908,20130913,20130915,20130916,20130917,20130918,20130919,20130920,20130921,20130922
Number is 57
G.7.2_index_1_VS_G.4.3_index_1 [28] 
Ngay: 20130904,20130905,20130906,20130908,20130909,20130917,20130918,20130919,20130920,20130921,20130922
Number is 60
G.5.3_index_1_VS_G.3.2_index_1 [29] 
Ngay: 20130902,20130904,20130907,20130908,20130909,20130911,20130912,20130914,20130917,20130918,20130919,20130920,20130921,20130922
Number is 66
G.4.2_index_4_VS_G.6.2_index_1 [30] 
Ngay: 20130830,20130902,20130903,20130904,20130909,20130910,20130915,20130916,20130917,20130918,20130919,20130920,20130921,20130922
G.4.1_index_4_VS_G.1.1_index_2 [31] 
Ngay: 20130830,20130831,20130901,20130906,20130907,20130908,20130909,20130910,20130915,20130917,20130918,20130919,20130920,20130921,20130922
Number is 69
G.7.4_index_1_VS_G.3.1_index_4 [32] 
Ngay: 20130831,20130904,20130910,20130915,20130917,20130918,20130919,20130920,20130921,20130922
G.4.2_index_4_VS_G.3.5_index_2 [33] 
Ngay: 20130902,20130904,20130905,20130906,20130911,20130912,20130914,20130915,20130917,20130918,20130919,20130920,20130921,20130922
G.5.3_index_2_VS_G.4.1_index_2 [34] 
Ngay: 20130901,20130904,20130910,20130915,20130917,20130918,20130919,20130920,20130921,20130922
Number is 70
G.6.2_index_3_VS_G.DB_index_4 [35] 
Ngay: 20130830,20130831,20130902,20130903,20130905,20130908,20130910,20130914,20130916,20130917,20130918,20130919,20130920,20130921,20130922
Number is 73
G.5.4_index_3_VS_G.5.3_index_4 [36] 
Ngay: 20130830,20130831,20130902,20130904,20130907,20130910,20130912,20130917,20130918,20130919,20130920,20130921,20130922
Number is 74
G.3.5_index_4_VS_G.5.4_index_4 [37] 
Ngay: 20130901,20130905,20130908,20130911,20130913,20130914,20130915,20130916,20130917,20130918,20130919,20130920,20130921,20130922
Number is 76
G.6.2_index_3_VS_G.5.1_index_4 [38] 
Ngay: 20130901,20130902,20130903,20130907,20130909,20130910,20130913,20130915,20130916,20130917,20130918,20130919,20130920,20130921,20130922
Number is 77
G.3.5_index_4_VS_G.5.1_index_2 [39] 
Ngay: 20130906,20130907,20130911,20130912,20130913,20130914,20130915,20130916,20130917,20130918,20130919,20130920,20130921,20130922
Number is 79
G.3.5_index_4_VS_G.3.6_index_5 [40] 
Ngay: 20130901,20130902,20130910,20130913,20130914,20130915,20130916,20130917,20130918,20130919,20130920,20130921,20130922
G.3.5_index_4_VS_G.4.1_index_2 [41] 
Ngay: 20130901,20130905,20130906,20130907,20130910,20130911,20130914,20130915,20130917,20130918,20130919,20130920,20130921,20130922
Number is 82
G.5.3_index_3_VS_G.5.2_index_1 [42] 
Ngay: 20130830,20130902,20130906,20130909,20130911,20130913,20130915,20130916,20130917,20130918,20130919,20130920,20130921,20130922
Number is 83
G.3.4_index_1_VS_G.6.3_index_2 [43] 
Ngay: 20130830,20130902,20130904,20130906,20130907,20130909,20130915,20130917,20130918,20130919,20130920,20130921,20130922
Number is 85
G.4.4_index_4_VS_G.7.2_index_1 [44] 
Ngay: 20130902,20130904,20130906,20130908,20130910,20130914,20130916,20130917,20130918,20130919,20130920,20130921,20130922
Number is 86
G.3.5_index_1_VS_G.4.3_index_3 [45] 
Ngay: 20130901,20130902,20130904,20130906,20130907,20130908,20130909,20130910,20130916,20130917,20130918,20130919,20130920,20130921,20130922
Number is 92
G.7.3_index_1_VS_G.7.1_index_1 [46] 
Ngay: 20130902,20130916,20130917,20130918,20130919,20130920,20130921,20130922
G.4.1_index_2_VS_G.7.2_index_2 [47] 
Ngay: 20130901,20130903,20130910,20130913,20130915,20130917,20130918,20130919,20130920,20130921,20130922
Number is 98
G.7.3_index_1_VS_G.DB_index_1 [48] 
Ngay: 20130831,20130902,20130903,20130906,20130909,20130910,20130911,20130917,20130918,20130919,20130920,20130921,20130922
Number is 99
G.3.5_index_2_VS_G.7.3_index_1 [49] 
Ngay: 20130902,20130904,20130906,20130909,20130910,20130911,20130917,20130918,20130919,20130920,20130921,20130922
