Last Date = 20130927
Except date ======= 20130923,20130924,20130925,20130926
required date ======= 20130917,20130918,20130919,20130920,20130921,20130922
Number is 24
G.4.4_index_2_VS_G.4.2_index_1 [14] 
Ngay: 20130830,20130901,20130902,20130903,20130905,20130906,20130908,20130909,20130911,20130913,20130914,20130915,20130917,20130918,20130919,20130920,20130921,20130922
Number is 45
G.7.2_index_1_VS_G.7.2_index_2 [23] 
Ngay: 20130830,20130902,20130907,20130908,20130913,20130915,20130916,20130917,20130918,20130919,20130920,20130921,20130922
Number is 69
G.5.4_index_3_VS_G.5.3_index_4 [36] 
Ngay: 20130830,20130831,20130902,20130904,20130907,20130910,20130912,20130917,20130918,20130919,20130920,20130921,20130922
Number is 94
G.4.4_index_4_VS_G.7.2_index_1 [44] 
Ngay: 20130902,20130904,20130906,20130908,20130910,20130914,20130916,20130917,20130918,20130919,20130920,20130921,20130922
