Last Date = 20130927
Except date ======= 
required date ======= 20130921,20130922,20130923,20130924,20130925,20130926
Number is 08
G.2.1_index_4_VS_G.3.3_index_1 [1] 
Ngay: 20130830,20130831,20130901,20130902,20130903,20130904,20130907,20130908,20130912,20130918,20130921,20130922,20130923,20130924,20130925,20130926
G.2.1_index_4_VS_G.5.1_index_1 [2] 
Ngay: 20130830,20130901,20130902,20130907,20130908,20130913,20130915,20130916,20130917,20130918,20130920,20130921,20130922,20130923,20130924,20130925,20130926
Number is 10
G.3.5_index_4_VS_G.5.5_index_3 [3] 
Ngay: 20130902,20130903,20130907,20130912,20130913,20130915,20130918,20130921,20130922,20130923,20130924,20130925,20130926
Number is 11
G.7.4_index_1_VS_G.3.5_index_4 [4] 
Ngay: 20130831,20130902,20130906,20130907,20130908,20130909,20130912,20130913,20130914,20130915,20130918,20130919,20130920,20130921,20130922,20130923,20130924,20130925,20130926
Number is 17
G.3.2_index_2_VS_G.4.1_index_2 [5] 
Ngay: 20130831,20130901,20130903,20130907,20130908,20130913,20130914,20130915,20130917,20130919,20130921,20130922,20130923,20130924,20130925,20130926
Number is 23
G.6.1_index_3_VS_G.4.3_index_3 [6] 
Ngay: 20130830,20130831,20130902,20130905,20130907,20130908,20130910,20130913,20130914,20130916,20130920,20130921,20130922,20130923,20130924,20130925,20130926
Number is 24
G.5.5_index_1_VS_G.3.4_index_5 [7] 
Ngay: 20130907,20130909,20130910,20130911,20130912,20130913,20130914,20130915,20130920,20130921,20130922,20130923,20130924,20130925,20130926
G.DB_index_4_VS_G.3.4_index_2 [8] 
Ngay: 20130831,20130901,20130904,20130905,20130910,20130914,20130918,20130919,20130920,20130921,20130922,20130923,20130924,20130925,20130926
Number is 25
G.DB_index_4_VS_G.DB_index_5 [9] 
Ngay: 20130901,20130904,20130906,20130909,20130910,20130911,20130913,20130918,20130919,20130921,20130922,20130923,20130924,20130925,20130926
G.DB_index_4_VS_G.4.3_index_1 [10] 
Ngay: 20130830,20130907,20130908,20130910,20130913,20130916,20130917,20130918,20130920,20130921,20130922,20130923,20130924,20130925,20130926
Number is 28
G.DB_index_4_VS_G.4.1_index_1 [11] 
Ngay: 20130830,20130901,20130902,20130903,20130904,20130905,20130906,20130907,20130909,20130910,20130911,20130915,20130916,20130918,20130919,20130921,20130922,20130923,20130924,20130925,20130926
Number is 30
G.5.6_index_1_VS_G.3.2_index_1 [12] 
Ngay: 20130903,20130904,20130905,20130906,20130907,20130908,20130909,20130910,20130912,20130913,20130916,20130921,20130922,20130923,20130924,20130925,20130926
G.5.2_index_2_VS_G.3.2_index_1 [13] 
Ngay: 20130902,20130903,20130904,20130905,20130910,20130911,20130912,20130913,20130916,20130918,20130921,20130922,20130923,20130924,20130925,20130926
Number is 31
G.5.2_index_2_VS_G.5.5_index_2 [14] 
Ngay: 20130906,20130909,20130910,20130911,20130912,20130913,20130915,20130917,20130918,20130919,20130920,20130921,20130922,20130923,20130924,20130925,20130926
G.5.3_index_1_VS_G.5.5_index_2 [15] 
Ngay: 20130831,20130902,20130908,20130909,20130911,20130912,20130914,20130915,20130916,20130918,20130921,20130922,20130923,20130924,20130925,20130926
Number is 38
G.3.1_index_1_VS_G.2.2_index_2 [16] 
Ngay: 20130901,20130904,20130905,20130906,20130908,20130911,20130912,20130917,20130921,20130922,20130923,20130924,20130925,20130926
G.4.3_index_3_VS_G.2.2_index_5 [17] 
Ngay: 20130830,20130903,20130904,20130907,20130908,20130909,20130910,20130911,20130914,20130916,20130918,20130919,20130921,20130922,20130923,20130924,20130925,20130926
Number is 39
G.3.6_index_4_VS_G.5.3_index_4 [18] 
Ngay: 20130831,20130901,20130903,20130905,20130907,20130909,20130912,20130914,20130915,20130917,20130920,20130921,20130922,20130923,20130924,20130925,20130926
Number is 40
G.5.2_index_3_VS_G.3.2_index_1 [19] 
Ngay: 20130902,20130905,20130907,20130909,20130912,20130913,20130914,20130917,20130919,20130920,20130921,20130922,20130923,20130924,20130925,20130926
G.3.4_index_2_VS_G.3.2_index_1 [20] 
Ngay: 20130907,20130911,20130915,20130918,20130920,20130921,20130922,20130923,20130924,20130925,20130926
Number is 43
G.5.4_index_4_VS_G.3.1_index_3 [21] 
Ngay: 20130831,20130903,20130905,20130907,20130908,20130909,20130919,20130921,20130922,20130923,20130924,20130925,20130926
Number is 44
G.3.2_index_5_VS_G.2.2_index_1 [22] 
Ngay: 20130830,20130831,20130907,20130908,20130910,20130912,20130914,20130917,20130918,20130920,20130921,20130922,20130923,20130924,20130925,20130926
Number is 46
G.5.4_index_4_VS_G.1.1_index_2 [23] 
Ngay: 20130830,20130902,20130905,20130906,20130907,20130908,20130911,20130913,20130917,20130919,20130921,20130922,20130923,20130924,20130925,20130926
Number is 48
G.3.6_index_1_VS_G.2.2_index_2 [24] 
Ngay: 20130903,20130907,20130908,20130909,20130910,20130913,20130914,20130916,20130918,20130920,20130921,20130922,20130923,20130924,20130925,20130926
G.2.2_index_1_VS_G.5.4_index_1 [25] 
Ngay: 20130904,20130906,20130908,20130910,20130912,20130915,20130918,20130921,20130922,20130923,20130924,20130925,20130926
Number is 51
G.3.5_index_3_VS_G.7.4_index_1 [26] 
Ngay: 20130831,20130902,20130903,20130909,20130911,20130912,20130915,20130916,20130919,20130920,20130921,20130922,20130923,20130924,20130925,20130926
G.7.3_index_2_VS_G.6.2_index_3 [27] 
Ngay: 20130830,20130831,20130901,20130902,20130903,20130904,20130906,20130908,20130910,20130916,20130918,20130921,20130922,20130923,20130924,20130925,20130926
Number is 52
G.6.2_index_1_VS_G.6.1_index_3 [28] 
Ngay: 20130830,20130831,20130901,20130902,20130906,20130907,20130908,20130909,20130910,20130912,20130913,20130915,20130916,20130920,20130921,20130922,20130923,20130924,20130925,20130926
Number is 73
G.4.1_index_2_VS_G.3.1_index_3 [29] 
Ngay: 20130901,20130905,20130920,20130921,20130922,20130923,20130924,20130925,20130926
Number is 78
G.2.1_index_3_VS_G.2.2_index_2 [30] 
Ngay: 20130903,20130905,20130907,20130909,20130913,20130915,20130916,20130917,20130919,20130920,20130921,20130922,20130923,20130924,20130925,20130926
Number is 82
G.2.2_index_2_VS_G.6.3_index_3 [31] 
Ngay: 20130831,20130903,20130910,20130913,20130914,20130915,20130916,20130918,20130921,20130922,20130923,20130924,20130925,20130926
Number is 83
G.2.1_index_5_VS_G.5.2_index_2 [32] 
Ngay: 20130831,20130904,20130905,20130909,20130910,20130913,20130914,20130916,20130917,20130921,20130922,20130923,20130924,20130925,20130926
G.3.3_index_1_VS_G.5.2_index_2 [33] 
Ngay: 20130831,20130902,20130903,20130907,20130908,20130909,20130911,20130914,20130917,20130918,20130920,20130921,20130922,20130923,20130924,20130925,20130926
Number is 84
G.5.1_index_1_VS_G.5.4_index_4 [34] 
Ngay: 20130830,20130831,20130902,20130905,20130906,20130908,20130909,20130910,20130911,20130912,20130917,20130919,20130921,20130922,20130923,20130924,20130925,20130926
Number is 86
G.4.3_index_4_VS_G.5.4_index_3 [35] 
Ngay: 20130830,20130902,20130903,20130907,20130911,20130912,20130913,20130914,20130915,20130916,20130917,20130918,20130921,20130922,20130923,20130924,20130925,20130926
Number is 88
G.2.2_index_2_VS_G.5.1_index_1 [36] 
Ngay: 20130905,20130906,20130908,20130912,20130917,20130918,20130921,20130922,20130923,20130924,20130925,20130926
G.5.1_index_1_VS_G.5.1_index_4 [37] 
Ngay: 20130902,20130903,20130904,20130906,20130907,20130909,20130910,20130914,20130917,20130918,20130919,20130921,20130922,20130923,20130924,20130925,20130926
Number is 92
G.1.1_index_5_VS_G.DB_index_4 [38] 
Ngay: 20130830,20130831,20130902,20130907,20130908,20130909,20130911,20130913,20130914,20130918,20130921,20130922,20130923,20130924,20130925,20130926
Number is 94
G.1.1_index_5_VS_G.3.6_index_1 [39] 
Ngay: 20130831,20130902,20130911,20130912,20130913,20130914,20130915,20130916,20130918,20130921,20130922,20130923,20130924,20130925,20130926
