Last Date = 20131003
Except date ======= 20130929,20130930,20131001,20131002
required date ======= 20130923,20130924,20130925,20130926,20130927,20130928
Number is 11
G.5.3_index_1_VS_G.2.1_index_3 [20] 
Ngay: 20130830,20130906,20130907,20130908,20130911,20130912,20130914,20130915,20130917,20130918,20130920,20130922,20130923,20130924,20130925,20130926,20130927,20130928
Number is 42
G.3.1_index_4_VS_G.5.3_index_3 [25] 
Ngay: 20130901,20130904,20130908,20130910,20130911,20130912,20130914,20130915,20130917,20130918,20130919,20130920,20130921,20130923,20130924,20130925,20130926,20130927,20130928
Number is 56
G.1.1_index_2_VS_G.4.3_index_4 [12] 
Ngay: 20130902,20130903,20130904,20130905,20130906,20130907,20130912,20130914,20130917,20130920,20130921,20130923,20130924,20130925,20130926,20130927,20130928
Number is 62
G.4.3_index_4_VS_G.2.1_index_1 [4] 
Ngay: 20130830,20130901,20130902,20130904,20130913,20130914,20130918,20130920,20130923,20130924,20130925,20130926,20130927,20130928
Number is 85
G.2.2_index_5_VS_G.1.1_index_2 [8] 
Ngay: 20130830,20130903,20130904,20130914,20130916,20130920,20130923,20130924,20130925,20130926,20130927,20130928
