Last Date = 20130925
Except date ======= 
required date ======= 20130918,20130919,20130920,20130921,20130922,20130923,20130924
Number is 07
G.3.6_index_2_VS_G.1.1_index_3 [1] 
Ngay: 20130831,20130901,20130902,20130906,20130908,20130909,20130912,20130913,20130915,20130916,20130918,20130919,20130920,20130921,20130922,20130923,20130924
Number is 11
G.DB_index_4_VS_G.4.3_index_4 [2] 
Ngay: 20130830,20130918,20130919,20130920,20130921,20130922,20130923,20130924
G.DB_index_4_VS_G.2.2_index_5 [3] 
Ngay: 20130902,20130904,20130905,20130909,20130910,20130911,20130918,20130919,20130920,20130921,20130922,20130923,20130924
Number is 12
G.DB_index_4_VS_G.3.4_index_2 [4] 
Ngay: 20130831,20130901,20130904,20130905,20130910,20130914,20130918,20130919,20130920,20130921,20130922,20130923,20130924
Number is 19
G.4.3_index_4_VS_G.4.2_index_4 [5] 
Ngay: 20130830,20130902,20130903,20130904,20130905,20130909,20130912,20130913,20130914,20130918,20130919,20130920,20130921,20130922,20130923,20130924
Number is 25
G.5.4_index_2_VS_G.4.1_index_2 [6] 
Ngay: 20130901,20130902,20130903,20130905,20130909,20130911,20130912,20130913,20130918,20130919,20130920,20130921,20130922,20130923,20130924
G.7.4_index_1_VS_G.3.5_index_4 [7] 
Ngay: 20130831,20130902,20130906,20130907,20130908,20130909,20130912,20130913,20130914,20130915,20130918,20130919,20130920,20130921,20130922,20130923,20130924
Number is 26
G.5.2_index_2_VS_G.5.5_index_2 [8] 
Ngay: 20130906,20130909,20130910,20130911,20130912,20130913,20130915,20130917,20130918,20130919,20130920,20130921,20130922,20130923,20130924
Number is 41
G.7.1_index_1_VS_G.DB_index_4 [9] 
Ngay: 20130901,20130902,20130905,20130907,20130910,20130911,20130913,20130915,20130917,20130918,20130919,20130920,20130921,20130922,20130923,20130924
Number is 49
G.6.3_index_3_VS_G.4.2_index_4 [10] 
Ngay: 20130902,20130904,20130906,20130914,20130918,20130919,20130920,20130921,20130922,20130923,20130924
Number is 56
G.4.1_index_2_VS_G.7.2_index_2 [11] 
Ngay: 20130901,20130903,20130910,20130913,20130915,20130917,20130918,20130919,20130920,20130921,20130922,20130923,20130924
Number is 66
G.2.2_index_1_VS_G.7.2_index_1 [12] 
Ngay: 20130830,20130903,20130905,20130906,20130907,20130908,20130913,20130915,20130917,20130918,20130919,20130920,20130921,20130922,20130923,20130924
Number is 82
G.4.4_index_1_VS_G.5.4_index_2 [13] 
Ngay: 20130901,20130903,20130906,20130907,20130911,20130912,20130913,20130915,20130916,20130918,20130919,20130920,20130921,20130922,20130923,20130924
Number is 84
G.7.3_index_1_VS_G.7.1_index_1 [14] 
Ngay: 20130902,20130916,20130917,20130918,20130919,20130920,20130921,20130922,20130923,20130924
