Last Date = 20130904
Except date ======= 
required date ======= 20130828,20130829,20130830,20130831,20130901,20130902,20130903
Number is 17
G.3.3_index_3_VS_G.5.4_index_4 [1] 
Ngay: 20130819,20130820,20130825,20130826,20130827,20130828,20130829,20130830,20130831,20130901,20130902,20130903
Number is 26
G.4.1_index_2_VS_G.3.1_index_1 [2] 
Ngay: 20130815,20130818,20130824,20130825,20130828,20130829,20130830,20130831,20130901,20130902,20130903
Number is 75
G.4.4_index_2_VS_G.5.5_index_4 [3] 
Ngay: 20130816,20130818,20130821,20130823,20130825,20130826,20130828,20130829,20130830,20130831,20130901,20130902,20130903
Number is 77
G.5.2_index_3_VS_G.4.4_index_2 [4] 
Ngay: 20130816,20130818,20130822,20130825,20130826,20130828,20130829,20130830,20130831,20130901,20130902,20130903
Number is 85
G.5.2_index_4_VS_G.2.1_index_2 [5] 
Ngay: 20130816,20130818,20130819,20130821,20130824,20130826,20130827,20130828,20130829,20130830,20130831,20130901,20130902,20130903
Number is 90
G.5.3_index_4_VS_G.5.6_index_4 [6] 
Ngay: 20130816,20130820,20130821,20130823,20130824,20130826,20130827,20130828,20130829,20130830,20130831,20130901,20130902,20130903
Number is 91
G.3.3_index_1_VS_G.3.3_index_3 [7] 
Ngay: 20130815,20130819,20130820,20130821,20130822,20130824,20130825,20130826,20130827,20130828,20130829,20130830,20130831,20130901,20130902,20130903
Number is 95
G.3.3_index_1_VS_G.4.3_index_3 [8] 
Ngay: 20130818,20130821,20130822,20130824,20130825,20130826,20130827,20130828,20130829,20130830,20130831,20130901,20130902,20130903
Number is 99
G.4.2_index_1_VS_G.5.3_index_4 [9] 
Ngay: 20130815,20130817,20130823,20130828,20130829,20130830,20130831,20130901,20130902,20130903
