======== Current: 20130301 ========= 
Number is 00 
G.2.1_index_3_VS_G.4.2_index_4 [1] 
Ngay: 20130222,20130223,20130224,20130225,20130226,20130227,20130228,20130305,20130306,20130312,20130313,20130314,20130317,20130322,20130324,20130325,20130329,20130331,20130401 
Number is 03 
G.7.4_index_1_VS_G.3.1_index_3 [2] 
Ngay: 20130222,20130223,20130224,20130225,20130226,20130227,20130228,20130303,20130304,20130305,20130311,20130312,20130313,20130315,20130316,20130322,20130323,20130324,20130326,20130329 
Number is 11 
G.5.4_index_1_VS_G.6.3_index_2 [3] PLUS 1 
Ngay: 20130223,20130224,20130225,20130226,20130227,20130228,20130301,20130304,20130305,20130306,20130307,20130310,20130311,20130318,20130319,20130320,20130321,20130324,20130325,20130326,20130331,20130401,20130403 
Number is 13 
G.3.3_index_3_VS_G.3.1_index_3 [4] PLUS 1 
Ngay: 20130223,20130224,20130225,20130226,20130227,20130228,20130301,20130302,20130303,20130305,20130307,20130308,20130309,20130310,20130313,20130314,20130317,20130322,20130323,20130326,20130327,20130331,20130401 
Number is 18 
G.6.2_index_3_VS_G.5.1_index_1 [5] 
Ngay: 20130222,20130223,20130224,20130225,20130226,20130227,20130228,20130302,20130304,20130307,20130309,20130310,20130311,20130312,20130313,20130315,20130318,20130323,20130324,20130327,20130329,20130402 
Number is 19 
G.6.2_index_3_VS_G.3.5_index_2 [6] 
Ngay: 20130223,20130224,20130225,20130226,20130227,20130228,20130302,20130305,20130309,20130310,20130314,20130317,20130320,20130321,20130322,20130323,20130324,20130325,20130328,20130331,20130402,20130403 
G.4.2_index_3_VS_G.2.2_index_4 [7] 
Ngay: 20130223,20130224,20130225,20130226,20130227,20130228,20130303,20130306,20130309,20130310,20130313,20130320,20130321,20130322,20130323,20130324,20130326,20130329,20130331 
Number is 29 
G.3.6_index_2_VS_G.2.2_index_4 [8] PLUS 1 
Ngay: 20130223,20130224,20130225,20130226,20130227,20130228,20130301,20130304,20130307,20130308,20130311,20130312,20130314,20130315,20130317,20130318,20130319,20130324,20130326,20130329,20130403 
Number is 36 
G.2.2_index_3_VS_G.3.3_index_4 [9] 
Ngay: 20130222,20130223,20130224,20130225,20130226,20130227,20130228,20130304,20130308,20130310,20130313,20130319,20130321,20130329,20130401,20130402,20130403 
Number is 37 
G.2.2_index_3_VS_G.5.6_index_3 [10] 
Ngay: 20130223,20130224,20130225,20130226,20130227,20130228,20130306,20130308,20130309,20130310,20130311,20130312,20130314,20130321,20130323,20130324,20130325,20130331 
Number is 38 
G.2.2_index_3_VS_G.5.3_index_1 [11] 
Ngay: 20130222,20130223,20130224,20130225,20130226,20130227,20130228,20130304,20130305,20130306,20130311,20130314,20130317,20130320,20130324,20130326,20130327,20130329,20130331,20130401 
G.4.1_index_2_VS_G.5.5_index_1 [12] 
Ngay: 20130223,20130224,20130225,20130226,20130227,20130228,20130305,20130307,20130312,20130313,20130315,20130317,20130319,20130320,20130322,20130323,20130329,20130403 
G.4.1_index_2_VS_G.5.2_index_3 [13] 
Ngay: 20130223,20130224,20130225,20130226,20130227,20130228,20130303,20130305,20130309,20130311,20130312,20130313,20130315,20130316,20130320,20130322,20130323,20130324,20130325,20130329,20130401 
Number is 58 
G.2.1_index_4_VS_G.5.1_index_1 [14] PLUS 1 
Ngay: 20130223,20130224,20130225,20130226,20130227,20130228,20130301,20130311,20130312,20130316,20130319,20130320,20130322,20130323,20130324,20130326,20130327,20130328,20130329,20130331,20130403 
Number is 63 
G.DB_index_2_VS_G.3.1_index_3 [15] 
Ngay: 20130222,20130223,20130224,20130225,20130226,20130227,20130228,20130304,20130309,20130313,20130314,20130316,20130318,20130326,20130329,20130330 
Number is 66 
G.3.3_index_4_VS_G.5.4_index_3 [16] PLUS 1 
Ngay: 20130223,20130224,20130225,20130226,20130227,20130228,20130301,20130304,20130308,20130310,20130312,20130313,20130315,20130317,20130319,20130322,20130329 
G.3.3_index_4_VS_G.7.3_index_2 [17] PLUS 1 
Ngay: 20130223,20130224,20130225,20130226,20130227,20130228,20130301,20130303,20130305,20130312,20130313,20130314,20130319,20130323,20130326,20130327,20130330,20130331,20130401 
G.3.3_index_4_VS_G.2.2_index_2 [18] PLUS 1 
Ngay: 20130222,20130223,20130224,20130225,20130226,20130227,20130228,20130301,20130302,20130304,20130307,20130308,20130313,20130315,20130317,20130322,20130401 
Number is 67 
G.2.2_index_2_VS_G.4.2_index_2 [19] PLUS 1 
Ngay: 20130222,20130223,20130224,20130225,20130226,20130227,20130228,20130301,20130302,20130308,20130313,20130315,20130316,20130318,20130321,20130326,20130328,20130330,20130331 
Number is 70 
G.5.6_index_3_VS_G.4.4_index_3 [20] 
Ngay: 20130222,20130223,20130224,20130225,20130226,20130227,20130228,20130302,20130305,20130306,20130309,20130316,20130317,20130321,20130322,20130325,20130326,20130331,20130401 
G.7.2_index_2_VS_G.2.1_index_3 [21] 
Ngay: 20130223,20130224,20130225,20130226,20130227,20130228,20130306,20130308,20130310,20130312,20130314,20130315,20130316,20130318,20130319,20130323,20130327,20130329,20130403 
Number is 77 
G.1.1_index_3_VS_G.3.4_index_3 [22] 
Ngay: 20130223,20130224,20130225,20130226,20130227,20130228,20130302,20130303,20130304,20130305,20130306,20130309,20130312,20130316,20130317,20130323,20130325,20130327,20130330,20130331,20130401 
G.DB_index_3_VS_G.1.1_index_3 [23] 
Ngay: 20130223,20130224,20130225,20130226,20130227,20130228,20130302,20130303,20130307,20130308,20130311,20130314,20130315,20130316,20130317,20130320,20130322,20130323,20130324,20130325,20130327,20130329,20130330,20130331,20130402,20130403 
Number is 78 
G.2.1_index_2_VS_G.3.3_index_1 [24] PLUS 1 
Ngay: 20130223,20130224,20130225,20130226,20130227,20130228,20130301,20130302,20130303,20130312,20130313,20130314,20130316,20130320,20130321,20130322,20130323,20130324,20130330,20130331,20130401,20130403 
Number is 79 
G.2.1_index_1_VS_G.2.2_index_4 [25] 
Ngay: 20130223,20130224,20130225,20130226,20130227,20130228,20130306,20130317,20130323,20130328,20130330 
Number is 81 
G.5.2_index_3_VS_G.4.2_index_3 [26] 
Ngay: 20130222,20130223,20130224,20130225,20130226,20130227,20130228,20130302,20130305,20130310,20130311,20130313,20130315,20130321,20130322,20130323,20130324,20130401,20130403 
G.3.3_index_1_VS_G.5.4_index_4 [27] 
Ngay: 20130223,20130224,20130225,20130226,20130227,20130228,20130311,20130312,20130313,20130315,20130316,20130321,20130324,20130401,20130403 
G.5.5_index_1_VS_G.5.4_index_1 [28] 
Ngay: 20130223,20130224,20130225,20130226,20130227,20130228,20130303,20130305,20130306,20130307,20130309,20130310,20130314,20130318,20130320,20130322,20130323,20130324,20130328,20130331,20130401,20130402 
Number is 84 
G.5.2_index_3_VS_G.5.3_index_4 [29] 
Ngay: 20130222,20130223,20130224,20130225,20130226,20130227,20130228,20130303,20130304,20130306,20130307,20130310,20130314,20130315,20130318,20130320,20130321,20130322,20130324,20130326,20130328,20130329,20130403 
Number is 87 
G.5.2_index_3_VS_G.2.1_index_1 [30] PLUS 1 
Ngay: 20130222,20130223,20130224,20130225,20130226,20130227,20130228,20130301,20130305,20130306,20130311,20130314,20130315,20130319,20130320,20130322,20130325,20130328 
Number is 88 
G.5.5_index_1_VS_G.3.3_index_1 [31] 
Ngay: 20130222,20130223,20130224,20130225,20130226,20130227,20130228,20130302,20130304,20130305,20130309,20130310,20130317,20130319,20130322,20130323,20130324,20130328,20130401,20130403 
G.1.1_index_5_VS_G.4.4_index_4 [32] 
Ngay: 20130223,20130224,20130225,20130226,20130227,20130228,20130308,20130310,20130313,20130316,20130319,20130321,20130325,20130326,20130327,20130331,20130401,20130403 
Number is 89 
G.3.3_index_1_VS_G.2.2_index_4 [33] PLUS 1 
Ngay: 20130222,20130223,20130224,20130225,20130226,20130227,20130228,20130301,20130302,20130303,20130305,20130306,20130308,20130309,20130310,20130316,20130322,20130323,20130324,20130325,20130403 
Number is 90 
G.3.6_index_1_VS_G.4.4_index_3 [34] PLUS 1 
Ngay: 20130223,20130224,20130225,20130226,20130227,20130228,20130301,20130306,20130309,20130311,20130316,20130317,20130318,20130321,20130324,20130326,20130330 
Number is 98 
G.3.5_index_2_VS_G.5.2_index_3 [35] PLUS 1 
Ngay: 20130223,20130224,20130225,20130226,20130227,20130228,20130301,20130302,20130304,20130309,20130311,20130312,20130313,20130317,20130319,20130320,20130321,20130324,20130325,20130326,20130402,20130403 
