======== Current: 20130305 ========= 
Number is 09 
G.3.1_index_1_VS_G.2.1_index_2 [1] PLUS 1 
Ngay: 20130222,20130224,20130225,20130226,20130227,20130228,20130301,20130302,20130303,20130304,20130305,20130306,20130308,20130312,20130313,20130319,20130320,20130321,20130322,20130323,20130324,20130325,20130330,20130331,20130401,20130403 
Number is 10 
G.2.2_index_5_VS_G.4.2_index_4 [2] PLUS 1 
Ngay: 20130224,20130227,20130228,20130301,20130302,20130303,20130304,20130305,20130306,20130307,20130308,20130310,20130311,20130314,20130316,20130317,20130318,20130319,20130320,20130321,20130326,20130327,20130329 
G.5.3_index_2_VS_G.5.6_index_2 [3] PLUS 1 
Ngay: 20130222,20130223,20130224,20130227,20130228,20130301,20130302,20130303,20130304,20130305,20130306,20130307,20130308,20130315,20130319,20130320,20130324,20130326,20130330,20130402 
G.3.3_index_1_VS_G.5.6_index_2 [4] PLUS 1 
Ngay: 20130225,20130227,20130228,20130301,20130302,20130303,20130304,20130305,20130306,20130308,20130314,20130315,20130317,20130324,20130327,20130330,20130402 
Number is 11 
G.5.4_index_2_VS_G.4.1_index_4 [5] PLUS 1 
Ngay: 20130226,20130227,20130228,20130301,20130302,20130303,20130304,20130305,20130308,20130312,20130313,20130314,20130315,20130316,20130318,20130322,20130323,20130329,20130401,20130402,20130403 
Number is 14 
G.2.2_index_5_VS_G.5.5_index_4 [6] 
Ngay: 20130227,20130228,20130301,20130302,20130303,20130304,20130306,20130308,20130309,20130314,20130316,20130319,20130320,20130321,20130322,20130323,20130325,20130329,20130401 
Number is 30 
G.5.3_index_1_VS_G.5.6_index_2 [7] 
Ngay: 20130223,20130224,20130226,20130227,20130228,20130301,20130302,20130303,20130304,20130306,20130308,20130309,20130310,20130311,20130315,20130316,20130318,20130320,20130321,20130324,20130326,20130330,20130401,20130403 
Number is 31 
G.5.3_index_1_VS_G.4.4_index_3 [8] 
Ngay: 20130224,20130225,20130227,20130228,20130301,20130302,20130303,20130304,20130306,20130307,20130308,20130310,20130313,20130314,20130316,20130320,20130321,20130322,20130329,20130330,20130331,20130401 
Number is 37 
G.6.3_index_2_VS_G.4.3_index_1 [9] 
Ngay: 20130222,20130224,20130225,20130226,20130227,20130228,20130301,20130302,20130303,20130304,20130306,20130308,20130314,20130316,20130319,20130320,20130321,20130323,20130324,20130325,20130327,20130329,20130401 
Number is 38 
G.5.4_index_3_VS_G.5.4_index_1 [10] PLUS 1 
Ngay: 20130222,20130225,20130226,20130227,20130228,20130301,20130302,20130303,20130304,20130305,20130306,20130307,20130310,20130312,20130314,20130317,20130320,20130322,20130326,20130329,20130330,20130331,20130403 
G.2.2_index_3_VS_G.3.6_index_2 [11] PLUS 1 
Ngay: 20130225,20130227,20130228,20130301,20130302,20130303,20130304,20130305,20130308,20130314,20130315,20130317,20130319,20130321,20130326,20130401,20130402 
Number is 39 
G.5.1_index_3_VS_G.3.6_index_1 [12] 
Ngay: 20130223,20130225,20130227,20130228,20130301,20130302,20130303,20130304,20130306,20130308,20130309,20130310,20130314,20130316,20130317,20130318,20130321,20130325,20130327,20130329,20130401 
Number is 44 
G.1.1_index_5_VS_G.6.2_index_2 [13] 
Ngay: 20130224,20130225,20130227,20130228,20130301,20130302,20130303,20130304,20130312,20130314,20130316,20130317,20130320,20130321,20130323,20130327,20130329,20130401,20130403 
Number is 48 
G.3.3_index_3_VS_G.5.4_index_1 [14] PLUS 1 
Ngay: 20130225,20130227,20130228,20130301,20130302,20130303,20130304,20130305,20130306,20130308,20130310,20130311,20130316,20130319,20130322,20130323,20130324,20130327,20130331 
Number is 50 
G.7.4_index_2_VS_G.3.1_index_1 [15] 
Ngay: 20130222,20130223,20130225,20130227,20130228,20130301,20130302,20130303,20130304,20130307,20130309,20130310,20130311,20130313,20130320,20130321,20130323,20130327,20130328,20130329 
Number is 51 
G.2.2_index_4_VS_G.6.2_index_1 [16] PLUS 1 
Ngay: 20130225,20130227,20130228,20130301,20130302,20130303,20130304,20130305,20130309,20130311,20130314,20130323,20130327,20130329,20130403 
G.6.3_index_3_VS_G.3.4_index_3 [17] PLUS 1 
Ngay: 20130223,20130225,20130226,20130227,20130228,20130301,20130302,20130303,20130304,20130305,20130309,20130313,20130315,20130316,20130320,20130323,20130324,20130325,20130329,20130401 
Number is 52 
G.3.2_index_1_VS_G.5.3_index_4 [18] PLUS 1 
Ngay: 20130224,20130227,20130228,20130301,20130302,20130303,20130304,20130305,20130308,20130309,20130310,20130312,20130313,20130315,20130317,20130318,20130321,20130324,20130328,20130330,20130331,20130403 
Number is 56 
G.3.3_index_4_VS_G.1.1_index_2 [19] 
Ngay: 20130222,20130227,20130228,20130301,20130302,20130303,20130304,20130312,20130315,20130318,20130319,20130320,20130323,20130324,20130329,20130330,20130331,20130403 
Number is 60 
G.6.3_index_1_VS_G.4.2_index_2 [20] 
Ngay: 20130222,20130223,20130227,20130228,20130301,20130302,20130303,20130304,20130306,20130307,20130310,20130311,20130312,20130313,20130316,20130319,20130322,20130323,20130324,20130325,20130330,20130331 
Number is 69 
G.5.1_index_4_VS_G.3.6_index_1 [21] 
Ngay: 20130223,20130226,20130227,20130228,20130301,20130302,20130303,20130304,20130308,20130309,20130312,20130313,20130316,20130317,20130318,20130319,20130325,20130329,20130401,20130403 
Number is 77 
G.3.1_index_5_VS_G.4.3_index_4 [22] PLUS 1 
Ngay: 20130227,20130228,20130301,20130302,20130303,20130304,20130305,20130307,20130308,20130309,20130311,20130312,20130313,20130316,20130320,20130323,20130324,20130327,20130330,20130402,20130403 
Number is 85 
G.3.6_index_2_VS_G.3.2_index_1 [23] 
Ngay: 20130227,20130228,20130301,20130302,20130303,20130304,20130307,20130315,20130317,20130319,20130321,20130322,20130324,20130326,20130329,20130403 
Number is 90 
G.3.6_index_4_VS_G.3.4_index_5 [24] PLUS 1 
Ngay: 20130222,20130223,20130224,20130226,20130227,20130228,20130301,20130302,20130303,20130304,20130305,20130307,20130310,20130314,20130318,20130320,20130323,20130327,20130328,20130329,20130330,20130401,20130402 
Number is 92 
G.3.6_index_4_VS_G.2.1_index_5 [25] PLUS 1 
Ngay: 20130222,20130226,20130227,20130228,20130301,20130302,20130303,20130304,20130305,20130308,20130311,20130316,20130317,20130318,20130320,20130324,20130325,20130326,20130331,20130402 
