======== Current: 20130315 ========= 
Number is 04 
G.4.3_index_1_VS_G.5.6_index_2 [1] 
Ngay: 20130224,20130228,20130303,20130304,20130306,20130307,20130308,20130309,20130310,20130311,20130312,20130313,20130314,20130318,20130319,20130321,20130323,20130325,20130326,20130327,20130330,20130402 
Number is 16 
G.5.2_index_4_VS_G.4.4_index_3 [2] PLUS 1 
Ngay: 20130222,20130223,20130227,20130228,20130302,20130303,20130306,20130307,20130308,20130309,20130310,20130311,20130312,20130313,20130314,20130315,20130316,20130317,20130318,20130320,20130324,20130331,20130401,20130403 
Number is 18 
G.4.4_index_4_VS_G.3.6_index_5 [3] 
Ngay: 20130222,20130223,20130224,20130225,20130226,20130301,20130302,20130305,20130308,20130309,20130310,20130311,20130312,20130313,20130314,20130317,20130319,20130326,20130327,20130330,20130403 
Number is 20 
G.7.1_index_2_VS_G.7.1_index_1 [4] 
Ngay: 20130223,20130224,20130225,20130226,20130228,20130301,20130303,20130305,20130307,20130309,20130310,20130311,20130312,20130313,20130314,20130321,20130322,20130329,20130402,20130403 
Number is 36 
G.1.1_index_3_VS_G.4.4_index_3 [5] PLUS 1 
Ngay: 20130222,20130224,20130225,20130227,20130228,20130303,20130304,20130305,20130306,20130308,20130309,20130310,20130311,20130312,20130313,20130314,20130315,20130317,20130320,20130323,20130324,20130325,20130326,20130329,20130331,20130402,20130403 
Number is 39 
G.7.3_index_2_VS_G.5.1_index_3 [6] PLUS 1 
Ngay: 20130222,20130225,20130226,20130227,20130303,20130308,20130309,20130310,20130311,20130312,20130313,20130314,20130315,20130318,20130321,20130325,20130329,20130401,20130402 
Number is 48 
G.5.2_index_2_VS_G.5.6_index_1 [7] PLUS 1 
Ngay: 20130301,20130306,20130307,20130309,20130310,20130311,20130312,20130313,20130314,20130315,20130318,20130319,20130325,20130328,20130329,20130401,20130402,20130403 
Number is 61 
G.4.1_index_2_VS_G.6.3_index_2 [8] PLUS 1 
Ngay: 20130223,20130225,20130226,20130227,20130228,20130301,20130302,20130304,20130305,20130309,20130310,20130311,20130312,20130313,20130314,20130315,20130316,20130320,20130321,20130323,20130325,20130326,20130327,20130330 
G.3.4_index_5_VS_G.4.2_index_4 [9] PLUS 1 
Ngay: 20130223,20130224,20130303,20130304,20130306,20130309,20130310,20130311,20130312,20130313,20130314,20130315,20130316,20130318,20130323,20130324,20130327,20130330,20130401 
Number is 69 
G.5.4_index_3_VS_G.DB_index_1 [10] PLUS 1 
Ngay: 20130222,20130224,20130301,20130304,20130309,20130310,20130311,20130312,20130313,20130314,20130315,20130317,20130318,20130320,20130323,20130403 
Number is 78 
G.3.4_index_4_VS_G.3.2_index_3 [11] 
Ngay: 20130222,20130224,20130226,20130303,20130305,20130306,20130307,20130309,20130310,20130311,20130312,20130313,20130314,20130316,20130317,20130319,20130320,20130325,20130327,20130329,20130401,20130402 
Number is 82 
G.3.6_index_4_VS_G.4.3_index_4 [12] 
Ngay: 20130224,20130226,20130301,20130303,20130309,20130310,20130311,20130312,20130313,20130314,20130317,20130318,20130320,20130323,20130324,20130329,20130403 
Number is 83 
G.6.2_index_3_VS_G.4.4_index_2 [13] 
Ngay: 20130224,20130226,20130228,20130301,20130302,20130305,20130308,20130309,20130310,20130311,20130312,20130313,20130314,20130316,20130317,20130323,20130326,20130327,20130328,20130329,20130402 
Number is 86 
G.6.2_index_3_VS_G.2.2_index_2 [14] 
Ngay: 20130225,20130226,20130227,20130228,20130301,20130302,20130305,20130308,20130309,20130310,20130311,20130312,20130313,20130314,20130316,20130321,20130322,20130325,20130326,20130329,20130402,20130403 
Number is 93 
G.7.2_index_2_VS_G.5.4_index_4 [15] PLUS 1 
Ngay: 20130223,20130224,20130225,20130227,20130304,20130305,20130306,20130308,20130309,20130310,20130311,20130312,20130313,20130314,20130315,20130317,20130319,20130321,20130323,20130324,20130327,20130328,20130329,20130330,20130402 
Number is 96 
G.7.2_index_2_VS_G.3.4_index_5 [16] PLUS 1 
Ngay: 20130222,20130223,20130224,20130225,20130304,20130306,20130307,20130308,20130309,20130310,20130311,20130312,20130313,20130314,20130315,20130319,20130323,20130328,20130331,20130402,20130403 
Number is 99 
G.3.3_index_5_VS_G.DB_index_1 [17] 
Ngay: 20130227,20130302,20130304,20130305,20130308,20130309,20130310,20130311,20130312,20130313,20130314,20130317,20130319,20130322,20130323,20130329,20130330,20130331,20130401,20130402,20130403 
