======== Last: 20130404 ========= 
Number is 04 
G.7.2_index_2_VS_G.3.4_index_5 [1] 
Ngay: 20130222,20130223,20130224,20130225,20130304,20130306,20130307,20130308,20130309,20130310,20130311,20130312,20130313,20130314,20130315,20130319,20130323,20130328,20130331,20130402,20130403 
Number is 07 
G.7.2_index_2_VS_G.5.4_index_4 [2] 
Ngay: 20130223,20130224,20130225,20130227,20130304,20130305,20130306,20130308,20130309,20130310,20130311,20130312,20130313,20130314,20130315,20130317,20130319,20130321,20130323,20130324,20130327,20130328,20130329,20130330,20130402 
Number is 09 
G.4.1_index_4_VS_G.4.2_index_4 [3] 
Ngay: 20130222,20130228,20130302,20130304,20130305,20130306,20130308,20130310,20130311,20130312,20130313,20130314,20130315,20130316,20130317,20130321,20130323,20130325,20130329,20130330,20130402,20130403 
Number is 13 
G.5.4_index_2_VS_G.1.1_index_5 [4] 
Ngay: 20130226,20130228,20130303,20130308,20130310,20130311,20130312,20130313,20130314,20130315,20130319,20130321,20130322,20130323,20130329,20130401,20130402 
Number is 15 
G.5.4_index_3_VS_G.DB_index_1 [5] 
Ngay: 20130222,20130224,20130301,20130304,20130309,20130310,20130311,20130312,20130313,20130314,20130315,20130317,20130318,20130320,20130323,20130403 
G.5.4_index_3_VS_G.7.3_index_2 [6] 
Ngay: 20130224,20130301,20130304,20130306,20130307,20130308,20130310,20130311,20130312,20130313,20130314,20130315,20130317,20130318,20130319,20130322,20130323,20130329,20130330 
Number is 16 
G.4.4_index_2_VS_G.3.6_index_2 [7] 
Ngay: 20130224,20130225,20130227,20130228,20130301,20130303,20130308,20130310,20130311,20130312,20130313,20130314,20130315,20130317,20130318,20130324,20130328,20130329,20130331,20130401,20130403 
Number is 18 
G.6.1_index_1_VS_G.5.5_index_3 [8] 
Ngay: 20130223,20130224,20130225,20130226,20130227,20130303,20130307,20130308,20130310,20130311,20130312,20130313,20130314,20130315,20130316,20130318,20130319,20130323,20130324,20130329,20130330 
Number is 21 
G.4.1_index_2_VS_G.6.3_index_2 [9] 
Ngay: 20130223,20130225,20130226,20130227,20130228,20130301,20130302,20130304,20130305,20130309,20130310,20130311,20130312,20130313,20130314,20130315,20130316,20130320,20130321,20130323,20130325,20130326,20130327,20130330 
Number is 22 
G.3.2_index_5_VS_G.3.4_index_2 [10] 
Ngay: 20130224,20130226,20130227,20130228,20130303,20130310,20130311,20130312,20130313,20130314,20130315,20130316,20130318,20130319,20130320,20130322,20130323,20130324,20130330 
Number is 24 
G.5.1_index_4_VS_G.5.1_index_3 [11] 
Ngay: 20130225,20130301,20130302,20130304,20130305,20130307,20130310,20130311,20130312,20130313,20130314,20130315,20130318,20130330,20130402 
Number is 42 
G.7.4_index_1_VS_G.3.1_index_5 [12] 
Ngay: 20130224,20130226,20130302,20130303,20130305,20130308,20130310,20130311,20130312,20130313,20130314,20130315,20130316,20130317,20130321,20130323,20130328,20130329,20130331,20130402 
Number is 49 
G.3.4_index_5_VS_G.4.2_index_4 [13] 
Ngay: 20130223,20130224,20130303,20130304,20130306,20130309,20130310,20130311,20130312,20130313,20130314,20130315,20130316,20130318,20130323,20130324,20130327,20130330,20130401 
Number is 52 
G.7.4_index_2_VS_G.2.1_index_4 [14] 
Ngay: 20130225,20130226,20130228,20130303,20130305,20130306,20130310,20130311,20130312,20130313,20130314,20130315,20130318,20130319,20130321,20130324,20130327,20130328,20130331,20130402,20130403 
Number is 54 
G.7.3_index_2_VS_G.5.1_index_3 [15] 
Ngay: 20130222,20130225,20130226,20130227,20130303,20130308,20130309,20130310,20130311,20130312,20130313,20130314,20130315,20130318,20130321,20130325,20130329,20130401,20130402 
Number is 62 
G.7.1_index_1_VS_G.DB_index_4 [16] 
Ngay: 20130223,20130228,20130302,20130307,20130310,20130311,20130312,20130313,20130314,20130315,20130318,20130320,20130321,20130322,20130324,20130326,20130327,20130330,20130401,20130402 
Number is 65 
G.1.1_index_2_VS_G.7.3_index_2 [17] 
Ngay: 20130224,20130225,20130301,20130302,20130304,20130305,20130307,20130310,20130311,20130312,20130313,20130314,20130315,20130320,20130321,20130323,20130325,20130329,20130401 
Number is 70 
G.1.1_index_3_VS_G.4.4_index_3 [18] 
Ngay: 20130222,20130224,20130225,20130227,20130228,20130303,20130304,20130305,20130306,20130308,20130309,20130310,20130311,20130312,20130313,20130314,20130315,20130317,20130320,20130323,20130324,20130325,20130326,20130329,20130331,20130402,20130403 
G.5.4_index_4_VS_G.4.1_index_4 [19] 
Ngay: 20130222,20130224,20130226,20130227,20130228,20130301,20130304,20130307,20130308,20130310,20130311,20130312,20130313,20130314,20130315,20130317,20130319,20130321,20130323,20130324,20130326,20130328,20130329,20130331 
Number is 74 
G.6.1_index_3_VS_G.2.1_index_2 [20] 
Ngay: 20130223,20130225,20130227,20130306,20130310,20130311,20130312,20130313,20130314,20130315,20130317,20130318,20130321,20130324,20130328,20130402 
Number is 80 
G.5.2_index_4_VS_G.4.4_index_3 [21] 
Ngay: 20130222,20130223,20130227,20130228,20130302,20130303,20130306,20130307,20130308,20130309,20130310,20130311,20130312,20130313,20130314,20130315,20130316,20130317,20130318,20130320,20130324,20130331,20130401,20130403 
Number is 95 
G.5.2_index_2_VS_G.5.6_index_1 [22] 
Ngay: 20130301,20130306,20130307,20130309,20130310,20130311,20130312,20130313,20130314,20130315,20130318,20130319,20130325,20130328,20130329,20130401,20130402,20130403 
Number is 97 
G.4.2_index_4_VS_G.6.1_index_3 [23] 
Ngay: 20130223,20130224,20130225,20130303,20130305,20130306,20130310,20130311,20130312,20130313,20130314,20130315,20130317,20130318,20130319,20130320,20130324,20130328,20130329,20130403 
