======== Last: 20130404 ========= 
Number is 00 
G.4.1_index_4_VS_G.5.1_index_1 [1] 
Ngay: 20130226,20130304,20130307,20130308,20130310,20130311,20130312,20130314,20130315,20130316,20130318,20130319,20130320,20130321,20130322,20130323,20130326,20130329,20130401,20130402 
Number is 01 
G.4.1_index_4_VS_G.2.2_index_2 [2] 
Ngay: 20130222,20130223,20130226,20130301,20130312,20130313,20130316,20130318,20130319,20130320,20130321,20130322,20130323,20130324,20130326,20130328,20130329,20130330,20130401 
G.4.1_index_4_VS_G.5.2_index_3 [3] 
Ngay: 20130226,20130227,20130228,20130304,20130306,20130310,20130314,20130315,20130318,20130319,20130320,20130321,20130322,20130323,20130324,20130328,20130329,20130331,20130401 
G.5.1_index_2_VS_G.5.4_index_2 [4] 
Ngay: 20130223,20130228,20130301,20130304,20130312,20130313,20130314,20130315,20130318,20130319,20130320,20130321,20130322,20130323,20130324,20130325,20130329 
Number is 05 
G.4.1_index_4_VS_G.3.1_index_1 [5] 
Ngay: 20130222,20130223,20130228,20130302,20130305,20130306,20130308,20130310,20130315,20130317,20130318,20130319,20130320,20130321,20130322,20130323,20130327,20130329,20130331,20130401,20130403 
Number is 11 
G.3.3_index_4_VS_G.5.4_index_2 [6] 
Ngay: 20130222,20130224,20130226,20130301,20130304,20130305,20130308,20130310,20130313,20130317,20130318,20130319,20130320,20130321,20130322,20130323,20130326,20130329,20130330,20130401,20130403 
Number is 12 
G.3.3_index_4_VS_G.4.1_index_2 [7] 
Ngay: 20130223,20130224,20130225,20130226,20130227,20130303,20130307,20130308,20130312,20130313,20130315,20130318,20130319,20130320,20130321,20130322,20130323,20130324,20130325,20130327,20130402 
Number is 15 
G.5.4_index_2_VS_G.DB_index_1 [8] 
Ngay: 20130223,20130224,20130225,20130227,20130301,20130303,20130310,20130311,20130315,20130317,20130318,20130319,20130320,20130321,20130322,20130323,20130325,20130330,20130331,20130401 
Number is 16 
G.5.4_index_2_VS_G.1.1_index_2 [9] 
Ngay: 20130222,20130225,20130301,20130302,20130306,20130313,20130315,20130316,20130317,20130318,20130319,20130320,20130321,20130322,20130323,20130324,20130327,20130329,20130401 
Number is 17 
G.2.2_index_2_VS_G.1.1_index_3 [10] 
Ngay: 20130225,20130226,20130228,20130301,20130306,20130310,20130312,20130313,20130315,20130317,20130318,20130319,20130320,20130321,20130322,20130323,20130329,20130401 
Number is 20 
G.DB_index_5_VS_G.5.4_index_1 [11] 
Ngay: 20130226,20130227,20130305,20130306,20130307,20130312,20130318,20130319,20130320,20130321,20130322,20130323,20130325,20130329,20130331 
Number is 24 
G.DB_index_5_VS_G.3.4_index_5 [12] 
Ngay: 20130305,20130308,20130309,20130311,20130312,20130318,20130319,20130320,20130321,20130322,20130323,20130326,20130328,20130330,20130402 
Number is 26 
G.5.3_index_1_VS_G.7.1_index_1 [13] 
Ngay: 20130223,20130224,20130227,20130301,20130302,20130306,20130307,20130308,20130309,20130313,20130317,20130318,20130319,20130320,20130321,20130322,20130323,20130326,20130401,20130403 
Number is 27 
G.DB_index_4_VS_G.1.1_index_1 [14] 
Ngay: 20130224,20130225,20130228,20130304,20130310,20130312,20130313,20130318,20130319,20130320,20130321,20130322,20130323,20130327,20130328,20130330,20130401,20130403 
Number is 42 
G.3.2_index_1_VS_G.DB_index_3 [15] 
Ngay: 20130228,20130303,20130305,20130306,20130307,20130311,20130315,20130318,20130319,20130320,20130321,20130322,20130323,20130325,20130326,20130327,20130329,20130331,20130401,20130403 
Number is 46 
G.3.2_index_1_VS_G.3.6_index_5 [16] 
Ngay: 20130226,20130306,20130312,20130318,20130319,20130320,20130321,20130322,20130323,20130402 
Number is 47 
G.3.4_index_5_VS_G.1.1_index_1 [17] 
Ngay: 20130224,20130225,20130226,20130227,20130302,20130304,20130306,20130309,20130315,20130318,20130319,20130320,20130321,20130322,20130323,20130331,20130401,20130403 
Number is 50 
G.5.6_index_1_VS_G.5.1_index_2 [18] 
Ngay: 20130224,20130228,20130301,20130303,20130304,20130305,20130311,20130312,20130313,20130314,20130315,20130318,20130319,20130320,20130321,20130322,20130323,20130325,20130326,20130327,20130329,20130401,20130402 
Number is 54 
G.3.1_index_1_VS_G.6.2_index_1 [19] 
Ngay: 20130224,20130227,20130301,20130305,20130306,20130309,20130311,20130318,20130319,20130320,20130321,20130322,20130323,20130328,20130329,20130330 
Number is 57 
G.DB_index_1_VS_G.1.1_index_3 [20] 
Ngay: 20130224,20130225,20130301,20130306,20130310,20130315,20130316,20130318,20130319,20130320,20130321,20130322,20130323,20130324,20130325,20130326,20130331,20130401 
Number is 58 
G.3.1_index_1_VS_G.5.5_index_3 [21] 
Ngay: 20130222,20130228,20130306,20130309,20130311,20130312,20130313,20130318,20130319,20130320,20130321,20130322,20130323,20130327,20130329,20130330 
Number is 61 
G.3.6_index_5_VS_G.2.2_index_2 [22] 
Ngay: 20130222,20130223,20130225,20130301,20130308,20130311,20130313,20130317,20130318,20130319,20130320,20130321,20130322,20130323,20130327,20130329,20130403 
Number is 70 
G.1.1_index_1_VS_G.5.4_index_1 [23] 
Ngay: 20130222,20130223,20130225,20130226,20130227,20130302,20130304,20130306,20130310,20130311,20130314,20130318,20130319,20130320,20130321,20130322,20130323,20130324,20130325,20130327,20130328,20130330,20130331,20130403 
Number is 71 
G.3.1_index_4_VS_G.5.4_index_2 [24] 
Ngay: 20130302,20130303,20130307,20130313,20130318,20130319,20130320,20130321,20130322,20130323,20130325,20130329,20130330,20130401,20130402 
Number is 73 
G.1.1_index_4_VS_G.4.3_index_4 [25] 
Ngay: 20130222,20130223,20130228,20130301,20130302,20130304,20130309,20130310,20130314,20130317,20130318,20130319,20130320,20130321,20130322,20130323,20130328,20130329,20130330,20130331,20130401,20130403 
Number is 74 
G.5.5_index_1_VS_G.3.2_index_1 [26] 
Ngay: 20130227,20130302,20130309,20130310,20130313,20130317,20130318,20130319,20130320,20130321,20130322,20130323,20130324,20130329,20130331,20130401,20130403 
Number is 76 
G.1.1_index_1_VS_G.7.1_index_1 [27] 
Ngay: 20130223,20130224,20130225,20130226,20130302,20130304,20130305,20130311,20130313,20130318,20130319,20130320,20130321,20130322,20130323,20130326,20130402,20130403 
Number is 77 
G.1.1_index_3_VS_G.1.1_index_1 [28] 
Ngay: 20130223,20130225,20130226,20130228,20130305,20130306,20130308,20130312,20130313,20130316,20130318,20130319,20130320,20130321,20130322,20130323,20130331,20130403 
Number is 78 
G.1.1_index_1_VS_G.5.5_index_2 [29] 
Ngay: 20130224,20130227,20130228,20130301,20130302,20130304,20130306,20130309,20130315,20130318,20130319,20130320,20130321,20130322,20130323,20130325,20130326,20130327,20130331,20130401,20130402 
Number is 81 
G.3.6_index_3_VS_G.5.4_index_3 [30] 
Ngay: 20130222,20130223,20130228,20130302,20130304,20130305,20130308,20130309,20130311,20130313,20130314,20130317,20130318,20130319,20130320,20130321,20130322,20130323,20130329,20130401 
Number is 87 
G.3.6_index_3_VS_G.1.1_index_4 [31] 
Ngay: 20130224,20130225,20130226,20130228,20130306,20130307,20130308,20130310,20130314,20130315,20130317,20130318,20130319,20130320,20130321,20130322,20130323,20130326,20130331,20130401,20130403 
Number is 98 
G.5.2_index_2_VS_G.3.5_index_1 [32] 
Ngay: 20130223,20130224,20130226,20130301,20130302,20130305,20130308,20130310,20130314,20130315,20130316,20130317,20130318,20130319,20130320,20130321,20130322,20130323,20130328,20130330,20130401,20130403 
