======== Last: 20130404 ========= 
Number is 11 
G.5.2_index_3_VS_G.6.2_index_2 [1] 
Ngay: 20130223,20130224,20130225,20130227,20130301,20130305,20130312,20130318,20130321,20130322,20130323,20130324,20130325,20130326,20130329,20130330,20130402,20130403 
Number is 15 
G.6.2_index_2_VS_G.3.4_index_3 [2] 
Ngay: 20130224,20130225,20130302,20130303,20130308,20130309,20130310,20130312,20130316,20130318,20130321,20130322,20130323,20130324,20130325,20130326,20130329 
Number is 20 
G.4.1_index_2_VS_G.5.4_index_1 [3] 
Ngay: 20130225,20130226,20130227,20130228,20130301,20130302,20130306,20130309,20130312,20130313,20130318,20130321,20130322,20130323,20130324,20130325,20130326,20130327,20130328,20130331,20130402,20130403 
Number is 22 
G.4.1_index_2_VS_G.3.5_index_5 [4] 
Ngay: 20130226,20130227,20130301,20130302,20130303,20130306,20130307,20130308,20130310,20130311,20130312,20130313,20130314,20130319,20130321,20130322,20130323,20130324,20130325,20130326,20130327,20130328,20130402 
Number is 23 
G.DB_index_4_VS_G.4.1_index_3 [5] 
Ngay: 20130222,20130228,20130301,20130304,20130309,20130313,20130316,20130318,20130321,20130322,20130323,20130324,20130325,20130326,20130327,20130401 
G.6.2_index_3_VS_G.4.3_index_1 [6] 
Ngay: 20130224,20130225,20130226,20130301,20130306,20130309,20130311,20130314,20130319,20130320,20130321,20130322,20130323,20130324,20130325,20130326,20130402 
Number is 28 
G.3.2_index_5_VS_G.3.5_index_1 [7] 
Ngay: 20130222,20130225,20130226,20130302,20130304,20130308,20130309,20130311,20130314,20130315,20130321,20130322,20130323,20130324,20130325,20130326,20130328,20130330,20130403 
Number is 30 
G.4.4_index_1_VS_G.4.1_index_4 [8] 
Ngay: 20130224,20130228,20130301,20130302,20130305,20130307,20130308,20130310,20130312,20130314,20130315,20130316,20130318,20130319,20130321,20130322,20130323,20130324,20130325,20130326,20130329,20130330,20130331,20130403 
Number is 32 
G.7.3_index_1_VS_G.3.4_index_2 [9] 
Ngay: 20130222,20130226,20130228,20130301,20130302,20130303,20130307,20130309,20130311,20130312,20130313,20130314,20130319,20130320,20130321,20130322,20130323,20130324,20130325,20130326,20130329,20130331,20130403 
Number is 44 
G.2.2_index_5_VS_G.5.3_index_2 [10] 
Ngay: 20130223,20130227,20130304,20130305,20130309,20130310,20130314,20130319,20130320,20130321,20130322,20130323,20130324,20130325,20130326,20130401 
G.2.2_index_5_VS_G.3.4_index_5 [11] 
Ngay: 20130222,20130226,20130228,20130304,20130305,20130310,20130311,20130314,20130320,20130321,20130322,20130323,20130324,20130325,20130326,20130327,20130329,20130330 
Number is 48 
G.3.4_index_5_VS_G.4.2_index_3 [12] 
Ngay: 20130222,20130223,20130224,20130225,20130228,20130304,20130308,20130310,20130313,20130315,20130319,20130320,20130321,20130322,20130323,20130324,20130325,20130326,20130328,20130330,20130331,20130401,20130402 
Number is 54 
G.7.4_index_2_VS_G.5.6_index_2 [13] 
Ngay: 20130223,20130224,20130225,20130228,20130302,20130304,20130306,20130307,20130309,20130310,20130311,20130313,20130314,20130315,20130319,20130320,20130321,20130322,20130323,20130324,20130325,20130326,20130328,20130329,20130330 
Number is 57 
G.DB_index_1_VS_G.1.1_index_3 [14] 
Ngay: 20130224,20130225,20130301,20130306,20130310,20130315,20130316,20130318,20130319,20130320,20130321,20130322,20130323,20130324,20130325,20130326,20130331,20130401 
Number is 65 
G.3.6_index_2_VS_G.3.4_index_1 [15] 
Ngay: 20130224,20130225,20130226,20130302,20130304,20130307,20130308,20130310,20130315,20130316,20130317,20130319,20130321,20130322,20130323,20130324,20130325,20130326,20130328,20130329,20130331 
Number is 67 
G.5.6_index_3_VS_G.1.1_index_3 [16] 
Ngay: 20130222,20130223,20130224,20130225,20130226,20130228,20130302,20130305,20130306,20130307,20130310,20130314,20130316,20130320,20130321,20130322,20130323,20130324,20130325,20130326,20130327,20130329 
Number is 71 
G.1.1_index_1_VS_G.3.5_index_2 [17] 
Ngay: 20130223,20130224,20130226,20130302,20130308,20130311,20130313,20130315,20130317,20130319,20130320,20130321,20130322,20130323,20130324,20130325,20130326,20130402 
Number is 74 
G.5.5_index_1_VS_G.3.4_index_5 [18] 
Ngay: 20130222,20130223,20130224,20130225,20130226,20130228,20130301,20130302,20130310,20130311,20130315,20130318,20130320,20130321,20130322,20130323,20130324,20130325,20130326,20130327,20130328,20130329,20130330,20130401 
Number is 85 
G.4.2_index_3_VS_G.3.4_index_1 [19] 
Ngay: 20130226,20130228,20130301,20130303,20130304,20130306,20130312,20130313,20130314,20130316,20130319,20130320,20130321,20130322,20130323,20130324,20130325,20130326,20130329,20130401,20130402,20130403 
Number is 86 
G.5.5_index_2_VS_G.3.6_index_5 [20] 
Ngay: 20130224,20130226,20130228,20130301,20130304,20130309,20130310,20130311,20130315,20130319,20130321,20130322,20130323,20130324,20130325,20130326,20130328,20130330,20130403 
Number is 98 
G.2.2_index_1_VS_G.3.5_index_1 [21] 
Ngay: 20130222,20130224,20130226,20130227,20130228,20130303,20130304,20130305,20130310,20130314,20130315,20130316,20130319,20130321,20130322,20130323,20130324,20130325,20130326,20130327,20130401,20130403 
