======== Current: 20120402 ========= 
Number is 02 
G.3.1_index_5_VS_G.3.3_index_5 [1] 
20120321,20120322,20120327,20120328,20120329,20120330,20120331,20120401,20120404,20120405,20120406,20120407,20120412,20120420,20120423,20120425,20120429,20120501 
Number is 04 
G.3.5_index_3_VS_G.2.1_index_2 [2] 
20120320,20120322,20120323,20120324,20120326,20120327,20120328,20120329,20120330,20120331,20120401,20120403,20120404,20120408,20120410,20120412,20120416,20120421,20120424,20120425,20120426,20120430,20120501 
Number is 11 
G.3.4_index_4_VS_G.4.1_index_3 [3] 
20120321,20120323,20120324,20120326,20120327,20120328,20120329,20120330,20120331,20120401,20120404,20120405,20120412,20120413,20120415,20120416,20120422,20120423,20120424,20120426,20120429,20120501 
Number is 12 
G.4.1_index_3_VS_G.2.2_index_1 [4] 
20120321,20120322,20120324,20120327,20120328,20120329,20120330,20120331,20120401,20120403,20120405,20120409,20120411,20120412,20120413,20120414,20120415,20120417,20120418,20120419,20120422 
Number is 13 
G.4.1_index_3_VS_G.3.4_index_5 [5] PLUS 1 
20120321,20120322,20120323,20120324,20120326,20120327,20120328,20120329,20120330,20120331,20120401,20120402,20120404,20120405,20120407,20120409,20120410,20120411,20120412,20120413,20120414,20120415,20120417,20120418,20120420,20120421,20120422,20120423,20120425,20120426,20120430,20120501 
Number is 14 
G.7.1_index_1_VS_G.2.2_index_4 [6] PLUS 1 
20120321,20120324,20120327,20120328,20120329,20120330,20120331,20120401,20120402,20120406,20120411,20120412,20120413,20120416,20120421,20120422,20120423,20120428,20120430 
Number is 19 
G.7.1_index_1_VS_G.5.3_index_3 [7] PLUS 1 
20120320,20120322,20120323,20120327,20120328,20120329,20120330,20120331,20120401,20120402,20120403,20120405,20120406,20120407,20120408,20120416,20120420,20120423,20120424,20120425,20120428,20120429,20120430 
G.5.2_index_1_VS_G.1.1_index_4 [8] PLUS 1 
20120320,20120326,20120327,20120328,20120329,20120330,20120331,20120401,20120402,20120403,20120404,20120407,20120411,20120413,20120414,20120418,20120419,20120421,20120422,20120423,20120424,20120426,20120429,20120430 
Number is 20 
G.3.3_index_5_VS_G.DB_index_5 [9] 
20120325,20120327,20120328,20120329,20120330,20120331,20120401,20120404,20120406,20120411,20120413,20120415,20120417,20120418,20120420,20120422,20120423,20120427,20120429 
Number is 29 
G.5.1_index_3_VS_G.5.3_index_3 [10] 
20120321,20120322,20120327,20120328,20120329,20120330,20120331,20120401,20120403,20120406,20120407,20120408,20120409,20120411,20120413,20120419,20120420,20120421,20120423,20120424,20120427,20120428 
G.2.2_index_1_VS_G.1.1_index_4 [11] 
20120323,20120324,20120327,20120328,20120329,20120330,20120331,20120401,20120403,20120404,20120405,20120409,20120412,20120417,20120421,20120430 
Number is 44 
G.2.1_index_2_VS_G.3.6_index_1 [12] 
20120320,20120327,20120328,20120329,20120330,20120331,20120401,20120403,20120404,20120405,20120409,20120412,20120416,20120423,20120427 
Number is 51 
G.3.6_index_3_VS_G.4.1_index_3 [13] PLUS 1 
20120320,20120321,20120323,20120324,20120326,20120327,20120328,20120329,20120330,20120331,20120401,20120402,20120403,20120405,20120406,20120408,20120410,20120412,20120414,20120417,20120418,20120420,20120421,20120422,20120424,20120425,20120427,20120429,20120430,20120501 
Number is 55 
G.1.1_index_1_VS_G.4.3_index_1 [14] PLUS 1 
20120323,20120325,20120326,20120327,20120328,20120329,20120330,20120331,20120401,20120402,20120405,20120408,20120409,20120411,20120416,20120420,20120421,20120422,20120423,20120424,20120426,20120429,20120501 
Number is 67 
G.5.1_index_4_VS_G.4.2_index_2 [15] 
20120320,20120322,20120325,20120327,20120328,20120329,20120330,20120331,20120401,20120405,20120410,20120412,20120414,20120415,20120418,20120419,20120422,20120423,20120427,20120429,20120430,20120501 
Number is 70 
G.5.4_index_3_VS_G.DB_index_5 [16] PLUS 1 
20120321,20120324,20120325,20120327,20120328,20120329,20120330,20120331,20120401,20120402,20120404,20120406,20120410,20120415,20120417,20120419,20120427,20120429 
Number is 75 
G.6.2_index_2_VS_G.4.3_index_1 [17] PLUS 1 
20120324,20120325,20120326,20120327,20120328,20120329,20120330,20120331,20120401,20120402,20120405,20120410,20120411,20120416,20120417,20120418,20120419,20120423,20120424,20120425,20120428,20120429,20120430 
Number is 80 
G.4.2_index_3_VS_G.7.3_index_1 [18] 
20120320,20120324,20120326,20120327,20120328,20120329,20120330,20120331,20120401,20120406,20120409,20120410,20120417,20120419,20120426,20120428 
Number is 91 
G.5.3_index_3_VS_G.5.2_index_1 [19] PLUS 1 
20120320,20120323,20120324,20120326,20120327,20120328,20120329,20120330,20120331,20120401,20120402,20120404,20120405,20120407,20120411,20120412,20120413,20120415,20120416,20120419,20120420,20120422,20120423,20120424,20120425,20120426,20120427,20120429 
Number is 92 
G.1.1_index_4_VS_G.5.1_index_3 [20] 
20120320,20120323,20120324,20120327,20120328,20120329,20120330,20120331,20120401,20120405,20120407,20120409,20120410,20120411,20120412,20120413,20120416,20120419,20120420,20120421,20120422,20120425,20120429,20120430 
Number is 93 
G.5.3_index_3_VS_G.2.1_index_1 [21] 
20120320,20120321,20120322,20120323,20120327,20120328,20120329,20120330,20120331,20120401,20120403,20120407,20120408,20120410,20120413,20120416,20120417,20120418,20120419,20120420,20120424,20120428,20120429 
G.6.1_index_3_VS_G.6.3_index_3 [22] 
20120320,20120326,20120327,20120328,20120329,20120330,20120331,20120401,20120403,20120405,20120407,20120409,20120410,20120415,20120417,20120418,20120419,20120420,20120423,20120424,20120425,20120501 
