======== Current: 20120407 ========= 
Number is 06 
G.2.1_index_3_VS_G.5.1_index_1 [1] PLUS 1 
20120320,20120326,20120328,20120330,20120401,20120402,20120403,20120404,20120405,20120406,20120407,20120411,20120412,20120414,20120424,20120426,20120429,20120501 
Number is 10 
G.4.2_index_2_VS_G.4.1_index_2 [2] 
20120322,20120323,20120324,20120326,20120329,20120330,20120401,20120402,20120403,20120404,20120405,20120406,20120408,20120410,20120415,20120419,20120425,20120426,20120427,20120428,20120430 
Number is 11 
G.4.2_index_2_VS_G.3.4_index_3 [3] PLUS 1 
20120320,20120322,20120325,20120326,20120327,20120328,20120329,20120330,20120401,20120402,20120403,20120404,20120405,20120406,20120407,20120408,20120413,20120414,20120415,20120416,20120420,20120424,20120425,20120430,20120501 
Number is 12 
G.4.2_index_4_VS_G.7.1_index_1 [4] 
20120320,20120321,20120327,20120330,20120331,20120401,20120402,20120403,20120404,20120405,20120406,20120413,20120414,20120419,20120420,20120422,20120423,20120426,20120430,20120501 
Number is 14 
G.4.2_index_2_VS_G.6.1_index_3 [5] 
20120320,20120331,20120401,20120402,20120403,20120404,20120405,20120406,20120412,20120414,20120416,20120425,20120428,20120430 
Number is 15 
G.4.2_index_2_VS_G.4.1_index_3 [6] 
20120322,20120323,20120326,20120328,20120330,20120331,20120401,20120402,20120403,20120404,20120405,20120406,20120408,20120413,20120414,20120418,20120419,20120422,20120424,20120429,20120501 
Number is 18 
G.4.2_index_2_VS_G.4.4_index_2 [7] PLUS 1 
20120324,20120326,20120327,20120328,20120329,20120330,20120401,20120402,20120403,20120404,20120405,20120406,20120407,20120408,20120414,20120415,20120421,20120424,20120425,20120426,20120428,20120430 
Number is 21 
G.3.5_index_4_VS_G.4.3_index_2 [8] 
20120322,20120326,20120330,20120401,20120402,20120403,20120404,20120405,20120406,20120409,20120413,20120416,20120419,20120422,20120425,20120427,20120428,20120429 
Number is 23 
G.2.2_index_4_VS_G.3.6_index_3 [9] PLUS 1 
20120320,20120322,20120323,20120401,20120402,20120403,20120404,20120405,20120406,20120407,20120408,20120410,20120412,20120413,20120417,20120419,20120421,20120425,20120428,20120429,20120501 
Number is 27 
G.DB_index_4_VS_G.4.4_index_4 [10] 
20120322,20120323,20120324,20120325,20120327,20120330,20120331,20120401,20120402,20120403,20120404,20120405,20120406,20120409,20120411,20120414,20120415,20120416,20120418,20120420,20120423,20120424,20120426,20120427,20120428,20120501 
Number is 29 
G.1.1_index_1_VS_G.4.3_index_4 [11] 
20120326,20120328,20120329,20120331,20120401,20120402,20120403,20120404,20120405,20120406,20120409,20120411,20120413,20120414,20120416,20120421,20120423,20120426,20120429,20120501 
Number is 31 
G.3.6_index_3_VS_G.3.4_index_3 [12] 
20120320,20120321,20120322,20120324,20120325,20120326,20120328,20120401,20120402,20120403,20120404,20120405,20120406,20120408,20120409,20120410,20120412,20120417,20120421,20120422,20120425,20120427,20120429,20120501 
G.3.4_index_4_VS_G.4.2_index_4 [13] 
20120323,20120324,20120326,20120401,20120402,20120403,20120404,20120405,20120406,20120411,20120416,20120418,20120419,20120422,20120425,20120426,20120428,20120501 
Number is 32 
G.3.1_index_3_VS_G.2.2_index_4 [14] PLUS 1 
20120320,20120323,20120325,20120327,20120328,20120329,20120330,20120401,20120402,20120403,20120404,20120405,20120406,20120407,20120409,20120410,20120411,20120412,20120414,20120416,20120417,20120419,20120430 
G.3.6_index_3_VS_G.3.2_index_1 [15] PLUS 1 
20120320,20120322,20120323,20120324,20120328,20120401,20120402,20120403,20120404,20120405,20120406,20120407,20120409,20120411,20120412,20120414,20120416,20120420,20120421,20120429,20120501 
G.3.4_index_4_VS_G.1.1_index_1 [16] PLUS 1 
20120320,20120321,20120322,20120328,20120330,20120401,20120402,20120403,20120404,20120405,20120406,20120407,20120409,20120413,20120415,20120420,20120422,20120423,20120425,20120426,20120429,20120501 
Number is 33 
G.7.2_index_1_VS_G.4.3_index_3 [17] PLUS 1 
20120327,20120330,20120401,20120402,20120403,20120404,20120405,20120406,20120407,20120408,20120410,20120411,20120414,20120415,20120416,20120420,20120421,20120426,20120427,20120430,20120501 
Number is 35 
G.3.6_index_3_VS_G.DB_index_1 [18] 
20120321,20120325,20120326,20120327,20120401,20120402,20120403,20120404,20120405,20120406,20120408,20120410,20120412,20120413,20120417,20120419,20120421,20120424,20120425,20120427,20120428,20120429,20120501 
Number is 37 
G.7.2_index_1_VS_G.4.3_index_1 [19] PLUS 1 
20120324,20120329,20120330,20120331,20120401,20120402,20120403,20120404,20120405,20120406,20120407,20120408,20120409,20120417,20120418,20120423,20120424,20120427 
G.4.3_index_3_VS_G.4.3_index_1 [20] PLUS 1 
20120323,20120324,20120325,20120331,20120401,20120402,20120403,20120404,20120405,20120406,20120407,20120409,20120414,20120416,20120417,20120421,20120422,20120424,20120427,20120428,20120429,20120430 
Number is 63 
G.3.6_index_5_VS_G.4.3_index_3 [21] 
20120322,20120324,20120326,20120327,20120330,20120331,20120401,20120402,20120403,20120404,20120405,20120406,20120410,20120411,20120414,20120420,20120421,20120422,20120423,20120425,20120429,20120430 
Number is 74 
G.4.3_index_1_VS_G.7.2_index_2 [22] 
20120320,20120323,20120326,20120327,20120328,20120331,20120401,20120402,20120403,20120404,20120405,20120406,20120408,20120409,20120411,20120412,20120414,20120422,20120424,20120427,20120428 
Number is 90 
G.7.3_index_2_VS_G.5.3_index_3 [23] 
20120320,20120322,20120327,20120328,20120331,20120401,20120402,20120403,20120404,20120405,20120406,20120409,20120410,20120415,20120420,20120421,20120422,20120425,20120428 
Number is 97 
G.5.5_index_2_VS_G.4.3_index_1 [24] 
20120320,20120321,20120322,20120323,20120325,20120326,20120327,20120328,20120330,20120401,20120402,20120403,20120404,20120405,20120406,20120408,20120411,20120413,20120414,20120422,20120423,20120424,20120426,20120427,20120428,20120429,20120430,20120501 
