======== Current: 20120414 ========= 
Number is 05 
G.4.3_index_4_VS_G.3.5_index_2 [1] 
20120320,20120321,20120329,20120330,20120331,20120404,20120407,20120408,20120409,20120410,20120411,20120412,20120413,20120416,20120419,20120420,20120421,20120422,20120425,20120426,20120430 
Number is 13 
G.DB_index_4_VS_G.3.6_index_5 [2] 
20120320,20120321,20120322,20120323,20120324,20120325,20120326,20120327,20120401,20120403,20120404,20120408,20120409,20120410,20120411,20120412,20120413,20120416,20120417,20120418,20120419,20120425,20120426,20120427,20120430,20120501 
G.4.4_index_4_VS_G.3.6_index_5 [3] 
20120320,20120321,20120322,20120326,20120329,20120330,20120331,20120402,20120404,20120405,20120407,20120408,20120409,20120410,20120411,20120412,20120413,20120416,20120417,20120420,20120422,20120423,20120427 
Number is 16 
G.4.4_index_4_VS_G.7.1_index_2 [4] PLUS 1 
20120323,20120324,20120326,20120327,20120329,20120330,20120331,20120408,20120409,20120410,20120411,20120412,20120413,20120414,20120415,20120416,20120418,20120420,20120421,20120422,20120423,20120425,20120426,20120427,20120428,20120430,20120501 
Number is 17 
G.6.3_index_3_VS_G.6.3_index_1 [5] 
20120320,20120324,20120328,20120330,20120402,20120403,20120404,20120405,20120407,20120408,20120409,20120410,20120411,20120412,20120413,20120419,20120422,20120423,20120425,20120428,20120501 
G.4.3_index_2_VS_G.4.2_index_3 [6] 
20120320,20120324,20120326,20120328,20120403,20120405,20120408,20120409,20120410,20120411,20120412,20120413,20120416,20120417,20120422,20120425,20120428,20120430 
Number is 26 
G.3.3_index_3_VS_G.3.1_index_1 [7] PLUS 1 
20120325,20120328,20120329,20120330,20120402,20120403,20120405,20120406,20120407,20120408,20120409,20120410,20120411,20120412,20120413,20120414,20120423,20120424,20120425,20120426,20120427,20120429,20120501 
Number is 32 
G.4.1_index_3_VS_G.5.6_index_3 [8] PLUS 1 
20120321,20120322,20120323,20120329,20120331,20120403,20120404,20120407,20120408,20120409,20120410,20120411,20120412,20120413,20120414,20120416,20120418,20120423,20120424,20120425,20120429 
G.3.3_index_4_VS_G.3.3_index_3 [9] PLUS 1 
20120323,20120325,20120326,20120329,20120330,20120405,20120408,20120409,20120410,20120411,20120412,20120413,20120414,20120420,20120422,20120427,20120428,20120429,20120430 
Number is 33 
G.4.1_index_3_VS_G.3.6_index_5 [10] 
20120321,20120324,20120326,20120327,20120329,20120331,20120401,20120407,20120408,20120409,20120410,20120411,20120412,20120413,20120416,20120418,20120422,20120426 
Number is 36 
G.3.5_index_1_VS_G.7.1_index_2 [11] PLUS 1 
20120320,20120321,20120325,20120327,20120329,20120330,20120331,20120403,20120405,20120407,20120408,20120409,20120410,20120411,20120412,20120413,20120414,20120419,20120420,20120425,20120426 
Number is 38 
G.2.1_index_5_VS_G.3.4_index_4 [12] 
20120321,20120328,20120330,20120331,20120404,20120405,20120406,20120408,20120409,20120410,20120411,20120412,20120413,20120415,20120416,20120417,20120423,20120424,20120425,20120429,20120430,20120501 
Number is 63 
G.DB_index_2_VS_G.4.1_index_3 [13] PLUS 1 
20120322,20120326,20120329,20120330,20120331,20120408,20120409,20120410,20120411,20120412,20120413,20120414,20120415,20120416,20120417,20120422,20120424,20120427,20120428,20120429,20120501 
Number is 69 
G.5.3_index_2_VS_G.2.2_index_1 [14] PLUS 1 
20120321,20120322,20120323,20120325,20120329,20120401,20120404,20120405,20120407,20120408,20120409,20120410,20120411,20120412,20120413,20120414,20120415,20120417,20120418,20120425,20120427,20120430 
Number is 73 
G.3.2_index_4_VS_G.3.5_index_1 [15] PLUS 1 
20120321,20120323,20120324,20120326,20120327,20120328,20120403,20120405,20120407,20120408,20120409,20120410,20120411,20120412,20120413,20120414,20120415,20120416,20120418,20120421,20120423,20120425,20120427,20120430 
Number is 93 
G.2.1_index_2_VS_G.3.3_index_4 [16] PLUS 1 
20120322,20120326,20120328,20120329,20120330,20120331,20120403,20120404,20120406,20120408,20120409,20120410,20120411,20120412,20120413,20120414,20120417,20120419,20120422,20120423,20120424,20120427,20120429,20120430,20120501 
Number is 95 
G.3.6_index_2_VS_G.2.1_index_3 [17] PLUS 1 
20120321,20120323,20120326,20120328,20120329,20120402,20120403,20120404,20120405,20120407,20120408,20120409,20120410,20120411,20120412,20120413,20120414,20120415,20120417,20120421,20120424,20120425,20120426,20120428,20120501 
Number is 97 
G.3.3_index_5_VS_G.4.2_index_3 [18] 
20120321,20120322,20120324,20120328,20120330,20120401,20120408,20120409,20120410,20120411,20120412,20120413,20120415,20120417,20120421,20120422,20120423,20120424,20120501 
G.2.2_index_1_VS_G.4.2_index_3 [19] 
20120320,20120322,20120324,20120326,20120328,20120329,20120407,20120408,20120409,20120410,20120411,20120412,20120413,20120420,20120428 
