======== Current: 20120417 ========= 
Number is 11 
G.3.5_index_2_VS_G.3.4_index_5 [1] 
20120320,20120328,20120329,20120330,20120407,20120409,20120411,20120412,20120413,20120414,20120415,20120416,20120420,20120422,20120423,20120425,20120426,20120428,20120429,20120430,20120501 
G.3.4_index_2_VS_G.3.5_index_2 [2] 
20120325,20120326,20120329,20120330,20120401,20120406,20120407,20120409,20120411,20120412,20120413,20120414,20120415,20120416,20120419,20120422,20120423,20120427 
Number is 13 
G.3.4_index_2_VS_G.4.1_index_2 [3] PLUS 1 
20120326,20120328,20120329,20120406,20120407,20120411,20120412,20120413,20120414,20120415,20120416,20120417,20120419,20120420,20120422,20120424,20120427,20120428,20120501 
Number is 18 
G.3.2_index_4_VS_G.3.5_index_1 [4] 
20120321,20120323,20120324,20120326,20120327,20120328,20120403,20120405,20120407,20120408,20120409,20120410,20120411,20120412,20120413,20120414,20120415,20120416,20120418,20120421,20120423,20120425,20120427,20120430 
Number is 19 
G.3.5_index_2_VS_G.3.3_index_1 [5] PLUS 1 
20120320,20120323,20120402,20120406,20120407,20120409,20120411,20120412,20120413,20120414,20120415,20120416,20120417,20120418,20120419,20120420,20120424,20120425,20120426,20120428,20120429,20120501 
Number is 22 
G.3.1_index_1_VS_G.3.6_index_2 [6] 
20120322,20120323,20120326,20120328,20120330,20120406,20120407,20120411,20120412,20120413,20120414,20120415,20120416,20120418,20120421,20120425,20120426,20120427 
G.5.4_index_3_VS_G.4.1_index_4 [7] 
20120321,20120323,20120324,20120326,20120330,20120401,20120405,20120407,20120411,20120412,20120413,20120414,20120415,20120416,20120419,20120421,20120425,20120426,20120430 
Number is 27 
G.3.6_index_5_VS_G.1.1_index_1 [8] 
20120322,20120323,20120325,20120326,20120328,20120401,20120402,20120405,20120408,20120411,20120412,20120413,20120414,20120415,20120416,20120421,20120423,20120426,20120429,20120501 
Number is 30 
G.3.5_index_3_VS_G.7.4_index_1 [9] 
20120321,20120323,20120325,20120329,20120404,20120410,20120411,20120412,20120413,20120414,20120415,20120416,20120424,20120425,20120426 
Number is 36 
G.4.1_index_2_VS_G.4.4_index_4 [10] PLUS 1 
20120320,20120321,20120325,20120330,20120331,20120402,20120404,20120407,20120409,20120410,20120411,20120412,20120413,20120414,20120415,20120416,20120417,20120420,20120421,20120422,20120423,20120424,20120425,20120427,20120428,20120429,20120430,20120501 
Number is 37 
G.4.1_index_3_VS_G.5.3_index_1 [11] PLUS 1 
20120321,20120325,20120326,20120327,20120328,20120331,20120401,20120402,20120403,20120406,20120407,20120408,20120410,20120411,20120412,20120413,20120414,20120415,20120416,20120417,20120418,20120425,20120427,20120501 
Number is 43 
G.DB_index_2_VS_G.4.1_index_3 [12] PLUS 1 
20120322,20120326,20120329,20120330,20120331,20120408,20120409,20120410,20120411,20120412,20120413,20120414,20120415,20120416,20120417,20120422,20120424,20120427,20120428,20120429,20120501 
Number is 53 
G.5.2_index_1_VS_G.2.1_index_2 [13] 
20120326,20120328,20120330,20120331,20120401,20120402,20120405,20120411,20120412,20120413,20120414,20120415,20120416,20120418,20120419,20120423,20120425,20120427,20120429,20120430 
Number is 57 
G.6.1_index_3_VS_G.3.3_index_4 [14] 
20120320,20120326,20120329,20120330,20120403,20120405,20120408,20120411,20120412,20120413,20120414,20120415,20120416,20120419,20120421,20120422,20120424,20120425,20120426,20120427 
Number is 67 
G.4.4_index_4_VS_G.7.1_index_2 [15] 
20120323,20120324,20120326,20120327,20120329,20120330,20120331,20120408,20120409,20120410,20120411,20120412,20120413,20120414,20120415,20120416,20120418,20120420,20120421,20120422,20120423,20120425,20120426,20120427,20120428,20120430,20120501 
Number is 73 
G.7.4_index_2_VS_G.5.2_index_4 [16] PLUS 1 
20120320,20120323,20120326,20120328,20120330,20120331,20120401,20120403,20120405,20120406,20120407,20120410,20120411,20120412,20120413,20120414,20120415,20120416,20120417,20120420,20120422,20120426,20120429,20120430,20120501 
Number is 76 
G.7.1_index_2_VS_G.6.2_index_2 [17] 
20120323,20120324,20120325,20120329,20120330,20120401,20120402,20120411,20120412,20120413,20120414,20120415,20120416,20120419,20120421,20120426,20120427,20120428,20120430 
Number is 88 
G.3.5_index_1_VS_G.3.5_index_4 [18] 
20120323,20120325,20120330,20120402,20120403,20120404,20120405,20120407,20120408,20120411,20120412,20120413,20120414,20120415,20120416,20120421,20120422,20120424,20120425,20120426,20120427,20120428,20120429 
Number is 94 
G.2.1_index_5_VS_G.DB_index_2 [19] PLUS 1 
20120320,20120322,20120323,20120324,20120330,20120402,20120403,20120404,20120406,20120410,20120411,20120412,20120413,20120414,20120415,20120416,20120417,20120421,20120426,20120429,20120430,20120501 
Number is 99 
G.2.1_index_5_VS_G.3.6_index_3 [20] 
20120320,20120321,20120326,20120328,20120330,20120402,20120404,20120406,20120409,20120411,20120412,20120413,20120414,20120415,20120416,20120418,20120420,20120422,20120426,20120429,20120501 
