======== Current: 20120424 ========= 
Number is 04 
G.3.6_index_3_VS_G.1.1_index_2 [1] 
20120321,20120322,20120323,20120324,20120325,20120326,20120330,20120402,20120404,20120406,20120407,20120409,20120410,20120411,20120413,20120416,20120417,20120418,20120419,20120420,20120421,20120422,20120423,20120425,20120426 
Number is 07 
G.2.1_index_4_VS_G.3.3_index_3 [2] 
20120322,20120323,20120324,20120325,20120328,20120329,20120330,20120405,20120408,20120410,20120411,20120412,20120415,20120418,20120419,20120420,20120421,20120422,20120423,20120425,20120427 
Number is 17 
G.5.4_index_3_VS_G.1.1_index_3 [3] 
20120320,20120321,20120323,20120324,20120329,20120331,20120405,20120406,20120407,20120408,20120410,20120413,20120414,20120415,20120416,20120418,20120419,20120420,20120421,20120422,20120423,20120425,20120430 
Number is 24 
G.2.2_index_5_VS_G.7.1_index_2 [4] 
20120322,20120325,20120327,20120329,20120330,20120403,20120406,20120409,20120413,20120414,20120415,20120417,20120418,20120419,20120420,20120421,20120422,20120423,20120427,20120428 
Number is 28 
G.3.4_index_4_VS_G.6.1_index_3 [5] PLUS 1 
20120321,20120327,20120330,20120331,20120401,20120402,20120405,20120409,20120413,20120415,20120418,20120419,20120420,20120421,20120422,20120423,20120424,20120427,20120430,20120501 
Number is 30 
G.6.3_index_1_VS_G.2.1_index_4 [6] 
20120321,20120322,20120325,20120331,20120403,20120405,20120407,20120408,20120417,20120418,20120419,20120420,20120421,20120422,20120423,20120501 
G.5.5_index_1_VS_G.7.3_index_1 [7] 
20120320,20120321,20120325,20120326,20120405,20120406,20120407,20120415,20120418,20120419,20120420,20120421,20120422,20120423,20120427 
Number is 33 
G.5.5_index_1_VS_G.2.2_index_4 [8] 
20120320,20120321,20120323,20120325,20120330,20120404,20120405,20120407,20120409,20120412,20120413,20120416,20120418,20120419,20120420,20120421,20120422,20120423,20120425,20120427,20120428,20120501 
G.5.5_index_1_VS_G.5.4_index_1 [9] 
20120324,20120325,20120326,20120328,20120403,20120405,20120408,20120410,20120413,20120415,20120418,20120419,20120420,20120421,20120422,20120423,20120425,20120427,20120428,20120430 
Number is 34 
G.4.4_index_3_VS_G.7.1_index_2 [10] 
20120320,20120322,20120323,20120324,20120327,20120329,20120401,20120404,20120407,20120409,20120412,20120413,20120416,20120418,20120419,20120420,20120421,20120422,20120423,20120428,20120430 
Number is 37 
G.5.4_index_1_VS_G.5.2_index_1 [11] PLUS 1 
20120323,20120324,20120326,20120328,20120329,20120403,20120405,20120411,20120412,20120414,20120415,20120417,20120418,20120419,20120420,20120421,20120422,20120423,20120424,20120425,20120427,20120428,20120430 
Number is 43 
G.1.1_index_5_VS_G.5.3_index_4 [12] 
20120320,20120321,20120329,20120331,20120410,20120411,20120414,20120415,20120417,20120418,20120419,20120420,20120421,20120422,20120423,20120427,20120430 
Number is 45 
G.1.1_index_5_VS_G.5.1_index_2 [13] PLUS 1 
20120321,20120323,20120326,20120329,20120331,20120406,20120411,20120412,20120415,20120417,20120418,20120419,20120420,20120421,20120422,20120423,20120424,20120427,20120428,20120429 
Number is 53 
G.7.1_index_1_VS_G.5.3_index_4 [14] 
20120320,20120321,20120322,20120324,20120326,20120329,20120331,20120401,20120405,20120406,20120413,20120414,20120416,20120418,20120419,20120420,20120421,20120422,20120423,20120425,20120427,20120429 
Number is 54 
G.4.3_index_2_VS_G.4.2_index_1 [15] PLUS 1 
20120322,20120327,20120331,20120402,20120403,20120405,20120409,20120417,20120418,20120419,20120420,20120421,20120422,20120423,20120424,20120427,20120430,20120501 
Number is 73 
G.5.2_index_3_VS_G.3.5_index_4 [16] PLUS 1 
20120321,20120323,20120331,20120401,20120402,20120404,20120406,20120408,20120412,20120414,20120416,20120418,20120419,20120420,20120421,20120422,20120423,20120424,20120425,20120428,20120429 
Number is 87 
G.6.2_index_1_VS_G.5.2_index_1 [17] PLUS 1 
20120322,20120324,20120325,20120326,20120327,20120328,20120330,20120401,20120405,20120407,20120408,20120411,20120413,20120418,20120419,20120420,20120421,20120422,20120423,20120424,20120425,20120430 
Number is 89 
G.6.2_index_1_VS_G.5.6_index_4 [18] 
20120326,20120327,20120328,20120401,20120404,20120405,20120409,20120411,20120414,20120415,20120417,20120418,20120419,20120420,20120421,20120422,20120423,20120427,20120428,20120501 
Number is 92 
G.3.2_index_3_VS_G.5.3_index_3 [19] 
20120320,20120322,20120324,20120326,20120327,20120329,20120402,20120403,20120406,20120407,20120411,20120413,20120415,20120418,20120419,20120420,20120421,20120422,20120423,20120425,20120426,20120428,20120429,20120430 
Number is 94 
G.5.6_index_4_VS_G.7.1_index_2 [20] 
20120323,20120324,20120327,20120401,20120404,20120406,20120407,20120409,20120411,20120413,20120414,20120415,20120418,20120419,20120420,20120421,20120422,20120423,20120428 
