======== Current: 20120429 ========= 
Number is 22 
G.4.3_index_1_VS_G.3.1_index_1 [1] 
20120320,20120324,20120325,20120326,20120327,20120328,20120329,20120331,20120401,20120402,20120405,20120406,20120409,20120414,20120415,20120416,20120420,20120423,20120424,20120425,20120426,20120427,20120428,20120501 
Number is 29 
G.3.1_index_1_VS_G.1.1_index_4 [2] PLUS 1 
20120324,20120330,20120331,20120405,20120406,20120413,20120414,20120418,20120420,20120421,20120423,20120424,20120425,20120426,20120427,20120428,20120429 
Number is 36 
G.5.2_index_1_VS_G.4.4_index_3 [3] 
20120321,20120323,20120325,20120326,20120404,20120405,20120411,20120413,20120417,20120419,20120420,20120421,20120423,20120424,20120425,20120426,20120427,20120428,20120430,20120501 
Number is 40 
G.3.2_index_5_VS_G.3.5_index_4 [4] 
20120322,20120329,20120331,20120401,20120402,20120404,20120406,20120407,20120409,20120410,20120411,20120420,20120423,20120424,20120425,20120426,20120427,20120428 
Number is 45 
G.3.2_index_5_VS_G.5.2_index_2 [5] 
20120322,20120323,20120325,20120329,20120331,20120401,20120404,20120405,20120406,20120410,20120411,20120417,20120419,20120420,20120423,20120424,20120425,20120426,20120427,20120428,20120430,20120501 
Number is 49 
G.3.1_index_5_VS_G.7.3_index_1 [6] 
20120320,20120321,20120323,20120324,20120325,20120326,20120329,20120406,20120407,20120412,20120415,20120418,20120420,20120421,20120422,20120423,20120424,20120425,20120426,20120427,20120428,20120430 
Number is 64 
G.5.4_index_3_VS_G.DB_index_2 [7] PLUS 1 
20120320,20120322,20120324,20120328,20120330,20120405,20120406,20120409,20120410,20120412,20120414,20120415,20120418,20120419,20120423,20120424,20120425,20120426,20120427,20120428,20120429 
Number is 66 
G.3.5_index_1_VS_G.5.4_index_1 [8] 
20120320,20120321,20120324,20120325,20120328,20120331,20120404,20120409,20120410,20120411,20120412,20120414,20120421,20120422,20120423,20120424,20120425,20120426,20120427,20120428,20120430,20120501 
Number is 67 
G.5.2_index_3_VS_G.DB_index_4 [9] 
20120321,20120323,20120325,20120326,20120401,20120404,20120405,20120406,20120413,20120416,20120417,20120418,20120421,20120422,20120423,20120424,20120425,20120426,20120427,20120428 
Number is 70 
G.DB_index_4_VS_G.5.6_index_1 [10] PLUS 1 
20120320,20120323,20120324,20120326,20120328,20120403,20120404,20120405,20120406,20120408,20120412,20120414,20120416,20120420,20120422,20120423,20120424,20120425,20120426,20120427,20120428,20120429,20120430,20120501 
G.DB_index_4_VS_G.5.1_index_3 [11] PLUS 1 
20120320,20120329,20120402,20120405,20120409,20120416,20120417,20120419,20120420,20120423,20120424,20120425,20120426,20120427,20120428,20120429,20120430 
Number is 73 
G.5.6_index_4_VS_G.5.2_index_1 [12] 
20120323,20120326,20120329,20120331,20120404,20120405,20120406,20120407,20120414,20120420,20120421,20120422,20120423,20120424,20120425,20120426,20120427,20120428,20120430,20120501 
G.4.2_index_1_VS_G.3.3_index_4 [13] 
20120320,20120326,20120327,20120329,20120331,20120402,20120403,20120404,20120405,20120406,20120409,20120413,20120414,20120420,20120423,20120424,20120425,20120426,20120427,20120428 
Number is 74 
G.7.1_index_2_VS_G.3.2_index_5 [14] PLUS 1 
20120320,20120322,20120325,20120401,20120402,20120404,20120406,20120407,20120408,20120411,20120415,20120417,20120418,20120419,20120421,20120422,20120423,20120424,20120425,20120426,20120427,20120428,20120429,20120430 
G.5.5_index_1_VS_G.2.1_index_3 [15] PLUS 1 
20120320,20120321,20120328,20120331,20120402,20120403,20120404,20120407,20120412,20120415,20120416,20120418,20120419,20120421,20120423,20120424,20120425,20120426,20120427,20120428,20120429 
Number is 92 
G.5.5_index_3_VS_G.4.3_index_1 [16] PLUS 1 
20120322,20120324,20120325,20120326,20120328,20120329,20120330,20120331,20120401,20120402,20120403,20120405,20120407,20120408,20120411,20120412,20120413,20120416,20120423,20120424,20120425,20120426,20120427,20120428,20120429 
G.4.1_index_4_VS_G.3.5_index_3 [17] PLUS 1 
20120321,20120324,20120325,20120326,20120327,20120329,20120330,20120401,20120404,20120408,20120413,20120416,20120418,20120422,20120423,20120424,20120425,20120426,20120427,20120428,20120429 
Number is 95 
G.3.1_index_4_VS_G.3.2_index_2 [18] PLUS 1 
20120321,20120323,20120324,20120327,20120401,20120404,20120405,20120411,20120414,20120422,20120423,20120424,20120425,20120426,20120427,20120428,20120429,20120430,20120501 
G.7.3_index_1_VS_G.3.2_index_2 [19] PLUS 1 
20120320,20120321,20120324,20120328,20120329,20120405,20120406,20120413,20120415,20120417,20120421,20120423,20120424,20120425,20120426,20120427,20120428,20120429 
Number is 99 
G.3.2_index_3_VS_G.3.3_index_3 [20] 
20120322,20120325,20120405,20120406,20120410,20120411,20120413,20120414,20120418,20120419,20120420,20120421,20120423,20120424,20120425,20120426,20120427,20120428 
