======== Current: 20120430 ========= 
Number is 02 
G.7.3_index_1_VS_G.3.2_index_2 [1] 
20120320,20120321,20120324,20120328,20120329,20120405,20120406,20120413,20120415,20120417,20120421,20120423,20120424,20120425,20120426,20120427,20120428,20120429 
Number is 04 
G.7.3_index_1_VS_G.5.4_index_4 [2] 
20120324,20120331,20120406,20120409,20120414,20120416,20120417,20120419,20120422,20120424,20120425,20120426,20120427,20120428,20120429 
Number is 05 
G.7.1_index_2_VS_G.3.2_index_5 [3] PLUS 1 
20120320,20120322,20120325,20120401,20120402,20120404,20120406,20120407,20120408,20120411,20120415,20120417,20120418,20120419,20120421,20120422,20120423,20120424,20120425,20120426,20120427,20120428,20120429,20120430 
Number is 11 
G.4.1_index_4_VS_G.3.5_index_3 [4] 
20120321,20120324,20120325,20120326,20120327,20120329,20120330,20120401,20120404,20120408,20120413,20120416,20120418,20120422,20120423,20120424,20120425,20120426,20120427,20120428,20120429 
G.5.2_index_1_VS_G.1.1_index_2 [5] 
20120323,20120327,20120329,20120330,20120331,20120401,20120402,20120405,20120408,20120409,20120411,20120414,20120418,20120421,20120422,20120424,20120425,20120426,20120427,20120428,20120429 
Number is 13 
G.5.2_index_1_VS_G.4.1_index_3 [6] PLUS 1 
20120321,20120322,20120323,20120324,20120326,20120331,20120404,20120405,20120407,20120413,20120414,20120415,20120421,20120422,20120424,20120425,20120426,20120427,20120428,20120429,20120430,20120501 
Number is 18 
G.5.2_index_1_VS_G.4.4_index_1 [7] PLUS 1 
20120324,20120327,20120328,20120330,20120407,20120409,20120411,20120413,20120414,20120420,20120422,20120424,20120425,20120426,20120427,20120428,20120429,20120430,20120501 
Number is 20 
G.5.4_index_3_VS_G.DB_index_2 [8] 
20120320,20120322,20120324,20120328,20120330,20120405,20120406,20120409,20120410,20120412,20120414,20120415,20120418,20120419,20120423,20120424,20120425,20120426,20120427,20120428,20120429 
G.5.5_index_1_VS_G.3.1_index_5 [9] 
20120320,20120323,20120324,20120325,20120326,20120328,20120401,20120404,20120405,20120406,20120410,20120416,20120419,20120421,20120424,20120425,20120426,20120427,20120428,20120429 
Number is 21 
G.5.5_index_1_VS_G.7.2_index_1 [10] PLUS 1 
20120321,20120323,20120325,20120328,20120330,20120331,20120403,20120404,20120405,20120406,20120413,20120419,20120420,20120421,20120422,20120424,20120425,20120426,20120427,20120428,20120429,20120430 
Number is 23 
G.3.5_index_1_VS_G.3.5_index_4 [11] 
20120323,20120325,20120330,20120402,20120403,20120404,20120405,20120407,20120408,20120411,20120412,20120413,20120414,20120415,20120416,20120421,20120422,20120424,20120425,20120426,20120427,20120428,20120429 
Number is 25 
G.5.5_index_1_VS_G.2.1_index_3 [12] 
20120320,20120321,20120328,20120331,20120402,20120403,20120404,20120407,20120412,20120415,20120416,20120418,20120419,20120421,20120423,20120424,20120425,20120426,20120427,20120428,20120429 
Number is 35 
G.3.1_index_1_VS_G.1.1_index_4 [13] 
20120324,20120330,20120331,20120405,20120406,20120413,20120414,20120418,20120420,20120421,20120423,20120424,20120425,20120426,20120427,20120428,20120429 
Number is 45 
G.5.4_index_4_VS_G.5.6_index_3 [14] 
20120320,20120325,20120330,20120331,20120402,20120404,20120408,20120410,20120411,20120412,20120413,20120417,20120418,20120421,20120424,20120425,20120426,20120427,20120428,20120429,20120501 
Number is 49 
G.4.2_index_4_VS_G.3.6_index_4 [15] PLUS 1 
20120320,20120323,20120325,20120326,20120327,20120331,20120403,20120404,20120405,20120411,20120412,20120413,20120414,20120417,20120419,20120424,20120425,20120426,20120427,20120428,20120429,20120430 
Number is 53 
G.5.6_index_3_VS_G.3.1_index_1 [16] 
20120321,20120324,20120326,20120328,20120331,20120402,20120403,20120404,20120406,20120409,20120413,20120414,20120418,20120420,20120424,20120425,20120426,20120427,20120428,20120429,20120501 
Number is 60 
G.5.5_index_3_VS_G.4.3_index_1 [17] 
20120322,20120324,20120325,20120326,20120328,20120329,20120330,20120331,20120401,20120402,20120403,20120405,20120407,20120408,20120411,20120412,20120413,20120416,20120423,20120424,20120425,20120426,20120427,20120428,20120429 
Number is 64 
G.5.5_index_3_VS_G.3.3_index_1 [18] PLUS 1 
20120321,20120322,20120323,20120328,20120411,20120412,20120416,20120417,20120418,20120419,20120420,20120424,20120425,20120426,20120427,20120428,20120429,20120430,20120501 
G.DB_index_5_VS_G.4.3_index_2 [19] PLUS 1 
20120321,20120322,20120325,20120328,20120331,20120404,20120405,20120406,20120409,20120411,20120413,20120416,20120417,20120418,20120419,20120420,20120421,20120424,20120425,20120426,20120427,20120428,20120429,20120430,20120501 
Number is 66 
G.3.1_index_3_VS_G.4.1_index_1 [20] 
20120320,20120326,20120327,20120329,20120401,20120402,20120403,20120406,20120410,20120411,20120415,20120418,20120424,20120425,20120426,20120427,20120428,20120429,20120501 
Number is 81 
G.DB_index_4_VS_G.5.1_index_3 [21] PLUS 1 
20120320,20120329,20120402,20120405,20120409,20120416,20120417,20120419,20120420,20120423,20120424,20120425,20120426,20120427,20120428,20120429,20120430 
Number is 82 
G.3.1_index_4_VS_G.3.2_index_2 [22] PLUS 1 
20120321,20120323,20120324,20120327,20120401,20120404,20120405,20120411,20120414,20120422,20120423,20120424,20120425,20120426,20120427,20120428,20120429,20120430,20120501 
Number is 84 
G.DB_index_4_VS_G.5.6_index_1 [23] PLUS 1 
20120320,20120323,20120324,20120326,20120328,20120403,20120404,20120405,20120406,20120408,20120412,20120414,20120416,20120420,20120422,20120423,20120424,20120425,20120426,20120427,20120428,20120429,20120430,20120501 
