======== Current: 20150401 ========= 
Number is 00 
G.4.1_index_3_VS_G.3.3_index_4 [1] 
20150320,20150326,20150327,20150328,20150329,20150330,20150331,20150402,20150403,20150405,20150407,20150408,20150410,20150413,20150418,20150420,20150422,20150423,20150426,20150427,20150429,20150430,20150501,20150502 
Number is 03 
G.6.3_index_2_VS_G.4.4_index_4 [2] PLUS 1 
20150319,20150323,20150326,20150327,20150328,20150329,20150330,20150331,20150401,20150402,20150403,20150404,20150405,20150407,20150412,20150415,20150418,20150419,20150429,20150430,20150502 
Number is 07 
G.4.1_index_3_VS_G.7.1_index_1 [3] 
20150316,20150319,20150320,20150321,20150322,20150326,20150327,20150328,20150329,20150330,20150331,20150402,20150405,20150408,20150410,20150413,20150418,20150419,20150420,20150422,20150429 
Number is 09 
G.4.1_index_3_VS_G.3.5_index_2 [4] 
20150323,20150326,20150327,20150328,20150329,20150330,20150331,20150402,20150403,20150407,20150408,20150417,20150422,20150423,20150426,20150428,20150429,20150430 
Number is 10 
G.2.1_index_2_VS_G.6.3_index_2 [5] PLUS 1 
20150320,20150323,20150325,20150326,20150327,20150328,20150329,20150330,20150331,20150401,20150405,20150407,20150411,20150416,20150417,20150418,20150420,20150423,20150425,20150426,20150429,20150501,20150502 
Number is 14 
G.4.3_index_3_VS_G.3.2_index_3 [6] 
20150317,20150318,20150319,20150324,20150326,20150327,20150328,20150329,20150330,20150331,20150402,20150404,20150405,20150408,20150413,20150417,20150418,20150419,20150422,20150423,20150425,20150429 
Number is 16 
G.2.1_index_2_VS_G.3.3_index_3 [7] 
20150316,20150321,20150322,20150325,20150326,20150327,20150328,20150329,20150330,20150331,20150404,20150406,20150410,20150411,20150414,20150415,20150417,20150419,20150420,20150421,20150423,20150425,20150426,20150501,20150502 
G.2.1_index_2_VS_G.2.2_index_5 [8] 
20150316,20150317,20150320,20150322,20150323,20150326,20150327,20150328,20150329,20150330,20150331,20150402,20150403,20150407,20150411,20150414,20150415,20150419,20150420,20150423,20150424,20150427,20150428,20150429,20150501 
Number is 17 
G.4.3_index_3_VS_G.5.5_index_1 [9] 
20150316,20150318,20150320,20150325,20150326,20150327,20150328,20150329,20150330,20150331,20150402,20150404,20150405,20150408,20150411,20150414,20150416,20150419,20150421,20150424,20150427,20150428 
Number is 18 
G.5.6_index_1_VS_G.6.3_index_1 [10] 
20150318,20150321,20150322,20150323,20150325,20150326,20150327,20150328,20150329,20150330,20150331,20150402,20150404,20150407,20150411,20150416,20150419,20150420,20150425,20150428,20150429 
Number is 36 
G.4.4_index_4_VS_G.3.3_index_3 [11] 
20150316,20150318,20150319,20150326,20150327,20150328,20150329,20150330,20150331,20150408,20150409,20150410,20150414,20150415,20150418,20150419,20150423,20150501,20150502 
Number is 37 
G.5.4_index_2_VS_G.3.3_index_1 [12] PLUS 1 
20150316,20150318,20150320,20150322,20150325,20150326,20150327,20150328,20150329,20150330,20150331,20150401,20150402,20150404,20150405,20150407,20150409,20150420,20150424,20150428,20150430,20150501 
Number is 38 
G.4.4_index_4_VS_G.3.6_index_4 [13] 
20150316,20150317,20150318,20150319,20150323,20150325,20150326,20150327,20150328,20150329,20150330,20150331,20150404,20150407,20150408,20150412,20150415,20150417,20150419,20150420,20150422,20150423,20150424,20150426,20150428,20150429,20150502 
Number is 40 
G.4.1_index_2_VS_G.2.1_index_5 [14] 
20150320,20150323,20150326,20150327,20150328,20150329,20150330,20150331,20150407,20150411,20150415,20150416,20150418,20150419,20150430,20150501,20150502 
Number is 50 
G.6.2_index_3_VS_G.4.1_index_3 [15] 
20150317,20150319,20150323,20150324,20150326,20150327,20150328,20150329,20150330,20150331,20150402,20150403,20150405,20150406,20150409,20150412,20150413,20150417,20150419,20150420,20150422,20150427,20150429,20150430,20150502 
Number is 51 
G.5.1_index_2_VS_G.2.1_index_2 [16] 
20150316,20150317,20150321,20150322,20150323,20150326,20150327,20150328,20150329,20150330,20150331,20150402,20150405,20150406,20150408,20150409,20150411,20150413,20150415,20150416,20150418,20150422,20150423,20150425,20150426,20150427,20150429,20150430 
Number is 53 
G.5.1_index_2_VS_G.4.4_index_4 [17] PLUS 1 
20150316,20150318,20150319,20150323,20150325,20150326,20150327,20150328,20150329,20150330,20150331,20150401,20150405,20150408,20150417,20150418,20150420,20150423 
Number is 58 
G.4.1_index_4_VS_G.4.3_index_4 [18] PLUS 1 
20150316,20150317,20150319,20150321,20150323,20150326,20150327,20150328,20150329,20150330,20150331,20150401,20150402,20150403,20150406,20150407,20150408,20150410,20150411,20150414,20150415,20150418,20150419,20150420,20150421,20150424,20150427,20150429,20150430,20150501,20150502 
Number is 62 
G.4.2_index_2_VS_G.3.4_index_4 [19] 
20150323,20150325,20150326,20150327,20150328,20150329,20150330,20150331,20150402,20150403,20150407,20150411,20150412,20150414,20150419,20150428,20150501,20150502 
Number is 65 
G.3.2_index_4_VS_G.5.4_index_4 [20] PLUS 1 
20150316,20150317,20150319,20150320,20150326,20150327,20150328,20150329,20150330,20150331,20150401,20150402,20150403,20150404,20150406,20150407,20150409,20150410,20150411,20150412,20150414,20150415,20150418,20150419,20150420,20150421,20150422,20150424,20150425,20150426 
Number is 67 
G.4.1_index_1_VS_G.7.2_index_2 [21] 
20150317,20150318,20150319,20150321,20150325,20150326,20150327,20150328,20150329,20150330,20150331,20150403,20150405,20150408,20150414,20150416,20150419,20150420,20150422,20150424,20150425,20150427,20150430 
Number is 70 
G.3.3_index_1_VS_G.3.3_index_5 [22] 
20150318,20150320,20150321,20150322,20150326,20150327,20150328,20150329,20150330,20150331,20150402,20150405,20150408,20150414,20150425,20150427,20150430,20150501 
G.3.3_index_1_VS_G.DB_index_4 [23] 
20150317,20150319,20150320,20150322,20150323,20150326,20150327,20150328,20150329,20150330,20150331,20150402,20150404,20150407,20150410,20150413,20150414,20150416,20150417,20150419,20150423,20150426,20150427,20150430 
G.3.1_index_3_VS_G.3.3_index_4 [24] 
20150316,20150317,20150318,20150323,20150325,20150326,20150327,20150328,20150329,20150330,20150331,20150402,20150404,20150408,20150410,20150416,20150418,20150426,20150427,20150430,20150502 
Number is 72 
G.7.1_index_1_VS_G.5.4_index_3 [25] PLUS 1 
20150316,20150319,20150322,20150326,20150327,20150328,20150329,20150330,20150331,20150401,20150402,20150406,20150409,20150414,20150419,20150420,20150421,20150427,20150501 
Number is 73 
G.7.1_index_1_VS_G.5.4_index_1 [26] PLUS 1 
20150317,20150321,20150323,20150326,20150327,20150328,20150329,20150330,20150331,20150401,20150402,20150409,20150412,20150418,20150419,20150420,20150421,20150423,20150426,20150427,20150429,20150501 
Number is 76 
G.3.6_index_3_VS_G.3.3_index_3 [27] 
20150316,20150317,20150319,20150320,20150321,20150323,20150325,20150326,20150327,20150328,20150329,20150330,20150331,20150402,20150403,20150404,20150406,20150407,20150408,20150409,20150410,20150416,20150423,20150425,20150429,20150430,20150501 
Number is 78 
G.3.6_index_3_VS_G.6.1_index_2 [28] PLUS 1 
20150316,20150321,20150323,20150324,20150326,20150327,20150328,20150329,20150330,20150331,20150401,20150402,20150403,20150404,20150407,20150408,20150409,20150412,20150414,20150415,20150416,20150417,20150421,20150425,20150426 
Number is 81 
G.6.3_index_1_VS_G.3.4_index_1 [29] 
20150318,20150321,20150322,20150323,20150326,20150327,20150328,20150329,20150330,20150331,20150410,20150411,20150414,20150417,20150419,20150421,20150423,20150502 
Number is 85 
G.6.1_index_2_VS_G.5.4_index_4 [30] PLUS 1 
20150322,20150324,20150326,20150327,20150328,20150329,20150330,20150331,20150401,20150404,20150412,20150414,20150415,20150417,20150418,20150419,20150425 
Number is 86 
G.5.1_index_4_VS_G.2.2_index_2 [31] 
20150317,20150318,20150320,20150322,20150325,20150326,20150327,20150328,20150329,20150330,20150331,20150403,20150404,20150408,20150409,20150410,20150417,20150421,20150423,20150425,20150426,20150427,20150428,20150502 
Number is 90 
G.3.1_index_1_VS_G.DB_index_4 [32] 
20150317,20150319,20150321,20150323,20150326,20150327,20150328,20150329,20150330,20150331,20150407,20150408,20150409,20150410,20150411,20150414,20150415,20150416,20150417,20150423,20150424,20150425,20150430 
Number is 95 
G.1.1_index_5_VS_G.3.6_index_5 [33] PLUS 1 
20150316,20150319,20150321,20150324,20150326,20150327,20150328,20150329,20150330,20150331,20150401,20150402,20150403,20150404,20150410,20150413,20150416,20150417,20150418,20150428,20150429,20150430,20150502 
G.1.1_index_5_VS_G.6.2_index_3 [34] PLUS 1 
20150318,20150320,20150322,20150326,20150327,20150328,20150329,20150330,20150331,20150401,20150403,20150405,20150409,20150410,20150415,20150418,20150419,20150420,20150424,20150430,20150501,20150502 
