======== Current: 20150406 ========= 
Number is 04 
G.4.4_index_2_VS_G.5.1_index_4 [1] 
20150316,20150318,20150320,20150322,20150325,20150326,20150328,20150330,20150331,20150401,20150402,20150403,20150404,20150405,20150409,20150415,20150421,20150422,20150424,20150425,20150426,20150427,20150430 
Number is 07 
G.3.4_index_2_VS_G.3.2_index_3 [2] 
20150317,20150318,20150319,20150323,20150325,20150326,20150331,20150401,20150402,20150403,20150404,20150405,20150408,20150409,20150412,20150418,20150419,20150421,20150423,20150429,20150501 
Number is 10 
G.6.3_index_2_VS_G.4.3_index_3 [3] 
20150323,20150324,20150328,20150329,20150331,20150401,20150402,20150403,20150404,20150405,20150407,20150408,20150413,20150417,20150421,20150422,20150429,20150430,20150502 
Number is 11 
G.6.3_index_2_VS_G.4.4_index_4 [4] 
20150319,20150323,20150326,20150327,20150328,20150329,20150330,20150331,20150401,20150402,20150403,20150404,20150405,20150407,20150412,20150415,20150418,20150419,20150429,20150430,20150502 
Number is 15 
G.3.5_index_2_VS_G.3.4_index_1 [5] 
20150319,20150320,20150321,20150324,20150325,20150330,20150331,20150401,20150402,20150403,20150404,20150405,20150409,20150416,20150418,20150421,20150427,20150428,20150430,20150501 
G.2.1_index_1_VS_G.3.5_index_4 [6] 
20150318,20150320,20150322,20150323,20150325,20150327,20150328,20150329,20150331,20150401,20150402,20150403,20150404,20150405,20150414,20150417,20150418,20150419,20150420,20150421,20150422,20150423,20150426 
Number is 17 
G.2.1_index_1_VS_G.3.2_index_3 [7] 
20150316,20150318,20150319,20150320,20150323,20150327,20150328,20150329,20150331,20150401,20150402,20150403,20150404,20150405,20150408,20150410,20150412,20150417,20150419,20150420,20150430,20150501 
Number is 21 
G.3.3_index_3_VS_G.6.3_index_2 [8] 
20150316,20150321,20150323,20150328,20150329,20150330,20150331,20150401,20150402,20150403,20150404,20150405,20150407,20150408,20150416,20150417,20150418,20150423,20150425,20150429,20150430,20150501 
Number is 31 
G.1.1_index_4_VS_G.3.3_index_1 [9] 
20150319,20150320,20150321,20150322,20150323,20150325,20150327,20150329,20150330,20150331,20150401,20150402,20150403,20150404,20150405,20150407,20150413,20150415,20150419,20150424,20150425,20150428,20150429,20150430,20150501 
Number is 46 
G.2.1_index_5_VS_G.3.2_index_5 [10] PLUS 1 
20150319,20150321,20150322,20150331,20150401,20150402,20150403,20150404,20150405,20150406,20150407,20150408,20150409,20150411,20150412,20150415,20150417,20150419,20150421,20150423,20150424,20150425,20150426,20150430 
Number is 63 
G.4.1_index_3_VS_G.3.2_index_4 [11] 
20150317,20150323,20150327,20150328,20150330,20150331,20150401,20150402,20150403,20150404,20150405,20150407,20150408,20150412,20150414,20150417,20150421,20150422,20150424,20150425,20150426,20150427,20150429,20150430 
Number is 69 
G.7.1_index_2_VS_G.DB_index_3 [12] 
20150316,20150319,20150331,20150401,20150402,20150403,20150404,20150405,20150408,20150409,20150413,20150416,20150426,20150427,20150501 
Number is 84 
G.3.5_index_1_VS_G.2.1_index_5 [13] PLUS 1 
20150317,20150321,20150327,20150329,20150331,20150401,20150402,20150403,20150404,20150405,20150406,20150408,20150413,20150415,20150416,20150421,20150423,20150425,20150426,20150427,20150501 
Number is 92 
G.2.1_index_2_VS_G.5.6_index_4 [14] PLUS 1 
20150318,20150319,20150321,20150322,20150324,20150325,20150326,20150328,20150329,20150330,20150331,20150401,20150402,20150403,20150404,20150405,20150406,20150411,20150414,20150415,20150416,20150417,20150420,20150421,20150427,20150428,20150429,20150502 
Number is 95 
G.3.1_index_4_VS_G.4.2_index_3 [15] PLUS 1 
20150318,20150320,20150322,20150323,20150327,20150329,20150331,20150401,20150402,20150403,20150404,20150405,20150406,20150412,20150416,20150418,20150425,20150429,20150501,20150502 
