======== Current: 20150407 ========= 
Number is 00 
G.5.4_index_4_VS_G.1.1_index_5 [1] PLUS 1 
20150316,20150317,20150319,20150321,20150325,20150326,20150401,20150402,20150403,20150404,20150405,20150406,20150407,20150408,20150410,20150414,20150415,20150418,20150419,20150420,20150425,20150430,20150502 
Number is 08 
G.4.1_index_3_VS_G.5.6_index_1 [2] PLUS 1 
20150318,20150319,20150324,20150326,20150327,20150329,20150330,20150401,20150402,20150403,20150404,20150405,20150406,20150407,20150409,20150412,20150414,20150418,20150420,20150421,20150422,20150425,20150426,20150427,20150428,20150429,20150430,20150502 
Number is 09 
G.3.1_index_4_VS_G.4.2_index_3 [3] 
20150318,20150320,20150322,20150323,20150327,20150329,20150331,20150401,20150402,20150403,20150404,20150405,20150406,20150412,20150416,20150418,20150425,20150429,20150501,20150502 
G.6.2_index_1_VS_G.3.4_index_4 [4] 
20150316,20150317,20150319,20150321,20150323,20150325,20150327,20150329,20150330,20150401,20150402,20150403,20150404,20150405,20150406,20150412,20150414,20150419,20150430,20150502 
G.5.4_index_4_VS_G.7.4_index_1 [5] 
20150316,20150326,20150328,20150329,20150401,20150402,20150403,20150404,20150405,20150406,20150409,20150412,20150413,20150415,20150416,20150417,20150419,20150420,20150424,20150427,20150428,20150430,20150502 
Number is 14 
G.3.3_index_2_VS_G.4.3_index_1 [6] 
20150316,20150317,20150318,20150319,20150320,20150321,20150324,20150330,20150401,20150402,20150403,20150404,20150405,20150406,20150408,20150412,20150413,20150414,20150416,20150417,20150425,20150428,20150502 
Number is 21 
G.4.3_index_3_VS_G.5.3_index_1 [7] 
20150316,20150317,20150322,20150323,20150324,20150326,20150328,20150330,20150401,20150402,20150403,20150404,20150405,20150406,20150408,20150411,20150412,20150416,20150418,20150419,20150420,20150421,20150422,20150424,20150427,20150429,20150430 
Number is 37 
G.2.1_index_2_VS_G.5.6_index_4 [8] 
20150318,20150319,20150321,20150322,20150324,20150325,20150326,20150328,20150329,20150330,20150331,20150401,20150402,20150403,20150404,20150405,20150406,20150411,20150414,20150415,20150416,20150417,20150420,20150421,20150427,20150428,20150429,20150502 
Number is 41 
G.3.4_index_1_VS_G.3.3_index_2 [9] 
20150320,20150323,20150326,20150329,20150401,20150402,20150403,20150404,20150405,20150406,20150412,20150414,20150415,20150417,20150419,20150420,20150422,20150423,20150425,20150428,20150501 
Number is 44 
G.3.5_index_1_VS_G.2.1_index_5 [10] 
20150317,20150321,20150327,20150329,20150331,20150401,20150402,20150403,20150404,20150405,20150406,20150408,20150413,20150415,20150416,20150421,20150423,20150425,20150426,20150427,20150501 
Number is 46 
G.2.1_index_5_VS_G.3.2_index_5 [11] PLUS 1 
20150319,20150321,20150322,20150331,20150401,20150402,20150403,20150404,20150405,20150406,20150407,20150408,20150409,20150411,20150412,20150415,20150417,20150419,20150421,20150423,20150424,20150425,20150426,20150430 
Number is 69 
G.6.3_index_3_VS_G.4.2_index_3 [12] 
20150316,20150317,20150318,20150322,20150324,20150329,20150401,20150402,20150403,20150404,20150405,20150406,20150409,20150410,20150411,20150413,20150417,20150418,20150420,20150423,20150424,20150501 
Number is 70 
G.3.3_index_3_VS_G.5.4_index_4 [13] 
20150317,20150319,20150322,20150326,20150327,20150328,20150401,20150402,20150403,20150404,20150405,20150406,20150408,20150414,20150416,20150419,20150420,20150421,20150423,20150425,20150426,20150501 
Number is 71 
G.2.2_index_2_VS_G.5.3_index_1 [14] 
20150320,20150321,20150325,20150329,20150330,20150401,20150402,20150403,20150404,20150405,20150406,20150409,20150410,20150411,20150412,20150414,20150416,20150419,20150420,20150421,20150423,20150424,20150428,20150429 
Number is 94 
G.3.6_index_5_VS_G.4.3_index_1 [15] 
20150320,20150321,20150327,20150328,20150330,20150401,20150402,20150403,20150404,20150405,20150406,20150408,20150412,20150414,20150416,20150418,20150419,20150420,20150422,20150425,20150428,20150429,20150430,20150502 
Number is 97 
G.7.4_index_1_VS_G.5.5_index_2 [16] PLUS 1 
20150319,20150321,20150327,20150329,20150401,20150402,20150403,20150404,20150405,20150406,20150407,20150408,20150409,20150410,20150415,20150418,20150420,20150425,20150427,20150428,20150502 
