======== Current: 20150408 ========= 
Number is 02 
G.2.2_index_3_VS_G.3.5_index_4 [1] PLUS 1 
20150316,20150317,20150319,20150321,20150324,20150328,20150331,20150402,20150403,20150404,20150405,20150406,20150407,20150408,20150411,20150412,20150413,20150414,20150418,20150419,20150420,20150421,20150426,20150427,20150430 
Number is 19 
G.5.3_index_2_VS_G.6.1_index_1 [2] 
20150317,20150318,20150319,20150321,20150323,20150326,20150402,20150403,20150404,20150405,20150406,20150407,20150409,20150410,20150414,20150416,20150417,20150418,20150419,20150420,20150421,20150423,20150424,20150426,20150429,20150501 
Number is 25 
G.3.4_index_4_VS_G.DB_index_5 [3] 
20150316,20150319,20150320,20150321,20150323,20150324,20150326,20150328,20150329,20150402,20150403,20150404,20150405,20150406,20150407,20150409,20150410,20150414,20150418,20150419,20150420,20150429,20150430,20150502 
Number is 32 
G.3.2_index_2_VS_G.3.4_index_1 [4] 
20150316,20150318,20150319,20150322,20150323,20150324,20150326,20150327,20150329,20150331,20150402,20150403,20150404,20150405,20150406,20150407,20150409,20150410,20150414,20150415,20150416,20150418,20150420,20150422,20150424,20150426,20150427,20150428 
Number is 40 
G.2.1_index_5_VS_G.3.2_index_5 [5] PLUS 1 
20150319,20150321,20150322,20150331,20150401,20150402,20150403,20150404,20150405,20150406,20150407,20150408,20150409,20150411,20150412,20150415,20150417,20150419,20150421,20150423,20150424,20150425,20150426,20150430 
Number is 43 
G.4.1_index_3_VS_G.5.6_index_1 [6] 
20150318,20150319,20150324,20150326,20150327,20150329,20150330,20150401,20150402,20150403,20150404,20150405,20150406,20150407,20150409,20150412,20150414,20150418,20150420,20150421,20150422,20150425,20150426,20150427,20150428,20150429,20150430,20150502 
Number is 45 
G.1.1_index_5_VS_G.4.2_index_2 [7] PLUS 1 
20150316,20150318,20150319,20150325,20150329,20150330,20150402,20150403,20150404,20150405,20150406,20150407,20150408,20150411,20150412,20150419,20150427,20150502 
Number is 55 
G.4.2_index_2_VS_G.3.3_index_1 [8] 
20150318,20150320,20150322,20150323,20150325,20150327,20150329,20150331,20150402,20150403,20150404,20150405,20150406,20150407,20150410,20150412,20150415,20150417,20150419,20150422,20150424,20150426,20150427 
Number is 57 
G.6.2_index_2_VS_G.3.3_index_3 [9] PLUS 1 
20150316,20150320,20150321,20150326,20150329,20150402,20150403,20150404,20150405,20150406,20150407,20150408,20150409,20150416,20150417,20150418,20150419,20150421,20150422,20150425,20150426,20150429,20150501 
Number is 84 
G.5.4_index_4_VS_G.1.1_index_5 [10] PLUS 1 
20150316,20150317,20150319,20150321,20150325,20150326,20150401,20150402,20150403,20150404,20150405,20150406,20150407,20150408,20150410,20150414,20150415,20150418,20150419,20150420,20150425,20150430,20150502 
Number is 90 
G.DB_index_1_VS_G.2.2_index_3 [11] 
20150316,20150319,20150321,20150325,20150327,20150328,20150329,20150330,20150402,20150403,20150404,20150405,20150406,20150407,20150409,20150412,20150413,20150418,20150424 
Number is 92 
G.7.4_index_1_VS_G.3.5_index_4 [12] 
20150316,20150319,20150323,20150328,20150331,20150402,20150403,20150404,20150405,20150406,20150407,20150412,20150413,20150415,20150416,20150419,20150422,20150423,20150425,20150427,20150428,20150429,20150430,20150502 
Number is 94 
G.7.4_index_1_VS_G.5.5_index_2 [13] PLUS 1 
20150319,20150321,20150327,20150329,20150401,20150402,20150403,20150404,20150405,20150406,20150407,20150408,20150409,20150410,20150415,20150418,20150420,20150425,20150427,20150428,20150502 
G.DB_index_1_VS_G.2.2_index_2 [14] PLUS 1 
20150317,20150325,20150327,20150328,20150330,20150402,20150403,20150404,20150405,20150406,20150407,20150408,20150409,20150417,20150419,20150425,20150427,20150428,20150430,20150501 
Number is 96 
G.3.1_index_4_VS_G.5.3_index_4 [15] 
20150316,20150322,20150323,20150327,20150330,20150402,20150403,20150404,20150405,20150406,20150407,20150410,20150411,20150415,20150418,20150419,20150424,20150425,20150429,20150502 
Number is 98 
G.DB_index_1_VS_G.4.3_index_3 [16] 
20150318,20150319,20150321,20150325,20150328,20150329,20150330,20150402,20150403,20150404,20150405,20150406,20150407,20150409,20150413,20150414,20150419,20150423,20150425,20150426,20150429,20150501 
G.3.1_index_4_VS_G.6.2_index_1 [17] 
20150318,20150322,20150323,20150326,20150402,20150403,20150404,20150405,20150406,20150407,20150410,20150414,20150417,20150420,20150423,20150424,20150427,20150428,20150429,20150501,20150502 
