======== Current: 20150409 ========= 
Number is 00 
G.3.1_index_4_VS_G.3.2_index_2 [1] PLUS 1 
20150316,20150319,20150323,20150325,20150329,20150330,20150401,20150403,20150404,20150405,20150406,20150407,20150408,20150409,20150411,20150415,20150416,20150419,20150422,20150424,20150425,20150427,20150501 
Number is 04 
G.6.2_index_2_VS_G.3.3_index_3 [2] PLUS 1 
20150316,20150320,20150321,20150326,20150329,20150402,20150403,20150404,20150405,20150406,20150407,20150408,20150409,20150416,20150417,20150418,20150419,20150421,20150422,20150425,20150426,20150429,20150501 
G.7.4_index_1_VS_G.5.5_index_2 [3] PLUS 1 
20150319,20150321,20150327,20150329,20150401,20150402,20150403,20150404,20150405,20150406,20150407,20150408,20150409,20150410,20150415,20150418,20150420,20150425,20150427,20150428,20150502 
Number is 05 
G.2.2_index_3_VS_G.3.5_index_4 [4] 
20150316,20150317,20150319,20150321,20150324,20150328,20150331,20150402,20150403,20150404,20150405,20150406,20150407,20150408,20150411,20150412,20150413,20150414,20150418,20150419,20150420,20150421,20150426,20150427,20150430 
Number is 07 
G.7.4_index_1_VS_G.5.6_index_1 [5] 
20150318,20150319,20150320,20150321,20150323,20150327,20150328,20150329,20150401,20150403,20150404,20150405,20150406,20150407,20150408,20150411,20150415,20150416,20150417,20150419,20150422,20150428,20150429,20150430,20150502 
Number is 09 
G.3.1_index_4_VS_G.DB_index_2 [6] PLUS 1 
20150317,20150320,20150322,20150323,20150327,20150330,20150401,20150403,20150404,20150405,20150406,20150407,20150408,20150409,20150411,20150412,20150413,20150415,20150416,20150417,20150419,20150423,20150425,20150428,20150429,20150502 
Number is 18 
G.3.4_index_4_VS_G.3.2_index_4 [7] 
20150316,20150317,20150320,20150323,20150325,20150328,20150330,20150403,20150404,20150405,20150406,20150407,20150408,20150411,20150412,20150414,20150416,20150418,20150419,20150421,20150422,20150424,20150426,20150430,20150501 
G.3.3_index_2_VS_G.3.6_index_5 [8] 
20150316,20150318,20150324,20150326,20150329,20150330,20150403,20150404,20150405,20150406,20150407,20150408,20150412,20150413,20150414,20150420,20150423,20150426,20150429,20150430,20150502 
Number is 27 
G.5.6_index_3_VS_G.2.1_index_4 [9] PLUS 1 
20150318,20150320,20150323,20150324,20150327,20150328,20150403,20150404,20150405,20150406,20150407,20150408,20150409,20150411,20150414,20150416,20150417,20150419,20150422,20150423,20150425,20150427,20150428,20150429,20150430,20150502 
G.7.1_index_1_VS_G.5.6_index_1 [10] PLUS 1 
20150316,20150319,20150320,20150321,20150322,20150324,20150326,20150327,20150329,20150331,20150403,20150404,20150405,20150406,20150407,20150408,20150409,20150412,20150414,20150419,20150424,20150425,20150428,20150429,20150430,20150502 
Number is 34 
G.5.2_index_1_VS_G.2.1_index_5 [11] PLUS 1 
20150316,20150319,20150321,20150322,20150327,20150403,20150404,20150405,20150406,20150407,20150408,20150409,20150411,20150414,20150415,20150416,20150419,20150420,20150421,20150422,20150424,20150426,20150427,20150501,20150502 
Number is 38 
G.1.1_index_5_VS_G.4.2_index_2 [12] 
20150316,20150318,20150319,20150325,20150329,20150330,20150402,20150403,20150404,20150405,20150406,20150407,20150408,20150411,20150412,20150419,20150427,20150502 
Number is 46 
G.2.1_index_5_VS_G.3.2_index_5 [13] PLUS 1 
20150319,20150321,20150322,20150331,20150401,20150402,20150403,20150404,20150405,20150406,20150407,20150408,20150409,20150411,20150412,20150415,20150417,20150419,20150421,20150423,20150424,20150425,20150426,20150430 
Number is 47 
G.DB_index_1_VS_G.2.2_index_2 [14] PLUS 1 
20150317,20150325,20150327,20150328,20150330,20150402,20150403,20150404,20150405,20150406,20150407,20150408,20150409,20150417,20150419,20150425,20150427,20150428,20150430,20150501 
Number is 49 
G.5.5_index_2_VS_G.3.4_index_2 [15] 
20150316,20150317,20150318,20150322,20150323,20150325,20150326,20150328,20150329,20150403,20150404,20150405,20150406,20150407,20150408,20150416,20150418,20150419,20150424,20150425,20150429 
Number is 59 
G.3.4_index_3_VS_G.5.4_index_4 [16] 
20150316,20150317,20150320,20150321,20150322,20150323,20150324,20150325,20150328,20150401,20150403,20150404,20150405,20150406,20150407,20150408,20150412,20150413,20150414,20150415,20150419,20150420,20150421,20150422,20150423,20150429,20150430,20150502 
Number is 67 
G.6.2_index_3_VS_G.3.6_index_4 [17] PLUS 1 
20150317,20150320,20150324,20150329,20150330,20150331,20150401,20150403,20150404,20150405,20150406,20150407,20150408,20150409,20150411,20150415,20150419,20150420,20150423,20150425,20150429,20150430,20150501,20150502 
Number is 70 
G.2.2_index_2_VS_G.6.2_index_2 [18] 
20150316,20150317,20150320,20150323,20150326,20150327,20150328,20150330,20150403,20150404,20150405,20150406,20150407,20150408,20150412,20150414,20150418,20150424,20150426,20150428,20150430,20150501,20150502 
Number is 80 
G.1.1_index_4_VS_G.7.4_index_1 [19] 
20150316,20150319,20150320,20150323,20150327,20150328,20150329,20150331,20150403,20150404,20150405,20150406,20150407,20150408,20150412,20150413,20150416,20150419,20150422,20150423,20150424,20150425,20150427,20150428,20150430,20150502 
Number is 83 
G.1.1_index_2_VS_G.4.2_index_3 [20] 
20150325,20150329,20150331,20150401,20150403,20150404,20150405,20150406,20150407,20150408,20150411,20150414,20150417,20150418,20150422,20150428,20150501,20150502 
Number is 85 
G.4.2_index_2_VS_G.2.1_index_1 [21] 
20150316,20150319,20150321,20150323,20150325,20150327,20150330,20150331,20150403,20150404,20150405,20150406,20150407,20150408,20150410,20150412,20150417,20150419,20150420,20150424,20150426,20150427,20150428,20150430,20150501 
Number is 86 
G.4.2_index_2_VS_G.7.4_index_2 [22] PLUS 1 
20150319,20150323,20150327,20150329,20150403,20150404,20150405,20150406,20150407,20150408,20150409,20150411,20150417,20150420,20150422,20150424,20150425,20150427,20150430,20150501,20150502 
Number is 89 
G.1.1_index_4_VS_G.5.2_index_2 [23] PLUS 1 
20150316,20150318,20150320,20150321,20150323,20150326,20150327,20150328,20150403,20150404,20150405,20150406,20150407,20150408,20150409,20150411,20150418,20150419,20150420,20150421,20150422,20150427 
G.1.1_index_4_VS_G.3.4_index_2 [24] PLUS 1 
20150316,20150317,20150319,20150321,20150323,20150324,20150325,20150326,20150327,20150328,20150401,20150403,20150404,20150405,20150406,20150407,20150408,20150409,20150410,20150412,20150419,20150421,20150423,20150424,20150425,20150427,20150429 
Number is 93 
G.5.4_index_4_VS_G.1.1_index_5 [25] 
20150316,20150317,20150319,20150321,20150325,20150326,20150401,20150402,20150403,20150404,20150405,20150406,20150407,20150408,20150410,20150414,20150415,20150418,20150419,20150420,20150425,20150430,20150502 
G.3.4_index_2_VS_G.5.4_index_2 [26] 
20150317,20150320,20150323,20150324,20150326,20150327,20150331,20150401,20150403,20150404,20150405,20150406,20150407,20150408,20150414,20150416,20150424,20150428,20150429,20150430 
