======== Current: 20150410 ========= 
Number is 02 
G.3.1_index_5_VS_G.7.3_index_2 [1] 
20150319,20150321,20150324,20150326,20150327,20150329,20150330,20150402,20150404,20150405,20150406,20150407,20150408,20150409,20150412,20150419,20150424,20150426,20150428,20150429,20150501 
Number is 05 
G.3.1_index_4_VS_G.3.2_index_2 [2] 
20150316,20150319,20150323,20150325,20150329,20150330,20150401,20150403,20150404,20150405,20150406,20150407,20150408,20150409,20150411,20150415,20150416,20150419,20150422,20150424,20150425,20150427,20150501 
G.3.1_index_4_VS_G.DB_index_2 [3] 
20150317,20150320,20150322,20150323,20150327,20150330,20150401,20150403,20150404,20150405,20150406,20150407,20150408,20150409,20150411,20150412,20150413,20150415,20150416,20150417,20150419,20150423,20150425,20150428,20150429,20150502 
Number is 07 
G.5.6_index_3_VS_G.2.1_index_4 [4] 
20150318,20150320,20150323,20150324,20150327,20150328,20150403,20150404,20150405,20150406,20150407,20150408,20150409,20150411,20150414,20150416,20150417,20150419,20150422,20150423,20150425,20150427,20150428,20150429,20150430,20150502 
Number is 19 
G.7.4_index_1_VS_G.5.5_index_2 [5] PLUS 1 
20150319,20150321,20150327,20150329,20150401,20150402,20150403,20150404,20150405,20150406,20150407,20150408,20150409,20150410,20150415,20150418,20150420,20150425,20150427,20150428,20150502 
Number is 21 
G.4.1_index_3_VS_G.6.2_index_1 [6] PLUS 1 
20150323,20150324,20150326,20150330,20150402,20150404,20150405,20150406,20150407,20150408,20150409,20150410,20150413,20150418,20150420,20150422,20150424,20150426,20150427,20150429,20150430,20150501,20150502 
Number is 25 
G.2.2_index_3_VS_G.DB_index_2 [7] PLUS 1 
20150318,20150324,20150328,20150330,20150401,20150404,20150405,20150406,20150407,20150408,20150409,20150410,20150411,20150417,20150418,20150419,20150423,20150424,20150430 
Number is 32 
G.6.2_index_2_VS_G.3.3_index_3 [8] 
20150316,20150320,20150321,20150326,20150329,20150402,20150403,20150404,20150405,20150406,20150407,20150408,20150409,20150416,20150417,20150418,20150419,20150421,20150422,20150425,20150426,20150429,20150501 
Number is 33 
G.4.2_index_2_VS_G.7.4_index_2 [9] 
20150319,20150323,20150327,20150329,20150403,20150404,20150405,20150406,20150407,20150408,20150409,20150411,20150417,20150420,20150422,20150424,20150425,20150427,20150430,20150501,20150502 
Number is 37 
G.DB_index_1_VS_G.2.2_index_5 [10] 
20150317,20150318,20150329,20150404,20150405,20150406,20150407,20150408,20150409,20150414,20150417,20150419,20150420,20150424,20150425,20150426,20150428,20150429,20150430,20150501 
G.DB_index_1_VS_G.2.2_index_2 [11] 
20150317,20150325,20150327,20150328,20150330,20150402,20150403,20150404,20150405,20150406,20150407,20150408,20150409,20150417,20150419,20150425,20150427,20150428,20150430,20150501 
Number is 46 
G.5.2_index_1_VS_G.2.1_index_5 [12] 
20150316,20150319,20150321,20150322,20150327,20150403,20150404,20150405,20150406,20150407,20150408,20150409,20150411,20150414,20150415,20150416,20150419,20150420,20150421,20150422,20150424,20150426,20150427,20150501,20150502 
G.6.2_index_3_VS_G.3.6_index_4 [13] 
20150317,20150320,20150324,20150329,20150330,20150331,20150401,20150403,20150404,20150405,20150406,20150407,20150408,20150409,20150411,20150415,20150419,20150420,20150423,20150425,20150429,20150430,20150501,20150502 
Number is 60 
G.2.1_index_5_VS_G.3.2_index_5 [14] 
20150319,20150321,20150322,20150331,20150401,20150402,20150403,20150404,20150405,20150406,20150407,20150408,20150409,20150411,20150412,20150415,20150417,20150419,20150421,20150423,20150424,20150425,20150426,20150430 
Number is 62 
G.5.6_index_4_VS_G.3.3_index_3 [15] PLUS 1 
20150316,20150317,20150318,20150320,20150321,20150322,20150326,20150329,20150330,20150331,20150402,20150404,20150405,20150406,20150407,20150408,20150409,20150410,20150415,20150416,20150417,20150426,20150428,20150429,20150430,20150501 
G.1.1_index_4_VS_G.3.4_index_2 [16] PLUS 1 
20150316,20150317,20150319,20150321,20150323,20150324,20150325,20150326,20150327,20150328,20150401,20150403,20150404,20150405,20150406,20150407,20150408,20150409,20150410,20150412,20150419,20150421,20150423,20150424,20150425,20150427,20150429 
Number is 66 
G.1.1_index_4_VS_G.5.2_index_2 [17] 
20150316,20150318,20150320,20150321,20150323,20150326,20150327,20150328,20150403,20150404,20150405,20150406,20150407,20150408,20150409,20150411,20150418,20150419,20150420,20150421,20150422,20150427 
G.7.3_index_1_VS_G.3.6_index_4 [18] 
20150318,20150321,20150322,20150326,20150331,20150402,20150404,20150405,20150406,20150407,20150408,20150409,20150411,20150415,20150418,20150419,20150421,20150422,20150423,20150424,20150425,20150428,20150429,20150502 
Number is 74 
G.2.2_index_5_VS_G.6.2_index_3 [19] 
20150318,20150321,20150322,20150325,20150330,20150401,20150402,20150404,20150405,20150406,20150407,20150408,20150409,20150414,20150418,20150419,20150420,20150421,20150423,20150425,20150426,20150428,20150429,20150502 
G.7.1_index_1_VS_G.5.6_index_1 [20] 
20150316,20150319,20150320,20150321,20150322,20150324,20150326,20150327,20150329,20150331,20150403,20150404,20150405,20150406,20150407,20150408,20150409,20150412,20150414,20150419,20150424,20150425,20150428,20150429,20150430,20150502 
Number is 75 
G.7.1_index_1_VS_G.DB_index_5 [21] PLUS 1 
20150319,20150321,20150324,20150325,20150326,20150328,20150329,20150402,20150404,20150405,20150406,20150407,20150408,20150409,20150410,20150414,20150418,20150419,20150420,20150421,20150422,20150423,20150424,20150427,20150428,20150430,20150501 
Number is 76 
G.4.1_index_4_VS_G.1.1_index_1 [22] 
20150317,20150320,20150321,20150323,20150325,20150331,20150404,20150405,20150406,20150407,20150408,20150409,20150415,20150416,20150419,20150420,20150423,20150427,20150429,20150501,20150502 
