======== Current: 20150413 ========= 
Number is 15 
G.5.1_index_1_VS_G.5.6_index_4 [1] PLUS 1 
20150316,20150317,20150319,20150322,20150326,20150331,20150405,20150407,20150408,20150409,20150410,20150411,20150412,20150413,20150414,20150415,20150418,20150426,20150501 
Number is 30 
G.2.1_index_5_VS_G.3.5_index_5 [2] 
20150316,20150320,20150323,20150325,20150330,20150403,20150406,20150407,20150408,20150409,20150410,20150411,20150412,20150415,20150417,20150421,20150425,20150426,20150501 
Number is 34 
G.6.3_index_2_VS_G.7.2_index_1 [3] 
20150316,20150319,20150320,20150323,20150324,20150325,20150329,20150330,20150401,20150404,20150406,20150407,20150408,20150409,20150410,20150411,20150412,20150416,20150417,20150419,20150423,20150424,20150425,20150426 
Number is 40 
G.7.3_index_1_VS_G.3.5_index_5 [4] 
20150316,20150320,20150322,20150323,20150326,20150329,20150402,20150403,20150404,20150407,20150408,20150409,20150410,20150411,20150412,20150415,20150417,20150418,20150420,20150502 
Number is 49 
G.4.2_index_2_VS_G.4.4_index_2 [5] PLUS 1 
20150316,20150317,20150319,20150323,20150325,20150329,20150330,20150401,20150403,20150407,20150408,20150409,20150410,20150411,20150412,20150413,20150417,20150419,20150420,20150425,20150426,20150501,20150502 
Number is 52 
G.1.1_index_4_VS_G.3.3_index_5 [6] 
20150318,20150319,20150320,20150324,20150326,20150327,20150328,20150401,20150402,20150404,20150407,20150408,20150409,20150410,20150411,20150412,20150421,20150422,20150424,20150425,20150427 
Number is 60 
G.3.1_index_3_VS_G.3.3_index_2 [7] 
20150319,20150329,20150403,20150407,20150408,20150409,20150410,20150411,20150412,20150414,20150416,20150422,20150423,20150428,20150501,20150502 
Number is 72 
G.4.3_index_4_VS_G.3.3_index_5 [8] 
20150316,20150317,20150318,20150320,20150321,20150326,20150327,20150328,20150330,20150401,20150406,20150407,20150408,20150409,20150410,20150411,20150412,20150415,20150423,20150424,20150426,20150501 
Number is 74 
G.6.2_index_3_VS_G.4.2_index_2 [9] 
20150317,20150323,20150327,20150328,20150330,20150401,20150403,20150404,20150406,20150407,20150408,20150409,20150410,20150411,20150412,20150415,20150416,20150417,20150419,20150420,20150421,20150423,20150426,20150430,20150501,20150502 
Number is 75 
G.6.2_index_3_VS_G.3.2_index_4 [10] PLUS 1 
20150316,20150318,20150325,20150326,20150328,20150329,20150330,20150331,20150401,20150403,20150404,20150405,20150407,20150408,20150409,20150410,20150411,20150412,20150413,20150414,20150415,20150417,20150420,20150421,20150422,20150424 
Number is 80 
G.3.6_index_3_VS_G.3.3_index_2 [11] PLUS 1 
20150318,20150319,20150322,20150326,20150327,20150329,20150403,20150405,20150407,20150408,20150409,20150410,20150411,20150412,20150413,20150417,20150420,20150422,20150423,20150425,20150427,20150428,20150430 
Number is 81 
G.5.3_index_3_VS_G.4.3_index_3 [12] PLUS 1 
20150317,20150324,20150325,20150328,20150329,20150330,20150331,20150405,20150406,20150407,20150408,20150409,20150410,20150411,20150412,20150413,20150415,20150418,20150424,20150429,20150430 
Number is 83 
G.4.1_index_1_VS_G.3.2_index_3 [13] 
20150316,20150317,20150319,20150320,20150325,20150328,20150329,20150331,20150402,20150404,20150407,20150408,20150409,20150410,20150411,20150412,20150416,20150419,20150420,20150421,20150422,20150423,20150424,20150430,20150502 
Number is 99 
G.5.1_index_3_VS_G.2.2_index_3 [14] 
20150316,20150319,20150321,20150322,20150328,20150329,20150330,20150331,20150404,20150406,20150407,20150408,20150409,20150410,20150411,20150412,20150420,20150423,20150430,20150501,20150502 
