======== Current: 20150414 ========= 
Number is 00 
G.7.3_index_1_VS_G.2.2_index_3 [1] 
20150316,20150318,20150319,20150323,20150328,20150330,20150408,20150409,20150410,20150411,20150412,20150413,20150417,20150418,20150419,20150420,20150423,20150425,20150430,20150502 
Number is 02 
G.4.2_index_2_VS_G.4.4_index_2 [2] 
20150316,20150317,20150319,20150323,20150325,20150329,20150330,20150401,20150403,20150407,20150408,20150409,20150410,20150411,20150412,20150413,20150417,20150419,20150420,20150425,20150426,20150501,20150502 
Number is 18 
G.6.2_index_3_VS_G.3.2_index_4 [3] PLUS 1 
20150316,20150318,20150325,20150326,20150328,20150329,20150330,20150331,20150401,20150403,20150404,20150405,20150407,20150408,20150409,20150410,20150411,20150412,20150413,20150414,20150415,20150417,20150420,20150421,20150422,20150424 
Number is 21 
G.4.1_index_1_VS_G.3.6_index_5 [4] PLUS 1 
20150319,20150320,20150321,20150325,20150326,20150328,20150329,20150330,20150331,20150401,20150402,20150403,20150405,20150408,20150409,20150410,20150411,20150412,20150413,20150414,20150417,20150419,20150420,20150421,20150422,20150424,20150427,20150428,20150429,20150430,20150501 
Number is 51 
G.3.5_index_1_VS_G.2.1_index_1 [5] PLUS 1 
20150317,20150318,20150320,20150323,20150328,20150329,20150331,20150402,20150403,20150405,20150408,20150409,20150410,20150411,20150412,20150413,20150414,20150416,20150418,20150419,20150420,20150423,20150425,20150426,20150427,20150430 
Number is 61 
G.5.6_index_3_VS_G.5.1_index_2 [6] 
20150317,20150318,20150323,20150325,20150328,20150331,20150401,20150403,20150405,20150406,20150408,20150409,20150410,20150411,20150412,20150413,20150416,20150417,20150418,20150420,20150423,20150426,20150427,20150428,20150430,20150502 
G.5.1_index_1_VS_G.2.1_index_2 [7] 
20150316,20150319,20150321,20150322,20150325,20150329,20150330,20150331,20150405,20150408,20150409,20150410,20150411,20150412,20150413,20150415,20150420,20150423,20150424,20150428,20150429,20150501,20150502 
Number is 63 
G.5.1_index_1_VS_G.4.4_index_4 [8] 
20150316,20150318,20150320,20150321,20150327,20150329,20150330,20150401,20150408,20150409,20150410,20150411,20150412,20150413,20150415,20150418,20150419,20150423,20150427,20150428,20150430,20150502 
Number is 65 
G.5.1_index_1_VS_G.3.5_index_1 [9] PLUS 1 
20150318,20150319,20150320,20150327,20150329,20150408,20150409,20150410,20150411,20150412,20150413,20150414,20150416,20150417,20150423,20150425,20150426,20150501,20150502 
G.6.2_index_1_VS_G.1.1_index_2 [10] PLUS 1 
20150323,20150325,20150328,20150402,20150405,20150406,20150408,20150409,20150410,20150411,20150412,20150413,20150414,20150417,20150419,20150420,20150423,20150424,20150427,20150430,20150501,20150502 
Number is 68 
G.5.1_index_1_VS_G.5.6_index_4 [11] PLUS 1 
20150316,20150317,20150319,20150322,20150326,20150331,20150405,20150407,20150408,20150409,20150410,20150411,20150412,20150413,20150414,20150415,20150418,20150426,20150501 
G.DB_index_4_VS_G.3.2_index_4 [12] PLUS 1 
20150316,20150317,20150318,20150319,20150323,20150327,20150329,20150330,20150331,20150401,20150405,20150408,20150409,20150410,20150411,20150412,20150413,20150414,20150415,20150416,20150417,20150420,20150421,20150422,20150425,20150428,20150430 
Number is 81 
G.1.1_index_3_VS_G.7.3_index_2 [13] PLUS 1 
20150317,20150319,20150320,20150321,20150324,20150325,20150329,20150330,20150331,20150402,20150408,20150409,20150410,20150411,20150412,20150413,20150414,20150416,20150417,20150420,20150422,20150425,20150429,20150502 
Number is 84 
G.3.2_index_4_VS_G.6.3_index_3 [14] 
20150316,20150319,20150322,20150325,20150327,20150329,20150403,20150406,20150408,20150409,20150410,20150411,20150412,20150413,20150415,20150416,20150417,20150421,20150423,20150424,20150425,20150426,20150430,20150501 
Number is 88 
G.3.6_index_3_VS_G.3.3_index_2 [15] 
20150318,20150319,20150322,20150326,20150327,20150329,20150403,20150405,20150407,20150408,20150409,20150410,20150411,20150412,20150413,20150417,20150420,20150422,20150423,20150425,20150427,20150428,20150430 
Number is 98 
G.5.3_index_3_VS_G.4.3_index_3 [16] 
20150317,20150324,20150325,20150328,20150329,20150330,20150331,20150405,20150406,20150407,20150408,20150409,20150410,20150411,20150412,20150413,20150415,20150418,20150424,20150429,20150430 
