======== Current: 20150416 ========= 
Number is 03 
G.6.3_index_3_VS_G.5.4_index_1 [1] 
20150316,20150317,20150322,20150329,20150330,20150402,20150404,20150406,20150408,20150410,20150411,20150412,20150413,20150414,20150415,20150417,20150420,20150421,20150422,20150424,20150425,20150428,20150501 
Number is 22 
G.6.2_index_1_VS_G.5.1_index_4 [2] 
20150316,20150317,20150319,20150322,20150323,20150324,20150325,20150326,20150327,20150328,20150329,20150331,20150402,20150405,20150406,20150407,20150409,20150410,20150411,20150412,20150413,20150414,20150415,20150420,20150423,20150425,20150426,20150427,20150430,20150501,20150502 
Number is 23 
G.5.1_index_1_VS_G.5.6_index_4 [3] 
20150316,20150317,20150319,20150322,20150326,20150331,20150405,20150407,20150408,20150409,20150410,20150411,20150412,20150413,20150414,20150415,20150418,20150426,20150501 
Number is 26 
G.5.1_index_1_VS_G.2.1_index_5 [4] 
20150316,20150317,20150320,20150328,20150403,20150405,20150406,20150409,20150410,20150411,20150412,20150413,20150414,20150415,20150417,20150419,20150423,20150425,20150427,20150501 
Number is 28 
G.4.3_index_4_VS_G.DB_index_2 [5] 
20150317,20150318,20150320,20150323,20150325,20150326,20150328,20150329,20150330,20150401,20150405,20150408,20150410,20150411,20150412,20150413,20150414,20150415,20150419,20150420,20150421,20150427,20150430,20150502 
Number is 31 
G.DB_index_5_VS_G.5.5_index_3 [6] PLUS 1 
20150318,20150322,20150323,20150328,20150329,20150401,20150403,20150408,20150410,20150411,20150412,20150413,20150414,20150415,20150416,20150418,20150423,20150426,20150427,20150428,20150502 
Number is 42 
G.2.1_index_4_VS_G.5.1_index_1 [7] 
20150316,20150317,20150320,20150321,20150322,20150328,20150329,20150330,20150331,20150409,20150410,20150411,20150412,20150413,20150414,20150415,20150417,20150418,20150420,20150422,20150423,20150425,20150428,20150429,20150430,20150502 
Number is 56 
G.6.2_index_3_VS_G.3.2_index_4 [8] 
20150316,20150318,20150325,20150326,20150328,20150329,20150330,20150331,20150401,20150403,20150404,20150405,20150407,20150408,20150409,20150410,20150411,20150412,20150413,20150414,20150415,20150417,20150420,20150421,20150422,20150424 
Number is 61 
G.3.2_index_4_VS_G.5.5_index_1 [9] PLUS 1 
20150316,20150317,20150318,20150319,20150320,20150321,20150325,20150330,20150403,20150405,20150407,20150409,20150410,20150411,20150412,20150413,20150414,20150415,20150416,20150419,20150421,20150426,20150427,20150429,20150430 
Number is 66 
G.3.4_index_5_VS_G.3.2_index_4 [10] 
20150318,20150319,20150325,20150326,20150327,20150328,20150329,20150330,20150404,20150407,20150410,20150411,20150412,20150413,20150414,20150415,20150422,20150424,20150425,20150428,20150429,20150430 
Number is 67 
G.4.4_index_4_VS_G.3.3_index_2 [11] PLUS 1 
20150317,20150319,20150321,20150323,20150326,20150327,20150329,20150401,20150404,20150405,20150406,20150410,20150411,20150412,20150413,20150414,20150415,20150416,20150418,20150427,20150428,20150502 
Number is 73 
G.DB_index_4_VS_G.4.2_index_2 [12] PLUS 1 
20150317,20150319,20150323,20150326,20150330,20150401,20150404,20150406,20150409,20150410,20150411,20150412,20150413,20150414,20150415,20150416,20150417,20150418,20150420,20150421,20150423,20150424,20150427,20150430,20150501 
Number is 74 
G.3.3_index_2_VS_G.2.1_index_4 [13] PLUS 1 
20150319,20150320,20150321,20150322,20150323,20150324,20150326,20150327,20150329,20150404,20150407,20150408,20150410,20150411,20150412,20150413,20150414,20150415,20150416,20150418,20150419,20150423,20150425,20150426,20150427,20150429,20150430,20150501,20150502 
Number is 75 
G.DB_index_4_VS_G.2.1_index_3 [14] 
20150316,20150317,20150318,20150321,20150326,20150327,20150328,20150329,20150330,20150401,20150402,20150407,20150410,20150411,20150412,20150413,20150414,20150415,20150417,20150420,20150421,20150422,20150424,20150426,20150427,20150428,20150429 
Number is 76 
G.DB_index_4_VS_G.3.2_index_4 [15] PLUS 1 
20150316,20150317,20150318,20150319,20150323,20150327,20150329,20150330,20150331,20150401,20150405,20150408,20150409,20150410,20150411,20150412,20150413,20150414,20150415,20150416,20150417,20150420,20150421,20150422,20150425,20150428,20150430 
Number is 77 
G.3.6_index_5_VS_G.3.6_index_1 [16] 
20150317,20150319,20150320,20150322,20150324,20150325,20150327,20150401,20150404,20150405,20150408,20150410,20150411,20150412,20150413,20150414,20150415,20150423,20150428,20150429,20150430 
Number is 97 
G.5.3_index_4_VS_G.3.3_index_2 [17] 
20150319,20150324,20150325,20150326,20150401,20150402,20150404,20150408,20150410,20150411,20150412,20150413,20150414,20150415,20150418,20150421,20150422,20150423,20150430,20150502 
