======== Current: 20150422 ========= 
Number is 02 
G.4.3_index_2_VS_G.7.4_index_2 [1] PLUS 1 
20150316,20150317,20150320,20150323,20150324,20150327,20150329,20150330,20150331,20150406,20150408,20150410,20150416,20150417,20150418,20150419,20150420,20150421,20150422,20150423,20150427,20150430,20150501,20150502 
Number is 10 
G.3.4_index_1_VS_G.1.1_index_3 [2] PLUS 1 
20150316,20150318,20150320,20150321,20150323,20150324,20150325,20150327,20150329,20150402,20150403,20150411,20150412,20150414,20150416,20150417,20150418,20150419,20150420,20150421,20150422,20150424,20150425,20150426,20150427,20150501 
Number is 18 
G.3.2_index_1_VS_G.4.2_index_2 [3] 
20150316,20150317,20150323,20150327,20150328,20150331,20150406,20150407,20150408,20150409,20150411,20150412,20150413,20150416,20150417,20150418,20150419,20150420,20150421,20150424,20150426,20150429,20150430,20150501 
G.3.2_index_1_VS_G.6.2_index_2 [4] 
20150317,20150323,20150326,20150329,20150401,20150403,20150404,20150407,20150408,20150409,20150416,20150417,20150418,20150419,20150420,20150421,20150423,20150424,20150426,20150428,20150429,20150501 
Number is 19 
G.3.4_index_1_VS_G.DB_index_2 [5] 
20150317,20150318,20150321,20150323,20150325,20150327,20150330,20150331,20150402,20150404,20150405,20150407,20150410,20150411,20150416,20150417,20150418,20150419,20150420,20150421,20150426,20150427,20150428,20150429,20150430,20150501 
Number is 21 
G.4.1_index_1_VS_G.7.1_index_1 [6] 
20150316,20150317,20150319,20150320,20150321,20150323,20150325,20150329,20150330,20150403,20150405,20150408,20150409,20150410,20150414,20150416,20150417,20150418,20150419,20150420,20150421,20150427,20150430,20150501 
Number is 23 
G.4.1_index_1_VS_G.2.2_index_5 [7] 
20150317,20150320,20150321,20150322,20150328,20150329,20150330,20150331,20150402,20150403,20150404,20150405,20150408,20150409,20150410,20150416,20150417,20150418,20150419,20150420,20150421,20150425,20150427,20150428,20150430,20150502 
Number is 26 
G.3.2_index_5_VS_G.6.2_index_3 [8] 
20150318,20150321,20150322,20150329,20150330,20150331,20150401,20150402,20150403,20150404,20150406,20150408,20150410,20150414,20150415,20150416,20150417,20150418,20150419,20150420,20150421,20150423,20150425,20150426,20150427,20150430 
G.3.1_index_5_VS_G.2.1_index_5 [9] 
20150320,20150321,20150329,20150401,20150403,20150404,20150408,20150409,20150411,20150412,20150415,20150416,20150417,20150418,20150419,20150420,20150421,20150424,20150426,20150427,20150501 
Number is 29 
G.4.1_index_1_VS_G.3.4_index_4 [10] PLUS 1 
20150317,20150319,20150320,20150321,20150323,20150325,20150405,20150406,20150410,20150411,20150412,20150413,20150416,20150417,20150418,20150419,20150420,20150421,20150422,20150425,20150429,20150430 
Number is 30 
G.6.3_index_1_VS_G.2.1_index_2 [11] 
20150318,20150321,20150322,20150328,20150329,20150330,20150402,20150408,20150409,20150411,20150413,20150415,20150416,20150417,20150418,20150419,20150420,20150421,20150423,20150426,20150429,20150501,20150502 
Number is 32 
G.5.1_index_1_VS_G.4.1_index_1 [12] 
20150317,20150325,20150326,20150327,20150329,20150330,20150404,20150408,20150410,20150411,20150413,20150414,20150416,20150417,20150418,20150419,20150420,20150421,20150424,20150427 
Number is 35 
G.6.1_index_3_VS_G.1.1_index_2 [13] PLUS 1 
20150316,20150320,20150321,20150323,20150325,20150327,20150330,20150402,20150409,20150410,20150413,20150415,20150416,20150417,20150418,20150419,20150420,20150421,20150422,20150501 
Number is 39 
G.6.3_index_1_VS_G.4.4_index_4 [14] 
20150317,20150318,20150319,20150321,20150322,20150328,20150329,20150330,20150331,20150402,20150408,20150412,20150413,20150416,20150417,20150418,20150419,20150420,20150421,20150502 
G.6.3_index_1_VS_G.7.2_index_2 [15] 
20150316,20150317,20150322,20150323,20150325,20150330,20150401,20150405,20150408,20150411,20150416,20150417,20150418,20150419,20150420,20150421,20150425,20150426,20150430,20150501 
Number is 60 
G.6.2_index_3_VS_G.DB_index_5 [16] PLUS 1 
20150316,20150317,20150322,20150325,20150326,20150327,20150328,20150331,20150404,20150405,20150408,20150414,20150415,20150416,20150417,20150418,20150419,20150420,20150421,20150422,20150423,20150425,20150426,20150428,20150429,20150430,20150501,20150502 
Number is 66 
G.2.2_index_3_VS_G.DB_index_4 [17] 
20150316,20150318,20150321,20150322,20150328,20150329,20150330,20150401,20150402,20150404,20150407,20150408,20150410,20150412,20150413,20150414,20150416,20150417,20150418,20150419,20150420,20150421,20150423,20150430 
Number is 71 
G.3.6_index_1_VS_G.4.4_index_2 [18] 
20150316,20150321,20150322,20150328,20150331,20150401,20150405,20150406,20150408,20150412,20150416,20150417,20150418,20150419,20150420,20150421,20150423,20150426,20150427,20150430,20150501 
G.5.2_index_1_VS_G.7.1_index_1 [19] 
20150316,20150317,20150318,20150321,20150322,20150323,20150326,20150327,20150329,20150401,20150402,20150406,20150408,20150414,20150416,20150417,20150418,20150419,20150420,20150421,20150426,20150430,20150501 
Number is 79 
G.4.3_index_3_VS_G.4.4_index_4 [20] PLUS 1 
20150317,20150323,20150329,20150330,20150331,20150404,20150405,20150407,20150408,20150410,20150413,20150414,20150415,20150416,20150417,20150418,20150419,20150420,20150421,20150422,20150424,20150427,20150429 
Number is 83 
G.7.3_index_1_VS_G.5.5_index_4 [21] PLUS 1 
20150319,20150320,20150321,20150324,20150326,20150405,20150408,20150409,20150411,20150412,20150413,20150414,20150415,20150416,20150417,20150418,20150419,20150420,20150421,20150422,20150423,20150425,20150426,20150427,20150428,20150429 
G.3.3_index_3_VS_G.3.1_index_4 [22] PLUS 1 
20150316,20150317,20150319,20150322,20150323,20150327,20150329,20150330,20150331,20150405,20150406,20150408,20150409,20150411,20150416,20150417,20150418,20150419,20150420,20150421,20150422,20150425,20150501,20150502 
Number is 85 
G.6.2_index_2_VS_G.3.1_index_2 [23] 
20150316,20150317,20150323,20150325,20150327,20150401,20150403,20150405,20150406,20150416,20150417,20150418,20150419,20150420,20150421,20150425,20150426,20150428,20150429,20150430,20150501 
Number is 86 
G.5.2_index_4_VS_G.5.5_index_2 [24] 
20150316,20150317,20150318,20150320,20150321,20150322,20150323,20150326,20150328,20150330,20150402,20150404,20150407,20150416,20150417,20150418,20150419,20150420,20150421,20150429,20150430 
Number is 89 
G.4.2_index_2_VS_G.4.4_index_1 [25] 
20150316,20150318,20150319,20150323,20150325,20150327,20150402,20150403,20150407,20150408,20150411,20150413,20150416,20150417,20150418,20150419,20150420,20150421,20150426,20150430,20150501 
Number is 92 
G.2.1_index_1_VS_G.4.4_index_3 [26] PLUS 1 
20150317,20150323,20150325,20150326,20150328,20150331,20150401,20150403,20150404,20150405,20150408,20150410,20150413,20150414,20150416,20150417,20150418,20150419,20150420,20150421,20150422,20150426,20150430 
Number is 93 
G.1.1_index_5_VS_G.5.5_index_4 [27] 
20150316,20150317,20150321,20150322,20150324,20150325,20150326,20150331,20150402,20150403,20150408,20150409,20150410,20150412,20150414,20150416,20150417,20150418,20150419,20150420,20150421,20150426,20150427,20150429,20150501 
Number is 96 
G.5.3_index_2_VS_G.6.1_index_1 [28] 
20150317,20150318,20150319,20150321,20150323,20150326,20150402,20150403,20150404,20150405,20150406,20150407,20150409,20150410,20150414,20150416,20150417,20150418,20150419,20150420,20150421,20150423,20150424,20150426,20150429,20150501 
G.7.4_index_1_VS_G.6.2_index_3 [29] 
20150317,20150322,20150326,20150327,20150328,20150329,20150330,20150401,20150403,20150408,20150409,20150411,20150415,20150416,20150417,20150418,20150419,20150420,20150421,20150424,20150426,20150428,20150429,20150430,20150501,20150502 
Number is 97 
G.DB_index_2_VS_G.3.6_index_3 [30] PLUS 1 
20150317,20150323,20150324,20150325,20150326,20150327,20150328,20150329,20150331,20150402,20150405,20150407,20150410,20150414,20150416,20150417,20150418,20150419,20150420,20150421,20150422 
Number is 98 
G.3.4_index_4_VS_G.5.2_index_4 [31] 
20150316,20150317,20150319,20150321,20150323,20150324,20150325,20150326,20150328,20150329,20150330,20150407,20150411,20150412,20150414,20150416,20150417,20150418,20150419,20150420,20150421,20150423,20150424,20150426,20150430,20150502 
G.DB_index_2_VS_G.3.3_index_3 [32] 
20150316,20150318,20150319,20150320,20150321,20150323,20150324,20150326,20150327,20150401,20150402,20150404,20150407,20150410,20150411,20150414,20150416,20150417,20150418,20150419,20150420,20150421,20150423,20150428,20150429,20150430,20150501 
Number is 99 
G.DB_index_2_VS_G.7.4_index_1 [33] 
20150317,20150318,20150323,20150327,20150328,20150401,20150402,20150404,20150406,20150407,20150408,20150409,20150416,20150417,20150418,20150419,20150420,20150421,20150423,20150425,20150427,20150428,20150430 
