======== Current: 20150427 ========= 
Number is 02 
G.2.1_index_2_VS_G.3.2_index_5 [1] 
20150316,20150317,20150318,20150319,20150321,20150322,20150324,20150325,20150327,20150328,20150329,20150402,20150403,20150405,20150409,20150414,20150415,20150416,20150417,20150419,20150420,20150421,20150422,20150423,20150424,20150425,20150426,20150428,20150429,20150430,20150501 
Number is 05 
G.3.3_index_5_VS_G.4.1_index_2 [2] 
20150316,20150317,20150319,20150321,20150323,20150328,20150402,20150407,20150411,20150416,20150418,20150421,20150422,20150423,20150424,20150425,20150426,20150430,20150501,20150502 
Number is 13 
G.2.1_index_4_VS_G.5.3_index_2 [3] 
20150318,20150319,20150320,20150321,20150323,20150324,20150326,20150327,20150403,20150405,20150406,20150409,20150417,20150418,20150421,20150422,20150423,20150424,20150425,20150426,20150429,20150430 
G.2.1_index_4_VS_G.4.2_index_4 [4] 
20150320,20150321,20150323,20150324,20150401,20150404,20150413,20150414,20150415,20150416,20150417,20150418,20150419,20150421,20150422,20150423,20150424,20150425,20150426,20150429,20150430,20150502 
G.3.6_index_4_VS_G.7.4_index_1 [5] 
20150316,20150320,20150326,20150329,20150330,20150403,20150404,20150405,20150407,20150412,20150415,20150416,20150417,20150418,20150419,20150421,20150422,20150423,20150424,20150425,20150426,20150429,20150501,20150502 
G.2.1_index_4_VS_G.4.1_index_1 [6] 
20150318,20150319,20150321,20150322,20150325,20150326,20150327,20150329,20150401,20150404,20150407,20150408,20150409,20150410,20150412,20150413,20150414,20150416,20150417,20150421,20150422,20150423,20150424,20150425,20150426,20150428,20150429,20150430,20150502 
Number is 21 
G.5.4_index_4_VS_G.2.1_index_4 [7] PLUS 1 
20150316,20150318,20150321,20150323,20150324,20150325,20150326,20150403,20150406,20150408,20150414,20150415,20150418,20150420,20150421,20150422,20150423,20150424,20150425,20150426,20150427,20150501,20150502 
Number is 22 
G.3.2_index_5_VS_G.3.6_index_5 [8] 
20150319,20150321,20150324,20150330,20150331,20150401,20150402,20150405,20150406,20150408,20150409,20150412,20150414,20150416,20150421,20150422,20150423,20150424,20150425,20150426,20150428,20150429,20150430,20150501 
G.3.2_index_5_VS_G.3.3_index_2 [9] 
20150319,20150320,20150322,20150324,20150325,20150327,20150331,20150401,20150403,20150404,20150406,20150407,20150414,20150415,20150416,20150417,20150420,20150421,20150422,20150423,20150424,20150425,20150426,20150428,20150501 
Number is 30 
G.3.3_index_4_VS_G.5.5_index_3 [10] PLUS 1 
20150316,20150317,20150318,20150319,20150321,20150322,20150323,20150325,20150326,20150327,20150328,20150330,20150401,20150403,20150404,20150405,20150407,20150408,20150410,20150416,20150420,20150421,20150422,20150423,20150424,20150425,20150426,20150427,20150430,20150502 
Number is 39 
G.5.3_index_2_VS_G.5.1_index_4 [11] PLUS 1 
20150316,20150317,20150318,20150319,20150320,20150323,20150325,20150326,20150328,20150329,20150331,20150401,20150402,20150403,20150406,20150407,20150409,20150410,20150413,20150419,20150420,20150421,20150422,20150423,20150424,20150425,20150426,20150427,20150428,20150430,20150501 
G.6.2_index_1_VS_G.7.4_index_2 [12] PLUS 1 
20150320,20150321,20150323,20150324,20150325,20150327,20150328,20150330,20150403,20150408,20150409,20150410,20150415,20150417,20150420,20150421,20150422,20150423,20150424,20150425,20150426,20150427,20150430,20150502 
Number is 49 
G.DB_index_3_VS_G.7.4_index_2 [13] PLUS 1 
20150316,20150323,20150324,20150325,20150328,20150402,20150404,20150410,20150413,20150417,20150420,20150421,20150422,20150423,20150424,20150425,20150426,20150427,20150430,20150501 
Number is 52 
G.6.3_index_2_VS_G.3.2_index_5 [14] 
20150316,20150317,20150319,20150323,20150324,20150327,20150401,20150409,20150410,20150414,20150415,20150417,20150421,20150422,20150423,20150424,20150425,20150426,20150429,20150430 
G.4.1_index_2_VS_G.7.2_index_2 [15] 
20150316,20150317,20150320,20150328,20150329,20150401,20150402,20150407,20150411,20150415,20150416,20150418,20150420,20150421,20150422,20150423,20150424,20150425,20150426,20150430,20150501 
G.3.1_index_2_VS_G.5.4_index_4 [16] 
20150316,20150318,20150321,20150323,20150324,20150325,20150326,20150328,20150329,20150403,20150405,20150406,20150415,20150416,20150417,20150418,20150419,20150421,20150422,20150423,20150424,20150425,20150426,20150428 
Number is 56 
G.6.3_index_2_VS_G.3.4_index_3 [17] 
20150321,20150322,20150323,20150324,20150327,20150329,20150330,20150331,20150401,20150403,20150405,20150407,20150408,20150412,20150415,20150419,20150421,20150422,20150423,20150424,20150425,20150426,20150502 
Number is 61 
G.4.3_index_2_VS_G.2.2_index_3 [18] 
20150316,20150319,20150322,20150328,20150329,20150402,20150403,20150404,20150412,20150414,20150415,20150418,20150420,20150421,20150422,20150423,20150424,20150425,20150426,20150430,20150502 
Number is 65 
G.5.2_index_1_VS_G.3.2_index_3 [19] 
20150316,20150317,20150320,20150321,20150329,20150330,20150331,20150401,20150402,20150403,20150404,20150407,20150416,20150419,20150420,20150421,20150422,20150423,20150424,20150425,20150426,20150430,20150501 
Number is 67 
G.4.3_index_2_VS_G.5.3_index_4 [20] 
20150316,20150317,20150318,20150320,20150322,20150324,20150326,20150328,20150330,20150331,20150401,20150402,20150404,20150408,20150410,20150412,20150414,20150417,20150418,20150419,20150421,20150422,20150423,20150424,20150425,20150426,20150430,20150502 
Number is 79 
G.4.1_index_3_VS_G.7.4_index_2 [21] PLUS 1 
20150321,20150322,20150323,20150324,20150325,20150327,20150331,20150401,20150403,20150405,20150408,20150409,20150417,20150418,20150419,20150420,20150421,20150422,20150423,20150424,20150425,20150426,20150427,20150429,20150430,20150502 
Number is 81 
G.5.2_index_3_VS_G.2.1_index_4 [22] 
20150317,20150318,20150320,20150321,20150322,20150324,20150325,20150326,20150327,20150329,20150330,20150405,20150407,20150413,20150414,20150415,20150416,20150418,20150419,20150420,20150421,20150422,20150423,20150424,20150425,20150426,20150429,20150502 
G.5.2_index_3_VS_G.DB_index_1 [23] 
20150316,20150317,20150321,20150326,20150329,20150330,20150405,20150406,20150409,20150410,20150411,20150413,20150414,20150415,20150416,20150419,20150420,20150421,20150422,20150423,20150424,20150425,20150426,20150501,20150502 
G.5.4_index_3_VS_G.4.4_index_3 [24] 
20150317,20150319,20150320,20150321,20150323,20150325,20150329,20150403,20150405,20150410,20150412,20150413,20150417,20150418,20150420,20150421,20150422,20150423,20150424,20150425,20150426,20150430,20150501 
G.1.1_index_4_VS_G.4.4_index_3 [25] 
20150317,20150321,20150324,20150325,20150326,20150328,20150403,20150404,20150406,20150407,20150408,20150410,20150411,20150414,20150417,20150418,20150419,20150421,20150422,20150423,20150424,20150425,20150426 
Number is 86 
G.5.4_index_3_VS_G.3.5_index_2 [26] PLUS 1 
20150317,20150320,20150321,20150323,20150327,20150329,20150330,20150401,20150402,20150407,20150409,20150410,20150411,20150412,20150413,20150417,20150418,20150421,20150422,20150423,20150424,20150425,20150426,20150427,20150428,20150430,20150501 
G.2.1_index_5_VS_G.3.4_index_3 [27] PLUS 1 
20150317,20150318,20150321,20150323,20150324,20150329,20150401,20150406,20150409,20150411,20150412,20150415,20150419,20150421,20150422,20150423,20150424,20150425,20150426,20150427,20150502 
