======== Current: 20150428 ========= 
Number is 05 
G.2.1_index_5_VS_G.3.4_index_3 [1] 
20150317,20150318,20150321,20150323,20150324,20150329,20150401,20150406,20150409,20150411,20150412,20150415,20150419,20150421,20150422,20150423,20150424,20150425,20150426,20150427,20150502 
Number is 07 
G.3.2_index_4_VS_G.7.3_index_2 [2] PLUS 1 
20150317,20150319,20150321,20150322,20150323,20150325,20150402,20150404,20150406,20150411,20150412,20150414,20150416,20150417,20150419,20150422,20150423,20150424,20150425,20150426,20150427,20150428,20150429,20150430 
Number is 08 
G.1.1_index_1_VS_G.5.1_index_4 [3] 
20150319,20150320,20150321,20150322,20150325,20150326,20150330,20150331,20150401,20150403,20150407,20150410,20150413,20150419,20150420,20150422,20150423,20150424,20150425,20150426,20150427,20150430 
Number is 17 
G.2.2_index_5_VS_G.7.3_index_1 [4] PLUS 1 
20150317,20150321,20150323,20150325,20150329,20150402,20150404,20150406,20150407,20150409,20150411,20150417,20150418,20150419,20150420,20150422,20150423,20150424,20150425,20150426,20150427,20150428,20150429,20150430,20150501,20150502 
Number is 19 
G.DB_index_5_VS_G.3.6_index_1 [5] PLUS 1 
20150321,20150322,20150325,20150326,20150329,20150401,20150405,20150408,20150409,20150410,20150411,20150413,20150414,20150416,20150417,20150418,20150419,20150420,20150422,20150423,20150424,20150425,20150426,20150427,20150428,20150501 
Number is 28 
G.5.2_index_3_VS_G.5.1_index_4 [6] 
20150316,20150317,20150318,20150319,20150326,20150329,20150331,20150401,20150406,20150413,20150414,20150415,20150420,20150422,20150423,20150424,20150425,20150426,20150427 
Number is 49 
G.1.1_index_3_VS_G.3.6_index_1 [7] 
20150317,20150320,20150322,20150323,20150326,20150327,20150329,20150404,20150412,20150414,20150415,20150416,20150417,20150420,20150422,20150423,20150424,20150425,20150426,20150427,20150429,20150430 
Number is 58 
G.6.2_index_1_VS_G.7.4_index_2 [8] 
20150320,20150321,20150323,20150324,20150325,20150327,20150328,20150330,20150403,20150408,20150409,20150410,20150415,20150417,20150420,20150421,20150422,20150423,20150424,20150425,20150426,20150427,20150430,20150502 
G.DB_index_3_VS_G.7.4_index_2 [9] 
20150316,20150323,20150324,20150325,20150328,20150402,20150404,20150410,20150413,20150417,20150420,20150421,20150422,20150423,20150424,20150425,20150426,20150427,20150430,20150501 
Number is 77 
G.7.3_index_1_VS_G.3.1_index_4 [10] 
20150316,20150318,20150327,20150330,20150401,20150406,20150408,20150409,20150416,20150419,20150422,20150423,20150424,20150425,20150426,20150427,20150429,20150502 
Number is 78 
G.5.3_index_2_VS_G.5.1_index_4 [11] PLUS 1 
20150316,20150317,20150318,20150319,20150320,20150323,20150325,20150326,20150328,20150329,20150331,20150401,20150402,20150403,20150406,20150407,20150409,20150410,20150413,20150419,20150420,20150421,20150422,20150423,20150424,20150425,20150426,20150427,20150428,20150430,20150501 
Number is 79 
G.7.3_index_2_VS_G.1.1_index_5 [12] 
20150316,20150317,20150324,20150329,20150330,20150401,20150402,20150405,20150407,20150408,20150416,20150418,20150419,20150422,20150423,20150424,20150425,20150426,20150427,20150429,20150502 
Number is 80 
G.7.4_index_2_VS_G.1.1_index_2 [13] 
20150321,20150322,20150323,20150328,20150329,20150404,20150406,20150409,20150410,20150411,20150414,20150422,20150423,20150424,20150425,20150426,20150427,20150501,20150502 
Number is 82 
G.5.1_index_4_VS_G.4.2_index_4 [14] 
20150317,20150321,20150322,20150323,20150324,20150325,20150326,20150327,20150330,20150402,20150404,20150406,20150413,20150415,20150417,20150420,20150422,20150423,20150424,20150425,20150426,20150427,20150430,20150502 
Number is 88 
G.7.4_index_2_VS_G.4.1_index_4 [15] 
20150316,20150317,20150318,20150320,20150323,20150327,20150330,20150331,20150401,20150402,20150403,20150408,20150413,20150420,20150422,20150423,20150424,20150425,20150426,20150427,20150429,20150430,20150501,20150502 
Number is 92 
G.1.1_index_5_VS_G.4.3_index_3 [16] PLUS 1 
20150317,20150318,20150320,20150322,20150324,20150326,20150327,20150328,20150401,20150403,20150404,20150405,20150407,20150408,20150413,20150414,20150416,20150419,20150422,20150423,20150424,20150425,20150426,20150427,20150428,20150429,20150501,20150502 
Number is 96 
G.5.4_index_3_VS_G.3.5_index_2 [17] PLUS 1 
20150317,20150320,20150321,20150323,20150327,20150329,20150330,20150401,20150402,20150407,20150409,20150410,20150411,20150412,20150413,20150417,20150418,20150421,20150422,20150423,20150424,20150425,20150426,20150427,20150428,20150430,20150501 
G.5.5_index_1_VS_G.5.4_index_2 [18] PLUS 1 
20150316,20150318,20150319,20150320,20150324,20150325,20150326,20150329,20150401,20150404,20150405,20150407,20150409,20150411,20150412,20150414,20150419,20150422,20150423,20150424,20150425,20150426,20150427,20150428,20150429,20150430,20150501 
Number is 97 
G.3.3_index_4_VS_G.5.5_index_3 [19] 
20150316,20150317,20150318,20150319,20150321,20150322,20150323,20150325,20150326,20150327,20150328,20150330,20150401,20150403,20150404,20150405,20150407,20150408,20150410,20150416,20150420,20150421,20150422,20150423,20150424,20150425,20150426,20150427,20150430,20150502 
G.3.3_index_4_VS_G.DB_index_4 [20] 
20150316,20150317,20150319,20150321,20150322,20150323,20150327,20150330,20150331,20150402,20150404,20150416,20150419,20150420,20150422,20150423,20150424,20150425,20150426,20150427,20150430 
G.5.4_index_4_VS_G.2.1_index_4 [21] 
20150316,20150318,20150321,20150323,20150324,20150325,20150326,20150403,20150406,20150408,20150414,20150415,20150418,20150420,20150421,20150422,20150423,20150424,20150425,20150426,20150427,20150501,20150502 
Number is 98 
G.4.1_index_3_VS_G.7.4_index_2 [22] 
20150321,20150322,20150323,20150324,20150325,20150327,20150331,20150401,20150403,20150405,20150408,20150409,20150417,20150418,20150419,20150420,20150421,20150422,20150423,20150424,20150425,20150426,20150427,20150429,20150430,20150502 
