======== Current: 20150429 ========= 
Number is 08 
G.2.2_index_5_VS_G.7.3_index_1 [1] PLUS 1 
20150317,20150321,20150323,20150325,20150329,20150402,20150404,20150406,20150407,20150409,20150411,20150417,20150418,20150419,20150420,20150422,20150423,20150424,20150425,20150426,20150427,20150428,20150429,20150430,20150501,20150502 
Number is 12 
G.4.4_index_2_VS_G.5.6_index_1 [2] PLUS 1 
20150316,20150318,20150319,20150323,20150325,20150327,20150328,20150329,20150401,20150403,20150406,20150407,20150408,20150409,20150419,20150423,20150424,20150425,20150426,20150427,20150428,20150429,20150430,20150502 
G.1.1_index_5_VS_G.4.3_index_3 [3] PLUS 1 
20150317,20150318,20150320,20150322,20150324,20150326,20150327,20150328,20150401,20150403,20150404,20150405,20150407,20150408,20150413,20150414,20150416,20150419,20150422,20150423,20150424,20150425,20150426,20150427,20150428,20150429,20150501,20150502 
Number is 13 
G.3.2_index_4_VS_G.7.3_index_2 [4] PLUS 1 
20150317,20150319,20150321,20150322,20150323,20150325,20150402,20150404,20150406,20150411,20150412,20150414,20150416,20150417,20150419,20150422,20150423,20150424,20150425,20150426,20150427,20150428,20150429,20150430 
G.4.4_index_2_VS_G.7.4_index_1 [5] PLUS 1 
20150316,20150317,20150321,20150322,20150327,20150328,20150403,20150404,20150406,20150409,20150410,20150416,20150418,20150419,20150420,20150423,20150424,20150425,20150426,20150427,20150428,20150429,20150502 
Number is 16 
G.4.2_index_2_VS_G.2.1_index_5 [6] 
20150320,20150323,20150328,20150330,20150331,20150401,20150403,20150405,20150407,20150408,20150410,20150411,20150412,20150415,20150418,20150419,20150421,20150423,20150424,20150425,20150426,20150427,20150428,20150430,20150501 
Number is 23 
G.5.5_index_1_VS_G.5.4_index_2 [7] PLUS 1 
20150316,20150318,20150319,20150320,20150324,20150325,20150326,20150329,20150401,20150404,20150405,20150407,20150409,20150411,20150412,20150414,20150419,20150422,20150423,20150424,20150425,20150426,20150427,20150428,20150429,20150430,20150501 
Number is 34 
G.5.4_index_1_VS_G.2.2_index_2 [8] PLUS 1 
20150317,20150318,20150320,20150330,20150404,20150405,20150408,20150419,20150423,20150424,20150425,20150426,20150427,20150428,20150429,20150430,20150501,20150502 
Number is 36 
G.5.4_index_1_VS_G.DB_index_4 [9] PLUS 1 
20150317,20150321,20150322,20150325,20150326,20150327,20150328,20150329,20150330,20150401,20150402,20150404,20150407,20150410,20150411,20150413,20150414,20150416,20150417,20150420,20150421,20150423,20150424,20150425,20150426,20150427,20150428,20150429,20150430 
Number is 52 
G.7.1_index_2_VS_G.3.1_index_4 [10] PLUS 1 
20150317,20150318,20150320,20150322,20150325,20150327,20150328,20150329,20150330,20150331,20150401,20150403,20150404,20150407,20150408,20150410,20150411,20150412,20150419,20150423,20150424,20150425,20150426,20150427,20150428,20150429,20150501 
Number is 53 
G.5.4_index_3_VS_G.3.5_index_2 [11] 
20150317,20150320,20150321,20150323,20150327,20150329,20150330,20150401,20150402,20150407,20150409,20150410,20150411,20150412,20150413,20150417,20150418,20150421,20150422,20150423,20150424,20150425,20150426,20150427,20150428,20150430,20150501 
Number is 56 
G.5.5_index_2_VS_G.DB_index_4 [12] 
20150316,20150317,20150318,20150321,20150322,20150326,20150328,20150329,20150331,20150402,20150407,20150409,20150410,20150413,20150417,20150420,20150423,20150424,20150425,20150426,20150427,20150428,20150502 
Number is 76 
G.4.4_index_1_VS_G.5.1_index_2 [13] PLUS 1 
20150319,20150320,20150325,20150329,20150330,20150331,20150401,20150403,20150408,20150412,20150416,20150418,20150419,20150420,20150421,20150423,20150424,20150425,20150426,20150427,20150428,20150429,20150430 
Number is 82 
G.5.2_index_3_VS_G.2.2_index_1 [14] PLUS 1 
20150318,20150321,20150323,20150326,20150329,20150330,20150331,20150404,20150405,20150407,20150408,20150409,20150413,20150414,20150423,20150424,20150425,20150426,20150427,20150428,20150429,20150502 
Number is 90 
G.DB_index_5_VS_G.3.6_index_1 [15] 
20150321,20150322,20150325,20150326,20150329,20150401,20150405,20150408,20150409,20150410,20150411,20150413,20150414,20150416,20150417,20150418,20150419,20150420,20150422,20150423,20150424,20150425,20150426,20150427,20150428,20150501 
Number is 96 
G.5.3_index_2_VS_G.5.1_index_4 [16] 
20150316,20150317,20150318,20150319,20150320,20150323,20150325,20150326,20150328,20150329,20150331,20150401,20150402,20150403,20150406,20150407,20150409,20150410,20150413,20150419,20150420,20150421,20150422,20150423,20150424,20150425,20150426,20150427,20150428,20150430,20150501 
