======== Current: 20140402 ========= 
Number is 01 
G.4.1_index_1_VS_G.4.2_index_3 [1] 
20140322,20140324,20140325,20140326,20140327,20140328,20140329,20140330,20140331,20140401,20140403,20140407,20140409,20140424,20140426,20140427,20140428 
Number is 06 
G.4.2_index_1_VS_G.5.2_index_1 [2] PLUS 1 
20140323,20140327,20140328,20140329,20140330,20140331,20140401,20140402,20140404,20140406,20140408,20140409,20140410,20140412,20140413,20140421,20140424,20140425,20140427,20140428,20140429,20140430 
Number is 08 
G.4.1_index_1_VS_G.2.1_index_1 [3] 
20140323,20140324,20140325,20140327,20140328,20140329,20140330,20140331,20140401,20140403,20140407,20140410,20140411,20140413,20140422,20140424,20140425,20140430,20140501 
G.4.1_index_1_VS_G.1.1_index_2 [4] 
20140322,20140323,20140324,20140326,20140327,20140328,20140329,20140330,20140331,20140401,20140404,20140405,20140407,20140411,20140414,20140419,20140422,20140425,20140502 
Number is 38 
G.4.2_index_4_VS_G.3.5_index_5 [5] 
20140323,20140326,20140327,20140328,20140329,20140330,20140331,20140401,20140404,20140405,20140407,20140409,20140412,20140413,20140416,20140417,20140419,20140420,20140421,20140422,20140427,20140429,20140502 
Number is 39 
G.3.1_index_5_VS_G.5.6_index_2 [6] 
20140322,20140324,20140325,20140326,20140327,20140328,20140329,20140330,20140331,20140401,20140405,20140409,20140412,20140414,20140419,20140421,20140424,20140425,20140430 
Number is 50 
G.5.2_index_3_VS_G.4.3_index_1 [7] 
20140322,20140323,20140327,20140328,20140329,20140330,20140331,20140401,20140403,20140410,20140411,20140417,20140421,20140426 
Number is 57 
G.7.1_index_1_VS_G.DB_index_3 [8] PLUS 1 
20140322,20140324,20140326,20140327,20140328,20140329,20140330,20140331,20140401,20140402,20140409,20140411,20140412,20140414,20140416,20140418,20140420,20140424,20140425,20140426,20140428,20140430,20140501 
Number is 58 
G.7.1_index_1_VS_G.3.1_index_3 [9] PLUS 1 
20140323,20140326,20140327,20140328,20140329,20140330,20140331,20140401,20140402,20140403,20140412,20140416,20140418,20140419,20140421,20140422,20140424,20140426,20140427,20140428,20140429 
Number is 61 
G.6.2_index_3_VS_G.4.2_index_3 [10] 
20140322,20140323,20140324,20140327,20140328,20140329,20140330,20140331,20140401,20140408,20140409,20140410,20140418,20140419,20140420,20140421,20140423,20140424,20140426,20140428,20140429,20140430,20140501,20140502 
Number is 68 
G.7.4_index_2_VS_G.3.6_index_4 [11] 
20140323,20140324,20140325,20140326,20140327,20140328,20140329,20140330,20140331,20140401,20140406,20140408,20140409,20140410,20140413,20140414,20140415,20140418,20140419,20140422,20140423,20140426,20140427,20140428,20140430 
G.1.1_index_1_VS_G.5.4_index_2 [12] 
20140323,20140324,20140325,20140327,20140328,20140329,20140330,20140331,20140401,20140409,20140410,20140416,20140421,20140422,20140423,20140424,20140427 
Number is 69 
G.6.2_index_3_VS_G.5.1_index_4 [13] 
20140322,20140323,20140327,20140328,20140329,20140330,20140331,20140401,20140406,20140407,20140413,20140414,20140419,20140420,20140423,20140424,20140502 
G.6.2_index_3_VS_G.1.1_index_4 [14] 
20140322,20140326,20140327,20140328,20140329,20140330,20140331,20140401,20140405,20140406,20140407,20140408,20140409,20140410,20140416,20140418,20140420,20140421,20140425,20140427,20140429,20140501 
Number is 76 
G.DB_index_3_VS_G.6.2_index_3 [15] PLUS 1 
20140322,20140323,20140324,20140327,20140328,20140329,20140330,20140331,20140401,20140402,20140406,20140408,20140409,20140411,20140414,20140418,20140419,20140420,20140421,20140426,20140428,20140429,20140430,20140501,20140502 
Number is 80 
G.3.1_index_3_VS_G.4.1_index_1 [16] 
20140322,20140323,20140324,20140327,20140328,20140329,20140330,20140331,20140401,20140403,20140409,20140414,20140416,20140422,20140424,20140428 
Number is 81 
G.2.2_index_5_VS_G.4.4_index_2 [17] PLUS 1 
20140323,20140327,20140328,20140329,20140330,20140331,20140401,20140402,20140403,20140406,20140407,20140408,20140409,20140410,20140412,20140414,20140417,20140419,20140421,20140425,20140426,20140427,20140428,20140430,20140501 
Number is 82 
G.3.6_index_2_VS_G.6.2_index_2 [18] PLUS 1 
20140323,20140325,20140327,20140328,20140329,20140330,20140331,20140401,20140402,20140405,20140410,20140415,20140416,20140417,20140419,20140422,20140423,20140425,20140426,20140430,20140501 
Number is 83 
G.3.1_index_3_VS_G.3.2_index_5 [19] 
20140322,20140323,20140324,20140325,20140327,20140328,20140329,20140330,20140331,20140401,20140404,20140405,20140406,20140414,20140419,20140420,20140422,20140423,20140428,20140501 
Number is 86 
G.3.1_index_3_VS_G.6.2_index_3 [20] 
20140324,20140325,20140327,20140328,20140329,20140330,20140331,20140401,20140404,20140408,20140409,20140413,20140416,20140420,20140421,20140422,20140423,20140424,20140427,20140428,20140429,20140501 
Number is 87 
G.7.3_index_2_VS_G.DB_index_3 [21] 
20140323,20140324,20140327,20140328,20140329,20140330,20140331,20140401,20140405,20140406,20140407,20140409,20140418,20140420,20140423,20140425,20140429,20140430 
Number is 89 
G.2.2_index_5_VS_G.2.1_index_3 [22] 
20140323,20140326,20140327,20140328,20140329,20140330,20140331,20140401,20140403,20140404,20140407,20140412,20140419,20140421,20140422,20140425,20140427,20140428,20140429 
Number is 98 
G.6.3_index_3_VS_G.5.4_index_2 [23] 
20140324,20140326,20140327,20140328,20140329,20140330,20140331,20140401,20140403,20140404,20140408,20140410,20140411,20140412,20140413,20140416,20140417,20140418,20140420,20140423,20140424,20140427,20140501 
G.6.1_index_3_VS_G.5.4_index_2 [24] 
20140323,20140324,20140327,20140328,20140329,20140330,20140331,20140401,20140403,20140405,20140410,20140413,20140414,20140415,20140420,20140421,20140422,20140430,20140502 
