======== Current: 20140404 ========= 
Number is 04 
G.5.2_index_2_VS_G.7.3_index_1 [1] PLUS 1 
20140322,20140325,20140328,20140329,20140330,20140331,20140401,20140402,20140403,20140404,20140409,20140413,20140422,20140429,20140502 
G.6.1_index_3_VS_G.7.3_index_1 [2] PLUS 1 
20140323,20140328,20140329,20140330,20140331,20140401,20140402,20140403,20140404,20140405,20140406,20140410,20140412,20140413,20140414,20140415,20140424,20140426,20140427,20140428 
Number is 11 
G.2.2_index_5_VS_G.4.4_index_2 [3] 
20140323,20140327,20140328,20140329,20140330,20140331,20140401,20140402,20140403,20140406,20140407,20140408,20140409,20140410,20140412,20140414,20140417,20140419,20140421,20140425,20140426,20140427,20140428,20140430,20140501 
Number is 12 
G.2.2_index_5_VS_G.3.2_index_1 [4] 
20140326,20140329,20140330,20140331,20140401,20140402,20140403,20140407,20140410,20140412,20140414,20140421,20140425,20140426,20140428,20140501 
Number is 20 
G.6.3_index_1_VS_G.5.2_index_1 [5] 
20140322,20140326,20140327,20140329,20140330,20140331,20140401,20140402,20140403,20140408,20140409,20140410,20140413,20140415,20140417,20140418,20140420,20140421,20140423,20140424,20140425,20140426,20140430,20140501,20140502 
Number is 26 
G.3.4_index_2_VS_G.2.1_index_3 [6] PLUS 1 
20140322,20140324,20140326,20140329,20140330,20140331,20140401,20140402,20140403,20140404,20140405,20140408,20140411,20140412,20140415,20140425,20140426,20140428,20140429 
Number is 36 
G.6.2_index_3_VS_G.3.5_index_2 [7] PLUS 1 
20140322,20140324,20140325,20140329,20140330,20140331,20140401,20140402,20140403,20140404,20140408,20140409,20140410,20140421,20140422,20140424,20140427,20140429,20140501 
Number is 44 
G.7.1_index_1_VS_G.3.1_index_3 [8] 
20140323,20140326,20140327,20140328,20140329,20140330,20140331,20140401,20140402,20140403,20140412,20140416,20140418,20140419,20140421,20140422,20140424,20140426,20140427,20140428,20140429 
Number is 48 
G.7.3_index_1_VS_G.DB_index_3 [9] 
20140322,20140323,20140324,20140329,20140330,20140331,20140401,20140402,20140403,20140407,20140410,20140411,20140413,20140414,20140418,20140419,20140422,20140424,20140426,20140428 
G.3.1_index_3_VS_G.4.4_index_4 [10] 
20140322,20140323,20140324,20140325,20140326,20140328,20140329,20140330,20140331,20140401,20140402,20140403,20140408,20140411,20140413,20140415,20140416,20140418,20140420,20140423,20140426,20140427,20140428,20140501,20140502 
Number is 61 
G.7.4_index_2_VS_G.3.4_index_5 [11] PLUS 1 
20140324,20140325,20140329,20140330,20140331,20140401,20140402,20140403,20140404,20140405,20140413,20140414,20140415,20140416,20140418,20140420,20140421,20140422,20140423,20140426,20140427,20140429 
Number is 64 
G.3.5_index_2_VS_G.7.1_index_1 [12] 
20140322,20140323,20140324,20140325,20140326,20140327,20140329,20140330,20140331,20140401,20140402,20140403,20140409,20140411,20140412,20140416,20140419,20140421,20140422,20140427,20140502 
Number is 65 
G.3.5_index_2_VS_G.5.4_index_4 [13] 
20140322,20140323,20140324,20140325,20140329,20140330,20140331,20140401,20140402,20140403,20140409,20140410,20140417,20140418,20140420,20140422,20140424,20140502 
Number is 83 
G.DB_index_3_VS_G.2.2_index_4 [14] 
20140322,20140323,20140324,20140326,20140327,20140329,20140330,20140331,20140401,20140402,20140403,20140407,20140414,20140418,20140419,20140422,20140424,20140426,20140427,20140428,20140429,20140430,20140502 
Number is 86 
G.DB_index_3_VS_G.3.5_index_2 [15] 
20140322,20140323,20140329,20140330,20140331,20140401,20140402,20140403,20140405,20140408,20140411,20140412,20140414,20140415,20140419,20140421,20140422,20140423,20140425,20140427,20140429,20140501,20140502 
Number is 94 
G.4.2_index_3_VS_G.3.1_index_3 [16] 
20140322,20140323,20140325,20140329,20140330,20140331,20140401,20140402,20140403,20140407,20140413,20140414,20140416,20140419,20140422,20140423,20140424,20140425,20140426,20140428,20140430,20140502 
Number is 96 
G.3.5_index_1_VS_G.3.5_index_2 [17] 
20140322,20140324,20140329,20140330,20140331,20140401,20140402,20140403,20140405,20140409,20140411,20140414,20140419,20140421,20140422,20140429,20140502 
Number is 98 
G.5.2_index_3_VS_G.3.3_index_4 [18] PLUS 1 
20140322,20140324,20140325,20140326,20140329,20140330,20140331,20140401,20140402,20140403,20140404,20140408,20140409,20140410,20140411,20140412,20140414,20140418,20140420,20140421,20140422,20140424,20140429 
