======== Current: 20140408 ========= 
Number is 01 
G.3.1_index_5_VS_G.3.4_index_5 [1] 
20140322,20140323,20140325,20140329,20140330,20140402,20140403,20140404,20140405,20140406,20140407,20140410,20140411,20140412,20140415,20140417,20140420,20140424,20140425,20140427,20140430,20140501 
Number is 04 
G.7.4_index_1_VS_G.5.3_index_1 [2] 
20140326,20140328,20140331,20140402,20140403,20140404,20140405,20140406,20140407,20140410,20140411,20140412,20140413,20140414,20140418,20140420,20140422,20140424,20140425,20140426,20140428,20140429,20140501,20140502 
G.3.5_index_4_VS_G.5.3_index_1 [3] 
20140324,20140326,20140328,20140401,20140402,20140403,20140404,20140405,20140406,20140407,20140412,20140419,20140421,20140424,20140425,20140426,20140427,20140501,20140502 
Number is 40 
G.3.1_index_4_VS_G.2.2_index_1 [4] 
20140324,20140328,20140331,20140401,20140402,20140403,20140404,20140405,20140406,20140407,20140415,20140426,20140428,20140502 
Number is 44 
G.3.1_index_4_VS_G.3.2_index_2 [5] 
20140322,20140327,20140328,20140402,20140403,20140404,20140405,20140406,20140407,20140409,20140410,20140413,20140414,20140421,20140427,20140502 
Number is 45 
G.3.1_index_1_VS_G.6.3_index_3 [6] 
20140322,20140323,20140325,20140327,20140331,20140402,20140403,20140404,20140405,20140406,20140407,20140411,20140412,20140413,20140417,20140419,20140420,20140424,20140426,20140427,20140428,20140502 
G.6.2_index_1_VS_G.6.3_index_3 [7] 
20140322,20140325,20140329,20140331,20140402,20140403,20140404,20140405,20140406,20140407,20140410,20140411,20140413,20140415,20140419,20140422,20140426,20140427,20140429,20140430,20140501 
Number is 48 
G.5.2_index_4_VS_G.7.3_index_1 [8] 
20140322,20140323,20140327,20140328,20140329,20140330,20140331,20140402,20140403,20140404,20140405,20140406,20140407,20140409,20140410,20140412,20140413,20140415,20140423,20140429,20140430 
Number is 49 
G.5.2_index_4_VS_G.4.2_index_1 [9] PLUS 1 
20140323,20140324,20140325,20140327,20140328,20140402,20140403,20140404,20140405,20140406,20140407,20140408,20140415,20140417,20140421,20140425,20140430 
Number is 56 
G.5.5_index_3_VS_G.7.2_index_2 [10] 
20140322,20140327,20140402,20140403,20140404,20140405,20140406,20140407,20140413,20140417,20140420,20140421,20140426,20140428,20140430,20140501 
Number is 58 
G.3.6_index_2_VS_G.4.1_index_3 [11] 
20140322,20140402,20140403,20140404,20140405,20140406,20140407,20140409,20140410,20140411,20140415,20140416,20140417,20140420,20140422,20140423,20140425,20140429,20140502 
G.4.4_index_4_VS_G.4.1_index_3 [12] 
20140323,20140325,20140327,20140330,20140401,20140402,20140403,20140404,20140405,20140406,20140407,20140409,20140414,20140415,20140416,20140423,20140424,20140425,20140426,20140428,20140430 
Number is 65 
G.3.5_index_3_VS_G.6.3_index_3 [13] 
20140322,20140325,20140328,20140329,20140331,20140402,20140403,20140404,20140405,20140406,20140407,20140411,20140416,20140418,20140420,20140423,20140426,20140429,20140502 
Number is 66 
G.6.1_index_3_VS_G.3.5_index_3 [14] 
20140322,20140329,20140331,20140402,20140403,20140404,20140405,20140406,20140407,20140414,20140415,20140422,20140425,20140426,20140427,20140429,20140430 
Number is 75 
G.3.2_index_4_VS_G.4.4_index_4 [15] 
20140323,20140325,20140330,20140402,20140403,20140404,20140405,20140406,20140407,20140409,20140411,20140412,20140414,20140415,20140416,20140418,20140423,20140424,20140425,20140428,20140501 
Number is 78 
G.5.2_index_1_VS_G.2.1_index_2 [16] PLUS 1 
20140323,20140325,20140329,20140330,20140402,20140403,20140404,20140405,20140406,20140407,20140408,20140409,20140410,20140417,20140421,20140424,20140427,20140429,20140430,20140501,20140502 
Number is 83 
G.4.1_index_3_VS_G.4.3_index_3 [17] 
20140323,20140326,20140328,20140330,20140401,20140402,20140403,20140404,20140405,20140406,20140407,20140409,20140410,20140416,20140417,20140418,20140419,20140420,20140422,20140423,20140424,20140425,20140427,20140430 
Number is 84 
G.4.1_index_3_VS_G.5.3_index_1 [18] 
20140325,20140326,20140328,20140330,20140401,20140402,20140403,20140404,20140405,20140406,20140407,20140411,20140412,20140416,20140418,20140419,20140421,20140422,20140424,20140425,20140427 
G.2.1_index_2_VS_G.4.3_index_1 [19] 
20140323,20140327,20140328,20140329,20140330,20140401,20140402,20140403,20140404,20140405,20140406,20140407,20140410,20140414,20140415,20140421,20140426,20140430 
Number is 86 
G.7.3_index_2_VS_G.4.3_index_4 [20] 
20140327,20140328,20140402,20140403,20140404,20140405,20140406,20140407,20140409,20140411,20140415,20140420,20140422,20140423,20140428 
