======== Current: 20140411 ========= 
Number is 07 
G.4.1_index_3_VS_G.3.4_index_5 [1] PLUS 1 
20140329,20140330,20140331,20140403,20140405,20140406,20140407,20140408,20140409,20140410,20140411,20140416,20140417,20140422,20140423,20140424,20140429,20140501,20140502 
Number is 13 
G.4.2_index_3_VS_G.5.6_index_4 [2] PLUS 1 
20140324,20140326,20140328,20140331,20140401,20140405,20140406,20140407,20140408,20140409,20140410,20140411,20140425,20140426,20140427,20140501 
Number is 16 
G.1.1_index_4_VS_G.3.5_index_3 [3] 
20140325,20140326,20140327,20140328,20140330,20140401,20140402,20140404,20140405,20140406,20140407,20140408,20140409,20140410,20140414,20140417,20140418,20140424,20140425,20140426,20140429,20140430,20140502 
Number is 17 
G.5.1_index_4_VS_G.5.1_index_3 [4] 
20140325,20140326,20140327,20140328,20140331,20140401,20140404,20140405,20140406,20140407,20140408,20140409,20140410,20140413,20140416,20140420,20140421,20140422,20140423,20140425,20140427,20140429,20140430 
Number is 34 
G.2.1_index_1_VS_G.3.1_index_1 [5] PLUS 1 
20140326,20140329,20140331,20140401,20140402,20140405,20140406,20140407,20140408,20140409,20140410,20140411,20140412,20140414,20140418,20140420,20140424,20140430,20140502 
G.2.2_index_3_VS_G.5.2_index_4 [6] PLUS 1 
20140323,20140324,20140330,20140405,20140406,20140407,20140408,20140409,20140410,20140411,20140413,20140416,20140417,20140418,20140419,20140421,20140426,20140427,20140428,20140429,20140501,20140502 
Number is 36 
G.5.6_index_4_VS_G.3.5_index_3 [7] PLUS 1 
20140322,20140329,20140402,20140405,20140406,20140407,20140408,20140409,20140410,20140411,20140418,20140420,20140426,20140427,20140429,20140430,20140502 
Number is 39 
G.2.1_index_1_VS_G.DB_index_1 [8] 
20140323,20140325,20140326,20140329,20140401,20140404,20140405,20140406,20140407,20140408,20140409,20140410,20140413,20140414,20140417,20140419,20140420,20140421,20140422,20140423,20140425,20140426,20140427,20140428,20140501,20140502 
Number is 41 
G.3.1_index_1_VS_G.4.2_index_1 [9] 
20140322,20140323,20140324,20140326,20140328,20140401,20140405,20140406,20140407,20140408,20140409,20140410,20140412,20140414,20140420,20140421,20140424,20140426,20140427,20140428,20140501 
Number is 47 
G.3.1_index_1_VS_G.3.4_index_5 [10] PLUS 1 
20140323,20140325,20140326,20140331,20140401,20140404,20140405,20140406,20140407,20140408,20140409,20140410,20140411,20140412,20140414,20140422,20140425,20140426,20140427,20140428,20140430 
Number is 48 
G.6.1_index_3_VS_G.4.3_index_1 [11] 
20140322,20140328,20140329,20140330,20140331,20140401,20140403,20140405,20140406,20140407,20140408,20140409,20140410,20140419,20140421,20140423,20140425,20140426,20140427,20140430,20140501,20140502 
Number is 51 
G.6.2_index_3_VS_G.1.1_index_4 [12] 
20140322,20140326,20140327,20140328,20140329,20140330,20140331,20140401,20140405,20140406,20140407,20140408,20140409,20140410,20140416,20140418,20140420,20140421,20140425,20140427,20140429,20140501 
Number is 55 
G.5.2_index_1_VS_G.2.1_index_2 [13] 
20140323,20140325,20140329,20140330,20140402,20140403,20140404,20140405,20140406,20140407,20140408,20140409,20140410,20140417,20140421,20140424,20140427,20140429,20140430,20140501,20140502 
Number is 65 
G.3.3_index_1_VS_G.6.2_index_3 [14] PLUS 1 
20140327,20140328,20140329,20140330,20140331,20140405,20140406,20140407,20140408,20140409,20140410,20140411,20140414,20140415,20140418,20140424,20140426,20140427,20140429 
Number is 70 
G.6.2_index_1_VS_G.3.3_index_5 [15] PLUS 1 
20140322,20140331,20140402,20140405,20140406,20140407,20140408,20140409,20140410,20140411,20140415,20140416,20140419,20140420,20140421,20140428,20140429 
Number is 72 
G.4.4_index_2_VS_G.5.1_index_2 [16] PLUS 1 
20140327,20140401,20140403,20140404,20140405,20140406,20140407,20140408,20140409,20140410,20140411,20140414,20140415,20140417,20140418,20140419,20140421,20140422,20140424,20140425,20140426,20140428,20140501,20140502 
Number is 73 
G.3.2_index_3_VS_G.5.5_index_4 [17] PLUS 1 
20140323,20140324,20140325,20140327,20140331,20140405,20140406,20140407,20140408,20140409,20140410,20140411,20140412,20140414,20140415,20140418,20140422,20140426,20140428,20140501 
Number is 79 
G.2.1_index_4_VS_G.DB_index_1 [18] 
20140322,20140329,20140405,20140406,20140407,20140408,20140409,20140410,20140412,20140413,20140414,20140416,20140419,20140420,20140422,20140424,20140430,20140501 
Number is 89 
G.3.3_index_4_VS_G.1.1_index_1 [19] 
20140322,20140324,20140325,20140328,20140330,20140331,20140403,20140405,20140406,20140407,20140408,20140409,20140410,20140412,20140415,20140421,20140422,20140423,20140425 
Number is 93 
G.7.4_index_2_VS_G.6.3_index_3 [20] 
20140324,20140328,20140329,20140331,20140403,20140404,20140405,20140406,20140407,20140408,20140409,20140410,20140412,20140413,20140414,20140418,20140419,20140423,20140424,20140425,20140426,20140427,20140428,20140429,20140430,20140502 
Number is 94 
G.6.3_index_2_VS_G.7.2_index_2 [21] 
20140322,20140325,20140328,20140403,20140404,20140405,20140406,20140407,20140408,20140409,20140410,20140413,20140414,20140415,20140416,20140417,20140425,20140426,20140430,20140501 
