======== Current: 20140412 ========= 
Number is 11 
G.3.3_index_4_VS_G.3.4_index_2 [1] 
20140322,20140325,20140327,20140328,20140331,20140401,20140402,20140403,20140404,20140406,20140407,20140408,20140409,20140410,20140411,20140416,20140417,20140421,20140423,20140426,20140430 
Number is 15 
G.4.2_index_3_VS_G.5.6_index_4 [2] 
20140324,20140326,20140328,20140331,20140401,20140405,20140406,20140407,20140408,20140409,20140410,20140411,20140425,20140426,20140427,20140501 
Number is 22 
G.3.2_index_1_VS_G.5.5_index_4 [3] PLUS 1 
20140325,20140327,20140401,20140403,20140404,20140406,20140407,20140408,20140409,20140410,20140411,20140412,20140415,20140418,20140419,20140425,20140427,20140501,20140502 
G.3.2_index_3_VS_G.5.5_index_4 [4] PLUS 1 
20140323,20140324,20140325,20140327,20140331,20140405,20140406,20140407,20140408,20140409,20140410,20140411,20140412,20140414,20140415,20140418,20140422,20140426,20140428,20140501 
Number is 27 
G.3.1_index_1_VS_G.3.4_index_5 [5] PLUS 1 
20140323,20140325,20140326,20140331,20140401,20140404,20140405,20140406,20140407,20140408,20140409,20140410,20140411,20140412,20140414,20140422,20140425,20140426,20140427,20140428,20140430 
Number is 33 
G.6.1_index_3_VS_G.4.4_index_2 [6] 
20140322,20140326,20140328,20140331,20140401,20140402,20140403,20140406,20140407,20140408,20140409,20140410,20140411,20140417,20140419,20140424,20140425,20140427,20140429,20140501,20140502 
G.4.4_index_2_VS_G.4.4_index_3 [7] 
20140329,20140331,20140401,20140403,20140404,20140406,20140407,20140408,20140409,20140410,20140411,20140415,20140416,20140419,20140421,20140425,20140426,20140429,20140430 
G.4.4_index_2_VS_G.5.1_index_2 [8] 
20140327,20140401,20140403,20140404,20140405,20140406,20140407,20140408,20140409,20140410,20140411,20140414,20140415,20140417,20140418,20140419,20140421,20140422,20140424,20140425,20140426,20140428,20140501,20140502 
Number is 37 
G.4.1_index_3_VS_G.3.4_index_5 [9] 
20140329,20140330,20140331,20140403,20140405,20140406,20140407,20140408,20140409,20140410,20140411,20140416,20140417,20140422,20140423,20140424,20140429,20140501,20140502 
Number is 39 
G.4.4_index_2_VS_G.1.1_index_2 [10] 
20140322,20140323,20140324,20140329,20140331,20140401,20140402,20140403,20140406,20140407,20140408,20140409,20140410,20140411,20140413,20140414,20140415,20140416,20140419,20140421,20140424,20140425,20140501 
Number is 51 
G.5.6_index_4_VS_G.3.5_index_3 [11] 
20140322,20140329,20140402,20140405,20140406,20140407,20140408,20140409,20140410,20140411,20140418,20140420,20140426,20140427,20140429,20140430,20140502 
Number is 52 
G.DB_index_2_VS_G.5.5_index_4 [12] 
20140324,20140325,20140331,20140402,20140403,20140406,20140407,20140408,20140409,20140410,20140411,20140414,20140415,20140418,20140419,20140422,20140424,20140427,20140501 
Number is 55 
G.3.3_index_1_VS_G.6.2_index_3 [13] 
20140327,20140328,20140329,20140330,20140331,20140405,20140406,20140407,20140408,20140409,20140410,20140411,20140414,20140415,20140418,20140424,20140426,20140427,20140429 
Number is 63 
G.2.2_index_3_VS_G.5.2_index_4 [14] 
20140323,20140324,20140330,20140405,20140406,20140407,20140408,20140409,20140410,20140411,20140413,20140416,20140417,20140418,20140419,20140421,20140426,20140427,20140428,20140429,20140501,20140502 
Number is 70 
G.3.6_index_1_VS_G.3.3_index_5 [15] PLUS 1 
20140322,20140331,20140403,20140404,20140406,20140407,20140408,20140409,20140410,20140411,20140412,20140414,20140415,20140417,20140420,20140430 
Number is 74 
G.3.6_index_1_VS_G.5.4_index_3 [16] 
20140323,20140325,20140326,20140331,20140401,20140403,20140404,20140406,20140407,20140408,20140409,20140410,20140411,20140413,20140414,20140416,20140418,20140419,20140422,20140425,20140427,20140428,20140429,20140502 
Number is 79 
G.3.4_index_5_VS_G.4.4_index_1 [17] PLUS 1 
20140323,20140324,20140325,20140331,20140402,20140403,20140406,20140407,20140408,20140409,20140410,20140411,20140412,20140414,20140416,20140417,20140418,20140420,20140423,20140426,20140427,20140428,20140429,20140430 
Number is 80 
G.6.2_index_1_VS_G.3.3_index_5 [18] 
20140322,20140331,20140402,20140405,20140406,20140407,20140408,20140409,20140410,20140411,20140415,20140416,20140419,20140420,20140421,20140428,20140429 
Number is 83 
G.3.6_index_5_VS_G.3.6_index_4 [19] PLUS 1 
20140331,20140404,20140406,20140407,20140408,20140409,20140410,20140411,20140412,20140413,20140414,20140415,20140418,20140422,20140423,20140427,20140428,20140429,20140502 
Number is 92 
G.2.1_index_1_VS_G.3.1_index_1 [20] PLUS 1 
20140326,20140329,20140331,20140401,20140402,20140405,20140406,20140407,20140408,20140409,20140410,20140411,20140412,20140414,20140418,20140420,20140424,20140430,20140502 
G.1.1_index_4_VS_G.5.5_index_4 [21] PLUS 1 
20140322,20140323,20140324,20140325,20140327,20140330,20140401,20140404,20140406,20140407,20140408,20140409,20140410,20140411,20140412,20140414,20140417,20140418,20140423,20140424,20140426,20140502 
Number is 96 
G.2.1_index_1_VS_G.3.2_index_4 [22] PLUS 1 
20140323,20140326,20140329,20140330,20140401,20140403,20140404,20140406,20140407,20140408,20140409,20140410,20140411,20140412,20140413,20140416,20140417,20140420,20140422,20140423,20140425,20140428,20140430,20140501 
Number is 98 
G.2.1_index_1_VS_G.6.2_index_1 [23] 
20140323,20140326,20140329,20140331,20140401,20140406,20140407,20140408,20140409,20140410,20140411,20140415,20140416,20140422,20140427,20140428,20140429 
