======== Current: 20140413 ========= 
Number is 02 
G.3.1_index_1_VS_G.3.4_index_5 [1] 
20140323,20140325,20140326,20140331,20140401,20140404,20140405,20140406,20140407,20140408,20140409,20140410,20140411,20140412,20140414,20140422,20140425,20140426,20140427,20140428,20140430 
G.3.3_index_5_VS_G.3.4_index_5 [2] 
20140324,20140325,20140329,20140330,20140331,20140401,20140404,20140407,20140408,20140409,20140410,20140411,20140412,20140414,20140418,20140419,20140421,20140422,20140423,20140426 
G.1.1_index_4_VS_G.5.5_index_4 [3] 
20140322,20140323,20140324,20140325,20140327,20140330,20140401,20140404,20140406,20140407,20140408,20140409,20140410,20140411,20140412,20140414,20140417,20140418,20140423,20140424,20140426,20140502 
G.3.2_index_3_VS_G.5.5_index_4 [4] 
20140323,20140324,20140325,20140327,20140331,20140405,20140406,20140407,20140408,20140409,20140410,20140411,20140412,20140414,20140415,20140418,20140422,20140426,20140428,20140501 
Number is 10 
G.4.1_index_3_VS_G.7.1_index_1 [5] 
20140327,20140328,20140401,20140403,20140404,20140407,20140408,20140409,20140410,20140411,20140412,20140414,20140416,20140420,20140421,20140422,20140423,20140424,20140427,20140429,20140430,20140501 
Number is 12 
G.3.2_index_1_VS_G.5.5_index_4 [6] 
20140325,20140327,20140401,20140403,20140404,20140406,20140407,20140408,20140409,20140410,20140411,20140412,20140415,20140418,20140419,20140425,20140427,20140501,20140502 
Number is 20 
G.2.1_index_1_VS_G.7.1_index_1 [7] 
20140323,20140324,20140325,20140326,20140328,20140329,20140330,20140401,20140402,20140403,20140407,20140408,20140409,20140410,20140411,20140412,20140414,20140421,20140422,20140423,20140424,20140425,20140426,20140501,20140502 
G.2.1_index_1_VS_G.3.1_index_1 [8] 
20140326,20140329,20140331,20140401,20140402,20140405,20140406,20140407,20140408,20140409,20140410,20140411,20140412,20140414,20140418,20140420,20140424,20140430,20140502 
Number is 22 
G.5.2_index_1_VS_G.4.4_index_3 [9] 
20140326,20140330,20140402,20140404,20140407,20140408,20140409,20140410,20140411,20140412,20140415,20140416,20140417,20140419,20140423,20140424,20140426,20140502 
G.2.1_index_5_VS_G.2.1_index_1 [10] 
20140324,20140325,20140326,20140327,20140329,20140401,20140407,20140408,20140409,20140410,20140411,20140412,20140414,20140416,20140417,20140420,20140423,20140424,20140426,20140430,20140502 
Number is 25 
G.3.4_index_5_VS_G.4.4_index_1 [11] 
20140323,20140324,20140325,20140331,20140402,20140403,20140406,20140407,20140408,20140409,20140410,20140411,20140412,20140414,20140416,20140417,20140418,20140420,20140423,20140426,20140427,20140428,20140429,20140430 
Number is 27 
G.5.5_index_4_VS_G.6.1_index_3 [12] PLUS 1 
20140322,20140323,20140324,20140330,20140403,20140404,20140405,20140407,20140408,20140409,20140410,20140411,20140412,20140413,20140414,20140415,20140422,20140423,20140424,20140425,20140426,20140428,20140429,20140430 
Number is 28 
G.5.5_index_4_VS_G.4.2_index_3 [13] 
20140322,20140323,20140327,20140329,20140331,20140401,20140407,20140408,20140409,20140410,20140411,20140412,20140415,20140423,20140424,20140425,20140428,20140501 
Number is 29 
G.3.6_index_4_VS_G.5.1_index_3 [14] PLUS 1 
20140322,20140325,20140330,20140407,20140408,20140409,20140410,20140411,20140412,20140413,20140414,20140415,20140420,20140422,20140423,20140424,20140425,20140428,20140501 
G.2.1_index_1_VS_G.3.2_index_4 [15] PLUS 1 
20140323,20140326,20140329,20140330,20140401,20140403,20140404,20140406,20140407,20140408,20140409,20140410,20140411,20140412,20140413,20140416,20140417,20140420,20140422,20140423,20140425,20140428,20140430,20140501 
Number is 32 
G.3.6_index_5_VS_G.3.6_index_4 [16] PLUS 1 
20140331,20140404,20140406,20140407,20140408,20140409,20140410,20140411,20140412,20140413,20140414,20140415,20140418,20140422,20140423,20140427,20140428,20140429,20140502 
G.5.4_index_1_VS_G.3.4_index_5 [17] PLUS 1 
20140322,20140324,20140327,20140329,20140330,20140331,20140405,20140407,20140408,20140409,20140410,20140411,20140412,20140413,20140414,20140418,20140420,20140422,20140423,20140426,20140430 
Number is 59 
G.3.6_index_3_VS_G.3.2_index_4 [18] 
20140325,20140328,20140330,20140401,20140403,20140407,20140408,20140409,20140410,20140411,20140412,20140414,20140421,20140423,20140424,20140426,20140501,20140502 
Number is 70 
G.3.6_index_1_VS_G.3.3_index_5 [19] 
20140322,20140331,20140403,20140404,20140406,20140407,20140408,20140409,20140410,20140411,20140412,20140414,20140415,20140417,20140420,20140430 
Number is 75 
G.3.6_index_1_VS_G.4.4_index_1 [20] 
20140322,20140326,20140331,20140401,20140402,20140404,20140407,20140408,20140409,20140410,20140411,20140412,20140415,20140416,20140418,20140419,20140427,20140428,20140429,20140430 
Number is 80 
G.4.3_index_4_VS_G.3.1_index_1 [21] 
20140325,20140326,20140328,20140331,20140401,20140404,20140405,20140407,20140408,20140409,20140410,20140411,20140412,20140415,20140417,20140418,20140420,20140423,20140426,20140428 
Number is 81 
G.4.4_index_2_VS_G.3.2_index_1 [22] 
20140323,20140331,20140405,20140407,20140408,20140409,20140410,20140411,20140412,20140415,20140421 
Number is 82 
G.4.4_index_2_VS_G.5.3_index_2 [23] 
20140329,20140401,20140402,20140403,20140404,20140407,20140408,20140409,20140410,20140411,20140412,20140414,20140415,20140416,20140417,20140421,20140426,20140501,20140502 
Number is 85 
G.4.4_index_2_VS_G.3.5_index_1 [24] PLUS 1 
20140322,20140328,20140329,20140401,20140403,20140404,20140407,20140408,20140409,20140410,20140411,20140412,20140413,20140414,20140421,20140424,20140426,20140427,20140428,20140429,20140502 
Number is 87 
G.4.4_index_2_VS_G.DB_index_5 [25] 
20140322,20140324,20140325,20140326,20140328,20140329,20140331,20140407,20140408,20140409,20140410,20140411,20140412,20140415,20140416,20140417,20140419,20140424 
G.4.4_index_4_VS_G.3.6_index_2 [26] 
20140325,20140328,20140331,20140402,20140403,20140405,20140407,20140408,20140409,20140410,20140411,20140412,20140414,20140415,20140416,20140420,20140421,20140423,20140424,20140425,20140427,20140430 
Number is 91 
G.5.2_index_4_VS_G.5.3_index_3 [27] 
20140323,20140327,20140328,20140331,20140403,20140404,20140407,20140408,20140409,20140410,20140411,20140412,20140414,20140415,20140417,20140421,20140424,20140425,20140426,20140430 
