======== Current: 20140417 ========= 
Number is 08 
G.4.2_index_2_VS_G.5.4_index_1 [1] 
20140328,20140329,20140405,20140406,20140409,20140411,20140412,20140413,20140414,20140415,20140416,20140421,20140423,20140424,20140425,20140426,20140427,20140430,20140501,20140502 
Number is 09 
G.3.4_index_1_VS_G.3.1_index_2 [2] 
20140328,20140330,20140331,20140401,20140404,20140405,20140408,20140411,20140412,20140413,20140414,20140415,20140416,20140422,20140423,20140426,20140429,20140502 
Number is 11 
G.5.1_index_4_VS_G.1.1_index_3 [3] 
20140322,20140323,20140325,20140326,20140330,20140405,20140410,20140411,20140412,20140413,20140414,20140415,20140416,20140422,20140423,20140425,20140426,20140427,20140429,20140430,20140501,20140502 
Number is 15 
G.4.4_index_3_VS_G.5.2_index_2 [4] 
20140323,20140324,20140325,20140327,20140328,20140329,20140331,20140401,20140403,20140404,20140405,20140407,20140410,20140411,20140412,20140413,20140414,20140415,20140416,20140419,20140420,20140421,20140422,20140425,20140426,20140429 
Number is 21 
G.4.1_index_3_VS_G.5.1_index_4 [5] 
20140323,20140325,20140330,20140331,20140401,20140403,20140404,20140406,20140408,20140411,20140412,20140413,20140414,20140415,20140416,20140419,20140420,20140426,20140429,20140430,20140501 
Number is 23 
G.4.4_index_1_VS_G.4.2_index_4 [6] PLUS 1 
20140323,20140324,20140325,20140327,20140330,20140402,20140405,20140408,20140409,20140410,20140411,20140412,20140413,20140414,20140415,20140416,20140417,20140420,20140422,20140423,20140424,20140426,20140427,20140428 
Number is 26 
G.2.1_index_5_VS_G.7.2_index_2 [7] PLUS 1 
20140327,20140331,20140402,20140405,20140406,20140408,20140410,20140411,20140412,20140413,20140414,20140415,20140416,20140417,20140420,20140422,20140425,20140430 
Number is 29 
G.2.1_index_5_VS_G.3.4_index_3 [8] 
20140324,20140328,20140402,20140411,20140412,20140413,20140414,20140415,20140416,20140419,20140422,20140424,20140426,20140427,20140428,20140429,20140430 
Number is 30 
G.7.4_index_1_VS_G.6.3_index_2 [9] PLUS 1 
20140324,20140325,20140326,20140328,20140403,20140404,20140406,20140407,20140408,20140411,20140412,20140413,20140414,20140415,20140416,20140417,20140418,20140423,20140425,20140426,20140428,20140429 
Number is 33 
G.7.1_index_2_VS_G.4.2_index_4 [10] 
20140322,20140323,20140325,20140326,20140327,20140329,20140330,20140401,20140403,20140404,20140406,20140408,20140410,20140411,20140412,20140413,20140414,20140415,20140416,20140418,20140421,20140422,20140425,20140426,20140427,20140429,20140430,20140502 
Number is 35 
G.5.5_index_3_VS_G.3.6_index_4 [11] 
20140322,20140326,20140328,20140331,20140401,20140403,20140409,20140411,20140412,20140413,20140414,20140415,20140416,20140418,20140419,20140420,20140421,20140425,20140429,20140430 
G.4.2_index_4_VS_G.5.5_index_4 [12] 
20140324,20140327,20140329,20140330,20140402,20140404,20140405,20140408,20140411,20140412,20140413,20140414,20140415,20140416,20140423,20140424,20140425,20140427,20140429,20140502 
G.5.5_index_3_VS_G.6.2_index_2 [13] 
20140323,20140328,20140330,20140402,20140410,20140411,20140412,20140413,20140414,20140415,20140416,20140419,20140421,20140423,20140424,20140430,20140502 
Number is 43 
G.5.5_index_1_VS_G.2.2_index_3 [14] 
20140322,20140325,20140326,20140327,20140405,20140406,20140410,20140411,20140412,20140413,20140414,20140415,20140416,20140421,20140424,20140427,20140429 
Number is 45 
G.6.3_index_3_VS_G.4.1_index_4 [15] 
20140323,20140325,20140327,20140330,20140331,20140406,20140408,20140409,20140410,20140411,20140412,20140413,20140414,20140415,20140416,20140418,20140420,20140421,20140422,20140424,20140427,20140428,20140429,20140502 
Number is 46 
G.3.6_index_5_VS_G.5.2_index_4 [16] 
20140325,20140328,20140331,20140402,20140403,20140405,20140408,20140410,20140411,20140412,20140413,20140414,20140415,20140416,20140421,20140422,20140424,20140426,20140427,20140429,20140430,20140501,20140502 
Number is 50 
G.3.5_index_4_VS_G.4.2_index_2 [17] 
20140322,20140325,20140327,20140329,20140330,20140331,20140401,20140405,20140407,20140409,20140411,20140412,20140413,20140414,20140415,20140416,20140421,20140423,20140425,20140501,20140502 
Number is 54 
G.6.1_index_3_VS_G.6.3_index_3 [18] 
20140322,20140323,20140402,20140403,20140405,20140407,20140410,20140411,20140412,20140413,20140414,20140415,20140416,20140420,20140422,20140429,20140430,20140501,20140502 
Number is 61 
G.4.2_index_1_VS_G.1.1_index_3 [19] 
20140322,20140323,20140326,20140329,20140405,20140410,20140411,20140412,20140413,20140414,20140415,20140416,20140419,20140423,20140427,20140429,20140430,20140502 
Number is 65 
G.3.2_index_4_VS_G.5.5_index_4 [20] PLUS 1 
20140323,20140325,20140326,20140330,20140404,20140405,20140408,20140410,20140411,20140412,20140413,20140414,20140415,20140416,20140417,20140422,20140424,20140428,20140429,20140430,20140502 
Number is 68 
G.3.2_index_4_VS_G.5.4_index_1 [21] 
20140323,20140328,20140330,20140402,20140403,20140405,20140406,20140407,20140409,20140411,20140412,20140413,20140414,20140415,20140416,20140420,20140421,20140422,20140423,20140427,20140430,20140502 
Number is 70 
G.6.2_index_1_VS_G.5.1_index_2 [22] PLUS 1 
20140327,20140329,20140404,20140405,20140406,20140411,20140412,20140413,20140414,20140415,20140416,20140417,20140418,20140419,20140421,20140422,20140423,20140425,20140427,20140428,20140429,20140502 
Number is 75 
G.6.2_index_1_VS_G.6.1_index_3 [23] 
20140322,20140323,20140325,20140326,20140329,20140330,20140331,20140401,20140402,20140405,20140407,20140408,20140411,20140412,20140413,20140414,20140415,20140416,20140418,20140425,20140426,20140427,20140428,20140429 
G.4.3_index_2_VS_G.2.2_index_5 [24] 
20140328,20140330,20140331,20140401,20140402,20140407,20140410,20140411,20140412,20140413,20140414,20140415,20140416,20140418,20140420,20140421,20140422,20140425,20140427,20140429,20140430 
Number is 86 
G.3.2_index_2_VS_G.5.2_index_3 [25] 
20140323,20140324,20140403,20140404,20140409,20140410,20140411,20140412,20140413,20140414,20140415,20140416,20140418,20140421,20140422,20140423,20140424,20140425,20140427,20140502 
Number is 91 
G.3.1_index_2_VS_G.7.2_index_1 [26] 
20140322,20140330,20140401,20140404,20140406,20140407,20140408,20140409,20140411,20140412,20140413,20140414,20140415,20140416,20140421,20140424,20140425,20140427,20140502 
