======== Current: 20140420 ========= 
Number is 00 
G.6.2_index_1_VS_G.5.1_index_2 [1] 
20140327,20140329,20140404,20140405,20140406,20140411,20140412,20140413,20140414,20140415,20140416,20140417,20140418,20140419,20140421,20140422,20140423,20140425,20140427,20140428,20140429,20140502 
Number is 22 
G.2.2_index_5_VS_G.2.1_index_5 [2] 
20140324,20140328,20140403,20140404,20140407,20140412,20140413,20140414,20140415,20140416,20140417,20140418,20140419,20140422,20140426,20140428,20140430,20140501 
Number is 23 
G.5.2_index_3_VS_G.4.4_index_1 [3] 
20140322,20140325,20140327,20140403,20140404,20140406,20140407,20140409,20140410,20140412,20140414,20140415,20140416,20140417,20140418,20140419,20140427,20140428 
Number is 26 
G.2.2_index_5_VS_G.1.1_index_4 [4] PLUS 1 
20140324,20140325,20140327,20140330,20140331,20140403,20140405,20140406,20140407,20140413,20140414,20140415,20140416,20140417,20140418,20140419,20140420,20140421,20140428,20140501 
Number is 34 
G.6.3_index_1_VS_G.6.2_index_3 [5] PLUS 1 
20140323,20140325,20140327,20140328,20140330,20140331,20140402,20140406,20140407,20140410,20140414,20140415,20140416,20140417,20140418,20140419,20140420,20140422,20140424,20140425,20140427,20140428,20140429 
Number is 38 
G.7.4_index_2_VS_G.7.3_index_2 [6] 
20140322,20140324,20140326,20140327,20140328,20140329,20140330,20140403,20140406,20140407,20140408,20140409,20140411,20140413,20140414,20140415,20140416,20140417,20140418,20140419,20140426,20140427,20140429 
Number is 39 
G.3.2_index_1_VS_G.5.1_index_1 [7] PLUS 1 
20140329,20140330,20140401,20140403,20140408,20140410,20140411,20140412,20140414,20140415,20140416,20140417,20140418,20140419,20140420,20140422,20140423,20140425,20140427,20140501,20140502 
Number is 45 
G.2.2_index_2_VS_G.3.6_index_3 [8] 
20140322,20140325,20140326,20140327,20140328,20140402,20140405,20140410,20140411,20140414,20140415,20140416,20140417,20140418,20140419,20140421,20140424,20140427,20140501 
Number is 55 
G.2.2_index_3_VS_G.3.1_index_5 [9] 
20140322,20140324,20140328,20140331,20140401,20140403,20140404,20140405,20140410,20140411,20140414,20140415,20140416,20140417,20140418,20140419,20140425,20140426,20140502 
Number is 75 
G.5.3_index_1_VS_G.3.2_index_2 [10] PLUS 1 
20140324,20140325,20140326,20140328,20140402,20140403,20140404,20140405,20140406,20140412,20140414,20140415,20140416,20140417,20140418,20140419,20140420,20140421,20140423,20140425,20140426,20140427,20140502 
Number is 85 
G.7.1_index_1_VS_G.3.2_index_2 [11] 
20140324,20140327,20140328,20140403,20140406,20140409,20140410,20140412,20140414,20140415,20140416,20140417,20140418,20140419,20140421,20140422,20140423,20140424,20140427,20140501 
Number is 88 
G.1.1_index_5_VS_G.4.1_index_1 [12] 
20140325,20140329,20140331,20140401,20140403,20140404,20140406,20140411,20140412,20140414,20140415,20140416,20140417,20140418,20140419,20140423,20140425,20140426,20140427,20140429,20140501 
Number is 89 
G.6.1_index_1_VS_G.5.1_index_1 [13] PLUS 1 
20140325,20140328,20140401,20140403,20140409,20140413,20140414,20140415,20140416,20140417,20140418,20140419,20140420,20140422,20140425,20140427,20140501 
G.3.1_index_2_VS_G.5.1_index_1 [14] PLUS 1 
20140326,20140328,20140330,20140401,20140404,20140406,20140408,20140409,20140412,20140414,20140415,20140416,20140417,20140418,20140419,20140420,20140422,20140424,20140425,20140429,20140430 
Number is 92 
G.5.4_index_3_VS_G.2.1_index_5 [15] 
20140322,20140323,20140325,20140326,20140328,20140331,20140404,20140405,20140414,20140415,20140416,20140417,20140418,20140419,20140422,20140426,20140428,20140429,20140430,20140501,20140502 
G.5.6_index_3_VS_G.2.1_index_5 [16] 
20140323,20140327,20140331,20140405,20140406,20140409,20140412,20140414,20140415,20140416,20140417,20140418,20140419,20140421,20140422,20140425,20140427,20140428,20140429,20140430,20140502 
Number is 95 
G.5.1_index_1_VS_G.3.2_index_2 [17] 
20140322,20140324,20140326,20140327,20140329,20140330,20140401,20140403,20140406,20140409,20140410,20140413,20140414,20140415,20140416,20140417,20140418,20140419,20140421,20140423,20140427,20140428 
Number is 98 
G.3.2_index_4_VS_G.7.3_index_2 [18] PLUS 1 
20140323,20140404,20140406,20140408,20140409,20140410,20140411,20140413,20140414,20140415,20140416,20140417,20140418,20140419,20140420,20140424,20140429,20140502 
