======== Current: 20140422 ========= 
Number is 06 
G.5.3_index_1_VS_G.5.5_index_2 [1] 
20140322,20140323,20140324,20140325,20140326,20140328,20140330,20140403,20140405,20140406,20140408,20140409,20140412,20140413,20140414,20140416,20140417,20140418,20140419,20140420,20140421,20140423,20140424,20140427,20140501 
G.5.3_index_1_VS_G.3.2_index_2 [2] 
20140324,20140325,20140326,20140328,20140402,20140403,20140404,20140405,20140406,20140412,20140414,20140415,20140416,20140417,20140418,20140419,20140420,20140421,20140423,20140425,20140426,20140427,20140502 
Number is 16 
G.7.4_index_1_VS_G.2.1_index_5 [3] 
20140322,20140326,20140327,20140328,20140331,20140402,20140406,20140407,20140409,20140413,20140414,20140416,20140417,20140418,20140419,20140420,20140421,20140423,20140426,20140428,20140429,20140430,20140501 
Number is 28 
G.3.3_index_5_VS_G.3.3_index_2 [4] PLUS 1 
20140322,20140323,20140326,20140401,20140402,20140403,20140404,20140410,20140411,20140412,20140413,20140414,20140416,20140417,20140418,20140419,20140420,20140421,20140422,20140426,20140427,20140428,20140429 
Number is 31 
G.5.4_index_3_VS_G.1.1_index_4 [5] 
20140322,20140325,20140329,20140410,20140411,20140416,20140417,20140418,20140419,20140420,20140421,20140427,20140429,20140501,20140502 
Number is 34 
G.5.4_index_3_VS_G.3.1_index_3 [6] 
20140324,20140325,20140326,20140328,20140329,20140403,20140404,20140416,20140417,20140418,20140419,20140420,20140421,20140425,20140428,20140429,20140502 
Number is 35 
G.3.4_index_4_VS_G.5.2_index_3 [7] 
20140322,20140323,20140325,20140326,20140401,20140402,20140406,20140410,20140413,20140416,20140417,20140418,20140419,20140420,20140421,20140426,20140428,20140429,20140502 
Number is 50 
G.5.2_index_3_VS_G.5.5_index_3 [8] 
20140322,20140330,20140331,20140402,20140404,20140407,20140409,20140410,20140413,20140416,20140417,20140418,20140419,20140420,20140421,20140425,20140426,20140427,20140429,20140430,20140501,20140502 
Number is 51 
G.2.2_index_5_VS_G.1.1_index_4 [9] 
20140324,20140325,20140327,20140330,20140331,20140403,20140405,20140406,20140407,20140413,20140414,20140415,20140416,20140417,20140418,20140419,20140420,20140421,20140428,20140501 
Number is 63 
G.7.4_index_2_VS_G.5.4_index_3 [10] PLUS 1 
20140325,20140328,20140329,20140401,20140403,20140404,20140407,20140408,20140409,20140411,20140412,20140413,20140414,20140416,20140417,20140418,20140419,20140420,20140421,20140422,20140428,20140502 
Number is 66 
G.3.5_index_3_VS_G.2.1_index_5 [11] 
20140323,20140325,20140326,20140327,20140331,20140402,20140405,20140407,20140408,20140409,20140415,20140416,20140417,20140418,20140419,20140420,20140421,20140426,20140427 
Number is 84 
G.7.1_index_1_VS_G.5.3_index_4 [12] PLUS 1 
20140322,20140324,20140325,20140328,20140329,20140330,20140403,20140407,20140409,20140416,20140417,20140418,20140419,20140420,20140421,20140422,20140424,20140501,20140502 
G.6.2_index_3_VS_G.4.3_index_2 [13] PLUS 1 
20140322,20140323,20140324,20140326,20140328,20140401,20140402,20140406,20140407,20140408,20140411,20140413,20140414,20140416,20140417,20140418,20140419,20140420,20140421,20140422,20140429,20140430 
Number is 89 
G.6.2_index_3_VS_G.6.2_index_1 [14] 
20140323,20140325,20140326,20140329,20140330,20140331,20140406,20140407,20140410,20140412,20140415,20140416,20140417,20140418,20140419,20140420,20140421,20140426,20140428,20140429,20140430,20140502 
