======== Current: 20140424 ========= 
Number is 03 
G.1.1_index_3_VS_G.4.4_index_4 [1] PLUS 1 
20140322,20140329,20140330,20140402,20140403,20140405,20140410,20140414,20140415,20140416,20140418,20140419,20140420,20140421,20140422,20140423,20140424,20140426,20140430,20140501 
Number is 29 
G.2.2_index_1_VS_G.3.3_index_5 [2] 
20140323,20140325,20140327,20140331,20140403,20140404,20140405,20140410,20140411,20140418,20140419,20140420,20140421,20140422,20140423 
Number is 34 
G.3.4_index_5_VS_G.7.1_index_1 [3] 
20140324,20140329,20140330,20140404,20140407,20140408,20140411,20140412,20140414,20140418,20140419,20140420,20140421,20140422,20140423,20140429,20140430 
Number is 42 
G.5.3_index_4_VS_G.6.3_index_1 [4] PLUS 1 
20140322,20140325,20140328,20140331,20140401,20140404,20140406,20140413,20140414,20140417,20140418,20140419,20140420,20140421,20140422,20140423,20140424,20140425,20140426,20140430 
Number is 66 
G.4.1_index_2_VS_G.6.3_index_3 [5] 
20140324,20140325,20140404,20140405,20140407,20140409,20140410,20140411,20140413,20140418,20140419,20140420,20140421,20140422,20140423,20140427,20140430 
G.6.2_index_3_VS_G.3.2_index_3 [6] 
20140322,20140325,20140327,20140328,20140330,20140408,20140414,20140415,20140418,20140419,20140420,20140421,20140422,20140423,20140425,20140426,20140427,20140428 
Number is 87 
G.7.2_index_1_VS_G.4.2_index_4 [7] PLUS 1 
20140323,20140325,20140330,20140401,20140405,20140406,20140412,20140413,20140415,20140418,20140419,20140420,20140421,20140422,20140423,20140424,20140425,20140427,20140428,20140429,20140430 
Number is 91 
G.3.6_index_4_VS_G.1.1_index_5 [8] PLUS 1 
20140329,20140330,20140331,20140402,20140404,20140411,20140412,20140413,20140414,20140415,20140418,20140419,20140420,20140421,20140422,20140423,20140424,20140425,20140428,20140429,20140430,20140502 
