======== Current: 20140426 ========= 
Number is 01 
G.5.3_index_4_VS_G.3.3_index_2 [1] PLUS 1 
20140322,20140323,20140326,20140327,20140328,20140401,20140402,20140403,20140404,20140412,20140413,20140414,20140417,20140418,20140420,20140421,20140422,20140423,20140424,20140425,20140426,20140428,20140430 
Number is 02 
G.5.3_index_4_VS_G.5.3_index_1 [2] 
20140322,20140327,20140328,20140403,20140405,20140413,20140416,20140417,20140419,20140420,20140421,20140422,20140423,20140424,20140425,20140502 
Number is 05 
G.5.3_index_4_VS_G.DB_index_3 [3] PLUS 1 
20140322,20140324,20140327,20140328,20140329,20140331,20140403,20140406,20140413,20140414,20140415,20140416,20140419,20140420,20140421,20140422,20140423,20140424,20140425,20140426,20140502 
Number is 08 
G.5.3_index_4_VS_G.6.3_index_1 [4] PLUS 1 
20140322,20140325,20140328,20140331,20140401,20140404,20140406,20140413,20140414,20140417,20140418,20140419,20140420,20140421,20140422,20140423,20140424,20140425,20140426,20140430 
Number is 12 
G.5.6_index_4_VS_G.5.2_index_4 [5] 
20140324,20140327,20140328,20140401,20140402,20140404,20140406,20140408,20140411,20140415,20140420,20140421,20140422,20140423,20140424,20140425,20140427,20140430,20140502 
Number is 14 
G.DB_index_5_VS_G.6.1_index_2 [6] 
20140322,20140325,20140327,20140330,20140404,20140406,20140411,20140417,20140418,20140420,20140421,20140422,20140423,20140424,20140425,20140427,20140429,20140502 
Number is 17 
G.4.1_index_4_VS_G.3.6_index_2 [7] 
20140322,20140325,20140331,20140401,20140408,20140410,20140413,20140414,20140416,20140417,20140418,20140420,20140421,20140422,20140423,20140424,20140425,20140501 
Number is 21 
G.5.2_index_4_VS_G.4.1_index_4 [8] 
20140323,20140324,20140330,20140331,20140401,20140402,20140403,20140404,20140407,20140411,20140413,20140417,20140420,20140421,20140422,20140423,20140424,20140425,20140427,20140429,20140430 
Number is 28 
G.5.2_index_4_VS_G.4.2_index_4 [9] 
20140322,20140323,20140325,20140327,20140329,20140330,20140331,20140402,20140403,20140406,20140407,20140409,20140410,20140412,20140413,20140416,20140417,20140420,20140421,20140422,20140423,20140424,20140425,20140428,20140429,20140430,20140502 
Number is 48 
G.7.2_index_1_VS_G.4.2_index_4 [10] 
20140323,20140325,20140330,20140401,20140405,20140406,20140412,20140413,20140415,20140418,20140419,20140420,20140421,20140422,20140423,20140424,20140425,20140427,20140428,20140429,20140430 
Number is 50 
G.1.1_index_5_VS_G.DB_index_1 [11] PLUS 1 
20140325,20140326,20140331,20140401,20140405,20140407,20140408,20140413,20140415,20140416,20140418,20140420,20140421,20140422,20140423,20140424,20140425,20140426,20140427,20140429,20140430,20140501,20140502 
Number is 57 
G.1.1_index_5_VS_G.4.3_index_2 [12] 
20140323,20140325,20140330,20140405,20140406,20140418,20140420,20140421,20140422,20140423,20140424,20140425,20140428,20140429 
Number is 59 
G.1.1_index_5_VS_G.2.1_index_3 [13] 
20140402,20140404,20140411,20140414,20140416,20140419,20140420,20140421,20140422,20140423,20140424,20140425,20140502 
G.DB_index_3_VS_G.2.1_index_3 [14] 
20140325,20140327,20140331,20140401,20140403,20140408,20140412,20140414,20140417,20140420,20140421,20140422,20140423,20140424,20140425,20140428 
Number is 72 
G.4.3_index_2_VS_G.5.2_index_4 [15] PLUS 1 
20140322,20140324,20140326,20140327,20140328,20140330,20140331,20140402,20140406,20140407,20140411,20140414,20140415,20140420,20140421,20140422,20140423,20140424,20140425,20140426,20140427,20140428,20140429,20140430,20140501,20140502 
Number is 84 
G.4.2_index_4_VS_G.6.1_index_2 [16] 
20140322,20140325,20140329,20140330,20140404,20140406,20140409,20140410,20140413,20140416,20140420,20140421,20140422,20140423,20140424,20140425,20140427,20140428,20140429,20140502 
Number is 85 
G.3.6_index_4_VS_G.1.1_index_5 [17] 
20140329,20140330,20140331,20140402,20140404,20140411,20140412,20140413,20140414,20140415,20140418,20140419,20140420,20140421,20140422,20140423,20140424,20140425,20140428,20140429,20140430,20140502 
Number is 94 
G.2.1_index_3_VS_G.4.3_index_4 [18] PLUS 1 
20140324,20140327,20140329,20140331,20140403,20140404,20140408,20140411,20140412,20140414,20140420,20140421,20140422,20140423,20140424,20140425,20140426,20140429,20140430,20140501 
