======== Current: 20140427 ========= 
Number is 10 
G.5.3_index_4_VS_G.6.3_index_1 [1] 
20140322,20140325,20140328,20140331,20140401,20140404,20140406,20140413,20140414,20140417,20140418,20140419,20140420,20140421,20140422,20140423,20140424,20140425,20140426,20140430 
Number is 11 
G.5.3_index_4_VS_G.5.3_index_2 [2] PLUS 1 
20140322,20140323,20140325,20140327,20140329,20140405,20140407,20140408,20140409,20140410,20140412,20140413,20140414,20140421,20140422,20140423,20140424,20140425,20140426,20140427,20140502 
Number is 14 
G.2.1_index_1_VS_G.7.1_index_1 [3] 
20140323,20140324,20140325,20140326,20140328,20140329,20140330,20140401,20140402,20140403,20140407,20140408,20140409,20140410,20140411,20140412,20140414,20140421,20140422,20140423,20140424,20140425,20140426,20140501,20140502 
G.5.3_index_4_VS_G.DB_index_3 [4] 
20140322,20140324,20140327,20140328,20140329,20140331,20140403,20140406,20140413,20140414,20140415,20140416,20140419,20140420,20140421,20140422,20140423,20140424,20140425,20140426,20140502 
Number is 19 
G.5.3_index_4_VS_G.3.3_index_2 [5] 
20140322,20140323,20140326,20140327,20140328,20140401,20140402,20140403,20140404,20140412,20140413,20140414,20140417,20140418,20140420,20140421,20140422,20140423,20140424,20140425,20140426,20140428,20140430 
Number is 27 
G.3.3_index_4_VS_G.1.1_index_2 [6] PLUS 1 
20140325,20140327,20140329,20140330,20140403,20140410,20140414,20140415,20140416,20140419,20140421,20140422,20140423,20140424,20140425,20140426,20140427 
G.3.5_index_2_VS_G.6.2_index_1 [7] PLUS 1 
20140322,20140323,20140326,20140329,20140331,20140401,20140405,20140409,20140411,20140416,20140417,20140418,20140419,20140421,20140422,20140423,20140424,20140425,20140426,20140427,20140429,20140501,20140502 
Number is 37 
G.1.1_index_5_VS_G.DB_index_1 [8] PLUS 1 
20140325,20140326,20140331,20140401,20140405,20140407,20140408,20140413,20140415,20140416,20140418,20140420,20140421,20140422,20140423,20140424,20140425,20140426,20140427,20140429,20140430,20140501,20140502 
Number is 39 
G.2.1_index_3_VS_G.4.3_index_4 [9] 
20140324,20140327,20140329,20140331,20140403,20140404,20140408,20140411,20140412,20140414,20140420,20140421,20140422,20140423,20140424,20140425,20140426,20140429,20140430,20140501 
Number is 44 
G.7.1_index_1_VS_G.DB_index_5 [10] 
20140323,20140325,20140326,20140327,20140328,20140329,20140402,20140404,20140405,20140407,20140408,20140411,20140412,20140416,20140418,20140421,20140422,20140423,20140424,20140425,20140426,20140429,20140501,20140502 
Number is 51 
G.4.1_index_4_VS_G.5.3_index_4 [11] PLUS 1 
20140323,20140324,20140326,20140329,20140401,20140402,20140410,20140413,20140416,20140418,20140421,20140422,20140423,20140424,20140425,20140426,20140427,20140430,20140501,20140502 
Number is 54 
G.2.2_index_4_VS_G.3.6_index_3 [12] PLUS 1 
20140323,20140325,20140326,20140329,20140401,20140403,20140404,20140409,20140411,20140414,20140416,20140418,20140419,20140421,20140422,20140423,20140424,20140425,20140426,20140427 
Number is 55 
G.7.4_index_2_VS_G.DB_index_4 [13] 
20140324,20140325,20140326,20140328,20140401,20140403,20140413,20140416,20140418,20140421,20140422,20140423,20140424,20140425,20140426,20140428,20140429,20140430,20140501 
Number is 59 
G.4.1_index_4_VS_G.3.4_index_1 [14] 
20140323,20140324,20140325,20140326,20140410,20140413,20140416,20140421,20140422,20140423,20140424,20140425,20140426,20140501 
Number is 67 
G.4.3_index_2_VS_G.5.2_index_4 [15] PLUS 1 
20140322,20140324,20140326,20140327,20140328,20140330,20140331,20140402,20140406,20140407,20140411,20140414,20140415,20140420,20140421,20140422,20140423,20140424,20140425,20140426,20140427,20140428,20140429,20140430,20140501,20140502 
Number is 76 
G.5.1_index_4_VS_G.4.2_index_2 [16] PLUS 1 
20140401,20140404,20140405,20140407,20140408,20140410,20140414,20140416,20140417,20140421,20140422,20140423,20140424,20140425,20140426,20140427,20140502 
Number is 79 
G.1.1_index_2_VS_G.3.6_index_2 [17] PLUS 1 
20140324,20140327,20140329,20140408,20140409,20140412,20140416,20140421,20140422,20140423,20140424,20140425,20140426,20140427,20140428 
Number is 81 
G.3.6_index_1_VS_G.5.3_index_4 [18] 
20140322,20140324,20140325,20140327,20140328,20140402,20140406,20140408,20140410,20140412,20140413,20140414,20140416,20140417,20140418,20140421,20140422,20140423,20140424,20140425,20140426,20140430,20140502 
Number is 95 
G.3.3_index_1_VS_G.5.2_index_1 [19] 
20140323,20140324,20140326,20140327,20140328,20140329,20140330,20140401,20140403,20140407,20140411,20140415,20140421,20140422,20140423,20140424,20140425,20140426,20140428,20140430 
Number is 99 
G.3.4_index_1_VS_G.3.3_index_2 [20] 
20140326,20140328,20140331,20140401,20140410,20140413,20140414,20140421,20140422,20140423,20140424,20140425,20140426,20140428,20140429 
