Last Date = 20130401
Number is 03
G.3.2_index_2_VS_G.4.1_index_1 [1] 
Ngay: 20130323,20130324,20130325,20130326,20130327,20130328,20130329,20130330,20130331
Number is 06
G.3.3_index_4_VS_G.3.6_index_5 [2] 
Ngay: 20130323,20130324,20130326,20130327,20130328,20130329,20130330,20130331
Number is 09
G.3.2_index_2_VS_G.7.2_index_1 [3] 
Ngay: 20130320,20130321,20130323,20130325,20130326,20130327,20130328,20130329,20130330,20130331
Number is 31
G.4.1_index_1_VS_G.3.4_index_5 [4] 
Ngay: 20130322,20130325,20130326,20130327,20130328,20130329,20130330,20130331
Number is 48
G.4.1_index_4_VS_G.4.3_index_4 [5] 
Ngay: 20130320,20130321,20130323,20130326,20130327,20130328,20130329,20130330,20130331
Number is 49
G.3.2_index_4_VS_G.3.4_index_1 [6] 
Ngay: 20130322,20130324,20130326,20130327,20130328,20130329,20130330,20130331
Number is 57
G.7.4_index_2_VS_G.5.3_index_3 [7] 
Ngay: 20130320,20130321,20130323,20130325,20130326,20130327,20130328,20130329,20130330,20130331
Number is 77
G.5.4_index_4_VS_G.4.1_index_3 [8] 
Ngay: 20130321,20130326,20130327,20130328,20130329,20130330,20130331
Number is 78
G.2.2_index_3_VS_G.4.3_index_4 [9] 
Ngay: 20130322,20130326,20130327,20130328,20130329,20130330,20130331
Number is 91
G.3.4_index_1_VS_G.1.1_index_4 [10] 
Ngay: 20130322,20130325,20130326,20130327,20130328,20130329,20130330,20130331
G.5.5_index_2_VS_G.3.5_index_4 [11] 
Ngay: 20130320,20130322,20130324,20130326,20130327,20130328,20130329,20130330,20130331
G.3.5_index_3_VS_G.3.1_index_3 [12] 
Ngay: 20130322,20130323,20130326,20130327,20130328,20130329,20130330,20130331
