Last Date = 20130405
Number is 02
G.5.2_index_1_VS_G.3.5_index_1 [1] 
Ngay: 20130322,20130329,20130330,20130331,20130401,20130402,20130403,20130404
Number is 04
G.3.4_index_4_VS_G.4.2_index_4 [2] 
Ngay: 20130320,20130324,20130327,20130328,20130330,20130331,20130401,20130402,20130403,20130404
Number is 05
G.6.2_index_1_VS_G.5.4_index_4 [3] 
Ngay: 20130320,20130321,20130326,20130329,20130330,20130331,20130401,20130402,20130403,20130404
Number is 10
G.3.3_index_4_VS_G.DB_index_4 [4] 
Ngay: 20130321,20130322,20130326,20130329,20130330,20130331,20130401,20130402,20130403,20130404
Number is 20
G.6.3_index_3_VS_G.6.1_index_2 [5] 
Ngay: 20130320,20130323,20130325,20130326,20130329,20130330,20130331,20130401,20130402,20130403,20130404
Number is 23
G.5.6_index_2_VS_G.3.5_index_4 [6] 
Ngay: 20130320,20130330,20130331,20130401,20130402,20130403,20130404
Number is 25
G.5.2_index_2_VS_G.5.4_index_4 [7] 
Ngay: 20130323,20130325,20130326,20130328,20130330,20130331,20130401,20130402,20130403,20130404
Number is 30
G.2.1_index_2_VS_G.DB_index_4 [8] 
Ngay: 20130321,20130322,20130323,20130324,20130325,20130327,20130330,20130331,20130401,20130402,20130403,20130404
G.3.5_index_4_VS_G.5.2_index_1 [9] 
Ngay: 20130325,20130326,20130328,20130330,20130331,20130401,20130402,20130403,20130404
Number is 51
G.5.3_index_3_VS_G.5.1_index_4 [10] 
Ngay: 20130322,20130323,20130326,20130328,20130330,20130331,20130401,20130402,20130403,20130404
Number is 52
G.4.3_index_3_VS_G.3.2_index_1 [11] 
Ngay: 20130321,20130330,20130331,20130401,20130402,20130403,20130404
Number is 55
G.5.4_index_4_VS_G.1.1_index_3 [12] 
Ngay: 20130321,20130323,20130325,20130328,20130330,20130331,20130401,20130402,20130403,20130404
Number is 57
G.4.3_index_3_VS_G.5.5_index_2 [13] 
Ngay: 20130321,20130325,20130327,20130330,20130331,20130401,20130402,20130403,20130404
Number is 64
G.DB_index_2_VS_G.5.6_index_4 [14] 
Ngay: 20130321,20130323,20130326,20130327,20130329,20130330,20130331,20130401,20130402,20130403,20130404
Number is 65
G.5.2_index_4_VS_G.5.3_index_3 [15] 
Ngay: 20130320,20130323,20130324,20130330,20130331,20130401,20130402,20130403,20130404
Number is 68
G.2.1_index_4_VS_G.3.1_index_3 [16] 
Ngay: 20130322,20130323,20130327,20130330,20130331,20130401,20130402,20130403,20130404
Number is 69
G.4.3_index_4_VS_G.DB_index_3 [17] 
Ngay: 20130321,20130326,20130328,20130329,20130330,20130331,20130401,20130402,20130403,20130404
Number is 70
G.4.1_index_4_VS_G.7.1_index_1 [18] 
Ngay: 20130320,20130324,20130328,20130329,20130330,20130331,20130401,20130402,20130403,20130404
Number is 72
G.1.1_index_4_VS_G.6.3_index_3 [19] 
Ngay: 20130323,20130325,20130326,20130330,20130331,20130401,20130402,20130403,20130404
Number is 75
G.1.1_index_4_VS_G.5.3_index_3 [20] 
Ngay: 20130320,20130322,20130323,20130326,20130328,20130329,20130330,20130331,20130401,20130402,20130403,20130404
Number is 78
G.4.1_index_4_VS_G.3.1_index_3 [21] 
Ngay: 20130323,20130330,20130331,20130401,20130402,20130403,20130404
G.3.6_index_4_VS_G.2.2_index_1 [22] 
Ngay: 20130323,20130325,20130326,20130330,20130331,20130401,20130402,20130403,20130404
Number is 79
G.5.5_index_2_VS_G.4.2_index_1 [23] 
Ngay: 20130320,20130324,20130325,20130326,20130328,20130330,20130331,20130401,20130402,20130403,20130404
Number is 82
G.2.2_index_1_VS_G.5.5_index_1 [24] 
Ngay: 20130324,20130326,20130330,20130331,20130401,20130402,20130403,20130404
Number is 85
G.2.2_index_1_VS_G.1.1_index_3 [25] 
Ngay: 20130323,20130324,20130328,20130330,20130331,20130401,20130402,20130403,20130404
Number is 86
G.3.1_index_3_VS_G.3.3_index_5 [26] 
Ngay: 20130320,20130324,20130329,20130330,20130331,20130401,20130402,20130403,20130404
Number is 93
G.5.6_index_3_VS_G.6.3_index_2 [27] 
Ngay: 20130320,20130323,20130330,20130331,20130401,20130402,20130403,20130404
Number is 96
G.5.4_index_3_VS_G.2.1_index_4 [28] 
Ngay: 20130321,20130322,20130328,20130329,20130330,20130331,20130401,20130402,20130403,20130404
G.7.4_index_1_VS_G.2.1_index_4 [29] 
Ngay: 20130320,20130322,20130323,20130324,20130327,20130328,20130330,20130331,20130401,20130402,20130403,20130404
