Last Date = 20130406
Number is 01
G.3.3_index_5_VS_G.5.4_index_4 [1] 
Ngay: 20130320,20130323,20130326,20130328,20130329,20130331,20130401,20130402,20130403,20130404,20130405
Number is 07
G.3.2_index_1_VS_G.3.5_index_5 [2] 
Ngay: 20130320,20130321,20130323,20130326,20130328,20130331,20130401,20130402,20130403,20130404,20130405
Number is 08
G.3.6_index_2_VS_G.DB_index_1 [3] 
Ngay: 20130321,20130322,20130329,20130331,20130401,20130402,20130403,20130404,20130405
Number is 09
G.3.2_index_1_VS_G.3.5_index_4 [4] 
Ngay: 20130322,20130323,20130325,20130331,20130401,20130402,20130403,20130404,20130405
Number is 13
G.5.4_index_4_VS_G.1.1_index_3 [5] 
Ngay: 20130321,20130323,20130325,20130328,20130330,20130331,20130401,20130402,20130403,20130404,20130405
Number is 15
G.6.3_index_1_VS_G.5.1_index_1 [6] 
Ngay: 20130331,20130401,20130402,20130403,20130404,20130405
Number is 30
G.4.1_index_2_VS_G.4.4_index_1 [7] 
Ngay: 20130322,20130323,20130325,20130331,20130401,20130402,20130403,20130404,20130405
Number is 31
G.1.1_index_4_VS_G.6.3_index_3 [8] 
Ngay: 20130323,20130325,20130326,20130330,20130331,20130401,20130402,20130403,20130404,20130405
Number is 34
G.6.2_index_1_VS_G.2.2_index_1 [9] 
Ngay: 20130320,20130325,20130329,20130331,20130401,20130402,20130403,20130404,20130405
Number is 35
G.4.1_index_2_VS_G.3.1_index_3 [10] 
Ngay: 20130325,20130327,20130329,20130331,20130401,20130402,20130403,20130404,20130405
Number is 41
G.2.1_index_2_VS_G.5.4_index_4 [11] 
Ngay: 20130321,20130325,20130326,20130331,20130401,20130402,20130403,20130404,20130405
Number is 43
G.2.2_index_1_VS_G.1.1_index_3 [12] 
Ngay: 20130323,20130324,20130328,20130330,20130331,20130401,20130402,20130403,20130404,20130405
Number is 45
G.3.3_index_4_VS_G.DB_index_4 [13] 
Ngay: 20130321,20130322,20130326,20130329,20130330,20130331,20130401,20130402,20130403,20130404,20130405
Number is 48
G.2.2_index_1_VS_G.5.5_index_1 [14] 
Ngay: 20130324,20130326,20130330,20130331,20130401,20130402,20130403,20130404,20130405
Number is 50
G.3.1_index_3_VS_G.3.3_index_5 [15] 
Ngay: 20130320,20130324,20130329,20130330,20130331,20130401,20130402,20130403,20130404,20130405
Number is 53
G.7.4_index_1_VS_G.4.1_index_2 [16] 
Ngay: 20130320,20130322,20130323,20130324,20130331,20130401,20130402,20130403,20130404,20130405
Number is 54
G.3.4_index_4_VS_G.2.2_index_1 [17] 
Ngay: 20130321,20130327,20130329,20130331,20130401,20130402,20130403,20130404,20130405
Number is 58
G.5.5_index_2_VS_G.4.2_index_1 [18] 
Ngay: 20130320,20130324,20130325,20130326,20130328,20130330,20130331,20130401,20130402,20130403,20130404,20130405
G.7.4_index_1_VS_G.4.1_index_4 [19] 
Ngay: 20130320,20130321,20130322,20130323,20130324,20130326,20130329,20130331,20130401,20130402,20130403,20130404,20130405
G.5.2_index_4_VS_G.5.3_index_3 [20] 
Ngay: 20130320,20130323,20130324,20130330,20130331,20130401,20130402,20130403,20130404,20130405
G.3.4_index_4_VS_G.4.2_index_4 [21] 
Ngay: 20130320,20130324,20130327,20130328,20130330,20130331,20130401,20130402,20130403,20130404,20130405
Number is 65
G.2.1_index_4_VS_G.3.1_index_3 [22] 
Ngay: 20130322,20130323,20130327,20130330,20130331,20130401,20130402,20130403,20130404,20130405
Number is 78
G.3.5_index_1_VS_G.4.2_index_1 [23] 
Ngay: 20130320,20130322,20130325,20130331,20130401,20130402,20130403,20130404,20130405
Number is 80
G.3.2_index_5_VS_G.4.3_index_1 [24] 
Ngay: 20130324,20130325,20130326,20130327,20130329,20130331,20130401,20130402,20130403,20130404,20130405
Number is 85
G.DB_index_1_VS_G.5.5_index_2 [25] 
Ngay: 20130322,20130324,20130325,20130329,20130331,20130401,20130402,20130403,20130404,20130405
G.5.5_index_1_VS_G.3.1_index_3 [26] 
Ngay: 20130322,20130323,20130331,20130401,20130402,20130403,20130404,20130405
Number is 86
G.3.5_index_3_VS_G.2.1_index_4 [27] 
Ngay: 20130323,20130327,20130328,20130329,20130331,20130401,20130402,20130403,20130404,20130405
Number is 88
G.5.3_index_3_VS_G.5.1_index_4 [28] 
Ngay: 20130322,20130323,20130326,20130328,20130330,20130331,20130401,20130402,20130403,20130404,20130405
Number is 89
G.5.6_index_2_VS_G.3.5_index_4 [29] 
Ngay: 20130320,20130330,20130331,20130401,20130402,20130403,20130404,20130405
Number is 95
G.3.5_index_4_VS_G.4.3_index_3 [30] 
Ngay: 20130331,20130401,20130402,20130403,20130404,20130405
