Last Date = 20130430
Number is 16
G.5.2_index_4_VS_G.5.3_index_3 [20] 
Ngay: 20130320,20130323,20130324,20130330,20130331,20130401,20130402,20130403,20130404,20130405,20130412,20130415,20130416,20130417,20130418,20130421,20130425,20130427,20130428
Number is 64
G.3.5_index_3_VS_G.2.1_index_4 [27] 
Ngay: 20130323,20130327,20130328,20130329,20130331,20130401,20130402,20130403,20130404,20130405,20130410,20130411,20130412,20130413,20130415,20130421,20130422,20130423,20130425,20130426,20130427,20130429
Number is 78
G.7.4_index_1_VS_G.4.1_index_2 [16] 
Ngay: 20130320,20130322,20130323,20130324,20130331,20130401,20130402,20130403,20130404,20130405,20130412,20130413,20130414,20130415,20130418,20130420,20130421
