Last Date = 20130407
Number is 01
G.5.1_index_3_VS_G.3.2_index_5 [1] 
Ngay: 20130320,20130329,20130330,20130401,20130402,20130403,20130404,20130405,20130406
Number is 20
G.4.2_index_4_VS_G.1.1_index_3 [2] 
Ngay: 20130320,20130326,20130327,20130329,20130401,20130402,20130403,20130404,20130405,20130406
Number is 24
G.4.4_index_4_VS_G.2.2_index_2 [3] 
Ngay: 20130320,20130321,20130324,20130325,20130330,20130401,20130402,20130403,20130404,20130405,20130406
Number is 29
G.5.2_index_2_VS_G.5.6_index_1 [4] 
Ngay: 20130325,20130328,20130329,20130401,20130402,20130403,20130404,20130405,20130406
Number is 37
G.6.2_index_1_VS_G.2.2_index_1 [5] 
Ngay: 20130320,20130325,20130329,20130331,20130401,20130402,20130403,20130404,20130405,20130406
Number is 52
G.3.5_index_4_VS_G.4.3_index_3 [6] 
Ngay: 20130331,20130401,20130402,20130403,20130404,20130405,20130406
Number is 57
G.3.4_index_4_VS_G.2.2_index_1 [7] 
Ngay: 20130321,20130327,20130329,20130331,20130401,20130402,20130403,20130404,20130405,20130406
Number is 62
G.3.5_index_1_VS_G.4.2_index_1 [8] 
Ngay: 20130320,20130322,20130325,20130331,20130401,20130402,20130403,20130404,20130405,20130406
G.1.1_index_1_VS_G.5.6_index_2 [9] 
Ngay: 20130321,20130323,20130328,20130401,20130402,20130403,20130404,20130405,20130406
Number is 64
G.1.1_index_1_VS_G.4.4_index_1 [10] 
Ngay: 20130325,20130401,20130402,20130403,20130404,20130405,20130406
Number is 66
G.5.4_index_4_VS_G.5.4_index_4 [11] 
Ngay: 20130322,20130323,20130325,20130401,20130402,20130403,20130404,20130405,20130406
Number is 70
G.3.3_index_4_VS_G.DB_index_4 [12] 
Ngay: 20130321,20130322,20130326,20130329,20130330,20130331,20130401,20130402,20130403,20130404,20130405,20130406
G.2.2_index_1_VS_G.1.1_index_3 [13] 
Ngay: 20130323,20130324,20130328,20130330,20130331,20130401,20130402,20130403,20130404,20130405,20130406
Number is 76
G.3.5_index_5_VS_G.4.3_index_1 [14] 
Ngay: 20130320,20130321,20130322,20130324,20130325,20130327,20130401,20130402,20130403,20130404,20130405,20130406
Number is 78
G.2.2_index_1_VS_G.5.5_index_1 [15] 
Ngay: 20130324,20130326,20130330,20130331,20130401,20130402,20130403,20130404,20130405,20130406
Number is 81
G.4.1_index_4_VS_G.3.1_index_4 [16] 
Ngay: 20130320,20130321,20130322,20130323,20130329,20130330,20130401,20130402,20130403,20130404,20130405,20130406
Number is 86
G.3.3_index_5_VS_G.5.4_index_4 [17] 
Ngay: 20130320,20130323,20130326,20130328,20130329,20130331,20130401,20130402,20130403,20130404,20130405,20130406
Number is 88
G.5.5_index_1_VS_G.1.1_index_4 [18] 
Ngay: 20130321,20130325,20130326,20130329,20130401,20130402,20130403,20130404,20130405,20130406
Number is 94
G.7.1_index_1_VS_G.2.2_index_2 [19] 
Ngay: 20130321,20130326,20130401,20130402,20130403,20130404,20130405,20130406
Number is 95
G.3.2_index_1_VS_G.3.5_index_4 [20] 
Ngay: 20130322,20130323,20130325,20130331,20130401,20130402,20130403,20130404,20130405,20130406
Number is 97
G.3.2_index_1_VS_G.3.5_index_5 [21] 
Ngay: 20130320,20130321,20130323,20130326,20130328,20130331,20130401,20130402,20130403,20130404,20130405,20130406
G.5.3_index_3_VS_G.2.2_index_1 [22] 
Ngay: 20130326,20130330,20130401,20130402,20130403,20130404,20130405,20130406
