Last Date = 20130506
Except date ======= 
required date ======= 20130402,20130403,20130404,20130405,20130406,20130407
Number is 00
G.5.2_index_2_VS_G.4.1_index_4 [1] 
Ngay: 20130323,20130326,20130330,20130402,20130403,20130404,20130405,20130406,20130407,20130413,20130415,20130418,20130419,20130421,20130423,20130430,20130501,20130503,20130505
Number is 04
G.4.1_index_4_VS_G.3.1_index_4 [2] 
Ngay: 20130320,20130321,20130322,20130323,20130329,20130330,20130401,20130402,20130403,20130404,20130405,20130406,20130407,20130408,20130409,20130413,20130415,20130418,20130425,20130429,20130505
Number is 05
G.4.1_index_4_VS_G.5.3_index_2 [3] 
Ngay: 20130321,20130322,20130324,20130330,20130402,20130403,20130404,20130405,20130406,20130407,20130410,20130412,20130416,20130420,20130422,20130430,20130502,20130504,20130505
G.2.2_index_1_VS_G.1.1_index_3 [4] 
Ngay: 20130323,20130324,20130328,20130330,20130331,20130401,20130402,20130403,20130404,20130405,20130406,20130407,20130410,20130414,20130416,20130419,20130425,20130430
Number is 08
G.2.2_index_1_VS_G.5.1_index_2 [5] 
Ngay: 20130322,20130323,20130327,20130331,20130402,20130403,20130404,20130405,20130406,20130407,20130410,20130415,20130416,20130417,20130418,20130422,20130423,20130428,20130429,20130430,20130501
Number is 09
G.2.2_index_1_VS_G.5.5_index_1 [6] 
Ngay: 20130324,20130326,20130330,20130331,20130401,20130402,20130403,20130404,20130405,20130406,20130407,20130410,20130412,20130415,20130416,20130419,20130421,20130422,20130424,20130429,20130501,20130504,20130505
Number is 15
G.3.5_index_4_VS_G.4.3_index_3 [7] 
Ngay: 20130331,20130401,20130402,20130403,20130404,20130405,20130406,20130407,20130416,20130419,20130422,20130424,20130428,20130502,20130504
Number is 23
G.1.1_index_1_VS_G.4.4_index_1 [8] 
Ngay: 20130325,20130401,20130402,20130403,20130404,20130405,20130406,20130407,20130410,20130411,20130413,20130415,20130417,20130420,20130423,20130424,20130426,20130428,20130502,20130504,20130505
Number is 24
G.3.5_index_1_VS_G.4.2_index_1 [9] 
Ngay: 20130320,20130322,20130325,20130331,20130401,20130402,20130403,20130404,20130405,20130406,20130407,20130411,20130412,20130414,20130415,20130416,20130418,20130420,20130423,20130424,20130426,20130501,20130504
G.1.1_index_1_VS_G.5.6_index_2 [10] 
Ngay: 20130321,20130323,20130328,20130401,20130402,20130403,20130404,20130405,20130406,20130407,20130411,20130424,20130426,20130502,20130503,20130504,20130505
Number is 40
G.5.3_index_3_VS_G.4.3_index_2 [11] 
Ngay: 20130320,20130321,20130322,20130328,20130329,20130330,20130331,20130402,20130403,20130404,20130405,20130406,20130407,20130410,20130412,20130413,20130415,20130418,20130421,20130423,20130425,20130428,20130504
Number is 50
G.5.1_index_4_VS_G.3.3_index_1 [12] 
Ngay: 20130322,20130324,20130325,20130328,20130330,20130402,20130403,20130404,20130405,20130406,20130407,20130409,20130410,20130414,20130416,20130417,20130421,20130422,20130425,20130427,20130430,20130501,20130503
Number is 56
G.3.2_index_3_VS_G.2.2_index_2 [13] 
Ngay: 20130323,20130330,20130402,20130403,20130404,20130405,20130406,20130407,20130410,20130413,20130414,20130417,20130422,20130423,20130425,20130430
Number is 57
G.5.1_index_4_VS_G.2.1_index_5 [14] 
Ngay: 20130320,20130324,20130325,20130331,20130402,20130403,20130404,20130405,20130406,20130407,20130411,20130414,20130418,20130419,20130423,20130429,20130501,20130503,20130505
Number is 61
G.3.2_index_1_VS_G.3.5_index_4 [15] 
Ngay: 20130322,20130323,20130325,20130331,20130401,20130402,20130403,20130404,20130405,20130406,20130407,20130409,20130412,20130414,20130415,20130416,20130417,20130418,20130419,20130420,20130422,20130429,20130430,20130501,20130502,20130504
Number is 70
G.4.4_index_4_VS_G.3.5_index_2 [16] 
Ngay: 20130321,20130323,20130325,20130327,20130331,20130402,20130403,20130404,20130405,20130406,20130407,20130408,20130410,20130411,20130414,20130416,20130417,20130422,20130425,20130426,20130429,20130430,20130501,20130505
Number is 76
G.5.1_index_3_VS_G.3.2_index_5 [17] 
Ngay: 20130320,20130329,20130330,20130401,20130402,20130403,20130404,20130405,20130406,20130407,20130412,20130413,20130414,20130416,20130417,20130422,20130425,20130426,20130428,20130430,20130503,20130504
G.4.4_index_4_VS_G.2.2_index_2 [18] 
Ngay: 20130320,20130321,20130324,20130325,20130330,20130401,20130402,20130403,20130404,20130405,20130406,20130407,20130408,20130410,20130416,20130417,20130420,20130422,20130424,20130425,20130426,20130427,20130430,20130503,20130504,20130505
Number is 77
G.4.1_index_2_VS_G.6.1_index_1 [19] 
Ngay: 20130320,20130322,20130323,20130326,20130402,20130403,20130404,20130405,20130406,20130407,20130409,20130412,20130421,20130424,20130427,20130428,20130501,20130504
Number is 83
G.3.4_index_2_VS_G.4.4_index_1 [20] 
Ngay: 20130321,20130324,20130325,20130329,20130330,20130402,20130403,20130404,20130405,20130406,20130407,20130408,20130409,20130411,20130413,20130414,20130415,20130417,20130419,20130422,20130423,20130428
Number is 93
G.3.3_index_4_VS_G.DB_index_4 [21] 
Ngay: 20130321,20130322,20130326,20130329,20130330,20130331,20130401,20130402,20130403,20130404,20130405,20130406,20130407,20130408,20130410,20130411,20130413,20130414,20130418,20130421,20130423,20130424,20130425,20130427,20130429,20130502,20130503,20130504,20130505
