Last Date = 20130430
Number is 16
G.5.4_index_4_VS_G.5.5_index_3 [15] 
Ngay: 20130321,20130323,20130324,20130327,20130328,20130329,20130401,20130402,20130403,20130405,20130406,20130407,20130408,20130412,20130413,20130414,20130415,20130416,20130417,20130422,20130424,20130425,20130426,20130427,20130429
Number is 21
G.1.1_index_2_VS_G.2.2_index_4 [7] 
Ngay: 20130323,20130325,20130329,20130331,20130403,20130406,20130408,20130410,20130411,20130412,20130413,20130414,20130415,20130416,20130417,20130422,20130424,20130428,20130429
Number is 42
G.5.4_index_2_VS_G.4.1_index_4 [33] 
Ngay: 20130322,20130323,20130329,20130401,20130402,20130403,20130406,20130411,20130412,20130413,20130414,20130415,20130416,20130417,20130424,20130426,20130427,20130428
Number is 56
G.3.6_index_5_VS_G.4.2_index_3 [11] 
Ngay: 20130320,20130321,20130324,20130326,20130327,20130330,20130401,20130403,20130407,20130409,20130410,20130412,20130413,20130414,20130415,20130416,20130417,20130423,20130424,20130428
Number is 76
G.3.4_index_4_VS_G.5.5_index_3 [18] 
Ngay: 20130320,20130321,20130323,20130328,20130329,20130330,20130401,20130402,20130405,20130407,20130410,20130412,20130413,20130414,20130415,20130416,20130417,20130423,20130425,20130429
Number is 78
G.4.4_index_3_VS_G.3.2_index_1 [9] 
Ngay: 20130320,20130321,20130323,20130329,20130401,20130403,20130404,20130412,20130413,20130414,20130415,20130416,20130417,20130425,20130426,20130427,20130429
