Last Date = 20130421
Number is 09
G.1.1_index_2_VS_G.3.6_index_1 [1] 
Ngay: 20130320,20130321,20130322,20130324,20130325,20130326,20130329,20130331,20130401,20130405,20130406,20130407,20130410,20130411,20130412,20130414,20130415,20130416,20130417,20130418,20130419,20130420
Number is 13
G.5.5_index_2_VS_G.7.2_index_1 [2] 
Ngay: 20130321,20130329,20130331,20130402,20130403,20130406,20130407,20130409,20130410,20130411,20130412,20130413,20130414,20130415,20130416,20130417,20130418,20130419,20130420
Number is 20
G.3.2_index_1_VS_G.3.5_index_4 [3] 
Ngay: 20130322,20130323,20130325,20130331,20130401,20130402,20130403,20130404,20130405,20130406,20130407,20130409,20130412,20130414,20130415,20130416,20130417,20130418,20130419,20130420
Number is 25
G.5.2_index_2_VS_G.6.3_index_3 [4] 
Ngay: 20130321,20130322,20130323,20130326,20130331,20130401,20130402,20130404,20130406,20130407,20130409,20130411,20130414,20130415,20130416,20130417,20130418,20130419,20130420
Number is 26
G.3.2_index_1_VS_G.DB_index_3 [5] 
Ngay: 20130320,20130321,20130322,20130323,20130325,20130326,20130327,20130329,20130331,20130401,20130403,20130404,20130405,20130407,20130408,20130412,20130413,20130415,20130416,20130417,20130418,20130419,20130420
Number is 31
G.3.3_index_2_VS_G.7.1_index_2 [6] 
Ngay: 20130320,20130322,20130324,20130328,20130330,20130331,20130403,20130408,20130409,20130410,20130412,20130413,20130415,20130416,20130417,20130418,20130419,20130420
Number is 34
G.7.2_index_1_VS_G.7.4_index_1 [7] 
Ngay: 20130322,20130326,20130328,20130329,20130331,20130405,20130406,20130407,20130412,20130413,20130415,20130416,20130417,20130418,20130419,20130420
G.5.5_index_4_VS_G.5.4_index_2 [8] 
Ngay: 20130320,20130322,20130323,20130325,20130329,20130401,20130402,20130404,20130406,20130407,20130408,20130411,20130413,20130414,20130415,20130416,20130417,20130418,20130419,20130420
Number is 36
G.5.5_index_4_VS_G.DB_index_5 [9] 
Ngay: 20130321,20130323,20130326,20130327,20130329,20130401,20130406,20130413,20130414,20130415,20130416,20130417,20130418,20130419,20130420
G.7.2_index_2_VS_G.3.4_index_1 [10] 
Ngay: 20130321,20130322,20130326,20130329,20130407,20130408,20130412,20130415,20130416,20130417,20130418,20130419,20130420
Number is 39
G.2.2_index_3_VS_G.3.6_index_5 [11] 
Ngay: 20130321,20130323,20130326,20130328,20130331,20130402,20130404,20130407,20130408,20130409,20130411,20130413,20130414,20130415,20130416,20130417,20130418,20130419,20130420
Number is 41
G.7.4_index_1_VS_G.6.1_index_3 [12] 
Ngay: 20130322,20130326,20130329,20130401,20130404,20130410,20130411,20130412,20130413,20130415,20130416,20130417,20130418,20130419,20130420
Number is 42
G.5.5_index_1_VS_G.3.2_index_1 [13] 
Ngay: 20130320,20130321,20130322,20130323,20130324,20130329,20130331,20130401,20130403,20130404,20130408,20130410,20130413,20130415,20130416,20130417,20130418,20130419,20130420
Number is 43
G.4.2_index_1_VS_G.5.2_index_1 [14] 
Ngay: 20130321,20130327,20130401,20130402,20130404,20130407,20130410,20130411,20130414,20130415,20130416,20130417,20130418,20130419,20130420
Number is 45
G.4.2_index_1_VS_G.6.2_index_2 [15] 
Ngay: 20130320,20130321,20130322,20130327,20130328,20130330,20130405,20130408,20130411,20130415,20130416,20130417,20130418,20130419,20130420
Number is 56
G.5.1_index_4_VS_G.DB_index_5 [16] 
Ngay: 20130325,20130326,20130402,20130403,20130407,20130408,20130411,20130413,20130415,20130416,20130417,20130418,20130419,20130420
Number is 58
G.6.3_index_3_VS_G.4.1_index_3 [17] 
Ngay: 20130320,20130322,20130324,20130326,20130330,20130331,20130401,20130404,20130405,20130406,20130407,20130409,20130411,20130415,20130416,20130417,20130418,20130419,20130420
Number is 60
G.DB_index_5_VS_G.5.6_index_1 [18] 
Ngay: 20130320,20130321,20130325,20130326,20130329,20130331,20130411,20130412,20130414,20130415,20130416,20130417,20130418,20130419,20130420
Number is 62
G.3.4_index_1_VS_G.3.3_index_1 [19] 
Ngay: 20130321,20130326,20130327,20130328,20130402,20130403,20130405,20130410,20130412,20130414,20130415,20130416,20130417,20130418,20130419,20130420
Number is 63
G.DB_index_3_VS_G.2.1_index_4 [20] 
Ngay: 20130320,20130325,20130401,20130403,20130407,20130408,20130410,20130411,20130415,20130416,20130417,20130418,20130419,20130420
Number is 64
G.3.3_index_3_VS_G.7.4_index_1 [21] 
Ngay: 20130320,20130322,20130323,20130324,20130325,20130326,20130331,20130404,20130408,20130410,20130412,20130413,20130414,20130415,20130416,20130417,20130418,20130419,20130420
Number is 65
G.DB_index_3_VS_G.3.4_index_2 [22] 
Ngay: 20130326,20130327,20130331,20130403,20130406,20130407,20130408,20130410,20130411,20130412,20130415,20130416,20130417,20130418,20130419,20130420
Number is 67
G.3.3_index_3_VS_G.3.1_index_4 [23] 
Ngay: 20130320,20130321,20130323,20130325,20130326,20130328,20130330,20130401,20130404,20130405,20130408,20130410,20130411,20130412,20130413,20130415,20130416,20130417,20130418,20130419,20130420
Number is 71
G.3.1_index_4_VS_G.5.3_index_4 [24] 
Ngay: 20130320,20130321,20130325,20130326,20130328,20130329,20130401,20130404,20130405,20130407,20130408,20130409,20130412,20130413,20130415,20130416,20130417,20130418,20130419,20130420
Number is 72
G.1.1_index_4_VS_G.3.3_index_1 [25] 
Ngay: 20130320,20130322,20130323,20130324,20130328,20130330,20130331,20130401,20130402,20130403,20130405,20130406,20130409,20130414,20130415,20130416,20130417,20130418,20130419,20130420
Number is 76
G.1.1_index_4_VS_G.4.4_index_1 [26] 
Ngay: 20130321,20130326,20130331,20130401,20130404,20130407,20130408,20130409,20130410,20130411,20130412,20130415,20130416,20130417,20130418,20130419,20130420
Number is 80
G.4.4_index_2_VS_G.1.1_index_2 [27] 
Ngay: 20130323,20130329,20130401,20130402,20130404,20130408,20130410,20130413,20130414,20130415,20130416,20130417,20130418,20130419,20130420
Number is 94
G.3.4_index_5_VS_G.4.2_index_1 [28] 
Ngay: 20130321,20130322,20130324,20130330,20130402,20130412,20130415,20130416,20130417,20130418,20130419,20130420
Number is 96
G.6.1_index_2_VS_G.3.4_index_1 [29] 
Ngay: 20130320,20130321,20130325,20130327,20130328,20130329,20130330,20130331,20130401,20130403,20130408,20130409,20130410,20130412,20130413,20130414,20130415,20130416,20130417,20130418,20130419,20130420
Number is 97
G.4.2_index_3_VS_G.3.6_index_3 [30] 
Ngay: 20130320,20130321,20130322,20130324,20130326,20130330,20130403,20130405,20130409,20130415,20130416,20130417,20130418,20130419,20130420
G.3.6_index_5_VS_G.5.6_index_4 [31] 
Ngay: 20130322,20130326,20130328,20130330,20130401,20130402,20130403,20130407,20130408,20130409,20130412,20130413,20130414,20130415,20130416,20130417,20130418,20130419,20130420
