Last Date = 20130506
Except date ======= 
required date ======= 20130418,20130419,20130420,20130421,20130422,20130423
Number is 04
G.5.6_index_4_VS_G.5.3_index_3 [1] 
Ngay: 20130321,20130323,20130328,20130329,20130331,20130405,20130407,20130411,20130412,20130414,20130415,20130416,20130418,20130419,20130420,20130421,20130422,20130423,20130424,20130426,20130427,20130501,20130503
Number is 14
G.5.4_index_2_VS_G.2.1_index_4 [2] 
Ngay: 20130323,20130325,20130329,20130331,20130401,20130402,20130403,20130404,20130406,20130407,20130411,20130412,20130414,20130418,20130419,20130420,20130421,20130422,20130423,20130425,20130427,20130501,20130502
Number is 15
G.3.4_index_5_VS_G.2.1_index_1 [3] 
Ngay: 20130320,20130322,20130325,20130328,20130401,20130403,20130408,20130410,20130411,20130415,20130418,20130419,20130420,20130421,20130422,20130423,20130424,20130504,20130505
Number is 24
G.5.4_index_1_VS_G.2.1_index_4 [4] 
Ngay: 20130321,20130322,20130323,20130324,20130328,20130331,20130402,20130403,20130405,20130407,20130410,20130411,20130413,20130416,20130418,20130419,20130420,20130421,20130422,20130423,20130429,20130430,20130501,20130504
Number is 33
G.4.4_index_1_VS_G.3.2_index_2 [5] 
Ngay: 20130320,20130321,20130322,20130323,20130324,20130326,20130329,20130331,20130402,20130403,20130404,20130405,20130407,20130415,20130417,20130418,20130419,20130420,20130421,20130422,20130423,20130426,20130427,20130429,20130503,20130504,20130505
Number is 34
G.3.2_index_2_VS_G.5.3_index_3 [6] 
Ngay: 20130321,20130328,20130329,20130331,20130401,20130403,20130404,20130407,20130411,20130414,20130415,20130416,20130418,20130419,20130420,20130421,20130422,20130423,20130430,20130502,20130503
Number is 40
G.5.3_index_3_VS_G.5.2_index_2 [7] 
Ngay: 20130320,20130322,20130325,20130326,20130331,20130401,20130402,20130404,20130406,20130408,20130415,20130418,20130419,20130420,20130421,20130422,20130423,20130426,20130428,20130501
Number is 41
G.5.3_index_3_VS_G.5.2_index_1 [8] 
Ngay: 20130320,20130322,20130323,20130325,20130328,20130401,20130402,20130404,20130407,20130410,20130412,20130413,20130415,20130416,20130418,20130419,20130420,20130421,20130422,20130423,20130425,20130426,20130428,20130503
Number is 43
G.2.2_index_5_VS_G.4.4_index_1 [9] 
Ngay: 20130320,20130321,20130324,20130327,20130329,20130330,20130401,20130402,20130404,20130411,20130414,20130418,20130419,20130420,20130421,20130422,20130423,20130427,20130428,20130503
G.5.3_index_3_VS_G.6.1_index_2 [10] 
Ngay: 20130321,20130327,20130330,20130401,20130409,20130410,20130412,20130413,20130415,20130418,20130419,20130420,20130421,20130422,20130423,20130429,20130503
Number is 52
G.2.1_index_1_VS_G.3.4_index_3 [11] 
Ngay: 20130325,20130328,20130330,20130401,20130403,20130406,20130410,20130414,20130418,20130419,20130420,20130421,20130422,20130423,20130425,20130426,20130427,20130504
Number is 54
G.3.6_index_4_VS_G.2.1_index_4 [12] 
Ngay: 20130323,20130324,20130325,20130328,20130331,20130402,20130403,20130410,20130411,20130412,20130417,20130418,20130419,20130420,20130421,20130422,20130423,20130425,20130426,20130428,20130429,20130502,20130504,20130505
Number is 66
G.7.1_index_2_VS_G.2.2_index_4 [13] 
Ngay: 20130321,20130322,20130324,20130329,20130409,20130412,20130415,20130416,20130418,20130419,20130420,20130421,20130422,20130423,20130427,20130429,20130430,20130501,20130502,20130504
Number is 67
G.1.1_index_4_VS_G.2.2_index_3 [14] 
Ngay: 20130320,20130321,20130322,20130323,20130326,20130401,20130402,20130404,20130407,20130409,20130410,20130411,20130413,20130415,20130416,20130418,20130419,20130420,20130421,20130422,20130423,20130428,20130430,20130505
Number is 70
G.DB_index_5_VS_G.7.4_index_1 [15] 
Ngay: 20130321,20130322,20130323,20130326,20130329,20130331,20130404,20130413,20130414,20130417,20130418,20130419,20130420,20130421,20130422,20130423,20130427,20130502,20130504,20130505
Number is 74
G.5.6_index_3_VS_G.2.1_index_4 [16] 
Ngay: 20130321,20130324,20130325,20130328,20130330,20130331,20130401,20130403,20130407,20130410,20130411,20130412,20130418,20130419,20130420,20130421,20130422,20130423,20130427,20130501,20130504
Number is 76
G.2.2_index_3_VS_G.4.1_index_3 [17] 
Ngay: 20130321,20130323,20130324,20130327,20130331,20130401,20130404,20130407,20130410,20130411,20130415,20130416,20130418,20130419,20130420,20130421,20130422,20130423,20130424,20130426,20130430,20130502,20130504,20130505
Number is 77
G.4.4_index_4_VS_G.2.2_index_3 [18] 
Ngay: 20130321,20130323,20130331,20130401,20130408,20130410,20130411,20130412,20130415,20130418,20130419,20130420,20130421,20130422,20130423,20130424,20130425,20130430,20130501,20130502,20130503,20130505
Number is 96
G.5.5_index_1_VS_G.3.2_index_1 [19] 
Ngay: 20130320,20130321,20130322,20130323,20130324,20130329,20130331,20130401,20130403,20130404,20130408,20130410,20130413,20130415,20130416,20130417,20130418,20130419,20130420,20130421,20130422,20130423,20130425,20130504
