Last Date = 20130506
Except date ======= 
required date ======= 20130422,20130423,20130424,20130425,20130426,20130427
Number is 04
G.5.1_index_1_VS_G.3.6_index_1 [1] 
Ngay: 20130320,20130321,20130329,20130330,20130403,20130404,20130406,20130407,20130410,20130412,20130413,20130414,20130416,20130417,20130422,20130423,20130424,20130425,20130426,20130427,20130429,20130430,20130502
Number is 13
G.5.4_index_2_VS_G.3.2_index_2 [2] 
Ngay: 20130320,20130321,20130327,20130329,20130401,20130403,20130406,20130407,20130417,20130418,20130420,20130421,20130422,20130423,20130424,20130425,20130426,20130427,20130430,20130501,20130505
Number is 26
G.5.4_index_3_VS_G.2.2_index_2 [3] 
Ngay: 20130320,20130323,20130324,20130326,20130328,20130329,20130407,20130410,20130412,20130413,20130422,20130423,20130424,20130425,20130426,20130427,20130503
G.7.3_index_2_VS_G.1.1_index_4 [4] 
Ngay: 20130322,20130323,20130325,20130326,20130327,20130329,20130330,20130331,20130403,20130406,20130408,20130416,20130418,20130420,20130422,20130423,20130424,20130425,20130426,20130427,20130504,20130505
Number is 27
G.3.4_index_1_VS_G.7.2_index_1 [5] 
Ngay: 20130322,20130327,20130329,20130406,20130407,20130410,20130412,20130414,20130415,20130416,20130417,20130419,20130420,20130422,20130423,20130424,20130425,20130426,20130427,20130502,20130503
Number is 44
G.3.6_index_1_VS_G.5.3_index_3 [6] 
Ngay: 20130321,20130323,20130324,20130325,20130329,20130331,20130403,20130404,20130405,20130410,20130412,20130413,20130414,20130419,20130420,20130421,20130422,20130423,20130424,20130425,20130426,20130427,20130428,20130429,20130503
Number is 46
G.2.2_index_5_VS_G.4.1_index_3 [7] 
Ngay: 20130320,20130324,20130327,20130329,20130330,20130404,20130407,20130408,20130412,20130414,20130416,20130418,20130420,20130422,20130423,20130424,20130425,20130426,20130427,20130428,20130429,20130502,20130503
Number is 47
G.DB_index_2_VS_G.DB_index_5 [8] 
Ngay: 20130320,20130323,20130331,20130404,20130407,20130409,20130411,20130413,20130414,20130420,20130422,20130423,20130424,20130425,20130426,20130427,20130428,20130430
Number is 57
G.2.1_index_1_VS_G.2.2_index_3 [9] 
Ngay: 20130324,20130325,20130327,20130331,20130401,20130403,20130410,20130411,20130414,20130415,20130418,20130419,20130422,20130423,20130424,20130425,20130426,20130427,20130502,20130504,20130505
Number is 60
G.4.1_index_3_VS_G.5.6_index_4 [10] 
Ngay: 20130324,20130325,20130326,20130330,20130403,20130408,20130410,20130411,20130412,20130415,20130416,20130418,20130419,20130422,20130423,20130424,20130425,20130426,20130427,20130501,20130502,20130504,20130505
Number is 63
G.3.1_index_2_VS_G.3.2_index_2 [11] 
Ngay: 20130322,20130325,20130327,20130329,20130330,20130401,20130402,20130406,20130407,20130408,20130411,20130416,20130417,20130420,20130421,20130422,20130423,20130424,20130425,20130426,20130427,20130428,20130429,20130430,20130501,20130503,20130505
Number is 65
G.4.1_index_3_VS_G.4.3_index_3 [12] 
Ngay: 20130322,20130325,20130401,20130402,20130403,20130407,20130408,20130409,20130411,20130413,20130414,20130416,20130418,20130419,20130422,20130423,20130424,20130425,20130426,20130427,20130428,20130430,20130505
G.6.2_index_1_VS_G.5.3_index_2 [13] 
Ngay: 20130321,20130323,20130326,20130402,20130407,20130408,20130412,20130414,20130417,20130420,20130422,20130423,20130424,20130425,20130426,20130427,20130428,20130502,20130503
Number is 69
G.3.1_index_2_VS_G.3.1_index_1 [14] 
Ngay: 20130321,20130324,20130325,20130329,20130401,20130404,20130406,20130411,20130418,20130420,20130422,20130423,20130424,20130425,20130426,20130427,20130502,20130503,20130504
Number is 71
G.3.3_index_5_VS_G.5.4_index_2 [15] 
Ngay: 20130320,20130322,20130329,20130401,20130402,20130403,20130406,20130408,20130409,20130411,20130412,20130414,20130416,20130418,20130420,20130422,20130423,20130424,20130425,20130426,20130427,20130429,20130502
Number is 74
G.3.3_index_5_VS_G.5.6_index_1 [16] 
Ngay: 20130320,20130323,20130324,20130325,20130328,20130329,20130403,20130408,20130409,20130411,20130416,20130420,20130422,20130423,20130424,20130425,20130426,20130427,20130428,20130503,20130504
Number is 79
G.2.1_index_5_VS_G.3.3_index_4 [17] 
Ngay: 20130322,20130323,20130325,20130328,20130331,20130401,20130402,20130405,20130408,20130417,20130420,20130422,20130423,20130424,20130425,20130426,20130427,20130428,20130430,20130501,20130504
Number is 86
G.3.1_index_3_VS_G.2.2_index_4 [18] 
Ngay: 20130322,20130323,20130329,20130330,20130331,20130403,20130406,20130410,20130415,20130416,20130418,20130419,20130421,20130422,20130423,20130424,20130425,20130426,20130427,20130503
Number is 87
G.3.1_index_5_VS_G.3.6_index_3 [19] 
Ngay: 20130320,20130321,20130326,20130327,20130328,20130402,20130403,20130406,20130410,20130411,20130412,20130413,20130415,20130422,20130423,20130424,20130425,20130426,20130427,20130429,20130501,20130504,20130505
Number is 90
G.3.1_index_1_VS_G.2.2_index_1 [20] 
Ngay: 20130322,20130326,20130327,20130329,20130401,20130403,20130404,20130405,20130406,20130407,20130408,20130411,20130416,20130417,20130418,20130421,20130422,20130423,20130424,20130425,20130426,20130427,20130430,20130504
