Last Date = 20130505
Number is 33
G.3.1_index_2_VS_G.3.1_index_1 [13] 
Ngay: 20130321,20130324,20130325,20130329,20130401,20130404,20130406,20130411,20130418,20130420,20130422,20130423,20130424,20130425,20130426,20130427,20130502,20130503,20130504
Number is 56
G.2.1_index_1_VS_G.2.2_index_3 [5] 
Ngay: 20130324,20130325,20130327,20130331,20130401,20130403,20130410,20130411,20130414,20130415,20130418,20130419,20130422,20130423,20130424,20130425,20130426,20130427,20130502,20130504
Number is 58
G.3.1_index_3_VS_G.2.2_index_4 [3] 
Ngay: 20130322,20130323,20130329,20130330,20130331,20130403,20130406,20130410,20130415,20130416,20130418,20130419,20130421,20130422,20130423,20130424,20130425,20130426,20130427,20130503
Number is 70
G.7.3_index_2_VS_G.1.1_index_4 [2] 
Ngay: 20130322,20130323,20130325,20130326,20130327,20130329,20130330,20130331,20130403,20130406,20130408,20130416,20130418,20130420,20130422,20130423,20130424,20130425,20130426,20130427,20130504
Number is 99
G.5.4_index_3_VS_G.2.2_index_2 [15] 
Ngay: 20130320,20130323,20130324,20130326,20130328,20130329,20130407,20130410,20130412,20130413,20130422,20130423,20130424,20130425,20130426,20130427,20130503
G.3.4_index_1_VS_G.7.2_index_1 [1] 
Ngay: 20130322,20130327,20130329,20130406,20130407,20130410,20130412,20130414,20130415,20130416,20130417,20130419,20130420,20130422,20130423,20130424,20130425,20130426,20130427,20130502,20130503
