Last Date = 20130429
Number is 04
G.6.2_index_1_VS_G.3.2_index_3 [1] 
Ngay: 20130320,20130321,20130328,20130329,20130330,20130331,20130408,20130409,20130415,20130416,20130420,20130423,20130424,20130425,20130426,20130427,20130428
Number is 05
G.6.2_index_1_VS_G.5.3_index_2 [2] 
Ngay: 20130321,20130323,20130326,20130402,20130407,20130408,20130412,20130414,20130417,20130420,20130422,20130423,20130424,20130425,20130426,20130427,20130428
Number is 23
G.3.5_index_3_VS_G.5.1_index_2 [3] 
Ngay: 20130322,20130326,20130327,20130328,20130329,20130331,20130401,20130402,20130404,20130407,20130408,20130410,20130415,20130417,20130418,20130423,20130424,20130425,20130426,20130427,20130428
Number is 25
G.5.2_index_4_VS_G.5.4_index_2 [4] 
Ngay: 20130323,20130326,20130327,20130401,20130402,20130403,20130408,20130409,20130411,20130412,20130413,20130414,20130418,20130420,20130421,20130423,20130424,20130425,20130426,20130427,20130428
Number is 26
G.7.3_index_2_VS_G.4.1_index_3 [5] 
Ngay: 20130320,20130324,20130325,20130326,20130327,20130329,20130330,20130401,20130402,20130408,20130409,20130414,20130416,20130418,20130423,20130424,20130425,20130426,20130427,20130428
G.2.1_index_5_VS_G.3.3_index_4 [6] 
Ngay: 20130322,20130323,20130325,20130328,20130331,20130401,20130402,20130405,20130408,20130417,20130420,20130422,20130423,20130424,20130425,20130426,20130427,20130428
Number is 43
G.4.4_index_3_VS_G.3.2_index_2 [7] 
Ngay: 20130323,20130326,20130330,20130331,20130403,20130404,20130405,20130411,20130412,20130413,20130416,20130417,20130419,20130420,20130421,20130423,20130424,20130425,20130426,20130427,20130428
G.3.1_index_2_VS_G.3.2_index_2 [8] 
Ngay: 20130322,20130325,20130327,20130329,20130330,20130401,20130402,20130406,20130407,20130408,20130411,20130416,20130417,20130420,20130421,20130422,20130423,20130424,20130425,20130426,20130427,20130428
Number is 44
G.3.2_index_3_VS_G.4.4_index_1 [9] 
Ngay: 20130322,20130325,20130326,20130402,20130405,20130407,20130409,20130411,20130412,20130415,20130418,20130419,20130421,20130423,20130424,20130425,20130426,20130427,20130428
Number is 45
G.3.4_index_4_VS_G.3.4_index_1 [10] 
Ngay: 20130320,20130321,20130322,20130325,20130326,20130328,20130330,20130331,20130401,20130402,20130403,20130406,20130408,20130412,20130413,20130415,20130416,20130417,20130423,20130424,20130425,20130426,20130427,20130428
Number is 46
G.2.2_index_5_VS_G.4.1_index_3 [11] 
Ngay: 20130320,20130324,20130327,20130329,20130330,20130404,20130407,20130408,20130412,20130414,20130416,20130418,20130420,20130422,20130423,20130424,20130425,20130426,20130427,20130428
Number is 49
G.4.4_index_1_VS_G.7.1_index_2 [12] 
Ngay: 20130325,20130326,20130329,20130330,20130401,20130405,20130407,20130409,20130411,20130414,20130415,20130418,20130419,20130421,20130423,20130424,20130425,20130426,20130427,20130428
Number is 63
G.4.1_index_2_VS_G.6.3_index_2 [13] 
Ngay: 20130320,20130321,20130323,20130325,20130326,20130327,20130330,20130404,20130405,20130407,20130415,20130418,20130423,20130424,20130425,20130426,20130427,20130428
Number is 66
G.3.2_index_1_VS_G.3.3_index_4 [14] 
Ngay: 20130321,20130322,20130323,20130324,20130329,20130401,20130402,20130403,20130405,20130406,20130410,20130411,20130413,20130415,20130417,20130421,20130423,20130424,20130425,20130426,20130427,20130428
Number is 67
G.4.1_index_3_VS_G.4.3_index_3 [15] 
Ngay: 20130322,20130325,20130401,20130402,20130403,20130407,20130408,20130409,20130411,20130413,20130414,20130416,20130418,20130419,20130422,20130423,20130424,20130425,20130426,20130427,20130428
G.3.3_index_5_VS_G.5.6_index_1 [16] 
Ngay: 20130320,20130323,20130324,20130325,20130328,20130329,20130403,20130408,20130409,20130411,20130416,20130420,20130422,20130423,20130424,20130425,20130426,20130427,20130428
G.5.6_index_3_VS_G.4.4_index_2 [17] 
Ngay: 20130321,20130323,20130325,20130329,20130401,20130402,20130404,20130405,20130407,20130408,20130409,20130411,20130417,20130418,20130423,20130424,20130425,20130426,20130427,20130428
Number is 69
G.DB_index_1_VS_G.4.2_index_2 [18] 
Ngay: 20130321,20130324,20130326,20130330,20130331,20130403,20130408,20130412,20130417,20130423,20130424,20130425,20130426,20130427,20130428
Number is 73
G.3.6_index_1_VS_G.5.3_index_3 [19] 
Ngay: 20130321,20130323,20130324,20130325,20130329,20130331,20130403,20130404,20130405,20130410,20130412,20130413,20130414,20130419,20130420,20130421,20130422,20130423,20130424,20130425,20130426,20130427,20130428
Number is 75
G.1.1_index_2_VS_G.1.1_index_1 [20] 
Ngay: 20130320,20130321,20130325,20130326,20130330,20130331,20130401,20130402,20130403,20130405,20130407,20130410,20130411,20130418,20130419,20130420,20130423,20130424,20130425,20130426,20130427,20130428
Number is 76
G.6.1_index_1_VS_G.DB_index_1 [21] 
Ngay: 20130320,20130321,20130324,20130325,20130326,20130327,20130329,20130401,20130403,20130405,20130406,20130407,20130408,20130409,20130412,20130414,20130415,20130417,20130419,20130423,20130424,20130425,20130426,20130427,20130428
Number is 93
G.DB_index_2_VS_G.DB_index_5 [22] 
Ngay: 20130320,20130323,20130331,20130404,20130407,20130409,20130411,20130413,20130414,20130420,20130422,20130423,20130424,20130425,20130426,20130427,20130428
Number is 96
G.1.1_index_4_VS_G.7.4_index_1 [23] 
Ngay: 20130320,20130322,20130323,20130324,20130325,20130327,20130331,20130403,20130404,20130405,20130407,20130413,20130414,20130416,20130418,20130419,20130421,20130423,20130424,20130425,20130426,20130427,20130428
