======== Current: 20150102 ========= 
Number is 06 
G.5.1_index_1_VS_G.5.5_index_1 [1] PLUS 1 
20141216,20141218,20141222,20141223,20141225,20141226,20141227,20141228,20141229,20141230,20141231,20150101,20150102,20150103,20150104,20150105,20150106,20150111,20150115,20150118,20150122,20150123,20150124,20150125,20150126,20150127,20150128,20150202 
Number is 09 
G.5.3_index_2_VS_G.3.3_index_5 [2] PLUS 1 
20141216,20141219,20141224,20141226,20141227,20141228,20141229,20141230,20141231,20150101,20150102,20150103,20150108,20150109,20150110,20150112,20150113,20150115,20150116,20150117,20150120,20150126,20150127,20150128,20150130,20150131 
Number is 10 
G.4.2_index_3_VS_G.5.3_index_2 [3] PLUS 1 
20141215,20141218,20141223,20141224,20141227,20141228,20141229,20141230,20141231,20150101,20150102,20150103,20150105,20150106,20150107,20150109,20150110,20150111,20150116,20150118,20150120,20150123,20150124,20150129 
Number is 15 
G.7.3_index_1_VS_G.3.2_index_3 [4] 
20141216,20141221,20141226,20141227,20141228,20141229,20141230,20141231,20150101,20150106,20150108,20150112,20150115,20150117,20150119,20150121,20150122,20150123,20150124,20150129,20150130,20150201,20150202 
Number is 25 
G.7.4_index_2_VS_G.4.1_index_4 [5] 
20141216,20141221,20141223,20141225,20141227,20141228,20141229,20141230,20141231,20150101,20150106,20150107,20150112,20150121,20150123,20150124,20150126,20150129,20150131,20150201,20150202 
Number is 27 
G.5.1_index_4_VS_G.2.2_index_2 [6] PLUS 1 
20141218,20141220,20141224,20141226,20141227,20141228,20141229,20141230,20141231,20150101,20150102,20150105,20150108,20150109,20150110,20150111,20150112,20150115,20150116,20150117,20150119,20150125,20150127,20150202 
Number is 30 
G.3.2_index_2_VS_G.5.3_index_2 [7] 
20141215,20141216,20141218,20141219,20141220,20141225,20141226,20141227,20141228,20141229,20141230,20141231,20150101,20150104,20150107,20150109,20150113,20150114,20150117,20150120,20150124,20150129,20150131,20150201 
Number is 32 
G.5.2_index_2_VS_G.5.1_index_4 [8] 
20141219,20141226,20141227,20141228,20141229,20141230,20141231,20150101,20150103,20150104,20150105,20150107,20150108,20150109,20150110,20150111,20150112,20150116,20150117,20150118,20150123,20150124,20150125,20150126,20150127,20150128,20150129 
G.6.2_index_1_VS_G.5.1_index_4 [9] 
20141217,20141218,20141222,20141227,20141228,20141229,20141230,20141231,20150101,20150107,20150110,20150111,20150114,20150115,20150118,20150123,20150124,20150125,20150126,20150127,20150128,20150130,20150131,20150201 
Number is 33 
G.3.2_index_2_VS_G.6.2_index_1 [10] PLUS 1 
20141216,20141217,20141220,20141222,20141224,20141226,20141227,20141228,20141229,20141230,20141231,20150101,20150102,20150108,20150110,20150123,20150124,20150127,20150128,20150201,20150202 
Number is 35 
G.6.2_index_1_VS_G.7.2_index_1 [11] 
20141217,20141218,20141219,20141224,20141227,20141228,20141229,20141230,20141231,20150101,20150107,20150109,20150110,20150115,20150116,20150118,20150120,20150124,20150127,20150201,20150202 
Number is 37 
G.6.1_index_3_VS_G.2.1_index_3 [12] PLUS 1 
20141216,20141217,20141219,20141221,20141225,20141226,20141227,20141228,20141229,20141230,20141231,20150101,20150102,20150108,20150112,20150114,20150117,20150118,20150119,20150123,20150125,20150126,20150201,20150202 
Number is 41 
G.6.3_index_2_VS_G.3.2_index_5 [13] PLUS 1 
20141216,20141218,20141223,20141227,20141228,20141229,20141230,20141231,20150101,20150102,20150104,20150105,20150109,20150112,20150116,20150117,20150120,20150123,20150131,20150201,20150202 
Number is 44 
G.2.1_index_1_VS_G.6.3_index_2 [14] PLUS 1 
20141215,20141220,20141221,20141222,20141226,20141227,20141228,20141229,20141230,20141231,20150101,20150102,20150106,20150107,20150108,20150109,20150116,20150118,20150119,20150124,20150126,20150131,20150202 
G.5.5_index_2_VS_G.4.3_index_4 [15] PLUS 1 
20141215,20141216,20141220,20141224,20141226,20141227,20141228,20141229,20141230,20141231,20150101,20150102,20150103,20150105,20150106,20150108,20150109,20150111,20150112,20150114,20150115,20150126,20150127,20150128,20150131,20150202 
Number is 47 
G.3.6_index_2_VS_G.6.3_index_3 [16] 
20141217,20141220,20141222,20141225,20141226,20141227,20141228,20141229,20141230,20141231,20150101,20150103,20150106,20150109,20150114,20150118,20150122,20150123 
G.2.1_index_1_VS_G.2.2_index_2 [17] 
20141217,20141219,20141220,20141222,20141224,20141226,20141227,20141228,20141229,20141230,20141231,20150101,20150105,20150106,20150107,20150108,20150109,20150111,20150115,20150116,20150117,20150119,20150122,20150126,20150127,20150128,20150202 
Number is 48 
G.5.5_index_2_VS_G.3.2_index_4 [18] 
20141216,20141222,20141223,20141224,20141227,20141228,20141229,20141230,20141231,20150101,20150105,20150108,20150110,20150111,20150118,20150122,20150123,20150125,20150127,20150129,20150201,20150202 
G.2.1_index_1_VS_G.5.4_index_2 [19] 
20141215,20141219,20141223,20141224,20141226,20141227,20141228,20141229,20141230,20141231,20150101,20150103,20150105,20150106,20150107,20150110,20150111,20150112,20150117,20150118,20150120,20150121,20150122,20150124,20150125,20150127 
Number is 53 
G.2.2_index_5_VS_G.1.1_index_4 [20] 
20141215,20141216,20141218,20141219,20141221,20141226,20141227,20141228,20141229,20141230,20141231,20150101,20150103,20150104,20150106,20150109,20150110,20150111,20150113,20150114,20150122,20150125,20150126,20150130 
Number is 55 
G.7.2_index_1_VS_G.4.3_index_1 [21] PLUS 1 
20141216,20141218,20141222,20141223,20141224,20141225,20141226,20141227,20141228,20141229,20141230,20141231,20150101,20150102,20150107,20150108,20150111,20150112,20150115,20150116,20150125,20150127,20150128,20150130,20150131,20150201,20150202 
G.4.1_index_4_VS_G.7.2_index_1 [22] PLUS 1 
20141216,20141221,20141224,20141226,20141227,20141228,20141229,20141230,20141231,20150101,20150102,20150103,20150104,20150106,20150107,20150109,20150111,20150112,20150118,20150201,20150202 
Number is 57 
G.3.2_index_3_VS_G.6.3_index_3 [23] PLUS 1 
20141222,20141224,20141226,20141227,20141228,20141229,20141230,20141231,20150101,20150102,20150103,20150104,20150107,20150109,20150110,20150113,20150114,20150115,20150117,20150118,20150121,20150122,20150123,20150124,20150202 
Number is 77 
G.3.4_index_1_VS_G.2.2_index_2 [24] PLUS 1 
20141218,20141220,20141221,20141222,20141223,20141225,20141227,20141228,20141229,20141230,20141231,20150101,20150102,20150103,20150106,20150107,20150115,20150116,20150117,20150122,20150123,20150126,20150127,20150128,20150130,20150201,20150202 
G.3.4_index_5_VS_G.2.2_index_2 [25] PLUS 1 
20141219,20141221,20141222,20141224,20141225,20141227,20141228,20141229,20141230,20141231,20150101,20150102,20150103,20150104,20150115,20150116,20150120,20150125,20150128,20150130,20150131,20150202 
Number is 85 
G.3.2_index_4_VS_G.7.2_index_1 [26] 
20141215,20141216,20141218,20141227,20141228,20141229,20141230,20141231,20150101,20150106,20150108,20150109,20150111,20150113,20150115,20150117,20150118,20150125,20150127 
Number is 89 
G.5.4_index_2_VS_G.5.4_index_4 [27] PLUS 1 
20141217,20141218,20141222,20141223,20141224,20141225,20141227,20141228,20141229,20141230,20141231,20150101,20150102,20150103,20150104,20150107,20150110,20150112,20150113,20150115,20150120,20150121,20150123,20150125,20150127,20150128,20150129,20150130,20150201,20150202 
Number is 92 
G.6.1_index_2_VS_G.3.4_index_2 [28] 
20141217,20141221,20141223,20141224,20141227,20141228,20141229,20141230,20141231,20150101,20150103,20150106,20150107,20150112,20150118,20150121,20150123,20150124,20150126,20150131,20150202 
Number is 93 
G.5.2_index_4_VS_G.6.1_index_3 [29] PLUS 1 
20141216,20141217,20141224,20141225,20141227,20141228,20141229,20141230,20141231,20150101,20150102,20150110,20150111,20150117,20150119,20150123,20150124,20150125,20150129,20150131,20150202 
G.3.3_index_3_VS_G.3.1_index_3 [30] PLUS 1 
20141216,20141218,20141219,20141221,20141225,20141227,20141228,20141229,20141230,20141231,20150101,20150102,20150107,20150113,20150114,20150115,20150117,20150121,20150122,20150123,20150126,20150127,20150201 
Number is 97 
G.5.4_index_4_VS_G.2.2_index_2 [31] 
20141218,20141221,20141224,20141225,20141227,20141228,20141229,20141230,20141231,20150101,20150103,20150104,20150107,20150115,20150116,20150117,20150119,20150120,20150123,20150126,20150129,20150202 
Number is 99 
G.5.4_index_3_VS_G.1.1_index_2 [32] 
20141216,20141219,20141221,20141222,20141227,20141228,20141229,20141230,20141231,20150101,20150105,20150117,20150120,20150121,20150124,20150125,20150127,20150128,20150129,20150131 
