======== Current: 20150105 ========= 
Number is 00 
G.4.2_index_4_VS_G.5.4_index_1 [1] 
20141216,20141218,20141221,20141222,20141223,20141224,20141225,20141226,20141229,20141230,20141231,20150101,20150102,20150103,20150104,20150107,20150109,20150111,20150112,20150113,20150115,20150116,20150118,20150120,20150121,20150123,20150127,20150128,20150130,20150131,20150202 
Number is 02 
G.6.2_index_3_VS_G.4.1_index_3 [2] 
20141217,20141218,20141219,20141222,20141223,20141224,20141226,20141230,20141231,20150101,20150102,20150103,20150104,20150106,20150110,20150114,20150115,20150117,20150119,20150120,20150123,20150125,20150126,20150128,20150130,20150131,20150201 
Number is 16 
G.6.1_index_3_VS_G.1.1_index_3 [3] 
20141221,20141223,20141229,20141230,20141231,20150101,20150102,20150103,20150104,20150107,20150108,20150111,20150112,20150113,20150114,20150116,20150117,20150120,20150121,20150122,20150124,20150127,20150131 
Number is 17 
G.3.5_index_2_VS_G.2.2_index_5 [4] 
20141218,20141220,20141223,20141225,20141230,20141231,20150101,20150102,20150103,20150104,20150115,20150116,20150117,20150118,20150123,20150124,20150126,20150129,20150130,20150201,20150202 
Number is 22 
G.7.2_index_1_VS_G.7.1_index_1 [5] 
20141219,20141223,20141226,20141227,20141230,20141231,20150101,20150102,20150103,20150104,20150107,20150109,20150110,20150112,20150113,20150115,20150118,20150119,20150126,20150129,20150130,20150201 
Number is 25 
G.5.3_index_2_VS_G.5.5_index_4 [6] PLUS 1 
20141218,20141219,20141222,20141224,20141225,20141228,20141230,20141231,20150101,20150102,20150103,20150104,20150105,20150108,20150110,20150112,20150113,20150114,20150117,20150124,20150131,20150202 
Number is 29 
G.5.4_index_2_VS_G.5.4_index_4 [7] 
20141217,20141218,20141222,20141223,20141224,20141225,20141227,20141228,20141229,20141230,20141231,20150101,20150102,20150103,20150104,20150107,20150110,20150112,20150113,20150115,20150120,20150121,20150123,20150125,20150127,20150128,20150129,20150130,20150201,20150202 
Number is 41 
G.5.5_index_3_VS_G.4.3_index_3 [8] PLUS 1 
20141216,20141217,20141218,20141222,20141225,20141226,20141230,20141231,20150101,20150102,20150103,20150104,20150105,20150108,20150112,20150113,20150114,20150117,20150119,20150122,20150123,20150126,20150127,20150130 
Number is 42 
G.4.1_index_4_VS_G.7.2_index_1 [9] 
20141216,20141221,20141224,20141226,20141227,20141228,20141229,20141230,20141231,20150101,20150102,20150103,20150104,20150106,20150107,20150109,20150111,20150112,20150118,20150201,20150202 
G.5.5_index_3_VS_G.4.3_index_1 [10] 
20141217,20141224,20141225,20141226,20141227,20141229,20141230,20141231,20150101,20150102,20150103,20150104,20150106,20150107,20150111,20150112,20150113,20150116,20150125,20150201 
Number is 44 
G.6.2_index_1_VS_G.7.2_index_2 [11] 
20141217,20141219,20141222,20141223,20141225,20141229,20141230,20141231,20150101,20150102,20150103,20150104,20150106,20150113,20150114,20150117,20150121,20150124,20150126,20150128,20150131,20150201 
G.4.1_index_4_VS_G.5.6_index_2 [12] 
20141217,20141222,20141226,20141227,20141229,20141230,20141231,20150101,20150102,20150103,20150104,20150108,20150109,20150117,20150119,20150123,20150124,20150128,20150131,20150201,20150202 
Number is 60 
G.5.2_index_1_VS_G.2.2_index_1 [13] 
20141215,20141217,20141218,20141220,20141222,20141225,20141227,20141230,20141231,20150101,20150102,20150103,20150104,20150107,20150108,20150112,20150114,20150119,20150121,20150122,20150123,20150124,20150127,20150130,20150131,20150201 
Number is 61 
G.6.3_index_1_VS_G.4.3_index_3 [14] 
20141217,20141218,20141219,20141221,20141222,20141224,20141225,20141230,20141231,20150101,20150102,20150103,20150104,20150109,20150113,20150114,20150122,20150126,20150130,20150202 
Number is 62 
G.3.4_index_5_VS_G.2.2_index_2 [15] 
20141219,20141221,20141222,20141224,20141225,20141227,20141228,20141229,20141230,20141231,20150101,20150102,20150103,20150104,20150115,20150116,20150120,20150125,20150128,20150130,20150131,20150202 
Number is 64 
G.3.5_index_3_VS_G.5.5_index_3 [16] PLUS 1 
20141215,20141218,20141220,20141222,20141223,20141224,20141225,20141227,20141229,20141230,20141231,20150101,20150102,20150103,20150104,20150105,20150107,20150113,20150114,20150115,20150117,20150119,20150123,20150127,20150129,20150201,20150202 
G.3.4_index_5_VS_G.6.2_index_1 [17] PLUS 1 
20141217,20141219,20141228,20141229,20141230,20141231,20150101,20150102,20150103,20150104,20150105,20150112,20150113,20150120,20150125,20150126,20150127,20150128,20150201 
Number is 65 
G.2.1_index_2_VS_G.6.3_index_3 [18] 
20141220,20141221,20141222,20141226,20141228,20141230,20141231,20150101,20150102,20150103,20150104,20150106,20150107,20150108,20150113,20150114,20150115,20150116,20150118,20150119,20150123,20150127,20150130,20150131 
Number is 66 
G.1.1_index_3_VS_G.3.4_index_5 [19] PLUS 1 
20141218,20141222,20141224,20141225,20141228,20141230,20141231,20150101,20150102,20150103,20150104,20150105,20150107,20150108,20150113,20150116,20150119,20150120,20150124,20150125,20150131,20150202 
Number is 69 
G.2.1_index_2_VS_G.3.6_index_1 [20] 
20141217,20141219,20141220,20141223,20141224,20141227,20141229,20141230,20141231,20150101,20150102,20150103,20150104,20150106,20150111,20150112,20150113,20150114,20150116,20150118,20150123,20150124,20150125,20150127,20150128,20150130,20150201,20150202 
G.4.4_index_3_VS_G.5.4_index_4 [21] 
20141215,20141216,20141217,20141218,20141221,20141222,20141223,20141227,20141229,20141230,20141231,20150101,20150102,20150103,20150104,20150107,20150108,20150109,20150111,20150112,20150113,20150114,20150115,20150116,20150119,20150120,20150122,20150124,20150126,20150129,20150131,20150201,20150202 
Number is 74 
G.2.2_index_5_VS_G.5.6_index_2 [22] 
20141223,20141226,20141228,20141230,20141231,20150101,20150102,20150103,20150104,20150109,20150112,20150116,20150117,20150119,20150123,20150124,20150125 
Number is 79 
G.5.1_index_2_VS_G.5.5_index_1 [23] PLUS 1 
20141218,20141219,20141222,20141224,20141227,20141228,20141230,20141231,20150101,20150102,20150103,20150104,20150105,20150110,20150112,20150114,20150116,20150118,20150120,20150124,20150125,20150129,20150130,20150131,20150202 
Number is 80 
G.3.6_index_2_VS_G.DB_index_3 [24] PLUS 1 
20141215,20141220,20141222,20141223,20141227,20141230,20141231,20150101,20150102,20150103,20150104,20150105,20150106,20150108,20150112,20150113,20150114,20150118,20150119,20150122,20150123,20150124,20150125,20150126,20150129,20150131,20150201,20150202 
Number is 86 
G.3.4_index_1_VS_G.1.1_index_3 [25] PLUS 1 
20141216,20141219,20141220,20141225,20141227,20141230,20141231,20150101,20150102,20150103,20150104,20150105,20150107,20150108,20150112,20150116,20150120,20150121,20150122,20150123,20150124,20150126,20150127,20150131,20150202 
Number is 89 
G.5.1_index_1_VS_G.5.5_index_1 [26] PLUS 1 
20141216,20141218,20141222,20141223,20141225,20141226,20141227,20141228,20141229,20141230,20141231,20150101,20150102,20150103,20150104,20150105,20150106,20150111,20150115,20150118,20150122,20150123,20150124,20150125,20150126,20150127,20150128,20150202 
Number is 92 
G.3.3_index_3_VS_G.4.3_index_1 [27] 
20141215,20141217,20141218,20141219,20141225,20141226,20141227,20141229,20141230,20141231,20150101,20150102,20150103,20150104,20150111,20150117,20150118,20150123,20150126,20150131 
Number is 95 
G.3.2_index_3_VS_G.6.3_index_3 [28] 
20141222,20141224,20141226,20141227,20141228,20141229,20141230,20141231,20150101,20150102,20150103,20150104,20150107,20150109,20150110,20150113,20150114,20150115,20150117,20150118,20150121,20150122,20150123,20150124,20150202 
Number is 96 
G.3.3_index_3_VS_G.1.1_index_3 [29] 
20141216,20141218,20141221,20141223,20141225,20141229,20141230,20141231,20150101,20150102,20150103,20150104,20150107,20150111,20150112,20150113,20150116,20150117,20150122,20150127,20150131 
