======== Current: 20150107 ========= 
Number is 09 
G.3.1_index_4_VS_G.5.1_index_1 [1] PLUS 1 
20141219,20141221,20141222,20141223,20141225,20141226,20141227,20141228,20150101,20150102,20150103,20150104,20150105,20150106,20150107,20150109,20150110,20150112,20150113,20150119,20150123,20150124,20150125,20150128,20150129,20150130,20150131,20150202 
Number is 16 
G.5.3_index_4_VS_G.5.6_index_4 [2] 
20141215,20141216,20141217,20141219,20141222,20141225,20141226,20141228,20150101,20150102,20150103,20150104,20150105,20150106,20150111,20150116,20150118,20150119,20150123,20150126,20150127,20150130,20150131,20150201 
G.3.5_index_1_VS_G.3.4_index_3 [3] 
20141218,20141221,20141228,20141230,20150101,20150102,20150103,20150104,20150105,20150106,20150111,20150113,20150117,20150118,20150120 
Number is 18 
G.6.1_index_3_VS_G.4.1_index_3 [4] 
20141221,20141222,20141224,20141229,20150101,20150102,20150103,20150104,20150105,20150106,20150114,20150118,20150120,20150123,20150202 
Number is 20 
G.3.6_index_2_VS_G.DB_index_3 [5] 
20141215,20141220,20141222,20141223,20141227,20141230,20141231,20150101,20150102,20150103,20150104,20150105,20150106,20150108,20150112,20150113,20150114,20150118,20150119,20150122,20150123,20150124,20150125,20150126,20150129,20150131,20150201,20150202 
Number is 56 
G.3.1_index_1_VS_G.2.1_index_5 [6] 
20141215,20141216,20141217,20141220,20141223,20141224,20141227,20141228,20141231,20150101,20150102,20150103,20150104,20150105,20150106,20150108,20150110,20150113,20150114,20150116,20150121,20150122,20150123,20150125,20150128,20150129,20150201,20150202 
Number is 65 
G.2.1_index_1_VS_G.3.1_index_1 [7] 
20141215,20141216,20141220,20141223,20141224,20141226,20141229,20150101,20150102,20150103,20150104,20150105,20150106,20150108,20150109,20150111,20150112,20150114,20150115,20150116,20150118,20150127,20150201 
Number is 69 
G.2.1_index_1_VS_G.4.1_index_1 [8] 
20141216,20141219,20141220,20141221,20141224,20141225,20141226,20141227,20141228,20141229,20150101,20150102,20150103,20150104,20150105,20150106,20150108,20150117,20150118,20150125,20150127,20150130,20150201,20150202 
Number is 91 
G.5.2_index_3_VS_G.2.1_index_4 [9] PLUS 1 
20141215,20141216,20141219,20141220,20141221,20141222,20141223,20141225,20141226,20141227,20141229,20150101,20150102,20150103,20150104,20150105,20150106,20150107,20150110,20150111,20150114,20150115,20150122,20150123,20150124,20150127,20150131,20150201,20150202 
Number is 94 
G.5.1_index_1_VS_G.5.5_index_1 [10] 
20141216,20141218,20141222,20141223,20141225,20141226,20141227,20141228,20141229,20141230,20141231,20150101,20150102,20150103,20150104,20150105,20150106,20150111,20150115,20150118,20150122,20150123,20150124,20150125,20150126,20150127,20150128,20150202 
Number is 96 
G.5.1_index_1_VS_G.7.1_index_2 [11] 
20141216,20141222,20141223,20141225,20141226,20141227,20141229,20141230,20150101,20150102,20150103,20150104,20150105,20150106,20150109,20150111,20150117,20150124,20150125,20150126,20150129,20150201 
Number is 98 
G.5.1_index_1_VS_G.6.1_index_2 [12] PLUS 1 
20141217,20141221,20141222,20141228,20141230,20150101,20150102,20150103,20150104,20150105,20150106,20150107,20150108,20150110,20150113,20150114,20150121,20150126,20150127,20150128,20150131,20150201 
