======== Current: 20150108 ========= 
Number is 06 
G.3.4_index_4_VS_G.3.1_index_2 [1] PLUS 1 
20141218,20141219,20141221,20141224,20141226,20150102,20150103,20150104,20150105,20150106,20150107,20150108,20150113,20150119,20150121,20150123,20150126,20150130,20150202 
Number is 07 
G.5.5_index_1_VS_G.5.3_index_3 [2] PLUS 1 
20141218,20141219,20141220,20141227,20141228,20141229,20150102,20150103,20150104,20150105,20150106,20150107,20150108,20150114,20150117,20150123,20150125,20150126,20150127,20150129,20150130,20150131,20150201 
Number is 12 
G.3.1_index_3_VS_G.4.2_index_1 [3] PLUS 1 
20141215,20141219,20141221,20141225,20141227,20141229,20150102,20150103,20150104,20150105,20150106,20150107,20150108,20150109,20150110,20150113,20150114,20150121,20150123,20150124,20150127,20150128,20150129,20150130 
Number is 19 
G.3.5_index_4_VS_G.5.4_index_4 [4] 
20141216,20141218,20141219,20141226,20141227,20141231,20150102,20150103,20150104,20150105,20150106,20150107,20150109,20150111,20150115,20150121,20150123,20150125,20150127,20150129,20150202 
Number is 26 
G.2.2_index_5_VS_G.3.2_index_3 [5] PLUS 1 
20141217,20141218,20141223,20141225,20141226,20141227,20141228,20150102,20150103,20150104,20150105,20150106,20150107,20150108,20150110,20150113,20150115,20150116,20150117,20150119,20150122,20150123,20150124 
Number is 38 
G.3.1_index_4_VS_G.5.1_index_1 [6] 
20141219,20141221,20141222,20141223,20141225,20141226,20141227,20141228,20150101,20150102,20150103,20150104,20150105,20150106,20150107,20150109,20150110,20150112,20150113,20150119,20150123,20150124,20150125,20150128,20150129,20150130,20150131,20150202 
Number is 63 
G.3.1_index_2_VS_G.5.4_index_1 [7] PLUS 1 
20141216,20141217,20141219,20141221,20141229,20141230,20150102,20150103,20150104,20150105,20150106,20150107,20150108,20150115,20150116,20150118,20150119,20150120,20150121,20150124,20150127,20150128,20150130,20150131 
Number is 77 
G.5.2_index_3_VS_G.2.1_index_4 [8] 
20141215,20141216,20141219,20141220,20141221,20141222,20141223,20141225,20141226,20141227,20141229,20150101,20150102,20150103,20150104,20150105,20150106,20150107,20150110,20150111,20150114,20150115,20150122,20150123,20150124,20150127,20150131,20150201,20150202 
Number is 87 
G.5.1_index_1_VS_G.6.1_index_2 [9] PLUS 1 
20141217,20141221,20141222,20141228,20141230,20150101,20150102,20150103,20150104,20150105,20150106,20150107,20150108,20150110,20150113,20150114,20150121,20150126,20150127,20150128,20150131,20150201 
Number is 91 
G.3.5_index_5_VS_G.6.3_index_3 [10] 
20141220,20141221,20141224,20141226,20141227,20141228,20150102,20150103,20150104,20150105,20150106,20150107,20150110,20150112,20150117,20150119,20150121,20150123,20150127,20150128,20150129,20150131,20150202 
