======== Current: 20150110 ========= 
Number is 06 
G.5.1_index_1_VS_G.3.6_index_4 [1] PLUS 1 
20141216,20141217,20141218,20141224,20141225,20141226,20141227,20141228,20141230,20150104,20150105,20150106,20150107,20150108,20150109,20150110,20150111,20150112,20150117,20150119,20150120,20150121,20150123,20150124,20150126,20150128,20150201 
Number is 07 
G.5.1_index_1_VS_G.1.1_index_3 [2] PLUS 1 
20141218,20141224,20141225,20141227,20141230,20141231,20150103,20150104,20150105,20150106,20150107,20150108,20150109,20150110,20150113,20150115,20150116,20150120,20150123,20150126,20150127,20150131 
G.5.1_index_1_VS_G.3.3_index_1 [3] PLUS 1 
20141222,20141223,20141225,20141226,20150102,20150104,20150105,20150106,20150107,20150108,20150109,20150110,20150113,20150118,20150126,20150128 
Number is 24 
G.5.1_index_4_VS_G.5.5_index_2 [4] 
20141222,20141224,20141225,20141226,20141230,20141231,20150101,20150104,20150105,20150106,20150107,20150108,20150109,20150111,20150112,20150115,20150117,20150118,20150120,20150123,20150124,20150125,20150127,20150128,20150129,20150201,20150202 
Number is 43 
G.3.1_index_3_VS_G.4.2_index_1 [5] PLUS 1 
20141215,20141219,20141221,20141225,20141227,20141229,20150102,20150103,20150104,20150105,20150106,20150107,20150108,20150109,20150110,20150113,20150114,20150121,20150123,20150124,20150127,20150128,20150129,20150130 
Number is 50 
G.1.1_index_4_VS_G.5.1_index_1 [6] 
20141215,20141218,20141219,20141221,20141225,20141227,20141231,20150103,20150104,20150105,20150106,20150107,20150108,20150109,20150116,20150119,20150123,20150125,20150126,20150128,20150201 
G.2.1_index_3_VS_G.5.1_index_1 [7] 
20141216,20141219,20141221,20141223,20141224,20141225,20141226,20141228,20150104,20150105,20150106,20150107,20150108,20150109,20150111,20150113,20150115,20150116,20150118,20150119,20150120,20150124,20150125,20150126,20150127,20150129,20150201 
Number is 77 
G.2.2_index_4_VS_G.3.5_index_2 [8] PLUS 1 
20141215,20141217,20141218,20141223,20141224,20141226,20150101,20150102,20150104,20150105,20150106,20150107,20150108,20150109,20150110,20150111,20150114,20150115,20150117,20150118,20150119,20150124,20150125,20150127,20150129,20150202 
Number is 78 
G.5.3_index_1_VS_G.4.2_index_2 [9] 
20141215,20141216,20141224,20150102,20150104,20150105,20150106,20150107,20150108,20150109,20150112,20150113,20150114,20150115,20150117,20150122,20150127,20150129 
Number is 79 
G.2.1_index_2_VS_G.5.2_index_2 [10] 
20141215,20141220,20141221,20141222,20141225,20141229,20150103,20150104,20150105,20150106,20150107,20150108,20150109,20150112,20150113,20150115,20150116,20150123,20150129,20150130,20150201 
Number is 90 
G.DB_index_4_VS_G.5.1_index_1 [11] PLUS 1 
20141215,20141216,20141219,20141225,20141227,20141230,20150101,20150103,20150104,20150105,20150106,20150107,20150108,20150109,20150110,20150114,20150115,20150117,20150119,20150123,20150125,20150127,20150129,20150130,20150131,20150201,20150202 
Number is 97 
G.5.6_index_2_VS_G.3.5_index_3 [12] 
20141218,20141227,20141230,20150104,20150105,20150106,20150107,20150108,20150109,20150112,20150113,20150115,20150116,20150118,20150120,20150121,20150123,20150124,20150129,20150130,20150201,20150202 
