======== Current: 20150113 ========= 
Number is 09 
G.4.4_index_4_VS_G.3.6_index_4 [1] PLUS 1 
20141216,20141219,20141226,20141227,20141228,20141229,20141230,20150103,20150105,20150107,20150108,20150109,20150110,20150111,20150112,20150113,20150115,20150118,20150119,20150120,20150121,20150123,20150124,20150126,20150128,20150129,20150202 
Number is 17 
G.5.5_index_4_VS_G.3.4_index_2 [2] PLUS 1 
20141215,20141221,20141222,20141223,20141224,20141225,20150104,20150106,20150107,20150108,20150109,20150110,20150111,20150112,20150113,20150120,20150127,20150128,20150131,20150202 
Number is 23 
G.3.5_index_4_VS_G.5.1_index_1 [3] 
20141216,20141219,20141225,20141226,20141227,20150101,20150107,20150108,20150109,20150110,20150111,20150112,20150115,20150117,20150119,20150120,20150125,20150128,20150129,20150202 
G.3.6_index_2_VS_G.7.1_index_1 [4] 
20141216,20141220,20141221,20141223,20141228,20150101,20150102,20150107,20150108,20150109,20150110,20150111,20150112,20150114,20150115,20150118,20150119,20150120,20150121,20150123,20150127,20150130,20150131,20150202 
Number is 24 
G.2.1_index_5_VS_G.3.3_index_4 [5] PLUS 1 
20141215,20141216,20141217,20141219,20141223,20141225,20141230,20150101,20150104,20150106,20150107,20150108,20150109,20150110,20150111,20150112,20150113,20150114,20150115,20150117,20150120,20150122,20150125,20150127,20150128,20150201,20150202 
Number is 29 
G.2.1_index_5_VS_G.DB_index_2 [6] 
20141216,20141228,20141230,20150101,20150102,20150103,20150105,20150107,20150108,20150109,20150110,20150111,20150112,20150117,20150120,20150121,20150122,20150123,20150128,20150129 
G.6.2_index_3_VS_G.3.6_index_4 [7] 
20141215,20141216,20141218,20141220,20141223,20141224,20141226,20141227,20141229,20141230,20150102,20150107,20150108,20150109,20150110,20150111,20150112,20150114,20150117,20150120,20150121,20150123,20150124,20150127,20150128,20150130,20150131,20150201,20150202 
Number is 36 
G.5.1_index_1_VS_G.4.3_index_3 [8] PLUS 1 
20141217,20141218,20141222,20141225,20141226,20141227,20141229,20150104,20150107,20150108,20150109,20150110,20150111,20150112,20150113,20150115,20150117,20150118,20150122,20150127,20150128,20150130,20150201 
Number is 39 
G.4.4_index_3_VS_G.7.1_index_2 [9] 
20141215,20141217,20141219,20141221,20141222,20141223,20141224,20141225,20141226,20141230,20150102,20150107,20150108,20150109,20150110,20150111,20150112,20150114,20150115,20150117,20150119,20150120,20150123,20150124,20150128,20150129,20150201,20150202 
G.5.1_index_1_VS_G.3.6_index_4 [10] 
20141216,20141217,20141218,20141224,20141225,20141226,20141227,20141228,20141230,20150104,20150105,20150106,20150107,20150108,20150109,20150110,20150111,20150112,20150117,20150119,20150120,20150121,20150123,20150124,20150126,20150128,20150201 
Number is 43 
G.2.2_index_2_VS_G.5.3_index_2 [11] 
20141216,20141218,20141219,20141220,20141222,20141224,20141225,20141227,20141229,20141231,20150103,20150106,20150107,20150108,20150109,20150110,20150111,20150112,20150114,20150117,20150124,20150128,20150129,20150130,20150131,20150201 
Number is 45 
G.2.2_index_2_VS_G.7.2_index_1 [12] 
20141216,20141218,20141219,20141221,20141222,20141225,20141226,20141227,20141230,20141231,20150101,20150102,20150106,20150107,20150108,20150109,20150110,20150111,20150112,20150114,20150119,20150127,20150130,20150131 
Number is 48 
G.4.2_index_3_VS_G.5.3_index_1 [13] 
20141216,20141217,20141219,20141220,20141224,20150106,20150107,20150108,20150109,20150110,20150111,20150112,20150116,20150120,20150122,20150123,20150126,20150130,20150202 
Number is 63 
G.4.4_index_2_VS_G.4.4_index_3 [14] PLUS 1 
20141215,20141218,20141219,20141221,20141223,20141229,20141230,20150105,20150107,20150108,20150109,20150110,20150111,20150112,20150113,20150115,20150116,20150117,20150118,20150120,20150122,20150123,20150127,20150130,20150131,20150201,20150202 
Number is 66 
G.3.2_index_4_VS_G.3.5_index_1 [15] PLUS 1 
20141217,20141218,20141219,20141224,20141226,20141228,20141229,20141231,20150104,20150107,20150108,20150109,20150110,20150111,20150112,20150113,20150114,20150116,20150118,20150123,20150127,20150130,20150202 
Number is 83 
G.5.2_index_2_VS_G.7.1_index_1 [16] 
20141219,20141222,20141223,20141228,20141230,20141231,20150101,20150102,20150103,20150107,20150108,20150109,20150110,20150111,20150112,20150115,20150118,20150121,20150125,20150128,20150129,20150201,20150202 
Number is 84 
G.5.2_index_2_VS_G.3.1_index_1 [17] 
20141215,20141216,20141218,20141219,20141220,20141223,20141224,20141229,20150101,20150102,20150104,20150105,20150107,20150108,20150109,20150110,20150111,20150112,20150114,20150115,20150116,20150117,20150119,20150122,20150201 
Number is 86 
G.5.2_index_2_VS_G.5.1_index_4 [18] 
20141219,20141226,20141227,20141228,20141229,20141230,20141231,20150101,20150103,20150104,20150105,20150107,20150108,20150109,20150110,20150111,20150112,20150116,20150117,20150118,20150123,20150124,20150125,20150126,20150127,20150128,20150129 
Number is 90 
G.7.1_index_2_VS_G.3.2_index_5 [19] PLUS 1 
20141215,20141223,20141225,20141227,20141231,20150103,20150105,20150107,20150108,20150109,20150110,20150111,20150112,20150113,20150114,20150115,20150116,20150117,20150120,20150121,20150124,20150125,20150128,20150131,20150202 
Number is 99 
G.DB_index_2_VS_G.5.5_index_2 [20] PLUS 1 
20141222,20141229,20141231,20150101,20150102,20150104,20150107,20150108,20150109,20150110,20150111,20150112,20150113,20150117,20150118,20150125,20150126,20150201,20150202 
