======== Current: 20150120 ========= 
Number is 06 
G.5.3_index_4_VS_G.6.3_index_1 [1] 
20141221,20141222,20141229,20141231,20150106,20150108,20150111,20150112,20150114,20150115,20150116,20150117,20150118,20150119,20150125,20150128,20150201,20150202 
Number is 17 
G.4.2_index_4_VS_G.7.4_index_1 [2] 
20141215,20141218,20141219,20141222,20141223,20141224,20141226,20141228,20150103,20150106,20150114,20150115,20150116,20150117,20150118,20150119,20150124,20150125,20150130,20150202 
Number is 19 
G.6.2_index_3_VS_G.5.3_index_3 [3] PLUS 1 
20141215,20141217,20141218,20141220,20141223,20141226,20141229,20150105,20150106,20150107,20150108,20150109,20150113,20150114,20150115,20150116,20150117,20150118,20150119,20150120,20150123,20150124,20150127,20150130,20150131,20150201,20150202 
G.6.2_index_3_VS_G.2.1_index_4 [4] PLUS 1 
20141217,20141218,20141219,20141220,20141221,20141224,20141226,20141229,20150102,20150103,20150105,20150108,20150109,20150110,20150114,20150115,20150116,20150117,20150118,20150119,20150120,20150121,20150122,20150124,20150126,20150127,20150131 
Number is 22 
G.3.6_index_2_VS_G.2.2_index_1 [5] 
20141216,20141221,20141222,20141224,20141225,20141226,20141229,20141230,20150101,20150104,20150105,20150106,20150107,20150111,20150112,20150114,20150115,20150116,20150117,20150118,20150119,20150122,20150127,20150131,20150202 
Number is 24 
G.2.2_index_1_VS_G.7.2_index_2 [6] 
20141218,20141220,20141221,20141223,20141224,20141225,20141226,20141227,20141229,20141230,20141231,20150101,20150102,20150105,20150106,20150107,20150114,20150115,20150116,20150117,20150118,20150119,20150121,20150124,20150127,20150129,20150202 
Number is 25 
G.3.6_index_2_VS_G.3.4_index_2 [7] 
20141216,20141220,20141222,20141226,20141227,20141230,20141231,20150101,20150111,20150112,20150113,20150114,20150115,20150116,20150117,20150118,20150119,20150123,20150125,20150127,20150128,20150131,20150202 
G.3.4_index_4_VS_G.3.5_index_2 [8] 
20141216,20141219,20141220,20141229,20141230,20141231,20150101,20150106,20150109,20150112,20150114,20150115,20150116,20150117,20150118,20150119,20150121,20150125,20150126,20150127,20150202 
Number is 26 
G.3.6_index_2_VS_G.3.4_index_1 [9] 
20141219,20141220,20141222,20141223,20141225,20141227,20141230,20150103,20150104,20150107,20150108,20150113,20150114,20150115,20150116,20150117,20150118,20150119,20150121,20150122,20150124,20150125,20150202 
Number is 28 
G.2.2_index_1_VS_G.7.1_index_2 [10] 
20141220,20141222,20141223,20141224,20141225,20141226,20141227,20141230,20141231,20150103,20150107,20150110,20150111,20150113,20150114,20150115,20150116,20150117,20150118,20150119,20150121,20150124,20150126,20150127,20150128,20150131 
Number is 32 
G.4.3_index_4_VS_G.DB_index_3 [11] PLUS 1 
20141215,20141218,20141219,20141220,20141222,20141223,20141229,20150102,20150107,20150109,20150111,20150112,20150114,20150115,20150116,20150117,20150118,20150119,20150120,20150122,20150125,20150126,20150129,20150130,20150131,20150201,20150202 
Number is 33 
G.4.3_index_4_VS_G.5.3_index_1 [12] 
20141218,20141220,20141227,20141230,20150101,20150105,20150106,20150114,20150115,20150116,20150117,20150118,20150119,20150123,20150125,20150129,20150131,20150201,20150202 
Number is 35 
G.7.1_index_1_VS_G.6.1_index_1 [13] 
20141215,20141220,20141221,20141223,20141224,20141226,20141227,20141229,20150103,20150104,20150107,20150110,20150113,20150114,20150115,20150116,20150117,20150118,20150119,20150129 
G.3.6_index_1_VS_G.3.5_index_2 [14] 
20141216,20141217,20141220,20141221,20141222,20141225,20141230,20150101,20150102,20150103,20150107,20150113,20150114,20150115,20150116,20150117,20150118,20150119,20150123,20150124,20150125,20150126,20150129,20150130,20150202 
Number is 41 
G.4.1_index_1_VS_G.4.4_index_3 [15] PLUS 1 
20141215,20141217,20141219,20141220,20141224,20141226,20141227,20141230,20150102,20150107,20150108,20150114,20150115,20150116,20150117,20150118,20150119,20150120,20150123,20150124,20150126,20150129,20150130,20150131,20150201,20150202 
Number is 50 
G.3.5_index_2_VS_G.5.3_index_4 [16] 
20141221,20141222,20141227,20150102,20150107,20150111,20150114,20150115,20150116,20150117,20150118,20150119,20150121,20150123,20150124,20150125,20150130,20150131 
Number is 51 
G.2.2_index_2_VS_G.7.3_index_1 [17] 
20141218,20141221,20141222,20141227,20141229,20150108,20150112,20150114,20150115,20150116,20150117,20150118,20150119,20150122,20150125,20150127,20150128,20150129,20150130,20150131,20150202 
Number is 54 
G.2.2_index_2_VS_G.5.6_index_2 [18] 
20141216,20141218,20141219,20141220,20141224,20141225,20141226,20141229,20141230,20150101,20150102,20150107,20150108,20150109,20150113,20150114,20150115,20150116,20150117,20150118,20150119,20150124,20150127,20150128,20150130,20150131,20150201,20150202 
G.DB_index_4_VS_G.6.2_index_1 [19] 
20141216,20141217,20141219,20141220,20141222,20150101,20150105,20150106,20150108,20150113,20150114,20150115,20150116,20150117,20150118,20150119,20150124,20150127,20150128,20150131 
Number is 56 
G.5.2_index_1_VS_G.3.1_index_1 [20] 
20141215,20141216,20141217,20141221,20141224,20141227,20141231,20150102,20150103,20150109,20150111,20150114,20150115,20150116,20150117,20150118,20150119,20150121,20150122,20150125,20150126,20150128,20150131,20150201,20150202 
Number is 58 
G.5.2_index_1_VS_G.7.1_index_2 [21] PLUS 1 
20141216,20141217,20141219,20141221,20141222,20141223,20141225,20141226,20141230,20150103,20150104,20150107,20150112,20150114,20150115,20150116,20150117,20150118,20150119,20150120,20150124,20150125,20150131 
Number is 62 
G.3.1_index_1_VS_G.3.6_index_2 [22] 
20141215,20141218,20141219,20141220,20141222,20141223,20141224,20141225,20141226,20150101,20150102,20150105,20150106,20150107,20150108,20150109,20150110,20150111,20150113,20150114,20150115,20150116,20150117,20150118,20150119,20150122,20150123,20150124,20150125,20150127,20150128,20150130 
Number is 65 
G.5.2_index_2_VS_G.2.2_index_3 [23] 
20141215,20141216,20141218,20141219,20141222,20141224,20141226,20141227,20141229,20141230,20150103,20150105,20150112,20150114,20150115,20150116,20150117,20150118,20150119,20150124,20150201 
Number is 66 
G.6.3_index_1_VS_G.6.3_index_1 [24] 
20141215,20141221,20141230,20150102,20150103,20150105,20150106,20150111,20150113,20150114,20150115,20150116,20150117,20150118,20150119,20150124,20150125,20150201,20150202 
Number is 69 
G.3.1_index_1_VS_G.4.3_index_2 [25] 
20141216,20141218,20141219,20141220,20141222,20141223,20141224,20141225,20141227,20150101,20150102,20150104,20150106,20150107,20150109,20150114,20150115,20150116,20150117,20150118,20150119,20150127,20150128,20150130,20150201 
Number is 90 
G.2.1_index_4_VS_G.3.4_index_3 [26] PLUS 1 
20141215,20141218,20141219,20141220,20141221,20141230,20150102,20150103,20150105,20150109,20150111,20150114,20150115,20150116,20150117,20150118,20150119,20150120,20150122,20150124,20150126,20150127,20150128,20150129,20150130 
