======== Current: 20150122 ========= 
Number is 00 
G.3.2_index_1_VS_G.DB_index_5 [1] PLUS 1 
20141216,20141217,20141219,20141225,20141227,20141228,20150102,20150106,20150107,20150108,20150109,20150112,20150113,20150114,20150116,20150117,20150118,20150119,20150120,20150121,20150122,20150125,20150127,20150128,20150129,20150130,20150131,20150202 
Number is 02 
G.3.2_index_1_VS_G.2.2_index_1 [2] 
20141216,20141217,20141220,20141221,20141222,20141225,20141227,20141228,20150102,20150103,20150106,20150107,20150108,20150110,20150111,20150116,20150117,20150118,20150119,20150120,20150121,20150126,20150127,20150130,20150201,20150202 
Number is 37 
G.4.3_index_3_VS_G.3.6_index_1 [3] 
20141217,20141221,20141223,20141224,20141225,20141228,20141230,20150101,20150102,20150103,20150106,20150107,20150108,20150112,20150113,20150114,20150116,20150117,20150118,20150119,20150120,20150121,20150123,20150124,20150128,20150130,20150131,20150201,20150202 
Number is 51 
G.3.5_index_3_VS_G.4.4_index_2 [4] 
20141215,20141216,20141221,20141222,20141225,20141226,20141230,20141231,20150101,20150105,20150107,20150112,20150115,20150116,20150117,20150118,20150119,20150120,20150121,20150123,20150126,20150128,20150129,20150131 
Number is 53 
G.6.2_index_3_VS_G.2.1_index_4 [5] PLUS 1 
20141217,20141218,20141219,20141220,20141221,20141224,20141226,20141229,20150102,20150103,20150105,20150108,20150109,20150110,20150114,20150115,20150116,20150117,20150118,20150119,20150120,20150121,20150122,20150124,20150126,20150127,20150131 
Number is 57 
G.6.2_index_3_VS_G.2.2_index_4 [6] 
20141217,20141220,20141223,20141224,20141226,20150104,20150105,20150108,20150109,20150111,20150114,20150116,20150117,20150118,20150119,20150120,20150121,20150124,20150125,20150126,20150129,20150130,20150131 
Number is 59 
G.3.5_index_3_VS_G.3.1_index_5 [7] 
20141217,20141219,20141221,20141222,20141225,20141228,20141229,20141230,20150102,20150104,20150107,20150115,20150116,20150117,20150118,20150119,20150120,20150121,20150128,20150129,20150130,20150201,20150202 
Number is 67 
G.5.3_index_4_VS_G.7.1_index_2 [8] 
20141215,20141217,20141218,20141221,20141224,20141226,20141227,20141228,20141229,20150104,20150106,20150110,20150112,20150114,20150116,20150117,20150118,20150119,20150120,20150121,20150124,20150130,20150131,20150201 
Number is 75 
G.4.2_index_1_VS_G.3.5_index_5 [9] 
20141216,20141218,20141219,20141221,20141229,20150101,20150104,20150105,20150113,20150116,20150117,20150118,20150119,20150120,20150121,20150126,20150128,20150130,20150201 
Number is 83 
G.2.1_index_5_VS_G.2.1_index_4 [10] PLUS 1 
20141215,20141216,20141217,20141219,20141220,20141223,20141225,20141231,20150101,20150104,20150105,20150110,20150111,20150114,20150116,20150117,20150118,20150119,20150120,20150121,20150122,20150123,20150124,20150125,20150126,20150127,20150129,20150130,20150131 
Number is 90 
G.3.5_index_2_VS_G.6.1_index_3 [11] 
20141215,20141217,20141223,20141224,20141227,20141228,20141229,20141230,20150101,20150102,20150107,20150109,20150111,20150113,20150114,20150116,20150117,20150118,20150119,20150120,20150121,20150123,20150124,20150126,20150129,20150130,20150201 
