======== Current: 20150127 ========= 
Number is 02 
G.3.5_index_3_VS_G.2.1_index_5 [1] 
20141216,20141217,20141219,20141220,20141224,20141225,20141227,20141230,20150102,20150103,20150104,20150106,20150107,20150108,20150109,20150110,20150113,20150115,20150116,20150117,20150118,20150120,20150121,20150122,20150123,20150124,20150125,20150126,20150131,20150201 
Number is 15 
G.4.4_index_4_VS_G.3.6_index_3 [2] 
20141216,20141217,20141219,20141221,20141226,20141228,20141229,20141230,20150103,20150105,20150107,20150110,20150112,20150114,20150118,20150121,20150122,20150123,20150124,20150125,20150126,20150128,20150130,20150131,20150202 
Number is 22 
G.6.2_index_3_VS_G.2.1_index_5 [3] 
20141215,20141217,20141220,20141224,20141227,20141228,20141229,20150103,20150105,20150107,20150108,20150109,20150114,20150118,20150120,20150121,20150122,20150123,20150124,20150125,20150126,20150130,20150131,20150201,20150202 
Number is 27 
G.2.1_index_5_VS_G.6.2_index_1 [4] PLUS 1 
20141217,20141219,20141220,20141226,20141229,20141230,20150101,20150105,20150106,20150108,20150110,20150113,20150117,20150120,20150121,20150122,20150123,20150124,20150125,20150126,20150127,20150128,20150129,20150130,20150201 
G.5.2_index_3_VS_G.6.2_index_1 [5] PLUS 1 
20141216,20141218,20141220,20141227,20141228,20141230,20141231,20150101,20150106,20150108,20150110,20150112,20150113,20150120,20150121,20150122,20150123,20150124,20150125,20150126,20150127,20150130,20150202 
G.2.1_index_5_VS_G.2.1_index_4 [6] PLUS 1 
20141215,20141216,20141217,20141219,20141220,20141223,20141225,20141231,20150101,20150104,20150105,20150110,20150111,20150114,20150116,20150117,20150118,20150119,20150120,20150121,20150122,20150123,20150124,20150125,20150126,20150127,20150129,20150130,20150131 
Number is 33 
G.4.2_index_4_VS_G.3.5_index_5 [7] 
20141215,20141216,20141221,20141226,20141229,20150103,20150106,20150107,20150111,20150113,20150115,20150119,20150120,20150121,20150122,20150123,20150124,20150125,20150126,20150128,20150130,20150201,20150202 
Number is 40 
G.4.3_index_3_VS_G.5.3_index_4 [8] 
20141215,20141216,20141217,20141218,20141221,20141223,20141224,20141226,20141227,20141228,20141229,20150103,20150106,20150108,20150116,20150117,20150119,20150121,20150122,20150123,20150124,20150125,20150126,20150128,20150130,20150131 
Number is 41 
G.4.4_index_2_VS_G.3.5_index_2 [9] 
20141218,20141221,20141222,20141223,20150101,20150102,20150103,20150106,20150109,20150116,20150118,20150119,20150121,20150122,20150123,20150124,20150125,20150126,20150129,20150201,20150202 
Number is 42 
G.4.3_index_3_VS_G.6.2_index_3 [10] PLUS 1 
20141217,20141218,20141219,20141221,20141224,20141226,20141228,20141230,20150106,20150110,20150112,20150113,20150114,20150115,20150116,20150117,20150118,20150121,20150122,20150123,20150124,20150125,20150126,20150127,20150128,20150130,20150131,20150201,20150202 
Number is 47 
G.4.4_index_2_VS_G.1.1_index_1 [11] PLUS 1 
20141218,20141219,20141222,20141229,20141231,20150101,20150103,20150105,20150106,20150107,20150108,20150109,20150112,20150113,20150115,20150118,20150120,20150121,20150122,20150123,20150124,20150125,20150126,20150127 
Number is 51 
G.3.3_index_4_VS_G.5.6_index_3 [12] 
20141219,20141221,20141224,20141230,20150101,20150103,20150105,20150111,20150117,20150119,20150121,20150122,20150123,20150124,20150125,20150126,20150201 
Number is 52 
G.3.3_index_3_VS_G.2.1_index_5 [13] PLUS 1 
20141217,20141220,20141222,20141225,20150101,20150103,20150111,20150115,20150116,20150118,20150119,20150120,20150121,20150122,20150123,20150124,20150125,20150126,20150127,20150129,20150131,20150201,20150202 
Number is 56 
G.3.6_index_4_VS_G.4.3_index_4 [14] PLUS 1 
20141218,20141219,20141220,20141224,20141226,20141228,20141230,20150107,20150108,20150109,20150111,20150112,20150119,20150120,20150121,20150122,20150123,20150124,20150125,20150126,20150127,20150128,20150129,20150131,20150202 
Number is 67 
G.3.2_index_5_VS_G.3.4_index_1 [15] 
20141215,20141220,20141225,20141228,20141229,20141230,20141231,20150107,20150113,20150116,20150117,20150121,20150122,20150123,20150124,20150125,20150126,20150130,20150201,20150202 
Number is 72 
G.3.4_index_1_VS_G.1.1_index_2 [16] PLUS 1 
20141215,20141222,20141228,20141230,20141231,20150103,20150108,20150114,20150115,20150116,20150117,20150121,20150122,20150123,20150124,20150125,20150126,20150127,20150128,20150129,20150201 
Number is 75 
G.6.2_index_1_VS_G.3.2_index_3 [17] 
20141216,20141217,20141218,20141228,20141229,20141230,20150101,20150105,20150107,20150108,20150109,20150110,20150111,20150114,20150117,20150118,20150121,20150122,20150123,20150124,20150125,20150126,20150128 
