======== Current: 20150130 ========= 
Number is 00 
G.5.2_index_2_VS_G.5.1_index_4 [1] 
20141219,20141226,20141227,20141228,20141229,20141230,20141231,20150101,20150103,20150104,20150105,20150107,20150108,20150109,20150110,20150111,20150112,20150116,20150117,20150118,20150123,20150124,20150125,20150126,20150127,20150128,20150129 
Number is 01 
G.3.6_index_4_VS_G.4.3_index_4 [2] 
20141218,20141219,20141220,20141224,20141226,20141228,20141230,20150107,20150108,20150109,20150111,20150112,20150119,20150120,20150121,20150122,20150123,20150124,20150125,20150126,20150127,20150128,20150129,20150131,20150202 
Number is 03 
G.6.2_index_2_VS_G.7.4_index_2 [3] PLUS 1 
20141215,20141216,20141217,20141219,20141221,20141223,20141224,20141226,20141228,20141231,20150106,20150107,20150111,20150112,20150117,20150119,20150122,20150124,20150125,20150126,20150127,20150128,20150129,20150130,20150131,20150201,20150202 
Number is 06 
G.2.1_index_5_VS_G.7.2_index_2 [4] 
20141215,20141217,20141220,20141222,20141223,20141224,20141225,20141228,20150103,20150105,20150106,20150108,20150110,20150112,20150116,20150120,20150121,20150123,20150124,20150125,20150126,20150127,20150128,20150129 
Number is 08 
G.4.2_index_1_VS_G.3.6_index_1 [5] PLUS 1 
20141219,20141221,20141222,20141223,20141224,20141225,20141226,20141227,20141230,20150103,20150105,20150106,20150107,20150110,20150111,20150112,20150113,20150117,20150119,20150124,20150125,20150126,20150127,20150128,20150129,20150130,20150202 
G.5.4_index_4_VS_G.3.1_index_5 [6] PLUS 1 
20141215,20141216,20141217,20141219,20141221,20141222,20141227,20150102,20150103,20150107,20150108,20150109,20150111,20150112,20150116,20150120,20150122,20150124,20150125,20150126,20150127,20150128,20150129,20150130,20150131,20150201,20150202 
G.2.1_index_5_VS_G.6.2_index_1 [7] PLUS 1 
20141217,20141219,20141220,20141226,20141229,20141230,20150101,20150105,20150106,20150108,20150110,20150113,20150117,20150120,20150121,20150122,20150123,20150124,20150125,20150126,20150127,20150128,20150129,20150130,20150201 
G.2.2_index_2_VS_G.3.6_index_3 [8] PLUS 1 
20141221,20141222,20141224,20141231,20150101,20150102,20150104,20150107,20150112,20150114,20150116,20150117,20150121,20150124,20150125,20150126,20150127,20150128,20150129,20150130,20150131,20150201,20150202 
Number is 12 
G.4.3_index_4_VS_G.3.1_index_1 [9] 
20141215,20141216,20141219,20141220,20141223,20141224,20141226,20150101,20150102,20150104,20150109,20150110,20150111,20150114,20150117,20150118,20150124,20150125,20150126,20150127,20150128,20150129 
Number is 13 
G.4.3_index_4_VS_G.7.4_index_2 [10] 
20141218,20141226,20141227,20141230,20141231,20150101,20150106,20150111,20150112,20150114,20150116,20150117,20150118,20150120,20150122,20150123,20150124,20150125,20150126,20150127,20150128,20150129,20150131 
Number is 21 
G.3.2_index_2_VS_G.4.3_index_4 [11] 
20141219,20141220,20141221,20141224,20141226,20141227,20150107,20150108,20150109,20150110,20150113,20150114,20150115,20150118,20150124,20150125,20150126,20150127,20150128,20150129,20150201,20150202 
Number is 23 
G.3.2_index_2_VS_G.3.4_index_2 [12] 
20141220,20141221,20141222,20141223,20141225,20141227,20141228,20141229,20150101,20150104,20150110,20150112,20150113,20150117,20150118,20150124,20150125,20150126,20150127,20150128,20150129,20150201,20150202 
Number is 35 
G.7.4_index_2_VS_G.5.2_index_4 [13] PLUS 1 
20141217,20141218,20141221,20141225,20141226,20141227,20141231,20150101,20150104,20150105,20150108,20150111,20150114,20150119,20150120,20150122,20150123,20150124,20150125,20150126,20150127,20150128,20150129,20150130,20150201 
G.2.1_index_2_VS_G.5.6_index_2 [14] PLUS 1 
20141215,20141216,20141217,20141220,20141221,20141222,20141223,20141231,20150101,20150102,20150103,20150105,20150106,20150108,20150114,20150118,20150121,20150123,20150124,20150125,20150126,20150127,20150128,20150129,20150130,20150202 
Number is 39 
G.7.4_index_2_VS_G.3.5_index_4 [15] 
20141216,20141218,20141223,20141224,20141229,20141231,20150101,20150104,20150109,20150112,20150113,20150114,20150119,20150123,20150124,20150125,20150126,20150127,20150128,20150129,20150201 
Number is 43 
G.3.4_index_1_VS_G.1.1_index_2 [16] 
20141215,20141222,20141228,20141230,20141231,20150103,20150108,20150114,20150115,20150116,20150117,20150121,20150122,20150123,20150124,20150125,20150126,20150127,20150128,20150129,20150201 
Number is 54 
G.5.2_index_4_VS_G.4.1_index_4 [17] 
20141216,20141217,20141222,20141224,20141226,20141228,20141229,20141230,20141231,20150101,20150102,20150103,20150105,20150108,20150111,20150117,20150121,20150123,20150124,20150125,20150126,20150127,20150128,20150129 
Number is 57 
G.4.1_index_2_VS_G.2.1_index_4 [18] PLUS 1 
20141215,20141219,20141226,20141229,20150102,20150105,20150110,20150114,20150116,20150117,20150121,20150124,20150125,20150126,20150127,20150128,20150129,20150130,20150131 
Number is 60 
G.4.4_index_2_VS_G.2.1_index_5 [19] 
20141215,20141216,20141219,20141222,20141227,20141228,20150101,20150103,20150105,20150106,20150108,20150111,20150113,20150115,20150118,20150120,20150123,20150124,20150125,20150126,20150127,20150128,20150129,20150201 
Number is 64 
G.5.1_index_1_VS_G.5.1_index_2 [20] 
20141216,20141219,20141221,20141223,20141224,20141225,20141227,20141228,20141230,20150103,20150107,20150110,20150111,20150112,20150115,20150117,20150118,20150119,20150120,20150122,20150124,20150125,20150126,20150127,20150128,20150129,20150201 
Number is 84 
G.3.1_index_2_VS_G.4.2_index_3 [21] PLUS 1 
20141215,20141219,20141221,20141225,20141226,20141228,20141230,20141231,20150101,20150102,20150104,20150105,20150107,20150109,20150110,20150117,20150119,20150120,20150123,20150124,20150125,20150126,20150127,20150128,20150129,20150130 
Number is 86 
G.3.1_index_2_VS_G.5.1_index_1 [22] 
20141216,20141221,20141223,20141224,20141225,20141227,20141228,20141229,20150104,20150106,20150108,20150109,20150110,20150113,20150116,20150117,20150118,20150123,20150124,20150125,20150126,20150127,20150128,20150129 
Number is 88 
G.2.2_index_5_VS_G.3.1_index_2 [23] PLUS 1 
20141218,20141222,20141223,20141224,20141226,20141228,20141229,20141231,20150101,20150104,20150108,20150109,20150110,20150119,20150124,20150125,20150126,20150127,20150128,20150129,20150130,20150202 
Number is 89 
G.6.2_index_1_VS_G.5.5_index_2 [24] PLUS 1 
20141216,20141217,20141220,20141227,20141228,20141229,20141230,20150103,20150104,20150105,20150106,20150108,20150109,20150113,20150117,20150124,20150125,20150126,20150127,20150128,20150129,20150130,20150202 
Number is 91 
G.2.2_index_4_VS_G.5.2_index_1 [25] 
20141217,20141219,20141223,20141225,20150102,20150105,20150108,20150109,20150111,20150113,20150114,20150115,20150121,20150123,20150124,20150125,20150126,20150127,20150128,20150129,20150131 
Number is 94 
G.5.5_index_2_VS_G.6.1_index_3 [26] 
20141216,20141221,20141228,20141229,20141230,20141231,20150108,20150111,20150113,20150114,20150115,20150118,20150120,20150124,20150125,20150126,20150127,20150128,20150129,20150131,20150201 
Number is 98 
G.2.2_index_4_VS_G.5.4_index_2 [27] PLUS 1 
20141217,20141221,20141223,20141230,20150101,20150104,20150112,20150115,20150118,20150120,20150121,20150123,20150124,20150125,20150126,20150127,20150128,20150129,20150130,20150202 
G.6.1_index_1_VS_G.3.1_index_2 [28] PLUS 1 
20141217,20141218,20141223,20141229,20150101,20150102,20150103,20150105,20150106,20150107,20150108,20150111,20150113,20150114,20150116,20150119,20150121,20150123,20150124,20150125,20150126,20150127,20150128,20150129,20150130,20150131 
