======== Current: 20130706 ========= 
Number is 02 
G.4.4_index_2_VS_G.7.2_index_1 [1] 
20130621,20130622,20130626,20130627,20130630,20130701,20130702,20130703,20130704,20130705,20130712,20130714,20130716,20130718,20130719,20130722,20130723,20130725,20130726,20130727,20130729 
Number is 06 
G.4.1_index_3_VS_G.4.4_index_3 [2] 
20130620,20130623,20130627,20130630,20130701,20130702,20130703,20130704,20130705,20130707,20130711,20130712,20130714,20130717,20130719,20130720,20130721,20130725,20130726,20130727,20130728,20130731 
Number is 10 
G.3.4_index_2_VS_G.3.1_index_4 [3] 
20130620,20130624,20130627,20130630,20130701,20130702,20130703,20130704,20130705,20130709,20130714,20130717,20130718,20130724,20130725,20130726,20130728,20130729 
Number is 11 
G.6.1_index_3_VS_G.3.5_index_3 [4] 
20130622,20130627,20130628,20130630,20130701,20130702,20130703,20130704,20130705,20130707,20130708,20130712,20130720,20130722,20130724,20130725,20130727,20130731 
Number is 14 
G.2.1_index_4_VS_G.5.1_index_1 [5] 
20130620,20130621,20130622,20130624,20130626,20130627,20130630,20130701,20130702,20130703,20130704,20130705,20130707,20130711,20130713,20130716,20130718,20130719,20130720,20130724,20130726,20130728,20130731 
Number is 16 
G.7.2_index_2_VS_G.DB_index_3 [6] 
20130624,20130626,20130630,20130701,20130702,20130703,20130704,20130705,20130708,20130712,20130713,20130715,20130716,20130718,20130721,20130722,20130729,20130730,20130731 
Number is 19 
G.6.1_index_1_VS_G.2.2_index_4 [7] 
20130621,20130627,20130628,20130629,20130630,20130701,20130702,20130703,20130704,20130705,20130710,20130711,20130712,20130713,20130714,20130720,20130721,20130724,20130725,20130728,20130730,20130731 
G.7.2_index_2_VS_G.3.4_index_5 [8] 
20130622,20130624,20130627,20130630,20130701,20130702,20130703,20130704,20130705,20130707,20130710,20130713,20130716,20130720,20130721,20130722,20130725 
Number is 21 
G.5.5_index_2_VS_G.6.1_index_1 [9] PLUS 1 
20130621,20130622,20130625,20130626,20130628,20130629,20130630,20130701,20130702,20130703,20130704,20130705,20130706,20130708,20130710,20130714,20130715,20130720,20130724,20130725,20130729,20130730,20130731 
G.4.1_index_2_VS_G.3.1_index_1 [10] PLUS 1 
20130622,20130630,20130701,20130702,20130703,20130704,20130705,20130706,20130712,20130715,20130719,20130722,20130723,20130726,20130727,20130728,20130730 
Number is 27 
G.5.5_index_2_VS_G.3.2_index_1 [11] 
20130623,20130627,20130629,20130630,20130701,20130702,20130703,20130704,20130705,20130708,20130709,20130710,20130711,20130712,20130714,20130715,20130717,20130718,20130720,20130721,20130722,20130727,20130729 
Number is 32 
G.5.4_index_2_VS_G.5.3_index_4 [12] 
20130623,20130626,20130627,20130628,20130629,20130630,20130701,20130702,20130703,20130704,20130705,20130713,20130716,20130717,20130718,20130721,20130728,20130729,20130730 
Number is 35 
G.1.1_index_4_VS_G.3.2_index_4 [13] 
20130622,20130626,20130628,20130629,20130630,20130701,20130702,20130703,20130704,20130705,20130707,20130709,20130710,20130713,20130714,20130717,20130718,20130721,20130724,20130725,20130727,20130731 
Number is 38 
G.6.2_index_1_VS_G.5.3_index_1 [14] PLUS 1 
20130622,20130623,20130624,20130627,20130629,20130630,20130701,20130702,20130703,20130704,20130705,20130706,20130709,20130710,20130712,20130716,20130717,20130718,20130719,20130720,20130724,20130731 
Number is 54 
G.3.2_index_4_VS_G.3.3_index_4 [15] 
20130621,20130622,20130625,20130627,20130629,20130630,20130701,20130702,20130703,20130704,20130705,20130712,20130714,20130718,20130719,20130720,20130721,20130724,20130725,20130730,20130731 
Number is 62 
G.7.4_index_1_VS_G.5.5_index_2 [16] 
20130621,20130623,20130626,20130628,20130629,20130630,20130701,20130702,20130703,20130704,20130705,20130707,20130712,20130714,20130717,20130718,20130719,20130720,20130724,20130728 
Number is 66 
G.DB_index_3_VS_G.5.1_index_3 [17] 
20130620,20130621,20130623,20130624,20130626,20130628,20130630,20130701,20130702,20130703,20130704,20130705,20130707,20130712,20130720,20130721,20130724,20130725,20130726,20130728,20130730 
Number is 74 
G.3.5_index_4_VS_G.3.1_index_5 [18] 
20130622,20130624,20130627,20130628,20130629,20130630,20130701,20130702,20130703,20130704,20130705,20130707,20130710,20130714,20130715,20130716,20130719,20130721,20130728 
Number is 76 
G.3.2_index_1_VS_G.2.1_index_5 [19] 
20130620,20130622,20130623,20130624,20130627,20130628,20130629,20130630,20130701,20130702,20130703,20130704,20130705,20130710,20130713,20130715,20130717,20130719,20130730 
Number is 81 
G.4.2_index_1_VS_G.7.2_index_2 [20] PLUS 1 
20130620,20130626,20130627,20130630,20130701,20130702,20130703,20130704,20130705,20130706,20130708,20130715,20130723 
Number is 82 
G.3.6_index_4_VS_G.7.1_index_1 [21] PLUS 1 
20130621,20130624,20130626,20130630,20130701,20130702,20130703,20130704,20130705,20130706,20130711,20130713,20130714,20130720,20130722,20130724,20130726,20130727,20130728,20130729,20130730,20130731 
Number is 84 
G.3.6_index_4_VS_G.3.2_index_3 [22] PLUS 1 
20130623,20130624,20130625,20130628,20130630,20130701,20130702,20130703,20130704,20130705,20130706,20130708,20130709,20130712,20130714,20130715,20130716,20130721,20130724,20130725,20130731 
Number is 87 
G.2.2_index_5_VS_G.3.2_index_1 [23] 
20130622,20130624,20130625,20130627,20130628,20130630,20130701,20130702,20130703,20130704,20130705,20130709,20130710,20130715,20130716,20130719,20130720,20130723,20130724,20130726,20130727,20130728 
Number is 90 
G.7.4_index_2_VS_G.3.4_index_1 [24] 
20130620,20130623,20130625,20130630,20130701,20130702,20130703,20130704,20130705,20130711,20130712,20130713,20130715,20130718,20130720,20130721,20130723,20130727,20130730,20130731 
Number is 92 
G.3.4_index_5_VS_G.3.6_index_5 [25] PLUS 1 
20130621,20130630,20130701,20130702,20130703,20130704,20130705,20130706,20130707,20130708,20130720,20130721,20130727,20130729,20130731 
Number is 93 
G.2.2_index_4_VS_G.6.2_index_1 [26] 
20130622,20130623,20130624,20130627,20130629,20130630,20130701,20130702,20130703,20130704,20130705,20130711,20130715,20130717,20130720,20130722,20130724,20130726,20130728,20130729,20130730,20130731 
