======== Current: 20130707 ========= 
Number is 01 
G.1.1_index_1_VS_G.7.2_index_1 [1] 
20130620,20130621,20130622,20130701,20130702,20130703,20130704,20130705,20130706,20130710,20130711,20130717,20130719,20130720,20130722 
Number is 05 
G.3.1_index_4_VS_G.4.2_index_1 [2] PLUS 1 
20130620,20130625,20130627,20130701,20130702,20130703,20130704,20130705,20130706,20130707,20130709,20130710,20130713,20130714,20130717,20130718,20130720,20130721,20130723,20130724,20130726,20130727 
Number is 15 
G.7.2_index_1_VS_G.7.4_index_2 [3] 
20130623,20130625,20130626,20130628,20130701,20130702,20130703,20130704,20130705,20130706,20130710,20130711,20130716,20130717,20130721,20130724,20130729,20130731 
Number is 22 
G.3.3_index_4_VS_G.3.4_index_5 [4] 
20130620,20130621,20130625,20130628,20130701,20130702,20130703,20130704,20130705,20130706,20130710,20130713,20130716,20130718,20130719,20130720,20130722,20130731 
Number is 28 
G.3.4_index_5_VS_G.3.6_index_5 [5] PLUS 1 
20130621,20130630,20130701,20130702,20130703,20130704,20130705,20130706,20130707,20130708,20130720,20130721,20130727,20130729,20130731 
Number is 49 
G.6.3_index_2_VS_G.5.3_index_4 [6] PLUS 1 
20130621,20130622,20130623,20130624,20130626,20130627,20130701,20130702,20130703,20130704,20130705,20130706,20130707,20130708,20130711,20130712,20130719,20130723,20130724,20130728,20130730 
G.7.1_index_2_VS_G.3.2_index_4 [7] PLUS 1 
20130621,20130625,20130626,20130628,20130629,20130701,20130702,20130703,20130704,20130705,20130706,20130707,20130711,20130713,20130714,20130718,20130719,20130720,20130721,20130724,20130727,20130730,20130731 
Number is 57 
G.5.5_index_2_VS_G.6.1_index_1 [8] 
20130621,20130622,20130625,20130626,20130628,20130629,20130630,20130701,20130702,20130703,20130704,20130705,20130706,20130708,20130710,20130714,20130715,20130720,20130724,20130725,20130729,20130730,20130731 
Number is 58 
G.4.1_index_4_VS_G.6.2_index_1 [9] 
20130620,20130623,20130626,20130701,20130702,20130703,20130704,20130705,20130706,20130708,20130713,20130714,20130719,20130720,20130721,20130723,20130725,20130726 
G.4.2_index_1_VS_G.7.2_index_2 [10] 
20130620,20130626,20130627,20130630,20130701,20130702,20130703,20130704,20130705,20130706,20130708,20130715,20130723 
Number is 60 
G.3.6_index_4_VS_G.3.2_index_2 [11] PLUS 1 
20130620,20130623,20130628,20130701,20130702,20130703,20130704,20130705,20130706,20130707,20130708,20130709,20130711,20130713,20130716,20130717,20130721,20130722,20130724,20130727,20130728,20130730 
Number is 68 
G.3.6_index_4_VS_G.7.1_index_1 [12] 
20130621,20130624,20130626,20130630,20130701,20130702,20130703,20130704,20130705,20130706,20130711,20130713,20130714,20130720,20130722,20130724,20130726,20130727,20130728,20130729,20130730,20130731 
G.3.6_index_4_VS_G.3.2_index_3 [13] 
20130623,20130624,20130625,20130628,20130630,20130701,20130702,20130703,20130704,20130705,20130706,20130708,20130709,20130712,20130714,20130715,20130716,20130721,20130724,20130725,20130731 
Number is 71 
G.2.2_index_3_VS_G.3.1_index_1 [14] PLUS 1 
20130620,20130624,20130628,20130701,20130702,20130703,20130704,20130705,20130706,20130707,20130712,20130715,20130726,20130729 
Number is 76 
G.5.4_index_2_VS_G.3.6_index_4 [15] 
20130622,20130625,20130701,20130702,20130703,20130704,20130705,20130706,20130713,20130715,20130717,20130718,20130719,20130720,20130725,20130728,20130729,20130730 
Number is 77 
G.3.3_index_1_VS_G.6.1_index_1 [16] 
20130627,20130629,20130701,20130702,20130703,20130704,20130705,20130706,20130709,20130711,20130712,20130721,20130722,20130728,20130730,20130731 
Number is 81 
G.4.1_index_2_VS_G.3.1_index_1 [17] 
20130622,20130630,20130701,20130702,20130703,20130704,20130705,20130706,20130712,20130715,20130719,20130722,20130723,20130726,20130727,20130728,20130730 
Number is 87 
G.4.4_index_2_VS_G.5.6_index_2 [18] 
20130626,20130627,20130628,20130629,20130701,20130702,20130703,20130704,20130705,20130706,20130709,20130711,20130712,20130713,20130714,20130716,20130719,20130720,20130723 
G.5.3_index_1_VS_G.6.1_index_1 [19] 
20130623,20130701,20130702,20130703,20130704,20130705,20130706,20130709,20130711,20130712,20130713,20130714,20130718,20130720,20130722,20130724,20130725,20130731 
Number is 88 
G.5.5_index_3_VS_G.3.2_index_3 [20] 
20130621,20130627,20130701,20130702,20130703,20130704,20130705,20130706,20130708,20130709,20130710,20130714,20130716,20130720,20130721,20130723,20130726,20130727,20130728 
G.6.2_index_1_VS_G.5.3_index_1 [21] 
20130622,20130623,20130624,20130627,20130629,20130630,20130701,20130702,20130703,20130704,20130705,20130706,20130709,20130710,20130712,20130716,20130717,20130718,20130719,20130720,20130724,20130731 
Number is 95 
G.3.3_index_5_VS_G.5.1_index_4 [22] 
20130620,20130621,20130623,20130625,20130627,20130628,20130701,20130702,20130703,20130704,20130705,20130706,20130709,20130711,20130712,20130714,20130716,20130718,20130719,20130727 
