======== Current: 20130709 ========= 
Number is 00 
G.5.6_index_3_VS_G.7.3_index_2 [1] 
20130620,20130622,20130623,20130627,20130703,20130704,20130705,20130706,20130707,20130708,20130710,20130711,20130713,20130715,20130716,20130718,20130720,20130725,20130726,20130727,20130729,20130731 
G.5.6_index_3_VS_G.5.4_index_1 [2] 
20130622,20130623,20130624,20130702,20130703,20130704,20130705,20130706,20130707,20130708,20130710,20130715,20130716,20130717,20130719,20130722,20130724,20130725,20130726,20130727,20130729 
Number is 01 
G.2.2_index_5_VS_G.5.5_index_3 [3] 
20130621,20130625,20130627,20130629,20130701,20130703,20130704,20130705,20130706,20130707,20130708,20130710,20130711,20130714,20130719,20130720,20130721,20130723,20130726,20130727,20130729,20130730 
Number is 02 
G.5.6_index_3_VS_G.5.2_index_4 [4] 
20130620,20130623,20130624,20130628,20130630,20130703,20130704,20130705,20130706,20130707,20130708,20130710,20130712,20130715,20130716,20130719,20130721,20130722,20130724,20130725,20130728,20130729,20130730 
Number is 04 
G.7.4_index_1_VS_G.4.1_index_4 [5] PLUS 1 
20130620,20130621,20130623,20130626,20130627,20130701,20130703,20130704,20130705,20130706,20130707,20130708,20130709,20130714,20130716,20130720,20130722,20130723,20130724,20130725 
G.5.6_index_3_VS_G.DB_index_3 [6] PLUS 1 
20130620,20130623,20130624,20130625,20130626,20130630,20130701,20130703,20130704,20130705,20130706,20130707,20130708,20130709,20130711,20130714,20130718,20130719,20130721,20130723,20130729,20130730 
Number is 07 
G.5.6_index_3_VS_G.1.1_index_5 [7] 
20130620,20130626,20130627,20130628,20130630,20130703,20130704,20130705,20130706,20130707,20130708,20130710,20130711,20130712,20130715,20130716,20130720,20130721,20130722,20130723,20130727,20130728 
Number is 08 
G.5.6_index_3_VS_G.4.4_index_4 [8] 
20130621,20130624,20130627,20130702,20130703,20130704,20130705,20130706,20130707,20130708,20130710,20130711,20130712,20130716,20130717,20130719,20130720,20130722,20130727,20130729,20130730 
Number is 09 
G.5.6_index_3_VS_G.5.3_index_3 [9] PLUS 1 
20130620,20130621,20130622,20130623,20130626,20130627,20130630,20130702,20130703,20130704,20130705,20130706,20130707,20130708,20130709,20130710,20130711,20130715,20130716,20130718,20130722,20130725 
Number is 10 
G.5.1_index_1_VS_G.5.6_index_3 [10] 
20130621,20130623,20130626,20130703,20130704,20130705,20130706,20130707,20130708,20130710,20130711,20130713,20130715,20130718,20130719,20130720,20130721,20130722,20130726,20130729,20130730 
Number is 16 
G.3.6_index_4_VS_G.3.2_index_2 [11] PLUS 1 
20130620,20130623,20130628,20130701,20130702,20130703,20130704,20130705,20130706,20130707,20130708,20130709,20130711,20130713,20130716,20130717,20130721,20130722,20130724,20130727,20130728,20130730 
Number is 17 
G.3.4_index_4_VS_G.6.3_index_2 [12] PLUS 1 
20130621,20130623,20130624,20130627,20130703,20130704,20130705,20130706,20130707,20130708,20130709,20130710,20130717,20130718,20130719,20130720,20130721,20130722,20130723,20130724,20130725,20130726,20130727,20130729,20130730,20130731 
Number is 34 
G.6.2_index_1_VS_G.3.3_index_2 [13] 
20130620,20130622,20130623,20130624,20130625,20130629,20130702,20130703,20130704,20130705,20130706,20130707,20130708,20130710,20130712,20130715,20130719,20130721,20130723,20130726,20130728 
Number is 36 
G.3.6_index_5_VS_G.6.3_index_3 [14] PLUS 1 
20130621,20130624,20130625,20130627,20130628,20130629,20130703,20130704,20130705,20130706,20130707,20130708,20130709,20130710,20130713,20130718,20130721,20130726,20130729,20130731 
Number is 41 
G.4.2_index_4_VS_G.4.2_index_1 [15] 
20130624,20130625,20130626,20130629,20130630,20130701,20130703,20130704,20130705,20130706,20130707,20130708,20130711,20130713,20130718,20130721,20130726,20130727 
Number is 43 
G.4.1_index_4_VS_G.4.3_index_1 [16] 
20130620,20130624,20130625,20130627,20130701,20130703,20130704,20130705,20130706,20130707,20130708,20130710,20130713,20130714,20130722,20130725,20130728,20130729 
Number is 44 
G.DB_index_2_VS_G.6.1_index_2 [17] 
20130620,20130622,20130623,20130627,20130629,20130702,20130703,20130704,20130705,20130706,20130707,20130708,20130710,20130711,20130712,20130714,20130720,20130722,20130724,20130725,20130726,20130728,20130730,20130731 
Number is 53 
G.3.4_index_5_VS_G.3.6_index_5 [18] 
20130621,20130630,20130701,20130702,20130703,20130704,20130705,20130706,20130707,20130708,20130720,20130721,20130727,20130729,20130731 
G.3.4_index_5_VS_G.4.1_index_2 [19] 
20130620,20130621,20130622,20130627,20130629,20130702,20130703,20130704,20130705,20130706,20130707,20130708,20130710,20130711,20130713,20130714,20130720,20130722,20130723,20130727,20130730 
Number is 60 
G.3.6_index_3_VS_G.5.6_index_3 [20] PLUS 1 
20130620,20130623,20130624,20130625,20130626,20130628,20130630,20130702,20130703,20130704,20130705,20130706,20130707,20130708,20130709,20130712,20130713,20130714,20130715,20130718,20130720,20130721,20130722,20130726,20130729 
Number is 63 
G.5.1_index_4_VS_G.3.1_index_2 [21] PLUS 1 
20130620,20130621,20130622,20130624,20130625,20130626,20130701,20130703,20130704,20130705,20130706,20130707,20130708,20130709,20130711,20130714,20130718,20130719,20130720,20130721,20130725,20130729,20130730 
Number is 65 
G.3.3_index_1_VS_G.3.3_index_3 [22] PLUS 1 
20130624,20130626,20130627,20130702,20130703,20130704,20130705,20130706,20130707,20130708,20130709,20130711,20130712,20130714,20130716,20130719,20130720,20130721,20130726,20130727,20130728,20130730,20130731 
Number is 66 
G.3.2_index_3_VS_G.5.2_index_2 [23] 
20130623,20130624,20130627,20130630,20130703,20130704,20130705,20130706,20130707,20130708,20130710,20130711,20130714,20130715,20130716,20130721,20130722,20130723,20130725,20130726,20130727 
Number is 67 
G.3.2_index_1_VS_G.6.3_index_2 [24] PLUS 1 
20130621,20130622,20130624,20130627,20130630,20130701,20130703,20130704,20130705,20130706,20130707,20130708,20130709,20130711,20130712,20130714,20130715,20130717,20130718,20130719,20130720,20130724,20130726 
Number is 69 
G.5.2_index_2_VS_G.5.3_index_1 [25] 
20130621,20130622,20130623,20130627,20130630,20130702,20130703,20130704,20130705,20130706,20130707,20130708,20130711,20130714,20130718,20130720,20130721,20130722,20130725,20130728,20130729,20130730,20130731 
Number is 70 
G.6.3_index_2_VS_G.5.3_index_4 [26] 
20130621,20130622,20130623,20130624,20130626,20130627,20130701,20130702,20130703,20130704,20130705,20130706,20130707,20130708,20130711,20130712,20130719,20130723,20130724,20130728,20130730 
Number is 72 
G.3.1_index_5_VS_G.2.1_index_5 [27] 
20130622,20130626,20130628,20130629,20130701,20130703,20130704,20130705,20130706,20130707,20130708,20130710,20130711,20130713,20130714,20130719,20130721,20130724,20130729,20130730 
Number is 73 
G.3.1_index_5_VS_G.6.2_index_1 [28] 
20130620,20130622,20130624,20130625,20130626,20130627,20130628,20130629,20130702,20130703,20130704,20130705,20130706,20130707,20130708,20130712,20130713,20130715,20130719,20130720,20130721,20130722,20130723,20130725,20130730 
Number is 77 
G.3.5_index_3_VS_G.7.1_index_2 [29] 
20130622,20130624,20130627,20130629,20130701,20130703,20130704,20130705,20130706,20130707,20130708,20130720,20130722,20130723,20130726,20130729,20130730,20130731 
Number is 80 
G.5.5_index_4_VS_G.5.6_index_3 [30] 
20130620,20130622,20130623,20130624,20130626,20130702,20130703,20130704,20130705,20130706,20130707,20130708,20130711,20130712,20130713,20130715,20130716,20130721,20130722,20130729 
G.DB_index_4_VS_G.DB_index_5 [31] 
20130624,20130625,20130626,20130627,20130703,20130704,20130705,20130706,20130707,20130708,20130710,20130712,20130713,20130716,20130724,20130726,20130730 
G.7.4_index_2_VS_G.5.6_index_3 [32] 
20130620,20130623,20130625,20130626,20130701,20130703,20130704,20130705,20130706,20130707,20130708,20130713,20130715,20130717,20130718,20130720,20130721,20130722,20130724,20130727,20130729 
Number is 84 
G.3.6_index_1_VS_G.4.2_index_4 [33] 
20130621,20130623,20130624,20130625,20130628,20130702,20130703,20130704,20130705,20130706,20130707,20130708,20130712,20130718,20130721,20130723,20130725,20130727,20130729,20130730 
Number is 87 
G.6.2_index_2_VS_G.3.5_index_3 [34] 
20130621,20130622,20130623,20130624,20130626,20130627,20130628,20130629,20130630,20130703,20130704,20130705,20130706,20130707,20130708,20130714,20130715,20130721,20130726,20130730,20130731 
G.2.2_index_1_VS_G.6.3_index_2 [35] 
20130621,20130623,20130624,20130626,20130627,20130630,20130701,20130703,20130704,20130705,20130706,20130707,20130708,20130710,20130711,20130712,20130713,20130715,20130716,20130718,20130719,20130720,20130721,20130724,20130730,20130731 
Number is 88 
G.2.1_index_4_VS_G.4.4_index_4 [36] 
20130621,20130627,20130628,20130701,20130703,20130704,20130705,20130706,20130707,20130708,20130710,20130713,20130714,20130716,20130719,20130720,20130721,20130722,20130724,20130726 
Number is 93 
G.5.3_index_1_VS_G.4.3_index_1 [37] PLUS 1 
20130630,20130703,20130704,20130705,20130706,20130707,20130708,20130709,20130710,20130711,20130717,20130719,20130720,20130722,20130723,20130724,20130725,20130726,20130728,20130730,20130731 
