======== Current: 20130711 ========= 
Number is 04 
G.7.3_index_1_VS_G.3.1_index_4 [1] PLUS 1 
20130620,20130622,20130624,20130625,20130627,20130628,20130704,20130705,20130706,20130707,20130708,20130709,20130710,20130711,20130712,20130713,20130715,20130717,20130718,20130719,20130727 
Number is 06 
G.2.1_index_3_VS_G.3.2_index_2 [2] 
20130620,20130622,20130623,20130624,20130625,20130628,20130629,20130630,20130702,20130703,20130705,20130706,20130707,20130708,20130709,20130710,20130713,20130717,20130718,20130721,20130724,20130726,20130728,20130730 
G.5.2_index_2_VS_G.5.6_index_3 [3] 
20130620,20130621,20130623,20130630,20130702,20130703,20130705,20130706,20130707,20130708,20130709,20130710,20130714,20130715,20130717,20130719,20130721,20130726,20130727,20130728,20130729,20130730 
Number is 15 
G.4.4_index_4_VS_G.3.6_index_5 [4] 
20130622,20130623,20130629,20130705,20130706,20130707,20130708,20130709,20130710,20130712,20130713,20130714,20130717,20130719,20130720,20130722,20130724,20130729 
Number is 17 
G.3.3_index_2_VS_G.DB_index_5 [5] 
20130621,20130622,20130623,20130624,20130627,20130701,20130703,20130705,20130706,20130707,20130708,20130709,20130710,20130713,20130715,20130720,20130721,20130722,20130725,20130728,20130729 
Number is 21 
G.3.1_index_5_VS_G.3.6_index_4 [6] 
20130620,20130621,20130623,20130624,20130625,20130626,20130630,20130701,20130704,20130705,20130706,20130707,20130708,20130709,20130710,20130712,20130713,20130714,20130715,20130716,20130720,20130721,20130724,20130726,20130728,20130729,20130730 
Number is 23 
G.3.1_index_5_VS_G.4.1_index_1 [7] 
20130620,20130622,20130623,20130624,20130628,20130629,20130630,20130701,20130702,20130703,20130705,20130706,20130707,20130708,20130709,20130710,20130713,20130720,20130722,20130724,20130728,20130730,20130731 
Number is 24 
G.5.5_index_1_VS_G.3.1_index_4 [8] 
20130620,20130623,20130628,20130701,20130705,20130706,20130707,20130708,20130709,20130710,20130713,20130715,20130717,20130720,20130721,20130726,20130727,20130729,20130730 
Number is 25 
G.6.2_index_2_VS_G.7.2_index_2 [9] 
20130622,20130626,20130628,20130630,20130702,20130704,20130705,20130706,20130707,20130708,20130709,20130710,20130713,20130715,20130716,20130720,20130723,20130724,20130725,20130727,20130730 
G.5.1_index_4_VS_G.4.2_index_1 [10] 
20130620,20130625,20130627,20130701,20130705,20130706,20130707,20130708,20130709,20130710,20130712,20130714,20130715,20130718,20130726,20130728 
Number is 26 
G.4.1_index_2_VS_G.5.6_index_3 [11] PLUS 1 
20130620,20130623,20130629,20130630,20130702,20130703,20130705,20130706,20130707,20130708,20130709,20130710,20130711,20130712,20130715,20130719,20130722,20130724,20130726,20130729,20130730 
G.5.1_index_4_VS_G.5.6_index_3 [12] PLUS 1 
20130620,20130622,20130623,20130625,20130628,20130630,20130703,20130705,20130706,20130707,20130708,20130709,20130710,20130711,20130714,20130715,20130716,20130719,20130720,20130722,20130727,20130729,20130730 
G.3.2_index_3_VS_G.3.3_index_4 [13] PLUS 1 
20130623,20130625,20130629,20130701,20130704,20130705,20130706,20130707,20130708,20130709,20130710,20130711,20130715,20130716,20130719,20130722,20130725,20130729 
Number is 33 
G.6.3_index_3_VS_G.2.2_index_5 [14] 
20130622,20130624,20130630,20130703,20130705,20130706,20130707,20130708,20130709,20130710,20130712,20130714,20130715,20130722,20130726,20130730 
Number is 35 
G.3.5_index_3_VS_G.4.2_index_1 [15] 
20130621,20130623,20130624,20130626,20130629,20130701,20130705,20130706,20130707,20130708,20130709,20130710,20130716,20130718,20130724,20130726,20130727,20130729,20130731 
Number is 36 
G.5.3_index_1_VS_G.4.3_index_1 [16] PLUS 1 
20130630,20130703,20130704,20130705,20130706,20130707,20130708,20130709,20130710,20130711,20130717,20130719,20130720,20130722,20130723,20130724,20130725,20130726,20130728,20130730,20130731 
Number is 51 
G.4.1_index_4_VS_G.7.3_index_2 [17] 
20130620,20130626,20130627,20130701,20130705,20130706,20130707,20130708,20130709,20130710,20130712,20130717,20130718,20130721,20130722,20130724,20130726,20130729 
Number is 53 
G.3.6_index_5_VS_G.6.3_index_3 [18] 
20130621,20130624,20130625,20130627,20130628,20130629,20130703,20130704,20130705,20130706,20130707,20130708,20130709,20130710,20130713,20130718,20130721,20130726,20130729,20130731 
G.4.1_index_4_VS_G.2.2_index_5 [19] 
20130622,20130624,20130625,20130627,20130701,20130702,20130705,20130706,20130707,20130708,20130709,20130710,20130718,20130721,20130722,20130723,20130724,20130728 
G.4.1_index_4_VS_G.3.5_index_3 [20] 
20130621,20130622,20130623,20130626,20130630,20130701,20130702,20130705,20130706,20130707,20130708,20130709,20130710,20130712,20130716,20130724,20130725,20130729,20130730,20130731 
Number is 56 
G.3.6_index_5_VS_G.5.6_index_3 [21] 
20130620,20130623,20130624,20130627,20130703,20130705,20130706,20130707,20130708,20130709,20130710,20130712,20130714,20130716,20130719,20130721,20130723,20130725,20130727,20130729 
Number is 57 
G.4.1_index_4_VS_G.6.3_index_2 [22] 
20130621,20130622,20130624,20130625,20130626,20130627,20130630,20130701,20130704,20130705,20130706,20130707,20130708,20130709,20130710,20130713,20130717,20130719,20130721,20130722,20130723,20130724,20130726,20130729,20130730 
G.4.1_index_4_VS_G.5.3_index_2 [23] 
20130620,20130622,20130626,20130701,20130704,20130705,20130706,20130707,20130708,20130709,20130710,20130714,20130719,20130724,20130726 
G.3.4_index_4_VS_G.6.3_index_2 [24] 
20130621,20130623,20130624,20130627,20130703,20130704,20130705,20130706,20130707,20130708,20130709,20130710,20130717,20130718,20130719,20130720,20130721,20130722,20130723,20130724,20130725,20130726,20130727,20130729,20130730,20130731 
Number is 61 
G.3.3_index_4_VS_G.7.3_index_2 [25] PLUS 1 
20130620,20130621,20130622,20130624,20130625,20130701,20130703,20130705,20130706,20130707,20130708,20130709,20130710,20130711,20130714,20130723,20130729,20130730 
G.5.6_index_3_VS_G.4.4_index_1 [26] PLUS 1 
20130622,20130623,20130626,20130627,20130630,20130704,20130705,20130706,20130707,20130708,20130709,20130710,20130711,20130717,20130719,20130722,20130723,20130726,20130727,20130729 
G.5.6_index_3_VS_G.3.3_index_2 [27] PLUS 1 
20130621,20130622,20130623,20130624,20130701,20130703,20130705,20130706,20130707,20130708,20130709,20130710,20130711,20130712,20130715,20130719,20130721,20130722,20130728,20130729 
Number is 62 
G.5.6_index_3_VS_G.3.2_index_3 [28] PLUS 1 
20130621,20130623,20130624,20130627,20130702,20130704,20130705,20130706,20130707,20130708,20130709,20130710,20130711,20130716,20130719,20130721,20130722,20130727,20130729,20130730 
G.3.2_index_2_VS_G.6.2_index_1 [29] PLUS 1 
20130620,20130621,20130623,20130625,20130627,20130629,20130705,20130706,20130707,20130708,20130709,20130710,20130711,20130713,20130717,20130719,20130721,20130724,20130725,20130727,20130730 
G.5.6_index_3_VS_G.DB_index_2 [30] PLUS 1 
20130624,20130626,20130628,20130703,20130705,20130706,20130707,20130708,20130709,20130710,20130711,20130712,20130714,20130715,20130721,20130722,20130723,20130724,20130726,20130727,20130730,20130731 
Number is 64 
G.5.6_index_3_VS_G.3.5_index_2 [31] PLUS 1 
20130620,20130623,20130627,20130629,20130701,20130703,20130705,20130706,20130707,20130708,20130709,20130710,20130711,20130715,20130719,20130720,20130724,20130725,20130727,20130728,20130731 
Number is 65 
G.5.6_index_3_VS_G.4.3_index_4 [32] 
20130621,20130622,20130623,20130624,20130627,20130628,20130629,20130701,20130705,20130706,20130707,20130708,20130709,20130710,20130712,20130715,20130716,20130719,20130720,20130722,20130723,20130729 
Number is 66 
G.3.2_index_2_VS_G.2.2_index_4 [33] 
20130620,20130621,20130623,20130626,20130628,20130629,20130630,20130702,20130704,20130705,20130706,20130707,20130708,20130709,20130710,20130712,20130717,20130718,20130720,20130721,20130726,20130728,20130729,20130730,20130731 
G.2.2_index_3_VS_G.5.6_index_3 [34] 
20130620,20130623,20130624,20130626,20130628,20130629,20130702,20130703,20130705,20130706,20130707,20130708,20130709,20130710,20130712,20130714,20130715,20130719,20130721,20130722,20130723,20130724,20130729 
Number is 68 
G.5.6_index_3_VS_G.5.3_index_3 [35] PLUS 1 
20130620,20130621,20130622,20130623,20130626,20130627,20130630,20130702,20130703,20130704,20130705,20130706,20130707,20130708,20130709,20130710,20130711,20130715,20130716,20130718,20130722,20130725 
G.5.6_index_3_VS_G.5.1_index_3 [36] PLUS 1 
20130623,20130626,20130627,20130628,20130629,20130630,20130702,20130703,20130705,20130706,20130707,20130708,20130709,20130710,20130711,20130712,20130714,20130720,20130728,20130729 
Number is 70 
G.6.3_index_2_VS_G.4.1_index_3 [37] 
20130621,20130623,20130624,20130628,20130705,20130706,20130707,20130708,20130709,20130710,20130712,20130718,20130721,20130722,20130727,20130728,20130730 
G.DB_index_5_VS_G.5.2_index_2 [38] 
20130621,20130623,20130624,20130629,20130630,20130703,20130705,20130706,20130707,20130708,20130709,20130710,20130713,20130720,20130721,20130723,20130725,20130727,20130728,20130729 
G.3.2_index_4_VS_G.5.2_index_2 [39] 
20130621,20130622,20130625,20130629,20130702,20130704,20130705,20130706,20130707,20130708,20130709,20130710,20130719,20130724,20130727,20130728,20130730,20130731 
Number is 72 
G.3.2_index_4_VS_G.3.2_index_5 [40] PLUS 1 
20130621,20130623,20130628,20130629,20130704,20130705,20130706,20130707,20130708,20130709,20130710,20130711,20130714,20130717,20130719,20130726,20130727,20130731 
Number is 76 
G.6.3_index_2_VS_G.3.4_index_3 [41] 
20130622,20130626,20130627,20130628,20130705,20130706,20130707,20130708,20130709,20130710,20130712,20130713,20130718,20130721,20130725,20130729,20130730,20130731 
Number is 78 
G.3.2_index_4_VS_G.5.4_index_4 [42] PLUS 1 
20130620,20130622,20130624,20130626,20130629,20130630,20130701,20130702,20130703,20130705,20130706,20130707,20130708,20130709,20130710,20130711,20130714,20130719,20130721,20130726,20130727,20130729 
Number is 79 
G.6.3_index_2_VS_G.7.2_index_1 [43] PLUS 1 
20130622,20130623,20130625,20130626,20130630,20130701,20130702,20130705,20130706,20130707,20130708,20130709,20130710,20130711,20130714,20130716,20130717,20130720,20130722,20130724,20130730 
Number is 81 
G.2.1_index_2_VS_G.4.4_index_4 [44] PLUS 1 
20130624,20130626,20130627,20130628,20130704,20130705,20130706,20130707,20130708,20130709,20130710,20130711,20130713,20130714,20130717,20130719,20130720,20130723,20130724,20130725,20130728 
