======== Last: 20130202 ========= 
Number is 31 
G.3.1_index_2_VS_G.4.3_index_3 [1] 
Ngay: 20121220,20121223,20121225,20121227,20121228,20121231,20130101,20130102,20130103,20130104,20130105,20130106,20130107,20130111,20130114,20130119,20130120,20130122,20130126,20130127,20130129,20130201 
Number is 34 
G.2.2_index_3_VS_G.3.5_index_5 [2] 
Ngay: 20121220,20121222,20121225,20121227,20121229,20121231,20130101,20130102,20130103,20130104,20130105,20130116,20130118,20130119,20130120,20130123,20130125,20130127,20130129,20130201 
Number is 42 
G.6.3_index_2_VS_G.6.2_index_1 [3] 
Ngay: 20121220,20121221,20121222,20121224,20121225,20121229,20121231,20130101,20130102,20130103,20130104,20130105,20130106,20130107,20130109,20130112,20130113,20130118,20130126,20130130,20130131 
Number is 51 
G.5.3_index_1_VS_G.3.4_index_1 [4] 
Ngay: 20121221,20121222,20121224,20121225,20121229,20121231,20130101,20130102,20130103,20130104,20130105,20130108,20130109,20130110,20130112,20130113,20130116,20130119,20130127,20130130 
G.5.2_index_2_VS_G.4.3_index_3 [5] 
Ngay: 20121220,20121224,20121228,20121229,20121230,20121231,20130101,20130102,20130103,20130104,20130105,20130106,20130107,20130113,20130114,20130117,20130119,20130120,20130122,20130123,20130129,20130131 
Number is 55 
G.1.1_index_3_VS_G.3.3_index_2 [6] 
Ngay: 20121220,20121221,20121223,20121224,20121226,20121228,20121230,20121231,20130101,20130102,20130103,20130104,20130105,20130108,20130109,20130112,20130113,20130114,20130120,20130121,20130123,20130126,20130129,20130130 
Number is 59 
G.5.3_index_1_VS_G.7.4_index_2 [7] 
Ngay: 20121223,20121224,20121227,20121229,20121231,20130101,20130102,20130103,20130104,20130105,20130112,20130114,20130118,20130119,20130122,20130125,20130130 
Number is 61 
G.2.2_index_2_VS_G.5.1_index_2 [8] 
Ngay: 20121230,20121231,20130101,20130102,20130103,20130104,20130105,20130106,20130109,20130110,20130112,20130114,20130115,20130118,20130122,20130123,20130124,20130125,20130129,20130130,20130131 
Number is 72 
G.3.2_index_3_VS_G.3.3_index_1 [9] 
Ngay: 20121220,20121224,20121228,20121229,20121230,20121231,20130101,20130102,20130103,20130104,20130105,20130108,20130109,20130111,20130114,20130120,20130127,20130128,20130129,20130130,20130131 
Number is 73 
G.3.4_index_5_VS_G.2.1_index_1 [10] 
Ngay: 20121220,20121227,20121231,20130101,20130102,20130103,20130104,20130105,20130106,20130108,20130111,20130112,20130115,20130123 
Number is 75 
G.3.6_index_5_VS_G.7.1_index_2 [11] 
Ngay: 20121229,20121231,20130101,20130102,20130103,20130104,20130105,20130107,20130110,20130114,20130116,20130117,20130120,20130121,20130124,20130127,20130129,20130130,20130131 
Number is 91 
G.5.3_index_3_VS_G.4.3_index_2 [12] 
Ngay: 20121224,20121226,20121228,20121231,20130101,20130102,20130103,20130104,20130105,20130106,20130107,20130109,20130110,20130113,20130118,20130121,20130122,20130123,20130125,20130127,20130128,20130131 
Number is 99 
G.7.4_index_2_VS_G.3.4_index_4 [13] 
Ngay: 20121220,20121221,20121224,20121229,20121231,20130101,20130102,20130103,20130104,20130105,20130106,20130109,20130111,20130121,20130124,20130131 
