======== Current: 20130107 ========= 
Number is 06 
G.5.6_index_2_VS_G.5.6_index_4 [1] PLUS 1 
Ngay: 20121220,20121222,20121223,20121227,20130101,20130102,20130103,20130104,20130105,20130106,20130107,20130108,20130110,20130111,20130113,20130114,20130117,20130118,20130119,20130123,20130126,20130127,20130128,20130131 
Number is 25 
G.4.1_index_2_VS_G.3.2_index_5 [2] PLUS 1 
Ngay: 20121221,20121224,20121226,20121228,20130101,20130102,20130103,20130104,20130105,20130106,20130107,20130110,20130113,20130114,20130116,20130117,20130118,20130119,20130120,20130123,20130125,20130126,20130127,20130129,20130130 
Number is 33 
G.DB_index_4_VS_G.2.2_index_4 [3] 
Ngay: 20121222,20121223,20121225,20121227,20121229,20121230,20130101,20130102,20130103,20130104,20130105,20130106,20130108,20130109,20130113,20130119,20130120,20130122,20130123,20130126,20130131 
Number is 38 
G.DB_index_4_VS_G.4.3_index_2 [4] PLUS 1 
Ngay: 20121221,20121225,20121226,20121228,20121229,20121230,20130101,20130102,20130103,20130104,20130105,20130106,20130107,20130110,20130111,20130114,20130117,20130119,20130128,20130131 
G.5.3_index_3_VS_G.4.3_index_2 [5] PLUS 1 
Ngay: 20121224,20121226,20121228,20121231,20130101,20130102,20130103,20130104,20130105,20130106,20130107,20130109,20130110,20130113,20130118,20130121,20130122,20130123,20130125,20130127,20130128,20130131 
Number is 45 
G.2.1_index_5_VS_G.3.5_index_5 [6] 
Ngay: 20121220,20121222,20121224,20121225,20121226,20121227,20130101,20130102,20130103,20130104,20130105,20130106,20130111,20130113,20130117,20130118,20130122,20130125,20130129,20130201 
Number is 50 
G.3.5_index_5_VS_G.4.3_index_1 [7] 
Ngay: 20121220,20121221,20121223,20121224,20121225,20121227,20121230,20130101,20130102,20130103,20130104,20130105,20130106,20130112,20130113,20130116,20130126,20130128,20130130,20130131,20130201 
Number is 51 
G.3.4_index_5_VS_G.2.1_index_1 [8] 
Ngay: 20121220,20121227,20121231,20130101,20130102,20130103,20130104,20130105,20130106,20130108,20130111,20130112,20130115,20130123 
Number is 59 
G.5.2_index_2_VS_G.4.3_index_3 [9] PLUS 1 
Ngay: 20121220,20121224,20121228,20121229,20121230,20121231,20130101,20130102,20130103,20130104,20130105,20130106,20130107,20130113,20130114,20130117,20130119,20130120,20130122,20130123,20130129,20130131 
Number is 62 
G.6.3_index_2_VS_G.6.2_index_1 [10] PLUS 1 
Ngay: 20121220,20121221,20121222,20121224,20121225,20121229,20121231,20130101,20130102,20130103,20130104,20130105,20130106,20130107,20130109,20130112,20130113,20130118,20130126,20130130,20130131 
Number is 63 
G.2.2_index_2_VS_G.5.1_index_2 [11] 
Ngay: 20121230,20121231,20130101,20130102,20130103,20130104,20130105,20130106,20130109,20130110,20130112,20130114,20130115,20130118,20130122,20130123,20130124,20130125,20130129,20130130,20130131 
Number is 65 
G.5.2_index_3_VS_G.3.5_index_5 [12] PLUS 1 
Ngay: 20121223,20121224,20121225,20121226,20121229,20130101,20130102,20130103,20130104,20130105,20130106,20130107,20130109,20130110,20130111,20130114,20130116,20130117,20130119,20130123,20130131,20130201 
Number is 70 
G.7.4_index_1_VS_G.5.3_index_1 [13] PLUS 1 
Ngay: 20121220,20121228,20121229,20130101,20130102,20130103,20130104,20130105,20130106,20130107,20130109,20130110,20130111,20130112,20130115,20130116,20130120,20130122,20130201 
Number is 89 
G.4.3_index_2_VS_G.5.2_index_1 [14] PLUS 1 
Ngay: 20121223,20121224,20121225,20121227,20121228,20121229,20121230,20130101,20130102,20130103,20130104,20130105,20130106,20130107,20130109,20130110,20130111,20130115,20130124,20130127,20130129,20130201 
G.3.1_index_2_VS_G.4.3_index_3 [15] PLUS 1 
Ngay: 20121220,20121223,20121225,20121227,20121228,20121231,20130101,20130102,20130103,20130104,20130105,20130106,20130107,20130111,20130114,20130119,20130120,20130122,20130126,20130127,20130129,20130201 
Number is 97 
G.3.2_index_3_VS_G.2.2_index_1 [16] 
Ngay: 20121222,20121224,20121227,20121229,20130101,20130102,20130103,20130104,20130105,20130106,20130108,20130110,20130111,20130113,20130119,20130123,20130124,20130129,20130201 
G.7.4_index_2_VS_G.3.1_index_3 [17] 
Ngay: 20121220,20121221,20121224,20121228,20121229,20130101,20130102,20130103,20130104,20130105,20130106,20130108,20130110,20130111,20130112,20130114,20130115,20130116,20130117,20130118,20130119,20130122,20130129,20130130,20130131,20130201 
Number is 99 
G.7.4_index_2_VS_G.3.4_index_4 [18] 
Ngay: 20121220,20121221,20121224,20121229,20121231,20130101,20130102,20130103,20130104,20130105,20130106,20130109,20130111,20130121,20130124,20130131 
