======== Last: 20130202 ========= 
Number is 01 
G.3.1_index_4_VS_G.5.4_index_3 [1] 
Ngay: 20121223,20121227,20121231,20130104,20130110,20130111,20130112,20130113,20130114,20130115,20130116,20130117,20130118,20130120,20130123,20130125,20130126,20130130 
Number is 08 
G.5.6_index_2_VS_G.5.6_index_3 [2] 
Ngay: 20121221,20121222,20121223,20121224,20121228,20121229,20121230,20130101,20130103,20130105,20130108,20130109,20130110,20130111,20130112,20130113,20130114,20130115,20130116,20130117,20130118,20130119,20130121,20130123,20130125 
Number is 10 
G.5.4_index_3_VS_G.3.6_index_4 [3] 
Ngay: 20121221,20121223,20121228,20121231,20130101,20130104,20130106,20130110,20130111,20130112,20130113,20130114,20130115,20130116,20130117,20130119,20130124,20130130,20130201 
G.5.4_index_3_VS_G.4.1_index_2 [4] 
Ngay: 20121222,20121224,20121227,20121228,20121231,20130101,20130102,20130104,20130107,20130109,20130110,20130111,20130112,20130113,20130114,20130115,20130116,20130117,20130118,20130120,20130122,20130126,20130129 
Number is 12 
G.5.4_index_3_VS_G.DB_index_3 [5] 
Ngay: 20121221,20121223,20121227,20121228,20121231,20130101,20130102,20130103,20130106,20130107,20130110,20130112,20130113,20130114,20130115,20130116,20130117,20130121,20130122,20130124,20130125,20130126,20130128 
Number is 15 
G.5.4_index_3_VS_G.6.1_index_1 [6] 
Ngay: 20121223,20121226,20121230,20121231,20130104,20130106,20130108,20130110,20130112,20130113,20130114,20130115,20130116,20130117,20130118,20130119,20130120,20130121,20130122,20130131 
Number is 22 
G.1.1_index_2_VS_G.4.3_index_1 [7] 
Ngay: 20121220,20121221,20121224,20121225,20121227,20121229,20121230,20130106,20130107,20130109,20130111,20130112,20130113,20130114,20130115,20130116,20130117,20130124,20130126 
Number is 37 
G.3.1_index_3_VS_G.6.2_index_2 [8] 
Ngay: 20121220,20121221,20121222,20121223,20121226,20121227,20130105,20130106,20130110,20130112,20130113,20130114,20130115,20130116,20130117,20130119,20130121,20130129,20130130,20130131 
Number is 42 
G.3.5_index_5_VS_G.1.1_index_2 [9] 
Ngay: 20121220,20121223,20121225,20121229,20121230,20130103,20130112,20130113,20130114,20130115,20130116,20130117,20130118,20130123,20130124,20130125,20130126,20130128,20130129,20130131,20130201 
Number is 51 
G.5.2_index_2_VS_G.4.3_index_2 [10] 
Ngay: 20121220,20121223,20121228,20121231,20130101,20130103,20130107,20130110,20130112,20130113,20130114,20130115,20130116,20130117,20130121,20130122,20130125,20130126,20130129,20130131,20130201 
G.3.1_index_5_VS_G.4.1_index_3 [11] 
Ngay: 20121222,20121225,20121227,20121228,20121230,20130103,20130108,20130112,20130113,20130114,20130115,20130116,20130117,20130118,20130119,20130123,20130124,20130201 
Number is 55 
G.5.2_index_2_VS_G.3.3_index_2 [12] 
Ngay: 20121222,20121224,20121225,20121227,20121229,20121230,20121231,20130101,20130103,20130104,20130111,20130112,20130113,20130114,20130115,20130116,20130117,20130119,20130120,20130121,20130124,20130125,20130128,20130129,20130201 
Number is 67 
G.4.1_index_4_VS_G.3.6_index_5 [13] 
Ngay: 20121221,20121222,20121224,20130102,20130105,20130107,20130108,20130109,20130112,20130113,20130114,20130115,20130116,20130117,20130118,20130119,20130121,20130123,20130124,20130130,20130131 
Number is 72 
G.3.6_index_2_VS_G.4.3_index_1 [14] 
Ngay: 20121221,20121222,20121227,20121231,20130103,20130104,20130106,20130107,20130108,20130109,20130110,20130111,20130112,20130113,20130114,20130115,20130116,20130117,20130118,20130119,20130121,20130122,20130125,20130126,20130128,20130129,20130130,20130131 
Number is 97 
G.7.3_index_1_VS_G.4.3_index_4 [15] 
Ngay: 20121223,20121224,20121225,20121227,20121229,20130102,20130103,20130104,20130108,20130109,20130110,20130111,20130112,20130113,20130114,20130115,20130116,20130117,20130118,20130127,20130129 
