======== Last: 20130202 ========= 
Number is 13 
G.3.2_index_4_VS_G.3.1_index_1 [1] 
Ngay: 20121220,20121221,20121222,20121223,20121225,20121227,20121228,20121229,20130102,20130106,20130108,20130110,20130111,20130112,20130116,20130117,20130118,20130119,20130120,20130121,20130123,20130126,20130128 
Number is 14 
G.7.1_index_1_VS_G.5.1_index_1 [2] 
Ngay: 20121221,20121224,20121228,20121230,20121231,20130104,20130109,20130110,20130111,20130113,20130116,20130117,20130118,20130119,20130120,20130121,20130123,20130124,20130131 
Number is 15 
G.3.2_index_5_VS_G.6.1_index_1 [3] 
Ngay: 20121221,20121224,20121226,20121227,20121228,20121229,20121230,20130101,20130104,20130106,20130108,20130110,20130111,20130114,20130116,20130117,20130118,20130119,20130120,20130121,20130122,20130123,20130125,20130127,20130128,20130130,20130131 
G.5.4_index_3_VS_G.6.1_index_1 [4] 
Ngay: 20121223,20121226,20121230,20121231,20130104,20130106,20130108,20130110,20130112,20130113,20130114,20130115,20130116,20130117,20130118,20130119,20130120,20130121,20130122,20130131 
Number is 17 
G.4.1_index_3_VS_G.6.1_index_2 [5] 
Ngay: 20121220,20121221,20121223,20130101,20130102,20130104,20130106,20130107,20130108,20130109,20130110,20130112,20130116,20130117,20130118,20130119,20130120,20130121,20130123,20130125,20130126,20130127,20130130 
G.3.2_index_5_VS_G.3.6_index_2 [6] 
Ngay: 20121221,20121222,20121224,20121230,20121231,20130102,20130104,20130106,20130107,20130108,20130109,20130112,20130113,20130115,20130116,20130117,20130118,20130119,20130120,20130121,20130122,20130128,20130130,20130131 
Number is 21 
G.5.5_index_3_VS_G.4.3_index_2 [7] 
Ngay: 20121221,20121223,20121226,20121230,20121231,20130101,20130102,20130107,20130108,20130109,20130110,20130112,20130116,20130117,20130118,20130119,20130120,20130121,20130122,20130130,20130131 
G.5.5_index_1_VS_G.3.2_index_5 [8] 
Ngay: 20121221,20121224,20121225,20121229,20130101,20130106,20130108,20130113,20130115,20130116,20130117,20130118,20130119,20130120,20130121,20130123,20130125,20130127,20130130 
Number is 31 
G.3.1_index_1_VS_G.5.4_index_3 [9] 
Ngay: 20121220,20121221,20121223,20121224,20121226,20121227,20121229,20121230,20121231,20130102,20130105,20130108,20130110,20130116,20130117,20130118,20130119,20130120,20130121,20130122,20130123,20130124,20130128,20130129,20130130 
Number is 33 
G.2.2_index_3_VS_G.3.1_index_1 [10] 
Ngay: 20121221,20121224,20121228,20130102,20130104,20130110,20130111,20130116,20130117,20130118,20130119,20130120,20130121,20130123,20130124,20130125,20130127,20130131 
G.2.1_index_1_VS_G.2.2_index_3 [11] 
Ngay: 20121222,20121228,20121229,20130101,20130102,20130103,20130104,20130105,20130109,20130110,20130111,20130116,20130117,20130118,20130119,20130120,20130121,20130123,20130124,20130129,20130131,20130201 
Number is 35 
G.3.1_index_3_VS_G.3.3_index_2 [12] 
Ngay: 20121220,20121224,20121226,20121229,20130101,20130104,20130107,20130108,20130109,20130111,20130113,20130114,20130116,20130117,20130118,20130119,20130120,20130121,20130122,20130123,20130124,20130126,20130127,20130130,20130131 
Number is 38 
G.2.1_index_1_VS_G.2.2_index_4 [13] 
Ngay: 20121223,20121225,20121230,20121231,20130105,20130107,20130111,20130116,20130117,20130118,20130119,20130120,20130121,20130124,20130126,20130127,20130131 
Number is 40 
G.3.5_index_5_VS_G.3.6_index_4 [14] 
Ngay: 20121220,20121222,20121223,20121229,20121230,20121231,20130102,20130105,20130110,20130116,20130117,20130118,20130119,20130120,20130121,20130129,20130130,20130201 
Number is 41 
G.5.1_index_1_VS_G.4.1_index_3 [15] 
Ngay: 20121220,20121221,20121222,20121228,20121229,20121231,20130102,20130104,20130108,20130110,20130111,20130116,20130117,20130118,20130119,20130120,20130121,20130125,20130127 
Number is 58 
G.3.1_index_5_VS_G.4.4_index_3 [16] 
Ngay: 20121223,20121224,20121225,20130105,20130108,20130110,20130112,20130113,20130115,20130116,20130117,20130118,20130119,20130120,20130121,20130123,20130124,20130126,20130201 
Number is 63 
G.3.2_index_1_VS_G.2.2_index_3 [17] 
Ngay: 20121225,20121227,20121228,20121229,20130101,20130102,20130103,20130109,20130110,20130113,20130114,20130116,20130117,20130118,20130119,20130120,20130121,20130123,20130124,20130125,20130201 
Number is 71 
G.3.6_index_5_VS_G.7.1_index_1 [18] 
Ngay: 20121221,20121222,20121224,20121225,20121226,20121227,20121229,20121230,20130101,20130104,20130105,20130106,20130107,20130110,20130111,20130113,20130116,20130117,20130118,20130119,20130120,20130121,20130123,20130124,20130125,20130127,20130130,20130131,20130201 
G.3.4_index_5_VS_G.7.1_index_1 [19] 
Ngay: 20121221,20121225,20121226,20121227,20121229,20121231,20130104,20130107,20130110,20130111,20130113,20130114,20130116,20130117,20130118,20130119,20130120,20130121,20130123,20130128,20130129,20130130,20130131 
Number is 81 
G.2.1_index_2_VS_G.5.4_index_3 [20] 
Ngay: 20121220,20121226,20121228,20121229,20121231,20130104,20130106,20130107,20130114,20130116,20130117,20130118,20130119,20130120,20130121,20130123,20130126,20130127 
Number is 86 
G.4.4_index_3_VS_G.3.2_index_1 [21] 
Ngay: 20121221,20121223,20121224,20130102,20130107,20130109,20130110,20130111,20130114,20130116,20130117,20130118,20130119,20130120,20130121,20130122,20130124,20130125,20130127,20130129,20130130,20130201 
Number is 88 
G.2.1_index_4_VS_G.4.2_index_1 [22] 
Ngay: 20121221,20121222,20121223,20121226,20121227,20121228,20121229,20121231,20130105,20130106,20130107,20130109,20130110,20130114,20130116,20130117,20130118,20130119,20130120,20130121,20130122,20130123,20130125,20130127,20130130,20130201 
