======== Current: 20130123 ========= 
Number is 00 
G.1.1_index_3_VS_G.1.1_index_5 [1] 
Ngay: 20121221,20121222,20121225,20121227,20121228,20121230,20130101,20130102,20130107,20130110,20130114,20130117,20130118,20130119,20130120,20130121,20130122 
Number is 10 
G.5.5_index_1_VS_G.DB_index_4 [2] 
Ngay: 20121224,20121225,20121226,20121227,20121231,20130101,20130102,20130106,20130108,20130110,20130115,20130117,20130118,20130119,20130120,20130121,20130122,20130126,20130127,20130130,20130131,20130201 
Number is 16 
G.4.3_index_4_VS_G.7.1_index_2 [3] PLUS 1 
Ngay: 20121221,20121222,20121228,20121230,20130101,20130104,20130107,20130108,20130111,20130112,20130113,20130117,20130118,20130119,20130120,20130121,20130122,20130123,20130125,20130126,20130127,20130130 
Number is 17 
G.4.2_index_2_VS_G.3.1_index_1 [4] 
Ngay: 20121220,20121223,20121224,20121227,20121230,20130106,20130109,20130110,20130111,20130112,20130115,20130117,20130118,20130119,20130120,20130121,20130122,20130127,20130128,20130129 
Number is 19 
G.5.4_index_1_VS_G.5.1_index_1 [5] 
Ngay: 20121222,20121226,20121229,20121231,20130101,20130104,20130108,20130111,20130117,20130118,20130119,20130120,20130121,20130122,20130124 
Number is 26 
G.5.2_index_4_VS_G.7.1_index_2 [6] PLUS 1 
Ngay: 20121220,20121222,20121223,20121225,20121230,20130103,20130106,20130107,20130110,20130112,20130114,20130117,20130118,20130119,20130120,20130121,20130122,20130123,20130124,20130126,20130127,20130129,20130130,20130131,20130201 
Number is 28 
G.4.4_index_3_VS_G.3.2_index_1 [7] 
Ngay: 20121221,20121223,20121224,20130102,20130107,20130109,20130110,20130111,20130114,20130116,20130117,20130118,20130119,20130120,20130121,20130122,20130124,20130125,20130127,20130129,20130130,20130201 
Number is 31 
G.5.4_index_3_VS_G.6.1_index_1 [8] 
Ngay: 20121223,20121226,20121230,20121231,20130104,20130106,20130108,20130110,20130112,20130113,20130114,20130115,20130116,20130117,20130118,20130119,20130120,20130121,20130122,20130131 
Number is 37 
G.7.2_index_2_VS_G.7.1_index_1 [9] PLUS 1 
Ngay: 20121222,20121224,20121226,20121227,20130103,20130104,20130107,20130110,20130113,20130117,20130118,20130119,20130120,20130121,20130122,20130123,20130124,20130130,20130131 
Number is 41 
G.2.1_index_3_VS_G.4.3_index_4 [10] PLUS 1 
Ngay: 20121221,20121222,20121225,20121228,20130104,20130108,20130112,20130114,20130117,20130118,20130119,20130120,20130121,20130122,20130123,20130129,20130130 
Number is 53 
G.4.2_index_3_VS_G.3.5_index_5 [11] 
Ngay: 20121222,20121223,20121224,20121226,20121229,20121230,20130101,20130104,20130105,20130107,20130108,20130110,20130112,20130113,20130115,20130117,20130118,20130119,20130120,20130121,20130122,20130124,20130125,20130126,20130128,20130131 
Number is 61 
G.3.2_index_5_VS_G.6.1_index_1 [12] PLUS 1 
Ngay: 20121221,20121224,20121226,20121227,20121228,20121229,20121230,20130101,20130104,20130106,20130108,20130110,20130111,20130114,20130116,20130117,20130118,20130119,20130120,20130121,20130122,20130123,20130125,20130127,20130128,20130130,20130131 
Number is 63 
G.3.6_index_5_VS_G.3.4_index_4 [13] PLUS 1 
Ngay: 20121221,20121223,20121229,20121230,20130101,20130103,20130104,20130107,20130108,20130109,20130114,20130117,20130118,20130119,20130120,20130121,20130122,20130123,20130126,20130127,20130130,20130131,20130201 
Number is 65 
G.3.2_index_5_VS_G.3.6_index_2 [14] 
Ngay: 20121221,20121222,20121224,20121230,20121231,20130102,20130104,20130106,20130107,20130108,20130109,20130112,20130113,20130115,20130116,20130117,20130118,20130119,20130120,20130121,20130122,20130128,20130130,20130131 
Number is 71 
G.5.2_index_2_VS_G.4.3_index_4 [15] 
Ngay: 20121220,20121222,20121224,20121227,20121229,20121231,20130102,20130106,20130107,20130109,20130111,20130112,20130113,20130115,20130117,20130118,20130119,20130120,20130121,20130122,20130125,20130129 
Number is 73 
G.5.2_index_2_VS_G.5.4_index_3 [16] PLUS 1 
Ngay: 20121220,20121222,20121223,20121225,20121228,20121229,20121231,20130101,20130102,20130103,20130104,20130110,20130112,20130113,20130117,20130118,20130119,20130120,20130121,20130122,20130123,20130127,20130129 
G.7.1_index_1_VS_G.5.2_index_3 [17] PLUS 1 
Ngay: 20121220,20121221,20121222,20121224,20121226,20121227,20121231,20130101,20130102,20130104,20130105,20130106,20130107,20130110,20130113,20130117,20130118,20130119,20130120,20130121,20130122,20130123,20130128,20130129,20130130 
G.3.1_index_1_VS_G.5.4_index_3 [18] PLUS 1 
Ngay: 20121220,20121221,20121223,20121224,20121226,20121227,20121229,20121230,20121231,20130102,20130105,20130108,20130110,20130116,20130117,20130118,20130119,20130120,20130121,20130122,20130123,20130124,20130128,20130129,20130130 
Number is 76 
G.3.4_index_3_VS_G.7.1_index_2 [19] PLUS 1 
Ngay: 20121224,20121226,20121228,20121229,20121230,20130103,20130106,20130107,20130110,20130114,20130117,20130118,20130119,20130120,20130121,20130122,20130123,20130126,20130128 
G.3.1_index_5_VS_G.2.1_index_1 [20] PLUS 1 
Ngay: 20121227,20121231,20130103,20130107,20130108,20130109,20130113,20130117,20130118,20130119,20130120,20130121,20130122,20130123,20130124,20130127,20130131,20130201 
Number is 79 
G.2.1_index_4_VS_G.4.2_index_1 [21] PLUS 1 
Ngay: 20121221,20121222,20121223,20121226,20121227,20121228,20121229,20121231,20130105,20130106,20130107,20130109,20130110,20130114,20130116,20130117,20130118,20130119,20130120,20130121,20130122,20130123,20130125,20130127,20130130,20130201 
G.2.1_index_4_VS_G.4.1_index_3 [22] PLUS 1 
Ngay: 20121222,20121227,20121230,20121231,20130102,20130104,20130108,20130109,20130110,20130112,20130114,20130117,20130118,20130119,20130120,20130121,20130122,20130123,20130124,20130125,20130130,20130201 
Number is 81 
G.5.5_index_3_VS_G.4.3_index_2 [23] 
Ngay: 20121221,20121223,20121226,20121230,20121231,20130101,20130102,20130107,20130108,20130109,20130110,20130112,20130116,20130117,20130118,20130119,20130120,20130121,20130122,20130130,20130131 
Number is 85 
G.7.2_index_1_VS_G.3.3_index_3 [24] 
Ngay: 20121223,20121226,20121227,20121231,20130101,20130108,20130113,20130117,20130118,20130119,20130120,20130121,20130122,20130124,20130128,20130129,20130130,20130201 
Number is 97 
G.3.1_index_3_VS_G.3.3_index_2 [25] PLUS 1 
Ngay: 20121220,20121224,20121226,20121229,20130101,20130104,20130107,20130108,20130109,20130111,20130113,20130114,20130116,20130117,20130118,20130119,20130120,20130121,20130122,20130123,20130124,20130126,20130127,20130130,20130131 
Number is 98 
G.3.2_index_4_VS_G.3.2_index_1 [26] PLUS 1 
Ngay: 20121221,20121223,20121230,20130102,20130103,20130110,20130113,20130114,20130117,20130118,20130119,20130120,20130121,20130122,20130123,20130127,20130128 
