======== Current: 20121007 ========= 
Number is 09 
G.5.6_index_3_VS_G.6.3_index_1 [1] 
20120921,20120922,20120925,20120927,20120928,20121001,20121002,20121003,20121004,20121005,20121006,20121008,20121009,20121012,20121022,20121023,20121024,20121025,20121027,20121031 
Number is 10 
G.5.6_index_2_VS_G.5.6_index_4 [2] 
20120921,20120922,20120929,20120930,20121001,20121002,20121003,20121004,20121005,20121006,20121010,20121012,20121014,20121015,20121023,20121027,20121030,20121031 
Number is 20 
G.3.2_index_3_VS_G.5.2_index_3 [3] 
20120920,20120922,20120924,20120927,20121001,20121002,20121003,20121004,20121005,20121006,20121009,20121012,20121013,20121015,20121017,20121018,20121019,20121023,20121028,20121029 
G.3.2_index_3_VS_G.6.3_index_3 [4] 
20120924,20120925,20120927,20120929,20120930,20121001,20121002,20121003,20121004,20121005,20121006,20121008,20121011,20121012,20121018,20121023,20121029 
G.4.2_index_4_VS_G.5.3_index_4 [5] 
20120921,20120922,20120923,20120924,20120927,20121001,20121002,20121003,20121004,20121005,20121006,20121008,20121012,20121015,20121016,20121017,20121024,20121026,20121028 
Number is 24 
G.3.4_index_3_VS_G.4.1_index_2 [6] 
20120920,20120921,20120922,20120923,20120924,20120926,20121001,20121002,20121003,20121004,20121005,20121006,20121008,20121012,20121014,20121015,20121016,20121017,20121020,20121031 
Number is 27 
G.3.5_index_3_VS_G.5.3_index_2 [7] 
20120922,20120923,20120926,20120930,20121001,20121002,20121003,20121004,20121005,20121006,20121008,20121009,20121010,20121019,20121020,20121023,20121025,20121027,20121028 
Number is 28 
G.5.4_index_3_VS_G.7.2_index_2 [8] 
20120921,20120929,20121001,20121002,20121003,20121004,20121005,20121006,20121008,20121009,20121012,20121014,20121015,20121017,20121018,20121020,20121023,20121026,20121027,20121029,20121101 
Number is 31 
G.5.6_index_1_VS_G.3.6_index_1 [9] 
20120920,20120921,20120922,20120923,20120924,20120926,20120928,20121001,20121002,20121003,20121004,20121005,20121006,20121017,20121022,20121023,20121024,20121025,20121026,20121028 
Number is 42 
G.3.4_index_2_VS_G.4.2_index_4 [10] 
20120920,20120924,20120925,20120926,20121001,20121002,20121003,20121004,20121005,20121006,20121012,20121014,20121017,20121019,20121020,20121022,20121026,20121029,20121030 
G.4.3_index_4_VS_G.5.4_index_3 [11] 
20120920,20120922,20120926,20121001,20121002,20121003,20121004,20121005,20121006,20121011,20121012,20121017,20121023,20121027,20121031,20121101 
Number is 67 
G.3.5_index_4_VS_G.2.1_index_3 [12] PLUS 1 
20120921,20120922,20120924,20120926,20120929,20120930,20121001,20121002,20121003,20121004,20121005,20121006,20121007,20121010,20121014,20121016,20121017,20121019,20121021,20121022,20121024,20121026 
Number is 69 
G.6.3_index_2_VS_G.6.3_index_1 [13] PLUS 1 
20120921,20120927,20120928,20120930,20121001,20121002,20121003,20121004,20121005,20121006,20121007,20121011,20121012,20121015,20121021,20121022,20121023,20121027,20121031,20121101 
G.DB_index_1_VS_G.6.3_index_1 [14] PLUS 1 
20120921,20120924,20120925,20120927,20121001,20121002,20121003,20121004,20121005,20121006,20121007,20121009,20121017,20121018,20121021,20121022,20121027,20121030,20121031,20121101 
Number is 72 
G.5.3_index_2_VS_G.3.4_index_3 [15] 
20120921,20120925,20120926,20120929,20121001,20121002,20121003,20121004,20121005,20121006,20121009,20121020,20121023,20121026,20121029,20121030 
Number is 75 
G.3.6_index_2_VS_G.5.1_index_3 [16] PLUS 1 
20120921,20120922,20120925,20120928,20121001,20121002,20121003,20121004,20121005,20121006,20121007,20121009,20121013,20121014,20121015,20121017,20121022,20121023,20121025,20121026,20121029,20121031 
Number is 77 
G.5.3_index_2_VS_G.1.1_index_5 [17] 
20120920,20120921,20120923,20120928,20121001,20121002,20121003,20121004,20121005,20121006,20121008,20121009,20121013,20121016,20121022,20121023,20121024,20121029,20121031 
Number is 79 
G.1.1_index_5_VS_G.6.3_index_1 [18] 
20120921,20120924,20120927,20120928,20120930,20121001,20121002,20121003,20121004,20121005,20121006,20121012,20121015,20121021,20121022,20121023,20121101 
G.5.3_index_2_VS_G.1.1_index_4 [19] 
20120921,20120923,20120924,20120925,20120930,20121001,20121002,20121003,20121004,20121005,20121006,20121008,20121010,20121021,20121022,20121024 
Number is 89 
G.DB_index_5_VS_G.6.3_index_1 [20] PLUS 1 
20120921,20120922,20120925,20120926,20120927,20120930,20121001,20121002,20121003,20121004,20121005,20121006,20121007,20121008,20121009,20121011,20121012,20121014,20121017,20121019,20121020,20121021,20121024,20121026,20121027,20121031,20121101 
