======== Current: 20121025 ========= 
Number is 03 
G.3.6_index_5_VS_G.5.6_index_1 [1] 
20120924,20120925,20120926,20120927,20120928,20121003,20121005,20121009,20121011,20121013,20121014,20121019,20121020,20121021,20121022,20121023,20121024,20121029,20121031,20121101 
Number is 11 
G.5.2_index_3_VS_G.2.1_index_5 [2] 
20120920,20120922,20120924,20120925,20120927,20121002,20121003,20121005,20121007,20121008,20121009,20121013,20121015,20121016,20121017,20121018,20121019,20121020,20121021,20121022,20121023,20121024,20121029,20121031 
Number is 26 
G.5.6_index_3_VS_G.5.5_index_3 [3] PLUS 1 
20120920,20120921,20120922,20120923,20120925,20120927,20120928,20120930,20121005,20121012,20121014,20121019,20121020,20121021,20121022,20121023,20121024,20121025,20121026,20121027,20121031,20121101 
Number is 28 
G.5.6_index_3_VS_G.4.4_index_4 [4] 
20120921,20120925,20120926,20120928,20120929,20120930,20121005,20121008,20121009,20121010,20121014,20121015,20121019,20121020,20121021,20121022,20121023,20121024,20121027,20121028,20121029,20121031 
G.3.1_index_2_VS_G.4.4_index_4 [5] 
20120922,20120924,20120926,20120928,20120929,20120930,20121001,20121013,20121014,20121016,20121017,20121019,20121020,20121021,20121022,20121023,20121024,20121028,20121030,20121031,20121101 
Number is 36 
G.5.6_index_1_VS_G.6.2_index_1 [6] PLUS 1 
20120920,20120923,20120924,20121001,20121003,20121006,20121009,20121011,20121012,20121013,20121019,20121020,20121021,20121022,20121023,20121024,20121025,20121029 
Number is 37 
G.5.1_index_3_VS_G.6.3_index_2 [7] PLUS 1 
20120924,20120927,20120928,20120929,20121003,20121009,20121011,20121014,20121017,20121018,20121019,20121020,20121021,20121022,20121023,20121024,20121025,20121028 
Number is 39 
G.3.5_index_5_VS_G.5.4_index_1 [8] 
20120923,20120925,20120926,20120927,20120928,20120930,20121005,20121006,20121009,20121010,20121017,20121018,20121019,20121020,20121021,20121022,20121023,20121024,20121026,20121028,20121029,20121031 
Number is 52 
G.3.5_index_3_VS_G.3.3_index_4 [9] 
20120920,20120922,20120925,20120928,20120930,20121004,20121005,20121008,20121009,20121015,20121019,20121020,20121021,20121022,20121023,20121024,20121026,20121031,20121101 
Number is 55 
G.3.5_index_3_VS_G.3.1_index_4 [10] 
20120921,20120922,20120923,20120924,20120928,20121001,20121003,20121004,20121006,20121009,20121013,20121015,20121019,20121020,20121021,20121022,20121023,20121024,20121027,20121028,20121031 
Number is 57 
G.3.5_index_3_VS_G.7.1_index_1 [11] PLUS 1 
20120922,20120923,20120925,20120929,20121003,20121008,20121009,20121012,20121013,20121015,20121018,20121019,20121020,20121021,20121022,20121023,20121024,20121025,20121026,20121027,20121028,20121029 
Number is 61 
G.5.5_index_3_VS_G.2.1_index_5 [12] 
20120920,20120921,20120923,20120929,20120930,20121004,20121005,20121010,20121012,20121014,20121019,20121020,20121021,20121022,20121023,20121024,20121026,20121031 
Number is 65 
G.5.5_index_1_VS_G.3.2_index_1 [13] 
20120920,20120922,20120923,20120925,20120928,20120929,20121001,20121003,20121005,20121007,20121008,20121012,20121013,20121017,20121018,20121019,20121020,20121021,20121022,20121023,20121024,20121027,20121028,20121030,20121101 
Number is 69 
G.3.6_index_1_VS_G.5.4_index_1 [14] 
20120920,20120921,20120922,20120924,20120925,20120926,20120928,20120930,20121003,20121007,20121008,20121009,20121019,20121020,20121021,20121022,20121023,20121024,20121026,20121027,20121031 
Number is 71 
G.4.1_index_3_VS_G.2.1_index_3 [15] 
20120922,20120923,20120927,20120930,20121003,20121004,20121005,20121007,20121008,20121009,20121012,20121018,20121019,20121020,20121021,20121022,20121023,20121024,20121029,20121101 
Number is 73 
G.4.1_index_3_VS_G.3.5_index_5 [16] PLUS 1 
20120925,20120926,20120928,20120929,20120930,20121001,20121004,20121005,20121006,20121011,20121012,20121015,20121019,20121020,20121021,20121022,20121023,20121024,20121025,20121026,20121031,20121101 
Number is 77 
G.3.6_index_2_VS_G.6.3_index_2 [17] PLUS 1 
20120921,20120922,20120925,20121003,20121004,20121006,20121007,20121010,20121011,20121012,20121013,20121014,20121015,20121018,20121019,20121020,20121021,20121022,20121023,20121024,20121025,20121026,20121028,20121029,20121030,20121031,20121101 
Number is 79 
G.3.6_index_2_VS_G.5.3_index_2 [18] 
20120920,20120922,20120924,20120925,20120927,20120929,20121002,20121003,20121004,20121008,20121009,20121013,20121014,20121015,20121017,20121018,20121019,20121020,20121021,20121022,20121023,20121024,20121026,20121028,20121029,20121030,20121101 
Number is 84 
G.7.2_index_2_VS_G.3.3_index_3 [19] PLUS 1 
20120920,20120925,20120930,20121001,20121003,20121005,20121006,20121007,20121009,20121010,20121017,20121018,20121019,20121020,20121021,20121022,20121023,20121024,20121025,20121029,20121031 
Number is 94 
G.3.2_index_3_VS_G.6.3_index_1 [20] 
20120921,20120922,20120924,20120928,20120930,20121001,20121006,20121007,20121009,20121011,20121012,20121013,20121015,20121019,20121020,20121021,20121022,20121023,20121024 
Number is 96 
G.5.4_index_1_VS_G.5.5_index_3 [21] 
20120920,20120921,20120924,20120925,20120930,20121002,20121005,20121009,20121010,20121013,20121015,20121019,20121020,20121021,20121022,20121023,20121024,20121030,20121031,20121101 
