======== Current: 20121201 ========= 
Number is 03 
G.4.4_index_3_VS_G.5.2_index_4 [1] PLUS 1 
20121123,20121124,20121125,20121126,20121127,20121128,20121129,20121130,20121201,20121203,20121204,20121208,20121210,20121211,20121212,20121218,20121219,20121222,20121223,20121227,20121228 
Number is 08 
G.4.1_index_3_VS_G.2.2_index_1 [2] 
20121123,20121125,20121126,20121127,20121128,20121129,20121130,20121204,20121209,20121210,20121212,20121220,20121222,20121223,20121229,20130101 
Number is 13 
G.5.3_index_4_VS_G.2.1_index_5 [3] PLUS 1 
20121120,20121123,20121125,20121126,20121127,20121128,20121129,20121130,20121201,20121211,20121215,20121219,20121220,20121222,20121225,20121230,20130101 
Number is 15 
G.4.2_index_1_VS_G.5.1_index_2 [4] 
20121125,20121126,20121127,20121128,20121129,20121130,20121203,20121204,20121206,20121207,20121210,20121211,20121215,20121218,20121221,20121222,20121223,20121226,20121227,20121228,20121229,20121231 
Number is 18 
G.3.6_index_4_VS_G.3.3_index_2 [5] 
20121120,20121123,20121125,20121126,20121127,20121128,20121129,20121130,20121207,20121210,20121211,20121212,20121214,20121215,20121216,20121218,20121219,20121220,20121222,20121224,20121226,20121227,20121229,20121231,20130101 
Number is 22 
G.5.3_index_3_VS_G.2.2_index_2 [6] 
20121121,20121122,20121125,20121126,20121127,20121128,20121129,20121130,20121203,20121204,20121208,20121212,20121213,20121215,20121219,20121221,20121224,20121227,20121230,20121231 
Number is 24 
G.2.2_index_2_VS_G.3.6_index_5 [7] PLUS 1 
20121121,20121122,20121125,20121126,20121127,20121128,20121129,20121130,20121201,20121202,20121204,20121210,20121211,20121212,20121214,20121219,20121220,20121222,20121225,20121227,20121229,20121230,20130101 
Number is 41 
G.3.2_index_1_VS_G.7.2_index_1 [8] 
20121121,20121122,20121123,20121125,20121126,20121127,20121128,20121129,20121130,20121206,20121207,20121208,20121211,20121214,20121219,20121222,20121224,20121225,20121227,20121230 
Number is 45 
G.3.2_index_1_VS_G.2.2_index_4 [9] PLUS 1 
20121120,20121124,20121125,20121126,20121127,20121128,20121129,20121130,20121201,20121205,20121206,20121207,20121209,20121212,20121214,20121217,20121218,20121219,20121223,20121226,20121227,20121229,20121230,20121231,20130101 
Number is 47 
G.3.2_index_1_VS_G.3.5_index_4 [10] 
20121120,20121121,20121122,20121125,20121126,20121127,20121128,20121129,20121130,20121204,20121206,20121207,20121211,20121214,20121224,20121225,20121226,20121228,20121231,20130101 
Number is 48 
G.7.2_index_2_VS_G.6.1_index_1 [11] PLUS 1 
20121120,20121121,20121125,20121126,20121127,20121128,20121129,20121130,20121201,20121202,20121204,20121206,20121207,20121209,20121218,20121219,20121220,20121221,20121222,20121224,20121225,20121226,20121227,20121228,20121230,20121231,20130101 
Number is 51 
G.3.6_index_3_VS_G.3.4_index_4 [12] 
20121123,20121124,20121125,20121126,20121127,20121128,20121129,20121130,20121206,20121209,20121213,20121214,20121219,20121221,20121223,20121224,20121225,20121227,20121228,20121229,20121231,20130101 
Number is 55 
G.3.3_index_5_VS_G.7.1_index_2 [13] 
20121120,20121121,20121122,20121123,20121125,20121126,20121127,20121128,20121129,20121130,20121206,20121209,20121211,20121213,20121217,20121218,20121228 
Number is 57 
G.4.4_index_2_VS_G.3.5_index_4 [14] PLUS 1 
20121122,20121125,20121126,20121127,20121128,20121129,20121130,20121201,20121202,20121203,20121204,20121206,20121207,20121210,20121212,20121214,20121221,20121222,20121224,20121229,20130101 
Number is 60 
G.5.2_index_3_VS_G.4.4_index_3 [15] 
20121120,20121121,20121124,20121125,20121126,20121127,20121128,20121129,20121130,20121202,20121204,20121206,20121208,20121211,20121216,20121222,20121224,20121226,20121227,20121229,20121230 
Number is 63 
G.7.1_index_1_VS_G.DB_index_4 [16] 
20121120,20121122,20121125,20121126,20121127,20121128,20121129,20121130,20121206,20121209,20121210,20121212,20121213,20121218,20121219,20121223,20121224,20121229,20130101 
Number is 72 
G.3.1_index_1_VS_G.5.5_index_1 [17] PLUS 1 
20121125,20121126,20121127,20121128,20121129,20121130,20121201,20121202,20121203,20121207,20121217,20121219,20121221,20121223,20121227,20121229,20121230,20121231 
Number is 76 
G.4.3_index_3_VS_G.5.1_index_4 [18] 
20121121,20121123,20121125,20121126,20121127,20121128,20121129,20121130,20121206,20121207,20121209,20121211,20121216,20121217,20121219,20121227 
G.3.6_index_2_VS_G.5.2_index_2 [19] 
20121122,20121124,20121125,20121126,20121127,20121128,20121129,20121130,20121205,20121207,20121209,20121210,20121217,20121219,20121220,20121222,20121223,20121224,20121225,20121226,20121227,20121228,20121229,20121231,20130101 
Number is 84 
G.2.2_index_1_VS_G.6.3_index_1 [20] PLUS 1 
20121125,20121126,20121127,20121128,20121129,20121130,20121201,20121204,20121212,20121215,20121219,20121220,20121222,20121223,20121226,20121227,20121230,20121231 
Number is 87 
G.2.1_index_2_VS_G.3.3_index_4 [21] PLUS 1 
20121121,20121125,20121126,20121127,20121128,20121129,20121130,20121201,20121206,20121210,20121213,20121218,20121224,20121226,20121231,20130101 
Number is 98 
G.1.1_index_3_VS_G.5.3_index_2 [22] PLUS 1 
20121122,20121123,20121125,20121126,20121127,20121128,20121129,20121130,20121201,20121202,20121203,20121209,20121210,20121212,20121213,20121215,20121217,20121221,20121222,20121223,20121224,20121227,20130101 
