======== Current: 20121208 ========= 
Number is 02 
G.7.4_index_1_VS_G.2.1_index_4 [1] 
20121121,20121123,20121125,20121202,20121203,20121204,20121205,20121206,20121207,20121209,20121211,20121213,20121214,20121219,20121220,20121224 
Number is 08 
G.DB_index_1_VS_G.5.6_index_4 [2] PLUS 1 
20121120,20121123,20121129,20121201,20121202,20121203,20121204,20121205,20121206,20121207,20121208,20121210,20121223,20121225,20121227,20121228,20121229 
Number is 09 
G.7.4_index_2_VS_G.5.1_index_2 [3] 
20121122,20121123,20121126,20121202,20121203,20121204,20121205,20121206,20121207,20121215,20121218,20121220,20121221,20121223,20121224,20121225,20121227,20121228,20130101 
G.7.4_index_1_VS_G.3.2_index_4 [4] 
20121124,20121127,20121201,20121202,20121203,20121204,20121205,20121206,20121207,20121209,20121219,20121221,20121222,20121223,20121225,20121226,20121230 
Number is 10 
G.3.2_index_1_VS_G.7.4_index_2 [5] PLUS 1 
20121120,20121122,20121128,20121202,20121203,20121204,20121205,20121206,20121207,20121208,20121210,20121213,20121216,20121218,20121221,20121222,20121223,20121224,20121225,20121231 
Number is 22 
G.3.5_index_3_VS_G.3.3_index_2 [6] 
20121121,20121127,20121201,20121202,20121203,20121204,20121205,20121206,20121207,20121210,20121212,20121213,20121215,20121216,20121220,20121223,20121224,20121225,20121228,20121229,20121231 
Number is 26 
G.2.1_index_4_VS_G.5.5_index_1 [7] 
20121124,20121129,20121201,20121202,20121203,20121204,20121205,20121206,20121207,20121209,20121213,20121215,20121216,20121217,20121221,20121222,20121223,20121225,20121227,20121228,20121230,20121231 
Number is 52 
G.3.6_index_1_VS_G.4.2_index_4 [8] PLUS 1 
20121121,20121122,20121123,20121126,20121128,20121130,20121201,20121202,20121203,20121204,20121205,20121206,20121207,20121208,20121209,20121210,20121211,20121213,20121214,20121216,20121222,20121223,20121231 
Number is 53 
G.5.4_index_2_VS_G.7.3_index_2 [9] 
20121120,20121121,20121123,20121124,20121125,20121126,20121128,20121129,20121201,20121202,20121203,20121204,20121205,20121206,20121207,20121213,20121214,20121218,20121219,20121220,20121221,20121222,20121223,20121224,20121226,20121230 
Number is 56 
G.4.4_index_4_VS_G.4.4_index_2 [10] PLUS 1 
20121122,20121125,20121127,20121129,20121202,20121203,20121204,20121205,20121206,20121207,20121208,20121209,20121219,20121222,20121223,20121224,20121226,20121228,20121229 
Number is 65 
G.2.1_index_5_VS_G.6.3_index_2 [11] PLUS 1 
20121123,20121125,20121127,20121129,20121130,20121202,20121203,20121204,20121205,20121206,20121207,20121208,20121209,20121214,20121216,20121217,20121220,20121221,20121225,20121227,20121228,20121230 
Number is 68 
G.5.1_index_3_VS_G.6.2_index_2 [12] 
20121125,20121127,20121130,20121202,20121203,20121204,20121205,20121206,20121207,20121209,20121211,20121212,20121217,20121221,20121222,20121225,20121226,20121231 
Number is 70 
G.5.4_index_4_VS_G.7.4_index_2 [13] 
20121122,20121124,20121127,20121128,20121201,20121202,20121203,20121204,20121205,20121206,20121207,20121209,20121213,20121220,20121221,20121224,20121225 
G.5.4_index_4_VS_G.7.4_index_1 [14] 
20121123,20121126,20121127,20121128,20121129,20121130,20121201,20121202,20121203,20121204,20121205,20121206,20121207,20121209,20121212,20121221,20121222,20121225,20121226,20121229,20121230,20121231 
Number is 76 
G.4.1_index_2_VS_G.5.5_index_1 [15] PLUS 1 
20121123,20121127,20121128,20121129,20121201,20121202,20121203,20121204,20121205,20121206,20121207,20121208,20121209,20121210,20121212,20121216,20121220,20121222,20121223,20121224,20121225,20121226,20121227,20121231 
G.4.1_index_2_VS_G.2.1_index_5 [16] PLUS 1 
20121120,20121125,20121126,20121128,20121201,20121202,20121203,20121204,20121205,20121206,20121207,20121208,20121210,20121212,20121215,20121216,20121218,20121220,20121225,20121230,20121231 
Number is 91 
G.3.2_index_4_VS_G.3.5_index_5 [17] PLUS 1 
20121121,20121130,20121201,20121202,20121203,20121204,20121205,20121206,20121207,20121208,20121216,20121218,20121223,20121225,20121226,20121227,20121231 
