======== Current: 20121209 ========= 
Number is 15 
G.5.3_index_2_VS_G.7.3_index_2 [1] PLUS 1 
20121120,20121122,20121125,20121126,20121127,20121130,20121201,20121203,20121204,20121205,20121206,20121207,20121208,20121209,20121210,20121211,20121212,20121214,20121215,20121216,20121217,20121219,20121222,20121223,20121224,20121227,20121228,20121229,20121230 
Number is 27 
G.3.6_index_1_VS_G.4.2_index_4 [2] PLUS 1 
20121121,20121122,20121123,20121126,20121128,20121130,20121201,20121202,20121203,20121204,20121205,20121206,20121207,20121208,20121209,20121210,20121211,20121213,20121214,20121216,20121222,20121223,20121231 
Number is 34 
G.4.1_index_3_VS_G.4.1_index_2 [3] PLUS 1 
20121120,20121121,20121122,20121123,20121125,20121126,20121128,20121130,20121203,20121204,20121205,20121206,20121207,20121208,20121209,20121212,20121213,20121216,20121217,20121219,20121220,20121222,20121224,20121227,20121228,20121231 
Number is 40 
G.DB_index_1_VS_G.5.6_index_4 [4] 
20121120,20121123,20121129,20121201,20121202,20121203,20121204,20121205,20121206,20121207,20121208,20121210,20121223,20121225,20121227,20121228,20121229 
G.3.2_index_1_VS_G.4.2_index_1 [5] 
20121125,20121127,20121203,20121204,20121205,20121206,20121207,20121208,20121211,20121212,20121213,20121216,20121220,20121221,20121223,20121224,20121230,20121231,20130101 
Number is 41 
G.3.2_index_1_VS_G.7.4_index_2 [6] 
20121120,20121122,20121128,20121202,20121203,20121204,20121205,20121206,20121207,20121208,20121210,20121213,20121216,20121218,20121221,20121222,20121223,20121224,20121225,20121231 
Number is 45 
G.4.1_index_2_VS_G.2.1_index_5 [7] 
20121120,20121125,20121126,20121128,20121201,20121202,20121203,20121204,20121205,20121206,20121207,20121208,20121210,20121212,20121215,20121216,20121218,20121220,20121225,20121230,20121231 
Number is 47 
G.5.5_index_2_VS_G.3.4_index_5 [8] PLUS 1 
20121121,20121128,20121201,20121203,20121204,20121205,20121206,20121207,20121208,20121209,20121213,20121224,20121227 
Number is 49 
G.4.1_index_2_VS_G.5.5_index_1 [9] PLUS 1 
20121123,20121127,20121128,20121129,20121201,20121202,20121203,20121204,20121205,20121206,20121207,20121208,20121209,20121210,20121212,20121216,20121220,20121222,20121223,20121224,20121225,20121226,20121227,20121231 
Number is 58 
G.2.1_index_5_VS_G.6.3_index_2 [10] PLUS 1 
20121123,20121125,20121127,20121129,20121130,20121202,20121203,20121204,20121205,20121206,20121207,20121208,20121209,20121214,20121216,20121217,20121220,20121221,20121225,20121227,20121228,20121230 
Number is 61 
G.3.2_index_4_VS_G.3.5_index_5 [11] 
20121121,20121130,20121201,20121202,20121203,20121204,20121205,20121206,20121207,20121208,20121216,20121218,20121223,20121225,20121226,20121227,20121231 
Number is 72 
G.4.4_index_4_VS_G.4.4_index_2 [12] PLUS 1 
20121122,20121125,20121127,20121129,20121202,20121203,20121204,20121205,20121206,20121207,20121208,20121209,20121219,20121222,20121223,20121224,20121226,20121228,20121229 
Number is 87 
G.2.2_index_2_VS_G.4.2_index_2 [13] 
20121120,20121122,20121125,20121127,20121129,20121130,20121201,20121203,20121204,20121205,20121206,20121207,20121208,20121212,20121215,20121216,20121218,20121220,20121224,20121225,20121227,20121228,20121229,20121230,20130101 
Number is 97 
G.5.5_index_1_VS_G.5.2_index_1 [14] PLUS 1 
20121123,20121125,20121126,20121127,20121128,20121130,20121201,20121203,20121204,20121205,20121206,20121207,20121208,20121209,20121212,20121213,20121216,20121218,20121219,20121221,20121222,20121223,20121224,20121225,20121229,20121230,20121231,20130101 
