======== Current: 20121222 ========= 
Number is 00 
G.DB_index_2_VS_G.5.6_index_1 [1] 
20121120,20121121,20121122,20121124,20121201,20121204,20121205,20121207,20121208,20121210,20121214,20121216,20121217,20121218,20121219,20121220,20121221,20121224,20121225,20121228,20121229,20130101 
G.DB_index_2_VS_G.4.3_index_2 [2] 
20121120,20121122,20121128,20121129,20121204,20121205,20121206,20121207,20121208,20121210,20121212,20121214,20121216,20121217,20121218,20121219,20121220,20121221,20121223,20121224,20121225,20121226,20121230,20121231,20130101 
Number is 01 
G.4.3_index_3_VS_G.4.4_index_3 [3] PLUS 1 
20121121,20121123,20121126,20121127,20121128,20121130,20121206,20121208,20121210,20121212,20121215,20121216,20121217,20121218,20121219,20121220,20121221,20121222,20121227,20121228 
Number is 03 
G.5.2_index_1_VS_G.DB_index_4 [4] 
20121120,20121124,20121126,20121130,20121206,20121208,20121212,20121215,20121216,20121217,20121218,20121219,20121220,20121221,20121223,20121224,20121226,20121227,20121229,20121231 
Number is 04 
G.4.3_index_2_VS_G.4.2_index_2 [5] 
20121123,20121125,20121201,20121202,20121203,20121205,20121206,20121207,20121209,20121213,20121214,20121216,20121217,20121218,20121219,20121220,20121221,20121223,20121225,20121227,20130101 
Number is 14 
G.2.1_index_3_VS_G.4.2_index_2 [6] PLUS 1 
20121120,20121121,20121125,20121130,20121201,20121203,20121207,20121209,20121211,20121214,20121216,20121217,20121218,20121219,20121220,20121221,20121222,20121226,20121228,20121230,20130101 
G.4.1_index_1_VS_G.4.2_index_2 [7] PLUS 1 
20121120,20121125,20121127,20121130,20121203,20121204,20121210,20121211,20121212,20121213,20121214,20121216,20121217,20121218,20121219,20121220,20121221,20121222,20121226,20121228,20121231 
Number is 24 
G.6.2_index_1_VS_G.3.3_index_5 [8] 
20121120,20121122,20121204,20121207,20121210,20121211,20121213,20121215,20121216,20121217,20121218,20121219,20121220,20121221,20121226,20121228,20121229,20121230,20121231,20130101 
Number is 28 
G.6.2_index_1_VS_G.1.1_index_4 [9] 
20121121,20121122,20121124,20121127,20121201,20121203,20121206,20121209,20121215,20121216,20121217,20121218,20121219,20121220,20121221,20121228,20121229,20121230,20121231 
Number is 30 
G.7.3_index_1_VS_G.DB_index_2 [10] 
20121123,20121127,20121203,20121206,20121207,20121209,20121212,20121214,20121216,20121217,20121218,20121219,20121220,20121221,20121224,20121225,20121228 
Number is 35 
G.6.3_index_1_VS_G.6.1_index_1 [11] PLUS 1 
20121122,20121123,20121124,20121126,20121128,20121201,20121202,20121204,20121208,20121209,20121212,20121215,20121216,20121217,20121218,20121219,20121220,20121221,20121222,20121227,20121228,20121231 
G.DB_index_4_VS_G.5.3_index_4 [12] PLUS 1 
20121123,20121124,20121125,20121127,20121201,20121203,20121209,20121211,20121213,20121216,20121217,20121218,20121219,20121220,20121221,20121222,20121229,20121230,20130101 
Number is 36 
G.6.2_index_2_VS_G.5.5_index_4 [13] PLUS 1 
20121121,20121123,20121126,20121129,20121201,20121202,20121203,20121212,20121213,20121214,20121216,20121217,20121218,20121219,20121220,20121221,20121222,20121226,20121227,20121229 
Number is 38 
G.DB_index_4_VS_G.5.1_index_3 [14] PLUS 1 
20121121,20121125,20121130,20121201,20121204,20121208,20121209,20121211,20121215,20121216,20121217,20121218,20121219,20121220,20121221,20121222,20121223,20121227,20121230,20121231,20130101 
Number is 45 
G.4.2_index_2_VS_G.4.2_index_4 [15] 
20121120,20121121,20121122,20121123,20121125,20121126,20121129,20121130,20121201,20121204,20121205,20121206,20121207,20121208,20121215,20121216,20121217,20121218,20121219,20121220,20121221,20121226,20121228,20121230,20130101 
Number is 51 
G.4.2_index_4_VS_G.3.6_index_2 [16] PLUS 1 
20121125,20121203,20121204,20121207,20121216,20121217,20121218,20121219,20121220,20121221,20121222,20121226,20121230 
G.6.1_index_1_VS_G.2.1_index_3 [17] PLUS 1 
20121122,20121126,20121127,20121128,20121130,20121201,20121203,20121204,20121206,20121208,20121212,20121213,20121214,20121216,20121217,20121218,20121219,20121220,20121221,20121222,20121227,20121228,20121230 
Number is 65 
G.2.1_index_2_VS_G.4.2_index_4 [18] 
20121121,20121122,20121123,20121126,20121128,20121129,20121130,20121201,20121204,20121205,20121206,20121207,20121210,20121214,20121216,20121217,20121218,20121219,20121220,20121221,20121226,20121227,20121229,20130101 
Number is 68 
G.5.5_index_4_VS_G.5.4_index_4 [19] 
20121123,20121127,20121128,20121202,20121203,20121204,20121206,20121208,20121209,20121213,20121216,20121217,20121218,20121219,20121220,20121221,20121224,20121226,20121229,20121230,20121231 
G.2.1_index_2_VS_G.5.4_index_4 [20] 
20121123,20121125,20121126,20121127,20121130,20121201,20121202,20121203,20121206,20121208,20121209,20121210,20121211,20121212,20121213,20121216,20121217,20121218,20121219,20121220,20121221,20121225,20121229,20121230,20130101 
Number is 71 
G.3.6_index_3_VS_G.7.1_index_1 [21] 
20121125,20121126,20121127,20121128,20121130,20121205,20121208,20121209,20121213,20121216,20121217,20121218,20121219,20121220,20121221,20121223,20121225,20121226,20121231,20130101 
Number is 72 
G.5.4_index_3_VS_G.3.1_index_3 [22] PLUS 1 
20121122,20121124,20121125,20121130,20121202,20121203,20121204,20121206,20121207,20121208,20121210,20121211,20121214,20121215,20121216,20121217,20121218,20121219,20121220,20121221,20121222,20121223,20121226,20121227,20121228,20130101 
G.3.6_index_3_VS_G.3.3_index_3 [23] PLUS 1 
20121120,20121125,20121129,20121202,20121203,20121207,20121209,20121213,20121215,20121216,20121217,20121218,20121219,20121220,20121221,20121222,20121223,20121231 
Number is 74 
G.5.3_index_1_VS_G.4.2_index_2 [24] 
20121120,20121130,20121201,20121203,20121205,20121212,20121213,20121216,20121217,20121218,20121219,20121220,20121221,20121224,20121227,20121229,20130101 
G.3.2_index_3_VS_G.3.3_index_5 [25] 
20121122,20121124,20121125,20121126,20121205,20121207,20121213,20121216,20121217,20121218,20121219,20121220,20121221,20121224,20121226,20121228,20121230,20121231,20130101 
G.5.5_index_1_VS_G.3.3_index_5 [26] 
20121122,20121128,20121129,20121202,20121203,20121209,20121213,20121216,20121217,20121218,20121219,20121220,20121221,20121224,20121225,20121227,20130101 
Number is 76 
G.2.2_index_5_VS_G.5.5_index_4 [27] 
20121123,20121127,20121129,20121130,20121201,20121202,20121203,20121207,20121208,20121209,20121212,20121213,20121216,20121217,20121218,20121219,20121220,20121221,20121224,20121228,20121229,20121231 
Number is 79 
G.3.2_index_3_VS_G.6.3_index_2 [28] 
20121125,20121129,20121204,20121205,20121207,20121209,20121212,20121213,20121215,20121216,20121217,20121218,20121219,20121220,20121221,20121224,20121225,20121227,20121231 
Number is 88 
G.5.1_index_3_VS_G.4.3_index_1 [29] 
20121121,20121123,20121127,20121128,20121129,20121130,20121201,20121203,20121204,20121206,20121207,20121211,20121216,20121217,20121218,20121219,20121220,20121221,20121223,20121224,20121225,20121226,20121227,20130101 
Number is 92 
G.6.3_index_2_VS_G.6.2_index_1 [30] PLUS 1 
20121122,20121127,20121128,20121129,20121202,20121203,20121206,20121207,20121210,20121216,20121217,20121218,20121219,20121220,20121221,20121222,20121224,20121225,20121229,20121231,20130101 
Number is 93 
G.4.4_index_4_VS_G.3.6_index_1 [31] PLUS 1 
20121121,20121122,20121125,20121127,20121129,20121130,20121202,20121203,20121206,20121208,20121209,20121210,20121214,20121216,20121217,20121218,20121219,20121220,20121221,20121222,20121227,20121228,20121229,20121231 
Number is 94 
G.3.1_index_1_VS_G.3.3_index_5 [32] 
20121120,20121124,20121125,20121126,20121129,20121130,20121201,20121202,20121207,20121211,20121213,20121216,20121217,20121218,20121219,20121220,20121221,20121226,20121228,20121229 
