======== Current: 20121229 ========= 
Number is 00 
G.3.6_index_3_VS_G.1.1_index_1 [1] PLUS 1 
20121120,20121124,20121126,20121128,20121209,20121213,20121216,20121217,20121220,20121221,20121223,20121224,20121225,20121226,20121227,20121228,20121229 
Number is 01 
G.1.1_index_1_VS_G.5.3_index_3 [2] PLUS 1 
20121122,20121124,20121201,20121203,20121204,20121206,20121213,20121217,20121220,20121221,20121223,20121224,20121225,20121226,20121227,20121228,20121229,20121230,20121231 
Number is 05 
G.1.1_index_1_VS_G.4.3_index_3 [3] PLUS 1 
20121122,20121126,20121127,20121128,20121129,20121201,20121202,20121203,20121211,20121213,20121216,20121217,20121218,20121220,20121221,20121222,20121223,20121224,20121225,20121226,20121227,20121228,20121229,20121231,20130101 
G.3.6_index_3_VS_G.4.1_index_3 [4] PLUS 1 
20121122,20121127,20121128,20121130,20121202,20121208,20121209,20121213,20121217,20121218,20121220,20121221,20121223,20121224,20121225,20121226,20121227,20121228,20121229,20121230,20121231 
Number is 12 
G.4.3_index_2_VS_G.5.5_index_2 [5] 
20121121,20121122,20121123,20121125,20121130,20121202,20121207,20121209,20121210,20121212,20121213,20121218,20121223,20121224,20121225,20121226,20121227,20121228,20121230,20121231,20130101 
Number is 17 
G.4.1_index_1_VS_G.2.2_index_3 [6] PLUS 1 
20121121,20121124,20121125,20121127,20121128,20121129,20121130,20121203,20121210,20121213,20121222,20121223,20121224,20121225,20121226,20121227,20121228,20121229,20121231 
Number is 19 
G.3.5_index_3_VS_G.5.3_index_2 [7] PLUS 1 
20121121,20121123,20121201,20121209,20121210,20121211,20121213,20121214,20121218,20121220,20121221,20121222,20121223,20121224,20121225,20121226,20121227,20121228,20121229,20121230,20121231 
Number is 37 
G.7.2_index_2_VS_G.3.1_index_1 [8] PLUS 1 
20121120,20121121,20121125,20121126,20121127,20121130,20121202,20121203,20121206,20121211,20121213,20121214,20121216,20121221,20121223,20121224,20121225,20121226,20121227,20121228,20121229,20121230,20130101 
Number is 42 
G.6.3_index_1_VS_G.4.3_index_1 [9] PLUS 1 
20121120,20121124,20121125,20121127,20121128,20121129,20121203,20121205,20121207,20121212,20121213,20121215,20121216,20121219,20121220,20121221,20121222,20121223,20121224,20121225,20121226,20121227,20121228,20121229,20121231 
G.5.4_index_4_VS_G.4.3_index_1 [10] PLUS 1 
20121120,20121122,20121127,20121128,20121129,20121130,20121201,20121203,20121205,20121215,20121217,20121219,20121223,20121224,20121225,20121226,20121227,20121228,20121229 
Number is 51 
G.3.6_index_2_VS_G.5.2_index_2 [11] PLUS 1 
20121122,20121124,20121125,20121126,20121127,20121128,20121129,20121130,20121205,20121207,20121209,20121210,20121217,20121219,20121220,20121222,20121223,20121224,20121225,20121226,20121227,20121228,20121229,20121231,20130101 
Number is 65 
G.3.6_index_5_VS_G.4.3_index_3 [12] PLUS 1 
20121124,20121125,20121126,20121127,20121128,20121130,20121202,20121204,20121206,20121209,20121210,20121211,20121213,20121214,20121217,20121218,20121221,20121222,20121223,20121224,20121225,20121226,20121227,20121228,20121229,20121230,20130101 
Number is 77 
G.2.2_index_3_VS_G.3.3_index_2 [13] 
20121120,20121121,20121122,20121124,20121125,20121205,20121208,20121214,20121215,20121216,20121217,20121218,20121220,20121222,20121223,20121224,20121225,20121226,20121227,20121228,20121231 
Number is 90 
G.5.3_index_2_VS_G.1.1_index_1 [14] 
20121121,20121123,20121124,20121125,20121128,20121201,20121202,20121203,20121206,20121207,20121210,20121213,20121215,20121217,20121221,20121222,20121223,20121224,20121225,20121226,20121227,20121228,20121230,20130101 
Number is 93 
G.5.4_index_3_VS_G.2.1_index_5 [15] 
20121121,20121122,20121123,20121126,20121127,20121128,20121129,20121201,20121204,20121206,20121207,20121210,20121211,20121212,20121218,20121219,20121220,20121221,20121222,20121223,20121224,20121225,20121226,20121227,20121228,20121231 
