======== Current: 20120902 ========= 
Number is 05 
G.1.1_index_5_VS_G.5.3_index_3 [1] PLUS 1 
20120822,20120826,20120827,20120828,20120829,20120830,20120831,20120901,20120902,20120905,20120907,20120908,20120909,20120913,20120915,20120918,20120919,20120920,20120921,20120922,20120924,20121001 
Number is 10 
G.6.1_index_1_VS_G.1.1_index_3 [2] 
20120824,20120827,20120828,20120829,20120830,20120831,20120901,20120903,20120906,20120908,20120909,20120912,20120914,20120915,20120916,20120917,20120919,20120922,20120927,20120928,20121001 
Number is 14 
G.6.1_index_1_VS_G.1.1_index_2 [3] PLUS 1 
20120820,20120821,20120823,20120824,20120825,20120827,20120828,20120829,20120830,20120831,20120901,20120902,20120903,20120905,20120906,20120909,20120912,20120919,20120921,20120923,20120925,20120927,20120928,20120929,20121001 
Number is 16 
G.7.1_index_1_VS_G.5.1_index_1 [4] 
20120820,20120823,20120824,20120825,20120826,20120827,20120828,20120829,20120830,20120831,20120901,20120903,20120911,20120914,20120915,20120919,20120923,20120925,20120926,20120929,20121001 
Number is 17 
G.DB_index_3_VS_G.1.1_index_4 [5] PLUS 1 
20120820,20120821,20120822,20120824,20120825,20120827,20120828,20120829,20120830,20120831,20120901,20120902,20120903,20120904,20120910,20120911,20120912,20120914,20120915,20120921,20120928 
Number is 20 
G.3.2_index_5_VS_G.3.5_index_5 [6] PLUS 1 
20120823,20120824,20120826,20120827,20120828,20120829,20120830,20120831,20120901,20120902,20120905,20120910,20120912,20120913,20120914,20120916,20120919,20120922,20120925,20120928,20120929 
Number is 28 
G.3.2_index_1_VS_G.7.2_index_1 [7] 
20120820,20120822,20120824,20120825,20120826,20120827,20120828,20120829,20120830,20120831,20120901,20120904,20120907,20120909,20120911,20120913,20120917,20120920,20120922,20120925 
Number is 38 
G.2.1_index_5_VS_G.1.1_index_1 [8] PLUS 1 
20120820,20120824,20120826,20120827,20120828,20120829,20120830,20120831,20120901,20120902,20120906,20120907,20120908,20120914,20120916,20120921,20120923,20120925,20120926,20120927,20120929 
Number is 39 
G.5.5_index_4_VS_G.5.5_index_2 [9] PLUS 1 
20120820,20120821,20120824,20120827,20120828,20120829,20120830,20120831,20120901,20120902,20120903,20120905,20120908,20120914,20120915,20120918,20120919,20120920,20120922,20120923,20120926,20120929,20121001 
Number is 47 
G.DB_index_4_VS_G.1.1_index_4 [10] PLUS 1 
20120821,20120824,20120826,20120827,20120828,20120829,20120830,20120831,20120901,20120902,20120904,20120910,20120911,20120912,20120914,20120915,20120918,20120919,20120921,20120928,20121001 
Number is 52 
G.2.2_index_4_VS_G.5.4_index_3 [11] 
20120821,20120825,20120827,20120828,20120829,20120830,20120831,20120901,20120904,20120905,20120907,20120908,20120909,20120911,20120912,20120913,20120914,20120915,20120924,20120929,20120930 
Number is 53 
G.3.4_index_5_VS_G.5.5_index_4 [12] 
20120821,20120824,20120826,20120827,20120828,20120829,20120830,20120831,20120901,20120903,20120907,20120910,20120913,20120915,20120916,20120917,20120919,20120920,20120925,20120926,20120927,20120928,20120929,20120930,20121001 
Number is 57 
G.5.5_index_1_VS_G.3.3_index_3 [13] PLUS 1 
20120823,20120827,20120828,20120829,20120830,20120831,20120901,20120902,20120905,20120910,20120912,20120913,20120914,20120915,20120916,20120918,20120920,20120926,20120930 
G.5.3_index_3_VS_G.5.2_index_1 [14] PLUS 1 
20120822,20120823,20120825,20120826,20120827,20120828,20120829,20120830,20120831,20120901,20120902,20120905,20120911,20120913,20120914,20120916,20120918,20120919,20120920,20120923,20120925,20121001 
Number is 62 
G.5.6_index_4_VS_G.3.2_index_5 [15] 
20120821,20120825,20120826,20120827,20120828,20120829,20120830,20120831,20120901,20120905,20120906,20120907,20120909,20120912,20120913,20120914,20120919,20120921,20120924,20120925,20120928 
Number is 67 
G.DB_index_2_VS_G.2.1_index_1 [16] 
20120820,20120822,20120825,20120826,20120827,20120828,20120829,20120830,20120831,20120901,20120903,20120905,20120906,20120909,20120912,20120913,20120915,20120918,20120919,20120920,20120921,20120922,20120926,20120929 
Number is 70 
G.1.1_index_4_VS_G.3.5_index_5 [17] 
20120821,20120824,20120827,20120828,20120829,20120830,20120831,20120901,20120903,20120904,20120908,20120909,20120910,20120913,20120915,20120916,20120917,20120919,20120920,20120923,20120927 
Number is 71 
G.5.2_index_1_VS_G.6.1_index_3 [18] PLUS 1 
20120820,20120823,20120827,20120828,20120829,20120830,20120831,20120901,20120902,20120907,20120912,20120913,20120914,20120915,20120916,20120917,20120919 
Number is 75 
G.1.1_index_4_VS_G.3.1_index_5 [19] PLUS 1 
20120824,20120827,20120828,20120829,20120830,20120831,20120901,20120902,20120903,20120904,20120910,20120912,20120919,20120921,20120922,20120923,20120926,20120928,20120930 
Number is 78 
G.1.1_index_4_VS_G.4.1_index_3 [20] PLUS 1 
20120820,20120822,20120824,20120825,20120827,20120828,20120829,20120830,20120831,20120901,20120902,20120904,20120905,20120906,20120907,20120910,20120912,20120915,20120916,20120919,20120923,20120927 
Number is 85 
G.3.1_index_3_VS_G.4.1_index_1 [21] PLUS 1 
20120821,20120823,20120825,20120826,20120827,20120828,20120829,20120830,20120831,20120901,20120902,20120905,20120907,20120909,20120910,20120911,20120912,20120918,20120920,20120922,20120925,20120927 
Number is 87 
G.2.1_index_3_VS_G.3.3_index_3 [22] PLUS 1 
20120820,20120822,20120824,20120827,20120828,20120829,20120830,20120831,20120901,20120902,20120905,20120906,20120908,20120909,20120912,20120914,20120916,20120922,20120925,20120927,20120928,20120929 
Number is 89 
G.7.2_index_1_VS_G.7.4_index_1 [23] 
20120820,20120823,20120824,20120826,20120827,20120828,20120829,20120830,20120831,20120901,20120904,20120906,20120907,20120909,20120910,20120912,20120913,20120914,20120921,20120929 
Number is 91 
G.3.6_index_1_VS_G.2.2_index_1 [24] PLUS 1 
20120820,20120823,20120827,20120828,20120829,20120830,20120831,20120901,20120902,20120903,20120904,20120906,20120908,20120910,20120913,20120914,20120917,20120921,20120922,20120923,20120926,20120928,20120929,20120930,20121001 
G.6.2_index_1_VS_G.6.1_index_3 [25] PLUS 1 
20120822,20120825,20120826,20120827,20120828,20120829,20120830,20120831,20120901,20120902,20120907,20120908,20120916,20120918,20120924,20120928 
Number is 93 
G.3.6_index_1_VS_G.4.4_index_1 [26] PLUS 1 
20120821,20120822,20120823,20120827,20120828,20120829,20120830,20120831,20120901,20120902,20120904,20120909,20120910,20120911,20120913,20120917,20120918,20120919,20120920,20120921,20120922,20120926,20120928,20120929,20121001 
Number is 97 
G.3.2_index_3_VS_G.1.1_index_4 [27] PLUS 1 
20120821,20120824,20120825,20120826,20120827,20120828,20120829,20120830,20120831,20120901,20120902,20120903,20120905,20120907,20120908,20120910,20120913,20120914,20120915,20120921,20120922,20120925,20120927,20120928,20121001 
