======== Current: 20120906 ========= 
Number is 04 
G.1.1_index_4_VS_G.4.2_index_3 [1] 
20120820,20120824,20120825,20120826,20120830,20120831,20120901,20120902,20120903,20120904,20120905,20120908,20120909,20120910,20120912,20120915,20120918,20120920,20120923,20120925,20120926,20121001 
Number is 06 
G.1.1_index_4_VS_G.5.1_index_3 [2] 
20120820,20120822,20120824,20120827,20120828,20120829,20120831,20120901,20120902,20120903,20120904,20120905,20120908,20120910,20120912,20120914,20120916,20120919,20120923,20120925,20120927 
G.5.5_index_1_VS_G.5.6_index_1 [3] 
20120822,20120823,20120826,20120827,20120828,20120831,20120901,20120902,20120903,20120904,20120905,20120910,20120911,20120912,20120913,20120914,20120915,20120917,20120919,20120923,20121001 
Number is 08 
G.5.3_index_4_VS_G.5.6_index_2 [4] 
20120821,20120822,20120823,20120826,20120829,20120831,20120901,20120902,20120903,20120904,20120905,20120909,20120910,20120911,20120914,20120921,20120923,20120924,20120927,20120928,20120929,20120930,20121001 
Number is 20 
G.5.4_index_4_VS_G.1.1_index_4 [5] 
20120820,20120821,20120822,20120823,20120826,20120827,20120828,20120829,20120831,20120901,20120902,20120903,20120904,20120905,20120910,20120911,20120916,20120924,20120927,20120928,20120929,20121001 
Number is 26 
G.3.2_index_2_VS_G.3.6_index_1 [6] PLUS 1 
20120821,20120825,20120827,20120828,20120831,20120901,20120902,20120903,20120904,20120905,20120906,20120909,20120910,20120914,20120918,20120921,20120922,20120924,20120926,20120929,20120930,20121001 
Number is 28 
G.1.1_index_2_VS_G.3.1_index_2 [7] PLUS 1 
20120821,20120822,20120823,20120825,20120828,20120831,20120901,20120902,20120903,20120904,20120905,20120906,20120912,20120913,20120919,20120924,20120928 
Number is 36 
G.3.3_index_3_VS_G.5.6_index_1 [8] PLUS 1 
20120822,20120823,20120824,20120828,20120830,20120831,20120901,20120902,20120903,20120904,20120905,20120906,20120910,20120911,20120914,20120915,20120916,20120919,20120920,20120925,20120927,20120929,20120930,20121001 
Number is 40 
G.2.1_index_4_VS_G.DB_index_1 [9] 
20120820,20120823,20120825,20120830,20120831,20120901,20120902,20120903,20120904,20120905,20120911,20120917,20120918,20120919,20120922,20120924,20120925,20120930,20121001 
G.5.5_index_4_VS_G.5.5_index_3 [10] 
20120820,20120821,20120823,20120824,20120826,20120828,20120830,20120831,20120901,20120902,20120903,20120904,20120905,20120908,20120912,20120914,20120918,20120919,20120920,20120922,20120923,20120927,20120930,20121001 
Number is 46 
G.4.3_index_1_VS_G.3.6_index_1 [11] 
20120821,20120824,20120829,20120830,20120831,20120901,20120902,20120903,20120904,20120905,20120908,20120909,20120913,20120919,20120921,20120926,20120927,20120928,20120929 
Number is 48 
G.3.5_index_2_VS_G.3.1_index_5 [12] 
20120822,20120827,20120830,20120831,20120901,20120902,20120903,20120904,20120905,20120907,20120911,20120912,20120915,20120917,20120926,20120929,20120930 
G.2.2_index_3_VS_G.5.6_index_2 [13] 
20120821,20120823,20120824,20120826,20120831,20120901,20120902,20120903,20120904,20120905,20120907,20120911,20120912,20120914,20120919,20120920,20120923,20120930 
G.2.2_index_3_VS_G.3.1_index_2 [14] 
20120821,20120822,20120823,20120824,20120825,20120826,20120827,20120828,20120830,20120831,20120901,20120902,20120903,20120904,20120905,20120907,20120912,20120914,20120916,20120920,20120923,20120924,20120928,20120929,20121001 
Number is 58 
G.4.4_index_1_VS_G.5.6_index_2 [15] 
20120822,20120826,20120830,20120831,20120901,20120902,20120903,20120904,20120905,20120908,20120909,20120912,20120913,20120917,20120920,20120921,20120922,20120923,20120926,20120927,20120929,20120930 
Number is 60 
G.2.1_index_5_VS_G.7.1_index_2 [16] 
20120823,20120824,20120826,20120831,20120901,20120902,20120903,20120904,20120905,20120907,20120910,20120911,20120914,20120916,20120921,20120922,20120925,20120926 
Number is 61 
G.3.6_index_1_VS_G.2.2_index_4 [17] PLUS 1 
20120821,20120822,20120823,20120825,20120826,20120827,20120828,20120829,20120831,20120901,20120902,20120903,20120904,20120905,20120906,20120907,20120908,20120909,20120910,20120913,20120920,20120921,20120922,20120923,20120924,20120926,20120928,20120929,20120930,20121001 
G.5.6_index_1_VS_G.4.2_index_2 [18] PLUS 1 
20120822,20120823,20120824,20120829,20120831,20120901,20120902,20120903,20120904,20120905,20120906,20120907,20120908,20120910,20120911,20120912,20120913,20120914,20120915,20120917,20120918,20120919,20120921,20120922,20120923,20120926,20120927,20120930 
Number is 64 
G.5.1_index_3_VS_G.5.3_index_1 [19] 
20120820,20120826,20120827,20120831,20120901,20120902,20120903,20120904,20120905,20120907,20120908,20120909,20120910,20120912,20120913,20120914,20120918,20120919,20120922,20120925,20120927,20121001 
Number is 66 
G.2.1_index_5_VS_G.3.6_index_1 [20] 
20120823,20120824,20120827,20120828,20120830,20120831,20120901,20120902,20120903,20120904,20120905,20120909,20120912,20120913,20120919,20120921,20120922,20120924,20120925,20120926,20120927,20120928,20121001 
G.2.1_index_3_VS_G.2.2_index_5 [21] 
20120821,20120822,20120830,20120831,20120901,20120902,20120903,20120904,20120905,20120908,20120909,20120912,20120916,20120917,20120925,20120928,20120929,20120930 
Number is 69 
G.5.6_index_1_VS_G.3.5_index_5 [22] 
20120822,20120824,20120831,20120901,20120902,20120903,20120904,20120905,20120910,20120913,20120914,20120915,20120922,20120923,20120924,20120928,20121001 
Number is 76 
G.5.6_index_3_VS_G.5.2_index_4 [23] 
20120820,20120821,20120824,20120825,20120826,20120827,20120831,20120901,20120902,20120903,20120904,20120905,20120907,20120908,20120912,20120914,20120915,20120916,20120924 
Number is 86 
G.3.1_index_5_VS_G.2.1_index_3 [24] 
20120822,20120827,20120829,20120831,20120901,20120902,20120903,20120904,20120905,20120909,20120911,20120918,20120922,20120924,20120930 
Number is 89 
G.4.1_index_1_VS_G.5.4_index_1 [25] PLUS 1 
20120823,20120824,20120827,20120828,20120831,20120901,20120902,20120903,20120904,20120905,20120906,20120907,20120908,20120910,20120912,20120913,20120915,20120916,20120919,20120922,20120924,20120925,20120927,20120928 
Number is 91 
G.4.4_index_4_VS_G.2.2_index_4 [26] 
20120820,20120821,20120822,20120824,20120825,20120829,20120830,20120831,20120901,20120902,20120903,20120904,20120905,20120908,20120911,20120912,20120913,20120918,20120919,20120922,20120925,20120928,20120929,20120930,20121001 
Number is 93 
G.5.4_index_1_VS_G.6.3_index_1 [27] PLUS 1 
20120820,20120822,20120824,20120829,20120831,20120901,20120902,20120903,20120904,20120905,20120906,20120907,20120908,20120911,20120913,20120915,20120916,20120919,20120921,20120922,20120924,20120928 
Number is 96 
G.4.4_index_4_VS_G.5.6_index_1 [28] 
20120822,20120825,20120826,20120827,20120829,20120830,20120831,20120901,20120902,20120903,20120904,20120905,20120909,20120910,20120913,20120915,20120922,20120925,20120928 
G.4.4_index_4_VS_G.5.1_index_3 [29] 
20120820,20120822,20120823,20120824,20120829,20120831,20120901,20120902,20120903,20120904,20120905,20120909,20120910,20120912,20120919,20120925,20120930,20121001 
