======== Current: 20120908 ========= 
Number is 06 
G.3.6_index_1_VS_G.2.2_index_4 [1] PLUS 1 
20120821,20120822,20120823,20120825,20120826,20120827,20120828,20120829,20120831,20120901,20120902,20120903,20120904,20120905,20120906,20120907,20120908,20120909,20120910,20120913,20120920,20120921,20120922,20120923,20120924,20120926,20120928,20120929,20120930,20121001 
Number is 23 
G.3.2_index_3_VS_G.6.3_index_2 [2] PLUS 1 
20120820,20120823,20120825,20120829,20120830,20120901,20120902,20120903,20120904,20120905,20120906,20120907,20120908,20120913,20120914,20120917,20120922,20120924,20120925,20120928,20120930 
Number is 37 
G.5.4_index_1_VS_G.6.3_index_1 [3] PLUS 1 
20120820,20120822,20120824,20120829,20120831,20120901,20120902,20120903,20120904,20120905,20120906,20120907,20120908,20120911,20120913,20120915,20120916,20120919,20120921,20120922,20120924,20120928 
Number is 40 
G.5.2_index_3_VS_G.5.3_index_4 [4] 
20120822,20120823,20120824,20120825,20120826,20120827,20120829,20120831,20120902,20120903,20120904,20120905,20120906,20120907,20120909,20120910,20120911,20120919,20120924,20120927,20120929 
Number is 45 
G.7.4_index_2_VS_G.5.3_index_3 [5] PLUS 1 
20120820,20120824,20120826,20120827,20120828,20120830,20120901,20120902,20120903,20120904,20120905,20120906,20120907,20120908,20120911,20120913,20120915,20120916,20120917,20120918,20120919,20120920,20120922,20120924,20120926,20120930,20121001 
Number is 46 
G.5.6_index_1_VS_G.4.2_index_2 [6] PLUS 1 
20120822,20120823,20120824,20120829,20120831,20120901,20120902,20120903,20120904,20120905,20120906,20120907,20120908,20120910,20120911,20120912,20120913,20120914,20120915,20120917,20120918,20120919,20120921,20120922,20120923,20120926,20120927,20120930 
Number is 47 
G.4.4_index_4_VS_G.3.6_index_3 [7] 
20120821,20120824,20120825,20120826,20120831,20120902,20120903,20120904,20120905,20120906,20120907,20120913,20120919,20120920,20120921,20120922,20120923,20120924,20120925,20120926,20120930 
Number is 50 
G.3.1_index_5_VS_G.6.2_index_1 [8] PLUS 1 
20120821,20120823,20120826,20120827,20120828,20120829,20120830,20120901,20120902,20120903,20120904,20120905,20120906,20120907,20120908,20120909,20120910,20120911,20120912,20120915,20120916,20120918,20120920,20120923,20120924,20120925,20120926,20120930 
Number is 56 
G.3.1_index_5_VS_G.4.1_index_3 [9] 
20120821,20120822,20120826,20120828,20120829,20120902,20120903,20120904,20120905,20120906,20120907,20120909,20120921,20120922,20120923,20120930 
Number is 60 
G.4.1_index_1_VS_G.5.6_index_3 [10] PLUS 1 
20120821,20120822,20120824,20120825,20120826,20120827,20120829,20120901,20120902,20120903,20120904,20120905,20120906,20120907,20120908,20120909,20120910,20120911,20120912,20120916,20120919,20120922,20120923,20120925,20120928 
G.4.1_index_3_VS_G.5.3_index_4 [11] PLUS 1 
20120820,20120821,20120822,20120824,20120829,20120902,20120903,20120904,20120905,20120906,20120907,20120908,20120910,20120915,20120917,20120919,20120925,20120927 
Number is 63 
G.4.1_index_1_VS_G.5.4_index_1 [12] PLUS 1 
20120823,20120824,20120827,20120828,20120831,20120901,20120902,20120903,20120904,20120905,20120906,20120907,20120908,20120910,20120912,20120913,20120915,20120916,20120919,20120922,20120924,20120925,20120927,20120928 
Number is 64 
G.7.2_index_2_VS_G.3.2_index_2 [13] PLUS 1 
20120821,20120826,20120901,20120902,20120903,20120904,20120905,20120906,20120907,20120908,20120913,20120917,20120921,20120926,20120927,20120928,20120929,20120930 
Number is 66 
G.3.1_index_4_VS_G.4.1_index_3 [14] 
20120820,20120821,20120823,20120824,20120827,20120901,20120902,20120903,20120904,20120905,20120906,20120907,20120909,20120910,20120912,20120914,20120917,20120927,20120928,20120930 
G.3.1_index_4_VS_G.4.1_index_1 [15] 
20120820,20120821,20120823,20120824,20120825,20120827,20120828,20120902,20120903,20120904,20120905,20120906,20120907,20120909,20120910,20120911,20120912,20120914,20120916,20120918,20120919,20120927,20120928,20120930,20121001 
Number is 96 
G.5.1_index_4_VS_G.2.2_index_4 [16] 
20120821,20120822,20120824,20120825,20120828,20120829,20120831,20120902,20120903,20120904,20120905,20120906,20120907,20120909,20120914,20120915,20120918,20120920,20120921,20120925,20120927,20120928 
