======== Current: 20120909 ========= 
Number is 02 
G.3.6_index_1_VS_G.2.2_index_4 [1] PLUS 1 
20120821,20120822,20120823,20120825,20120826,20120827,20120828,20120829,20120831,20120901,20120902,20120903,20120904,20120905,20120906,20120907,20120908,20120909,20120910,20120913,20120920,20120921,20120922,20120923,20120924,20120926,20120928,20120929,20120930,20121001 
Number is 15 
G.5.6_index_1_VS_G.4.2_index_2 [2] 
20120822,20120823,20120824,20120829,20120831,20120901,20120902,20120903,20120904,20120905,20120906,20120907,20120908,20120910,20120911,20120912,20120913,20120914,20120915,20120917,20120918,20120919,20120921,20120922,20120923,20120926,20120927,20120930 
Number is 20 
G.3.2_index_2_VS_G.5.3_index_3 [3] PLUS 1 
20120821,20120826,20120828,20120831,20120903,20120904,20120905,20120906,20120907,20120908,20120909,20120913,20120914,20120916,20120917,20120918,20120922,20120924,20120926,20120928 
Number is 32 
G.3.4_index_3_VS_G.5.5_index_3 [4] 
20120821,20120823,20120824,20120826,20120827,20120830,20120903,20120904,20120905,20120906,20120907,20120908,20120912,20120914,20120916,20120917,20120919,20120920,20120921,20120924,20120925,20120926,20120928 
Number is 33 
G.4.1_index_3_VS_G.5.3_index_4 [5] 
20120820,20120821,20120822,20120824,20120829,20120902,20120903,20120904,20120905,20120906,20120907,20120908,20120910,20120915,20120917,20120919,20120925,20120927 
Number is 38 
G.5.4_index_1_VS_G.6.3_index_1 [6] 
20120820,20120822,20120824,20120829,20120831,20120901,20120902,20120903,20120904,20120905,20120906,20120907,20120908,20120911,20120913,20120915,20120916,20120919,20120921,20120922,20120924,20120928 
Number is 43 
G.3.2_index_3_VS_G.6.3_index_2 [7] 
20120820,20120823,20120825,20120829,20120830,20120901,20120902,20120903,20120904,20120905,20120906,20120907,20120908,20120913,20120914,20120917,20120922,20120924,20120925,20120928,20120930 
Number is 47 
G.4.3_index_3_VS_G.7.2_index_2 [8] 
20120820,20120829,20120831,20120903,20120904,20120905,20120906,20120907,20120908,20120911,20120912,20120913,20120915,20120916,20120917,20120918,20120919,20120922,20120927,20121001 
Number is 53 
G.4.1_index_1_VS_G.5.4_index_1 [9] 
20120823,20120824,20120827,20120828,20120831,20120901,20120902,20120903,20120904,20120905,20120906,20120907,20120908,20120910,20120912,20120913,20120915,20120916,20120919,20120922,20120924,20120925,20120927,20120928 
Number is 55 
G.3.6_index_3_VS_G.5.4_index_2 [10] PLUS 1 
20120823,20120828,20120830,20120903,20120904,20120905,20120906,20120907,20120908,20120909,20120912,20120913,20120914,20120916,20120917,20120918,20120919,20120920,20120921,20120922,20120923,20120927,20120929 
Number is 59 
G.4.1_index_1_VS_G.5.6_index_3 [11] PLUS 1 
20120821,20120822,20120824,20120825,20120826,20120827,20120829,20120901,20120902,20120903,20120904,20120905,20120906,20120907,20120908,20120909,20120910,20120911,20120912,20120916,20120919,20120922,20120923,20120925,20120928 
Number is 63 
G.3.1_index_5_VS_G.6.2_index_1 [12] PLUS 1 
20120821,20120823,20120826,20120827,20120828,20120829,20120830,20120901,20120902,20120903,20120904,20120905,20120906,20120907,20120908,20120909,20120910,20120911,20120912,20120915,20120916,20120918,20120920,20120923,20120924,20120925,20120926,20120930 
Number is 72 
G.7.2_index_2_VS_G.3.2_index_2 [13] 
20120821,20120826,20120901,20120902,20120903,20120904,20120905,20120906,20120907,20120908,20120913,20120917,20120921,20120926,20120927,20120928,20120929,20120930 
Number is 80 
G.7.4_index_2_VS_G.5.3_index_3 [14] 
20120820,20120824,20120826,20120827,20120828,20120830,20120901,20120902,20120903,20120904,20120905,20120906,20120907,20120908,20120911,20120913,20120915,20120916,20120917,20120918,20120919,20120920,20120922,20120924,20120926,20120930,20121001 
Number is 83 
G.7.4_index_2_VS_G.2.1_index_1 [15] 
20120823,20120824,20120825,20120827,20120828,20120829,20120831,20120903,20120904,20120905,20120906,20120907,20120908,20120911,20120914,20120915,20120916,20120918,20120919,20120920,20120922 
Number is 92 
G.5.6_index_3_VS_G.2.1_index_4 [16] 
20120824,20120826,20120827,20120828,20120901,20120903,20120904,20120905,20120906,20120907,20120908,20120912,20120914,20120922,20120924,20120926,20120927,20120928,20121001 
