======== Current: 20120924 ========= 
Number is 16 
G.6.2_index_2_VS_G.5.1_index_2 [1] 
20120824,20120825,20120831,20120901,20120902,20120911,20120912,20120915,20120917,20120918,20120919,20120920,20120921,20120922,20120923,20120925,20120926,20120927,20121001 
Number is 32 
G.1.1_index_4_VS_G.3.4_index_4 [2] PLUS 1 
20120823,20120825,20120903,20120904,20120910,20120911,20120912,20120913,20120915,20120916,20120918,20120919,20120920,20120921,20120922,20120923,20120924 
Number is 34 
G.3.1_index_3_VS_G.DB_index_5 [3] 
20120820,20120823,20120830,20120901,20120905,20120908,20120909,20120910,20120911,20120914,20120915,20120917,20120918,20120919,20120920,20120921,20120922,20120923,20120926,20120928,20120929 
Number is 38 
G.4.1_index_1_VS_G.3.2_index_3 [4] 
20120827,20120829,20120830,20120901,20120902,20120903,20120904,20120907,20120911,20120912,20120913,20120915,20120918,20120919,20120920,20120921,20120922,20120923,20120925,20120928,20121001 
G.5.5_index_4_VS_G.3.1_index_5 [5] 
20120820,20120826,20120901,20120903,20120908,20120912,20120914,20120916,20120917,20120918,20120919,20120920,20120921,20120922,20120923,20120925,20120926,20120930,20121001 
Number is 39 
G.3.6_index_2_VS_G.5.2_index_4 [6] 
20120822,20120823,20120826,20120827,20120830,20120901,20120904,20120908,20120913,20120918,20120919,20120920,20120921,20120922,20120923,20121001 
Number is 44 
G.3.2_index_4_VS_G.3.2_index_2 [7] PLUS 1 
20120820,20120827,20120828,20120831,20120903,20120905,20120909,20120913,20120914,20120916,20120917,20120918,20120919,20120920,20120921,20120922,20120923,20120924,20120927,20120928,20120929,20120930 
Number is 46 
G.4.1_index_2_VS_G.4.4_index_1 [8] PLUS 1 
20120823,20120825,20120828,20120830,20120903,20120904,20120907,20120908,20120909,20120912,20120913,20120916,20120918,20120919,20120920,20120921,20120922,20120923,20120924,20120925 
Number is 47 
G.3.2_index_2_VS_G.5.4_index_1 [9] 
20120821,20120827,20120829,20120830,20120831,20120902,20120906,20120913,20120915,20120916,20120917,20120918,20120919,20120920,20120921,20120922,20120923,20120926,20120930 
Number is 48 
G.6.1_index_2_VS_G.3.1_index_1 [10] 
20120823,20120825,20120831,20120902,20120906,20120909,20120910,20120911,20120913,20120914,20120918,20120919,20120920,20120921,20120922,20120923,20120925,20120926,20120928,20120929,20120930 
G.3.2_index_2_VS_G.5.5_index_3 [11] 
20120820,20120821,20120826,20120830,20120831,20120902,20120904,20120905,20120907,20120912,20120913,20120916,20120918,20120919,20120920,20120921,20120922,20120923,20120925,20120930 
Number is 54 
G.3.6_index_3_VS_G.5.4_index_2 [12] 
20120823,20120828,20120830,20120903,20120904,20120905,20120906,20120907,20120908,20120909,20120912,20120913,20120914,20120916,20120917,20120918,20120919,20120920,20120921,20120922,20120923,20120927,20120929 
Number is 58 
G.2.1_index_5_VS_G.7.3_index_2 [13] 
20120821,20120824,20120826,20120827,20120828,20120831,20120903,20120904,20120905,20120907,20120909,20120912,20120917,20120918,20120919,20120920,20120921,20120922,20120923,20120926,20121001 
Number is 64 
G.3.5_index_3_VS_G.5.4_index_2 [14] PLUS 1 
20120820,20120822,20120830,20120901,20120902,20120903,20120905,20120909,20120911,20120914,20120915,20120918,20120919,20120920,20120921,20120922,20120923,20120924,20120928,20121001 
Number is 66 
G.3.5_index_3_VS_G.6.3_index_2 [15] PLUS 1 
20120822,20120823,20120824,20120828,20120831,20120903,20120905,20120909,20120910,20120913,20120918,20120919,20120920,20120921,20120922,20120923,20120924,20120925,20120929,20120930,20121001 
Number is 69 
G.4.4_index_1_VS_G.4.2_index_4 [16] 
20120821,20120822,20120823,20120826,20120827,20120829,20120830,20120831,20120901,20120902,20120903,20120906,20120907,20120909,20120911,20120914,20120915,20120916,20120917,20120918,20120919,20120920,20120921,20120922,20120923,20120928,20120929,20120930,20121001 
Number is 79 
G.5.3_index_2_VS_G.3.3_index_2 [17] PLUS 1 
20120821,20120823,20120830,20120901,20120902,20120905,20120908,20120910,20120913,20120914,20120916,20120917,20120918,20120919,20120920,20120921,20120922,20120923,20120924,20120925,20120927,20120930 
Number is 81 
G.3.1_index_1_VS_G.6.2_index_2 [18] PLUS 1 
20120820,20120821,20120824,20120827,20120828,20120831,20120901,20120903,20120907,20120910,20120915,20120917,20120918,20120919,20120920,20120921,20120922,20120923,20120924,20120925,20120926,20120930,20121001 
Number is 85 
G.2.2_index_3_VS_G.DB_index_3 [19] 
20120820,20120822,20120824,20120827,20120829,20120830,20120902,20120904,20120907,20120909,20120910,20120912,20120914,20120916,20120918,20120919,20120920,20120921,20120922,20120923,20120929,20121001 
G.6.2_index_3_VS_G.3.6_index_3 [20] 
20120824,20120902,20120903,20120907,20120917,20120918,20120919,20120920,20120921,20120922,20120923,20120927 
Number is 91 
G.5.3_index_3_VS_G.6.2_index_2 [21] PLUS 1 
20120821,20120825,20120827,20120829,20120830,20120902,20120903,20120905,20120906,20120909,20120911,20120916,20120918,20120919,20120920,20120921,20120922,20120923,20120924,20120928,20121001 
