======== Current: 20120925 ========= 
Number is 02 
G.5.3_index_2_VS_G.6.3_index_3 [1] PLUS 1 
20120820,20120821,20120822,20120823,20120824,20120825,20120826,20120829,20120830,20120901,20120904,20120910,20120913,20120919,20120920,20120921,20120922,20120923,20120924,20120925,20120926,20120929 
G.3.5_index_3_VS_G.7.1_index_2 [2] PLUS 1 
20120822,20120823,20120826,20120830,20120831,20120901,20120902,20120903,20120905,20120908,20120909,20120910,20120911,20120914,20120915,20120919,20120920,20120921,20120922,20120923,20120924,20120925,20121001 
Number is 03 
G.4.2_index_3_VS_G.2.1_index_3 [3] PLUS 1 
20120820,20120826,20120827,20120831,20120903,20120904,20120908,20120910,20120911,20120914,20120915,20120917,20120919,20120920,20120921,20120922,20120923,20120924,20120925,20121001 
Number is 04 
G.5.3_index_2_VS_G.3.3_index_2 [4] PLUS 1 
20120821,20120823,20120830,20120901,20120902,20120905,20120908,20120910,20120913,20120914,20120916,20120917,20120918,20120919,20120920,20120921,20120922,20120923,20120924,20120925,20120927,20120930 
G.3.5_index_3_VS_G.6.3_index_2 [5] PLUS 1 
20120822,20120823,20120824,20120828,20120831,20120903,20120905,20120909,20120910,20120913,20120918,20120919,20120920,20120921,20120922,20120923,20120924,20120925,20120929,20120930,20121001 
Number is 06 
G.3.5_index_3_VS_G.5.4_index_2 [6] 
20120820,20120822,20120830,20120901,20120902,20120903,20120905,20120909,20120911,20120914,20120915,20120918,20120919,20120920,20120921,20120922,20120923,20120924,20120928,20121001 
Number is 13 
G.5.3_index_3_VS_G.5.4_index_1 [7] PLUS 1 
20120821,20120825,20120830,20120831,20120901,20120902,20120904,20120905,20120906,20120909,20120912,20120914,20120915,20120916,20120917,20120919,20120920,20120921,20120922,20120923,20120924,20120925,20121001 
Number is 15 
G.5.3_index_3_VS_G.6.2_index_2 [8] 
20120821,20120825,20120827,20120829,20120830,20120902,20120903,20120905,20120906,20120909,20120911,20120916,20120918,20120919,20120920,20120921,20120922,20120923,20120924,20120928,20121001 
Number is 17 
G.3.2_index_4_VS_G.3.2_index_2 [9] 
20120820,20120827,20120828,20120831,20120903,20120905,20120909,20120913,20120914,20120916,20120917,20120918,20120919,20120920,20120921,20120922,20120923,20120924,20120927,20120928,20120929,20120930 
Number is 20 
G.7.4_index_2_VS_G.5.3_index_2 [10] PLUS 1 
20120821,20120822,20120824,20120826,20120828,20120901,20120903,20120904,20120905,20120907,20120910,20120911,20120914,20120915,20120916,20120917,20120919,20120920,20120921,20120922,20120923,20120924,20120925,20120929,20120930 
Number is 23 
G.1.1_index_4_VS_G.3.4_index_4 [11] 
20120823,20120825,20120903,20120904,20120910,20120911,20120912,20120913,20120915,20120916,20120918,20120919,20120920,20120921,20120922,20120923,20120924 
Number is 25 
G.3.4_index_3_VS_G.5.1_index_1 [12] 
20120822,20120823,20120827,20120829,20120831,20120903,20120904,20120906,20120909,20120911,20120912,20120914,20120915,20120919,20120920,20120921,20120922,20120923,20120924,20120926,20120928,20121001 
Number is 28 
G.3.4_index_3_VS_G.4.1_index_2 [13] 
20120822,20120823,20120825,20120827,20120829,20120831,20120902,20120904,20120907,20120911,20120916,20120919,20120920,20120921,20120922,20120923,20120924,20120926,20121001 
Number is 33 
G.5.4_index_1_VS_G.DB_index_2 [14] 
20120821,20120823,20120825,20120827,20120829,20120830,20120831,20120901,20120905,20120906,20120907,20120909,20120912,20120913,20120917,20120919,20120920,20120921,20120922,20120923,20120924,20120930 
Number is 52 
G.5.1_index_1_VS_G.2.1_index_2 [15] 
20120824,20120828,20120830,20120901,20120904,20120906,20120908,20120915,20120919,20120920,20120921,20120922,20120923,20120924,20120926,20120928,20120930 
Number is 58 
G.3.5_index_5_VS_G.3.1_index_5 [16] PLUS 1 
20120825,20120826,20120827,20120829,20120902,20120904,20120906,20120908,20120909,20120912,20120917,20120919,20120920,20120921,20120922,20120923,20120924,20120925,20120926,20120930 
Number is 59 
G.6.2_index_3_VS_G.4.4_index_1 [17] PLUS 1 
20120820,20120824,20120825,20120826,20120827,20120828,20120831,20120904,20120908,20120910,20120912,20120914,20120916,20120919,20120920,20120921,20120922,20120923,20120924,20120925,20120926,20120930,20121001 
Number is 63 
G.5.5_index_2_VS_G.3.3_index_1 [18] 
20120822,20120825,20120826,20120829,20120831,20120901,20120905,20120908,20120910,20120912,20120915,20120919,20120920,20120921,20120922,20120923,20120924,20121001 
Number is 68 
G.5.5_index_2_VS_G.3.1_index_5 [19] PLUS 1 
20120825,20120828,20120829,20120902,20120910,20120912,20120916,20120919,20120920,20120921,20120922,20120923,20120924,20120925,20120930 
Number is 69 
G.3.6_index_3_VS_G.1.1_index_3 [20] PLUS 1 
20120823,20120824,20120828,20120829,20120901,20120902,20120903,20120906,20120909,20120912,20120913,20120914,20120915,20120916,20120917,20120919,20120920,20120921,20120922,20120923,20120924,20120925,20120926,20120928,20120930 
Number is 70 
G.5.4_index_3_VS_G.5.3_index_2 [21] PLUS 1 
20120820,20120821,20120825,20120826,20120828,20120829,20120830,20120902,20120904,20120905,20120906,20120909,20120910,20120912,20120914,20120915,20120916,20120917,20120919,20120920,20120921,20120922,20120923,20120924,20120925,20120926,20121001 
Number is 76 
G.5.2_index_4_VS_G.3.6_index_3 [22] PLUS 1 
20120820,20120822,20120823,20120824,20120828,20120830,20120901,20120902,20120904,20120906,20120907,20120915,20120916,20120917,20120919,20120920,20120921,20120922,20120923,20120924,20120925,20120927,20120928,20120929 
Number is 78 
G.5.6_index_3_VS_G.3.6_index_4 [23] PLUS 1 
20120821,20120826,20120828,20120829,20120831,20120906,20120909,20120912,20120913,20120917,20120919,20120920,20120921,20120922,20120923,20120924,20120925,20120927,20120930 
Number is 79 
G.3.4_index_5_VS_G.4.4_index_1 [24] 
20120821,20120822,20120826,20120828,20120831,20120901,20120909,20120912,20120913,20120914,20120916,20120919,20120920,20120921,20120922,20120923,20120924,20120926,20120927,20120929,20120930,20121001 
Number is 83 
G.3.6_index_4_VS_G.DB_index_2 [25] 
20120821,20120822,20120824,20120827,20120828,20120830,20120905,20120906,20120907,20120908,20120909,20120911,20120912,20120917,20120919,20120920,20120921,20120922,20120923,20120924,20120926,20120930 
Number is 86 
G.3.1_index_5_VS_G.4.4_index_3 [26] PLUS 1 
20120823,20120826,20120827,20120828,20120831,20120903,20120905,20120911,20120919,20120920,20120921,20120922,20120923,20120924,20120925,20120928 
G.4.4_index_4_VS_G.3.6_index_3 [27] PLUS 1 
20120821,20120824,20120825,20120826,20120831,20120902,20120903,20120904,20120905,20120906,20120907,20120913,20120919,20120920,20120921,20120922,20120923,20120924,20120925,20120926,20120930 
Number is 89 
G.4.1_index_2_VS_G.4.4_index_1 [28] PLUS 1 
20120823,20120825,20120828,20120830,20120903,20120904,20120907,20120908,20120909,20120912,20120913,20120916,20120918,20120919,20120920,20120921,20120922,20120923,20120924,20120925 
Number is 92 
G.DB_index_5_VS_G.3.4_index_3 [29] 
20120822,20120826,20120827,20120829,20120903,20120911,20120912,20120914,20120915,20120917,20120919,20120920,20120921,20120922,20120923,20120924,20120926,20120928,20120930,20121001 
Number is 95 
G.3.1_index_1_VS_G.6.2_index_2 [30] PLUS 1 
20120820,20120821,20120824,20120827,20120828,20120831,20120901,20120903,20120907,20120910,20120915,20120917,20120918,20120919,20120920,20120921,20120922,20120923,20120924,20120925,20120926,20120930,20121001 
