======== Current: 20121204 ========= 
Number is 03 
G.3.5_index_1_VS_G.6.1_index_1 [1] 
20121122,20121127,20121128,20121129,20121130,20121201,20121202,20121203,20121208,20121211,20121212,20121213,20121214,20121216,20121217,20121218,20121221,20121222,20121223,20121227,20121228 
Number is 08 
G.3.6_index_1_VS_G.3.1_index_2 [2] 
20121120,20121126,20121128,20121129,20121130,20121201,20121202,20121203,20121211,20121213,20121216,20121221,20121222,20121223,20121227,20121228 
Number is 12 
G.2.1_index_1_VS_G.3.5_index_2 [3] 
20121121,20121125,20121127,20121128,20121129,20121130,20121201,20121202,20121203,20121211,20121212,20121215,20121218,20121219,20121220,20121223,20121231 
Number is 16 
G.3.1_index_1_VS_G.2.1_index_2 [4] 
20121122,20121126,20121128,20121129,20121130,20121201,20121202,20121203,20121206,20121208,20121213,20121214,20121216,20121217,20121219,20121221,20121223 
Number is 17 
G.3.1_index_1_VS_G.5.5_index_1 [5] 
20121125,20121126,20121127,20121128,20121129,20121130,20121201,20121202,20121203,20121207,20121217,20121219,20121221,20121223,20121227,20121229,20121230,20121231 
Number is 18 
G.2.2_index_5_VS_G.7.2_index_2 [6] 
20121122,20121123,20121128,20121129,20121130,20121201,20121202,20121203,20121205,20121206,20121214,20121216,20121219,20121221,20121224,20121225,20121226,20121230 
Number is 19 
G.6.2_index_2_VS_G.7.4_index_2 [7] 
20121121,20121122,20121124,20121125,20121128,20121129,20121130,20121201,20121202,20121203,20121205,20121208,20121213,20121214,20121218,20121220,20121221,20121222,20121223,20121224,20121228,20121229,20121231 
Number is 22 
G.3.5_index_2_VS_G.3.3_index_2 [8] 
20121120,20121121,20121122,20121125,20121128,20121129,20121130,20121201,20121202,20121203,20121205,20121210,20121212,20121219,20121220,20121221,20121224,20121225,20121226,20121230,20121231 
Number is 24 
G.5.4_index_4_VS_G.7.4_index_1 [9] PLUS 1 
20121123,20121126,20121127,20121128,20121129,20121130,20121201,20121202,20121203,20121204,20121205,20121206,20121207,20121209,20121212,20121221,20121222,20121225,20121226,20121229,20121230,20121231 
Number is 26 
G.3.5_index_2_VS_G.2.1_index_3 [10] 
20121125,20121127,20121128,20121129,20121130,20121201,20121202,20121203,20121207,20121208,20121209,20121210,20121215,20121217,20121219,20121222,20121223,20121224,20121225,20121229,20121230,20121231 
G.5.4_index_4_VS_G.7.3_index_2 [11] 
20121121,20121122,20121127,20121128,20121129,20121130,20121201,20121202,20121203,20121205,20121206,20121207,20121211,20121212,20121213,20121216,20121217,20121218,20121221,20121223,20121225,20121231 
Number is 30 
G.5.3_index_2_VS_G.1.1_index_3 [12] 
20121122,20121123,20121125,20121126,20121127,20121128,20121129,20121130,20121201,20121202,20121203,20121209,20121210,20121212,20121213,20121215,20121217,20121221,20121222,20121223,20121224,20121227,20130101 
Number is 52 
G.1.1_index_1_VS_G.3.5_index_2 [13] 
20121120,20121121,20121122,20121125,20121128,20121129,20121130,20121201,20121202,20121203,20121207,20121212,20121213,20121215,20121216,20121217,20121218,20121220,20121221,20121224,20121225,20121226,20121227,20121230,20121231 
Number is 58 
G.3.4_index_5_VS_G.5.2_index_3 [14] 
20121121,20121122,20121123,20121124,20121127,20121128,20121129,20121130,20121201,20121202,20121203,20121208,20121211,20121212,20121215,20121224,20121225,20121226,20121230 
Number is 69 
G.4.3_index_1_VS_G.7.4_index_2 [15] 
20121120,20121121,20121123,20121126,20121128,20121129,20121130,20121201,20121202,20121203,20121205,20121206,20121207,20121208,20121213,20121214,20121216,20121217,20121218,20121221,20121223,20121225,20121227,20130101 
Number is 70 
G.4.1_index_2_VS_G.2.2_index_3 [16] 
20121121,20121122,20121123,20121124,20121125,20121128,20121129,20121130,20121201,20121202,20121203,20121205,20121207,20121209,20121210,20121214,20121215,20121220,20121222,20121224,20121225,20121226,20121228,20121229,20121230,20130101 
Number is 72 
G.5.5_index_1_VS_G.3.4_index_2 [17] PLUS 1 
20121120,20121124,20121127,20121128,20121129,20121130,20121201,20121202,20121203,20121204,20121206,20121210,20121215,20121219,20121222,20121225,20121226,20121230,20121231,20130101 
G.5.5_index_1_VS_G.5.4_index_4 [18] PLUS 1 
20121121,20121123,20121126,20121128,20121129,20121130,20121201,20121202,20121203,20121204,20121207,20121208,20121211,20121212,20121215,20121217,20121219,20121220,20121221,20121224,20121225,20121231 
Number is 73 
G.4.1_index_2_VS_G.6.3_index_2 [19] PLUS 1 
20121122,20121123,20121127,20121128,20121129,20121130,20121201,20121202,20121203,20121204,20121206,20121207,20121209,20121212,20121213,20121216,20121218,20121224,20121225,20121227,20130101 
Number is 79 
G.5.5_index_1_VS_G.7.4_index_2 [20] 
20121122,20121123,20121128,20121129,20121130,20121201,20121202,20121203,20121209,20121213,20121218,20121220,20121223,20121231 
Number is 80 
G.1.1_index_2_VS_G.2.2_index_3 [21] 
20121124,20121125,20121126,20121128,20121129,20121130,20121201,20121202,20121203,20121208,20121209,20121213,20121214,20121216,20121217,20121219,20121222,20121224,20121225,20121227,20121228,20121229,20121231,20130101 
G.3.1_index_2_VS_G.5.4_index_1 [22] 
20121123,20121124,20121126,20121128,20121129,20121130,20121201,20121202,20121203,20121212,20121214,20121218,20121219,20121221,20121225,20121227,20130101 
Number is 81 
G.3.1_index_2_VS_G.3.1_index_1 [23] 
20121120,20121121,20121122,20121128,20121129,20121130,20121201,20121202,20121203,20121205,20121213,20121214,20121215,20121216,20121217,20121218,20121220,20121227,20121228,20121230,20130101 
Number is 89 
G.3.1_index_2_VS_G.DB_index_2 [24] PLUS 1 
20121120,20121122,20121128,20121129,20121130,20121201,20121202,20121203,20121204,20121205,20121209,20121212,20121213,20121214,20121216,20121218,20121219,20121220,20121224,20121225,20121231,20130101 
G.3.1_index_2_VS_G.6.2_index_1 [25] PLUS 1 
20121121,20121122,20121125,20121126,20121128,20121129,20121130,20121201,20121202,20121203,20121204,20121205,20121207,20121208,20121210,20121211,20121212,20121213,20121215,20121216,20121217,20121218,20121220,20121221,20121224,20121228,20121231 
Number is 93 
G.3.5_index_4_VS_G.4.1_index_1 [26] 
20121121,20121122,20121124,20121128,20121129,20121130,20121201,20121202,20121203,20121205,20121208,20121209,20121210,20121214,20121216,20121217,20121220,20121222,20121223,20121226,20121229,20130101 
Number is 94 
G.3.5_index_4_VS_G.4.4_index_2 [27] PLUS 1 
20121122,20121125,20121126,20121127,20121128,20121129,20121130,20121201,20121202,20121203,20121204,20121206,20121207,20121210,20121212,20121214,20121221,20121222,20121224,20121229,20130101 
Number is 95 
G.6.2_index_1_VS_G.1.1_index_1 [28] 
20121121,20121124,20121128,20121129,20121130,20121201,20121202,20121203,20121206,20121207,20121213,20121215,20121216,20121217,20121220,20121221,20121222,20121228,20121229,20121230,20121231 
G.7.4_index_2_VS_G.5.6_index_4 [29] 
20121120,20121122,20121123,20121127,20121128,20121129,20121130,20121201,20121202,20121203,20121205,20121207,20121208,20121212,20121213,20121223,20121224,20121227,20121231,20130101 
Number is 99 
G.4.2_index_1_VS_G.3.5_index_4 [30] 
20121121,20121122,20121124,20121125,20121126,20121128,20121129,20121130,20121201,20121202,20121203,20121206,20121208,20121210,20121211,20121215,20121216,20121218,20121224,20121228,20121229,20121231 
