======== Current: 20121205 ========= 
Number is 00 
G.5.5_index_4_VS_G.6.1_index_1 [1] PLUS 1 
20121121,20121122,20121125,20121129,20121130,20121201,20121202,20121203,20121204,20121205,20121206,20121208,20121213,20121214,20121216,20121217,20121221,20121227,20121230,20121231 
Number is 11 
G.3.1_index_2_VS_G.DB_index_2 [2] PLUS 1 
20121120,20121122,20121128,20121129,20121130,20121201,20121202,20121203,20121204,20121205,20121209,20121212,20121213,20121214,20121216,20121218,20121219,20121220,20121224,20121225,20121231,20130101 
G.5.2_index_2_VS_G.5.2_index_2 [3] PLUS 1 
20121121,20121122,20121129,20121130,20121201,20121202,20121203,20121204,20121205,20121206,20121210,20121231 
Number is 14 
G.3.1_index_2_VS_G.6.2_index_1 [4] PLUS 1 
20121121,20121122,20121125,20121126,20121128,20121129,20121130,20121201,20121202,20121203,20121204,20121205,20121207,20121208,20121210,20121211,20121212,20121213,20121215,20121216,20121217,20121218,20121220,20121221,20121224,20121228,20121231 
Number is 21 
G.5.4_index_4_VS_G.7.4_index_1 [5] PLUS 1 
20121123,20121126,20121127,20121128,20121129,20121130,20121201,20121202,20121203,20121204,20121205,20121206,20121207,20121209,20121212,20121221,20121222,20121225,20121226,20121229,20121230,20121231 
Number is 32 
G.6.3_index_2_VS_G.3.1_index_3 [6] PLUS 1 
20121120,20121121,20121127,20121129,20121130,20121201,20121202,20121203,20121204,20121205,20121206,20121209,20121214,20121215,20121219,20121222,20121225,20121227,20121230,20130101 
Number is 40 
G.3.5_index_4_VS_G.4.4_index_2 [7] 
20121122,20121125,20121126,20121127,20121128,20121129,20121130,20121201,20121202,20121203,20121204,20121206,20121207,20121210,20121212,20121214,20121221,20121222,20121224,20121229,20130101 
Number is 49 
G.1.1_index_5_VS_G.4.1_index_1 [8] PLUS 1 
20121121,20121127,20121129,20121130,20121201,20121202,20121203,20121204,20121205,20121208,20121215,20121219,20121221,20121222,20121225,20121226,20121227,20121230 
Number is 50 
G.3.5_index_3_VS_G.4.4_index_2 [9] 
20121121,20121126,20121127,20121129,20121130,20121201,20121202,20121203,20121204,20121206,20121207,20121209,20121212,20121213,20121215,20121217,20121219,20121220,20121221,20121222,20121228,20121229 
Number is 52 
G.5.5_index_1_VS_G.5.4_index_4 [10] 
20121121,20121123,20121126,20121128,20121129,20121130,20121201,20121202,20121203,20121204,20121207,20121208,20121211,20121212,20121215,20121217,20121219,20121220,20121221,20121224,20121225,20121231 
Number is 53 
G.4.3_index_4_VS_G.3.2_index_3 [11] PLUS 1 
20121121,20121122,20121125,20121127,20121129,20121130,20121201,20121202,20121203,20121204,20121205,20121211,20121213,20121216,20121217,20121224,20121229 
Number is 55 
G.5.5_index_1_VS_G.3.4_index_2 [12] 
20121120,20121124,20121127,20121128,20121129,20121130,20121201,20121202,20121203,20121204,20121206,20121210,20121215,20121219,20121222,20121225,20121226,20121230,20121231,20130101 
Number is 62 
G.2.1_index_1_VS_G.3.5_index_5 [13] 
20121120,20121126,20121129,20121130,20121201,20121202,20121203,20121204,20121207,20121208,20121219,20121220,20121223,20121227 
Number is 70 
G.4.3_index_1_VS_G.4.4_index_4 [14] 
20121121,20121122,20121127,20121129,20121130,20121201,20121202,20121203,20121204,20121207,20121214,20121221,20121222,20121230 
Number is 71 
G.3.2_index_4_VS_G.1.1_index_3 [15] PLUS 1 
20121120,20121121,20121124,20121125,20121129,20121130,20121201,20121202,20121203,20121204,20121205,20121207,20121211,20121212,20121213,20121215,20121217,20121218,20121221,20121225,20121226,20121228,20121231,20130101 
Number is 73 
G.4.1_index_2_VS_G.6.3_index_2 [16] 
20121122,20121123,20121127,20121128,20121129,20121130,20121201,20121202,20121203,20121204,20121206,20121207,20121209,20121212,20121213,20121216,20121218,20121224,20121225,20121227,20130101 
G.4.1_index_2_VS_G.3.2_index_1 [17] 
20121120,20121124,20121127,20121129,20121130,20121201,20121202,20121203,20121204,20121206,20121208,20121212,20121213,20121222,20121223,20121224,20121225,20121226,20121228,20130101 
Number is 74 
G.5.6_index_3_VS_G.3.4_index_3 [18] 
20121120,20121121,20121122,20121125,20121129,20121130,20121201,20121202,20121203,20121204,20121206,20121207,20121208,20121210,20121212,20121213,20121214,20121215,20121217,20121218,20121223,20121224,20121228,20121230 
Number is 86 
G.4.2_index_4_VS_G.DB_index_1 [19] PLUS 1 
20121121,20121122,20121126,20121129,20121130,20121201,20121202,20121203,20121204,20121205,20121209,20121212,20121213,20121216,20121219,20121220,20121222,20121226,20121228,20121230,20130101 
Number is 98 
G.6.2_index_3_VS_G.4.2_index_4 [20] PLUS 1 
20121120,20121121,20121122,20121123,20121125,20121129,20121130,20121201,20121202,20121203,20121204,20121205,20121208,20121209,20121213,20121214,20121216,20121217,20121218,20121219,20121220,20121223,20121224,20121225,20121226,20121229,20121231,20130101 
Number is 99 
G.6.1_index_2_VS_G.3.4_index_1 [21] PLUS 1 
20121126,20121127,20121129,20121130,20121201,20121202,20121203,20121204,20121205,20121206,20121208,20121209,20121210,20121214,20121215,20121218,20121219,20121221,20121223,20121225,20121226,20121227,20121230,20121231,20130101 
