======== Current: 20121206 ========= 
Number is 13 
G.5.5_index_4_VS_G.6.1_index_1 [1] PLUS 1 
20121121,20121122,20121125,20121129,20121130,20121201,20121202,20121203,20121204,20121205,20121206,20121208,20121213,20121214,20121216,20121217,20121221,20121227,20121230,20121231 
Number is 16 
G.4.2_index_4_VS_G.DB_index_1 [2] 
20121121,20121122,20121126,20121129,20121130,20121201,20121202,20121203,20121204,20121205,20121209,20121212,20121213,20121216,20121219,20121220,20121222,20121226,20121228,20121230,20130101 
Number is 17 
G.7.4_index_2_VS_G.3.1_index_3 [3] PLUS 1 
20121123,20121130,20121201,20121202,20121203,20121204,20121205,20121206,20121214,20121220,20121221,20121224,20121228,20121229,20130101 
Number is 18 
G.1.1_index_5_VS_G.4.1_index_1 [4] 
20121121,20121127,20121129,20121130,20121201,20121202,20121203,20121204,20121205,20121208,20121215,20121219,20121221,20121222,20121225,20121226,20121227,20121230 
Number is 19 
G.7.4_index_2_VS_G.5.1_index_1 [5] PLUS 1 
20121120,20121122,20121123,20121126,20121130,20121201,20121202,20121203,20121204,20121205,20121206,20121209,20121213,20121216,20121218,20121222,20121223,20121225,20121226,20121229,20121231,20130101 
Number is 21 
G.6.2_index_3_VS_G.4.2_index_4 [6] 
20121120,20121121,20121122,20121123,20121125,20121129,20121130,20121201,20121202,20121203,20121204,20121205,20121208,20121209,20121213,20121214,20121216,20121217,20121218,20121219,20121220,20121223,20121224,20121225,20121226,20121229,20121231,20130101 
Number is 22 
G.3.1_index_2_VS_G.6.3_index_3 [7] 
20121120,20121123,20121125,20121128,20121130,20121201,20121202,20121203,20121204,20121205,20121208,20121209,20121212,20121215,20121216,20121218,20121219,20121222,20121224,20121225,20121227,20121228,20121230,20121231 
Number is 23 
G.3.1_index_2_VS_G.6.2_index_1 [8] 
20121121,20121122,20121125,20121126,20121128,20121129,20121130,20121201,20121202,20121203,20121204,20121205,20121207,20121208,20121210,20121211,20121212,20121213,20121215,20121216,20121217,20121218,20121220,20121221,20121224,20121228,20121231 
Number is 27 
G.6.3_index_3_VS_G.3.1_index_3 [9] 
20121121,20121124,20121125,20121126,20121130,20121201,20121202,20121203,20121204,20121205,20121207,20121209,20121210,20121211,20121213,20121217,20121224,20121225,20121227,20130101 
Number is 29 
G.3.1_index_2_VS_G.DB_index_2 [10] 
20121120,20121122,20121128,20121129,20121130,20121201,20121202,20121203,20121204,20121205,20121209,20121212,20121213,20121214,20121216,20121218,20121219,20121220,20121224,20121225,20121231,20130101 
Number is 30 
G.3.2_index_5_VS_G.4.3_index_2 [11] 
20121123,20121125,20121130,20121201,20121202,20121203,20121204,20121205,20121212,20121213,20121216,20121218,20121219,20121221,20121224,20121225,20121227,20121228,20121230,20121231 
Number is 31 
G.3.2_index_4_VS_G.3.5_index_5 [12] PLUS 1 
20121121,20121130,20121201,20121202,20121203,20121204,20121205,20121206,20121207,20121208,20121216,20121218,20121223,20121225,20121226,20121227,20121231 
Number is 32 
G.3.2_index_4_VS_G.1.1_index_3 [13] 
20121120,20121121,20121124,20121125,20121129,20121130,20121201,20121202,20121203,20121204,20121205,20121207,20121211,20121212,20121213,20121215,20121217,20121218,20121221,20121225,20121226,20121228,20121231,20130101 
G.3.2_index_4_VS_G.4.1_index_4 [14] 
20121121,20121122,20121130,20121201,20121202,20121203,20121204,20121205,20121213,20121216,20121218,20121220,20121221,20121222,20121223,20121224,20121225,20121227,20130101 
Number is 37 
G.6.3_index_2_VS_G.3.1_index_3 [15] PLUS 1 
20121120,20121121,20121127,20121129,20121130,20121201,20121202,20121203,20121204,20121205,20121206,20121209,20121214,20121215,20121219,20121222,20121225,20121227,20121230,20130101 
Number is 44 
G.5.2_index_2_VS_G.5.2_index_2 [16] PLUS 1 
20121121,20121122,20121129,20121130,20121201,20121202,20121203,20121204,20121205,20121206,20121210,20121231 
Number is 49 
G.5.2_index_2_VS_G.5.1_index_3 [17] 
20121121,20121130,20121201,20121202,20121203,20121204,20121205,20121210,20121211,20121212,20121218,20121220,20121222,20121225,20121226,20121227,20121231 
Number is 53 
G.DB_index_5_VS_G.6.3_index_2 [18] 
20121121,20121122,20121124,20121127,20121130,20121201,20121202,20121203,20121204,20121205,20121208,20121209,20121212,20121215,20121218,20121222,20121223,20121224,20121225,20121229,20121231 
Number is 54 
G.5.4_index_4_VS_G.7.4_index_1 [19] PLUS 1 
20121123,20121126,20121127,20121128,20121129,20121130,20121201,20121202,20121203,20121204,20121205,20121206,20121207,20121209,20121212,20121221,20121222,20121225,20121226,20121229,20121230,20121231 
Number is 61 
G.5.6_index_4_VS_G.3.4_index_1 [20] 
20121124,20121127,20121128,20121130,20121201,20121202,20121203,20121204,20121205,20121207,20121212,20121215,20121219,20121220,20121221,20121223,20121224,20121228,20121231,20130101 
Number is 71 
G.3.2_index_1_VS_G.5.5_index_4 [21] PLUS 1 
20121121,20121123,20121126,20121127,20121130,20121201,20121202,20121203,20121204,20121205,20121206,20121212,20121214,20121217,20121218,20121219,20121226,20121228,20130101 
Number is 82 
G.4.3_index_4_VS_G.3.2_index_3 [22] 
20121121,20121122,20121125,20121127,20121129,20121130,20121201,20121202,20121203,20121204,20121205,20121211,20121213,20121216,20121217,20121224,20121229 
Number is 91 
G.6.1_index_2_VS_G.3.4_index_1 [23] PLUS 1 
20121126,20121127,20121129,20121130,20121201,20121202,20121203,20121204,20121205,20121206,20121208,20121209,20121210,20121214,20121215,20121218,20121219,20121221,20121223,20121225,20121226,20121227,20121230,20121231,20130101 
G.3.6_index_1_VS_G.4.2_index_4 [24] PLUS 1 
20121121,20121122,20121123,20121126,20121128,20121130,20121201,20121202,20121203,20121204,20121205,20121206,20121207,20121208,20121209,20121210,20121211,20121213,20121214,20121216,20121222,20121223,20121231 
Number is 97 
G.DB_index_2_VS_G.3.1_index_3 [25] 
20121121,20121126,20121130,20121201,20121202,20121203,20121204,20121205,20121208,20121209,20121210,20121212,20121213,20121214,20121217,20121218,20121219,20121221,20121223,20121224,20121225,20121229,20121231,20130101 
