======== Current: 20121211 ========= 
Number is 05 
G.3.4_index_4_VS_G.4.2_index_4 [1] PLUS 1 
20121120,20121122,20121123,20121124,20121128,20121129,20121130,20121201,20121204,20121205,20121206,20121207,20121208,20121209,20121210,20121211,20121214,20121215,20121218,20121219,20121221,20121223,20121224,20121226,20121228,20130101 
Number is 06 
G.6.1_index_3_VS_G.5.4_index_3 [2] PLUS 1 
20121123,20121124,20121125,20121128,20121201,20121205,20121206,20121207,20121208,20121209,20121210,20121211,20121214,20121216,20121217,20121218,20121219,20121221,20121223,20121226,20121227,20121228,20121229 
Number is 14 
G.4.3_index_1_VS_G.DB_index_2 [3] 
20121120,20121121,20121123,20121128,20121129,20121205,20121206,20121207,20121208,20121209,20121210,20121213,20121214,20121216,20121218,20121220,20121222,20121225,20121226,20121227,20130101 
Number is 25 
G.6.1_index_2_VS_G.3.6_index_2 [4] PLUS 1 
20121120,20121121,20121124,20121126,20121127,20121130,20121201,20121204,20121205,20121206,20121207,20121208,20121209,20121210,20121211,20121213,20121215,20121216,20121221,20121222,20121224,20121225,20121226,20121228,20121230 
Number is 35 
G.3.6_index_1_VS_G.3.6_index_2 [5] PLUS 1 
20121120,20121122,20121126,20121128,20121129,20121201,20121203,20121205,20121206,20121207,20121208,20121209,20121210,20121211,20121212,20121214,20121216,20121217,20121219,20121220,20121230 
G.3.6_index_1_VS_G.4.2_index_4 [6] PLUS 1 
20121121,20121122,20121123,20121126,20121128,20121130,20121201,20121202,20121203,20121204,20121205,20121206,20121207,20121208,20121209,20121210,20121211,20121213,20121214,20121216,20121222,20121223,20121231 
Number is 44 
G.5.3_index_2_VS_G.7.3_index_2 [7] PLUS 1 
20121120,20121122,20121125,20121126,20121127,20121130,20121201,20121203,20121204,20121205,20121206,20121207,20121208,20121209,20121210,20121211,20121212,20121214,20121215,20121216,20121217,20121219,20121222,20121223,20121224,20121227,20121228,20121229,20121230 
Number is 52 
G.5.5_index_1_VS_G.3.2_index_1 [8] PLUS 1 
20121120,20121121,20121122,20121124,20121127,20121128,20121129,20121201,20121204,20121205,20121206,20121207,20121208,20121209,20121210,20121211,20121212,20121213,20121215,20121216,20121217,20121219,20121221,20121223,20121224,20121225,20121231,20130101 
Number is 54 
G.3.5_index_4_VS_G.DB_index_2 [9] 
20121120,20121121,20121122,20121124,20121125,20121128,20121129,20121130,20121205,20121206,20121207,20121208,20121209,20121210,20121213,20121214,20121216,20121218,20121221,20121222,20121224,20121226,20121229 
Number is 65 
G.DB_index_3_VS_G.5.5_index_1 [10] 
20121120,20121121,20121123,20121125,20121127,20121128,20121130,20121205,20121206,20121207,20121208,20121209,20121210,20121216,20121217,20121218,20121221,20121224,20121227,20121228,20121231 
Number is 67 
G.7.4_index_1_VS_G.5.6_index_3 [11] 
20121122,20121123,20121125,20121201,20121202,20121205,20121206,20121207,20121208,20121209,20121210,20121212,20121214,20121217,20121224,20121226,20121229 
Number is 71 
G.4.1_index_2_VS_G.5.5_index_3 [12] 
20121120,20121125,20121126,20121129,20121130,20121202,20121203,20121205,20121206,20121207,20121208,20121209,20121210,20121213,20121220,20121223,20121224,20121228,20121231 
Number is 75 
G.4.1_index_2_VS_G.5.5_index_1 [13] 
20121123,20121127,20121128,20121129,20121201,20121202,20121203,20121204,20121205,20121206,20121207,20121208,20121209,20121210,20121212,20121216,20121220,20121222,20121223,20121224,20121225,20121226,20121227,20121231 
Number is 84 
G.4.2_index_3_VS_G.4.1_index_3 [14] PLUS 1 
20121126,20121127,20121128,20121130,20121205,20121206,20121207,20121208,20121209,20121210,20121211,20121218,20121219,20121222,20121223,20121226,20121227,20121229,20130101 
Number is 93 
G.1.1_index_4_VS_G.4.2_index_1 [15] 
20121128,20121129,20121203,20121205,20121206,20121207,20121208,20121209,20121210,20121212,20121213,20121215,20121217,20121218,20121220,20121221,20121224,20121231 
Number is 95 
G.3.1_index_4_VS_G.5.3_index_3 [16] 
20121121,20121122,20121126,20121129,20121201,20121205,20121206,20121207,20121208,20121209,20121210,20121214,20121215,20121216,20121218,20121223,20121224,20121227,20121229,20121230,20130101 
