======== Current: 20121213 ========= 
Number is 05 
G.5.2_index_3_VS_G.1.1_index_5 [1] 
20121122,20121123,20121124,20121126,20121130,20121203,20121204,20121206,20121207,20121208,20121209,20121210,20121211,20121212,20121216,20121217,20121221,20121224,20121226,20121227,20121229,20121230 
Number is 06 
G.4.2_index_1_VS_G.3.5_index_2 [2] PLUS 1 
20121120,20121125,20121128,20121130,20121201,20121204,20121207,20121208,20121209,20121210,20121211,20121212,20121213,20121214,20121223,20121225,20121228,20121229 
G.4.1_index_3_VS_G.3.5_index_2 [3] PLUS 1 
20121121,20121125,20121126,20121128,20121129,20121130,20121203,20121207,20121208,20121209,20121210,20121211,20121212,20121213,20121214,20121220,20121221,20121226,20121230,20121231 
Number is 09 
G.4.4_index_4_VS_G.4.3_index_4 [4] 
20121121,20121124,20121125,20121127,20121201,20121202,20121203,20121206,20121207,20121208,20121209,20121210,20121211,20121212,20121216,20121217,20121220,20121229 
Number is 14 
G.4.4_index_2_VS_G.4.4_index_1 [5] PLUS 1 
20121120,20121124,20121130,20121201,20121204,20121207,20121208,20121209,20121210,20121211,20121212,20121213,20121216,20121217,20121221,20121222,20121225,20121228,20121229,20130101 
Number is 18 
G.2.2_index_2_VS_G.5.3_index_1 [6] PLUS 1 
20121121,20121122,20121125,20121126,20121201,20121203,20121207,20121208,20121209,20121210,20121211,20121212,20121213,20121217,20121224,20121227,20121228,20121229 
Number is 21 
G.2.1_index_2_VS_G.5.2_index_2 [7] PLUS 1 
20121121,20121122,20121129,20121130,20121202,20121203,20121207,20121208,20121209,20121210,20121211,20121212,20121213,20121215,20121216,20121217,20121219,20121220,20121222,20121223,20121225,20121227,20121228,20121230,20121231,20130101 
Number is 26 
G.2.1_index_2_VS_G.3.5_index_2 [8] PLUS 1 
20121122,20121125,20121127,20121128,20121130,20121201,20121203,20121207,20121208,20121209,20121210,20121211,20121212,20121213,20121214,20121216,20121217,20121219,20121220,20121221,20121223,20121225,20121228,20121231 
G.5.2_index_4_VS_G.5.3_index_2 [9] PLUS 1 
20121122,20121123,20121124,20121125,20121127,20121128,20121130,20121201,20121202,20121204,20121207,20121208,20121209,20121210,20121211,20121212,20121213,20121214,20121218,20121225,20121227,20121230 
Number is 29 
G.4.1_index_4_VS_G.4.3_index_4 [10] 
20121125,20121126,20121201,20121202,20121207,20121208,20121209,20121210,20121211,20121212,20121218,20121225 
Number is 41 
G.DB_index_3_VS_G.2.1_index_3 [11] PLUS 1 
20121120,20121123,20121201,20121204,20121207,20121208,20121209,20121210,20121211,20121212,20121213,20121214,20121216,20121217,20121218,20121220,20121224,20121226,20130101 
Number is 46 
G.3.6_index_1_VS_G.3.6_index_2 [12] 
20121120,20121122,20121126,20121128,20121129,20121201,20121203,20121205,20121206,20121207,20121208,20121209,20121210,20121211,20121212,20121214,20121216,20121217,20121219,20121220,20121230 
Number is 49 
G.DB_index_3_VS_G.4.3_index_3 [13] 
20121120,20121121,20121122,20121124,20121125,20121126,20121127,20121128,20121201,20121206,20121207,20121208,20121209,20121210,20121211,20121212,20121216,20121217,20121220,20121222,20121224,20121226,20121227,20121228,20130101 
Number is 60 
G.5.5_index_1_VS_G.3.2_index_1 [14] PLUS 1 
20121120,20121121,20121122,20121124,20121127,20121128,20121129,20121201,20121204,20121205,20121206,20121207,20121208,20121209,20121210,20121211,20121212,20121213,20121215,20121216,20121217,20121219,20121221,20121223,20121224,20121225,20121231,20130101 
Number is 61 
G.4.1_index_2_VS_G.2.2_index_2 [15] 
20121120,20121122,20121123,20121127,20121128,20121201,20121202,20121203,20121204,20121206,20121207,20121208,20121209,20121210,20121211,20121212,20121217,20121224,20121227,20121228,20121231 
Number is 64 
G.5.3_index_2_VS_G.7.3_index_2 [16] 
20121120,20121122,20121125,20121126,20121127,20121130,20121201,20121203,20121204,20121205,20121206,20121207,20121208,20121209,20121210,20121211,20121212,20121214,20121215,20121216,20121217,20121219,20121222,20121223,20121224,20121227,20121228,20121229,20121230 
Number is 66 
G.5.5_index_1_VS_G.3.5_index_2 [17] 
20121128,20121129,20121130,20121201,20121202,20121204,20121207,20121208,20121209,20121210,20121211,20121212,20121215,20121218,20121219,20121220,20121223,20121224,20121225,20121227,20121228,20121230,20121231 
G.3.5_index_2_VS_G.3.6_index_2 [18] 
20121121,20121124,20121125,20121126,20121129,20121130,20121202,20121203,20121204,20121207,20121208,20121209,20121210,20121211,20121212,20121214,20121216,20121218,20121220,20121221,20121222,20121223,20121224,20121231,20130101 
Number is 67 
G.3.2_index_3_VS_G.6.3_index_3 [19] PLUS 1 
20121124,20121126,20121128,20121201,20121202,20121203,20121207,20121208,20121209,20121210,20121211,20121212,20121213,20121216,20121221,20121225,20121227,20121228 
Number is 93 
G.2.2_index_4_VS_G.4.3_index_2 [20] PLUS 1 
20121122,20121123,20121125,20121126,20121207,20121208,20121209,20121210,20121211,20121212,20121213,20121216,20121217,20121220,20121223,20121226,20121228,20121231 
