======== Current: 20121214 ========= 
Number is 11 
G.4.2_index_1_VS_G.3.6_index_2 [1] PLUS 1 
20121124,20121125,20121126,20121127,20121201,20121204,20121205,20121208,20121209,20121210,20121211,20121212,20121213,20121214,20121215,20121216,20121222,20121223,20121224,20121226,20121229,20121230 
Number is 13 
G.4.2_index_1_VS_G.3.5_index_2 [2] PLUS 1 
20121120,20121125,20121128,20121130,20121201,20121204,20121207,20121208,20121209,20121210,20121211,20121212,20121213,20121214,20121223,20121225,20121228,20121229 
G.DB_index_3_VS_G.3.4_index_4 [3] PLUS 1 
20121120,20121122,20121123,20121125,20121129,20121130,20121208,20121209,20121210,20121211,20121212,20121213,20121214,20121216,20121218,20121221,20121227,20130101 
G.DB_index_3_VS_G.2.1_index_3 [4] PLUS 1 
20121120,20121123,20121201,20121204,20121207,20121208,20121209,20121210,20121211,20121212,20121213,20121214,20121216,20121217,20121218,20121220,20121224,20121226,20130101 
Number is 17 
G.3.6_index_2_VS_G.3.2_index_1 [5] 
20121120,20121123,20121124,20121126,20121127,20121129,20121203,20121204,20121205,20121206,20121208,20121209,20121210,20121211,20121212,20121213,20121216,20121219,20121223,20121224,20121227,20121230 
G.5.3_index_3_VS_G.6.1_index_2 [6] 
20121126,20121127,20121128,20121129,20121203,20121206,20121208,20121209,20121210,20121211,20121212,20121213,20121216,20121217,20121218,20121219,20121223,20121224,20121227,20121228,20121229,20121230,20130101 
Number is 19 
G.5.3_index_3_VS_G.4.3_index_4 [7] PLUS 1 
20121121,20121122,20121206,20121208,20121209,20121210,20121211,20121212,20121213,20121214,20121221,20121222,20121224,20121227,20121229,20121230 
Number is 24 
G.4.4_index_2_VS_G.4.4_index_1 [8] 
20121120,20121124,20121130,20121201,20121204,20121207,20121208,20121209,20121210,20121211,20121212,20121213,20121216,20121217,20121221,20121222,20121225,20121228,20121229,20130101 
Number is 26 
G.5.1_index_3_VS_G.6.3_index_3 [9] 
20121120,20121121,20121122,20121125,20121127,20121130,20121201,20121204,20121208,20121209,20121210,20121211,20121212,20121213,20121215,20121216,20121218,20121220,20121223,20121224,20121225,20121231 
Number is 31 
G.3.6_index_5_VS_G.5.3_index_3 [10] PLUS 1 
20121124,20121125,20121129,20121201,20121203,20121205,20121206,20121208,20121209,20121210,20121211,20121212,20121213,20121214,20121217,20121220,20121221,20121224,20121225,20121227,20121229,20121231 
G.4.3_index_2_VS_G.3.5_index_5 [11] PLUS 1 
20121121,20121125,20121128,20121201,20121208,20121209,20121210,20121211,20121212,20121213,20121214,20121219,20121222,20121223,20121225,20121227,20130101 
G.5.2_index_4_VS_G.5.3_index_2 [12] PLUS 1 
20121122,20121123,20121124,20121125,20121127,20121128,20121130,20121201,20121202,20121204,20121207,20121208,20121209,20121210,20121211,20121212,20121213,20121214,20121218,20121225,20121227,20121230 
Number is 33 
G.2.2_index_4_VS_G.4.3_index_2 [13] 
20121122,20121123,20121125,20121126,20121207,20121208,20121209,20121210,20121211,20121212,20121213,20121216,20121217,20121220,20121223,20121226,20121228,20121231 
Number is 35 
G.2.2_index_4_VS_G.6.1_index_3 [14] PLUS 1 
20121126,20121128,20121129,20121203,20121208,20121209,20121210,20121211,20121212,20121213,20121214,20121218,20121223,20121230,20130101 
Number is 36 
G.3.5_index_1_VS_G.6.3_index_3 [15] 
20121122,20121123,20121124,20121127,20121128,20121129,20121201,20121203,20121205,20121208,20121209,20121210,20121211,20121212,20121213,20121215,20121218,20121224,20121225 
Number is 38 
G.3.6_index_1_VS_G.2.2_index_1 [16] PLUS 1 
20121120,20121123,20121126,20121127,20121128,20121129,20121130,20121208,20121209,20121210,20121211,20121212,20121213,20121214,20121218,20121222,20121223,20121224,20121225,20121227,20121228,20121229 
Number is 42 
G.2.2_index_2_VS_G.5.1_index_2 [17] 
20121122,20121125,20121127,20121128,20121129,20121130,20121202,20121203,20121204,20121206,20121208,20121209,20121210,20121211,20121212,20121213,20121219,20121230,20121231,20130101 
Number is 43 
G.4.1_index_3_VS_G.3.5_index_2 [18] PLUS 1 
20121121,20121125,20121126,20121128,20121129,20121130,20121203,20121207,20121208,20121209,20121210,20121211,20121212,20121213,20121214,20121220,20121221,20121226,20121230,20121231 
G.2.2_index_2_VS_G.7.3_index_2 [19] PLUS 1 
20121121,20121125,20121127,20121128,20121130,20121204,20121205,20121208,20121209,20121210,20121211,20121212,20121213,20121214,20121216,20121220,20121222,20121224,20121225,20121231 
Number is 46 
G.3.2_index_3_VS_G.6.3_index_3 [20] 
20121124,20121126,20121128,20121201,20121202,20121203,20121207,20121208,20121209,20121210,20121211,20121212,20121213,20121216,20121221,20121225,20121227,20121228 
Number is 48 
G.4.4_index_1_VS_G.5.4_index_1 [21] 
20121122,20121127,20121130,20121201,20121208,20121209,20121210,20121211,20121212,20121213,20121218,20121221,20121223,20121225,20121226,20130101 
G.2.2_index_2_VS_G.5.3_index_1 [22] 
20121121,20121122,20121125,20121126,20121201,20121203,20121207,20121208,20121209,20121210,20121211,20121212,20121213,20121217,20121224,20121227,20121228,20121229 
Number is 64 
G.DB_index_1_VS_G.3.3_index_4 [23] 
20121121,20121123,20121125,20121126,20121129,20121130,20121201,20121202,20121203,20121208,20121209,20121210,20121211,20121212,20121213,20121216,20121217,20121218,20121219,20121221,20121222,20121224,20121226,20121228,20121229 
Number is 67 
G.6.3_index_1_VS_G.4.3_index_3 [24] 
20121120,20121127,20121128,20121202,20121208,20121209,20121210,20121211,20121212,20121213,20121217,20121218,20121225,20121226,20121227,20121230,20121231 
G.6.3_index_3_VS_G.4.3_index_3 [25] 
20121121,20121123,20121125,20121127,20121128,20121203,20121208,20121209,20121210,20121211,20121212,20121213,20121215,20121220,20121222,20121223,20121224,20121225,20121227,20121228,20121230 
G.5.5_index_1_VS_G.3.2_index_1 [26] 
20121120,20121121,20121122,20121124,20121127,20121128,20121129,20121201,20121204,20121205,20121206,20121207,20121208,20121209,20121210,20121211,20121212,20121213,20121215,20121216,20121217,20121219,20121221,20121223,20121224,20121225,20121231,20130101 
Number is 73 
G.2.1_index_2_VS_G.3.5_index_2 [27] PLUS 1 
20121122,20121125,20121127,20121128,20121130,20121201,20121203,20121207,20121208,20121209,20121210,20121211,20121212,20121213,20121214,20121216,20121217,20121219,20121220,20121221,20121223,20121225,20121228,20121231 
G.4.1_index_4_VS_G.3.6_index_5 [28] PLUS 1 
20121120,20121129,20121202,20121208,20121209,20121210,20121211,20121212,20121213,20121214,20121218,20121221,20121222,20121224 
Number is 76 
G.2.1_index_2_VS_G.5.4_index_4 [29] 
20121123,20121125,20121126,20121127,20121130,20121201,20121202,20121203,20121206,20121208,20121209,20121210,20121211,20121212,20121213,20121216,20121217,20121218,20121219,20121220,20121221,20121225,20121229,20121230,20130101 
Number is 77 
G.2.1_index_2_VS_G.5.2_index_2 [30] 
20121121,20121122,20121129,20121130,20121202,20121203,20121207,20121208,20121209,20121210,20121211,20121212,20121213,20121215,20121216,20121217,20121219,20121220,20121222,20121223,20121225,20121227,20121228,20121230,20121231,20130101 
G.6.1_index_2_VS_G.4.3_index_3 [31] 
20121201,20121206,20121208,20121209,20121210,20121211,20121212,20121213,20121215,20121217,20121219,20121220,20121223,20121226,20121227 
Number is 93 
G.1.1_index_2_VS_G.4.3_index_2 [32] PLUS 1 
20121122,20121125,20121128,20121203,20121208,20121209,20121210,20121211,20121212,20121213,20121214,20121216,20121218,20121219,20121223,20121228,20121229,20121230 
Number is 97 
G.5.6_index_3_VS_G.2.1_index_2 [33] 
20121121,20121124,20121129,20121203,20121208,20121209,20121210,20121211,20121212,20121213,20121219,20121220,20121224,20121226,20121229 
