======== Current: 20121215 ========= 
Number is 01 
G.2.2_index_4_VS_G.6.1_index_3 [1] 
20121126,20121128,20121129,20121203,20121208,20121209,20121210,20121211,20121212,20121213,20121214,20121218,20121223,20121230,20130101 
Number is 04 
G.4.2_index_1_VS_G.3.6_index_2 [2] PLUS 1 
20121124,20121125,20121126,20121127,20121201,20121204,20121205,20121208,20121209,20121210,20121211,20121212,20121213,20121214,20121215,20121216,20121222,20121223,20121224,20121226,20121229,20121230 
G.2.2_index_4_VS_G.5.3_index_2 [3] PLUS 1 
20121121,20121126,20121127,20121201,20121207,20121209,20121210,20121211,20121212,20121213,20121214,20121215,20121216,20121223,20121224,20121225,20121226,20121227 
Number is 09 
G.4.2_index_1_VS_G.3.5_index_2 [4] 
20121120,20121125,20121128,20121130,20121201,20121204,20121207,20121208,20121209,20121210,20121211,20121212,20121213,20121214,20121223,20121225,20121228,20121229 
Number is 10 
G.1.1_index_5_VS_G.3.5_index_4 [5] 
20121125,20121127,20121130,20121203,20121209,20121210,20121211,20121212,20121213,20121214,20121222,20121223,20121224,20121225,20121227,20121228,20121229,20121231,20130101 
G.2.2_index_2_VS_G.7.3_index_2 [6] 
20121121,20121125,20121127,20121128,20121130,20121204,20121205,20121208,20121209,20121210,20121211,20121212,20121213,20121214,20121216,20121220,20121222,20121224,20121225,20121231 
Number is 17 
G.3.1_index_4_VS_G.5.6_index_1 [7] PLUS 1 
20121122,20121124,20121129,20121201,20121205,20121206,20121209,20121210,20121211,20121212,20121213,20121214,20121215,20121216,20121218,20121220,20121224,20121225,20121228,20121229,20121230,20130101 
Number is 20 
G.4.3_index_2_VS_G.3.3_index_3 [8] 
20121121,20121123,20121205,20121209,20121210,20121211,20121212,20121213,20121214,20121216,20121217,20121218,20121225,20121228,20121229,20121230,20121231,20130101 
Number is 23 
G.DB_index_3_VS_G.3.4_index_4 [9] 
20121120,20121122,20121123,20121125,20121129,20121130,20121208,20121209,20121210,20121211,20121212,20121213,20121214,20121216,20121218,20121221,20121227,20130101 
G.5.2_index_2_VS_G.3.4_index_4 [10] 
20121120,20121123,20121130,20121203,20121205,20121207,20121209,20121210,20121211,20121212,20121213,20121214,20121216,20121219,20121220,20121221,20121222,20121225,20121226,20121227,20121229,20130101 
Number is 25 
G.DB_index_3_VS_G.2.1_index_3 [11] 
20121120,20121123,20121201,20121204,20121207,20121208,20121209,20121210,20121211,20121212,20121213,20121214,20121216,20121217,20121218,20121220,20121224,20121226,20130101 
G.4.3_index_2_VS_G.5.4_index_1 [12] 
20121121,20121122,20121129,20121203,20121206,20121207,20121209,20121210,20121211,20121212,20121213,20121214,20121216,20121218,20121219,20121222,20121228,20121229,20121230,20121231 
Number is 26 
G.4.3_index_2_VS_G.5.6_index_2 [13] 
20121120,20121121,20121123,20121128,20121129,20121202,20121203,20121204,20121207,20121209,20121210,20121211,20121212,20121213,20121214,20121216,20121217,20121219,20121220,20121221,20121222,20121223,20121225,20121226,20121228,20130101 
Number is 27 
G.4.3_index_2_VS_G.3.5_index_5 [14] 
20121121,20121125,20121128,20121201,20121208,20121209,20121210,20121211,20121212,20121213,20121214,20121219,20121222,20121223,20121225,20121227,20130101 
Number is 29 
G.4.1_index_3_VS_G.3.5_index_2 [15] 
20121121,20121125,20121126,20121128,20121129,20121130,20121203,20121207,20121208,20121209,20121210,20121211,20121212,20121213,20121214,20121220,20121221,20121226,20121230,20121231 
Number is 31 
G.DB_index_4_VS_G.3.1_index_4 [16] PLUS 1 
20121127,20121128,20121130,20121201,20121203,20121205,20121209,20121210,20121211,20121212,20121213,20121214,20121215,20121216,20121218,20121219,20121220,20121222,20121223,20121227,20121229 
Number is 32 
G.1.1_index_2_VS_G.4.3_index_2 [17] 
20121122,20121125,20121128,20121203,20121208,20121209,20121210,20121211,20121212,20121213,20121214,20121216,20121218,20121219,20121223,20121228,20121229,20121230 
Number is 42 
G.3.6_index_2_VS_G.4.3_index_2 [18] 
20121120,20121121,20121122,20121123,20121202,20121207,20121209,20121210,20121211,20121212,20121213,20121214,20121216,20121219,20121222,20121223,20121224,20121225,20121229,20121231 
Number is 43 
G.7.4_index_1_VS_G.3.4_index_4 [19] PLUS 1 
20121121,20121122,20121123,20121128,20121129,20121130,20121201,20121203,20121205,20121209,20121210,20121211,20121212,20121213,20121214,20121215,20121217,20121221,20121222 
G.3.6_index_2_VS_G.3.4_index_4 [20] PLUS 1 
20121121,20121123,20121124,20121128,20121201,20121205,20121206,20121207,20121209,20121210,20121211,20121212,20121213,20121214,20121215,20121217,20121219,20121220,20121221,20121222,20121224,20121225,20121228,20121230 
G.3.6_index_2_VS_G.2.2_index_5 [21] PLUS 1 
20121120,20121122,20121124,20121126,20121127,20121201,20121203,20121207,20121209,20121210,20121211,20121212,20121213,20121214,20121215,20121216,20121219,20121221,20121224,20121231,20130101 
Number is 45 
G.3.1_index_2_VS_G.3.3_index_4 [22] 
20121122,20121124,20121125,20121126,20121128,20121201,20121202,20121203,20121209,20121210,20121211,20121212,20121213,20121214,20121218,20121221,20121224,20121231,20130101 
Number is 49 
G.3.6_index_1_VS_G.2.2_index_1 [23] 
20121120,20121123,20121126,20121127,20121128,20121129,20121130,20121208,20121209,20121210,20121211,20121212,20121213,20121214,20121218,20121222,20121223,20121224,20121225,20121227,20121228,20121229 
Number is 54 
G.2.1_index_4_VS_G.5.3_index_2 [24] 
20121121,20121123,20121124,20121125,20121126,20121129,20121201,20121202,20121206,20121209,20121210,20121211,20121212,20121213,20121214,20121216,20121218,20121220,20121224,20121225,20121228,20121229 
Number is 58 
G.4.1_index_4_VS_G.3.6_index_5 [25] 
20121120,20121129,20121202,20121208,20121209,20121210,20121211,20121212,20121213,20121214,20121218,20121221,20121222,20121224 
Number is 65 
G.6.2_index_3_VS_G.4.1_index_4 [26] PLUS 1 
20121122,20121125,20121127,20121128,20121129,20121130,20121201,20121202,20121209,20121210,20121211,20121212,20121213,20121214,20121215,20121216,20121218,20121219,20121222,20121224,20121225,20121226,20121228,20130101 
Number is 71 
G.3.5_index_5_VS_G.3.1_index_4 [27] PLUS 1 
20121121,20121124,20121128,20121201,20121202,20121205,20121209,20121210,20121211,20121212,20121213,20121214,20121215,20121216,20121217,20121218,20121219,20121220,20121223,20121224,20121229,20121230,20121231 
Number is 75 
G.5.3_index_3_VS_G.4.3_index_4 [28] 
20121121,20121122,20121206,20121208,20121209,20121210,20121211,20121212,20121213,20121214,20121221,20121222,20121224,20121227,20121229,20121230 
Number is 84 
G.7.2_index_2_VS_G.3.6_index_2 [29] PLUS 1 
20121120,20121121,20121122,20121123,20121126,20121127,20121130,20121203,20121205,20121206,20121209,20121210,20121211,20121212,20121213,20121214,20121215,20121217,20121219,20121222,20121223,20121225,20121230,20130101 
Number is 87 
G.3.6_index_5_VS_G.5.3_index_3 [30] 
20121124,20121125,20121129,20121201,20121203,20121205,20121206,20121208,20121209,20121210,20121211,20121212,20121213,20121214,20121217,20121220,20121221,20121224,20121225,20121227,20121229,20121231 
Number is 89 
G.2.1_index_2_VS_G.3.5_index_2 [31] 
20121122,20121125,20121127,20121128,20121130,20121201,20121203,20121207,20121208,20121209,20121210,20121211,20121212,20121213,20121214,20121216,20121217,20121219,20121220,20121221,20121223,20121225,20121228,20121231 
Number is 94 
G.5.2_index_4_VS_G.5.3_index_2 [32] 
20121122,20121123,20121124,20121125,20121127,20121128,20121130,20121201,20121202,20121204,20121207,20121208,20121209,20121210,20121211,20121212,20121213,20121214,20121218,20121225,20121227,20121230 
Number is 98 
G.2.2_index_1_VS_G.2.1_index_2 [33] 
20121120,20121122,20121123,20121126,20121128,20121129,20121130,20121202,20121204,20121207,20121209,20121210,20121211,20121212,20121213,20121214,20121216,20121219,20121220,20121225,20121228,20121231,20130101 
