======== Current: 20121218 ========= 
Number is 13 
G.6.1_index_1_VS_G.4.2_index_4 [1] 
20121122,20121123,20121126,20121128,20121129,20121201,20121203,20121206,20121208,20121211,20121212,20121213,20121214,20121215,20121216,20121217,20121219,20121226,20121227,20121228,20121230,20121231 
G.3.3_index_5_VS_G.2.2_index_4 [2] 
20121123,20121124,20121125,20121126,20121129,20121130,20121203,20121209,20121212,20121213,20121214,20121215,20121216,20121217,20121219,20121220,20121225,20121226,20121230,20121231 
Number is 35 
G.5.6_index_4_VS_G.2.1_index_4 [3] PLUS 1 
20121120,20121121,20121124,20121125,20121129,20121130,20121201,20121203,20121209,20121212,20121213,20121214,20121215,20121216,20121217,20121218,20121224,20121231 
Number is 42 
G.3.5_index_5_VS_G.3.1_index_4 [4] PLUS 1 
20121121,20121124,20121128,20121201,20121202,20121205,20121209,20121210,20121211,20121212,20121213,20121214,20121215,20121216,20121217,20121218,20121219,20121220,20121223,20121224,20121229,20121230,20121231 
Number is 49 
G.4.3_index_2_VS_G.7.1_index_2 [5] PLUS 1 
20121121,20121123,20121125,20121127,20121128,20121130,20121206,20121207,20121208,20121212,20121213,20121214,20121215,20121216,20121217,20121218,20121219,20121223,20121225 
Number is 50 
G.6.1_index_3_VS_G.1.1_index_3 [6] PLUS 1 
20121121,20121125,20121130,20121201,20121203,20121205,20121209,20121212,20121213,20121214,20121215,20121216,20121217,20121218,20121219,20121222,20121223,20121225,20121226,20121229,20121230 
Number is 55 
G.3.2_index_5_VS_G.4.2_index_2 [7] 
20121123,20121127,20121203,20121206,20121212,20121213,20121214,20121215,20121216,20121217,20121228,20121230,20121231,20130101 
Number is 58 
G.6.1_index_3_VS_G.5.6_index_2 [8] 
20121123,20121125,20121128,20121207,20121210,20121212,20121213,20121214,20121215,20121216,20121217,20121219,20121220,20121223,20121226,20121230 
Number is 66 
G.2.1_index_1_VS_G.7.2_index_2 [9] 
20121120,20121121,20121122,20121126,20121127,20121129,20121201,20121202,20121206,20121211,20121212,20121213,20121214,20121215,20121216,20121217,20121219,20121222,20121224,20121225 
G.3.3_index_1_VS_G.4.4_index_4 [10] 
20121121,20121122,20121125,20121204,20121207,20121210,20121211,20121212,20121213,20121214,20121215,20121216,20121217,20121222,20121224,20121226,20121229,20121231,20130101 
Number is 68 
G.2.2_index_1_VS_G.5.6_index_2 [11] PLUS 1 
20121122,20121124,20121127,20121128,20121129,20121201,20121207,20121208,20121212,20121213,20121214,20121215,20121216,20121217,20121218,20121223,20121228,20121229,20121230,20130101 
Number is 71 
G.6.2_index_2_VS_G.6.1_index_1 [12] 
20121122,20121123,20121126,20121129,20121202,20121206,20121209,20121211,20121212,20121213,20121214,20121215,20121216,20121217,20121221,20121222,20121226,20121228,20121231 
Number is 82 
G.5.2_index_4_VS_G.3.3_index_4 [13] PLUS 1 
20121121,20121122,20121124,20121125,20121126,20121127,20121130,20121201,20121203,20121208,20121210,20121211,20121212,20121213,20121214,20121215,20121216,20121217,20121218,20121219,20121220,20121225,20130101 
Number is 84 
G.5.2_index_4_VS_G.4.4_index_1 [14] 
20121120,20121122,20121129,20121203,20121204,20121210,20121212,20121213,20121214,20121215,20121216,20121217,20121220,20121221,20121222,20121225,20121228,20121231,20130101 
Number is 85 
G.3.5_index_2_VS_G.2.1_index_4 [15] 
20121120,20121121,20121122,20121125,20121126,20121129,20121130,20121205,20121212,20121213,20121214,20121215,20121216,20121217,20121220,20121222,20121223,20121227,20121230 
G.6.3_index_2_VS_G.4.2_index_2 [16] 
20121121,20121127,20121201,20121204,20121205,20121206,20121207,20121211,20121212,20121213,20121214,20121215,20121216,20121217,20121220,20121221,20121230,20121231,20130101 
G.5.2_index_1_VS_G.3.2_index_5 [17] 
20121125,20121126,20121201,20121204,20121206,20121212,20121213,20121214,20121215,20121216,20121217,20121219,20121221,20121223,20121224,20121230,20130101 
Number is 87 
G.3.5_index_2_VS_G.3.2_index_1 [18] PLUS 1 
20121124,20121125,20121128,20121205,20121208,20121210,20121212,20121213,20121214,20121215,20121216,20121217,20121218,20121219,20121223,20121224,20121225,20121226,20121230 
Number is 96 
G.3.5_index_1_VS_G.3.5_index_4 [19] 
20121122,20121127,20121128,20121201,20121202,20121203,20121206,20121207,20121211,20121212,20121213,20121214,20121215,20121216,20121217,20121222,20121224,20121226,20121231 
