======== Current: 20121221 ========= 
Number is 12 
G.DB_index_5_VS_G.5.4_index_2 [1] 
20121121,20121122,20121123,20121124,20121201,20121208,20121213,20121215,20121216,20121217,20121218,20121219,20121220,20121223,20121230 
Number is 20 
G.1.1_index_2_VS_G.3.1_index_2 [2] 
20121124,20121125,20121126,20121128,20121129,20121202,20121203,20121205,20121208,20121214,20121215,20121216,20121217,20121218,20121219,20121220,20121225,20121228,20121229,20130101 
Number is 22 
G.3.5_index_5_VS_G.3.1_index_4 [3] 
20121121,20121124,20121128,20121201,20121202,20121205,20121209,20121210,20121211,20121212,20121213,20121214,20121215,20121216,20121217,20121218,20121219,20121220,20121223,20121224,20121229,20121230,20121231 
Number is 28 
G.5.2_index_4_VS_G.3.3_index_4 [4] 
20121121,20121122,20121124,20121125,20121126,20121127,20121130,20121201,20121203,20121208,20121210,20121211,20121212,20121213,20121214,20121215,20121216,20121217,20121218,20121219,20121220,20121225,20130101 
G.5.2_index_4_VS_G.5.6_index_1 [5] 
20121123,20121124,20121125,20121129,20121130,20121201,20121206,20121207,20121208,20121209,20121213,20121214,20121215,20121216,20121217,20121218,20121219,20121220,20121222,20121225,20121226,20121227,20130101 
Number is 45 
G.4.2_index_2_VS_G.4.2_index_4 [6] PLUS 1 
20121120,20121121,20121122,20121123,20121125,20121126,20121129,20121130,20121201,20121204,20121205,20121206,20121207,20121208,20121215,20121216,20121217,20121218,20121219,20121220,20121221,20121226,20121228,20121230,20130101 
Number is 52 
G.3.6_index_3_VS_G.3.3_index_3 [7] PLUS 1 
20121120,20121125,20121129,20121202,20121203,20121207,20121209,20121213,20121215,20121216,20121217,20121218,20121219,20121220,20121221,20121222,20121223,20121231 
Number is 58 
G.4.2_index_4_VS_G.5.5_index_1 [8] 
20121120,20121121,20121122,20121123,20121125,20121128,20121130,20121201,20121203,20121204,20121209,20121215,20121216,20121217,20121218,20121219,20121220,20121226,20121228,20121231,20130101 
Number is 73 
G.2.2_index_3_VS_G.3.3_index_5 [9] 
20121125,20121127,20121129,20121130,20121201,20121203,20121209,20121213,20121215,20121216,20121217,20121218,20121219,20121220,20121222,20121228,20121229,20121231,20130101 
Number is 78 
G.6.3_index_1_VS_G.6.1_index_1 [10] PLUS 1 
20121122,20121123,20121124,20121126,20121128,20121201,20121202,20121204,20121208,20121209,20121212,20121215,20121216,20121217,20121218,20121219,20121220,20121221,20121222,20121227,20121228,20121231 
Number is 79 
G.4.3_index_3_VS_G.4.4_index_3 [11] PLUS 1 
20121121,20121123,20121126,20121127,20121128,20121130,20121206,20121208,20121210,20121212,20121215,20121216,20121217,20121218,20121219,20121220,20121221,20121222,20121227,20121228 
Number is 83 
G.6.2_index_1_VS_G.3.3_index_5 [12] PLUS 1 
20121120,20121122,20121204,20121207,20121210,20121211,20121213,20121215,20121216,20121217,20121218,20121219,20121220,20121221,20121226,20121228,20121229,20121230,20121231,20130101 
G.6.2_index_1_VS_G.1.1_index_4 [13] PLUS 1 
20121121,20121122,20121124,20121127,20121201,20121203,20121206,20121209,20121215,20121216,20121217,20121218,20121219,20121220,20121221,20121228,20121229,20121230,20121231 
G.3.2_index_3_VS_G.6.3_index_2 [14] PLUS 1 
20121125,20121129,20121204,20121205,20121207,20121209,20121212,20121213,20121215,20121216,20121217,20121218,20121219,20121220,20121221,20121224,20121225,20121227,20121231 
Number is 87 
G.5.4_index_3_VS_G.3.1_index_3 [15] PLUS 1 
20121122,20121124,20121125,20121130,20121202,20121203,20121204,20121206,20121207,20121208,20121210,20121211,20121214,20121215,20121216,20121217,20121218,20121219,20121220,20121221,20121222,20121223,20121226,20121227,20121228,20130101 
G.DB_index_4_VS_G.5.1_index_3 [16] PLUS 1 
20121121,20121125,20121130,20121201,20121204,20121208,20121209,20121211,20121215,20121216,20121217,20121218,20121219,20121220,20121221,20121222,20121223,20121227,20121230,20121231,20130101 
Number is 98 
G.5.2_index_1_VS_G.DB_index_4 [17] PLUS 1 
20121120,20121124,20121126,20121130,20121206,20121208,20121212,20121215,20121216,20121217,20121218,20121219,20121220,20121221,20121223,20121224,20121226,20121227,20121229,20121231 
Number is 99 
G.5.1_index_2_VS_G.5.2_index_1 [18] 
20121121,20121124,20121125,20121126,20121128,20121130,20121203,20121206,20121207,20121212,20121214,20121215,20121216,20121217,20121218,20121219,20121220,20121223,20121224,20121225,20121227,20121229,20121230 
G.5.2_index_1_VS_G.4.4_index_3 [19] 
20121120,20121121,20121122,20121123,20121125,20121126,20121128,20121129,20121203,20121204,20121206,20121208,20121209,20121215,20121216,20121217,20121218,20121219,20121220,20121222,20121224,20121225,20121227,20121229 
