======== Current: 20121223 ========= 
Number is 04 
G.5.4_index_3_VS_G.3.1_index_3 [1] PLUS 1 
20121122,20121124,20121125,20121130,20121202,20121203,20121204,20121206,20121207,20121208,20121210,20121211,20121214,20121215,20121216,20121217,20121218,20121219,20121220,20121221,20121222,20121223,20121226,20121227,20121228,20130101 
Number is 12 
G.5.3_index_4_VS_G.5.1_index_2 [2] PLUS 1 
20121123,20121124,20121125,20121126,20121213,20121215,20121217,20121218,20121219,20121220,20121221,20121222,20121223,20121225,20121227,20121231 
Number is 13 
G.5.3_index_4_VS_G.5.6_index_1 [3] 
20121120,20121121,20121124,20121125,20121130,20121211,20121212,20121214,20121215,20121217,20121218,20121219,20121220,20121221,20121222,20121225,20121228,20121229,20121230 
G.4.1_index_4_VS_G.7.2_index_1 [4] 
20121121,20121122,20121127,20121128,20121130,20121201,20121202,20121203,20121208,20121209,20121211,20121213,20121214,20121217,20121218,20121219,20121220,20121221,20121222,20130101 
G.4.1_index_4_VS_G.1.1_index_3 [5] 
20121122,20121125,20121130,20121201,20121202,20121203,20121208,20121209,20121211,20121212,20121215,20121217,20121218,20121219,20121220,20121221,20121222,20121228,20130101 
Number is 15 
G.4.4_index_4_VS_G.3.6_index_1 [6] 
20121121,20121122,20121125,20121127,20121129,20121130,20121202,20121203,20121206,20121208,20121209,20121210,20121214,20121216,20121217,20121218,20121219,20121220,20121221,20121222,20121227,20121228,20121229,20121231 
Number is 23 
G.6.2_index_2_VS_G.5.5_index_4 [7] 
20121121,20121123,20121126,20121129,20121201,20121202,20121203,20121212,20121213,20121214,20121216,20121217,20121218,20121219,20121220,20121221,20121222,20121226,20121227,20121229 
Number is 24 
G.6.2_index_2_VS_G.3.5_index_2 [8] PLUS 1 
20121121,20121122,20121125,20121129,20121130,20121201,20121211,20121212,20121214,20121215,20121217,20121218,20121219,20121220,20121221,20121222,20121223,20121224,20121225,20121226,20121227,20130101 
Number is 25 
G.5.1_index_2_VS_G.5.1_index_3 [9] 
20121120,20121121,20121125,20121126,20121127,20121128,20121130,20121202,20121203,20121204,20121207,20121211,20121217,20121218,20121219,20121220,20121221,20121222,20121225,20121230 
Number is 35 
G.5.5_index_4_VS_G.6.2_index_3 [10] PLUS 1 
20121125,20121126,20121127,20121202,20121203,20121208,20121209,20121212,20121214,20121215,20121217,20121218,20121219,20121220,20121221,20121222,20121223,20121227,20121228,20121229,20121230 
Number is 40 
G.5.2_index_2_VS_G.7.1_index_1 [11] PLUS 1 
20121121,20121122,20121127,20121201,20121206,20121208,20121209,20121210,20121217,20121218,20121219,20121220,20121221,20121222,20121223,20121224,20121231 
Number is 41 
G.3.1_index_3_VS_G.4.4_index_4 [12] PLUS 1 
20121120,20121121,20121122,20121125,20121127,20121202,20121203,20121204,20121206,20121209,20121214,20121215,20121217,20121218,20121219,20121220,20121221,20121222,20121223,20121227,20121229 
Number is 44 
G.3.5_index_2_VS_G.3.1_index_1 [13] 
20121121,20121122,20121125,20121129,20121202,20121209,20121211,20121212,20121214,20121217,20121218,20121219,20121220,20121221,20121222,20121226,20121227,20121228,20121230,20121231,20130101 
Number is 45 
G.3.1_index_1_VS_G.3.3_index_2 [14] 
20121121,20121122,20121123,20121125,20121128,20121130,20121201,20121202,20121205,20121206,20121207,20121208,20121209,20121217,20121218,20121219,20121220,20121221,20121222,20121224,20121226,20121228,20121230 
Number is 50 
G.3.6_index_1_VS_G.2.1_index_1 [15] PLUS 1 
20121120,20121122,20121126,20121127,20121203,20121206,20121212,20121213,20121215,20121217,20121218,20121219,20121220,20121221,20121222,20121223,20121224,20121226,20121227,20121229,20121230,20130101 
G.4.3_index_3_VS_G.4.3_index_1 [16] PLUS 1 
20121120,20121124,20121127,20121128,20121129,20121206,20121207,20121211,20121214,20121217,20121218,20121219,20121220,20121221,20121222,20121223,20121225,20121230 
Number is 51 
G.4.3_index_3_VS_G.4.4_index_3 [17] 
20121121,20121123,20121126,20121127,20121128,20121130,20121206,20121208,20121210,20121212,20121215,20121216,20121217,20121218,20121219,20121220,20121221,20121222,20121227,20121228 
Number is 52 
G.4.1_index_1_VS_G.4.2_index_2 [18] 
20121120,20121125,20121127,20121130,20121203,20121204,20121210,20121211,20121212,20121213,20121214,20121216,20121217,20121218,20121219,20121220,20121221,20121222,20121226,20121228,20121231 
Number is 56 
G.3.6_index_3_VS_G.3.3_index_3 [19] PLUS 1 
20121120,20121125,20121129,20121202,20121203,20121207,20121209,20121213,20121215,20121216,20121217,20121218,20121219,20121220,20121221,20121222,20121223,20121231 
Number is 58 
G.4.1_index_1_VS_G.5.4_index_4 [20] PLUS 1 
20121123,20121126,20121127,20121130,20121212,20121213,20121217,20121218,20121219,20121220,20121221,20121222,20121223,20121224,20121225,20121228 
Number is 59 
G.4.2_index_4_VS_G.3.6_index_2 [21] 
20121125,20121203,20121204,20121207,20121216,20121217,20121218,20121219,20121220,20121221,20121222,20121226,20121230 
G.5.6_index_3_VS_G.DB_index_2 [22] 
20121124,20121126,20121128,20121203,20121205,20121209,20121213,20121215,20121217,20121218,20121219,20121220,20121221,20121222,20121226,20121229,20130101 
Number is 72 
G.2.1_index_3_VS_G.4.2_index_2 [23] 
20121120,20121121,20121125,20121130,20121201,20121203,20121207,20121209,20121211,20121214,20121216,20121217,20121218,20121219,20121220,20121221,20121222,20121226,20121228,20121230,20130101 
Number is 77 
G.6.3_index_1_VS_G.6.1_index_1 [24] 
20121122,20121123,20121124,20121126,20121128,20121201,20121202,20121204,20121208,20121209,20121212,20121215,20121216,20121217,20121218,20121219,20121220,20121221,20121222,20121227,20121228,20121231 
G.6.1_index_1_VS_G.2.1_index_3 [25] 
20121122,20121126,20121127,20121128,20121130,20121201,20121203,20121204,20121206,20121208,20121212,20121213,20121214,20121216,20121217,20121218,20121219,20121220,20121221,20121222,20121227,20121228,20121230 
Number is 80 
G.2.1_index_5_VS_G.4.3_index_1 [26] PLUS 1 
20121120,20121121,20121122,20121125,20121126,20121128,20121129,20121201,20121205,20121206,20121210,20121212,20121214,20121217,20121218,20121219,20121220,20121221,20121222,20121223,20121225,20121226,20121230 
Number is 81 
G.DB_index_4_VS_G.5.3_index_4 [27] 
20121123,20121124,20121125,20121127,20121201,20121203,20121209,20121211,20121213,20121216,20121217,20121218,20121219,20121220,20121221,20121222,20121229,20121230,20130101 
Number is 83 
G.5.4_index_2_VS_G.1.1_index_3 [28] 
20121121,20121123,20121124,20121125,20121126,20121201,20121204,20121205,20121209,20121211,20121212,20121213,20121215,20121217,20121218,20121219,20121220,20121221,20121222,20121224,20121226,20121228,20121229,20121230,20130101 
Number is 85 
G.DB_index_4_VS_G.5.1_index_3 [29] PLUS 1 
20121121,20121125,20121130,20121201,20121204,20121208,20121209,20121211,20121215,20121216,20121217,20121218,20121219,20121220,20121221,20121222,20121223,20121227,20121230,20121231,20130101 
Number is 89 
G.6.3_index_2_VS_G.6.2_index_1 [30] 
20121122,20121127,20121128,20121129,20121202,20121203,20121206,20121207,20121210,20121216,20121217,20121218,20121219,20121220,20121221,20121222,20121224,20121225,20121229,20121231,20130101 
