======== Current: 20151103 ========= 
Number is 09 
G.5.4_index_4_VS_G.5.1_index_2 [1] 
20151018,20151019,20151021,20151022,20151025,20151026,20151028,20151029,20151030,20151031,20151101,20151102,20151109,20151111,20151113,20151119,20151121,20151125,20151126,20151127,20151201,20151202 
Number is 13 
G.6.1_index_3_VS_G.3.6_index_2 [2] PLUS 1 
20151016,20151017,20151018,20151023,20151024,20151028,20151029,20151030,20151031,20151101,20151102,20151103,20151105,20151107,20151109,20151110,20151112,20151113,20151115,20151118,20151122,20151124,20151126,20151127,20151130,20151201,20151202 
Number is 16 
G.6.1_index_3_VS_G.4.1_index_3 [3] PLUS 1 
20151017,20151018,20151023,20151026,20151027,20151028,20151029,20151030,20151031,20151101,20151102,20151103,20151104,20151108,20151109,20151110,20151114,20151116,20151119,20151120,20151122,20151127,20151130,20151201 
Number is 19 
G.6.1_index_3_VS_G.6.2_index_2 [4] 
20151016,20151021,20151022,20151023,20151024,20151025,20151026,20151028,20151029,20151030,20151031,20151101,20151102,20151110,20151113,20151118,20151119,20151120,20151121,20151127,20151129,20151130,20151201,20151202 
Number is 22 
G.3.5_index_4_VS_G.3.4_index_5 [5] 
20151019,20151021,20151024,20151028,20151029,20151030,20151031,20151101,20151102,20151106,20151109,20151111,20151116,20151118,20151120,20151127,20151128,20151201 
Number is 23 
G.5.6_index_4_VS_G.3.3_index_3 [6] 
20151016,20151019,20151021,20151022,20151025,20151026,20151027,20151028,20151029,20151030,20151031,20151101,20151102,20151104,20151106,20151108,20151110,20151111,20151113,20151118,20151119,20151122,20151125,20151127,20151128,20151129,20151130 
Number is 29 
G.3.5_index_4_VS_G.5.1_index_2 [7] PLUS 1 
20151020,20151021,20151022,20151023,20151024,20151025,20151026,20151028,20151029,20151030,20151031,20151101,20151102,20151103,20151109,20151111,20151114,20151117,20151118,20151120,20151123,20151125,20151126,20151127,20151201,20151202 
Number is 35 
G.3.2_index_1_VS_G.3.5_index_5 [8] PLUS 1 
20151017,20151018,20151025,20151026,20151028,20151029,20151030,20151031,20151101,20151102,20151103,20151108,20151110,20151112,20151116,20151117,20151118,20151120,20151121,20151122,20151126,20151127,20151130,20151201 
Number is 59 
G.DB_index_5_VS_G.6.3_index_1 [9] PLUS 1 
20151017,20151019,20151021,20151022,20151025,20151028,20151029,20151030,20151031,20151101,20151102,20151103,20151105,20151106,20151111,20151114,20151115,20151116,20151118,20151119,20151120,20151121,20151122,20151123,20151124,20151129,20151202 
G.5.5_index_3_VS_G.5.2_index_4 [10] PLUS 1 
20151024,20151027,20151028,20151029,20151030,20151031,20151101,20151102,20151103,20151104,20151107,20151108,20151109,20151111,20151112,20151116,20151118,20151122,20151123,20151124,20151125,20151129 
Number is 71 
G.4.3_index_3_VS_G.4.3_index_2 [11] PLUS 1 
20151016,20151020,20151021,20151023,20151027,20151028,20151029,20151030,20151031,20151101,20151102,20151103,20151107,20151111,20151112,20151113,20151115,20151117,20151122,20151124,20151125,20151126,20151127,20151128,20151129 
Number is 78 
G.5.1_index_1_VS_G.1.1_index_3 [12] PLUS 1 
20151016,20151017,20151019,20151022,20151023,20151026,20151028,20151029,20151030,20151031,20151101,20151102,20151103,20151106,20151112,20151114,20151115,20151121,20151128,20151202 
Number is 79 
G.4.3_index_3_VS_G.5.1_index_2 [13] 
20151018,20151019,20151021,20151022,20151025,20151028,20151029,20151030,20151031,20151101,20151102,20151105,20151111,20151112,20151113,20151115,20151117,20151118,20151121,20151123,20151125,20151128,20151129,20151201 
Number is 90 
G.3.3_index_1_VS_G.7.4_index_2 [14] 
20151016,20151021,20151024,20151025,20151026,20151028,20151029,20151030,20151031,20151101,20151102,20151105,20151107,20151114,20151115,20151118,20151121,20151126,20151127,20151129,20151130 
G.4.1_index_1_VS_G.4.3_index_1 [15] 
20151016,20151017,20151018,20151019,20151020,20151022,20151023,20151025,20151026,20151027,20151028,20151029,20151030,20151031,20151101,20151102,20151108,20151109,20151111,20151116,20151121,20151124,20151125,20151128,20151201 
Number is 92 
G.3.3_index_1_VS_G.3.4_index_5 [16] PLUS 1 
20151016,20151019,20151020,20151021,20151022,20151028,20151029,20151030,20151031,20151101,20151102,20151103,20151104,20151110,20151111,20151112,20151115,20151116,20151118,20151120,20151124,20151128,20151129,20151130,20151201,20151202 
Number is 94 
G.6.3_index_1_VS_G.3.4_index_1 [17] 
20151019,20151023,20151024,20151026,20151027,20151028,20151029,20151030,20151031,20151101,20151102,20151107,20151110,20151111,20151112,20151115,20151118,20151120,20151121,20151122,20151124,20151126,20151130,20151202 
Number is 95 
G.5.1_index_2_VS_G.4.2_index_1 [18] PLUS 1 
20151016,20151017,20151019,20151021,20151026,20151028,20151029,20151030,20151031,20151101,20151102,20151103,20151104,20151108,20151111,20151113,20151115,20151116,20151117,20151118,20151121,20151123,20151127,20151128,20151130,20151201 
G.4.1_index_1_VS_G.5.4_index_1 [19] PLUS 1 
20151016,20151018,20151021,20151022,20151023,20151025,20151028,20151029,20151030,20151031,20151101,20151102,20151103,20151108,20151110,20151117,20151119,20151120,20151121,20151122,20151123,20151125,20151127,20151129 
Number is 98 
G.6.3_index_1_VS_G.3.2_index_5 [20] 
20151018,20151020,20151021,20151022,20151023,20151024,20151027,20151028,20151029,20151030,20151031,20151101,20151102,20151105,20151107,20151111,20151112,20151118,20151120,20151122,20151123,20151124,20151126,20151127,20151202 
Number is 99 
G.6.3_index_1_VS_G.3.3_index_1 [21] 
20151017,20151022,20151023,20151024,20151026,20151027,20151028,20151029,20151030,20151031,20151101,20151102,20151106,20151107,20151111,20151112,20151113,20151119,20151122,20151126,20151127,20151129,20151202 
