======== Current: 20151104 ========= 
Number is 00 
G.3.5_index_4_VS_G.4.1_index_1 [1] 
20151017,20151018,20151022,20151026,20151029,20151030,20151031,20151101,20151102,20151103,20151108,20151111,20151112,20151116,20151118,20151119,20151120,20151201 
G.3.5_index_4_VS_G.5.1_index_2 [2] 
20151020,20151021,20151022,20151023,20151024,20151025,20151026,20151028,20151029,20151030,20151031,20151101,20151102,20151103,20151109,20151111,20151114,20151117,20151118,20151120,20151123,20151125,20151126,20151127,20151201,20151202 
G.4.1_index_1_VS_G.3.3_index_2 [3] 
20151016,20151021,20151022,20151026,20151029,20151030,20151031,20151101,20151102,20151103,20151106,20151109,20151112,20151114,20151116,20151117,20151119,20151122,20151127 
Number is 03 
G.4.1_index_1_VS_G.5.4_index_1 [4] 
20151016,20151018,20151021,20151022,20151023,20151025,20151028,20151029,20151030,20151031,20151101,20151102,20151103,20151108,20151110,20151117,20151119,20151120,20151121,20151122,20151123,20151125,20151127,20151129 
Number is 08 
G.5.1_index_2_VS_G.4.2_index_1 [5] PLUS 1 
20151016,20151017,20151019,20151021,20151026,20151028,20151029,20151030,20151031,20151101,20151102,20151103,20151104,20151108,20151111,20151113,20151115,20151116,20151117,20151118,20151121,20151123,20151127,20151128,20151130,20151201 
Number is 10 
G.3.3_index_1_VS_G.3.4_index_5 [6] PLUS 1 
20151016,20151019,20151020,20151021,20151022,20151028,20151029,20151030,20151031,20151101,20151102,20151103,20151104,20151110,20151111,20151112,20151115,20151116,20151118,20151120,20151124,20151128,20151129,20151130,20151201,20151202 
Number is 22 
G.2.2_index_1_VS_G.4.4_index_1 [7] 
20151017,20151023,20151024,20151026,20151029,20151030,20151031,20151101,20151102,20151103,20151106,20151107,20151109,20151114,20151115,20151117,20151121,20151123,20151124,20151127,20151128,20151201,20151202 
Number is 33 
G.5.5_index_3_VS_G.5.2_index_4 [8] PLUS 1 
20151024,20151027,20151028,20151029,20151030,20151031,20151101,20151102,20151103,20151104,20151107,20151108,20151109,20151111,20151112,20151116,20151118,20151122,20151123,20151124,20151125,20151129 
Number is 36 
G.5.1_index_1_VS_G.1.1_index_3 [9] 
20151016,20151017,20151019,20151022,20151023,20151026,20151028,20151029,20151030,20151031,20151101,20151102,20151103,20151106,20151112,20151114,20151115,20151121,20151128,20151202 
G.3.3_index_3_VS_G.5.3_index_3 [10] 
20151016,20151021,20151022,20151023,20151027,20151029,20151030,20151031,20151101,20151102,20151103,20151106,20151111,20151115,20151118,20151121,20151122,20151128,20151129,20151201,20151202 
Number is 38 
G.4.1_index_3_VS_G.6.2_index_2 [11] 
20151016,20151018,20151019,20151023,20151025,20151026,20151027,20151029,20151030,20151031,20151101,20151102,20151103,20151106,20151108,20151111,20151116,20151118,20151120,20151121,20151122,20151125,20151127,20151128,20151202 
Number is 41 
G.5.4_index_4_VS_G.1.1_index_4 [12] 
20151020,20151022,20151023,20151024,20151027,20151029,20151030,20151031,20151101,20151102,20151103,20151109,20151110,20151111,20151114,20151117,20151120,20151123,20151124,20151127,20151128,20151130,20151201,20151202 
Number is 43 
G.6.3_index_1_VS_G.4.1_index_3 [13] PLUS 1 
20151016,20151023,20151027,20151029,20151030,20151031,20151101,20151102,20151103,20151104,20151105,20151106,20151108,20151110,20151112,20151114,20151116,20151118,20151120,20151121,20151122,20151124,20151125,20151127,20151202 
G.6.1_index_3_VS_G.4.1_index_3 [14] PLUS 1 
20151017,20151018,20151023,20151026,20151027,20151028,20151029,20151030,20151031,20151101,20151102,20151103,20151104,20151108,20151109,20151110,20151114,20151116,20151119,20151120,20151122,20151127,20151130,20151201 
Number is 44 
G.3.2_index_1_VS_G.3.5_index_5 [15] 
20151017,20151018,20151025,20151026,20151028,20151029,20151030,20151031,20151101,20151102,20151103,20151108,20151110,20151112,20151116,20151117,20151118,20151120,20151121,20151122,20151126,20151127,20151130,20151201 
Number is 47 
G.6.1_index_3_VS_G.3.6_index_2 [16] 
20151016,20151017,20151018,20151023,20151024,20151028,20151029,20151030,20151031,20151101,20151102,20151103,20151105,20151107,20151109,20151110,20151112,20151113,20151115,20151118,20151122,20151124,20151126,20151127,20151130,20151201,20151202 
Number is 48 
G.4.3_index_3_VS_G.4.3_index_2 [17] 
20151016,20151020,20151021,20151023,20151027,20151028,20151029,20151030,20151031,20151101,20151102,20151103,20151107,20151111,20151112,20151113,20151115,20151117,20151122,20151124,20151125,20151126,20151127,20151128,20151129 
Number is 56 
G.3.1_index_5_VS_G.DB_index_2 [18] PLUS 1 
20151016,20151021,20151022,20151023,20151024,20151026,20151029,20151030,20151031,20151101,20151102,20151103,20151104,20151106,20151111,20151112,20151113,20151114,20151118,20151119,20151120,20151123,20151124,20151125,20151128,20151201,20151202 
Number is 63 
G.3.5_index_2_VS_G.5.4_index_1 [19] 
20151016,20151019,20151022,20151026,20151029,20151030,20151031,20151101,20151102,20151103,20151105,20151108,20151110,20151111,20151112,20151113,20151116,20151117,20151119,20151122,20151125,20151127,20151130 
Number is 84 
G.DB_index_5_VS_G.6.3_index_1 [20] 
20151017,20151019,20151021,20151022,20151025,20151028,20151029,20151030,20151031,20151101,20151102,20151103,20151105,20151106,20151111,20151114,20151115,20151116,20151118,20151119,20151120,20151121,20151122,20151123,20151124,20151129,20151202 
Number is 93 
G.3.1_index_3_VS_G.4.1_index_3 [21] PLUS 1 
20151018,20151021,20151022,20151029,20151030,20151031,20151101,20151102,20151103,20151104,20151105,20151110,20151114,20151118,20151120,20151121,20151128,20151129,20151201 
Number is 97 
G.5.3_index_4_VS_G.3.4_index_1 [22] 
20151018,20151019,20151022,20151023,20151027,20151029,20151030,20151031,20151101,20151102,20151103,20151108,20151109,20151110,20151111,20151116,20151118,20151123,20151127,20151128,20151130,20151201 
Number is 99 
G.3.1_index_3_VS_G.2.1_index_2 [23] 
20151016,20151018,20151021,20151022,20151023,20151024,20151026,20151029,20151030,20151031,20151101,20151102,20151103,20151107,20151108,20151109,20151110,20151117,20151125,20151126,20151127,20151129,20151130,20151202 
