======== Current: 20151105 ========= 
Number is 03 
G.3.2_index_4_VS_G.4.1_index_1 [1] 
20151020,20151028,20151030,20151031,20151101,20151102,20151103,20151104,20151106,20151108,20151109,20151111,20151113,20151116,20151120,20151122,20151123,20151125,20151127,20151128,20151201,20151202 
Number is 13 
G.5.1_index_2_VS_G.4.2_index_1 [2] 
20151016,20151017,20151019,20151021,20151026,20151028,20151029,20151030,20151031,20151101,20151102,20151103,20151104,20151108,20151111,20151113,20151115,20151116,20151117,20151118,20151121,20151123,20151127,20151128,20151130,20151201 
Number is 21 
G.3.3_index_1_VS_G.3.4_index_5 [3] 
20151016,20151019,20151020,20151021,20151022,20151028,20151029,20151030,20151031,20151101,20151102,20151103,20151104,20151110,20151111,20151112,20151115,20151116,20151118,20151120,20151124,20151128,20151129,20151130,20151201,20151202 
Number is 24 
G.1.1_index_1_VS_G.DB_index_5 [4] PLUS 1 
20151019,20151022,20151030,20151031,20151101,20151102,20151103,20151104,20151105,20151107,20151112,20151116,20151119,20151120,20151122,20151124,20151125,20151129 
Number is 29 
G.3.1_index_3_VS_G.4.1_index_3 [5] PLUS 1 
20151018,20151021,20151022,20151029,20151030,20151031,20151101,20151102,20151103,20151104,20151105,20151110,20151114,20151118,20151120,20151121,20151128,20151129,20151201 
Number is 41 
G.5.5_index_2_VS_G.3.4_index_5 [6] 
20151019,20151020,20151022,20151030,20151031,20151101,20151102,20151103,20151104,20151107,20151108,20151112,20151116,20151119,20151120,20151124,20151127,20151202 
Number is 49 
G.6.1_index_3_VS_G.4.1_index_3 [7] 
20151017,20151018,20151023,20151026,20151027,20151028,20151029,20151030,20151031,20151101,20151102,20151103,20151104,20151108,20151109,20151110,20151114,20151116,20151119,20151120,20151122,20151127,20151130,20151201 
Number is 50 
G.3.5_index_2_VS_G.3.2_index_1 [8] PLUS 1 
20151016,20151018,20151019,20151026,20151028,20151030,20151031,20151101,20151102,20151103,20151104,20151105,20151107,20151108,20151109,20151110,20151115,20151116,20151117,20151118,20151122,20151123,20151126,20151127,20151128 
Number is 53 
G.3.1_index_5_VS_G.DB_index_2 [9] 
20151016,20151021,20151022,20151023,20151024,20151026,20151029,20151030,20151031,20151101,20151102,20151103,20151104,20151106,20151111,20151112,20151113,20151114,20151118,20151119,20151120,20151123,20151124,20151125,20151128,20151201,20151202 
Number is 59 
G.6.3_index_1_VS_G.4.1_index_3 [10] PLUS 1 
20151016,20151023,20151027,20151029,20151030,20151031,20151101,20151102,20151103,20151104,20151105,20151106,20151108,20151110,20151112,20151114,20151116,20151118,20151120,20151121,20151122,20151124,20151125,20151127,20151202 
Number is 89 
G.3.3_index_3_VS_G.3.2_index_5 [11] PLUS 1 
20151016,20151017,20151019,20151021,20151022,20151023,20151030,20151031,20151101,20151102,20151103,20151104,20151105,20151106,20151109,20151110,20151111,20151112,20151113,20151117,20151121,20151125,20151127,20151201 
Number is 93 
G.2.2_index_2_VS_G.4.3_index_2 [12] 
20151019,20151022,20151024,20151026,20151027,20151030,20151031,20151101,20151102,20151103,20151104,20151107,20151108,20151111,20151114,20151115,20151117,20151119,20151121,20151122,20151124,20151128,20151129,20151201,20151202 
Number is 99 
G.5.5_index_3_VS_G.5.2_index_4 [13] 
20151024,20151027,20151028,20151029,20151030,20151031,20151101,20151102,20151103,20151104,20151107,20151108,20151109,20151111,20151112,20151116,20151118,20151122,20151123,20151124,20151125,20151129 
