======== Current: 20151108 ========= 
Number is 22 
G.6.1_index_1_VS_G.3.3_index_5 [1] PLUS 1 
20151016,20151018,20151019,20151021,20151026,20151027,20151030,20151031,20151102,20151103,20151104,20151105,20151106,20151107,20151108,20151112,20151117,20151118,20151122,20151123,20151201 
Number is 23 
G.6.1_index_1_VS_G.4.2_index_2 [2] 
20151018,20151019,20151021,20151023,20151024,20151027,20151030,20151031,20151102,20151103,20151104,20151105,20151106,20151107,20151112,20151113,20151114,20151116,20151118,20151119,20151121,20151122,20151123,20151126,20151127,20151128,20151202 
Number is 34 
G.3.6_index_1_VS_G.4.1_index_3 [3] 
20151017,20151026,20151029,20151031,20151101,20151102,20151103,20151104,20151105,20151106,20151107,20151109,20151111,20151120,20151121,20151128,20151201,20151202 
Number is 35 
G.5.1_index_2_VS_G.2.1_index_2 [4] 
20151016,20151017,20151018,20151020,20151021,20151022,20151024,20151025,20151027,20151028,20151029,20151030,20151101,20151102,20151103,20151104,20151105,20151106,20151107,20151110,20151111,20151113,20151118,20151120,20151121,20151122,20151124,20151127,20151128,20151130,20151201,20151202 
Number is 37 
G.3.6_index_1_VS_G.3.1_index_1 [5] PLUS 1 
20151020,20151022,20151024,20151101,20151102,20151103,20151104,20151105,20151106,20151107,20151108,20151109,20151110,20151111,20151116,20151117,20151118,20151120,20151125,20151126,20151128,20151130,20151201 
G.5.4_index_2_VS_G.1.1_index_4 [6] PLUS 1 
20151016,20151025,20151028,20151029,20151031,20151102,20151103,20151104,20151105,20151106,20151107,20151108,20151110,20151116,20151118,20151122,20151123,20151124,20151129 
Number is 40 
G.4.1_index_3_VS_G.3.3_index_1 [7] 
20151017,20151019,20151022,20151025,20151027,20151029,20151031,20151101,20151102,20151103,20151104,20151105,20151106,20151107,20151111,20151112,20151113,20151115,20151116,20151118,20151119,20151120,20151121,20151124,20151125,20151127,20151129,20151201 
G.5.2_index_3_VS_G.5.6_index_2 [8] 
20151022,20151025,20151027,20151028,20151030,20151102,20151103,20151104,20151105,20151106,20151107,20151112,20151113,20151115,20151123,20151125,20151127,20151128 
Number is 44 
G.4.1_index_3_VS_G.2.1_index_3 [9] 
20151016,20151017,20151019,20151027,20151030,20151101,20151102,20151103,20151104,20151105,20151106,20151107,20151113,20151116,20151117,20151119,20151121,20151123,20151125,20151127,20151128,20151130,20151201,20151202 
Number is 47 
G.2.1_index_3_VS_G.5.2_index_4 [10] 
20151021,20151023,20151024,20151027,20151028,20151030,20151102,20151103,20151104,20151105,20151106,20151107,20151111,20151112,20151113,20151116,20151117,20151123,20151125,20151128,20151129,20151130,20151201 
G.5.2_index_3_VS_G.3.4_index_2 [11] 
20151017,20151019,20151020,20151023,20151025,20151026,20151027,20151028,20151029,20151102,20151103,20151104,20151105,20151106,20151107,20151109,20151116,20151122,20151123,20151124,20151126,20151128,20151129 
Number is 52 
G.2.1_index_2_VS_G.3.3_index_5 [12] 
20151016,20151017,20151024,20151029,20151102,20151103,20151104,20151105,20151106,20151107,20151109,20151112,20151113,20151116,20151117,20151118,20151121,20151123,20151124,20151126,20151128 
Number is 54 
G.2.1_index_2_VS_G.2.1_index_3 [13] PLUS 1 
20151016,20151019,20151023,20151024,20151026,20151027,20151028,20151029,20151030,20151101,20151102,20151103,20151104,20151105,20151106,20151107,20151108,20151111,20151118,20151123,20151124,20151126,20151129 
Number is 58 
G.6.3_index_1_VS_G.5.5_index_3 [14] PLUS 1 
20151018,20151019,20151022,20151024,20151026,20151027,20151029,20151101,20151102,20151103,20151104,20151105,20151106,20151107,20151108,20151112,20151116,20151117,20151119,20151121,20151122,20151123,20151126 
Number is 74 
G.3.4_index_2_VS_G.2.1_index_3 [15] 
20151021,20151026,20151027,20151030,20151101,20151102,20151103,20151104,20151105,20151106,20151107,20151109,20151115,20151116,20151118,20151120,20151122,20151124,20151126,20151127,20151128,20151130 
Number is 77 
G.3.1_index_1_VS_G.5.2_index_4 [16] 
20151017,20151023,20151025,20151026,20151028,20151101,20151102,20151103,20151104,20151105,20151106,20151107,20151109,20151110,20151115,20151117,20151118,20151120,20151122,20151128,20151129,20151201 
Number is 78 
G.2.1_index_1_VS_G.5.5_index_3 [17] PLUS 1 
20151016,20151022,20151024,20151026,20151029,20151102,20151103,20151104,20151105,20151106,20151107,20151108,20151109,20151111,20151112,20151121,20151122,20151125,20151129,20151201 
Number is 79 
G.5.2_index_1_VS_G.2.1_index_4 [18] 
20151021,20151022,20151024,20151026,20151027,20151031,20151102,20151103,20151104,20151105,20151106,20151107,20151109,20151121,20151125,20151127 
Number is 80 
G.5.5_index_3_VS_G.3.6_index_2 [19] 
20151017,20151021,20151022,20151023,20151026,20151030,20151102,20151103,20151104,20151105,20151106,20151107,20151110,20151111,20151112,20151116,20151119,20151120,20151121,20151122,20151123,20151125,20151126,20151128,20151129,20151130,20151202 
Number is 84 
G.3.2_index_1_VS_G.6.3_index_3 [20] 
20151017,20151020,20151022,20151023,20151025,20151027,20151031,20151102,20151103,20151104,20151105,20151106,20151107,20151114,20151116,20151117,20151118,20151125,20151129,20151130 
Number is 85 
G.5.5_index_3_VS_G.2.1_index_2 [21] PLUS 1 
20151017,20151018,20151021,20151022,20151025,20151026,20151027,20151028,20151030,20151102,20151103,20151104,20151105,20151106,20151107,20151108,20151111,20151112,20151114,20151117,20151122,20151123,20151124,20151125,20151126,20151129 
Number is 86 
G.3.1_index_2_VS_G.4.1_index_2 [22] 
20151016,20151018,20151019,20151020,20151021,20151026,20151027,20151028,20151102,20151103,20151104,20151105,20151106,20151107,20151111,20151113,20151120,20151121,20151126,20151201 
Number is 87 
G.3.1_index_2_VS_G.1.1_index_4 [23] PLUS 1 
20151017,20151018,20151020,20151024,20151025,20151026,20151027,20151029,20151102,20151103,20151104,20151105,20151106,20151107,20151108,20151114,20151116,20151119,20151120,20151121,20151124,20151128,20151129,20151201,20151202 
Number is 89 
G.5.2_index_2_VS_G.3.4_index_3 [24] 
20151016,20151018,20151020,20151023,20151024,20151027,20151028,20151030,20151031,20151102,20151103,20151104,20151105,20151106,20151107,20151110,20151118,20151119,20151120,20151121,20151125,20151127,20151128,20151202 
