======== Current: 20151109 ========= 
Number is 02 
G.5.2_index_3_VS_G.5.5_index_1 [1] 
20151018,20151025,20151028,20151029,20151030,20151103,20151104,20151105,20151106,20151107,20151108,20151114,20151115,20151117,20151118,20151120,20151122,20151124,20151125,20151128,20151129,20151130 
Number is 07 
G.6.3_index_1_VS_G.5.5_index_3 [2] 
20151018,20151019,20151022,20151024,20151026,20151027,20151029,20151101,20151102,20151103,20151104,20151105,20151106,20151107,20151108,20151112,20151116,20151117,20151119,20151121,20151122,20151123,20151126 
Number is 16 
G.6.1_index_1_VS_G.3.3_index_5 [3] 
20151016,20151018,20151019,20151021,20151026,20151027,20151030,20151031,20151102,20151103,20151104,20151105,20151106,20151107,20151108,20151112,20151117,20151118,20151122,20151123,20151201 
Number is 17 
G.5.2_index_1_VS_G.5.4_index_2 [4] PLUS 1 
20151016,20151018,20151022,20151024,20151025,20151026,20151027,20151028,20151029,20151031,20151101,20151103,20151104,20151105,20151106,20151107,20151108,20151109,20151113,20151114,20151115,20151121,20151122,20151123,20151130,20151202 
Number is 21 
G.3.2_index_2_VS_G.6.1_index_1 [5] 
20151018,20151020,20151022,20151024,20151031,20151103,20151104,20151105,20151106,20151107,20151108,20151113,20151116,20151123,20151124,20151126,20151128,20151202 
Number is 30 
G.3.1_index_2_VS_G.1.1_index_4 [6] 
20151017,20151018,20151020,20151024,20151025,20151026,20151027,20151029,20151102,20151103,20151104,20151105,20151106,20151107,20151108,20151114,20151116,20151119,20151120,20151121,20151124,20151128,20151129,20151201,20151202 
Number is 45 
G.7.4_index_2_VS_G.2.2_index_4 [7] PLUS 1 
20151016,20151018,20151019,20151026,20151027,20151029,20151031,20151101,20151103,20151104,20151105,20151106,20151107,20151108,20151109,20151110,20151113,20151114,20151115,20151119,20151123,20151124,20151126,20151127,20151201 
Number is 47 
G.7.4_index_2_VS_G.5.4_index_2 [8] 
20151016,20151018,20151020,20151029,20151031,20151103,20151104,20151105,20151106,20151107,20151108,20151110,20151115,20151116,20151118,20151119,20151123,20151127,20151129 
Number is 52 
G.3.6_index_1_VS_G.3.1_index_1 [9] PLUS 1 
20151020,20151022,20151024,20151101,20151102,20151103,20151104,20151105,20151106,20151107,20151108,20151109,20151110,20151111,20151116,20151117,20151118,20151120,20151125,20151126,20151128,20151130,20151201 
G.5.5_index_4_VS_G.DB_index_5 [10] PLUS 1 
20151018,20151022,20151024,20151025,20151027,20151031,20151101,20151103,20151104,20151105,20151106,20151107,20151108,20151109,20151111,20151112,20151113,20151114,20151115,20151117,20151119,20151123,20151125,20151127,20151129,20151130,20151201 
Number is 58 
G.3.6_index_1_VS_G.2.1_index_1 [11] 
20151022,20151024,20151028,20151031,20151103,20151104,20151105,20151106,20151107,20151108,20151110,20151111,20151112,20151113,20151117,20151119,20151120,20151123,20151124,20151126,20151130,20151201 
Number is 68 
G.3.3_index_5_VS_G.2.1_index_1 [12] PLUS 1 
20151016,20151020,20151024,20151027,20151028,20151029,20151103,20151104,20151105,20151106,20151107,20151108,20151109,20151112,20151113,20151114,20151115,20151117,20151118,20151125,20151126 
G.3.4_index_2_VS_G.3.5_index_1 [13] PLUS 1 
20151016,20151017,20151019,20151020,20151022,20151025,20151026,20151028,20151030,20151031,20151103,20151104,20151105,20151106,20151107,20151108,20151109,20151112,20151116,20151122,20151123,20151124,20151126,20151128,20151129,20151130 
Number is 70 
G.5.4_index_2_VS_G.1.1_index_4 [14] 
20151016,20151025,20151028,20151029,20151031,20151102,20151103,20151104,20151105,20151106,20151107,20151108,20151110,20151116,20151118,20151122,20151123,20151124,20151129 
Number is 79 
G.5.5_index_3_VS_G.2.1_index_2 [15] 
20151017,20151018,20151021,20151022,20151025,20151026,20151027,20151028,20151030,20151102,20151103,20151104,20151105,20151106,20151107,20151108,20151111,20151112,20151114,20151117,20151122,20151123,20151124,20151125,20151126,20151129 
Number is 86 
G.2.1_index_1_VS_G.5.1_index_3 [16] PLUS 1 
20151018,20151019,20151024,20151026,20151029,20151031,20151103,20151104,20151105,20151106,20151107,20151108,20151109,20151110,20151112,20151113,20151114,20151115,20151117,20151118,20151122,20151126,20151130,20151201,20151202 
Number is 87 
G.2.1_index_1_VS_G.5.5_index_3 [17] PLUS 1 
20151016,20151022,20151024,20151026,20151029,20151102,20151103,20151104,20151105,20151106,20151107,20151108,20151109,20151111,20151112,20151121,20151122,20151125,20151129,20151201 
Number is 99 
G.2.1_index_2_VS_G.2.1_index_3 [18] 
20151016,20151019,20151023,20151024,20151026,20151027,20151028,20151029,20151030,20151101,20151102,20151103,20151104,20151105,20151106,20151107,20151108,20151111,20151118,20151123,20151124,20151126,20151129 
