======== Current: 20151110 ========= 
Number is 01 
G.2.1_index_1_VS_G.5.5_index_3 [1] 
20151016,20151022,20151024,20151026,20151029,20151102,20151103,20151104,20151105,20151106,20151107,20151108,20151109,20151111,20151112,20151121,20151122,20151125,20151129,20151201 
Number is 06 
G.2.2_index_1_VS_G.7.2_index_2 [2] 
20151016,20151019,20151022,20151030,20151031,20151104,20151105,20151106,20151107,20151108,20151109,20151114,20151115,20151120,20151123,20151125,20151126,20151128,20151129,20151201,20151202 
Number is 07 
G.5.5_index_4_VS_G.DB_index_5 [3] 
20151018,20151022,20151024,20151025,20151027,20151031,20151101,20151103,20151104,20151105,20151106,20151107,20151108,20151109,20151111,20151112,20151113,20151114,20151115,20151117,20151119,20151123,20151125,20151127,20151129,20151130,20151201 
Number is 09 
G.2.1_index_1_VS_G.5.1_index_3 [4] PLUS 1 
20151018,20151019,20151024,20151026,20151029,20151031,20151103,20151104,20151105,20151106,20151107,20151108,20151109,20151110,20151112,20151113,20151114,20151115,20151117,20151118,20151122,20151126,20151130,20151201,20151202 
Number is 12 
G.3.6_index_5_VS_G.4.4_index_2 [5] PLUS 1 
20151016,20151017,20151018,20151019,20151021,20151022,20151023,20151024,20151026,20151028,20151030,20151104,20151105,20151106,20151107,20151108,20151109,20151110,20151112,20151113,20151114,20151115,20151116,20151118,20151120,20151126,20151130,20151201 
Number is 20 
G.3.6_index_1_VS_G.3.1_index_1 [6] PLUS 1 
20151020,20151022,20151024,20151101,20151102,20151103,20151104,20151105,20151106,20151107,20151108,20151109,20151110,20151111,20151116,20151117,20151118,20151120,20151125,20151126,20151128,20151130,20151201 
Number is 24 
G.2.1_index_4_VS_G.6.1_index_3 [7] 
20151016,20151017,20151018,20151020,20151026,20151027,20151031,20151104,20151105,20151106,20151107,20151108,20151109,20151112,20151113,20151116,20151117,20151121,20151127,20151130,20151201,20151202 
Number is 30 
G.3.4_index_2_VS_G.3.5_index_1 [8] 
20151016,20151017,20151019,20151020,20151022,20151025,20151026,20151028,20151030,20151031,20151103,20151104,20151105,20151106,20151107,20151108,20151109,20151112,20151116,20151122,20151123,20151124,20151126,20151128,20151129,20151130 
Number is 32 
G.3.4_index_2_VS_G.3.6_index_1 [9] 
20151019,20151024,20151025,20151027,20151029,20151104,20151105,20151106,20151107,20151108,20151109,20151112,20151113,20151115,20151123,20151125,20151130 
Number is 40 
G.3.3_index_3_VS_G.3.1_index_1 [10] PLUS 1 
20151016,20151022,20151023,20151031,20151102,20151104,20151105,20151106,20151107,20151108,20151109,20151110,20151111,20151116,20151120,20151122,20151125,20151127,20151129,20151130,20151201 
Number is 42 
G.5.2_index_1_VS_G.3.6_index_1 [11] 
20151016,20151017,20151019,20151020,20151021,20151022,20151024,20151026,20151027,20151028,20151029,20151101,20151104,20151105,20151106,20151107,20151108,20151109,20151111,20151115,20151117,20151118,20151120,20151121,20151201,20151202 
Number is 44 
G.5.2_index_1_VS_G.5.4_index_2 [12] 
20151016,20151018,20151022,20151024,20151025,20151026,20151027,20151028,20151029,20151031,20151101,20151103,20151104,20151105,20151106,20151107,20151108,20151109,20151113,20151114,20151115,20151121,20151122,20151123,20151130,20151202 
Number is 48 
G.5.6_index_3_VS_G.3.4_index_3 [13] PLUS 1 
20151020,20151021,20151026,20151028,20151030,20151104,20151105,20151106,20151107,20151108,20151109,20151110,20151112,20151113,20151115,20151118,20151120,20151121,20151122,20151127,20151128,20151129,20151130,20151202 
Number is 56 
G.1.1_index_4_VS_G.3.3_index_5 [14] PLUS 1 
20151016,20151017,20151024,20151029,20151031,20151104,20151105,20151106,20151107,20151108,20151109,20151110,20151111,20151114,20151120,20151123,20151124,20151125 
G.7.4_index_2_VS_G.2.2_index_4 [15] PLUS 1 
20151016,20151018,20151019,20151026,20151027,20151029,20151031,20151101,20151103,20151104,20151105,20151106,20151107,20151108,20151109,20151110,20151113,20151114,20151115,20151119,20151123,20151124,20151126,20151127,20151201 
Number is 60 
G.3.3_index_5_VS_G.2.1_index_1 [16] 
20151016,20151020,20151024,20151027,20151028,20151029,20151103,20151104,20151105,20151106,20151107,20151108,20151109,20151112,20151113,20151114,20151115,20151117,20151118,20151125,20151126 
Number is 75 
G.DB_index_5_VS_G.5.6_index_4 [17] 
20151018,20151019,20151022,20151024,20151026,20151027,20151028,20151101,20151102,20151104,20151105,20151106,20151107,20151108,20151109,20151111,20151113,20151114,20151115,20151116,20151118,20151119,20151121,20151122,20151123,20151126,20151202 
