======== Current: 20151111 ========= 
Number is 04 
G.5.6_index_3_VS_G.3.4_index_3 [1] 
20151020,20151021,20151026,20151028,20151030,20151104,20151105,20151106,20151107,20151108,20151109,20151110,20151112,20151113,20151115,20151118,20151120,20151121,20151122,20151127,20151128,20151129,20151130,20151202 
Number is 11 
G.3.6_index_5_VS_G.4.4_index_2 [2] 
20151016,20151017,20151018,20151019,20151021,20151022,20151023,20151024,20151026,20151028,20151030,20151104,20151105,20151106,20151107,20151108,20151109,20151110,20151112,20151113,20151114,20151115,20151116,20151118,20151120,20151126,20151130,20151201 
Number is 18 
G.3.6_index_5_VS_G.2.2_index_4 [3] PLUS 1 
20151016,20151018,20151019,20151021,20151022,20151024,20151026,20151027,20151028,20151030,20151105,20151106,20151107,20151108,20151109,20151110,20151111,20151115,20151120,20151121,20151124,20151125,20151126,20151127,20151130 
Number is 22 
G.5.3_index_1_VS_G.5.5_index_4 [4] 
20151016,20151017,20151018,20151019,20151020,20151021,20151022,20151023,20151025,20151027,20151029,20151031,20151105,20151106,20151107,20151108,20151109,20151110,20151112,20151114,20151116,20151117,20151118,20151119,20151120,20151121,20151123,20151124,20151125,20151129,20151130 
Number is 24 
G.1.1_index_4_VS_G.3.3_index_5 [5] PLUS 1 
20151016,20151017,20151024,20151029,20151031,20151104,20151105,20151106,20151107,20151108,20151109,20151110,20151111,20151114,20151120,20151123,20151124,20151125 
Number is 30 
G.3.5_index_2_VS_G.5.4_index_2 [6] 
20151016,20151018,20151025,20151029,20151031,20151102,20151105,20151106,20151107,20151108,20151109,20151110,20151115,20151116,20151117,20151118,20151119,20151121,20151123 
Number is 37 
G.3.6_index_1_VS_G.3.1_index_1 [7] PLUS 1 
20151020,20151022,20151024,20151101,20151102,20151103,20151104,20151105,20151106,20151107,20151108,20151109,20151110,20151111,20151116,20151117,20151118,20151120,20151125,20151126,20151128,20151130,20151201 
Number is 52 
G.3.2_index_3_VS_G.5.5_index_4 [8] PLUS 1 
20151016,20151018,20151026,20151027,20151028,20151029,20151102,20151105,20151106,20151107,20151108,20151109,20151110,20151111,20151112,20151116,20151117,20151119,20151127,20151201,20151202 
Number is 57 
G.3.3_index_3_VS_G.3.1_index_1 [9] PLUS 1 
20151016,20151022,20151023,20151031,20151102,20151104,20151105,20151106,20151107,20151108,20151109,20151110,20151111,20151116,20151120,20151122,20151125,20151127,20151129,20151130,20151201 
Number is 60 
G.5.6_index_2_VS_G.5.6_index_3 [10] 
20151018,20151019,20151022,20151024,20151026,20151028,20151102,20151105,20151106,20151107,20151108,20151109,20151110,20151115,20151116,20151118,20151121,20151124,20151127,20151128,20151129,20151130,20151201,20151202 
Number is 63 
G.7.2_index_1_VS_G.3.5_index_2 [11] 
20151016,20151018,20151020,20151022,20151026,20151027,20151028,20151029,20151102,20151103,20151105,20151106,20151107,20151108,20151109,20151110,20151112,20151113,20151115,20151116,20151117,20151122,20151123,20151128,20151201,20151202 
Number is 79 
G.2.1_index_1_VS_G.5.1_index_3 [12] 
20151018,20151019,20151024,20151026,20151029,20151031,20151103,20151104,20151105,20151106,20151107,20151108,20151109,20151110,20151112,20151113,20151114,20151115,20151117,20151118,20151122,20151126,20151130,20151201,20151202 
Number is 88 
G.7.4_index_2_VS_G.2.2_index_4 [13] 
20151016,20151018,20151019,20151026,20151027,20151029,20151031,20151101,20151103,20151104,20151105,20151106,20151107,20151108,20151109,20151110,20151113,20151114,20151115,20151119,20151123,20151124,20151126,20151127,20151201 
Number is 99 
G.DB_index_1_VS_G.6.1_index_2 [14] 
20151016,20151017,20151021,20151024,20151029,20151031,20151101,20151102,20151103,20151105,20151106,20151107,20151108,20151109,20151110,20151113,20151114,20151115,20151116,20151120,20151124,20151125,20151127,20151129,20151201 
