======== Current: 20151120 ========= 
Number is 00 
G.3.6_index_4_VS_G.5.5_index_4 [1] 
20151016,20151018,20151026,20151027,20151028,20151030,20151101,20151107,20151111,20151112,20151113,20151114,20151115,20151116,20151117,20151118,20151119,20151123,20151124,20151125,20151127,20151201,20151202 
Number is 03 
G.3.6_index_4_VS_G.2.2_index_2 [2] PLUS 1 
20151022,20151024,20151026,20151027,20151030,20151031,20151104,20151111,20151113,20151114,20151115,20151116,20151117,20151118,20151119,20151120,20151124,20151127,20151201,20151202 
Number is 04 
G.3.4_index_5_VS_G.3.3_index_2 [3] 
20151016,20151021,20151028,20151030,20151031,20151102,20151105,20151108,20151110,20151114,20151115,20151116,20151117,20151118,20151119,20151121,20151130,20151201 
G.7.4_index_1_VS_G.2.1_index_4 [4] 
20151017,20151020,20151022,20151031,20151104,20151107,20151108,20151109,20151114,20151115,20151116,20151117,20151118,20151119,20151122,20151127,20151130,20151202 
Number is 05 
G.3.4_index_5_VS_G.4.2_index_3 [5] PLUS 1 
20151017,20151019,20151022,20151024,20151028,20151030,20151102,20151111,20151112,20151113,20151114,20151115,20151116,20151117,20151118,20151119,20151120,20151121,20151127,20151201,20151202 
Number is 11 
G.2.2_index_4_VS_G.4.4_index_2 [6] 
20151016,20151017,20151018,20151026,20151027,20151105,20151107,20151109,20151110,20151111,20151112,20151113,20151114,20151115,20151116,20151117,20151118,20151119,20151124,20151125,20151128,20151201 
Number is 12 
G.3.3_index_4_VS_G.3.4_index_2 [7] 
20151017,20151019,20151020,20151023,20151026,20151027,20151031,20151102,20151105,20151107,20151108,20151112,20151114,20151115,20151116,20151117,20151118,20151119,20151121,20151122,20151129,20151130,20151202 
Number is 15 
G.DB_index_3_VS_G.6.3_index_3 [8] PLUS 1 
20151017,20151019,20151020,20151023,20151024,20151104,20151105,20151107,20151108,20151109,20151113,20151114,20151115,20151116,20151117,20151118,20151119,20151120,20151121,20151125,20151127,20151129 
Number is 16 
G.5.3_index_4_VS_G.5.3_index_1 [9] PLUS 1 
20151017,20151019,20151020,20151025,20151027,20151030,20151101,20151103,20151106,20151111,20151114,20151115,20151116,20151117,20151118,20151119,20151120,20151123,20151124,20151125,20151128 
Number is 18 
G.4.3_index_3_VS_G.5.4_index_1 [10] PLUS 1 
20151019,20151020,20151022,20151026,20151029,20151101,20151104,20151105,20151107,20151111,20151113,20151114,20151115,20151116,20151117,20151118,20151119,20151120,20151121,20151122,20151126,20151127 
Number is 22 
G.3.3_index_3_VS_G.7.1_index_2 [11] 
20151016,20151021,20151023,20151031,20151101,20151102,20151103,20151104,20151107,20151110,20151113,20151114,20151115,20151116,20151117,20151118,20151119,20151122,20151123,20151125,20151127,20151128,20151129,20151130,20151202 
Number is 25 
G.5.1_index_3_VS_G.3.3_index_1 [12] 
20151016,20151018,20151019,20151026,20151028,20151101,20151104,20151111,20151112,20151114,20151115,20151116,20151117,20151118,20151119,20151122,20151124,20151125,20151126,20151127,20151128,20151129,20151201,20151202 
G.3.3_index_3_VS_G.5.4_index_2 [13] 
20151016,20151018,20151020,20151021,20151028,20151029,20151030,20151101,20151105,20151109,20151113,20151114,20151115,20151116,20151117,20151118,20151119,20151122,20151123,20151127,20151130 
Number is 29 
G.3.3_index_3_VS_G.4.1_index_2 [14] 
20151016,20151019,20151020,20151021,20151026,20151027,20151030,20151031,20151102,20151103,20151104,20151106,20151107,20151110,20151111,20151113,20151114,20151115,20151116,20151117,20151118,20151119,20151122,20151125,20151128,20151129,20151202 
Number is 32 
G.2.2_index_2_VS_G.3.5_index_2 [15] PLUS 1 
20151020,20151021,20151022,20151024,20151026,20151027,20151029,20151102,20151105,20151106,20151107,20151108,20151109,20151114,20151115,20151116,20151117,20151118,20151119,20151120,20151121,20151122,20151126,20151127,20151128,20151201,20151202 
Number is 34 
G.6.1_index_2_VS_G.3.3_index_2 [16] 
20151019,20151021,20151024,20151025,20151031,20151101,20151103,20151105,20151107,20151111,20151114,20151115,20151116,20151117,20151118,20151119,20151124,20151125,20151130,20151201 
Number is 40 
G.5.1_index_1_VS_G.5.1_index_2 [17] 
20151019,20151023,20151025,20151029,20151031,20151101,20151102,20151112,20151113,20151114,20151115,20151116,20151117,20151118,20151119,20151122,20151124,20151125,20151127,20151128,20151201 
Number is 41 
G.2.1_index_4_VS_G.4.4_index_3 [18] 
20151017,20151018,20151022,20151031,20151107,20151112,20151114,20151115,20151116,20151117,20151118,20151119,20151121,20151123,20151125,20151127,20151130,20151201,20151202 
Number is 44 
G.3.2_index_2_VS_G.5.2_index_2 [19] 
20151018,20151019,20151025,20151026,20151028,20151102,20151110,20151111,20151113,20151114,20151115,20151116,20151117,20151118,20151119,20151121,20151122,20151123,20151124,20151125,20151127,20151128,20151130,20151202 
Number is 56 
G.2.1_index_1_VS_G.3.1_index_2 [20] PLUS 1 
20151016,20151017,20151018,20151020,20151024,20151026,20151028,20151101,20151103,20151105,20151108,20151109,20151111,20151112,20151113,20151114,20151115,20151116,20151117,20151118,20151119,20151120,20151121,20151124,20151126,20151127,20151129,20151130,20151201,20151202 
G.5.4_index_2_VS_G.5.3_index_1 [21] PLUS 1 
20151016,20151025,20151027,20151028,20151102,20151103,20151105,20151110,20151114,20151115,20151116,20151117,20151118,20151119,20151120,20151121,20151123,20151124,20151125,20151128,20151129 
Number is 57 
G.3.4_index_4_VS_G.3.4_index_3 [22] PLUS 1 
20151017,20151028,20151029,20151031,20151103,20151107,20151109,20151114,20151115,20151116,20151117,20151118,20151119,20151120,20151121,20151122,20151123,20151126,20151128,20151129,20151130 
Number is 59 
G.5.5_index_2_VS_G.4.1_index_2 [23] 
20151022,20151024,20151028,20151031,20151102,20151105,20151110,20151111,20151114,20151115,20151116,20151117,20151118,20151119,20151122,20151124,20151130,20151202 
Number is 62 
G.5.3_index_1_VS_G.5.6_index_2 [24] PLUS 1 
20151016,20151017,20151019,20151021,20151025,20151026,20151027,20151031,20151103,20151105,20151106,20151107,20151108,20151109,20151111,20151113,20151114,20151115,20151116,20151117,20151118,20151119,20151120,20151121,20151201 
Number is 70 
G.4.3_index_2_VS_G.5.5_index_4 [25] 
20151016,20151017,20151019,20151023,20151025,20151026,20151027,20151029,20151030,20151104,20151106,20151109,20151110,20151111,20151114,20151115,20151116,20151117,20151118,20151119,20151121,20151123,20151124,20151129,20151130,20151201 
Number is 73 
G.2.2_index_1_VS_G.2.2_index_5 [26] 
20151018,20151022,20151023,20151025,20151026,20151027,20151030,20151102,20151103,20151105,20151106,20151107,20151110,20151113,20151114,20151115,20151116,20151117,20151118,20151119,20151122,20151123,20151124,20151125,20151127,20151201 
Number is 83 
G.5.2_index_4_VS_G.5.2_index_1 [27] PLUS 1 
20151021,20151023,20151024,20151025,20151027,20151028,20151029,20151102,20151104,20151105,20151106,20151107,20151109,20151110,20151112,20151113,20151114,20151115,20151116,20151117,20151118,20151119,20151120,20151121,20151122,20151125,20151129,20151201,20151202 
Number is 99 
G.7.3_index_2_VS_G.6.2_index_3 [28] 
20151018,20151019,20151021,20151022,20151025,20151027,20151103,20151109,20151111,20151114,20151115,20151116,20151117,20151118,20151119,20151121,20151123,20151124,20151125,20151127,20151128,20151201 
