======== Current: 20151122 ========= 
Number is 12 
G.5.6_index_4_VS_G.3.4_index_4 [1] 
20151017,20151018,20151019,20151021,20151022,20151025,20151026,20151027,20151028,20151029,20151102,20151104,20151105,20151111,20151113,20151114,20151116,20151117,20151118,20151119,20151120,20151121,20151127,20151128,20151202 
Number is 16 
G.3.2_index_2_VS_G.3.4_index_2 [2] PLUS 1 
20151017,20151018,20151019,20151020,20151024,20151031,20151103,20151107,20151109,20151111,20151113,20151116,20151117,20151118,20151119,20151120,20151121,20151122,20151123,20151124,20151125,20151128,20151130,20151201 
Number is 18 
G.6.3_index_1_VS_G.2.2_index_5 [3] PLUS 1 
20151018,20151019,20151026,20151030,20151103,20151104,20151107,20151110,20151112,20151116,20151117,20151118,20151119,20151120,20151121,20151122,20151124,20151126,20151128 
Number is 21 
G.4.1_index_1_VS_G.6.3_index_1 [4] 
20151016,20151017,20151023,20151027,20151029,20151031,20151101,20151102,20151107,20151108,20151109,20151112,20151113,20151114,20151116,20151117,20151118,20151119,20151120,20151121,20151123,20151124,20151125,20151127,20151128,20151130 
Number is 23 
G.4.1_index_1_VS_G.3.2_index_1 [5] PLUS 1 
20151016,20151019,20151022,20151023,20151027,20151101,20151102,20151103,20151108,20151111,20151112,20151115,20151116,20151117,20151118,20151119,20151120,20151121,20151122,20151125,20151127,20151128,20151130 
Number is 26 
G.5.5_index_2_VS_G.3.1_index_2 [6] PLUS 1 
20151017,20151018,20151019,20151021,20151024,20151026,20151027,20151101,20151103,20151104,20151105,20151106,20151109,20151110,20151113,20151115,20151116,20151117,20151118,20151119,20151120,20151121,20151122,20151124,20151125,20151126,20151202 
Number is 28 
G.3.4_index_4_VS_G.3.4_index_3 [7] PLUS 1 
20151017,20151028,20151029,20151031,20151103,20151107,20151109,20151114,20151115,20151116,20151117,20151118,20151119,20151120,20151121,20151122,20151123,20151126,20151128,20151129,20151130 
G.3.5_index_2_VS_G.2.2_index_5 [8] PLUS 1 
20151018,20151019,20151022,20151023,20151024,20151026,20151031,20151102,20151103,20151106,20151108,20151110,20151111,20151112,20151115,20151116,20151117,20151118,20151119,20151120,20151121,20151122,20151125,20151128,20151201 
Number is 35 
G.2.1_index_4_VS_G.5.6_index_2 [9] 
20151017,20151019,20151026,20151102,20151104,20151107,20151108,20151109,20151111,20151115,20151116,20151117,20151118,20151119,20151120,20151121,20151124,20151125,20151201 
G.DB_index_3_VS_G.6.3_index_3 [10] 
20151017,20151019,20151020,20151023,20151024,20151104,20151105,20151107,20151108,20151109,20151113,20151114,20151115,20151116,20151117,20151118,20151119,20151120,20151121,20151125,20151127,20151129 
Number is 38 
G.4.4_index_3_VS_G.5.5_index_1 [11] PLUS 1 
20151017,20151019,20151022,20151025,20151027,20151031,20151102,20151103,20151108,20151112,20151113,20151116,20151117,20151118,20151119,20151120,20151121,20151122,20151125,20151126,20151127,20151130,20151202 
G.4.3_index_3_VS_G.5.4_index_1 [12] PLUS 1 
20151019,20151020,20151022,20151026,20151029,20151101,20151104,20151105,20151107,20151111,20151113,20151114,20151115,20151116,20151117,20151118,20151119,20151120,20151121,20151122,20151126,20151127 
Number is 41 
G.2.2_index_3_VS_G.5.6_index_4 [13] PLUS 1 
20151016,20151024,20151028,20151031,20151101,20151102,20151104,20151105,20151106,20151107,20151110,20151112,20151113,20151116,20151117,20151118,20151119,20151120,20151121,20151122,20151124,20151125,20151127,20151201 
Number is 43 
G.7.3_index_2_VS_G.3.2_index_1 [14] PLUS 1 
20151018,20151020,20151023,20151025,20151031,20151104,20151110,20151111,20151115,20151116,20151117,20151118,20151119,20151120,20151121,20151122,20151123,20151124,20151128,20151130,20151201 
Number is 44 
G.5.3_index_1_VS_G.7.1_index_1 [15] PLUS 1 
20151016,20151017,20151019,20151020,20151022,20151027,20151028,20151031,20151101,20151102,20151111,20151112,20151114,20151116,20151117,20151118,20151119,20151120,20151121,20151122,20151123,20151124,20151127,20151201 
Number is 45 
G.5.3_index_1_VS_G.5.6_index_2 [16] 
20151016,20151017,20151019,20151021,20151025,20151026,20151027,20151031,20151103,20151105,20151106,20151107,20151108,20151109,20151111,20151113,20151114,20151115,20151116,20151117,20151118,20151119,20151120,20151121,20151201 
Number is 46 
G.5.3_index_1_VS_G.5.5_index_4 [17] 
20151016,20151017,20151018,20151019,20151020,20151021,20151022,20151023,20151025,20151027,20151029,20151031,20151105,20151106,20151107,20151108,20151109,20151110,20151112,20151114,20151116,20151117,20151118,20151119,20151120,20151121,20151123,20151124,20151125,20151129,20151130 
Number is 48 
G.7.1_index_1_VS_G.5.4_index_1 [18] 
20151016,20151019,20151021,20151022,20151025,20151026,20151029,20151104,20151106,20151109,20151111,20151116,20151117,20151118,20151119,20151120,20151121,20151129 
Number is 52 
G.3.4_index_5_VS_G.4.2_index_3 [19] 
20151017,20151019,20151022,20151024,20151028,20151030,20151102,20151111,20151112,20151113,20151114,20151115,20151116,20151117,20151118,20151119,20151120,20151121,20151127,20151201,20151202 
Number is 58 
G.5.3_index_4_VS_G.5.4_index_1 [20] 
20151016,20151018,20151019,20151022,20151023,20151030,20151102,20151103,20151104,20151108,20151109,20151113,20151114,20151116,20151117,20151118,20151119,20151120,20151121 
Number is 62 
G.3.1_index_2_VS_G.3.5_index_4 [21] PLUS 1 
20151016,20151018,20151019,20151020,20151025,20151027,20151029,20151101,20151104,20151108,20151109,20151112,20151116,20151117,20151118,20151119,20151120,20151121,20151122,20151126,20151127,20151201 
Number is 64 
G.3.2_index_5_VS_G.5.3_index_1 [22] 
20151016,20151017,20151018,20151019,20151020,20151022,20151024,20151027,20151031,20151101,20151102,20151103,20151104,20151105,20151106,20151108,20151112,20151116,20151117,20151118,20151119,20151120,20151121,20151124,20151127,20151128,20151129,20151130,20151201 
G.3.3_index_1_VS_G.5.3_index_1 [23] 
20151017,20151019,20151021,20151022,20151025,20151026,20151027,20151028,20151101,20151105,20151106,20151108,20151111,20151115,20151116,20151117,20151118,20151119,20151120,20151121,20151123,20151127,20151128,20151129,20151202 
Number is 66 
G.3.4_index_2_VS_G.4.2_index_2 [24] 
20151018,20151019,20151020,20151021,20151022,20151024,20151025,20151027,20151029,20151031,20151105,20151108,20151116,20151117,20151118,20151119,20151120,20151121,20151125,20151127,20151129,20151130,20151201 
Number is 67 
G.3.4_index_2_VS_G.4.1_index_3 [25] 
20151016,20151017,20151020,20151021,20151025,20151026,20151029,20151102,20151103,20151104,20151106,20151109,20151114,20151116,20151117,20151118,20151119,20151120,20151121,20151123,20151125,20151130,20151202 
G.3.3_index_1_VS_G.2.2_index_1 [26] 
20151016,20151019,20151024,20151025,20151026,20151028,20151029,20151030,20151101,20151105,20151113,20151116,20151117,20151118,20151119,20151120,20151121,20151123,20151125,20151126,20151127,20151128,20151129,20151130,20151201 
Number is 68 
G.4.2_index_2_VS_G.5.4_index_1 [27] 
20151016,20151017,20151018,20151019,20151020,20151021,20151022,20151023,20151026,20151029,20151030,20151103,20151104,20151105,20151113,20151114,20151116,20151117,20151118,20151119,20151120,20151121,20151123,20151127,20151202 
Number is 72 
G.6.2_index_3_VS_G.4.1_index_1 [28] 
20151016,20151019,20151020,20151022,20151023,20151028,20151029,20151031,20151101,20151102,20151104,20151106,20151107,20151108,20151109,20151111,20151112,20151115,20151116,20151117,20151118,20151119,20151120,20151121,20151123,20151125,20151126,20151127,20151128,20151130 
Number is 74 
G.5.4_index_2_VS_G.5.3_index_1 [29] 
20151016,20151025,20151027,20151028,20151102,20151103,20151105,20151110,20151114,20151115,20151116,20151117,20151118,20151119,20151120,20151121,20151123,20151124,20151125,20151128,20151129 
Number is 76 
G.2.1_index_1_VS_G.3.1_index_2 [30] 
20151016,20151017,20151018,20151020,20151024,20151026,20151028,20151101,20151103,20151105,20151108,20151109,20151111,20151112,20151113,20151114,20151115,20151116,20151117,20151118,20151119,20151120,20151121,20151124,20151126,20151127,20151129,20151130,20151201,20151202 
G.6.2_index_3_VS_G.4.2_index_2 [31] 
20151016,20151017,20151018,20151019,20151022,20151023,20151025,20151026,20151027,20151028,20151029,20151031,20151104,20151105,20151106,20151109,20151111,20151115,20151116,20151117,20151118,20151119,20151120,20151121,20151123,20151124,20151125,20151126,20151129,20151201,20151202 
Number is 77 
G.6.2_index_3_VS_G.4.1_index_3 [32] PLUS 1 
20151016,20151021,20151022,20151025,20151026,20151027,20151029,20151101,20151102,20151103,20151108,20151111,20151113,20151115,20151116,20151117,20151118,20151119,20151120,20151121,20151122,20151125,20151127,20151128,20151201,20151202 
Number is 78 
G.5.6_index_1_VS_G.4.3_index_2 [33] PLUS 1 
20151016,20151017,20151018,20151019,20151020,20151022,20151023,20151025,20151027,20151028,20151029,20151031,20151103,20151107,20151109,20151110,20151111,20151113,20151114,20151116,20151117,20151118,20151119,20151120,20151121,20151122,20151124,20151125,20151127,20151129,20151201 
Number is 81 
G.5.4_index_3_VS_G.6.3_index_1 [34] PLUS 1 
20151018,20151019,20151022,20151023,20151027,20151030,20151031,20151105,20151107,20151108,20151110,20151112,20151115,20151116,20151117,20151118,20151119,20151120,20151121,20151122,20151124,20151129,20151130 
Number is 82 
G.5.4_index_3_VS_G.3.5_index_2 [35] PLUS 1 
20151016,20151019,20151023,20151024,20151025,20151026,20151102,20151105,20151106,20151109,20151110,20151116,20151117,20151118,20151119,20151120,20151121,20151122,20151125,20151126,20151128,20151129,20151130 
G.5.5_index_1_VS_G.3.5_index_1 [36] PLUS 1 
20151016,20151018,20151021,20151022,20151025,20151028,20151030,20151031,20151102,20151107,20151108,20151113,20151114,20151116,20151117,20151118,20151119,20151120,20151121,20151122,20151129,20151130,20151201,20151202 
G.2.2_index_2_VS_G.3.5_index_2 [37] PLUS 1 
20151020,20151021,20151022,20151024,20151026,20151027,20151029,20151102,20151105,20151106,20151107,20151108,20151109,20151114,20151115,20151116,20151117,20151118,20151119,20151120,20151121,20151122,20151126,20151127,20151128,20151201,20151202 
Number is 83 
G.5.4_index_1_VS_G.DB_index_2 [38] PLUS 1 
20151016,20151022,20151026,20151030,20151031,20151101,20151103,20151109,20151111,20151112,20151116,20151117,20151118,20151119,20151120,20151121,20151122,20151124 
Number is 84 
G.5.5_index_1_VS_G.7.4_index_1 [39] 
20151017,20151022,20151025,20151030,20151031,20151107,20151110,20151112,20151113,20151116,20151117,20151118,20151119,20151120,20151121,20151128,20151130 
G.5.4_index_3_VS_G.3.6_index_4 [40] 
20151016,20151018,20151023,20151024,20151026,20151027,20151030,20151031,20151104,20151109,20151112,20151116,20151117,20151118,20151119,20151120,20151121,20151124,20151128,20151129,20151130,20151201 
G.5.4_index_3_VS_G.3.5_index_5 [41] 
20151017,20151018,20151023,20151024,20151026,20151029,20151031,20151101,20151102,20151108,20151109,20151110,20151115,20151116,20151117,20151118,20151119,20151120,20151121,20151123,20151126,20151128,20151129 
G.6.2_index_2_VS_G.4.1_index_2 [42] 
20151017,20151018,20151019,20151022,20151024,20151028,20151029,20151101,20151102,20151104,20151111,20151112,20151113,20151116,20151117,20151118,20151119,20151120,20151121,20151124,20151125,20151128,20151130,20151201,20151202 
G.2.2_index_2_VS_G.5.3_index_1 [43] 
20151017,20151018,20151019,20151020,20151022,20151027,20151102,20151105,20151111,20151112,20151114,20151116,20151117,20151118,20151119,20151120,20151121,20151123,20151124,20151201,20151202 
Number is 85 
G.DB_index_5_VS_G.6.3_index_3 [44] 
20151018,20151021,20151022,20151024,20151025,20151028,20151031,20151101,20151102,20151103,20151105,20151107,20151108,20151110,20151113,20151116,20151117,20151118,20151119,20151120,20151121,20151125,20151126,20151129,20151202 
Number is 86 
G.5.4_index_3_VS_G.DB_index_4 [45] 
20151016,20151019,20151022,20151023,20151024,20151026,20151028,20151031,20151102,20151103,20151107,20151113,20151114,20151116,20151117,20151118,20151119,20151120,20151121,20151123,20151125,20151128,20151129,20151130,20151201 
Number is 87 
G.2.2_index_5_VS_G.6.2_index_3 [46] PLUS 1 
20151018,20151020,20151023,20151025,20151031,20151109,20151111,20151114,20151116,20151117,20151118,20151119,20151120,20151121,20151122,20151126,20151201 
G.5.5_index_1_VS_G.5.4_index_2 [47] PLUS 1 
20151019,20151021,20151022,20151029,20151030,20151031,20151107,20151110,20151112,20151114,20151116,20151117,20151118,20151119,20151120,20151121,20151122,20151126,20151127,20151128,20151130 
Number is 93 
G.5.1_index_1_VS_G.5.1_index_3 [48] 
20151018,20151019,20151021,20151024,20151026,20151101,20151104,20151107,20151109,20151114,20151116,20151117,20151118,20151119,20151120,20151121,20151123,20151124,20151130,20151201 
Number is 94 
G.4.3_index_4_VS_G.5.3_index_1 [49] PLUS 1 
20151016,20151018,20151019,20151021,20151022,20151027,20151031,20151103,20151110,20151116,20151117,20151118,20151119,20151120,20151121,20151122,20151124,20151125,20151129 
G.4.3_index_4_VS_G.3.5_index_5 [50] PLUS 1 
20151018,20151021,20151023,20151027,20151101,20151103,20151104,20151107,20151108,20151114,20151116,20151117,20151118,20151119,20151120,20151121,20151122,20151125,20151126,20151129,20151201 
Number is 97 
G.4.3_index_4_VS_G.6.2_index_3 [51] PLUS 1 
20151016,20151018,20151019,20151022,20151027,20151028,20151102,20151103,20151105,20151107,20151108,20151112,20151116,20151117,20151118,20151119,20151120,20151121,20151122,20151124,20151125,20151129,20151201,20151202 
Number is 99 
G.5.2_index_4_VS_G.5.2_index_1 [52] PLUS 1 
20151021,20151023,20151024,20151025,20151027,20151028,20151029,20151102,20151104,20151105,20151106,20151107,20151109,20151110,20151112,20151113,20151114,20151115,20151116,20151117,20151118,20151119,20151120,20151121,20151122,20151125,20151129,20151201,20151202 
