======== Current: 20151125 ========= 
Number is 00 
G.2.1_index_2_VS_G.2.2_index_4 [1] PLUS 1 
20151016,20151018,20151019,20151021,20151022,20151024,20151025,20151027,20151029,20151105,20151106,20151107,20151108,20151109,20151113,20151114,20151118,20151119,20151120,20151121,20151122,20151123,20151124,20151125,20151128,20151130 
Number is 03 
G.5.5_index_3_VS_G.6.2_index_1 [2] PLUS 1 
20151019,20151020,20151022,20151024,20151026,20151104,20151110,20151114,20151117,20151119,20151120,20151121,20151122,20151123,20151124,20151125,20151126,20151129,20151201 
Number is 05 
G.5.5_index_3_VS_G.5.4_index_3 [3] 
20151017,20151019,20151021,20151022,20151023,20151027,20151029,20151031,20151101,20151102,20151106,20151107,20151108,20151109,20151110,20151112,20151115,20151118,20151119,20151120,20151121,20151122,20151123,20151124,20151126 
Number is 06 
G.1.1_index_3_VS_G.4.4_index_1 [4] 
20151016,20151017,20151018,20151021,20151023,20151024,20151025,20151028,20151030,20151031,20151101,20151103,20151106,20151111,20151113,20151118,20151119,20151120,20151121,20151122,20151123,20151124,20151128,20151129 
G.3.6_index_4_VS_G.5.3_index_1 [5] 
20151016,20151017,20151018,20151021,20151022,20151023,20151027,20151104,20151105,20151111,20151112,20151114,20151115,20151116,20151119,20151120,20151121,20151122,20151123,20151124 
Number is 10 
G.5.5_index_2_VS_G.3.6_index_4 [6] PLUS 1 
20151016,20151022,20151024,20151027,20151031,20151117,20151119,20151120,20151121,20151122,20151123,20151124,20151125,20151128,20151201,20151202 
G.3.1_index_2_VS_G.1.1_index_3 [7] PLUS 1 
20151016,20151017,20151019,20151020,20151024,20151025,20151026,20151027,20151028,20151029,20151030,20151102,20151103,20151109,20151112,20151117,20151119,20151120,20151121,20151122,20151123,20151124,20151125,20151128,20151129 
Number is 13 
G.5.5_index_2_VS_G.7.1_index_1 [8] 
20151016,20151018,20151019,20151020,20151022,20151024,20151026,20151029,20151102,20151104,20151107,20151109,20151110,20151111,20151112,20151115,20151118,20151119,20151120,20151121,20151122,20151123,20151124,20151127,20151128,20151202 
Number is 16 
G.5.5_index_2_VS_G.3.2_index_4 [9] PLUS 1 
20151016,20151017,20151021,20151022,20151024,20151026,20151101,20151104,20151105,20151107,20151109,20151110,20151111,20151118,20151119,20151120,20151121,20151122,20151123,20151124,20151125,20151126,20151127,20151129,20151202 
G.3.2_index_2_VS_G.3.4_index_2 [10] PLUS 1 
20151017,20151018,20151019,20151020,20151024,20151031,20151103,20151107,20151109,20151111,20151113,20151116,20151117,20151118,20151119,20151120,20151121,20151122,20151123,20151124,20151125,20151128,20151130,20151201 
Number is 17 
G.1.1_index_2_VS_G.4.3_index_4 [11] 
20151018,20151021,20151022,20151026,20151028,20151029,20151101,20151102,20151104,20151105,20151109,20151110,20151111,20151114,20151115,20151116,20151119,20151120,20151121,20151122,20151123,20151124,20151127,20151129,20151201 
Number is 18 
G.1.1_index_2_VS_G.5.5_index_4 [12] PLUS 1 
20151016,20151018,20151019,20151020,20151021,20151024,20151027,20151108,20151109,20151110,20151111,20151116,20151119,20151120,20151121,20151122,20151123,20151124,20151125,20151127,20151130,20151202 
Number is 19 
G.7.3_index_2_VS_G.3.2_index_1 [13] 
20151018,20151020,20151023,20151025,20151031,20151104,20151110,20151111,20151115,20151116,20151117,20151118,20151119,20151120,20151121,20151122,20151123,20151124,20151128,20151130,20151201 
G.3.2_index_2_VS_G.4.3_index_2 [14] 
20151018,20151020,20151024,20151026,20151027,20151030,20151103,20151104,20151107,20151111,20151113,20151114,20151117,20151118,20151119,20151120,20151121,20151122,20151123,20151124,20151129,20151201 
Number is 20 
G.2.2_index_5_VS_G.5.5_index_3 [15] 
20151017,20151018,20151019,20151021,20151025,20151026,20151027,20151030,20151105,20151107,20151112,20151113,20151118,20151119,20151120,20151121,20151122,20151123,20151124,20151126,20151129 
Number is 21 
G.5.3_index_2_VS_G.1.1_index_2 [16] 
20151017,20151019,20151026,20151027,20151104,20151109,20151111,20151113,20151119,20151120,20151121,20151122,20151123,20151124,20151126,20151128,20151130 
G.4.3_index_3_VS_G.5.5_index_2 [17] 
20151018,20151019,20151022,20151024,20151025,20151029,20151031,20151101,20151105,20151107,20151111,20151114,20151115,20151118,20151119,20151120,20151121,20151122,20151123,20151124,20151126,20151128,20151202 
Number is 23 
G.3.6_index_1_VS_G.4.1_index_4 [18] PLUS 1 
20151017,20151020,20151025,20151028,20151031,20151101,20151104,20151109,20151111,20151113,20151114,20151115,20151118,20151119,20151120,20151121,20151122,20151123,20151124,20151125,20151127,20151128,20151129,20151130,20151202 
Number is 32 
G.6.1_index_2_VS_G.3.4_index_5 [19] PLUS 1 
20151017,20151020,20151022,20151026,20151027,20151030,20151101,20151105,20151107,20151113,20151114,20151115,20151118,20151119,20151120,20151121,20151122,20151123,20151124,20151125,20151126,20151127,20151201,20151202 
Number is 33 
G.4.1_index_4_VS_G.6.2_index_2 [20] PLUS 1 
20151016,20151018,20151019,20151020,20151025,20151027,20151029,20151030,20151101,20151102,20151104,20151107,20151111,20151112,20151114,20151115,20151116,20151119,20151120,20151121,20151122,20151123,20151124,20151125,20151126,20151128,20151202 
Number is 35 
G.3.6_index_2_VS_G.7.1_index_2 [21] 
20151017,20151018,20151024,20151029,20151030,20151101,20151103,20151105,20151107,20151110,20151111,20151116,20151119,20151120,20151121,20151122,20151123,20151124,20151128,20151129,20151130,20151202 
Number is 39 
G.6.2_index_1_VS_G.2.2_index_1 [22] PLUS 1 
20151016,20151018,20151020,20151022,20151023,20151025,20151029,20151107,20151109,20151110,20151116,20151118,20151119,20151120,20151121,20151122,20151123,20151124,20151125,20151129,20151201,20151202 
Number is 43 
G.6.3_index_1_VS_G.5.5_index_1 [23] PLUS 1 
20151018,20151019,20151022,20151024,20151026,20151027,20151101,20151103,20151106,20151107,20151112,20151118,20151119,20151120,20151121,20151122,20151123,20151124,20151125,20151126,20151127,20151128 
G.4.2_index_1_VS_G.6.2_index_2 [24] PLUS 1 
20151017,20151019,20151020,20151021,20151022,20151023,20151026,20151029,20151103,20151106,20151108,20151109,20151113,20151114,20151115,20151116,20151118,20151119,20151120,20151121,20151122,20151123,20151124,20151125,20151126,20151127,20151128,20151202 
Number is 46 
G.5.6_index_3_VS_G.4.4_index_1 [25] 
20151021,20151022,20151027,20151029,20151102,20151104,20151105,20151106,20151107,20151108,20151112,20151119,20151120,20151121,20151122,20151123,20151124,20151126,20151128,20151130,20151202 
Number is 47 
G.7.4_index_2_VS_G.5.1_index_3 [26] PLUS 1 
20151016,20151018,20151020,20151022,20151024,20151026,20151031,20151101,20151105,20151107,20151108,20151110,20151112,20151115,20151118,20151119,20151120,20151121,20151122,20151123,20151124,20151125,20151127,20151130 
Number is 48 
G.6.3_index_1_VS_G.4.2_index_2 [27] 
20151016,20151017,20151018,20151021,20151022,20151027,20151029,20151105,20151110,20151112,20151113,20151115,20151116,20151118,20151119,20151120,20151121,20151122,20151123,20151124,20151126,20151130 
Number is 50 
G.5.4_index_3_VS_G.1.1_index_3 [28] 
20151016,20151017,20151022,20151023,20151024,20151025,20151026,20151028,20151031,20151102,20151103,20151106,20151110,20151113,20151115,20151117,20151118,20151119,20151120,20151121,20151122,20151123,20151124,20151128,20151201,20151202 
Number is 51 
G.3.4_index_4_VS_G.3.1_index_2 [29] 
20151016,20151017,20151025,20151027,20151104,20151105,20151106,20151115,20151116,20151117,20151119,20151120,20151121,20151122,20151123,20151124,20151126,20151201,20151202 
Number is 52 
G.5.4_index_3_VS_G.DB_index_2 [30] 
20151018,20151023,20151025,20151101,20151107,20151108,20151109,20151113,20151117,20151119,20151120,20151121,20151122,20151123,20151124,20151126,20151129,20151202 
Number is 61 
G.7.4_index_1_VS_G.5.5_index_2 [31] PLUS 1 
20151016,20151019,20151020,20151021,20151022,20151024,20151025,20151028,20151102,20151104,20151105,20151107,20151109,20151114,20151117,20151119,20151120,20151121,20151122,20151123,20151124,20151125,20151127,20151128,20151129,20151202 
Number is 63 
G.5.3_index_1_VS_G.7.1_index_1 [32] 
20151016,20151017,20151019,20151020,20151022,20151027,20151028,20151031,20151101,20151102,20151111,20151112,20151114,20151116,20151117,20151118,20151119,20151120,20151121,20151122,20151123,20151124,20151127,20151201 
G.5.3_index_1_VS_G.4.1_index_2 [33] 
20151017,20151024,20151026,20151027,20151102,20151103,20151104,20151107,20151108,20151111,20151116,20151119,20151120,20151121,20151122,20151123,20151124,20151127,20151128,20151130,20151202 
Number is 64 
G.DB_index_5_VS_G.6.3_index_1 [34] 
20151017,20151019,20151021,20151022,20151025,20151028,20151029,20151030,20151031,20151101,20151102,20151103,20151105,20151106,20151111,20151114,20151115,20151116,20151118,20151119,20151120,20151121,20151122,20151123,20151124,20151129,20151202 
Number is 66 
G.7.4_index_1_VS_G.5.3_index_1 [35] 
20151016,20151017,20151018,20151019,20151020,20151021,20151028,20151031,20151103,20151105,20151108,20151111,20151115,20151117,20151119,20151120,20151121,20151122,20151123,20151124,20151128,20151129 
G.5.3_index_1_VS_G.5.3_index_3 [36] 
20151016,20151017,20151019,20151020,20151022,20151023,20151027,20151029,20151102,20151110,20151111,20151116,20151119,20151120,20151121,20151122,20151123,20151124,20151128,20151129,20151130,20151202 
G.3.2_index_4_VS_G.4.3_index_1 [37] 
20151016,20151017,20151019,20151021,20151023,20151024,20151026,20151030,20151101,20151105,20151113,20151114,20151118,20151119,20151120,20151121,20151122,20151123,20151124,20151127,20151129,20151130 
Number is 67 
G.4.4_index_1_VS_G.5.1_index_4 [38] PLUS 1 
20151017,20151018,20151023,20151024,20151028,20151101,20151103,20151109,20151111,20151113,20151115,20151117,20151119,20151120,20151121,20151122,20151123,20151124,20151125,20151127,20151128,20151201,20151202 
G.5.3_index_1_VS_G.4.4_index_3 [39] PLUS 1 
20151017,20151019,20151021,20151025,20151027,20151028,20151030,20151031,20151105,20151106,20151107,20151108,20151110,20151111,20151112,20151113,20151115,20151117,20151119,20151120,20151121,20151122,20151123,20151124,20151125,20151127,20151201,20151202 
Number is 70 
G.5.1_index_4_VS_G.3.6_index_4 [40] PLUS 1 
20151016,20151018,20151019,20151022,20151023,20151024,20151026,20151027,20151028,20151104,20151109,20151113,20151119,20151120,20151121,20151122,20151123,20151124,20151125,20151128,20151201 
Number is 71 
G.4.4_index_3_VS_G.5.5_index_2 [41] 
20151018,20151019,20151022,20151024,20151030,20151105,20151110,20151112,20151113,20151114,20151119,20151120,20151121,20151122,20151123,20151124,20151202 
G.5.6_index_1_VS_G.1.1_index_2 [42] 
20151019,20151021,20151024,20151025,20151026,20151030,20151101,20151102,20151109,20151110,20151112,20151115,20151116,20151119,20151120,20151121,20151122,20151123,20151124,20151129,20151201 
Number is 72 
G.4.1_index_3_VS_G.3.5_index_3 [43] 
20151020,20151021,20151022,20151023,20151025,20151026,20151027,20151029,20151031,20151101,20151102,20151103,20151104,20151107,20151108,20151109,20151110,20151112,20151113,20151116,20151117,20151119,20151120,20151121,20151122,20151123,20151124,20151127,20151130,20151202 
Number is 76 
G.5.1_index_3_VS_G.5.3_index_1 [44] PLUS 1 
20151023,20151025,20151026,20151027,20151105,20151106,20151110,20151111,20151112,20151114,20151117,20151118,20151119,20151120,20151121,20151122,20151123,20151124,20151125,20151126,20151127,20151129 
G.5.1_index_4_VS_G.7.4_index_1 [45] PLUS 1 
20151017,20151020,20151023,20151024,20151026,20151028,20151031,20151101,20151102,20151104,20151109,20151113,20151115,20151117,20151119,20151120,20151121,20151122,20151123,20151124,20151125,20151127,20151128,20151129,20151201 
Number is 77 
G.5.6_index_1_VS_G.4.3_index_4 [46] 
20151018,20151022,20151023,20151026,20151111,20151113,20151115,20151118,20151119,20151120,20151121,20151122,20151123,20151124,20151127,20151129,20151130 
Number is 80 
G.3.1_index_4_VS_G.3.6_index_4 [47] PLUS 1 
20151016,20151024,20151027,20151028,20151030,20151103,20151104,20151111,20151115,20151119,20151120,20151121,20151122,20151123,20151124,20151125,20151126,20151127,20151129 
Number is 91 
G.4.3_index_2_VS_G.5.5_index_2 [48] 
20151016,20151019,20151021,20151022,20151025,20151029,20151030,20151031,20151102,20151104,20151110,20151113,20151115,20151117,20151118,20151119,20151120,20151121,20151122,20151123,20151124,20151127,20151128,20151129,20151130 
Number is 99 
G.DB_index_1_VS_G.DB_index_4 [49] 
20151017,20151019,20151020,20151028,20151103,20151106,20151107,20151111,20151114,20151116,20151118,20151119,20151120,20151121,20151122,20151123,20151124,20151126,20151129,20151130,20151202 
