======== Last: 20131004 ========= 
Number is 06 
G.3.3_index_3_VS_G.5.4_index_4 [1] 
Ngay: 20130820,20130825,20130826,20130827,20130828,20130829,20130830,20130831,20130901,20130902,20130903,20130905,20130907,20130908,20130909,20130911,20130915,20130917,20130919,20130920,20130921,20130925,20130929,20131001,20131002 
Number is 08 
G.4.2_index_1_VS_G.5.3_index_4 [2] 
Ngay: 20130823,20130828,20130829,20130830,20130831,20130901,20130902,20130903,20130905,20130910,20130911,20130914,20130915,20130917,20130920,20130921,20130922,20130927,20130928,20130930 
Number is 14 
G.2.1_index_3_VS_G.5.2_index_4 [3] 
Ngay: 20130824,20130828,20130829,20130830,20130831,20130901,20130902,20130906,20130907,20130908,20130909,20130911,20130915,20130917,20130918,20130921,20130927,20130928,20131002 
Number is 17 
G.3.5_index_2_VS_G.7.3_index_2 [4] 
Ngay: 20130821,20130822,20130823,20130824,20130825,20130827,20130828,20130829,20130830,20130831,20130901,20130902,20130904,20130907,20130909,20130911,20130912,20130914,20130916,20130917,20130920,20130921,20130927,20130929,20131002 
Number is 33 
G.DB_index_4_VS_G.3.1_index_5 [5] 
Ngay: 20130821,20130822,20130823,20130825,20130827,20130828,20130829,20130830,20130831,20130901,20130902,20130904,20130907,20130910,20130911,20130912,20130913,20130919,20130921,20130922,20130923,20130924,20130926,20130929,20130930,20131003 
G.4.4_index_2_VS_G.5.5_index_4 [6] 
Ngay: 20130821,20130823,20130825,20130826,20130828,20130829,20130830,20130831,20130901,20130902,20130903,20130904,20130905,20130908,20130909,20130910,20130913,20130916,20130917,20130918,20130919,20130920,20130922,20130924,20130925,20130928,20131003 
Number is 34 
G.3.1_index_5_VS_G.5.6_index_4 [7] 
Ngay: 20130821,20130825,20130826,20130827,20130828,20130829,20130830,20130831,20130901,20130902,20130910,20130911,20130912,20130918,20130919,20130926,20130928,20130930,20131001,20131003 
Number is 35 
G.3.1_index_5_VS_G.3.4_index_4 [8] 
Ngay: 20130821,20130822,20130824,20130825,20130826,20130827,20130828,20130829,20130830,20130831,20130901,20130902,20130906,20130911,20130912,20130919,20130930,20131002 
Number is 39 
G.4.4_index_2_VS_G.3.5_index_5 [9] 
Ngay: 20130820,20130822,20130827,20130828,20130829,20130830,20130831,20130901,20130902,20130907,20130908,20130913,20130914,20130916,20130917,20130918,20130920,20130922,20130926,20130928,20131003 
Number is 40 
G.2.1_index_5_VS_G.5.6_index_2 [10] 
Ngay: 20130821,20130823,20130824,20130826,20130828,20130829,20130830,20130831,20130901,20130902,20130904,20130905,20130907,20130908,20130909,20130914,20130917,20130918,20130920,20130921,20130924,20130925,20130927,20131002 
Number is 45 
G.5.2_index_4_VS_G.2.1_index_2 [11] 
Ngay: 20130821,20130824,20130826,20130827,20130828,20130829,20130830,20130831,20130901,20130902,20130903,20130904,20130907,20130908,20130912,20130914,20130916,20130918,20130920,20130923,20130927,20131001 
Number is 46 
G.6.3_index_1_VS_G.7.2_index_2 [12] 
Ngay: 20130820,20130822,20130825,20130827,20130828,20130829,20130830,20130831,20130901,20130902,20130904,20130905,20130906,20130907,20130908,20130915,20130917,20130918,20130919,20130920,20130922,20130927,20130929,20131001 
Number is 48 
G.2.1_index_5_VS_G.3.2_index_2 [13] 
Ngay: 20130820,20130823,20130824,20130825,20130826,20130827,20130828,20130829,20130830,20130831,20130901,20130902,20130905,20130906,20130908,20130909,20130912,20130918,20130919,20130921,20130926,20130927,20130929 
Number is 54 
G.3.6_index_4_VS_G.2.1_index_4 [14] 
Ngay: 20130820,20130821,20130823,20130824,20130825,20130827,20130828,20130829,20130830,20130831,20130901,20130902,20130905,20130907,20130908,20130909,20130910,20130911,20130912,20130913,20130914,20130915,20130917,20130918,20130921,20130924,20130926,20130928,20130929,20130930 
G.3.6_index_4_VS_G.7.4_index_2 [15] 
Ngay: 20130822,20130824,20130825,20130828,20130829,20130830,20130831,20130901,20130902,20130906,20130907,20130910,20130911,20130912,20130916,20130918,20130923,20130924,20130925,20130929,20131002 
Number is 56 
G.6.2_index_1_VS_G.6.1_index_3 [16] 
Ngay: 20130823,20130828,20130829,20130830,20130831,20130901,20130902,20130906,20130907,20130908,20130909,20130910,20130912,20130913,20130915,20130916,20130920,20130921,20130922,20130923,20130924,20130925,20130926,20130928,20130929 
Number is 58 
G.3.4_index_4_VS_G.3.5_index_1 [17] 
Ngay: 20130822,20130825,20130826,20130828,20130829,20130830,20130831,20130901,20130902,20130905,20130907,20130908,20130909,20130910,20130912,20130913,20130916,20130917,20130918,20130920,20130923,20130924,20130927,20130928,20130929,20130930,20131001 
Number is 65 
G.3.6_index_2_VS_G.3.2_index_3 [18] 
Ngay: 20130821,20130822,20130824,20130827,20130828,20130829,20130830,20130831,20130901,20130902,20130909,20130910,20130911,20130913,20130915,20130916,20130917,20130919,20130920,20130921,20130923,20130926,20130927,20130928,20130930,20131001 
Number is 70 
G.3.3_index_1_VS_G.3.3_index_3 [19] 
Ngay: 20130820,20130821,20130822,20130824,20130825,20130826,20130827,20130828,20130829,20130830,20130831,20130901,20130902,20130903,20130911,20130913,20130920,20130921,20130924,20130927,20130930 
Number is 74 
G.7.3_index_2_VS_G.5.6_index_4 [20] 
Ngay: 20130821,20130822,20130823,20130826,20130827,20130828,20130829,20130830,20130831,20130901,20130902,20130904,20130907,20130910,20130912,20130914,20130916,20130918,20130919,20130923,20130924,20130927,20130928,20130929,20130930,20131002 
Number is 75 
G.3.3_index_1_VS_G.4.3_index_3 [21] 
Ngay: 20130821,20130822,20130824,20130825,20130826,20130827,20130828,20130829,20130830,20130831,20130901,20130902,20130903,20130906,20130907,20130910,20130913,20130915,20130917,20130920,20130922,20130923,20130924,20130925,20130929,20131002,20131003 
Number is 80 
G.5.3_index_4_VS_G.3.2_index_4 [22] 
Ngay: 20130820,20130821,20130823,20130825,20130828,20130829,20130830,20130831,20130901,20130902,20130904,20130905,20130906,20130910,20130912,20130914,20130915,20130917,20130924,20130929,20131001,20131002 
Number is 83 
G.5.2_index_3_VS_G.4.4_index_2 [23] 
Ngay: 20130822,20130825,20130826,20130828,20130829,20130830,20130831,20130901,20130902,20130903,20130905,20130908,20130910,20130916,20130917,20130919,20130920,20130921,20130925,20130926,20130927,20131001,20131003 
Number is 84 
G.5.3_index_4_VS_G.5.6_index_4 [24] 
Ngay: 20130820,20130821,20130823,20130824,20130826,20130827,20130828,20130829,20130830,20130831,20130901,20130902,20130903,20130904,20130905,20130909,20130911,20130912,20130916,20130917,20130918,20130920,20130921,20130923,20130927,20130929,20131001 
Number is 91 
G.4.1_index_2_VS_G.3.1_index_1 [25] 
Ngay: 20130824,20130825,20130828,20130829,20130830,20130831,20130901,20130902,20130903,20130904,20130906,20130910,20130911,20130914,20130915,20130918,20130920,20130921,20130922,20130926,20130927,20131001 
Number is 94 
G.5.5_index_1_VS_G.7.4_index_2 [26] 
Ngay: 20130822,20130823,20130824,20130825,20130828,20130829,20130830,20130831,20130901,20130902,20130907,20130913,20130914,20130916,20130918,20130919,20130924,20130925,20130926,20130928,20130929,20131002,20131003 
G.4.1_index_2_VS_G.2.1_index_4 [27] 
Ngay: 20130822,20130823,20130825,20130828,20130829,20130830,20130831,20130901,20130902,20130904,20130905,20130907,20130909,20130917,20130918,20130921,20130922,20130923,20130924,20130926,20130927,20130928,20131003 
Number is 99 
G.5.5_index_1_VS_G.3.5_index_5 [28] 
Ngay: 20130820,20130823,20130824,20130825,20130827,20130828,20130829,20130830,20130831,20130901,20130902,20130904,20130907,20130908,20130911,20130913,20130915,20130917,20130919,20130924,20130925,20130926,20130929,20131003 
