======== Current: 20130904 ========= 
Number is 17 
G.3.3_index_3_VS_G.5.4_index_4 [1] 
20130820,20130825,20130826,20130827,20130828,20130829,20130830,20130831,20130901,20130902,20130903,20130905,20130907,20130908,20130909,20130911,20130915,20130917,20130919,20130920,20130921,20130925,20130929,20131001,20131002 
Number is 19 
G.3.6_index_4_VS_G.3.4_index_4 [2] 
20130820,20130825,20130826,20130829,20130830,20130831,20130901,20130902,20130903,20130907,20130909,20130910,20130911,20130912,20130915,20130916,20130917,20130928,20130930,20131001,20131002 
Number is 21 
G.2.2_index_3_VS_G.DB_index_3 [3] 
20130821,20130824,20130825,20130827,20130829,20130830,20130831,20130901,20130902,20130903,20130907,20130910,20130911,20130915,20130916,20130918,20130920,20130926,20130930,20131001,20131003 
Number is 23 
G.4.1_index_2_VS_G.4.3_index_4 [4] 
20130821,20130823,20130825,20130827,20130829,20130830,20130831,20130901,20130902,20130903,20130905,20130907,20130911,20130913,20130914,20130915,20130919,20130921,20130924,20130925,20130930 
Number is 26 
G.4.1_index_2_VS_G.3.1_index_1 [5] PLUS 1 
20130824,20130825,20130828,20130829,20130830,20130831,20130901,20130902,20130903,20130904,20130906,20130910,20130911,20130914,20130915,20130918,20130920,20130921,20130922,20130926,20130927,20131001 
Number is 32 
G.3.5_index_5_VS_G.3.2_index_2 [6] 
20130820,20130823,20130824,20130826,20130827,20130829,20130830,20130831,20130901,20130902,20130903,20130907,20130908,20130920,20130921,20130924,20130926,20131001 
Number is 53 
G.5.5_index_4_VS_G.3.5_index_5 [7] 
20130820,20130821,20130824,20130826,20130827,20130829,20130830,20130831,20130901,20130902,20130903,20130905,20130907,20130908,20130910,20130911,20130912,20130916,20130917,20130919,20130925,20130927,20131001,20131002,20131003 
Number is 65 
G.7.3_index_2_VS_G.5.5_index_4 [8] 
20130821,20130822,20130823,20130825,20130826,20130829,20130830,20130831,20130901,20130902,20130903,20130906,20130907,20130909,20130910,20130913,20130915,20130917,20130919,20130920,20130922,20130923,20130925,20130926,20131003 
Number is 68 
G.7.3_index_2_VS_G.5.6_index_2 [9] 
20130821,20130823,20130824,20130825,20130826,20130827,20130829,20130830,20130831,20130901,20130902,20130903,20130905,20130906,20130908,20130913,20130917,20130919,20130920,20130922,20130923,20130925,20130926,20130927,20130928,20130930,20131002,20131003 
Number is 75 
G.4.4_index_2_VS_G.5.5_index_4 [10] PLUS 1 
20130821,20130823,20130825,20130826,20130828,20130829,20130830,20130831,20130901,20130902,20130903,20130904,20130905,20130908,20130909,20130910,20130913,20130916,20130917,20130918,20130919,20130920,20130922,20130924,20130925,20130928,20131003 
Number is 76 
G.3.1_index_5_VS_G.7.3_index_2 [11] 
20130821,20130823,20130825,20130826,20130827,20130829,20130830,20130831,20130901,20130902,20130903,20130911,20130913,20130922,20130923,20130927,20130929,20130930,20131002,20131003 
Number is 77 
G.5.2_index_3_VS_G.4.4_index_2 [12] 
20130822,20130825,20130826,20130828,20130829,20130830,20130831,20130901,20130902,20130903,20130905,20130908,20130910,20130916,20130917,20130919,20130920,20130921,20130925,20130926,20130927,20131001,20131003 
Number is 85 
G.5.2_index_4_VS_G.2.1_index_2 [13] PLUS 1 
20130821,20130824,20130826,20130827,20130828,20130829,20130830,20130831,20130901,20130902,20130903,20130904,20130907,20130908,20130912,20130914,20130916,20130918,20130920,20130923,20130927,20131001 
Number is 86 
G.6.3_index_2_VS_G.1.1_index_5 [14] 
20130826,20130829,20130830,20130831,20130901,20130902,20130903,20130906,20130909,20130910,20130913,20130915,20130916,20130917,20130918,20130919,20130922,20130924,20130926,20130927,20130929,20130930,20131001,20131002 
Number is 90 
G.5.3_index_4_VS_G.5.6_index_4 [15] PLUS 1 
20130820,20130821,20130823,20130824,20130826,20130827,20130828,20130829,20130830,20130831,20130901,20130902,20130903,20130904,20130905,20130909,20130911,20130912,20130916,20130917,20130918,20130920,20130921,20130923,20130927,20130929,20131001 
Number is 91 
G.3.3_index_1_VS_G.3.3_index_3 [16] 
20130820,20130821,20130822,20130824,20130825,20130826,20130827,20130828,20130829,20130830,20130831,20130901,20130902,20130903,20130911,20130913,20130920,20130921,20130924,20130927,20130930 
Number is 95 
G.3.3_index_1_VS_G.4.3_index_3 [17] 
20130821,20130822,20130824,20130825,20130826,20130827,20130828,20130829,20130830,20130831,20130901,20130902,20130903,20130906,20130907,20130910,20130913,20130915,20130917,20130920,20130922,20130923,20130924,20130925,20130929,20131002,20131003 
Number is 99 
G.4.2_index_1_VS_G.5.3_index_4 [18] 
20130823,20130828,20130829,20130830,20130831,20130901,20130902,20130903,20130905,20130910,20130911,20130914,20130915,20130917,20130920,20130921,20130922,20130927,20130928,20130930 
