======== Current: 20130909 ========= 
Number is 10 
G.5.1_index_4_VS_G.2.2_index_3 [1] PLUS 1 
20130823,20130825,20130826,20130827,20130831,20130901,20130902,20130903,20130904,20130905,20130906,20130907,20130908,20130909,20130910,20130911,20130913,20130917,20130919,20130923,20130925,20130926,20130927,20131003 
Number is 17 
G.1.1_index_3_VS_G.7.1_index_2 [2] PLUS 1 
20130824,20130826,20130827,20130829,20130903,20130904,20130905,20130906,20130907,20130908,20130909,20130911,20130912,20130913,20130914,20130915,20130916,20130918,20130920,20130921,20130922,20130923,20130925,20131002 
Number is 19 
G.3.2_index_1_VS_G.3.1_index_3 [3] PLUS 1 
20130822,20130825,20130826,20130903,20130904,20130905,20130906,20130907,20130908,20130909,20130910,20130912,20130913,20130920,20130921,20130925,20130926,20130928 
Number is 20 
G.5.3_index_1_VS_G.3.2_index_2 [4] PLUS 1 
20130821,20130823,20130826,20130827,20130830,20130901,20130902,20130903,20130904,20130905,20130906,20130907,20130908,20130909,20130912,20130913,20130914,20130918,20130920,20130922,20130926,20131001,20131003 
Number is 21 
G.5.6_index_1_VS_G.3.2_index_1 [5] PLUS 1 
20130820,20130821,20130824,20130825,20130826,20130827,20130828,20130903,20130904,20130905,20130906,20130907,20130908,20130909,20130910,20130912,20130913,20130916,20130921,20130922,20130923,20130924,20130925,20130926,20131002,20131003 
Number is 27 
G.3.3_index_2_VS_G.7.1_index_2 [6] 
20130824,20130825,20130830,20130831,20130901,20130902,20130903,20130904,20130905,20130906,20130907,20130908,20130911,20130912,20130914,20130915,20130916,20130920,20130927,20131002,20131003 
Number is 38 
G.4.4_index_2_VS_G.3.4_index_1 [7] 
20130822,20130828,20130830,20130902,20130903,20130904,20130905,20130906,20130907,20130908,20130910,20130916,20130919,20130924,20130925,20130927,20130928,20130929,20131002,20131003 
Number is 63 
G.4.2_index_3_VS_G.4.1_index_3 [8] 
20130820,20130823,20130826,20130828,20130829,20130830,20130903,20130904,20130905,20130906,20130907,20130908,20130910,20130911,20130916,20130919,20130922,20130924,20130925,20130926,20130930,20131001,20131002,20131003 
Number is 64 
G.3.5_index_5_VS_G.4.3_index_1 [9] PLUS 1 
20130820,20130824,20130826,20130829,20130831,20130903,20130904,20130905,20130906,20130907,20130908,20130909,20130910,20130911,20130912,20130913,20130917,20130918,20130919,20130925,20130926,20130927,20130930,20131003 
G.5.6_index_3_VS_G.4.3_index_1 [10] PLUS 1 
20130821,20130822,20130826,20130829,20130831,20130901,20130903,20130904,20130905,20130906,20130907,20130908,20130909,20130910,20130918,20130920,20130921,20130926,20130927,20131002 
Number is 65 
G.3.4_index_3_VS_G.4.3_index_3 [11] 
20130822,20130827,20130902,20130903,20130904,20130905,20130906,20130907,20130908,20130910,20130915,20130920,20130922,20130923,20130925,20130929,20130930,20131002,20131003 
G.5.6_index_3_VS_G.1.1_index_5 [12] 
20130825,20130826,20130829,20130831,20130901,20130902,20130903,20130904,20130905,20130906,20130907,20130908,20130911,20130915,20130916,20130918,20130919,20130925,20130930,20131002 
Number is 68 
G.5.5_index_1_VS_G.6.2_index_3 [13] 
20130820,20130822,20130823,20130824,20130825,20130827,20130828,20130829,20130903,20130904,20130905,20130906,20130907,20130908,20130910,20130911,20130914,20130917,20130918,20130920,20130921,20130925,20130928,20130929,20130930 
G.3.1_index_1_VS_G.5.6_index_4 [14] 
20130825,20130827,20130828,20130829,20130830,20130903,20130904,20130905,20130906,20130907,20130908,20130910,20130928,20131001 
Number is 71 
G.4.4_index_1_VS_G.5.1_index_4 [15] PLUS 1 
20130825,20130827,20130903,20130904,20130905,20130906,20130907,20130908,20130909,20130910,20130912,20130914,20130917,20130918,20130919,20130920,20130921,20130922,20130926,20130928,20130930,20131003 
Number is 73 
G.5.4_index_2_VS_G.4.1_index_3 [16] PLUS 1 
20130822,20130823,20130825,20130828,20130901,20130903,20130904,20130905,20130906,20130907,20130908,20130909,20130912,20130913,20130915,20130916,20130922,20130923,20130924,20130925,20130926,20130928,20130929,20131002 
Number is 78 
G.7.1_index_2_VS_G.5.6_index_2 [17] PLUS 1 
20130820,20130823,20130829,20130830,20130903,20130904,20130905,20130906,20130907,20130908,20130909,20130911,20130912,20130914,20130915,20130916,20130920,20130926,20130927,20130928,20130929,20130930,20131001,20131002 
G.5.5_index_4_VS_G.7.4_index_2 [18] PLUS 1 
20130824,20130827,20130828,20130829,20130901,20130903,20130904,20130905,20130906,20130907,20130908,20130909,20130910,20130911,20130914,20130916,20130917,20130918,20130921,20130925,20130928,20131002,20131003 
Number is 81 
G.4.4_index_3_VS_G.5.4_index_4 [19] PLUS 1 
20130821,20130823,20130827,20130829,20130830,20130903,20130904,20130905,20130906,20130907,20130908,20130909,20130911,20130915,20130917,20130918,20130919,20130922,20130923,20130927,20130930 
G.5.6_index_2_VS_G.3.2_index_3 [20] PLUS 1 
20130821,20130824,20130826,20130827,20130828,20130901,20130903,20130904,20130905,20130906,20130907,20130908,20130909,20130911,20130912,20130916,20130917,20130919,20130926,20131002 
Number is 82 
G.6.2_index_3_VS_G.5.3_index_1 [21] PLUS 1 
20130825,20130827,20130829,20130830,20130901,20130903,20130904,20130905,20130906,20130907,20130908,20130909,20130916,20130917,20130920,20130923,20130925,20130930,20131001 
Number is 84 
G.6.2_index_3_VS_G.2.1_index_1 [22] 
20130829,20130830,20130901,20130903,20130904,20130905,20130906,20130907,20130908,20130910,20130912,20130913,20130915,20130916,20130918,20130926,20130927,20130930,20131001,20131002 
Number is 87 
G.4.3_index_4_VS_G.5.4_index_2 [23] PLUS 1 
20130821,20130823,20130826,20130829,20130831,20130901,20130902,20130903,20130904,20130905,20130906,20130907,20130908,20130909,20130912,20130913,20130915,20130916,20130917,20130918,20130919,20130920,20130921,20130922,20130924,20130925,20130927,20130928,20130929,20131001,20131003 
Number is 95 
G.2.2_index_1_VS_G.1.1_index_5 [24] 
20130820,20130821,20130822,20130826,20130831,20130903,20130904,20130905,20130906,20130907,20130908,20130912,20130914,20130915,20130916,20130917,20130918,20130919,20130921,20130923,20130927,20130928,20131002 
Number is 96 
G.6.2_index_2_VS_G.3.5_index_5 [25] 
20130820,20130824,20130826,20130827,20130831,20130902,20130903,20130904,20130905,20130906,20130907,20130908,20130913,20130915,20130916,20130917,20130923,20130924,20130925,20130927,20130928 
Number is 99 
G.2.2_index_2_VS_G.6.2_index_2 [26] 
20130820,20130824,20130825,20130827,20130829,20130831,20130903,20130904,20130905,20130906,20130907,20130908,20130912,20130913,20130915,20130916,20130917,20130918,20130922,20130923,20130924,20130925,20130926,20130927,20130929,20130930 
