======== Last: 20131004 ========= 
Number is 01 
G.5.3_index_3_VS_G.2.1_index_1 [1] 
Ngay: 20130822,20130824,20130827,20130830,20130901,20130909,20130910,20130913,20130914,20130915,20130916,20130917,20130918,20130919,20130921,20130922,20130924,20130927,20130928,20131001 
Number is 04 
G.5.6_index_2_VS_G.3.4_index_1 [2] 
Ngay: 20130823,20130824,20130825,20130826,20130831,20130904,20130905,20130908,20130910,20130914,20130915,20130916,20130917,20130918,20130919,20130920,20130922,20130923,20130927,20130929,20131002 
G.3.5_index_4_VS_G.3.6_index_5 [3] 
Ngay: 20130820,20130822,20130824,20130825,20130827,20130828,20130829,20130901,20130902,20130910,20130913,20130914,20130915,20130916,20130917,20130918,20130919,20130920,20130921,20130922,20130925,20130927,20131002 
Number is 05 
G.3.5_index_4_VS_G.5.1_index_2 [4] 
Ngay: 20130820,20130822,20130826,20130827,20130828,20130829,20130906,20130907,20130911,20130912,20130913,20130914,20130915,20130916,20130917,20130918,20130919,20130920,20130921,20130922,20130924,20130927 
Number is 06 
G.3.5_index_4_VS_G.5.4_index_4 [5] 
Ngay: 20130820,20130824,20130826,20130827,20130828,20130829,20130901,20130905,20130908,20130911,20130913,20130914,20130915,20130916,20130917,20130918,20130919,20130920,20130921,20130922,20130925,20130926,20130928,20130930,20131003 
Number is 09 
G.5.3_index_3_VS_G.5.4_index_1 [6] 
Ngay: 20130820,20130821,20130824,20130825,20130827,20130905,20130906,20130910,20130913,20130914,20130915,20130916,20130917,20130918,20130919,20130921,20130923,20130924,20130926,20130930,20131001 
Number is 17 
G.5.1_index_4_VS_G.5.5_index_3 [7] 
Ngay: 20130820,20130827,20130828,20130830,20130831,20130902,20130904,20130906,20130907,20130909,20130913,20130914,20130915,20130916,20130917,20130918,20130919,20130920,20130921,20130924,20130925,20130927,20130928 
Number is 21 
G.6.2_index_2_VS_G.4.4_index_3 [8] 
Ngay: 20130820,20130821,20130823,20130824,20130826,20130828,20130831,20130902,20130908,20130911,20130914,20130915,20130916,20130917,20130918,20130919,20130922,20130923,20130927,20130930,20131003 
G.2.2_index_1_VS_G.1.1_index_5 [9] 
Ngay: 20130820,20130821,20130822,20130826,20130831,20130903,20130904,20130905,20130906,20130907,20130908,20130912,20130914,20130915,20130916,20130917,20130918,20130919,20130921,20130923,20130927,20130928,20131002 
Number is 24 
G.2.2_index_1_VS_G.6.3_index_1 [10] 
Ngay: 20130822,20130825,20130826,20130827,20130830,20130904,20130908,20130913,20130914,20130915,20130916,20130917,20130918,20130919,20130920,20130921,20130923,20130926,20130928,20130929,20131002,20131003 
Number is 26 
G.5.2_index_2_VS_G.7.4_index_1 [11] 
Ngay: 20130820,20130822,20130825,20130827,20130831,20130902,20130906,20130908,20130909,20130910,20130911,20130913,20130914,20130915,20130916,20130917,20130918,20130919,20130923,20130925,20130926,20131001 
G.2.2_index_1_VS_G.7.4_index_1 [12] 
Ngay: 20130820,20130822,20130825,20130826,20130828,20130829,20130831,20130902,20130903,20130907,20130908,20130909,20130910,20130912,20130913,20130914,20130915,20130916,20130917,20130918,20130919,20130920,20130921,20130924,20130925,20130926,20130928,20130929,20131001 
Number is 27 
G.2.2_index_1_VS_G.2.2_index_4 [13] 
Ngay: 20130820,20130822,20130827,20130828,20130829,20130902,20130910,20130912,20130914,20130915,20130916,20130917,20130918,20130919,20130920,20130921,20130922,20130924,20130925,20130926,20130928,20130929,20130930,20131001 
G.5.2_index_2_VS_G.2.2_index_4 [14] 
Ngay: 20130820,20130822,20130825,20130826,20130827,20130904,20130906,20130909,20130913,20130914,20130915,20130916,20130917,20130918,20130919,20130920,20130923,20130924,20130925,20131001,20131002 
Number is 31 
G.5.5_index_4_VS_G.6.2_index_3 [15] 
Ngay: 20130823,20130825,20130826,20130829,20130830,20130902,20130906,20130907,20130908,20130909,20130910,20130914,20130915,20130916,20130917,20130918,20130919,20130920,20130921,20130927,20130928,20130930 
G.5.5_index_2_VS_G.6.2_index_3 [16] 
Ngay: 20130820,20130825,20130827,20130829,20130902,20130903,20130905,20130907,20130908,20130911,20130912,20130913,20130914,20130915,20130916,20130917,20130918,20130919,20130920,20130922,20130928,20130929,20130930,20131001 
Number is 35 
G.5.5_index_2_VS_G.4.2_index_3 [17] 
Ngay: 20130821,20130823,20130824,20130829,20130903,20130906,20130907,20130908,20130914,20130915,20130916,20130917,20130918,20130919,20130921,20130923,20130930,20131002 
G.DB_index_4_VS_G.4.4_index_4 [18] 
Ngay: 20130820,20130821,20130823,20130825,20130827,20130829,20130830,20130901,20130902,20130904,20130905,20130907,20130908,20130910,20130912,20130913,20130914,20130915,20130916,20130917,20130918,20130919,20130922,20130923,20130924,20130926 
G.5.5_index_2_VS_G.4.4_index_4 [19] 
Ngay: 20130821,20130822,20130824,20130828,20130829,20130831,20130901,20130902,20130912,20130914,20130915,20130916,20130917,20130918,20130919,20130923,20130926,20130927,20130929 
Number is 37 
G.5.5_index_4_VS_G.5.5_index_3 [20] 
Ngay: 20130820,20130821,20130822,20130823,20130824,20130826,20130828,20130829,20130830,20130903,20130904,20130905,20130907,20130909,20130910,20130914,20130915,20130916,20130917,20130918,20130919,20130920,20130923,20130925,20130927,20130928,20130929 
Number is 38 
G.4.4_index_2_VS_G.3.5_index_1 [21] 
Ngay: 20130822,20130824,20130825,20130826,20130828,20130829,20130902,20130905,20130907,20130910,20130914,20130915,20130916,20130917,20130918,20130919,20130922,20130927,20130929,20131003 
Number is 40 
G.4.4_index_1_VS_G.5.6_index_2 [22] 
Ngay: 20130824,20130825,20130826,20130830,20130903,20130906,20130907,20130908,20130909,20130910,20130911,20130914,20130915,20130916,20130917,20130918,20130919,20130920,20130921,20130924,20130925,20130927,20130930,20131002 
Number is 41 
G.7.4_index_2_VS_G.2.2_index_5 [23] 
Ngay: 20130821,20130823,20130824,20130825,20130826,20130827,20130829,20130830,20130902,20130905,20130906,20130907,20130909,20130911,20130912,20130913,20130914,20130915,20130916,20130917,20130918,20130919,20130921,20130926,20130928,20130929,20131002,20131003 
G.5.2_index_4_VS_G.6.2_index_3 [24] 
Ngay: 20130825,20130827,20130830,20130902,20130904,20130906,20130907,20130911,20130912,20130914,20130915,20130916,20130917,20130918,20130919,20130922,20130925,20131001,20131002 
Number is 45 
G.7.2_index_1_VS_G.4.3_index_3 [25] 
Ngay: 20130823,20130824,20130825,20130826,20130827,20130829,20130830,20130904,20130907,20130908,20130911,20130912,20130913,20130914,20130915,20130916,20130917,20130918,20130919,20130923,20130926,20130927 
Number is 46 
G.5.1_index_1_VS_G.7.4_index_1 [26] 
Ngay: 20130820,20130822,20130825,20130827,20130828,20130830,20130831,20130902,20130903,20130907,20130909,20130910,20130912,20130914,20130915,20130916,20130917,20130918,20130919,20130921,20130923,20130925,20130926,20130927,20130928,20131001,20131002 
Number is 48 
G.DB_index_1_VS_G.3.5_index_1 [27] 
Ngay: 20130820,20130821,20130824,20130825,20130831,20130901,20130903,20130905,20130906,20130907,20130909,20130910,20130912,20130913,20130914,20130915,20130916,20130917,20130918,20130919,20130920,20130921,20130924,20130926,20130927,20130928,20131002 
G.4.4_index_1_VS_G.5.4_index_3 [28] 
Ngay: 20130820,20130821,20130822,20130823,20130824,20130826,20130829,20130830,20130903,20130904,20130907,20130908,20130911,20130914,20130915,20130916,20130917,20130918,20130919,20130920,20130927,20130928,20131001,20131003 
G.5.2_index_4_VS_G.5.4_index_3 [29] 
Ngay: 20130820,20130822,20130826,20130828,20130904,20130905,20130907,20130908,20130911,20130912,20130914,20130915,20130916,20130917,20130918,20130919,20130920,20130926,20130927,20130928,20130929,20130930 
Number is 54 
G.3.2_index_3_VS_G.2.1_index_4 [30] 
Ngay: 20130820,20130821,20130822,20130825,20130826,20130828,20130829,20130830,20130901,20130904,20130905,20130906,20130907,20130908,20130909,20130910,20130911,20130913,20130914,20130915,20130916,20130917,20130918,20130919,20130922,20130926,20130928,20131001,20131003 
Number is 58 
G.5.1_index_2_VS_G.5.4_index_3 [31] 
Ngay: 20130820,20130821,20130822,20130823,20130825,20130827,20130828,20130829,20130830,20130909,20130913,20130914,20130915,20130916,20130917,20130918,20130919,20130921,20130930 
Number is 59 
G.4.3_index_3_VS_G.5.5_index_1 [32] 
Ngay: 20130822,20130824,20130825,20130826,20130828,20130902,20130905,20130907,20130908,20130910,20130914,20130915,20130916,20130917,20130918,20130919,20130920,20130922,20130923,20130925,20130928,20130930,20131001,20131003 
Number is 61 
G.7.4_index_1_VS_G.3.1_index_1 [33] 
Ngay: 20130820,20130822,20130823,20130825,20130828,20130830,20130831,20130901,20130902,20130903,20130906,20130907,20130908,20130912,20130913,20130914,20130915,20130916,20130917,20130918,20130919,20130923,20130925,20130926,20130928,20130930 
Number is 62 
G.7.4_index_1_VS_G.2.2_index_2 [34] 
Ngay: 20130820,20130825,20130829,20130904,20130907,20130908,20130909,20130912,20130914,20130915,20130916,20130917,20130918,20130919,20130924,20130925,20130926,20130927,20130929 
Number is 67 
G.5.4_index_4_VS_G.5.5_index_3 [35] 
Ngay: 20130820,20130821,20130824,20130825,20130827,20130828,20130829,20130906,20130908,20130909,20130914,20130915,20130916,20130917,20130918,20130919,20130921,20130924,20130925,20130928,20131001,20131002 
Number is 71 
G.4.1_index_1_VS_G.6.3_index_3 [36] 
Ngay: 20130820,20130821,20130822,20130824,20130825,20130826,20130827,20130902,20130903,20130904,20130912,20130913,20130914,20130915,20130916,20130917,20130918,20130919,20130924,20130925,20131001,20131002 
Number is 75 
G.5.5_index_3_VS_G.4.3_index_3 [37] 
Ngay: 20130820,20130824,20130826,20130827,20130828,20130830,20130902,20130904,20130907,20130908,20130910,20130913,20130914,20130915,20130916,20130917,20130918,20130919,20130920,20130922,20130925,20130930,20131003 
G.5.5_index_3_VS_G.6.2_index_1 [38] 
Ngay: 20130822,20130823,20130825,20130827,20130828,20130831,20130901,20130906,20130907,20130910,20130914,20130915,20130916,20130917,20130918,20130919,20130920,20130925,20130926,20130927,20130928,20130929,20130930,20131001 
Number is 80 
G.3.2_index_2_VS_G.5.3_index_3 [39] 
Ngay: 20130820,20130821,20130823,20130824,20130825,20130830,20130902,20130903,20130904,20130906,20130907,20130908,20130910,20130914,20130915,20130916,20130917,20130918,20130919,20130920,20130921,20130927,20130929,20130930 
Number is 81 
G.3.5_index_1_VS_G.1.1_index_3 [40] 
Ngay: 20130820,20130822,20130825,20130826,20130827,20130901,20130902,20130905,20130907,20130908,20130910,20130913,20130914,20130915,20130916,20130917,20130918,20130919,20130920,20130921,20130927,20130928 
Number is 85 
G.3.3_index_5_VS_G.4.3_index_3 [41] 
Ngay: 20130821,20130824,20130903,20130904,20130911,20130914,20130915,20130916,20130917,20130918,20130919,20130921,20130923,20130925,20130927,20130929,20130930,20131001,20131002,20131003 
G.5.4_index_3_VS_G.3.2_index_3 [42] 
Ngay: 20130820,20130823,20130825,20130829,20130830,20130907,20130909,20130910,20130914,20130915,20130916,20130917,20130918,20130919,20130921,20130927,20130928,20130930,20131003 
Number is 91 
G.3.5_index_5_VS_G.1.1_index_3 [43] 
Ngay: 20130820,20130824,20130826,20130827,20130829,20130830,20130831,20130901,20130902,20130904,20130905,20130908,20130909,20130912,20130913,20130914,20130915,20130916,20130917,20130918,20130919,20130921,20130926,20131002 
Number is 93 
G.5.4_index_1_VS_G.5.5_index_2 [44] 
Ngay: 20130822,20130827,20130829,20130902,20130908,20130912,20130914,20130915,20130916,20130917,20130918,20130919,20130921,20130924,20130925,20130926,20130927,20131001 
