======== Current: 20130925 ========= 
Number is 07 
G.3.6_index_2_VS_G.1.1_index_3 [1] 
20130821,20130824,20130826,20130827,20130831,20130901,20130902,20130906,20130908,20130909,20130912,20130913,20130915,20130916,20130918,20130919,20130920,20130921,20130922,20130923,20130924,20130927,20130928,20130929,20131001,20131002 
Number is 08 
G.2.1_index_2_VS_G.4.4_index_1 [2] 
20130823,20130824,20130826,20130830,20130831,20130903,20130904,20130905,20130906,20130907,20130909,20130910,20130912,20130913,20130914,20130915,20130916,20130919,20130920,20130921,20130922,20130923,20130924,20130926,20130927,20131001 
Number is 11 
G.DB_index_4_VS_G.4.3_index_4 [3] 
20130821,20130822,20130823,20130825,20130827,20130828,20130829,20130830,20130918,20130919,20130920,20130921,20130922,20130923,20130924,20130926,20131002 
G.DB_index_4_VS_G.2.2_index_5 [4] 
20130821,20130822,20130823,20130826,20130827,20130828,20130902,20130904,20130905,20130909,20130910,20130911,20130918,20130919,20130920,20130921,20130922,20130923,20130924,20130926,20131001 
Number is 12 
G.DB_index_4_VS_G.3.4_index_2 [5] PLUS 1 
20130821,20130822,20130824,20130827,20130828,20130831,20130901,20130904,20130905,20130910,20130914,20130918,20130919,20130920,20130921,20130922,20130923,20130924,20130925,20130926,20130927,20130928,20131001,20131003 
Number is 15 
G.4.3_index_4_VS_G.5.5_index_4 [6] PLUS 1 
20130823,20130829,20130830,20130831,20130902,20130903,20130905,20130908,20130909,20130914,20130917,20130919,20130920,20130921,20130922,20130923,20130924,20130925,20131001,20131002 
Number is 19 
G.4.3_index_4_VS_G.4.2_index_4 [7] 
20130820,20130821,20130823,20130826,20130827,20130829,20130830,20130902,20130903,20130904,20130905,20130909,20130912,20130913,20130914,20130918,20130919,20130920,20130921,20130922,20130923,20130924,20130929,20131003 
Number is 20 
G.3.4_index_2_VS_G.5.3_index_3 [8] 
20130820,20130821,20130824,20130826,20130829,20130906,20130907,20130909,20130910,20130911,20130912,20130913,20130914,20130915,20130919,20130920,20130921,20130922,20130923,20130924,20130930,20131001 
Number is 25 
G.5.4_index_2_VS_G.4.1_index_2 [9] PLUS 1 
20130821,20130824,20130825,20130826,20130901,20130902,20130903,20130905,20130909,20130911,20130912,20130913,20130918,20130919,20130920,20130921,20130922,20130923,20130924,20130925,20130927,20130928 
G.7.4_index_1_VS_G.3.5_index_4 [10] PLUS 1 
20130820,20130821,20130826,20130827,20130831,20130902,20130906,20130907,20130908,20130909,20130912,20130913,20130914,20130915,20130918,20130919,20130920,20130921,20130922,20130923,20130924,20130925,20130926,20130928,20130929,20130930 
Number is 26 
G.5.2_index_2_VS_G.5.5_index_2 [11] PLUS 1 
20130820,20130822,20130827,20130906,20130909,20130910,20130911,20130912,20130913,20130915,20130917,20130918,20130919,20130920,20130921,20130922,20130923,20130924,20130925,20130926,20130928,20130930,20131001 
Number is 28 
G.2.2_index_2_VS_G.7.3_index_1 [12] PLUS 1 
20130820,20130901,20130904,20130905,20130907,20130909,20130911,20130912,20130919,20130920,20130921,20130922,20130923,20130924,20130925,20130928,20130929,20131001 
Number is 40 
G.6.3_index_2_VS_G.4.4_index_4 [13] 
20130823,20130825,20130826,20130830,20130902,20130906,20130908,20130910,20130911,20130912,20130916,20130919,20130920,20130921,20130922,20130923,20130924,20130927,20130929,20131001,20131002 
Number is 41 
G.7.1_index_1_VS_G.DB_index_4 [14] PLUS 1 
20130821,20130822,20130823,20130825,20130826,20130828,20130829,20130901,20130902,20130905,20130907,20130910,20130911,20130913,20130915,20130917,20130918,20130919,20130920,20130921,20130922,20130923,20130924,20130925,20130927,20130928,20130929,20130930,20131003 
Number is 48 
G.2.1_index_1_VS_G.7.3_index_1 [15] 
20130823,20130825,20130828,20130901,20130906,20130908,20130911,20130919,20130920,20130921,20130922,20130923,20130924,20130926,20130927,20130928,20131003 
Number is 49 
G.6.3_index_3_VS_G.4.2_index_4 [16] 
20130820,20130824,20130825,20130826,20130827,20130828,20130829,20130902,20130904,20130906,20130914,20130918,20130919,20130920,20130921,20130922,20130923,20130924,20130927,20130929,20131003 
Number is 52 
G.2.1_index_3_VS_G.2.2_index_2 [17] PLUS 1 
20130820,20130821,20130824,20130827,20130828,20130829,20130903,20130905,20130907,20130909,20130913,20130915,20130916,20130917,20130919,20130920,20130921,20130922,20130923,20130924,20130925,20130926,20130928 
Number is 55 
G.5.2_index_3_VS_G.3.2_index_1 [18] PLUS 1 
20130820,20130821,20130823,20130824,20130825,20130826,20130827,20130829,20130902,20130905,20130907,20130909,20130912,20130913,20130914,20130917,20130919,20130920,20130921,20130922,20130923,20130924,20130925,20130926 
Number is 56 
G.4.1_index_2_VS_G.7.2_index_2 [19] 
20130823,20130824,20130825,20130828,20130829,20130901,20130903,20130910,20130913,20130915,20130917,20130918,20130919,20130920,20130921,20130922,20130923,20130924,20130926,20130927,20130928,20131001 
Number is 66 
G.2.2_index_1_VS_G.7.2_index_1 [20] 
20130820,20130821,20130822,20130826,20130829,20130830,20130903,20130905,20130906,20130907,20130908,20130913,20130915,20130917,20130918,20130919,20130920,20130921,20130922,20130923,20130924,20130926,20130928,20130929,20131002,20131003 
Number is 74 
G.3.6_index_5_VS_G.7.1_index_1 [21] 
20130823,20130827,20130828,20130829,20130902,20130906,20130909,20130910,20130911,20130916,20130919,20130920,20130921,20130922,20130923,20130924 
Number is 82 
G.3.4_index_5_VS_G.5.4_index_4 [22] PLUS 1 
20130821,20130822,20130823,20130825,20130826,20130827,20130829,20130905,20130906,20130907,20130908,20130910,20130911,20130912,20130913,20130914,20130919,20130920,20130921,20130922,20130923,20130924,20130925,20130929,20131002 
G.4.4_index_1_VS_G.5.4_index_2 [23] PLUS 1 
20130823,20130825,20130826,20130901,20130903,20130906,20130907,20130911,20130912,20130913,20130915,20130916,20130918,20130919,20130920,20130921,20130922,20130923,20130924,20130925,20130927,20130928,20131002,20131003 
Number is 84 
G.7.3_index_1_VS_G.7.1_index_1 [24] 
20130821,20130823,20130826,20130829,20130902,20130916,20130917,20130918,20130919,20130920,20130921,20130922,20130923,20130924,20130927,20130928,20130929,20131003 
Number is 92 
G.3.5_index_3_VS_G.7.4_index_1 [25] PLUS 1 
20130820,20130823,20130827,20130828,20130831,20130902,20130903,20130909,20130911,20130912,20130915,20130916,20130919,20130920,20130921,20130922,20130923,20130924,20130925,20130926,20130927,20130929,20131002 
