======== Last: 20131004 ========= 
Number is 00 
G.4.3_index_4_VS_G.5.6_index_2 [1] 
Ngay: 20130821,20130823,20130827,20130828,20130829,20130831,20130902,20130903,20130904,20130906,20130907,20130908,20130911,20130914,20130915,20130917,20130920,20130921,20130922,20130923,20130924,20130925,20130927,20131002 
Number is 03 
G.4.3_index_4_VS_G.5.5_index_4 [2] 
Ngay: 20130823,20130829,20130830,20130831,20130902,20130903,20130905,20130908,20130909,20130914,20130917,20130919,20130920,20130921,20130922,20130923,20130924,20130925,20131001,20131002 
Number is 04 
G.1.1_index_4_VS_G.5.1_index_1 [3] 
Ngay: 20130820,20130823,20130826,20130830,20130903,20130910,20130911,20130914,20130917,20130920,20130921,20130922,20130923,20130924,20130925,20130927,20131001 
Number is 12 
G.2.1_index_3_VS_G.2.2_index_2 [4] 
Ngay: 20130820,20130821,20130824,20130827,20130828,20130829,20130903,20130905,20130907,20130909,20130913,20130915,20130916,20130917,20130919,20130920,20130921,20130922,20130923,20130924,20130925,20130926,20130928 
Number is 23 
G.5.2_index_2_VS_G.5.5_index_2 [5] 
Ngay: 20130820,20130822,20130827,20130906,20130909,20130910,20130911,20130912,20130913,20130915,20130917,20130918,20130919,20130920,20130921,20130922,20130923,20130924,20130925,20130926,20130928,20130930,20131001 
Number is 27 
G.2.2_index_2_VS_G.7.3_index_1 [6] 
Ngay: 20130820,20130901,20130904,20130905,20130907,20130909,20130911,20130912,20130919,20130920,20130921,20130922,20130923,20130924,20130925,20130928,20130929,20131001 
Number is 30 
G.DB_index_4_VS_G.4.3_index_1 [7] 
Ngay: 20130820,20130821,20130825,20130829,20130830,20130907,20130908,20130910,20130913,20130916,20130917,20130918,20130920,20130921,20130922,20130923,20130924,20130925,20130926,20130929,20131001,20131002,20131003 
Number is 32 
G.3.2_index_5_VS_G.2.2_index_1 [8] 
Ngay: 20130820,20130821,20130825,20130826,20130827,20130828,20130830,20130831,20130907,20130908,20130910,20130912,20130914,20130917,20130918,20130920,20130921,20130922,20130923,20130924,20130925,20130926,20130929,20131001 
Number is 33 
G.5.5_index_2_VS_G.3.2_index_5 [9] 
Ngay: 20130820,20130821,20130825,20130826,20130827,20130901,20130907,20130908,20130913,20130914,20130915,20130916,20130917,20130920,20130921,20130922,20130923,20130924,20130925,20130928,20130930,20131002 
G.7.1_index_1_VS_G.DB_index_4 [10] 
Ngay: 20130821,20130822,20130823,20130825,20130826,20130828,20130829,20130901,20130902,20130905,20130907,20130910,20130911,20130913,20130915,20130917,20130918,20130919,20130920,20130921,20130922,20130923,20130924,20130925,20130927,20130928,20130929,20130930,20131003 
Number is 36 
G.DB_index_4_VS_G.3.4_index_2 [11] 
Ngay: 20130821,20130822,20130824,20130827,20130828,20130831,20130901,20130904,20130905,20130910,20130914,20130918,20130919,20130920,20130921,20130922,20130923,20130924,20130925,20130926,20130927,20130928,20131001,20131003 
Number is 39 
G.5.4_index_2_VS_G.4.1_index_2 [12] 
Ngay: 20130821,20130824,20130825,20130826,20130901,20130902,20130903,20130905,20130909,20130911,20130912,20130913,20130918,20130919,20130920,20130921,20130922,20130923,20130924,20130925,20130927,20130928 
Number is 43 
G.4.4_index_1_VS_G.5.4_index_2 [13] 
Ngay: 20130823,20130825,20130826,20130901,20130903,20130906,20130907,20130911,20130912,20130913,20130915,20130916,20130918,20130919,20130920,20130921,20130922,20130923,20130924,20130925,20130927,20130928,20131002,20131003 
Number is 44 
G.2.1_index_4_VS_G.5.1_index_1 [14] 
Ngay: 20130820,20130822,20130824,20130825,20130826,20130830,20130901,20130902,20130907,20130908,20130913,20130915,20130916,20130917,20130918,20130920,20130921,20130922,20130923,20130924,20130925,20130926,20130927,20131003 
Number is 56 
G.6.2_index_1_VS_G.6.1_index_3 [15] 
Ngay: 20130823,20130828,20130829,20130830,20130831,20130901,20130902,20130906,20130907,20130908,20130909,20130910,20130912,20130913,20130915,20130916,20130920,20130921,20130922,20130923,20130924,20130925,20130926,20130928,20130929 
Number is 58 
G.3.6_index_4_VS_G.5.3_index_4 [16] 
Ngay: 20130820,20130821,20130825,20130827,20130828,20130831,20130901,20130903,20130905,20130907,20130909,20130912,20130914,20130915,20130917,20130920,20130921,20130922,20130923,20130924,20130925,20130926,20130929,20131001 
Number is 60 
G.7.4_index_1_VS_G.3.5_index_4 [17] 
Ngay: 20130820,20130821,20130826,20130827,20130831,20130902,20130906,20130907,20130908,20130909,20130912,20130913,20130914,20130915,20130918,20130919,20130920,20130921,20130922,20130923,20130924,20130925,20130926,20130928,20130929,20130930 
Number is 64 
G.3.4_index_2_VS_G.3.4_index_1 [18] 
Ngay: 20130824,20130826,20130828,20130829,20130830,20130904,20130915,20130918,20130920,20130921,20130922,20130923,20130924,20130925,20130930,20131002 
Number is 65 
G.6.1_index_3_VS_G.4.3_index_3 [19] 
Ngay: 20130822,20130823,20130826,20130828,20130830,20130831,20130902,20130905,20130907,20130908,20130910,20130913,20130914,20130916,20130920,20130921,20130922,20130923,20130924,20130925,20130926,20130929,20131002,20131003 
G.3.4_index_2_VS_G.3.2_index_1 [20] 
Ngay: 20130824,20130825,20130827,20130829,20130907,20130911,20130915,20130918,20130920,20130921,20130922,20130923,20130924,20130925,20130926,20130928,20130929,20131001,20131002 
Number is 66 
G.3.4_index_2_VS_G.6.1_index_3 [21] 
Ngay: 20130820,20130828,20130829,20130830,20130831,20130901,20130904,20130905,20130906,20130909,20130912,20130914,20130916,20130918,20130920,20130921,20130922,20130923,20130924,20130925,20130927,20130929 
Number is 71 
G.3.3_index_1_VS_G.3.1_index_1 [22] 
Ngay: 20130822,20130824,20130825,20130831,20130902,20130905,20130908,20130911,20130912,20130917,20130920,20130921,20130922,20130923,20130924,20130925,20130928,20130929,20131001 
Number is 72 
G.3.3_index_1_VS_G.5.2_index_2 [23] 
Ngay: 20130822,20130824,20130827,20130828,20130829,20130831,20130902,20130903,20130907,20130908,20130909,20130911,20130914,20130917,20130918,20130920,20130921,20130922,20130923,20130924,20130925,20130926,20130929 
Number is 76 
G.3.5_index_3_VS_G.7.4_index_1 [24] 
Ngay: 20130820,20130823,20130827,20130828,20130831,20130902,20130903,20130909,20130911,20130912,20130915,20130916,20130919,20130920,20130921,20130922,20130923,20130924,20130925,20130926,20130927,20130929,20131002 
Number is 78 
G.3.3_index_1_VS_G.3.4_index_5 [25] 
Ngay: 20130820,20130821,20130822,20130824,20130829,20130831,20130905,20130909,20130910,20130912,20130913,20130920,20130921,20130922,20130923,20130924,20130925,20130927,20130930,20131002 
Number is 83 
G.5.2_index_3_VS_G.DB_index_4 [26] 
Ngay: 20130820,20130822,20130823,20130824,20130825,20130827,20130828,20130829,20130902,20130904,20130907,20130909,20130910,20130911,20130913,20130916,20130920,20130921,20130922,20130923,20130924,20130925,20130927,20131003 
Number is 85 
G.5.2_index_3_VS_G.3.2_index_1 [27] 
Ngay: 20130820,20130821,20130823,20130824,20130825,20130826,20130827,20130829,20130902,20130905,20130907,20130909,20130912,20130913,20130914,20130917,20130919,20130920,20130921,20130922,20130923,20130924,20130925,20130926 
Number is 86 
G.3.4_index_5_VS_G.5.4_index_4 [28] 
Ngay: 20130821,20130822,20130823,20130825,20130826,20130827,20130829,20130905,20130906,20130907,20130908,20130910,20130911,20130912,20130913,20130914,20130919,20130920,20130921,20130922,20130923,20130924,20130925,20130929,20131002 
Number is 92 
G.3.6_index_1_VS_G.2.2_index_2 [29] 
Ngay: 20130821,20130824,20130827,20130903,20130907,20130908,20130909,20130910,20130913,20130914,20130916,20130918,20130920,20130921,20130922,20130923,20130924,20130925,20130926,20130927,20130928,20131002 
Number is 93 
G.5.5_index_1_VS_G.DB_index_4 [30] 
Ngay: 20130820,20130821,20130822,20130823,20130824,20130825,20130828,20130830,20130831,20130902,20130903,20130908,20130910,20130912,20130918,20130920,20130921,20130922,20130923,20130924,20130925,20130930,20131002 
Number is 94 
G.4.1_index_2_VS_G.3.1_index_3 [31] 
Ngay: 20130820,20130821,20130822,20130824,20130826,20130828,20130901,20130905,20130920,20130921,20130922,20130923,20130924,20130925,20130926,20130927,20130928,20130929,20130930,20131002 
Number is 98 
G.5.5_index_1_VS_G.3.4_index_5 [32] 
Ngay: 20130822,20130823,20130824,20130827,20130828,20130907,20130909,20130910,20130911,20130912,20130913,20130914,20130915,20130920,20130921,20130922,20130923,20130924,20130925,20130926,20130927,20130929,20130930,20131002 
