======== Current: 20150501 ========= 
Number is 00 
G.3.2_index_3_VS_G.2.2_index_2 [1] PLUS 1 
20150420,20150422,20150423,20150425,20150426,20150427,20150428,20150429,20150430,20150501,20150504,20150507,20150510,20150511,20150514,20150515,20150516,20150517,20150522,20150524,20150526,20150529 
G.5.4_index_1_VS_G.2.2_index_2 [2] PLUS 1 
20150419,20150423,20150424,20150425,20150426,20150427,20150428,20150429,20150430,20150501,20150502,20150504,20150506,20150508,20150510,20150514,20150516,20150523,20150524,20150526,20150602 
Number is 03 
G.5.4_index_1_VS_G.DB_index_4 [3] 
20150416,20150417,20150420,20150421,20150423,20150424,20150425,20150426,20150427,20150428,20150429,20150430,20150506,20150507,20150511,20150517,20150519,20150522,20150526,20150530,20150602 
Number is 07 
G.7.4_index_1_VS_G.5.1_index_3 [4] 
20150416,20150418,20150419,20150422,20150425,20150426,20150427,20150428,20150429,20150430,20150502,20150503,20150507,20150509,20150510,20150513,20150515,20150516,20150518,20150524,20150526,20150527,20150602 
G.5.1_index_1_VS_G.5.1_index_3 [5] 
20150418,20150419,20150421,20150423,20150425,20150426,20150427,20150428,20150429,20150430,20150507,20150508,20150509,20150510,20150512,20150513,20150520,20150524,20150528,20150529,20150601 
G.5.4_index_1_VS_G.5.3_index_2 [6] 
20150425,20150426,20150427,20150428,20150429,20150430,20150506,20150507,20150516,20150526 
Number is 09 
G.7.4_index_1_VS_G.7.4_index_2 [7] 
20150416,20150420,20150422,20150425,20150426,20150427,20150428,20150429,20150430,20150502,20150503,20150507,20150508,20150509,20150512,20150516,20150517,20150518,20150519,20150520,20150521,20150525,20150526,20150527,20150528,20150531,20150602 
Number is 17 
G.DB_index_5_VS_G.5.1_index_3 [8] PLUS 1 
20150420,20150422,20150423,20150425,20150426,20150427,20150428,20150429,20150430,20150501,20150502,20150504,20150505,20150510,20150511,20150512,20150513,20150517,20150521,20150523,20150525,20150527,20150531 
Number is 20 
G.5.3_index_4_VS_G.5.4_index_1 [9] 
20150416,20150417,20150419,20150425,20150426,20150427,20150428,20150429,20150430,20150502,20150505,20150506,20150512,20150513,20150514,20150515,20150516,20150523,20150524,20150527,20150528,20150529,20150530,20150601 
Number is 21 
G.4.1_index_3_VS_G.DB_index_5 [10] 
20150416,20150417,20150418,20150420,20150421,20150422,20150423,20150425,20150426,20150427,20150428,20150429,20150430,20150502,20150503,20150505,20150506,20150507,20150508,20150511,20150514,20150515,20150523,20150524,20150527,20150531,20150602 
Number is 26 
G.4.1_index_3_VS_G.5.6_index_1 [11] 
20150418,20150420,20150421,20150422,20150425,20150426,20150427,20150428,20150429,20150430,20150502,20150503,20150505,20150507,20150508,20150514,20150516,20150518,20150523,20150528,20150529,20150531,20150601 
Number is 32 
G.2.2_index_5_VS_G.7.3_index_1 [12] PLUS 1 
20150417,20150418,20150419,20150420,20150422,20150423,20150424,20150425,20150426,20150427,20150428,20150429,20150430,20150501,20150502,20150508,20150510,20150515,20150516,20150517,20150518,20150520,20150522,20150523,20150524,20150525,20150526,20150528,20150529,20150531,20150601,20150602 
Number is 36 
G.4.4_index_2_VS_G.5.6_index_1 [13] 
20150419,20150423,20150424,20150425,20150426,20150427,20150428,20150429,20150430,20150502,20150505,20150507,20150509,20150511,20150514,20150515,20150516,20150517,20150519,20150520,20150521,20150522,20150523,20150526,20150528,20150529,20150531,20150601 
Number is 48 
G.4.1_index_2_VS_G.5.5_index_1 [14] 
20150419,20150422,20150424,20150425,20150426,20150427,20150428,20150429,20150430,20150503,20150507,20150508,20150513,20150514,20150517,20150518,20150519,20150520,20150522,20150524,20150525,20150526,20150527,20150601,20150602 
Number is 52 
G.4.1_index_4_VS_G.5.3_index_4 [15] 
20150416,20150419,20150425,20150426,20150427,20150428,20150429,20150430,20150502,20150507,20150509,20150511,20150512,20150515,20150518,20150520,20150522,20150525,20150526,20150528,20150531,20150601 
Number is 60 
G.2.1_index_3_VS_G.5.4_index_1 [16] 
20150416,20150417,20150419,20150423,20150425,20150426,20150427,20150428,20150429,20150430,20150506,20150507,20150510,20150518,20150522,20150527,20150601 
G.5.6_index_3_VS_G.5.4_index_1 [17] 
20150416,20150419,20150424,20150425,20150426,20150427,20150428,20150429,20150430,20150503,20150504,20150508,20150510,20150514,20150517,20150518,20150521 
G.5.1_index_4_VS_G.7.4_index_1 [18] 
20150420,20150422,20150423,20150425,20150426,20150427,20150428,20150429,20150430,20150502,20150508,20150510,20150511,20150512,20150516,20150523,20150527,20150528,20150529 
Number is 62 
G.2.1_index_3_VS_G.5.1_index_2 [19] 
20150416,20150418,20150419,20150420,20150422,20150423,20150425,20150426,20150427,20150428,20150429,20150430,20150502,20150505,20150509,20150514,20150515,20150517,20150518,20150519,20150520,20150521,20150522,20150528,20150531,20150602 
Number is 80 
G.3.5_index_3_VS_G.7.4_index_1 [20] 
20150416,20150418,20150419,20150420,20150422,20150425,20150426,20150427,20150428,20150429,20150430,20150502,20150503,20150504,20150506,20150507,20150514,20150515,20150516,20150517,20150519,20150522,20150524,20150526,20150528,20150531 
G.5.5_index_1_VS_G.7.4_index_1 [21] 
20150417,20150418,20150419,20150422,20150425,20150426,20150427,20150428,20150429,20150430,20150503,20150508,20150510,20150511,20150512,20150514,20150517,20150519,20150520,20150521,20150522,20150523,20150526,20150527,20150528,20150531,20150601,20150602 
Number is 84 
G.3.2_index_4_VS_G.7.3_index_2 [22] 
20150416,20150417,20150419,20150422,20150423,20150424,20150425,20150426,20150427,20150428,20150429,20150430,20150503,20150504,20150507,20150509,20150512,20150513,20150514,20150516,20150520,20150521,20150525,20150526,20150527,20150528,20150529,20150530,20150531,20150602 
Number is 89 
G.5.5_index_1_VS_G.5.4_index_2 [23] PLUS 1 
20150419,20150422,20150423,20150424,20150425,20150426,20150427,20150428,20150429,20150430,20150501,20150504,20150506,20150507,20150512,20150514,20150517,20150520,20150521,20150523,20150524,20150527,20150531,20150601,20150602 
Number is 91 
G.3.1_index_3_VS_G.DB_index_5 [24] 
20150418,20150419,20150420,20150421,20150422,20150424,20150425,20150426,20150427,20150428,20150429,20150430,20150502,20150503,20150505,20150509,20150514,20150516,20150517,20150518,20150519,20150522,20150525,20150527,20150528,20150529,20150601 
Number is 92 
G.4.4_index_1_VS_G.5.1_index_2 [25] 
20150416,20150418,20150419,20150420,20150421,20150423,20150424,20150425,20150426,20150427,20150428,20150429,20150430,20150503,20150504,20150508,20150509,20150510,20150511,20150517,20150518,20150526,20150527,20150529 
Number is 97 
G.3.1_index_1_VS_G.5.2_index_4 [26] 
20150416,20150417,20150420,20150421,20150424,20150425,20150426,20150427,20150428,20150429,20150430,20150502,20150503,20150506,20150507,20150508,20150509,20150510,20150513,20150514,20150516,20150517,20150518,20150519,20150520,20150521,20150522,20150524,20150528 
G.7.4_index_2_VS_G.5.3_index_2 [27] 
20150419,20150422,20150424,20150425,20150426,20150427,20150428,20150429,20150430,20150502,20150511,20150512,20150513,20150517,20150520,20150521,20150524,20150526,20150527,20150531 
