======== Current: 20150502 ========= 
Number is 05 
G.7.4_index_2_VS_G.3.1_index_4 [1] PLUS 1 
20150416,20150417,20150419,20150423,20150424,20150426,20150427,20150428,20150429,20150430,20150501,20150502,20150504,20150507,20150509,20150511,20150512,20150515,20150518,20150521,20150522,20150524,20150526,20150528,20150531 
Number is 39 
G.4.1_index_2_VS_G.4.4_index_1 [2] 
20150418,20150420,20150422,20150426,20150427,20150428,20150429,20150430,20150501,20150506,20150507,20150509,20150510,20150512,20150517,20150519,20150521,20150526,20150527,20150529,20150530,20150531,20150601 
G.4.3_index_3_VS_G.3.6_index_1 [3] 
20150416,20150417,20150419,20150421,20150426,20150427,20150428,20150429,20150430,20150501,20150503,20150505,20150514,20150517,20150525,20150527,20150602 
Number is 41 
G.4.4_index_3_VS_G.3.3_index_2 [4] 
20150416,20150417,20150422,20150423,20150424,20150426,20150427,20150428,20150429,20150430,20150501,20150503,20150505,20150507,20150513,20150516,20150518,20150522,20150527,20150528,20150531,20150602 
Number is 48 
G.5.5_index_1_VS_G.5.4_index_2 [5] 
20150419,20150422,20150423,20150424,20150425,20150426,20150427,20150428,20150429,20150430,20150501,20150504,20150506,20150507,20150512,20150514,20150517,20150520,20150521,20150523,20150524,20150527,20150531,20150601,20150602 
Number is 49 
G.5.2_index_3_VS_G.3.6_index_1 [6] PLUS 1 
20150426,20150427,20150428,20150429,20150430,20150501,20150502,20150504,20150506,20150507,20150508,20150509,20150513,20150514,20150519,20150522,20150523,20150527,20150602 
Number is 53 
G.4.1_index_4_VS_G.2.2_index_2 [7] 
20150417,20150419,20150420,20150423,20150424,20150426,20150427,20150428,20150429,20150430,20150501,20150505,20150507,20150510,20150517,20150525,20150526,20150602 
Number is 57 
G.2.2_index_5_VS_G.7.3_index_1 [8] PLUS 1 
20150417,20150418,20150419,20150420,20150422,20150423,20150424,20150425,20150426,20150427,20150428,20150429,20150430,20150501,20150502,20150508,20150510,20150515,20150516,20150517,20150518,20150520,20150522,20150523,20150524,20150525,20150526,20150528,20150529,20150531,20150601,20150602 
Number is 59 
G.4.1_index_4_VS_G.7.1_index_2 [9] 
20150416,20150417,20150423,20150426,20150427,20150428,20150429,20150430,20150501,20150505,20150506,20150507,20150515,20150517,20150519,20150520,20150525,20150526,20150602 
Number is 64 
G.3.6_index_5_VS_G.4.4_index_3 [10] 
20150416,20150418,20150419,20150420,20150421,20150422,20150423,20150424,20150426,20150427,20150428,20150429,20150430,20150501,20150503,20150504,20150506,20150508,20150510,20150514,20150515,20150517,20150518,20150519,20150520,20150521,20150523,20150526,20150527,20150528,20150530,20150601,20150602 
Number is 74 
G.7.2_index_2_VS_G.3.4_index_5 [11] 
20150420,20150424,20150426,20150427,20150428,20150429,20150430,20150501,20150505,20150510,20150511,20150512,20150513,20150515,20150520,20150523,20150526,20150529,20150531,20150601,20150602 
Number is 77 
G.DB_index_5_VS_G.5.1_index_3 [12] PLUS 1 
20150420,20150422,20150423,20150425,20150426,20150427,20150428,20150429,20150430,20150501,20150502,20150504,20150505,20150510,20150511,20150512,20150513,20150517,20150521,20150523,20150525,20150527,20150531 
Number is 78 
G.DB_index_5_VS_G.5.4_index_1 [13] 
20150417,20150418,20150420,20150426,20150427,20150428,20150429,20150430,20150501,20150503,20150505,20150506,20150507,20150508,20150511,20150512,20150513,20150514,20150517,20150519,20150525,20150530 
Number is 80 
G.3.5_index_3_VS_G.3.1_index_3 [14] PLUS 1 
20150416,20150419,20150421,20150423,20150424,20150426,20150427,20150428,20150429,20150430,20150501,20150502,20150504,20150505,20150507,20150508,20150514,20150515,20150516,20150518,20150520,20150521,20150522,20150524,20150525,20150528,20150602 
Number is 83 
G.5.4_index_1_VS_G.2.2_index_2 [15] PLUS 1 
20150419,20150423,20150424,20150425,20150426,20150427,20150428,20150429,20150430,20150501,20150502,20150504,20150506,20150508,20150510,20150514,20150516,20150523,20150524,20150526,20150602 
Number is 84 
G.7.3_index_2_VS_G.5.5_index_4 [16] 
20150418,20150419,20150421,20150424,20150426,20150427,20150428,20150429,20150430,20150501,20150503,20150506,20150507,20150508,20150509,20150513,20150515,20150516,20150520,20150522,20150523,20150524,20150526,20150527,20150528,20150601,20150602 
Number is 89 
G.5.3_index_2_VS_G.3.4_index_1 [17] 
20150416,20150417,20150421,20150426,20150427,20150428,20150429,20150430,20150501,20150505,20150507,20150510,20150511,20150514,20150517,20150518,20150520,20150521,20150523,20150524 
Number is 91 
G.3.2_index_1_VS_G.3.3_index_2 [18] 
20150417,20150418,20150422,20150424,20150426,20150427,20150428,20150429,20150430,20150501,20150506,20150507,20150513,20150518,20150523,20150524,20150526,20150527,20150529,20150531,20150601 
Number is 92 
G.3.4_index_1_VS_G.DB_index_2 [19] 
20150416,20150417,20150418,20150419,20150420,20150421,20150426,20150427,20150428,20150429,20150430,20150501,20150503,20150506,20150507,20150510,20150513,20150515,20150525,20150528 
Number is 93 
G.3.2_index_3_VS_G.2.2_index_2 [20] 
20150420,20150422,20150423,20150425,20150426,20150427,20150428,20150429,20150430,20150501,20150504,20150507,20150510,20150511,20150514,20150515,20150516,20150517,20150522,20150524,20150526,20150529 
