======== Current: 20150504 ========= 
Number is 05 
G.6.3_index_2_VS_G.3.6_index_5 [1] PLUS 1 
20150416,20150419,20150423,20150424,20150425,20150426,20150428,20150429,20150430,20150501,20150502,20150503,20150504,20150505,20150507,20150508,20150510,20150514,20150515,20150520,20150526,20150527,20150602 
Number is 11 
G.3.6_index_3_VS_G.3.4_index_4 [2] 
20150416,20150419,20150422,20150426,20150428,20150429,20150430,20150501,20150502,20150503,20150505,20150511,20150512,20150513,20150518,20150519,20150521,20150524,20150526,20150527,20150529,20150530,20150531,20150601 
Number is 36 
G.3.3_index_1_VS_G.5.2_index_4 [3] 
20150417,20150418,20150420,20150421,20150422,20150426,20150428,20150429,20150430,20150501,20150502,20150503,20150505,20150507,20150508,20150509,20150512,20150513,20150515,20150516,20150517,20150518,20150526,20150527,20150528,20150601 
Number is 53 
G.6.2_index_3_VS_G.DB_index_5 [4] PLUS 1 
20150416,20150417,20150418,20150419,20150420,20150421,20150422,20150423,20150425,20150426,20150428,20150429,20150430,20150501,20150502,20150503,20150504,20150507,20150510,20150512,20150519,20150521,20150528 
Number is 56 
G.3.1_index_5_VS_G.3.4_index_5 [5] 
20150416,20150417,20150423,20150425,20150426,20150428,20150429,20150430,20150501,20150502,20150503,20150505,20150506,20150507,20150510,20150513,20150520,20150521,20150522,20150525,20150527,20150529,20150530,20150601,20150602 
Number is 58 
G.6.2_index_3_VS_G.3.1_index_4 [6] PLUS 1 
20150416,20150417,20150419,20150421,20150423,20150425,20150428,20150429,20150430,20150501,20150502,20150503,20150504,20150505,20150511,20150512,20150514,20150515,20150517,20150518,20150519,20150522,20150524,20150526,20150528,20150529,20150601 
Number is 64 
G.5.2_index_4_VS_G.6.2_index_2 [7] PLUS 1 
20150418,20150419,20150422,20150423,20150426,20150428,20150429,20150430,20150501,20150502,20150503,20150504,20150505,20150506,20150507,20150508,20150509,20150513,20150518,20150522,20150527,20150602 
Number is 66 
G.5.2_index_4_VS_G.4.2_index_4 [8] 
20150416,20150420,20150424,20150426,20150428,20150429,20150430,20150501,20150502,20150503,20150507,20150508,20150509,20150518,20150521,20150522,20150524,20150527,20150601,20150602 
G.7.4_index_1_VS_G.4.3_index_2 [9] 
20150417,20150418,20150419,20150424,20150425,20150428,20150429,20150430,20150501,20150502,20150503,20150505,20150509,20150510,20150512,20150513,20150515,20150516,20150517,20150521,20150523,20150525,20150526,20150528,20150530,20150602 
Number is 86 
G.3.1_index_4_VS_G.5.2_index_1 [10] 
20150420,20150422,20150423,20150424,20150426,20150428,20150429,20150430,20150501,20150502,20150503,20150511,20150512,20150513,20150518,20150519,20150522,20150523,20150524,20150526,20150527,20150602 
Number is 91 
G.5.3_index_1_VS_G.3.4_index_4 [11] PLUS 1 
20150416,20150419,20150420,20150424,20150426,20150428,20150429,20150430,20150501,20150502,20150503,20150504,20150510,20150511,20150512,20150513,20150514,20150520,20150524,20150526,20150527,20150529,20150531 
Number is 96 
G.4.1_index_4_VS_G.3.4_index_5 [12] 
20150420,20150426,20150428,20150429,20150430,20150501,20150502,20150503,20150505,20150507,20150510,20150511,20150512,20150514,20150517,20150518,20150520,20150523,20150524,20150526,20150527,20150531,20150601,20150602 
