======== Current: 20150512 ========= 
Number is 16 
G.5.2_index_2_VS_G.4.2_index_1 [1] 
20150419,20150422,20150429,20150430,20150504,20150506,20150507,20150508,20150509,20150510,20150511,20150515,20150516,20150518,20150519,20150524,20150527,20150528,20150601 
Number is 17 
G.3.3_index_1_VS_G.7.1_index_2 [2] PLUS 1 
20150417,20150418,20150419,20150423,20150424,20150426,20150427,20150428,20150501,20150504,20150505,20150506,20150507,20150508,20150509,20150510,20150511,20150512,20150513,20150514,20150515,20150516,20150517,20150521,20150524,20150526,20150527,20150530,20150531,20150601 
Number is 20 
G.5.4_index_1_VS_G.1.1_index_2 [3] 
20150416,20150422,20150425,20150426,20150427,20150429,20150501,20150505,20150506,20150507,20150508,20150509,20150510,20150511,20150513,20150514,20150515,20150522,20150527,20150529 
Number is 33 
G.7.4_index_1_VS_G.DB_index_3 [4] 
20150416,20150422,20150427,20150428,20150429,20150501,20150505,20150506,20150507,20150508,20150509,20150510,20150511,20150515,20150516,20150517,20150518,20150523,20150526,20150527,20150528,20150530 
Number is 42 
G.3.1_index_2_VS_G.7.2_index_1 [5] 
20150417,20150418,20150422,20150426,20150428,20150429,20150430,20150506,20150507,20150508,20150509,20150510,20150511,20150515,20150516,20150520,20150521,20150527,20150528,20150529,20150530,20150601 
Number is 46 
G.4.4_index_1_VS_G.4.2_index_4 [6] 
20150420,20150421,20150426,20150427,20150429,20150430,20150506,20150507,20150508,20150509,20150510,20150511,20150513,20150516,20150518,20150520,20150521,20150523,20150526,20150530 
Number is 52 
G.3.1_index_5_VS_G.7.3_index_2 [7] PLUS 1 
20150419,20150424,20150426,20150428,20150429,20150501,20150506,20150507,20150508,20150509,20150510,20150511,20150512,20150513,20150514,20150518,20150520,20150521,20150522,20150523,20150525,20150528,20150530,20150601,20150602 
Number is 54 
G.2.1_index_4_VS_G.4.4_index_1 [8] 
20150420,20150422,20150423,20150424,20150427,20150428,20150504,20150505,20150506,20150507,20150508,20150509,20150510,20150511,20150514,20150515,20150516,20150517,20150522,20150525,20150526,20150527,20150528,20150529,20150530 
Number is 72 
G.5.1_index_1_VS_G.5.1_index_2 [9] 
20150417,20150418,20150420,20150423,20150425,20150427,20150428,20150430,20150505,20150506,20150507,20150508,20150509,20150510,20150511,20150514,20150519,20150520,20150522,20150525,20150531,20150601 
Number is 76 
G.3.5_index_2_VS_G.3.4_index_3 [10] 
20150416,20150418,20150421,20150422,20150425,20150428,20150502,20150506,20150507,20150508,20150509,20150510,20150511,20150515,20150516,20150519,20150520,20150524,20150525,20150526,20150529,20150530 
Number is 78 
G.5.6_index_3_VS_G.3.5_index_1 [11] 
20150417,20150420,20150423,20150426,20150501,20150504,20150506,20150507,20150508,20150509,20150510,20150511,20150514,20150515,20150516,20150521,20150527 
Number is 84 
G.5.2_index_4_VS_G.5.1_index_4 [12] 
20150417,20150419,20150420,20150421,20150423,20150428,20150429,20150501,20150502,20150503,20150505,20150506,20150507,20150508,20150509,20150510,20150511,20150515,20150519,20150522,20150524,20150529 
Number is 92 
G.3.1_index_1_VS_G.7.2_index_1 [13] PLUS 1 
20150416,20150417,20150426,20150428,20150503,20150505,20150506,20150507,20150508,20150509,20150510,20150511,20150512,20150513,20150519,20150521,20150522,20150527,20150529,20150601 
Number is 95 
G.1.1_index_3_VS_G.3.1_index_5 [14] 
20150416,20150419,20150420,20150422,20150424,20150425,20150426,20150429,20150430,20150504,20150506,20150507,20150508,20150509,20150510,20150511,20150522,20150523,20150525,20150528,20150530,20150602 
G.1.1_index_3_VS_G.DB_index_5 [15] 
20150419,20150421,20150422,20150427,20150428,20150429,20150430,20150503,20150504,20150505,20150506,20150507,20150508,20150509,20150510,20150511,20150516,20150517,20150518,20150519,20150520,20150522,20150528,20150530,20150601 
