======== Current: 20150518 ========= 
Number is 00 
G.5.2_index_3_VS_G.7.2_index_2 [1] PLUS 1 
20150418,20150420,20150422,20150423,20150424,20150426,20150506,20150507,20150511,20150512,20150513,20150514,20150515,20150516,20150517,20150518,20150519,20150522,20150524,20150601 
Number is 01 
G.7.2_index_2_VS_G.4.2_index_2 [2] PLUS 1 
20150417,20150418,20150419,20150420,20150424,20150425,20150428,20150430,20150501,20150502,20150503,20150504,20150505,20150511,20150512,20150513,20150514,20150515,20150516,20150517,20150518,20150527,20150531,20150601 
G.5.3_index_1_VS_G.4.4_index_2 [3] PLUS 1 
20150419,20150420,20150421,20150422,20150423,20150424,20150430,20150502,20150504,20150510,20150511,20150512,20150513,20150514,20150515,20150516,20150517,20150518,20150521,20150527,20150528,20150531 
Number is 06 
G.7.2_index_2_VS_G.5.3_index_2 [4] 
20150423,20150424,20150427,20150428,20150430,20150501,20150505,20150506,20150511,20150512,20150513,20150514,20150515,20150516,20150517,20150520,20150521,20150522,20150523,20150524,20150527,20150531,20150601 
Number is 09 
G.2.2_index_1_VS_G.DB_index_3 [5] 
20150421,20150424,20150425,20150426,20150429,20150501,20150504,20150505,20150509,20150511,20150512,20150513,20150514,20150515,20150516,20150517,20150521,20150522,20150526,20150527,20150528 
Number is 15 
G.3.2_index_5_VS_G.3.6_index_5 [6] PLUS 1 
20150416,20150421,20150422,20150423,20150424,20150425,20150426,20150428,20150429,20150430,20150501,20150504,20150505,20150510,20150512,20150513,20150514,20150515,20150516,20150517,20150518,20150520,20150523,20150524,20150526,20150527,20150528,20150531,20150602 
Number is 29 
G.1.1_index_1_VS_G.DB_index_3 [7] 
20150416,20150419,20150420,20150423,20150507,20150510,20150512,20150513,20150514,20150515,20150516,20150517,20150519,20150524,20150525,20150526,20150528,20150530 
Number is 38 
G.5.5_index_3_VS_G.5.2_index_2 [8] 
20150416,20150424,20150429,20150430,20150503,20150505,20150508,20150509,20150510,20150512,20150513,20150514,20150515,20150516,20150517,20150522,20150524,20150528,20150601,20150602 
Number is 46 
G.7.4_index_1_VS_G.5.3_index_2 [9] PLUS 1 
20150416,20150419,20150421,20150423,20150424,20150429,20150430,20150502,20150504,20150505,20150510,20150511,20150512,20150513,20150514,20150515,20150516,20150517,20150518,20150520,20150526,20150531,20150602 
Number is 52 
G.6.2_index_1_VS_G.1.1_index_1 [10] PLUS 1 
20150417,20150418,20150420,20150422,20150423,20150427,20150501,20150502,20150507,20150508,20150512,20150513,20150514,20150515,20150516,20150517,20150518,20150521,20150524,20150530,20150531,20150601 
Number is 60 
G.3.3_index_1_VS_G.5.3_index_1 [11] 
20150423,20150427,20150430,20150502,20150503,20150504,20150505,20150507,20150509,20150511,20150512,20150513,20150514,20150515,20150516,20150517,20150520,20150522,20150525,20150526,20150527,20150528,20150530,20150531,20150601 
Number is 61 
G.3.3_index_1_VS_G.7.1_index_2 [12] 
20150417,20150418,20150419,20150423,20150424,20150426,20150427,20150428,20150501,20150504,20150505,20150506,20150507,20150508,20150509,20150510,20150511,20150512,20150513,20150514,20150515,20150516,20150517,20150521,20150524,20150526,20150527,20150530,20150531,20150601 
G.3.3_index_5_VS_G.4.2_index_2 [13] 
20150417,20150419,20150420,20150421,20150424,20150427,20150430,20150501,20150503,20150504,20150507,20150508,20150512,20150513,20150514,20150515,20150516,20150517,20150522,20150523,20150531,20150601 
Number is 69 
G.6.2_index_2_VS_G.4.3_index_1 [14] PLUS 1 
20150417,20150418,20150420,20150422,20150502,20150503,20150505,20150506,20150507,20150508,20150512,20150513,20150514,20150515,20150516,20150517,20150518,20150520,20150526,20150528,20150529,20150602 
Number is 70 
G.5.2_index_4_VS_G.DB_index_2 [15] 
20150419,20150423,20150428,20150429,20150501,20150502,20150506,20150507,20150508,20150512,20150513,20150514,20150515,20150516,20150517,20150522,20150525,20150527,20150602 
Number is 79 
G.2.1_index_5_VS_G.DB_index_3 [16] 
20150417,20150418,20150424,20150425,20150427,20150501,20150503,20150504,20150507,20150512,20150513,20150514,20150515,20150516,20150517 
Number is 85 
G.3.5_index_2_VS_G.6.2_index_1 [17] PLUS 1 
20150418,20150419,20150422,20150423,20150428,20150429,20150501,20150506,20150507,20150508,20150511,20150512,20150513,20150514,20150515,20150516,20150517,20150518,20150520,20150521,20150522,20150524,20150525,20150526,20150528,20150531,20150601 
Number is 99 
G.DB_index_3_VS_G.3.1_index_3 [18] 
20150416,20150420,20150423,20150425,20150426,20150427,20150429,20150501,20150507,20150511,20150512,20150513,20150514,20150515,20150516,20150517,20150519,20150520,20150525,20150526,20150527,20150529,20150602 
