======== Current: 20150522 ========= 
Number is 06 
G.3.6_index_5_VS_G.4.3_index_4 [1] PLUS 1 
20150416,20150419,20150424,20150426,20150428,20150429,20150508,20150510,20150516,20150517,20150518,20150519,20150520,20150521,20150522,20150527,20150528,20150529,20150601,20150602 
G.DB_index_3_VS_G.5.1_index_2 [2] PLUS 1 
20150420,20150423,20150425,20150427,20150428,20150503,20150504,20150505,20150509,20150511,20150513,20150514,20150515,20150516,20150517,20150518,20150519,20150520,20150521,20150522,20150526,20150527,20150528 
Number is 12 
G.3.3_index_1_VS_G.7.3_index_1 [3] PLUS 1 
20150417,20150418,20150419,20150422,20150423,20150426,20150427,20150430,20150504,20150505,20150506,20150507,20150508,20150509,20150513,20150515,20150516,20150517,20150518,20150519,20150520,20150521,20150522,20150523,20150525,20150526,20150602 
G.5.5_index_1_VS_G.3.2_index_5 [4] PLUS 1 
20150416,20150419,20150421,20150422,20150423,20150425,20150429,20150430,20150501,20150502,20150506,20150510,20150516,20150517,20150518,20150519,20150520,20150521,20150522,20150526,20150527,20150531,20150601 
Number is 24 
G.3.2_index_5_VS_G.1.1_index_5 [5] 
20150418,20150419,20150422,20150501,20150507,20150511,20150514,20150516,20150517,20150518,20150519,20150520,20150521,20150526,20150528,20150531 
Number is 27 
G.3.3_index_3_VS_G.4.3_index_1 [6] 
20150417,20150418,20150420,20150421,20150422,20150425,20150426,20150430,20150501,20150502,20150505,20150506,20150508,20150511,20150516,20150517,20150518,20150519,20150520,20150521,20150523,20150601 
Number is 29 
G.7.3_index_1_VS_G.3.4_index_1 [7] 
20150416,20150417,20150418,20150419,20150423,20150424,20150426,20150427,20150428,20150430,20150501,20150505,20150506,20150507,20150510,20150511,20150515,20150516,20150517,20150518,20150519,20150520,20150521,20150601 
Number is 37 
G.4.4_index_4_VS_G.2.2_index_4 [8] 
20150418,20150421,20150423,20150502,20150507,20150509,20150513,20150515,20150516,20150517,20150518,20150519,20150520,20150521,20150523,20150524,20150526,20150527,20150530,20150531,20150601,20150602 
Number is 40 
G.3.1_index_1_VS_G.5.2_index_4 [9] PLUS 1 
20150416,20150417,20150420,20150421,20150424,20150425,20150426,20150427,20150428,20150429,20150430,20150502,20150503,20150506,20150507,20150508,20150509,20150510,20150513,20150514,20150516,20150517,20150518,20150519,20150520,20150521,20150522,20150524,20150528 
Number is 45 
G.5.3_index_4_VS_G.7.2_index_2 [10] PLUS 1 
20150416,20150417,20150425,20150428,20150502,20150503,20150506,20150511,20150513,20150515,20150516,20150517,20150518,20150519,20150520,20150521,20150522,20150529,20150531 
Number is 53 
G.2.1_index_2_VS_G.2.2_index_3 [11] 
20150417,20150418,20150419,20150421,20150422,20150429,20150430,20150502,20150503,20150505,20150506,20150507,20150510,20150513,20150515,20150516,20150517,20150518,20150519,20150520,20150521,20150524,20150526,20150528,20150530,20150531,20150602 
Number is 63 
G.5.1_index_2_VS_G.DB_index_2 [12] 
20150416,20150418,20150425,20150427,20150428,20150430,20150505,20150506,20150507,20150508,20150510,20150511,20150515,20150516,20150517,20150518,20150519,20150520,20150521,20150524,20150526,20150527,20150528,20150601 
Number is 68 
G.4.3_index_4_VS_G.7.1_index_1 [13] 
20150419,20150420,20150421,20150422,20150427,20150504,20150505,20150506,20150507,20150510,20150516,20150517,20150518,20150519,20150520,20150521,20150523,20150524,20150527,20150528,20150529,20150531 
Number is 71 
G.4.4_index_1_VS_G.3.3_index_5 [14] PLUS 1 
20150420,20150421,20150423,20150424,20150425,20150427,20150428,20150505,20150507,20150508,20150513,20150516,20150517,20150518,20150519,20150520,20150521,20150522,20150523,20150526,20150528,20150531 
Number is 72 
G.3.2_index_2_VS_G.3.4_index_4 [15] 
20150417,20150418,20150420,20150422,20150423,20150502,20150503,20150505,20150506,20150511,20150512,20150514,20150516,20150517,20150518,20150519,20150520,20150521,20150523,20150524,20150526,20150527,20150531,20150601 
Number is 74 
G.5.6_index_3_VS_G.3.1_index_1 [16] PLUS 1 
20150416,20150420,20150421,20150424,20150428,20150429,20150430,20150503,20150504,20150506,20150507,20150510,20150511,20150512,20150516,20150517,20150518,20150519,20150520,20150521,20150522,20150524,20150527 
Number is 77 
G.7.4_index_1_VS_G.5.6_index_4 [17] 
20150416,20150417,20150418,20150421,20150422,20150428,20150501,20150502,20150508,20150510,20150512,20150513,20150514,20150516,20150517,20150518,20150519,20150520,20150521,20150523,20150526,20150530,20150531 
Number is 79 
G.7.4_index_1_VS_G.7.4_index_2 [18] 
20150416,20150420,20150422,20150425,20150426,20150427,20150428,20150429,20150430,20150502,20150503,20150507,20150508,20150509,20150512,20150516,20150517,20150518,20150519,20150520,20150521,20150525,20150526,20150527,20150528,20150531,20150602 
Number is 87 
G.4.2_index_4_VS_G.7.4_index_1 [19] 
20150419,20150421,20150424,20150428,20150429,20150501,20150502,20150507,20150508,20150515,20150516,20150517,20150518,20150519,20150520,20150521,20150526,20150528,20150530 
Number is 91 
G.1.1_index_1_VS_G.3.5_index_3 [20] PLUS 1 
20150416,20150418,20150423,20150424,20150426,20150427,20150504,20150507,20150508,20150513,20150514,20150515,20150516,20150517,20150518,20150519,20150520,20150521,20150522,20150526,20150527,20150528,20150601 
Number is 97 
G.4.1_index_2_VS_G.2.2_index_4 [21] 
20150416,20150418,20150425,20150426,20150428,20150503,20150505,20150509,20150512,20150516,20150517,20150518,20150519,20150520,20150521,20150523,20150524,20150526,20150528,20150529 
