======== Current: 20150523 ========= 
Number is 05 
G.2.1_index_3_VS_G.5.1_index_2 [1] 
20150416,20150418,20150419,20150420,20150422,20150423,20150425,20150426,20150427,20150428,20150429,20150430,20150502,20150505,20150509,20150514,20150515,20150517,20150518,20150519,20150520,20150521,20150522,20150528,20150531,20150602 
Number is 09 
G.7.2_index_2_VS_G.3.1_index_4 [2] PLUS 1 
20150416,20150417,20150418,20150420,20150424,20150425,20150427,20150428,20150429,20150501,20150502,20150505,20150507,20150511,20150512,20150513,20150515,20150517,20150518,20150519,20150520,20150521,20150522,20150523,20150524,20150525,20150530,20150601 
Number is 10 
G.3.6_index_5_VS_G.4.3_index_4 [3] 
20150416,20150419,20150424,20150426,20150428,20150429,20150508,20150510,20150516,20150517,20150518,20150519,20150520,20150521,20150522,20150527,20150528,20150529,20150601,20150602 
Number is 16 
G.5.6_index_3_VS_G.3.1_index_1 [4] 
20150416,20150420,20150421,20150424,20150428,20150429,20150430,20150503,20150504,20150506,20150507,20150510,20150511,20150512,20150516,20150517,20150518,20150519,20150520,20150521,20150522,20150524,20150527 
Number is 21 
G.3.4_index_4_VS_G.5.4_index_2 [5] PLUS 1 
20150416,20150419,20150420,20150426,20150430,20150502,20150503,20150504,20150505,20150510,20150511,20150513,20150514,20150515,20150517,20150518,20150519,20150520,20150521,20150522,20150523,20150524,20150527,20150529,20150531 
Number is 31 
G.1.1_index_5_VS_G.3.6_index_5 [6] 
20150416,20150417,20150418,20150428,20150429,20150430,20150502,20150503,20150504,20150505,20150507,20150510,20150513,20150515,20150517,20150518,20150519,20150520,20150521,20150522,20150527,20150601,20150602 
Number is 38 
G.4.4_index_1_VS_G.3.3_index_5 [7] PLUS 1 
20150420,20150421,20150423,20150424,20150425,20150427,20150428,20150505,20150507,20150508,20150513,20150516,20150517,20150518,20150519,20150520,20150521,20150522,20150523,20150526,20150528,20150531 
Number is 41 
G.3.3_index_1_VS_G.7.3_index_1 [8] PLUS 1 
20150417,20150418,20150419,20150422,20150423,20150426,20150427,20150430,20150504,20150505,20150506,20150507,20150508,20150509,20150513,20150515,20150516,20150517,20150518,20150519,20150520,20150521,20150522,20150523,20150525,20150526,20150602 
Number is 42 
G.3.1_index_5_VS_G.4.4_index_2 [9] 
20150416,20150418,20150426,20150506,20150507,20150509,20150513,20150514,20150517,20150518,20150519,20150520,20150521,20150522,20150525,20150526,20150528,20150530,20150601,20150602 
Number is 45 
G.DB_index_3_VS_G.5.1_index_2 [10] 
20150420,20150423,20150425,20150427,20150428,20150503,20150504,20150505,20150509,20150511,20150513,20150514,20150515,20150516,20150517,20150518,20150519,20150520,20150521,20150522,20150526,20150527,20150528 
Number is 49 
G.6.3_index_3_VS_G.4.2_index_1 [11] 
20150424,20150426,20150428,20150429,20150501,20150504,20150505,20150507,20150509,20150511,20150513,20150514,20150517,20150518,20150519,20150520,20150521,20150522,20150601 
Number is 56 
G.6.2_index_3_VS_G.DB_index_4 [12] 
20150417,20150418,20150419,20150420,20150424,20150425,20150428,20150430,20150504,20150507,20150508,20150514,20150517,20150518,20150519,20150520,20150521,20150522,20150526,20150531,20150601 
Number is 61 
G.3.5_index_3_VS_G.DB_index_2 [13] 
20150417,20150418,20150419,20150422,20150423,20150426,20150427,20150430,20150504,20150507,20150508,20150511,20150517,20150518,20150519,20150520,20150521,20150522,20150524,20150525,20150527,20150531 
Number is 65 
G.3.1_index_1_VS_G.5.2_index_4 [14] 
20150416,20150417,20150420,20150421,20150424,20150425,20150426,20150427,20150428,20150429,20150430,20150502,20150503,20150506,20150507,20150508,20150509,20150510,20150513,20150514,20150516,20150517,20150518,20150519,20150520,20150521,20150522,20150524,20150528 
Number is 80 
G.5.3_index_4_VS_G.7.2_index_2 [15] 
20150416,20150417,20150425,20150428,20150502,20150503,20150506,20150511,20150513,20150515,20150516,20150517,20150518,20150519,20150520,20150521,20150522,20150529,20150531 
Number is 90 
G.5.5_index_1_VS_G.3.4_index_2 [16] PLUS 1 
20150416,20150418,20150422,20150425,20150429,20150502,20150503,20150507,20150517,20150518,20150519,20150520,20150521,20150522,20150523,20150529,20150530,20150531 
Number is 95 
G.1.1_index_2_VS_G.5.1_index_2 [17] 
20150416,20150417,20150421,20150422,20150423,20150425,20150427,20150428,20150503,20150509,20150510,20150511,20150514,20150517,20150518,20150519,20150520,20150521,20150522,20150525,20150526,20150528,20150601,20150602 
G.3.2_index_5_VS_G.3.6_index_4 [18] 
20150419,20150421,20150423,20150425,20150426,20150427,20150429,20150505,20150507,20150511,20150512,20150513,20150514,20150517,20150518,20150519,20150520,20150521,20150522,20150524,20150526,20150527,20150528,20150531 
Number is 96 
G.1.1_index_1_VS_G.3.5_index_3 [19] 
20150416,20150418,20150423,20150424,20150426,20150427,20150504,20150507,20150508,20150513,20150514,20150515,20150516,20150517,20150518,20150519,20150520,20150521,20150522,20150526,20150527,20150528,20150601 
Number is 99 
G.5.5_index_1_VS_G.3.2_index_5 [20] 
20150416,20150419,20150421,20150422,20150423,20150425,20150429,20150430,20150501,20150502,20150506,20150510,20150516,20150517,20150518,20150519,20150520,20150521,20150522,20150526,20150527,20150531,20150601 
