======== Current: 20150527 ========= 
Number is 05 
G.3.3_index_3_VS_G.5.3_index_3 [1] 
20150419,20150420,20150421,20150428,20150430,20150502,20150507,20150508,20150509,20150512,20150516,20150517,20150521,20150522,20150523,20150524,20150525,20150526,20150530,20150531,20150602 
Number is 08 
G.6.3_index_2_VS_G.5.3_index_4 [2] PLUS 1 
20150416,20150417,20150418,20150419,20150421,20150423,20150425,20150426,20150427,20150430,20150502,20150503,20150507,20150508,20150509,20150511,20150514,20150520,20150521,20150522,20150523,20150524,20150525,20150526,20150527,20150529,20150601,20150602 
Number is 12 
G.DB_index_3_VS_G.2.1_index_4 [3] PLUS 1 
20150416,20150418,20150419,20150420,20150421,20150423,20150424,20150425,20150428,20150429,20150430,20150501,20150506,20150509,20150511,20150512,20150515,20150516,20150519,20150520,20150521,20150522,20150523,20150524,20150525,20150526,20150527,20150528,20150529,20150530 
Number is 49 
G.3.4_index_4_VS_G.4.3_index_4 [4] PLUS 1 
20150417,20150419,20150428,20150429,20150430,20150501,20150504,20150505,20150511,20150513,20150514,20150516,20150521,20150522,20150523,20150524,20150525,20150526,20150527,20150529,20150601 
Number is 53 
G.3.5_index_4_VS_G.3.3_index_5 [5] 
20150419,20150422,20150423,20150426,20150501,20150503,20150506,20150507,20150508,20150516,20150518,20150519,20150521,20150522,20150523,20150524,20150525,20150526,20150528 
Number is 56 
G.5.3_index_3_VS_G.5.1_index_1 [6] 
20150420,20150421,20150422,20150424,20150502,20150503,20150504,20150505,20150508,20150511,20150518,20150519,20150521,20150522,20150523,20150524,20150525,20150526,20150529,20150531 
Number is 68 
G.4.1_index_4_VS_G.3.1_index_5 [7] 
20150416,20150417,20150418,20150420,20150422,20150428,20150429,20150501,20150504,20150505,20150506,20150519,20150520,20150521,20150522,20150523,20150524,20150525,20150526,20150528,20150529,20150602 
Number is 72 
G.1.1_index_1_VS_G.2.1_index_4 [8] 
20150416,20150418,20150421,20150422,20150423,20150425,20150428,20150429,20150430,20150501,20150502,20150505,20150506,20150507,20150508,20150509,20150511,20150517,20150518,20150520,20150521,20150522,20150523,20150524,20150525,20150526,20150529,20150530,20150602 
Number is 79 
G.1.1_index_1_VS_G.4.3_index_4 [9] PLUS 1 
20150420,20150421,20150422,20150427,20150428,20150429,20150507,20150508,20150511,20150512,20150513,20150514,20150515,20150516,20150521,20150522,20150523,20150524,20150525,20150526,20150527,20150528,20150601,20150602 
Number is 83 
G.3.1_index_5_VS_G.2.2_index_4 [10] PLUS 1 
20150416,20150418,20150420,20150421,20150423,20150424,20150425,20150428,20150502,20150503,20150504,20150505,20150506,20150508,20150512,20150513,20150520,20150521,20150522,20150523,20150524,20150525,20150526,20150527,20150529,20150530,20150602 
Number is 84 
G.5.3_index_4_VS_G.7.4_index_2 [11] 
20150416,20150422,20150425,20150426,20150427,20150428,20150502,20150503,20150504,20150507,20150511,20150514,20150518,20150521,20150522,20150523,20150524,20150525,20150526,20150528,20150529,20150530,20150531,20150601 
Number is 98 
G.5.4_index_4_VS_G.3.1_index_5 [12] 
20150416,20150418,20150419,20150420,20150422,20150424,20150429,20150430,20150504,20150506,20150512,20150516,20150519,20150521,20150522,20150523,20150524,20150525,20150526,20150529 
