======== Current: 20150528 ========= 
Number is 03 
G.7.3_index_2_VS_G.3.6_index_2 [1] 
20150416,20150417,20150419,20150420,20150421,20150422,20150424,20150425,20150426,20150501,20150503,20150507,20150515,20150518,20150522,20150523,20150524,20150525,20150526,20150527,20150531,20150602 
Number is 05 
G.4.4_index_2_VS_G.4.3_index_4 [2] 
20150417,20150419,20150420,20150422,20150501,20150503,20150505,20150506,20150511,20150512,20150513,20150514,20150515,20150516,20150519,20150522,20150523,20150524,20150525,20150526,20150527,20150530,20150601 
Number is 08 
G.5.2_index_1_VS_G.3.5_index_5 [3] PLUS 1 
20150416,20150419,20150421,20150424,20150425,20150428,20150501,20150502,20150507,20150508,20150513,20150516,20150518,20150519,20150522,20150523,20150524,20150525,20150526,20150527,20150528,20150531,20150601 
Number is 18 
G.2.1_index_4_VS_G.3.5_index_5 [4] PLUS 1 
20150419,20150421,20150422,20150423,20150426,20150427,20150429,20150430,20150501,20150502,20150505,20150508,20150513,20150515,20150518,20150520,20150522,20150523,20150524,20150525,20150526,20150527,20150528,20150529,20150530 
Number is 19 
G.2.1_index_4_VS_G.6.2_index_1 [5] 
20150418,20150420,20150421,20150423,20150424,20150425,20150426,20150428,20150429,20150430,20150502,20150503,20150505,20150508,20150509,20150512,20150513,20150515,20150516,20150518,20150522,20150523,20150524,20150525,20150526,20150527,20150529,20150531,20150601 
Number is 26 
G.4.1_index_4_VS_G.5.5_index_1 [6] 
20150419,20150420,20150421,20150423,20150425,20150426,20150427,20150501,20150502,20150503,20150506,20150510,20150515,20150517,20150519,20150522,20150523,20150524,20150525,20150526,20150527,20150531,20150601 
Number is 30 
G.2.1_index_2_VS_G.3.1_index_4 [7] 
20150416,20150417,20150418,20150419,20150424,20150425,20150506,20150507,20150510,20150511,20150512,20150513,20150514,20150517,20150520,20150522,20150523,20150524,20150525,20150526,20150527,20150531,20150601 
Number is 33 
G.6.1_index_3_VS_G.5.1_index_3 [8] 
20150417,20150419,20150420,20150502,20150503,20150504,20150507,20150511,20150512,20150513,20150514,20150522,20150523,20150524,20150525,20150526,20150527,20150602 
G.6.3_index_2_VS_G.5.2_index_3 [9] 
20150416,20150419,20150422,20150424,20150429,20150430,20150503,20150505,20150506,20150508,20150512,20150514,20150518,20150519,20150522,20150523,20150524,20150525,20150526,20150527,20150529,20150531,20150601 
Number is 34 
G.6.3_index_2_VS_G.5.3_index_4 [10] 
20150416,20150417,20150418,20150419,20150421,20150423,20150425,20150426,20150427,20150430,20150502,20150503,20150507,20150508,20150509,20150511,20150514,20150520,20150521,20150522,20150523,20150524,20150525,20150526,20150527,20150529,20150601,20150602 
Number is 43 
G.3.1_index_5_VS_G.2.2_index_4 [11] 
20150416,20150418,20150420,20150421,20150423,20150424,20150425,20150428,20150502,20150503,20150504,20150505,20150506,20150508,20150512,20150513,20150520,20150521,20150522,20150523,20150524,20150525,20150526,20150527,20150529,20150530,20150602 
Number is 45 
G.1.1_index_1_VS_G.4.3_index_4 [12] PLUS 1 
20150420,20150421,20150422,20150427,20150428,20150429,20150507,20150508,20150511,20150512,20150513,20150514,20150515,20150516,20150521,20150522,20150523,20150524,20150525,20150526,20150527,20150528,20150601,20150602 
Number is 46 
G.3.1_index_5_VS_G.DB_index_2 [13] PLUS 1 
20150416,20150418,20150419,20150422,20150424,20150426,20150428,20150503,20150508,20150513,20150515,20150518,20150522,20150523,20150524,20150525,20150526,20150527,20150528,20150530,20150602 
Number is 48 
G.1.1_index_1_VS_G.3.4_index_3 [14] PLUS 1 
20150417,20150418,20150420,20150423,20150424,20150426,20150502,20150508,20150509,20150512,20150513,20150515,20150516,20150519,20150522,20150523,20150524,20150525,20150526,20150527,20150528,20150602 
Number is 51 
G.3.2_index_3_VS_G.3.3_index_2 [15] 
20150416,20150417,20150418,20150420,20150423,20150426,20150428,20150504,20150508,20150511,20150512,20150517,20150522,20150523,20150524,20150525,20150526,20150527,20150529,20150601 
Number is 60 
G.DB_index_3_VS_G.7.3_index_2 [16] 
20150416,20150417,20150419,20150420,20150421,20150422,20150423,20150424,20150428,20150429,20150503,20150506,20150507,20150508,20150509,20150510,20150514,20150515,20150516,20150517,20150522,20150523,20150524,20150525,20150526,20150527,20150529,20150530 
Number is 61 
G.DB_index_3_VS_G.2.1_index_4 [17] PLUS 1 
20150416,20150418,20150419,20150420,20150421,20150423,20150424,20150425,20150428,20150429,20150430,20150501,20150506,20150509,20150511,20150512,20150515,20150516,20150519,20150520,20150521,20150522,20150523,20150524,20150525,20150526,20150527,20150528,20150529,20150530 
Number is 76 
G.3.5_index_3_VS_G.2.2_index_5 [18] 
20150418,20150419,20150420,20150424,20150425,20150426,20150427,20150504,20150508,20150514,20150517,20150522,20150523,20150524,20150525,20150526,20150527 
Number is 83 
G.3.5_index_5_VS_G.5.1_index_3 [19] 
20150419,20150425,20150428,20150430,20150502,20150503,20150507,20150511,20150513,20150514,20150516,20150517,20150518,20150519,20150520,20150522,20150523,20150524,20150525,20150526,20150527,20150529 
Number is 95 
G.6.2_index_1_VS_G.2.2_index_1 [20] 
20150419,20150421,20150424,20150425,20150429,20150502,20150503,20150505,20150506,20150510,20150512,20150513,20150514,20150515,20150516,20150518,20150520,20150522,20150523,20150524,20150525,20150526,20150527,20150531,20150601 
G.3.4_index_5_VS_G.5.1_index_1 [21] 
20150417,20150418,20150420,20150423,20150425,20150428,20150429,20150430,20150501,20150504,20150506,20150507,20150508,20150510,20150512,20150513,20150517,20150522,20150523,20150524,20150525,20150526,20150527,20150530,20150601 
G.3.4_index_4_VS_G.4.3_index_4 [22] 
20150417,20150419,20150428,20150429,20150430,20150501,20150504,20150505,20150511,20150513,20150514,20150516,20150521,20150522,20150523,20150524,20150525,20150526,20150527,20150529,20150601 
Number is 99 
G.3.4_index_5_VS_G.7.1_index_2 [23] PLUS 1 
20150416,20150417,20150425,20150428,20150501,20150502,20150505,20150506,20150507,20150511,20150512,20150515,20150517,20150520,20150522,20150523,20150524,20150525,20150526,20150527,20150528,20150530,20150602 
