Last Date = 20130902
Except date ======= 
required date ======= 20130827,20130828,20130829,20130830,20130831,20130901
Number is 10
G.5.4_index_4_VS_G.7.4_index_2 [1] 
Ngay: 20130815,20130821,20130823,20130824,20130827,20130828,20130829,20130830,20130831,20130901
Number is 11
G.3.3_index_1_VS_G.3.3_index_3 [2] 
Ngay: 20130815,20130819,20130820,20130821,20130822,20130824,20130825,20130826,20130827,20130828,20130829,20130830,20130831,20130901
G.3.3_index_3_VS_G.5.4_index_4 [3] 
Ngay: 20130819,20130820,20130825,20130826,20130827,20130828,20130829,20130830,20130831,20130901
Number is 16
G.3.3_index_1_VS_G.DB_index_4 [4] 
Ngay: 20130816,20130819,20130821,20130822,20130824,20130827,20130828,20130829,20130830,20130831,20130901
G.DB_index_2_VS_G.DB_index_3 [5] 
Ngay: 20130816,20130817,20130819,20130823,20130825,20130827,20130828,20130829,20130830,20130831,20130901
G.4.3_index_4_VS_G.DB_index_3 [6] 
Ngay: 20130818,20130822,20130823,20130824,20130826,20130827,20130828,20130829,20130830,20130831,20130901
Number is 19
G.3.3_index_1_VS_G.4.3_index_3 [7] 
Ngay: 20130818,20130821,20130822,20130824,20130825,20130826,20130827,20130828,20130829,20130830,20130831,20130901
Number is 20
G.3.5_index_2_VS_G.7.4_index_2 [8] 
Ngay: 20130817,20130818,20130819,20130821,20130822,20130823,20130825,20130827,20130828,20130829,20130830,20130831,20130901
Number is 21
G.2.1_index_2_VS_G.DB_index_2 [9] 
Ngay: 20130816,20130818,20130822,20130824,20130826,20130827,20130828,20130829,20130830,20130831,20130901
G.6.1_index_2_VS_G.3.3_index_3 [10] 
Ngay: 20130815,20130819,20130820,20130822,20130825,20130826,20130827,20130828,20130829,20130830,20130831,20130901
Number is 23
G.3.5_index_2_VS_G.7.3_index_2 [11] 
Ngay: 20130815,20130816,20130817,20130819,20130821,20130822,20130823,20130824,20130825,20130827,20130828,20130829,20130830,20130831,20130901
Number is 31
G.5.3_index_4_VS_G.5.4_index_4 [12] 
Ngay: 20130815,20130819,20130820,20130821,20130827,20130828,20130829,20130830,20130831,20130901
Number is 32
G.5.3_index_4_VS_G.5.6_index_4 [13] 
Ngay: 20130816,20130820,20130821,20130823,20130824,20130826,20130827,20130828,20130829,20130830,20130831,20130901
G.7.3_index_2_VS_G.5.6_index_4 [14] 
Ngay: 20130819,20130821,20130822,20130823,20130826,20130827,20130828,20130829,20130830,20130831,20130901
Number is 36
G.4.4_index_2_VS_G.3.5_index_5 [15] 
Ngay: 20130817,20130820,20130822,20130827,20130828,20130829,20130830,20130831,20130901
Number is 46
G.6.3_index_1_VS_G.7.2_index_2 [16] 
Ngay: 20130816,20130817,20130820,20130822,20130825,20130827,20130828,20130829,20130830,20130831,20130901
Number is 48
G.5.4_index_1_VS_G.2.1_index_5 [17] 
Ngay: 20130815,20130819,20130824,20130826,20130827,20130828,20130829,20130830,20130831,20130901
Number is 54
G.3.6_index_2_VS_G.3.2_index_3 [18] 
Ngay: 20130817,20130819,20130821,20130822,20130824,20130827,20130828,20130829,20130830,20130831,20130901
Number is 60
G.3.1_index_5_VS_G.3.4_index_4 [19] 
Ngay: 20130818,20130821,20130822,20130824,20130825,20130826,20130827,20130828,20130829,20130830,20130831,20130901
Number is 61
G.3.1_index_5_VS_G.6.2_index_1 [20] 
Ngay: 20130815,20130817,20130819,20130822,20130824,20130825,20130827,20130828,20130829,20130830,20130831,20130901
G.3.1_index_5_VS_G.DB_index_5 [21] 
Ngay: 20130816,20130821,20130822,20130825,20130827,20130828,20130829,20130830,20130831,20130901
Number is 62
G.3.1_index_5_VS_G.5.6_index_4 [22] 
Ngay: 20130815,20130817,20130818,20130821,20130825,20130826,20130827,20130828,20130829,20130830,20130831,20130901
G.5.2_index_4_VS_G.2.1_index_2 [23] 
Ngay: 20130816,20130818,20130819,20130821,20130824,20130826,20130827,20130828,20130829,20130830,20130831,20130901
Number is 66
G.DB_index_4_VS_G.3.1_index_5 [24] 
Ngay: 20130819,20130821,20130822,20130823,20130825,20130827,20130828,20130829,20130830,20130831,20130901
Number is 72
G.3.1_index_3_VS_G.2.1_index_2 [25] 
Ngay: 20130818,20130821,20130822,20130823,20130825,20130827,20130828,20130829,20130830,20130831,20130901
Number is 84
G.2.1_index_5_VS_G.6.3_index_1 [26] 
Ngay: 20130819,20130821,20130825,20130826,20130827,20130828,20130829,20130830,20130831,20130901
Number is 86
G.2.1_index_5_VS_G.3.2_index_2 [27] 
Ngay: 20130820,20130823,20130824,20130825,20130826,20130827,20130828,20130829,20130830,20130831,20130901
G.5.5_index_1_VS_G.3.5_index_5 [28] 
Ngay: 20130815,20130820,20130823,20130824,20130825,20130827,20130828,20130829,20130830,20130831,20130901
Number is 89
G.3.6_index_4_VS_G.2.1_index_4 [29] 
Ngay: 20130816,20130817,20130820,20130821,20130823,20130824,20130825,20130827,20130828,20130829,20130830,20130831,20130901
