Last Date = 20130909
Except date ======= 
required date ======= 20130831,20130901,20130902,20130903,20130904,20130905
Number is 01
G.3.2_index_2_VS_G.3.6_index_5 [1] 
Ngay: 20130817,20130818,20130820,20130823,20130824,20130825,20130828,20130831,20130901,20130902,20130903,20130904,20130905,20130906
Number is 02
G.2.2_index_3_VS_G.DB_index_5 [2] 
Ngay: 20130817,20130820,20130823,20130824,20130825,20130826,20130827,20130828,20130829,20130831,20130901,20130902,20130903,20130904,20130905,20130907
Number is 10
G.5.1_index_4_VS_G.2.2_index_3 [3] 
Ngay: 20130816,20130818,20130819,20130823,20130825,20130826,20130827,20130831,20130901,20130902,20130903,20130904,20130905,20130906,20130907,20130908
Number is 11
G.3.2_index_1_VS_G.3.5_index_1 [4] 
Ngay: 20130816,20130818,20130820,20130821,20130827,20130831,20130901,20130902,20130903,20130904,20130905,20130906,20130907
Number is 17
G.1.1_index_3_VS_G.5.5_index_4 [5] 
Ngay: 20130816,20130820,20130821,20130823,20130824,20130831,20130901,20130902,20130903,20130904,20130905,20130907,20130908
Number is 18
G.5.4_index_4_VS_G.4.1_index_2 [6] 
Ngay: 20130818,20130823,20130827,20130828,20130831,20130901,20130902,20130903,20130904,20130905,20130907
Number is 19
G.3.2_index_3_VS_G.7.3_index_2 [7] 
Ngay: 20130815,20130817,20130818,20130822,20130823,20130824,20130827,20130828,20130830,20130831,20130901,20130902,20130903,20130904,20130905,20130907
Number is 27
G.3.3_index_2_VS_G.7.1_index_2 [8] 
Ngay: 20130817,20130819,20130824,20130825,20130830,20130831,20130901,20130902,20130903,20130904,20130905,20130906,20130907,20130908
Number is 28
G.5.3_index_4_VS_G.5.6_index_4 [9] 
Ngay: 20130816,20130820,20130821,20130823,20130824,20130826,20130827,20130828,20130829,20130830,20130831,20130901,20130902,20130903,20130904,20130905
Number is 37
G.4.4_index_2_VS_G.5.5_index_4 [10] 
Ngay: 20130816,20130818,20130821,20130823,20130825,20130826,20130828,20130829,20130830,20130831,20130901,20130902,20130903,20130904,20130905,20130908
G.3.5_index_2_VS_G.5.4_index_2 [11] 
Ngay: 20130815,20130816,20130817,20130818,20130819,20130822,20130827,20130831,20130901,20130902,20130903,20130904,20130905,20130907
Number is 40
G.2.1_index_2_VS_G.2.2_index_3 [12] 
Ngay: 20130815,20130817,20130818,20130824,20130825,20130830,20130831,20130901,20130902,20130903,20130904,20130905,20130906,20130907
Number is 46
G.3.5_index_4_VS_G.3.5_index_5 [13] 
Ngay: 20130815,20130820,20130824,20130827,20130828,20130830,20130831,20130901,20130902,20130903,20130904,20130905,20130907,20130908
Number is 53
G.1.1_index_5_VS_G.3.5_index_2 [14] 
Ngay: 20130815,20130816,20130817,20130819,20130821,20130822,20130825,20130829,20130831,20130901,20130902,20130903,20130904,20130905
Number is 65
G.5.6_index_3_VS_G.1.1_index_5 [15] 
Ngay: 20130815,20130816,20130825,20130826,20130829,20130831,20130901,20130902,20130903,20130904,20130905,20130906,20130907,20130908
Number is 79
G.7.4_index_1_VS_G.6.1_index_2 [16] 
Ngay: 20130815,20130817,20130819,20130820,20130825,20130826,20130827,20130830,20130831,20130901,20130902,20130903,20130904,20130905
Number is 85
G.5.2_index_4_VS_G.4.1_index_1 [17] 
Ngay: 20130816,20130818,20130819,20130822,20130823,20130824,20130827,20130831,20130901,20130902,20130903,20130904,20130905,20130908
Number is 87
G.4.3_index_4_VS_G.5.4_index_2 [18] 
Ngay: 20130817,20130818,20130819,20130821,20130823,20130826,20130829,20130831,20130901,20130902,20130903,20130904,20130905,20130906,20130907,20130908
Number is 90
G.6.3_index_3_VS_G.2.2_index_3 [19] 
Ngay: 20130815,20130817,20130821,20130824,20130825,20130827,20130828,20130829,20130831,20130901,20130902,20130903,20130904,20130905,20130907
