Last Date = 20130916
Except date ======= 20130912,20130913,20130914,20130915
required date ======= 20130906,20130907,20130908,20130909,20130910,20130911
Number is 04
G.3.6_index_2_VS_G.6.2_index_3 [26] 
Ngay: 20130815,20130818,20130824,20130825,20130830,20130902,20130904,20130906,20130907,20130908,20130909,20130910,20130911
Number is 53
G.3.2_index_2_VS_G.3.1_index_3 [23] 
Ngay: 20130816,20130817,20130822,20130824,20130825,20130826,20130829,20130903,20130906,20130907,20130908,20130909,20130910,20130911
Number is 95
G.3.1_index_4_VS_G.5.4_index_4 [24] 
Ngay: 20130818,20130821,20130825,20130826,20130827,20130829,20130901,20130904,20130905,20130906,20130907,20130908,20130909,20130910,20130911
