Last Date = 20130912
Except date ======= 
required date ======= 20130906,20130907,20130908,20130909,20130910,20130911
Number is 03
G.3.4_index_3_VS_G.4.3_index_1 [1] 
Ngay: 20130815,20130817,20130818,20130820,20130822,20130825,20130826,20130828,20130829,20130903,20130906,20130907,20130908,20130909,20130910,20130911
G.3.2_index_3_VS_G.2.1_index_4 [2] 
Ngay: 20130817,20130818,20130820,20130821,20130822,20130825,20130826,20130828,20130829,20130830,20130901,20130904,20130905,20130906,20130907,20130908,20130909,20130910,20130911
Number is 06
G.3.4_index_3_VS_G.6.2_index_1 [3] 
Ngay: 20130815,20130817,20130818,20130819,20130820,20130825,20130826,20130827,20130828,20130829,20130902,20130904,20130905,20130906,20130907,20130908,20130909,20130910,20130911
Number is 23
G.3.2_index_1_VS_G.3.3_index_1 [4] 
Ngay: 20130815,20130817,20130819,20130824,20130825,20130826,20130827,20130828,20130831,20130904,20130905,20130906,20130907,20130908,20130909,20130910,20130911
Number is 24
G.5.6_index_1_VS_G.4.4_index_3 [5] 
Ngay: 20130815,20130820,20130821,20130823,20130826,20130827,20130828,20130829,20130831,20130906,20130907,20130908,20130909,20130910,20130911
Number is 38
G.4.3_index_1_VS_G.3.1_index_1 [6] 
Ngay: 20130818,20130820,20130822,20130823,20130825,20130829,20130906,20130907,20130908,20130909,20130910,20130911
Number is 42
G.5.1_index_4_VS_G.7.2_index_1 [7] 
Ngay: 20130815,20130817,20130819,20130820,20130821,20130823,20130826,20130827,20130828,20130829,20130831,20130902,20130903,20130904,20130906,20130907,20130908,20130909,20130910,20130911
Number is 45
G.5.1_index_4_VS_G.2.2_index_2 [8] 
Ngay: 20130818,20130821,20130823,20130831,20130906,20130907,20130908,20130909,20130910,20130911
Number is 47
G.5.1_index_4_VS_G.2.2_index_3 [9] 
Ngay: 20130816,20130818,20130819,20130823,20130825,20130826,20130827,20130831,20130901,20130902,20130903,20130904,20130905,20130906,20130907,20130908,20130909,20130910,20130911
G.5.1_index_4_VS_G.3.1_index_2 [10] 
Ngay: 20130818,20130819,20130826,20130827,20130828,20130830,20130903,20130904,20130906,20130907,20130908,20130909,20130910,20130911
Number is 52
G.3.2_index_4_VS_G.5.4_index_2 [11] 
Ngay: 20130819,20130821,20130823,20130901,20130906,20130907,20130908,20130909,20130910,20130911
Number is 57
G.3.5_index_3_VS_G.3.1_index_2 [12] 
Ngay: 20130816,20130819,20130822,20130823,20130825,20130826,20130827,20130828,20130829,20130830,20130902,20130903,20130904,20130906,20130907,20130908,20130909,20130910,20130911
Number is 62
G.6.2_index_1_VS_G.5.4_index_2 [13] 
Ngay: 20130815,20130823,20130825,20130828,20130901,20130902,20130904,20130906,20130907,20130908,20130909,20130910,20130911
Number is 64
G.4.4_index_1_VS_G.5.1_index_3 [14] 
Ngay: 20130816,20130817,20130819,20130822,20130827,20130828,20130829,20130903,20130904,20130906,20130907,20130908,20130909,20130910,20130911
Number is 66
G.4.4_index_1_VS_G.5.6_index_2 [15] 
Ngay: 20130818,20130819,20130824,20130825,20130826,20130830,20130903,20130906,20130907,20130908,20130909,20130910,20130911
Number is 67
G.1.1_index_3_VS_G.2.2_index_3 [16] 
Ngay: 20130816,20130820,20130822,20130824,20130825,20130826,20130828,20130829,20130831,20130901,20130902,20130903,20130906,20130907,20130908,20130909,20130910,20130911
Number is 68
G.5.5_index_4_VS_G.7.4_index_2 [17] 
Ngay: 20130816,20130824,20130827,20130828,20130829,20130901,20130903,20130904,20130905,20130906,20130907,20130908,20130909,20130910,20130911
Number is 72
G.7.2_index_2_VS_G.2.1_index_3 [18] 
Ngay: 20130816,20130819,20130825,20130829,20130902,20130904,20130906,20130907,20130908,20130909,20130910,20130911
Number is 74
G.DB_index_2_VS_G.DB_index_3 [19] 
Ngay: 20130816,20130817,20130819,20130823,20130825,20130827,20130828,20130829,20130830,20130831,20130901,20130906,20130907,20130908,20130909,20130910,20130911
Number is 75
G.2.2_index_3_VS_G.3.3_index_2 [20] 
Ngay: 20130815,20130819,20130821,20130822,20130828,20130829,20130830,20130903,20130906,20130907,20130908,20130909,20130910,20130911
Number is 76
G.1.1_index_2_VS_G.4.4_index_1 [21] 
Ngay: 20130815,20130816,20130817,20130818,20130823,20130824,20130830,20130831,20130906,20130907,20130908,20130909,20130910,20130911
G.7.2_index_2_VS_G.5.5_index_4 [22] 
Ngay: 20130824,20130825,20130829,20130902,20130903,20130904,20130906,20130907,20130908,20130909,20130910,20130911
Number is 88
G.3.2_index_2_VS_G.3.1_index_3 [23] 
Ngay: 20130816,20130817,20130822,20130824,20130825,20130826,20130829,20130903,20130906,20130907,20130908,20130909,20130910,20130911
Number is 90
G.3.1_index_4_VS_G.5.4_index_4 [24] 
Ngay: 20130818,20130821,20130825,20130826,20130827,20130829,20130901,20130904,20130905,20130906,20130907,20130908,20130909,20130910,20130911
Number is 93
G.3.5_index_5_VS_G.4.3_index_1 [25] 
Ngay: 20130817,20130820,20130824,20130826,20130829,20130831,20130903,20130904,20130905,20130906,20130907,20130908,20130909,20130910,20130911
Number is 97
G.3.6_index_2_VS_G.6.2_index_3 [26] 
Ngay: 20130815,20130818,20130824,20130825,20130830,20130902,20130904,20130906,20130907,20130908,20130909,20130910,20130911
