Last Date = 20130922
Except date ======= 
required date ======= 20130909,20130910,20130911,20130912,20130913,20130914
Number is 01
G.2.1_index_2_VS_G.5.4_index_1 [1] 
Ngay: 20130815,20130816,20130818,20130820,20130822,20130823,20130824,20130826,20130827,20130828,20130830,20130901,20130903,20130905,20130909,20130910,20130911,20130912,20130913,20130914,20130915,20130917
Number is 03
G.4.1_index_1_VS_G.5.5_index_4 [2] 
Ngay: 20130818,20130819,20130822,20130829,20130830,20130901,20130903,20130904,20130906,20130907,20130909,20130910,20130911,20130912,20130913,20130914,20130915,20130916,20130919,20130920,20130921
Number is 09
G.3.5_index_1_VS_G.7.1_index_1 [3] 
Ngay: 20130815,20130816,20130817,20130818,20130821,20130822,20130823,20130825,20130826,20130829,20130901,20130902,20130909,20130910,20130911,20130912,20130913,20130914,20130917,20130921
Number is 12
G.1.1_index_4_VS_G.5.3_index_1 [4] 
Ngay: 20130815,20130816,20130817,20130818,20130819,20130822,20130824,20130826,20130829,20130830,20130901,20130902,20130906,20130909,20130910,20130911,20130912,20130913,20130914,20130917,20130918
G.1.1_index_4_VS_G.4.4_index_1 [5] 
Ngay: 20130816,20130817,20130819,20130823,20130824,20130831,20130901,20130903,20130909,20130910,20130911,20130912,20130913,20130914,20130915,20130920,20130921
Number is 17
G.3.6_index_4_VS_G.2.1_index_4 [6] 
Ngay: 20130816,20130817,20130820,20130821,20130823,20130824,20130825,20130827,20130828,20130829,20130830,20130831,20130901,20130902,20130905,20130907,20130908,20130909,20130910,20130911,20130912,20130913,20130914,20130915,20130917,20130918,20130921
Number is 23
G.3.2_index_3_VS_G.6.1_index_2 [7] 
Ngay: 20130817,20130820,20130826,20130827,20130828,20130831,20130901,20130904,20130908,20130909,20130910,20130911,20130912,20130913,20130914,20130915,20130917,20130920
G.5.3_index_1_VS_G.7.4_index_2 [8] 
Ngay: 20130816,20130817,20130818,20130819,20130821,20130823,20130824,20130825,20130829,20130830,20130902,20130909,20130910,20130911,20130912,20130913,20130914
G.3.2_index_3_VS_G.6.3_index_2 [9] 
Ngay: 20130816,20130822,20130823,20130829,20130830,20130902,20130904,20130905,20130909,20130910,20130911,20130912,20130913,20130914,20130916
Number is 34
G.5.4_index_3_VS_G.3.4_index_5 [10] 
Ngay: 20130816,20130817,20130820,20130821,20130822,20130826,20130827,20130828,20130902,20130904,20130909,20130910,20130911,20130912,20130913,20130914,20130915,20130918,20130921
Number is 37
G.6.3_index_2_VS_G.DB_index_4 [11] 
Ngay: 20130817,20130821,20130822,20130823,20130826,20130828,20130829,20130830,20130902,20130904,20130905,20130907,20130909,20130910,20130911,20130912,20130913,20130914,20130918,20130920,20130921
Number is 49
G.3.2_index_1_VS_G.3.3_index_4 [12] 
Ngay: 20130815,20130816,20130818,20130819,20130820,20130821,20130823,20130825,20130828,20130902,20130903,20130906,20130907,20130909,20130910,20130911,20130912,20130913,20130914,20130917,20130918,20130919,20130921
Number is 50
G.4.3_index_2_VS_G.2.1_index_2 [13] 
Ngay: 20130816,20130821,20130823,20130824,20130826,20130827,20130829,20130830,20130904,20130905,20130909,20130910,20130911,20130912,20130913,20130914,20130915
Number is 53
G.5.5_index_2_VS_G.5.6_index_1 [14] 
Ngay: 20130815,20130822,20130825,20130826,20130828,20130902,20130903,20130908,20130909,20130910,20130911,20130912,20130913,20130914,20130915,20130919,20130920,20130921
Number is 60
G.4.1_index_2_VS_G.3.1_index_4 [15] 
Ngay: 20130815,20130816,20130819,20130820,20130824,20130825,20130828,20130829,20130831,20130901,20130904,20130905,20130908,20130909,20130910,20130911,20130912,20130913,20130914,20130915,20130918
Number is 64
G.5.5_index_1_VS_G.3.4_index_5 [16] 
Ngay: 20130816,20130817,20130818,20130819,20130822,20130823,20130824,20130827,20130828,20130907,20130909,20130910,20130911,20130912,20130913,20130914,20130915,20130920,20130921
Number is 65
G.4.3_index_1_VS_G.3.1_index_1 [17] 
Ngay: 20130818,20130820,20130822,20130823,20130825,20130829,20130906,20130907,20130908,20130909,20130910,20130911,20130912,20130913,20130914,20130917,20130921
G.3.4_index_2_VS_G.5.3_index_3 [18] 
Ngay: 20130816,20130817,20130820,20130821,20130824,20130826,20130829,20130906,20130907,20130909,20130910,20130911,20130912,20130913,20130914,20130915,20130919,20130920,20130921
Number is 66
G.3.3_index_1_VS_G.4.3_index_1 [19] 
Ngay: 20130818,20130819,20130820,20130821,20130826,20130831,20130905,20130907,20130909,20130910,20130911,20130912,20130913,20130914,20130917,20130918,20130920
Number is 84
G.7.4_index_1_VS_G.3.1_index_3 [20] 
Ngay: 20130816,20130820,20130821,20130822,20130826,20130828,20130829,20130831,20130901,20130907,20130908,20130909,20130910,20130911,20130912,20130913,20130914,20130919
G.4.3_index_4_VS_G.3.2_index_1 [21] 
Ngay: 20130815,20130817,20130818,20130825,20130829,20130903,20130905,20130908,20130909,20130910,20130911,20130912,20130913,20130914,20130915,20130920,20130921
Number is 85
G.5.3_index_4_VS_G.5.5_index_2 [22] 
Ngay: 20130818,20130821,20130822,20130823,20130824,20130825,20130828,20130829,20130902,20130903,20130909,20130910,20130911,20130912,20130913,20130914,20130915,20130916,20130921
Number is 86
G.1.1_index_5_VS_G.4.2_index_2 [23] 
Ngay: 20130818,20130821,20130828,20130902,20130903,20130906,20130909,20130910,20130911,20130912,20130913,20130914,20130916,20130917,20130919,20130920
Number is 90
G.3.6_index_3_VS_G.5.5_index_3 [24] 
Ngay: 20130819,20130820,20130821,20130822,20130823,20130824,20130825,20130830,20130909,20130910,20130911,20130912,20130913,20130914,20130915,20130918,20130920,20130921
