Last Date = 20130916
Except date ======= 
required date ======= 20130910,20130911,20130912,20130913,20130914,20130915
Number is 02
G.4.3_index_2_VS_G.2.1_index_2 [1] 
Ngay: 20130816,20130821,20130823,20130824,20130826,20130827,20130829,20130830,20130904,20130905,20130909,20130910,20130911,20130912,20130913,20130914,20130915
Number is 03
G.4.3_index_2_VS_G.5.5_index_1 [2] 
Ngay: 20130816,20130818,20130822,20130823,20130824,20130825,20130828,20130907,20130910,20130911,20130912,20130913,20130914,20130915
Number is 07
G.4.3_index_2_VS_G.5.3_index_4 [3] 
Ngay: 20130816,20130817,20130820,20130823,20130827,20130828,20130830,20130903,20130907,20130910,20130911,20130912,20130913,20130914,20130915
Number is 08
G.3.4_index_2_VS_G.5.3_index_3 [4] 
Ngay: 20130816,20130817,20130820,20130821,20130824,20130826,20130829,20130906,20130907,20130909,20130910,20130911,20130912,20130913,20130914,20130915
Number is 17
G.3.2_index_3_VS_G.6.1_index_2 [5] 
Ngay: 20130817,20130820,20130826,20130827,20130828,20130831,20130901,20130904,20130908,20130909,20130910,20130911,20130912,20130913,20130914,20130915
Number is 23
G.4.4_index_1_VS_G.5.5_index_1 [6] 
Ngay: 20130815,20130819,20130822,20130824,20130825,20130826,20130828,20130829,20130830,20130831,20130901,20130907,20130908,20130910,20130911,20130912,20130913,20130914,20130915
Number is 25
G.2.1_index_2_VS_G.3.2_index_2 [7] 
Ngay: 20130816,20130817,20130818,20130821,20130822,20130824,20130825,20130826,20130827,20130830,20130831,20130902,20130903,20130904,20130907,20130908,20130910,20130911,20130912,20130913,20130914,20130915
G.4.3_index_3_VS_G.3.2_index_2 [8] 
Ngay: 20130815,20130818,20130821,20130822,20130823,20130824,20130830,20130903,20130904,20130905,20130906,20130907,20130910,20130911,20130912,20130913,20130914,20130915
Number is 27
G.4.4_index_1_VS_G.5.3_index_4 [9] 
Ngay: 20130815,20130816,20130817,20130823,20130824,20130825,20130826,20130828,20130830,20130901,20130903,20130906,20130907,20130910,20130911,20130912,20130913,20130914,20130915
G.2.1_index_2_VS_G.5.4_index_1 [10] 
Ngay: 20130815,20130816,20130818,20130820,20130822,20130823,20130824,20130826,20130827,20130828,20130830,20130901,20130903,20130905,20130909,20130910,20130911,20130912,20130913,20130914,20130915
Number is 29
G.2.1_index_2_VS_G.2.2_index_3 [11] 
Ngay: 20130815,20130817,20130818,20130824,20130825,20130830,20130831,20130901,20130902,20130903,20130904,20130905,20130906,20130907,20130910,20130911,20130912,20130913,20130914,20130915
Number is 31
G.2.1_index_4_VS_G.DB_index_2 [12] 
Ngay: 20130815,20130817,20130819,20130820,20130823,20130826,20130828,20130830,20130902,20130903,20130904,20130907,20130908,20130910,20130911,20130912,20130913,20130914,20130915
Number is 32
G.5.1_index_2_VS_G.2.1_index_2 [13] 
Ngay: 20130816,20130817,20130818,20130820,20130821,20130823,20130825,20130827,20130828,20130829,20130830,20130903,20130904,20130910,20130911,20130912,20130913,20130914,20130915
Number is 33
G.4.3_index_4_VS_G.3.2_index_1 [14] 
Ngay: 20130815,20130817,20130818,20130825,20130829,20130903,20130905,20130908,20130909,20130910,20130911,20130912,20130913,20130914,20130915
G.3.6_index_4_VS_G.2.1_index_4 [15] 
Ngay: 20130816,20130817,20130820,20130821,20130823,20130824,20130825,20130827,20130828,20130829,20130830,20130831,20130901,20130902,20130905,20130907,20130908,20130909,20130910,20130911,20130912,20130913,20130914,20130915
Number is 34
G.3.6_index_3_VS_G.5.5_index_3 [16] 
Ngay: 20130819,20130820,20130821,20130822,20130823,20130824,20130825,20130830,20130909,20130910,20130911,20130912,20130913,20130914,20130915
Number is 36
G.5.5_index_1_VS_G.3.4_index_5 [17] 
Ngay: 20130816,20130817,20130818,20130819,20130822,20130823,20130824,20130827,20130828,20130907,20130909,20130910,20130911,20130912,20130913,20130914,20130915
Number is 37
G.3.2_index_1_VS_G.6.1_index_1 [18] 
Ngay: 20130818,20130825,20130826,20130827,20130828,20130901,20130906,20130908,20130910,20130911,20130912,20130913,20130914,20130915
Number is 46
G.6.2_index_3_VS_G.2.2_index_1 [19] 
Ngay: 20130819,20130820,20130822,20130825,20130826,20130827,20130829,20130830,20130908,20130910,20130911,20130912,20130913,20130914,20130915
G.4.1_index_1_VS_G.5.5_index_4 [20] 
Ngay: 20130818,20130819,20130822,20130829,20130830,20130901,20130903,20130904,20130906,20130907,20130909,20130910,20130911,20130912,20130913,20130914,20130915
Number is 60
G.5.6_index_2_VS_G.3.4_index_2 [21] 
Ngay: 20130817,20130820,20130823,20130824,20130825,20130827,20130828,20130830,20130903,20130908,20130910,20130911,20130912,20130913,20130914,20130915
Number is 62
G.DB_index_5_VS_G.4.3_index_3 [22] 
Ngay: 20130816,20130817,20130819,20130822,20130824,20130825,20130826,20130827,20130828,20130830,20130831,20130901,20130902,20130904,20130908,20130910,20130911,20130912,20130913,20130914,20130915
Number is 66
G.3.5_index_5_VS_G.2.2_index_1 [23] 
Ngay: 20130816,20130818,20130820,20130827,20130829,20130830,20130831,20130905,20130906,20130910,20130911,20130912,20130913,20130914,20130915
Number is 71
G.2.1_index_1_VS_G.2.2_index_5 [24] 
Ngay: 20130817,20130827,20130829,20130830,20130831,20130904,20130906,20130907,20130908,20130910,20130911,20130912,20130913,20130914,20130915
G.5.3_index_4_VS_G.1.1_index_1 [25] 
Ngay: 20130816,20130817,20130819,20130820,20130821,20130823,20130827,20130829,20130830,20130901,20130905,20130907,20130910,20130911,20130912,20130913,20130914,20130915
Number is 72
G.1.1_index_4_VS_G.4.4_index_1 [26] 
Ngay: 20130816,20130817,20130819,20130823,20130824,20130831,20130901,20130903,20130909,20130910,20130911,20130912,20130913,20130914,20130915
Number is 78
G.5.3_index_4_VS_G.5.5_index_2 [27] 
Ngay: 20130818,20130821,20130822,20130823,20130824,20130825,20130828,20130829,20130902,20130903,20130909,20130910,20130911,20130912,20130913,20130914,20130915
Number is 79
G.4.1_index_2_VS_G.3.1_index_4 [28] 
Ngay: 20130815,20130816,20130819,20130820,20130824,20130825,20130828,20130829,20130831,20130901,20130904,20130905,20130908,20130909,20130910,20130911,20130912,20130913,20130914,20130915
Number is 82
G.5.5_index_2_VS_G.5.6_index_1 [29] 
Ngay: 20130815,20130822,20130825,20130826,20130828,20130902,20130903,20130908,20130909,20130910,20130911,20130912,20130913,20130914,20130915
Number is 83
G.2.2_index_2_VS_G.2.1_index_4 [30] 
Ngay: 20130817,20130820,20130821,20130827,20130828,20130831,20130905,20130907,20130908,20130910,20130911,20130912,20130913,20130914,20130915
Number is 87
G.5.1_index_3_VS_G.4.1_index_2 [31] 
Ngay: 20130815,20130816,20130817,20130819,20130822,20130823,20130831,20130903,20130904,20130907,20130910,20130911,20130912,20130913,20130914,20130915
Number is 94
G.7.1_index_1_VS_G.6.2_index_3 [32] 
Ngay: 20130815,20130818,20130819,20130821,20130822,20130823,20130825,20130826,20130903,20130904,20130910,20130911,20130912,20130913,20130914,20130915
Number is 96
G.5.4_index_3_VS_G.3.4_index_5 [33] 
Ngay: 20130816,20130817,20130820,20130821,20130822,20130826,20130827,20130828,20130902,20130904,20130909,20130910,20130911,20130912,20130913,20130914,20130915
Number is 99
G.3.5_index_4_VS_G.6.3_index_2 [34] 
Ngay: 20130817,20130820,20130821,20130822,20130824,20130826,20130829,20130830,20130901,20130910,20130911,20130912,20130913,20130914,20130915
G.7.1_index_1_VS_G.5.4_index_3 [35] 
Ngay: 20130815,20130818,20130819,20130821,20130822,20130827,20130828,20130830,20130904,20130910,20130911,20130912,20130913,20130914,20130915
G.2.2_index_3_VS_G.3.5_index_4 [36] 
Ngay: 20130816,20130817,20130820,20130821,20130822,20130823,20130824,20130826,20130827,20130829,20130903,20130907,20130908,20130910,20130911,20130912,20130913,20130914,20130915
