Last Date = 20130922
Except date ======= 
required date ======= 20130912,20130913,20130914,20130915,20130916,20130917
Number is 00
G.5.1_index_2_VS_G.2.1_index_2 [1] 
Ngay: 20130816,20130817,20130818,20130820,20130821,20130823,20130825,20130827,20130828,20130829,20130830,20130903,20130904,20130910,20130911,20130912,20130913,20130914,20130915,20130916,20130917,20130918
Number is 02
G.2.1_index_2_VS_G.3.2_index_3 [2] 
Ngay: 20130815,20130816,20130819,20130820,20130823,20130824,20130825,20130827,20130829,20130831,20130904,20130906,20130907,20130912,20130913,20130914,20130915,20130916,20130917,20130918
Number is 03
G.2.1_index_2_VS_G.2.2_index_3 [3] 
Ngay: 20130815,20130817,20130818,20130824,20130825,20130830,20130831,20130901,20130902,20130903,20130904,20130905,20130906,20130907,20130910,20130911,20130912,20130913,20130914,20130915,20130916,20130917
G.5.2_index_4_VS_G.6.3_index_2 [4] 
Ngay: 20130816,20130817,20130818,20130819,20130823,20130824,20130826,20130901,20130902,20130905,20130908,20130909,20130912,20130913,20130914,20130915,20130916,20130917,20130920,20130921
Number is 05
G.2.1_index_2_VS_G.1.1_index_3 [5] 
Ngay: 20130816,20130817,20130819,20130820,20130823,20130824,20130825,20130826,20130828,20130829,20130830,20130831,20130903,20130904,20130908,20130910,20130912,20130913,20130914,20130915,20130916,20130917,20130918
G.3.5_index_5_VS_G.1.1_index_3 [6] 
Ngay: 20130816,20130818,20130820,20130824,20130826,20130827,20130829,20130830,20130831,20130901,20130902,20130904,20130905,20130908,20130909,20130912,20130913,20130914,20130915,20130916,20130917,20130918,20130919,20130921
G.4.1_index_1_VS_G.6.3_index_3 [7] 
Ngay: 20130815,20130818,20130820,20130821,20130822,20130824,20130825,20130826,20130827,20130902,20130903,20130904,20130912,20130913,20130914,20130915,20130916,20130917,20130918,20130919
Number is 08
G.3.5_index_3_VS_G.4.3_index_4 [8] 
Ngay: 20130815,20130816,20130817,20130818,20130821,20130822,20130823,20130824,20130827,20130828,20130903,20130904,20130906,20130908,20130909,20130912,20130913,20130914,20130915,20130916,20130917,20130920,20130921
G.3.5_index_5_VS_G.2.2_index_1 [9] 
Ngay: 20130816,20130818,20130820,20130827,20130829,20130830,20130831,20130905,20130906,20130910,20130911,20130912,20130913,20130914,20130915,20130916,20130917,20130918
G.5.2_index_4_VS_G.7.4_index_1 [10] 
Ngay: 20130816,20130819,20130820,20130821,20130822,20130823,20130825,20130827,20130828,20130831,20130901,20130902,20130909,20130912,20130913,20130914,20130915,20130916,20130917
G.2.2_index_4_VS_G.7.4_index_1 [11] 
Ngay: 20130820,20130825,20130826,20130828,20130829,20130831,20130902,20130904,20130905,20130907,20130908,20130909,20130910,20130912,20130913,20130914,20130915,20130916,20130917,20130920
G.2.1_index_2_VS_G.1.1_index_1 [12] 
Ngay: 20130815,20130816,20130818,20130821,20130823,20130824,20130827,20130830,20130907,20130910,20130912,20130913,20130914,20130915,20130916,20130917,20130919,20130920,20130921
Number is 13
G.4.2_index_3_VS_G.3.3_index_2 [13] 
Ngay: 20130818,20130819,20130820,20130821,20130822,20130824,20130826,20130829,20130830,20130901,20130903,20130905,20130908,20130911,20130912,20130913,20130914,20130915,20130916,20130917
Number is 22
G.6.2_index_3_VS_G.2.2_index_2 [14] 
Ngay: 20130817,20130818,20130822,20130824,20130825,20130828,20130829,20130901,20130903,20130912,20130913,20130914,20130915,20130916,20130917,20130920,20130921
Number is 32
G.3.3_index_2_VS_G.6.2_index_3 [15] 
Ngay: 20130815,20130816,20130819,20130821,20130823,20130826,20130902,20130903,20130904,20130906,20130908,20130909,20130910,20130912,20130913,20130914,20130915,20130916,20130917,20130918,20130920,20130921
Number is 34
G.5.4_index_3_VS_G.3.2_index_2 [16] 
Ngay: 20130815,20130817,20130820,20130821,20130822,20130824,20130825,20130826,20130828,20130829,20130831,20130903,20130905,20130906,20130907,20130908,20130911,20130912,20130913,20130914,20130915,20130916,20130917,20130918,20130920,20130921
Number is 37
G.3.2_index_5_VS_G.7.2_index_1 [17] 
Ngay: 20130816,20130817,20130819,20130820,20130821,20130824,20130825,20130829,20130831,20130902,20130907,20130908,20130911,20130912,20130913,20130914,20130915,20130916,20130917,20130920
Number is 38
G.5.6_index_1_VS_G.4.3_index_4 [18] 
Ngay: 20130817,20130819,20130821,20130822,20130826,20130827,20130829,20130901,20130902,20130904,20130905,20130909,20130911,20130912,20130913,20130914,20130915,20130916,20130917
Number is 39
G.3.6_index_2_VS_G.7.1_index_1 [19] 
Ngay: 20130818,20130822,20130824,20130829,20130831,20130907,20130912,20130913,20130914,20130915,20130916,20130917,20130921
G.7.4_index_2_VS_G.2.2_index_5 [20] 
Ngay: 20130817,20130821,20130823,20130824,20130825,20130826,20130827,20130829,20130830,20130902,20130905,20130906,20130907,20130909,20130911,20130912,20130913,20130914,20130915,20130916,20130917,20130918,20130919,20130921
Number is 40
G.6.2_index_2_VS_G.2.1_index_2 [21] 
Ngay: 20130816,20130818,20130820,20130822,20130823,20130824,20130826,20130831,20130907,20130911,20130912,20130913,20130914,20130915,20130916,20130917,20130921
Number is 43
G.7.2_index_2_VS_G.3.4_index_4 [22] 
Ngay: 20130815,20130818,20130819,20130820,20130825,20130826,20130827,20130830,20130901,20130902,20130903,20130906,20130907,20130908,20130909,20130910,20130912,20130913,20130914,20130915,20130916,20130917,20130919
Number is 46
G.6.2_index_2_VS_G.5.4_index_4 [23] 
Ngay: 20130817,20130819,20130820,20130821,20130824,20130829,20130905,20130906,20130908,20130909,20130912,20130913,20130914,20130915,20130916,20130917,20130921
Number is 52
G.1.1_index_3_VS_G.6.3_index_1 [24] 
Ngay: 20130816,20130822,20130825,20130826,20130827,20130828,20130830,20130901,20130909,20130912,20130913,20130914,20130915,20130916,20130917,20130918,20130921
G.5.5_index_2_VS_G.6.2_index_3 [25] 
Ngay: 20130815,20130820,20130825,20130827,20130829,20130902,20130903,20130905,20130907,20130908,20130911,20130912,20130913,20130914,20130915,20130916,20130917,20130918,20130919,20130920
Number is 54
G.5.3_index_3_VS_G.6.2_index_2 [26] 
Ngay: 20130815,20130816,20130824,20130828,20130901,20130912,20130913,20130914,20130915,20130916,20130917,20130918,20130920,20130921
Number is 60
G.DB_index_1_VS_G.3.5_index_1 [27] 
Ngay: 20130817,20130820,20130821,20130824,20130825,20130831,20130901,20130903,20130905,20130906,20130907,20130909,20130910,20130912,20130913,20130914,20130915,20130916,20130917,20130918,20130919,20130920,20130921
Number is 63
G.6.1_index_3_VS_G.4.2_index_1 [28] 
Ngay: 20130815,20130817,20130827,20130828,20130830,20130831,20130902,20130903,20130907,20130911,20130912,20130913,20130914,20130915,20130916,20130917,20130919,20130920,20130921
Number is 68
G.5.2_index_2_VS_G.4.3_index_4 [29] 
Ngay: 20130817,20130827,20130828,20130829,20130902,20130904,20130905,20130906,20130908,20130909,20130911,20130912,20130913,20130914,20130915,20130916,20130917,20130918,20130920
G.5.5_index_1_VS_G.1.1_index_1 [30] 
Ngay: 20130815,20130820,20130822,20130823,20130824,20130825,20130830,20130901,20130903,20130906,20130907,20130908,20130911,20130912,20130913,20130914,20130915,20130916,20130917,20130920,20130921
Number is 70
G.3.5_index_4_VS_G.5.1_index_2 [31] 
Ngay: 20130817,20130820,20130822,20130826,20130827,20130828,20130829,20130906,20130907,20130911,20130912,20130913,20130914,20130915,20130916,20130917,20130918,20130919,20130920,20130921
Number is 72
G.4.3_index_3_VS_G.4.4_index_1 [32] 
Ngay: 20130817,20130818,20130819,20130824,20130826,20130831,20130904,20130907,20130908,20130909,20130910,20130912,20130913,20130914,20130915,20130916,20130917,20130921
Number is 74
G.DB_index_4_VS_G.4.4_index_4 [33] 
Ngay: 20130817,20130818,20130819,20130820,20130821,20130823,20130825,20130827,20130829,20130830,20130901,20130902,20130904,20130905,20130907,20130908,20130910,20130912,20130913,20130914,20130915,20130916,20130917,20130918,20130919
Number is 77
G.7.2_index_1_VS_G.4.3_index_3 [34] 
Ngay: 20130817,20130823,20130824,20130825,20130826,20130827,20130829,20130830,20130904,20130907,20130908,20130911,20130912,20130913,20130914,20130915,20130916,20130917,20130918,20130919
Number is 83
G.4.3_index_4_VS_G.5.4_index_3 [35] 
Ngay: 20130820,20130821,20130822,20130823,20130825,20130830,20130902,20130903,20130907,20130911,20130912,20130913,20130914,20130915,20130916,20130917,20130918,20130921
Number is 85
G.7.4_index_1_VS_G.7.3_index_2 [36] 
Ngay: 20130819,20130820,20130823,20130826,20130827,20130828,20130831,20130902,20130906,20130907,20130909,20130911,20130912,20130913,20130914,20130915,20130916,20130917,20130919,20130920
G.7.4_index_1_VS_G.3.1_index_1 [37] 
Ngay: 20130815,20130817,20130820,20130822,20130823,20130825,20130828,20130830,20130831,20130901,20130902,20130903,20130906,20130907,20130908,20130912,20130913,20130914,20130915,20130916,20130917,20130918,20130919
Number is 88
G.2.2_index_1_VS_G.7.4_index_1 [38] 
Ngay: 20130816,20130817,20130819,20130820,20130822,20130825,20130826,20130828,20130829,20130831,20130902,20130903,20130907,20130908,20130909,20130910,20130912,20130913,20130914,20130915,20130916,20130917,20130918,20130919,20130920,20130921
G.3.5_index_2_VS_G.7.4_index_1 [39] 
Ngay: 20130817,20130820,20130821,20130823,20130825,20130827,20130829,20130831,20130902,20130904,20130906,20130909,20130912,20130913,20130914,20130915,20130916,20130917,20130919,20130920
Number is 96
G.5.1_index_3_VS_G.4.1_index_2 [40] 
Ngay: 20130815,20130816,20130817,20130819,20130822,20130823,20130831,20130903,20130904,20130907,20130910,20130911,20130912,20130913,20130914,20130915,20130916,20130917,20130919,20130920
