Last Date = 20130918
Except date ======= 
required date ======= 20130912,20130913,20130914,20130915,20130916,20130917
Number is 03
G.7.2_index_2_VS_G.3.4_index_4 [1] 
Ngay: 20130815,20130818,20130819,20130820,20130825,20130826,20130827,20130830,20130901,20130902,20130903,20130906,20130907,20130908,20130909,20130910,20130912,20130913,20130914,20130915,20130916,20130917
Number is 04
G.3.5_index_4_VS_G.5.1_index_2 [2] 
Ngay: 20130817,20130820,20130822,20130826,20130827,20130828,20130829,20130906,20130907,20130911,20130912,20130913,20130914,20130915,20130916,20130917
Number is 08
G.4.3_index_3_VS_G.4.4_index_1 [3] 
Ngay: 20130817,20130818,20130819,20130824,20130826,20130831,20130904,20130907,20130908,20130909,20130910,20130912,20130913,20130914,20130915,20130916,20130917
Number is 20
G.7.2_index_1_VS_G.4.3_index_3 [4] 
Ngay: 20130817,20130823,20130824,20130825,20130826,20130827,20130829,20130830,20130904,20130907,20130908,20130911,20130912,20130913,20130914,20130915,20130916,20130917
Number is 22
G.3.2_index_5_VS_G.7.2_index_1 [5] 
Ngay: 20130816,20130817,20130819,20130820,20130821,20130824,20130825,20130829,20130831,20130902,20130907,20130908,20130911,20130912,20130913,20130914,20130915,20130916,20130917
Number is 25
G.5.5_index_2_VS_G.6.2_index_3 [6] 
Ngay: 20130815,20130820,20130825,20130827,20130829,20130902,20130903,20130905,20130907,20130908,20130911,20130912,20130913,20130914,20130915,20130916,20130917
Number is 26
G.DB_index_4_VS_G.4.4_index_4 [7] 
Ngay: 20130817,20130818,20130819,20130820,20130821,20130823,20130825,20130827,20130829,20130830,20130901,20130902,20130904,20130905,20130907,20130908,20130910,20130912,20130913,20130914,20130915,20130916,20130917
Number is 31
G.6.1_index_3_VS_G.4.2_index_1 [8] 
Ngay: 20130815,20130817,20130827,20130828,20130830,20130831,20130902,20130903,20130907,20130911,20130912,20130913,20130914,20130915,20130916,20130917
Number is 32
G.2.1_index_2_VS_G.2.2_index_3 [9] 
Ngay: 20130815,20130817,20130818,20130824,20130825,20130830,20130831,20130901,20130902,20130903,20130904,20130905,20130906,20130907,20130910,20130911,20130912,20130913,20130914,20130915,20130916,20130917
Number is 34
G.2.1_index_2_VS_G.3.2_index_3 [10] 
Ngay: 20130815,20130816,20130819,20130820,20130823,20130824,20130825,20130827,20130829,20130831,20130904,20130906,20130907,20130912,20130913,20130914,20130915,20130916,20130917
Number is 37
G.2.1_index_2_VS_G.1.1_index_1 [11] 
Ngay: 20130815,20130816,20130818,20130821,20130823,20130824,20130827,20130830,20130907,20130910,20130912,20130913,20130914,20130915,20130916,20130917
Number is 39
G.2.1_index_2_VS_G.1.1_index_3 [12] 
Ngay: 20130816,20130817,20130819,20130820,20130823,20130824,20130825,20130826,20130828,20130829,20130830,20130831,20130903,20130904,20130908,20130910,20130912,20130913,20130914,20130915,20130916,20130917
Number is 42
G.4.1_index_1_VS_G.6.3_index_3 [13] 
Ngay: 20130815,20130818,20130820,20130821,20130822,20130824,20130825,20130826,20130827,20130902,20130903,20130904,20130912,20130913,20130914,20130915,20130916,20130917
Number is 43
G.5.1_index_2_VS_G.2.1_index_2 [14] 
Ngay: 20130816,20130817,20130818,20130820,20130821,20130823,20130825,20130827,20130828,20130829,20130830,20130903,20130904,20130910,20130911,20130912,20130913,20130914,20130915,20130916,20130917
G.7.4_index_1_VS_G.3.1_index_1 [15] 
Ngay: 20130815,20130817,20130820,20130822,20130823,20130825,20130828,20130830,20130831,20130901,20130902,20130903,20130906,20130907,20130908,20130912,20130913,20130914,20130915,20130916,20130917
Number is 44
G.5.1_index_3_VS_G.4.1_index_2 [16] 
Ngay: 20130815,20130816,20130817,20130819,20130822,20130823,20130831,20130903,20130904,20130907,20130910,20130911,20130912,20130913,20130914,20130915,20130916,20130917
G.3.5_index_2_VS_G.7.4_index_1 [17] 
Ngay: 20130817,20130820,20130821,20130823,20130825,20130827,20130829,20130831,20130902,20130904,20130906,20130909,20130912,20130913,20130914,20130915,20130916,20130917
G.5.2_index_4_VS_G.6.3_index_2 [18] 
Ngay: 20130816,20130817,20130818,20130819,20130823,20130824,20130826,20130901,20130902,20130905,20130908,20130909,20130912,20130913,20130914,20130915,20130916,20130917
G.5.2_index_4_VS_G.7.4_index_1 [19] 
Ngay: 20130816,20130819,20130820,20130821,20130822,20130823,20130825,20130827,20130828,20130831,20130901,20130902,20130909,20130912,20130913,20130914,20130915,20130916,20130917
Number is 47
G.7.4_index_1_VS_G.7.3_index_2 [20] 
Ngay: 20130819,20130820,20130823,20130826,20130827,20130828,20130831,20130902,20130906,20130907,20130909,20130911,20130912,20130913,20130914,20130915,20130916,20130917
Number is 49
G.3.5_index_5_VS_G.2.2_index_1 [21] 
Ngay: 20130816,20130818,20130820,20130827,20130829,20130830,20130831,20130905,20130906,20130910,20130911,20130912,20130913,20130914,20130915,20130916,20130917
G.3.5_index_5_VS_G.1.1_index_3 [22] 
Ngay: 20130816,20130818,20130820,20130824,20130826,20130827,20130829,20130830,20130831,20130901,20130902,20130904,20130905,20130908,20130909,20130912,20130913,20130914,20130915,20130916,20130917
Number is 54
G.7.4_index_2_VS_G.2.2_index_5 [23] 
Ngay: 20130817,20130821,20130823,20130824,20130825,20130826,20130827,20130829,20130830,20130902,20130905,20130906,20130907,20130909,20130911,20130912,20130913,20130914,20130915,20130916,20130917
G.5.4_index_3_VS_G.3.2_index_2 [24] 
Ngay: 20130815,20130817,20130820,20130821,20130822,20130824,20130825,20130826,20130828,20130829,20130831,20130903,20130905,20130906,20130907,20130908,20130911,20130912,20130913,20130914,20130915,20130916,20130917
Number is 55
G.6.2_index_3_VS_G.2.2_index_2 [25] 
Ngay: 20130817,20130818,20130822,20130824,20130825,20130828,20130829,20130901,20130903,20130912,20130913,20130914,20130915,20130916,20130917
Number is 56
G.5.2_index_2_VS_G.4.3_index_4 [26] 
Ngay: 20130817,20130827,20130828,20130829,20130902,20130904,20130905,20130906,20130908,20130909,20130911,20130912,20130913,20130914,20130915,20130916,20130917
Number is 65
G.4.3_index_4_VS_G.5.4_index_3 [27] 
Ngay: 20130820,20130821,20130822,20130823,20130825,20130830,20130902,20130903,20130907,20130911,20130912,20130913,20130914,20130915,20130916,20130917
Number is 66
G.3.5_index_3_VS_G.4.3_index_4 [28] 
Ngay: 20130815,20130816,20130817,20130818,20130821,20130822,20130823,20130824,20130827,20130828,20130903,20130904,20130906,20130908,20130909,20130912,20130913,20130914,20130915,20130916,20130917
Number is 67
G.5.5_index_1_VS_G.1.1_index_1 [29] 
Ngay: 20130815,20130820,20130822,20130823,20130824,20130825,20130830,20130901,20130903,20130906,20130907,20130908,20130911,20130912,20130913,20130914,20130915,20130916,20130917
G.4.2_index_3_VS_G.3.3_index_2 [30] 
Ngay: 20130818,20130819,20130820,20130821,20130822,20130824,20130826,20130829,20130830,20130901,20130903,20130905,20130908,20130911,20130912,20130913,20130914,20130915,20130916,20130917
Number is 73
G.6.2_index_2_VS_G.2.1_index_2 [31] 
Ngay: 20130816,20130818,20130820,20130822,20130823,20130824,20130826,20130831,20130907,20130911,20130912,20130913,20130914,20130915,20130916,20130917
Number is 74
G.3.6_index_2_VS_G.7.1_index_1 [32] 
Ngay: 20130818,20130822,20130824,20130829,20130831,20130907,20130912,20130913,20130914,20130915,20130916,20130917
G.2.2_index_4_VS_G.7.4_index_1 [33] 
Ngay: 20130820,20130825,20130826,20130828,20130829,20130831,20130902,20130904,20130905,20130907,20130908,20130909,20130910,20130912,20130913,20130914,20130915,20130916,20130917
Number is 75
G.3.3_index_2_VS_G.6.2_index_3 [34] 
Ngay: 20130815,20130816,20130819,20130821,20130823,20130826,20130902,20130903,20130904,20130906,20130908,20130909,20130910,20130912,20130913,20130914,20130915,20130916,20130917
Number is 76
G.6.2_index_2_VS_G.5.4_index_4 [35] 
Ngay: 20130817,20130819,20130820,20130821,20130824,20130829,20130905,20130906,20130908,20130909,20130912,20130913,20130914,20130915,20130916,20130917
G.5.6_index_1_VS_G.4.3_index_4 [36] 
Ngay: 20130817,20130819,20130821,20130822,20130826,20130827,20130829,20130901,20130902,20130904,20130905,20130909,20130911,20130912,20130913,20130914,20130915,20130916,20130917
Number is 94
G.DB_index_1_VS_G.3.5_index_1 [37] 
Ngay: 20130817,20130820,20130821,20130824,20130825,20130831,20130901,20130903,20130905,20130906,20130907,20130909,20130910,20130912,20130913,20130914,20130915,20130916,20130917
G.2.2_index_1_VS_G.7.4_index_1 [38] 
Ngay: 20130816,20130817,20130819,20130820,20130822,20130825,20130826,20130828,20130829,20130831,20130902,20130903,20130907,20130908,20130909,20130910,20130912,20130913,20130914,20130915,20130916,20130917
Number is 96
G.1.1_index_3_VS_G.6.3_index_1 [39] 
Ngay: 20130816,20130822,20130825,20130826,20130827,20130828,20130830,20130901,20130909,20130912,20130913,20130914,20130915,20130916,20130917
Number is 97
G.5.3_index_3_VS_G.6.2_index_2 [40] 
Ngay: 20130815,20130816,20130824,20130828,20130901,20130912,20130913,20130914,20130915,20130916,20130917
