Last Date = 20130922
Except date ======= 
required date ======= 20130916,20130917,20130918,20130919,20130920,20130921
Number is 00
G.3.5_index_1_VS_G.2.1_index_3 [1] 
Ngay: 20130816,20130823,20130825,20130830,20130904,20130905,20130907,20130909,20130915,20130916,20130917,20130918,20130919,20130920,20130921
Number is 03
G.5.1_index_2_VS_G.3.4_index_4 [2] 
Ngay: 20130817,20130818,20130821,20130827,20130828,20130830,20130831,20130903,20130905,20130906,20130907,20130909,20130911,20130912,20130916,20130917,20130918,20130919,20130920,20130921
Number is 05
G.3.5_index_1_VS_G.1.1_index_3 [3] 
Ngay: 20130816,20130817,20130820,20130822,20130825,20130826,20130827,20130901,20130902,20130905,20130907,20130908,20130910,20130913,20130914,20130915,20130916,20130917,20130918,20130919,20130920,20130921
Number is 06
G.5.5_index_3_VS_G.3.6_index_5 [4] 
Ngay: 20130816,20130817,20130820,20130821,20130823,20130824,20130825,20130827,20130902,20130904,20130907,20130909,20130910,20130914,20130916,20130917,20130918,20130919,20130920,20130921
Number is 07
G.3.5_index_1_VS_G.4.3_index_3 [5] 
Ngay: 20130816,20130817,20130821,20130822,20130823,20130826,20130827,20130901,20130902,20130904,20130906,20130907,20130908,20130909,20130910,20130916,20130917,20130918,20130919,20130920,20130921
Number is 09
G.2.1_index_3_VS_G.5.1_index_3 [6] 
Ngay: 20130815,20130817,20130819,20130821,20130823,20130824,20130829,20130831,20130902,20130904,20130909,20130912,20130913,20130916,20130917,20130918,20130919,20130920,20130921
Number is 10
G.5.1_index_4_VS_G.5.5_index_3 [7] 
Ngay: 20130816,20130820,20130827,20130828,20130830,20130831,20130902,20130904,20130906,20130907,20130909,20130913,20130914,20130915,20130916,20130917,20130918,20130919,20130920,20130921
Number is 21
G.6.2_index_3_VS_G.5.1_index_4 [8] 
Ngay: 20130823,20130825,20130901,20130902,20130903,20130907,20130909,20130910,20130913,20130915,20130916,20130917,20130918,20130919,20130920,20130921
Number is 22
G.3.2_index_3_VS_G.4.4_index_1 [9] 
Ngay: 20130816,20130818,20130819,20130822,20130824,20130826,20130830,20130901,20130902,20130907,20130908,20130909,20130910,20130911,20130912,20130913,20130916,20130917,20130918,20130919,20130920,20130921
Number is 23
G.4.4_index_1_VS_G.5.5_index_4 [10] 
Ngay: 20130815,20130816,20130823,20130824,20130825,20130829,20130901,20130904,20130907,20130908,20130910,20130911,20130914,20130916,20130917,20130918,20130919,20130920,20130921
G.4.4_index_1_VS_G.5.6_index_2 [11] 
Ngay: 20130818,20130819,20130824,20130825,20130826,20130830,20130903,20130906,20130907,20130908,20130909,20130910,20130911,20130914,20130915,20130916,20130917,20130918,20130919,20130920,20130921
Number is 25
G.3.2_index_3_VS_G.3.4_index_1 [12] 
Ngay: 20130817,20130824,20130826,20130829,20130831,20130905,20130907,20130909,20130910,20130911,20130916,20130917,20130918,20130919,20130920,20130921
Number is 26
G.6.2_index_3_VS_G.5.4_index_4 [13] 
Ngay: 20130816,20130818,20130819,20130821,20130827,20130829,20130830,20130908,20130909,20130910,20130911,20130913,20130915,20130916,20130917,20130918,20130919,20130920,20130921
Number is 27
G.6.2_index_3_VS_G.DB_index_4 [14] 
Ngay: 20130819,20130821,20130822,20130824,20130828,20130829,20130830,20130831,20130902,20130903,20130905,20130908,20130910,20130914,20130916,20130917,20130918,20130919,20130920,20130921
Number is 30
G.4.1_index_4_VS_G.3.5_index_1 [15] 
Ngay: 20130817,20130818,20130820,20130821,20130822,20130823,20130826,20130827,20130902,20130903,20130907,20130909,20130910,20130914,20130916,20130917,20130918,20130919,20130920,20130921
Number is 32
G.5.5_index_4_VS_G.6.2_index_3 [16] 
Ngay: 20130818,20130823,20130825,20130826,20130829,20130830,20130902,20130906,20130907,20130908,20130909,20130910,20130914,20130915,20130916,20130917,20130918,20130919,20130920,20130921
Number is 33
G.4.2_index_4_VS_G.6.3_index_2 [17] 
Ngay: 20130816,20130817,20130818,20130820,20130823,20130825,20130910,20130916,20130917,20130918,20130919,20130920,20130921
Number is 35
G.4.2_index_4_VS_G.6.2_index_1 [18] 
Ngay: 20130817,20130819,20130824,20130825,20130827,20130828,20130829,20130830,20130902,20130903,20130904,20130909,20130910,20130915,20130916,20130917,20130918,20130919,20130920,20130921
Number is 39
G.6.3_index_2_VS_G.4.1_index_3 [19] 
Ngay: 20130816,20130818,20130821,20130823,20130824,20130826,20130827,20130830,20130831,20130903,20130904,20130906,20130908,20130911,20130912,20130916,20130917,20130918,20130919,20130920,20130921
G.4.2_index_1_VS_G.5.1_index_1 [20] 
Ngay: 20130815,20130817,20130820,20130822,20130825,20130826,20130829,20130830,20130902,20130905,20130907,20130908,20130910,20130914,20130916,20130917,20130918,20130919,20130920,20130921
Number is 45
G.3.2_index_2_VS_G.5.3_index_3 [21] 
Ngay: 20130818,20130820,20130821,20130823,20130824,20130825,20130830,20130902,20130903,20130904,20130906,20130907,20130908,20130910,20130914,20130915,20130916,20130917,20130918,20130919,20130920,20130921
Number is 47
G.4.4_index_4_VS_G.7.2_index_1 [22] 
Ngay: 20130815,20130816,20130823,20130824,20130827,20130902,20130904,20130906,20130908,20130910,20130914,20130916,20130917,20130918,20130919,20130920,20130921
Number is 48
G.3.2_index_2_VS_G.5.6_index_4 [23] 
Ngay: 20130825,20130826,20130827,20130829,20130902,20130904,20130906,20130908,20130910,20130916,20130917,20130918,20130919,20130920,20130921
Number is 53
G.5.3_index_3_VS_G.5.2_index_1 [24] 
Ngay: 20130817,20130818,20130821,20130822,20130823,20130824,20130825,20130827,20130828,20130829,20130830,20130902,20130906,20130909,20130911,20130913,20130915,20130916,20130917,20130918,20130919,20130920,20130921
Number is 54
G.6.2_index_1_VS_G.7.2_index_2 [25] 
Ngay: 20130816,20130817,20130820,20130825,20130828,20130831,20130901,20130904,20130905,20130907,20130908,20130910,20130911,20130916,20130917,20130918,20130919,20130920,20130921
G.5.3_index_3_VS_G.3.4_index_3 [26] 
Ngay: 20130817,20130818,20130819,20130820,20130821,20130824,20130825,20130828,20130902,20130903,20130905,20130907,20130908,20130910,20130911,20130912,20130915,20130916,20130917,20130918,20130919,20130920,20130921
G.1.1_index_3_VS_G.7.2_index_2 [27] 
Ngay: 20130816,20130817,20130818,20130819,20130820,20130824,20130825,20130901,20130902,20130903,20130906,20130907,20130908,20130909,20130910,20130913,20130915,20130916,20130917,20130918,20130919,20130920,20130921
Number is 55
G.7.3_index_2_VS_G.5.3_index_3 [28] 
Ngay: 20130818,20130820,20130822,20130824,20130829,20130831,20130901,20130902,20130907,20130910,20130913,20130916,20130917,20130918,20130919,20130920,20130921
Number is 60
G.DB_index_1_VS_G.3.5_index_1 [29] 
Ngay: 20130817,20130820,20130821,20130824,20130825,20130831,20130901,20130903,20130905,20130906,20130907,20130909,20130910,20130912,20130913,20130914,20130915,20130916,20130917,20130918,20130919,20130920,20130921
Number is 68
G.3.3_index_1_VS_G.7.4_index_1 [30] 
Ngay: 20130819,20130827,20130830,20130831,20130901,20130903,20130907,20130908,20130912,20130914,20130916,20130917,20130918,20130919,20130920,20130921
Number is 70
G.3.5_index_4_VS_G.5.1_index_2 [31] 
Ngay: 20130817,20130820,20130822,20130826,20130827,20130828,20130829,20130906,20130907,20130911,20130912,20130913,20130914,20130915,20130916,20130917,20130918,20130919,20130920,20130921
Number is 73
G.4.3_index_3_VS_G.4.2_index_4 [32] 
Ngay: 20130815,20130820,20130823,20130824,20130826,20130827,20130829,20130830,20130902,20130904,20130908,20130910,20130913,20130916,20130917,20130918,20130919,20130920,20130921
Number is 74
G.7.2_index_1_VS_G.7.2_index_2 [33] 
Ngay: 20130815,20130817,20130818,20130820,20130823,20130824,20130825,20130830,20130902,20130907,20130908,20130913,20130915,20130916,20130917,20130918,20130919,20130920,20130921
Number is 75
G.3.5_index_4_VS_G.6.2_index_1 [34] 
Ngay: 20130816,20130817,20130818,20130821,20130822,20130827,20130828,20130829,20130903,20130904,20130910,20130911,20130914,20130916,20130917,20130918,20130919,20130920,20130921
G.3.5_index_4_VS_G.1.1_index_3 [35] 
Ngay: 20130816,20130817,20130820,20130822,20130824,20130826,20130827,20130828,20130829,20130901,20130903,20130905,20130906,20130908,20130913,20130915,20130916,20130917,20130918,20130919,20130920,20130921
Number is 76
G.3.5_index_4_VS_G.5.4_index_4 [36] 
Ngay: 20130815,20130816,20130817,20130818,20130820,20130824,20130826,20130827,20130828,20130829,20130901,20130905,20130908,20130911,20130913,20130914,20130915,20130916,20130917,20130918,20130919,20130920,20130921
G.3.5_index_4_VS_G.3.6_index_5 [37] 
Ngay: 20130816,20130817,20130818,20130820,20130822,20130824,20130825,20130827,20130828,20130829,20130901,20130902,20130910,20130913,20130914,20130915,20130916,20130917,20130918,20130919,20130920,20130921
Number is 79
G.7.3_index_1_VS_G.7.1_index_1 [38] 
Ngay: 20130819,20130821,20130823,20130826,20130829,20130902,20130916,20130917,20130918,20130919,20130920,20130921
Number is 80
G.2.2_index_1_VS_G.2.2_index_4 [39] 
Ngay: 20130816,20130818,20130820,20130822,20130827,20130828,20130829,20130902,20130910,20130912,20130914,20130915,20130916,20130917,20130918,20130919,20130920,20130921
Number is 82
G.4.4_index_2_VS_G.3.2_index_3 [40] 
Ngay: 20130817,20130819,20130821,20130822,20130828,20130830,20130831,20130901,20130902,20130904,20130905,20130906,20130908,20130912,20130913,20130916,20130917,20130918,20130919,20130920,20130921
G.2.2_index_1_VS_G.6.3_index_1 [41] 
Ngay: 20130816,20130817,20130818,20130819,20130822,20130825,20130826,20130827,20130830,20130904,20130908,20130913,20130914,20130915,20130916,20130917,20130918,20130919,20130920,20130921
Number is 83
G.4.4_index_2_VS_G.5.6_index_2 [42] 
Ngay: 20130815,20130818,20130819,20130822,20130825,20130826,20130828,20130830,20130831,20130901,20130902,20130903,20130905,20130907,20130913,20130915,20130916,20130917,20130918,20130919,20130920,20130921
G.5.6_index_4_VS_G.5.2_index_1 [43] 
Ngay: 20130817,20130819,20130820,20130822,20130825,20130826,20130827,20130829,20130830,20130831,20130902,20130906,20130909,20130910,20130911,20130912,20130916,20130917,20130918,20130919,20130920,20130921
G.5.6_index_4_VS_G.6.1_index_2 [44] 
Ngay: 20130815,20130817,20130819,20130820,20130824,20130827,20130828,20130830,20130904,20130905,20130908,20130913,20130915,20130916,20130917,20130918,20130919,20130920,20130921
Number is 86
G.3.5_index_2_VS_G.4.3_index_1 [45] 
Ngay: 20130815,20130817,20130819,20130821,20130822,20130823,20130827,20130828,20130901,20130904,20130905,20130908,20130910,20130912,20130913,20130914,20130916,20130917,20130918,20130919,20130920,20130921
Number is 87
G.4.3_index_4_VS_G.5.4_index_2 [46] 
Ngay: 20130817,20130818,20130819,20130821,20130823,20130826,20130829,20130831,20130901,20130902,20130903,20130904,20130905,20130906,20130907,20130908,20130909,20130912,20130913,20130915,20130916,20130917,20130918,20130919,20130920,20130921
Number is 88
G.2.2_index_1_VS_G.7.4_index_1 [47] 
Ngay: 20130816,20130817,20130819,20130820,20130822,20130825,20130826,20130828,20130829,20130831,20130902,20130903,20130907,20130908,20130909,20130910,20130912,20130913,20130914,20130915,20130916,20130917,20130918,20130919,20130920,20130921
Number is 92
G.3.2_index_4_VS_G.4.4_index_1 [48] 
Ngay: 20130816,20130817,20130819,20130820,20130823,20130826,20130827,20130828,20130829,20130903,20130905,20130906,20130907,20130908,20130909,20130910,20130912,20130915,20130916,20130917,20130918,20130919,20130920,20130921
Number is 99
G.2.1_index_5_VS_G.7.1_index_1 [49] 
Ngay: 20130815,20130818,20130819,20130822,20130823,20130828,20130831,20130902,20130904,20130905,20130907,20130914,20130916,20130917,20130918,20130919,20130920,20130921
