Last Date = 20130926
Except date ======= 20130922,20130923,20130924,20130925
required date ======= 20130916,20130917,20130918,20130919,20130920,20130921
Number is 22
G.5.5_index_4_VS_G.6.2_index_3 [16] 
Ngay: 20130830,20130902,20130906,20130907,20130908,20130909,20130910,20130914,20130915,20130916,20130917,20130918,20130919,20130920,20130921
Number is 29
G.5.1_index_2_VS_G.3.4_index_4 [2] 
Ngay: 20130830,20130831,20130903,20130905,20130906,20130907,20130909,20130911,20130912,20130916,20130917,20130918,20130919,20130920,20130921
Number is 33
G.3.5_index_1_VS_G.1.1_index_3 [3] 
Ngay: 20130901,20130902,20130905,20130907,20130908,20130910,20130913,20130914,20130915,20130916,20130917,20130918,20130919,20130920,20130921
Number is 48
G.3.2_index_3_VS_G.4.4_index_1 [9] 
Ngay: 20130830,20130901,20130902,20130907,20130908,20130909,20130910,20130911,20130912,20130913,20130916,20130917,20130918,20130919,20130920,20130921
Number is 68
G.4.2_index_1_VS_G.5.1_index_1 [20] 
Ngay: 20130830,20130902,20130905,20130907,20130908,20130910,20130914,20130916,20130917,20130918,20130919,20130920,20130921
Number is 75
G.3.2_index_2_VS_G.5.3_index_3 [21] 
Ngay: 20130830,20130902,20130903,20130904,20130906,20130907,20130908,20130910,20130914,20130915,20130916,20130917,20130918,20130919,20130920,20130921
Number is 93
G.3.5_index_2_VS_G.4.3_index_1 [45] 
Ngay: 20130901,20130904,20130905,20130908,20130910,20130912,20130913,20130914,20130916,20130917,20130918,20130919,20130920,20130921
