Last Date = 20130926
Except date ======= 
required date ======= 20130920,20130921,20130922,20130923,20130924,20130925
Number is 01
G.3.2_index_5_VS_G.2.2_index_1 [1] 
Ngay: 20130830,20130831,20130907,20130908,20130910,20130912,20130914,20130917,20130918,20130920,20130921,20130922,20130923,20130924,20130925
Number is 04
G.5.5_index_1_VS_G.DB_index_4 [2] 
Ngay: 20130830,20130831,20130902,20130903,20130908,20130910,20130912,20130918,20130920,20130921,20130922,20130923,20130924,20130925
Number is 05
G.5.5_index_1_VS_G.3.4_index_5 [3] 
Ngay: 20130907,20130909,20130910,20130911,20130912,20130913,20130914,20130915,20130920,20130921,20130922,20130923,20130924,20130925
Number is 18
G.2.1_index_4_VS_G.5.1_index_1 [4] 
Ngay: 20130830,20130901,20130902,20130907,20130908,20130913,20130915,20130916,20130917,20130918,20130920,20130921,20130922,20130923,20130924,20130925
Number is 25
G.3.6_index_4_VS_G.5.3_index_4 [5] 
Ngay: 20130831,20130901,20130903,20130905,20130907,20130909,20130912,20130914,20130915,20130917,20130920,20130921,20130922,20130923,20130924,20130925
Number is 37
G.3.6_index_1_VS_G.2.2_index_2 [6] 
Ngay: 20130903,20130907,20130908,20130909,20130910,20130913,20130914,20130916,20130918,20130920,20130921,20130922,20130923,20130924,20130925
G.2.1_index_3_VS_G.2.2_index_2 [7] 
Ngay: 20130903,20130905,20130907,20130909,20130913,20130915,20130916,20130917,20130919,20130920,20130921,20130922,20130923,20130924,20130925
Number is 43
G.DB_index_4_VS_G.4.3_index_1 [8] 
Ngay: 20130830,20130907,20130908,20130910,20130913,20130916,20130917,20130918,20130920,20130921,20130922,20130923,20130924,20130925
Number is 44
G.7.1_index_1_VS_G.DB_index_4 [9] 
Ngay: 20130901,20130902,20130905,20130907,20130910,20130911,20130913,20130915,20130917,20130918,20130919,20130920,20130921,20130922,20130923,20130924,20130925
Number is 45
G.6.2_index_1_VS_G.6.1_index_3 [10] 
Ngay: 20130830,20130831,20130901,20130902,20130906,20130907,20130908,20130909,20130910,20130912,20130913,20130915,20130916,20130920,20130921,20130922,20130923,20130924,20130925
Number is 46
G.DB_index_4_VS_G.3.4_index_2 [11] 
Ngay: 20130831,20130901,20130904,20130905,20130910,20130914,20130918,20130919,20130920,20130921,20130922,20130923,20130924,20130925
Number is 49
G.5.2_index_2_VS_G.5.5_index_2 [12] 
Ngay: 20130906,20130909,20130910,20130911,20130912,20130913,20130915,20130917,20130918,20130919,20130920,20130921,20130922,20130923,20130924,20130925
Number is 50
G.6.1_index_3_VS_G.4.3_index_3 [13] 
Ngay: 20130830,20130831,20130902,20130905,20130907,20130908,20130910,20130913,20130914,20130916,20130920,20130921,20130922,20130923,20130924,20130925
Number is 58
G.1.1_index_4_VS_G.5.1_index_1 [14] 
Ngay: 20130830,20130903,20130910,20130911,20130914,20130917,20130920,20130921,20130922,20130923,20130924,20130925
Number is 59
G.5.4_index_2_VS_G.4.1_index_2 [15] 
Ngay: 20130901,20130902,20130903,20130905,20130909,20130911,20130912,20130913,20130918,20130919,20130920,20130921,20130922,20130923,20130924,20130925
G.3.4_index_5_VS_G.5.4_index_4 [16] 
Ngay: 20130905,20130906,20130907,20130908,20130910,20130911,20130912,20130913,20130914,20130919,20130920,20130921,20130922,20130923,20130924,20130925
Number is 64
G.3.3_index_1_VS_G.5.2_index_2 [17] 
Ngay: 20130831,20130902,20130903,20130907,20130908,20130909,20130911,20130914,20130917,20130918,20130920,20130921,20130922,20130923,20130924,20130925
Number is 65
G.3.4_index_2_VS_G.6.1_index_3 [18] 
Ngay: 20130830,20130831,20130901,20130904,20130905,20130906,20130909,20130912,20130914,20130916,20130918,20130920,20130921,20130922,20130923,20130924,20130925
G.3.3_index_1_VS_G.3.4_index_5 [19] 
Ngay: 20130831,20130905,20130909,20130910,20130912,20130913,20130920,20130921,20130922,20130923,20130924,20130925
Number is 66
G.3.4_index_2_VS_G.3.4_index_1 [20] 
Ngay: 20130830,20130904,20130915,20130918,20130920,20130921,20130922,20130923,20130924,20130925
Number is 68
G.3.3_index_1_VS_G.3.1_index_1 [21] 
Ngay: 20130831,20130902,20130905,20130908,20130911,20130912,20130917,20130920,20130921,20130922,20130923,20130924,20130925
Number is 69
G.3.4_index_2_VS_G.3.2_index_1 [22] 
Ngay: 20130907,20130911,20130915,20130918,20130920,20130921,20130922,20130923,20130924,20130925
Number is 72
G.2.2_index_2_VS_G.7.3_index_1 [23] 
Ngay: 20130901,20130904,20130905,20130907,20130909,20130911,20130912,20130919,20130920,20130921,20130922,20130923,20130924,20130925
Number is 84
G.5.2_index_3_VS_G.DB_index_4 [24] 
Ngay: 20130902,20130904,20130907,20130909,20130910,20130911,20130913,20130916,20130920,20130921,20130922,20130923,20130924,20130925
Number is 85
G.4.4_index_1_VS_G.5.4_index_2 [25] 
Ngay: 20130901,20130903,20130906,20130907,20130911,20130912,20130913,20130915,20130916,20130918,20130919,20130920,20130921,20130922,20130923,20130924,20130925
Number is 89
G.5.2_index_3_VS_G.3.2_index_1 [26] 
Ngay: 20130902,20130905,20130907,20130909,20130912,20130913,20130914,20130917,20130919,20130920,20130921,20130922,20130923,20130924,20130925
G.3.5_index_3_VS_G.7.4_index_1 [27] 
Ngay: 20130831,20130902,20130903,20130909,20130911,20130912,20130915,20130916,20130919,20130920,20130921,20130922,20130923,20130924,20130925
Number is 90
G.5.5_index_2_VS_G.3.2_index_5 [28] 
Ngay: 20130901,20130907,20130908,20130913,20130914,20130915,20130916,20130917,20130920,20130921,20130922,20130923,20130924,20130925
Number is 92
G.4.3_index_4_VS_G.5.5_index_4 [29] 
Ngay: 20130830,20130831,20130902,20130903,20130905,20130908,20130909,20130914,20130917,20130919,20130920,20130921,20130922,20130923,20130924,20130925
Number is 95
G.4.3_index_4_VS_G.5.6_index_2 [30] 
Ngay: 20130831,20130902,20130903,20130904,20130906,20130907,20130908,20130911,20130914,20130915,20130917,20130920,20130921,20130922,20130923,20130924,20130925
Number is 97
G.4.1_index_2_VS_G.3.1_index_3 [31] 
Ngay: 20130901,20130905,20130920,20130921,20130922,20130923,20130924,20130925
Number is 98
G.7.4_index_1_VS_G.3.5_index_4 [32] 
Ngay: 20130831,20130902,20130906,20130907,20130908,20130909,20130912,20130913,20130914,20130915,20130918,20130919,20130920,20130921,20130922,20130923,20130924,20130925
