Last Date = 20131002
Except date ======= 20130927,20130928,20130929,20130930
required date ======= 20130921,20130922,20130923,20130924,20130925,20130926
Number is 18
G.5.2_index_2_VS_G.3.2_index_1 [13] 
Ngay: 20130902,20130903,20130904,20130905,20130910,20130911,20130912,20130913,20130916,20130918,20130921,20130922,20130923,20130924,20130925,20130926
Number is 31
G.2.1_index_5_VS_G.5.2_index_2 [32] 
Ngay: 20130831,20130904,20130905,20130909,20130910,20130913,20130914,20130916,20130917,20130921,20130922,20130923,20130924,20130925,20130926,20131001
Number is 38
G.5.2_index_3_VS_G.3.2_index_1 [19] 
Ngay: 20130902,20130905,20130907,20130909,20130912,20130913,20130914,20130917,20130919,20130920,20130921,20130922,20130923,20130924,20130925,20130926
Number is 68
G.5.6_index_1_VS_G.3.2_index_1 [12] 
Ngay: 20130903,20130904,20130905,20130906,20130907,20130908,20130909,20130910,20130912,20130913,20130916,20130921,20130922,20130923,20130924,20130925,20130926
