Last Date = 20130929
Except date ======= 
required date ======= 20130923,20130924,20130925,20130926,20130927,20130928
Number is 08
G.4.1_index_2_VS_G.3.1_index_3 [1] 
Ngay: 20130901,20130905,20130920,20130921,20130922,20130923,20130924,20130925,20130926,20130927,20130928
Number is 11
G.4.3_index_4_VS_G.5.4_index_3 [2] 
Ngay: 20130830,20130902,20130903,20130907,20130911,20130912,20130913,20130914,20130915,20130916,20130917,20130918,20130921,20130922,20130923,20130924,20130925,20130926,20130927,20130928
Number is 13
G.2.1_index_5_VS_G.6.3_index_2 [3] 
Ngay: 20130831,20130904,20130906,20130914,20130916,20130918,20130921,20130923,20130924,20130925,20130926,20130927,20130928
Number is 17
G.4.3_index_4_VS_G.2.1_index_1 [4] 
Ngay: 20130830,20130901,20130902,20130904,20130913,20130914,20130918,20130920,20130923,20130924,20130925,20130926,20130927,20130928
Number is 21
G.2.2_index_5_VS_G.3.2_index_1 [5] 
Ngay: 20130902,20130903,20130905,20130906,20130907,20130908,20130909,20130911,20130913,20130914,20130916,20130920,20130921,20130923,20130924,20130925,20130926,20130927,20130928
Number is 22
G.2.2_index_4_VS_G.2.2_index_5 [6] 
Ngay: 20130831,20130902,20130907,20130910,20130911,20130914,20130915,20130916,20130919,20130922,20130923,20130924,20130925,20130926,20130927,20130928
Number is 23
G.2.2_index_5_VS_G.3.2_index_5 [7] 
Ngay: 20130830,20130902,20130905,20130908,20130911,20130912,20130914,20130918,20130920,20130923,20130924,20130925,20130926,20130927,20130928
Number is 24
G.2.2_index_5_VS_G.1.1_index_2 [8] 
Ngay: 20130830,20130903,20130904,20130914,20130916,20130920,20130923,20130924,20130925,20130926,20130927,20130928
Number is 25
G.2.2_index_4_VS_G.5.4_index_2 [9] 
Ngay: 20130831,20130901,20130904,20130907,20130909,20130910,20130913,20130914,20130915,20130916,20130918,20130920,20130922,20130923,20130924,20130925,20130926,20130927,20130928
Number is 26
G.2.1_index_4_VS_G.3.3_index_1 [10] 
Ngay: 20130830,20130831,20130901,20130902,20130903,20130904,20130907,20130908,20130912,20130918,20130921,20130922,20130923,20130924,20130925,20130926,20130927,20130928
Number is 32
G.3.2_index_5_VS_G.5.3_index_4 [11] 
Ngay: 20130830,20130902,20130908,20130910,20130912,20130914,20130915,20130917,20130922,20130923,20130924,20130925,20130926,20130927,20130928
Number is 41
G.1.1_index_2_VS_G.4.3_index_4 [12] 
Ngay: 20130902,20130903,20130904,20130905,20130906,20130907,20130912,20130914,20130917,20130920,20130921,20130923,20130924,20130925,20130926,20130927,20130928
Number is 42
G.1.1_index_2_VS_G.5.1_index_1 [13] 
Ngay: 20130902,20130903,20130906,20130908,20130910,20130911,20130913,20130915,20130916,20130917,20130921,20130923,20130924,20130925,20130926,20130927,20130928
G.DB_index_4_VS_G.3.4_index_2 [14] 
Ngay: 20130831,20130901,20130904,20130905,20130910,20130914,20130918,20130919,20130920,20130921,20130922,20130923,20130924,20130925,20130926,20130927,20130928
Number is 46
G.1.1_index_2_VS_G.4.3_index_1 [15] 
Ngay: 20130905,20130906,20130907,20130908,20130910,20130911,20130912,20130917,20130918,20130919,20130922,20130923,20130924,20130925,20130926,20130927,20130928
Number is 53
G.5.4_index_2_VS_G.7.3_index_1 [16] 
Ngay: 20130901,20130902,20130903,20130905,20130908,20130909,20130910,20130911,20130912,20130916,20130920,20130921,20130923,20130924,20130925,20130926,20130927,20130928
Number is 54
G.5.4_index_2_VS_G.DB_index_4 [17] 
Ngay: 20130901,20130902,20130904,20130908,20130909,20130910,20130913,20130918,20130921,20130923,20130924,20130925,20130926,20130927,20130928
Number is 60
G.3.3_index_1_VS_G.7.4_index_1 [18] 
Ngay: 20130830,20130831,20130901,20130903,20130907,20130908,20130912,20130914,20130916,20130917,20130918,20130919,20130920,20130921,20130923,20130924,20130925,20130926,20130927,20130928
Number is 64
G.4.4_index_2_VS_G.1.1_index_2 [19] 
Ngay: 20130830,20130903,20130905,20130907,20130908,20130917,20130920,20130921,20130923,20130924,20130925,20130926,20130927,20130928
Number is 76
G.5.3_index_1_VS_G.2.1_index_3 [20] 
Ngay: 20130830,20130906,20130907,20130908,20130911,20130912,20130914,20130915,20130917,20130918,20130920,20130922,20130923,20130924,20130925,20130926,20130927,20130928
Number is 77
G.5.6_index_3_VS_G.5.3_index_2 [21] 
Ngay: 20130831,20130902,20130904,20130906,20130908,20130911,20130913,20130914,20130915,20130919,20130920,20130923,20130924,20130925,20130926,20130927,20130928
Number is 84
G.3.1_index_3_VS_G.3.6_index_2 [22] 
Ngay: 20130831,20130903,20130906,20130907,20130909,20130917,20130920,20130922,20130923,20130924,20130925,20130926,20130927,20130928
Number is 85
G.3.2_index_4_VS_G.5.6_index_4 [23] 
Ngay: 20130910,20130912,20130918,20130921,20130923,20130924,20130925,20130926,20130927,20130928
Number is 92
G.3.5_index_4_VS_G.3.3_index_2 [24] 
Ngay: 20130903,20130905,20130906,20130907,20130908,20130909,20130912,20130913,20130915,20130921,20130923,20130924,20130925,20130926,20130927,20130928
Number is 93
G.3.1_index_4_VS_G.5.3_index_3 [25] 
Ngay: 20130901,20130904,20130908,20130910,20130911,20130912,20130914,20130915,20130917,20130918,20130919,20130920,20130921,20130923,20130924,20130925,20130926,20130927,20130928
G.3.1_index_4_VS_G.1.1_index_3 [26] 
Ngay: 20130901,20130903,20130904,20130905,20130907,20130909,20130910,20130912,20130915,20130916,20130918,20130919,20130923,20130924,20130925,20130926,20130927,20130928
Number is 98
G.3.6_index_1_VS_G.2.2_index_2 [27] 
Ngay: 20130903,20130907,20130908,20130909,20130910,20130913,20130914,20130916,20130918,20130920,20130921,20130922,20130923,20130924,20130925,20130926,20130927,20130928
G.3.4_index_3_VS_G.2.2_index_2 [28] 
Ngay: 20130904,20130906,20130908,20130912,20130914,20130916,20130922,20130923,20130924,20130925,20130926,20130927,20130928
