Last Date = 20130930
Except date ======= 
required date ======= 20130924,20130925,20130926,20130927,20130928,20130929
Number is 00
G.5.5_index_3_VS_G.2.2_index_2 [1] 
Ngay: 20130905,20130906,20130909,20130910,20130911,20130912,20130915,20130916,20130920,20130922,20130924,20130925,20130926,20130927,20130928,20130929
Number is 01
G.3.5_index_3_VS_G.2.1_index_3 [2] 
Ngay: 20130830,20130904,20130905,20130908,20130909,20130913,20130915,20130918,20130920,20130921,20130924,20130925,20130926,20130927,20130928,20130929
Number is 04
G.3.5_index_3_VS_G.1.1_index_3 [3] 
Ngay: 20130901,20130903,20130909,20130912,20130915,20130918,20130920,20130921,20130924,20130925,20130926,20130927,20130928,20130929
Number is 05
G.2.2_index_2_VS_G.3.2_index_5 [4] 
Ngay: 20130831,20130903,20130904,20130905,20130908,20130911,20130912,20130914,20130916,20130917,20130918,20130924,20130925,20130926,20130927,20130928,20130929
Number is 09
G.5.4_index_3_VS_G.2.2_index_5 [5] 
Ngay: 20130903,20130910,20130912,20130913,20130914,20130915,20130916,20130918,20130921,20130924,20130925,20130926,20130927,20130928,20130929
Number is 19
G.3.6_index_1_VS_G.2.2_index_5 [6] 
Ngay: 20130831,20130902,20130904,20130905,20130907,20130908,20130914,20130915,20130916,20130922,20130924,20130925,20130926,20130927,20130928,20130929
Number is 20
G.1.1_index_2_VS_G.4.3_index_2 [7] 
Ngay: 20130830,20130909,20130910,20130914,20130918,20130924,20130925,20130926,20130927,20130928,20130929
G.4.3_index_4_VS_G.5.4_index_3 [8] 
Ngay: 20130830,20130902,20130903,20130907,20130911,20130912,20130913,20130914,20130915,20130916,20130917,20130918,20130921,20130922,20130923,20130924,20130925,20130926,20130927,20130928,20130929
Number is 22
G.3.5_index_5_VS_G.1.1_index_2 [9] 
Ngay: 20130831,20130903,20130904,20130905,20130906,20130908,20130909,20130911,20130913,20130917,20130924,20130925,20130926,20130927,20130928,20130929
Number is 23
G.2.2_index_4_VS_G.5.4_index_2 [10] 
Ngay: 20130831,20130901,20130904,20130907,20130909,20130910,20130913,20130914,20130915,20130916,20130918,20130920,20130922,20130923,20130924,20130925,20130926,20130927,20130928,20130929
Number is 27
G.1.1_index_2_VS_G.4.3_index_1 [11] 
Ngay: 20130905,20130906,20130907,20130908,20130910,20130911,20130912,20130917,20130918,20130919,20130922,20130923,20130924,20130925,20130926,20130927,20130928,20130929
Number is 28
G.3.4_index_1_VS_G.7.1_index_1 [12] 
Ngay: 20130830,20130831,20130904,20130905,20130910,20130912,20130914,20130918,20130924,20130925,20130926,20130927,20130928,20130929
G.3.4_index_1_VS_G.DB_index_5 [13] 
Ngay: 20130830,20130902,20130904,20130905,20130909,20130914,20130916,20130920,20130924,20130925,20130926,20130927,20130928,20130929
Number is 29
G.2.2_index_4_VS_G.3.6_index_3 [14] 
Ngay: 20130904,20130907,20130909,20130912,20130916,20130919,20130921,20130922,20130924,20130925,20130926,20130927,20130928,20130929
Number is 32
G.4.4_index_2_VS_G.1.1_index_2 [15] 
Ngay: 20130830,20130903,20130905,20130907,20130908,20130917,20130920,20130921,20130923,20130924,20130925,20130926,20130927,20130928,20130929
Number is 33
G.6.2_index_2_VS_G.4.4_index_2 [16] 
Ngay: 20130905,20130906,20130908,20130909,20130911,20130912,20130916,20130919,20130921,20130924,20130925,20130926,20130927,20130928,20130929
Number is 34
G.5.4_index_2_VS_G.3.3_index_2 [17] 
Ngay: 20130901,20130903,20130905,20130910,20130915,20130918,20130921,20130924,20130925,20130926,20130927,20130928,20130929
Number is 36
G.4.4_index_2_VS_G.DB_index_3 [18] 
Ngay: 20130831,20130902,20130903,20130905,20130906,20130907,20130908,20130910,20130911,20130913,20130916,20130918,20130924,20130925,20130926,20130927,20130928,20130929
Number is 39
G.5.4_index_2_VS_G.7.3_index_1 [19] 
Ngay: 20130901,20130902,20130903,20130905,20130908,20130909,20130910,20130911,20130912,20130916,20130920,20130921,20130923,20130924,20130925,20130926,20130927,20130928,20130929
Number is 41
G.5.5_index_4_VS_G.5.6_index_2 [20] 
Ngay: 20130830,20130901,20130902,20130904,20130905,20130907,20130908,20130909,20130910,20130911,20130913,20130915,20130916,20130917,20130919,20130924,20130925,20130926,20130927,20130928,20130929
Number is 43
G.5.5_index_4_VS_G.5.4_index_2 [21] 
Ngay: 20130901,20130904,20130905,20130907,20130908,20130910,20130912,20130915,20130918,20130924,20130925,20130926,20130927,20130928,20130929
Number is 45
G.1.1_index_3_VS_G.1.1_index_5 [22] 
Ngay: 20130831,20130901,20130902,20130903,20130905,20130908,20130909,20130910,20130912,20130913,20130914,20130917,20130918,20130924,20130925,20130926,20130927,20130928,20130929
Number is 51
G.5.1_index_4_VS_G.3.2_index_2 [23] 
Ngay: 20130830,20130902,20130903,20130904,20130907,20130909,20130911,20130913,20130914,20130917,20130918,20130919,20130920,20130924,20130925,20130926,20130927,20130928,20130929
Number is 52
G.6.1_index_1_VS_G.2.2_index_4 [24] 
Ngay: 20130831,20130901,20130905,20130906,20130908,20130910,20130911,20130912,20130914,20130917,20130919,20130920,20130924,20130925,20130926,20130927,20130928,20130929
Number is 54
G.3.5_index_4_VS_G.3.3_index_2 [25] 
Ngay: 20130903,20130905,20130906,20130907,20130908,20130909,20130912,20130913,20130915,20130921,20130923,20130924,20130925,20130926,20130927,20130928,20130929
G.6.1_index_1_VS_G.DB_index_4 [26] 
Ngay: 20130830,20130901,20130908,20130910,20130911,20130916,20130919,20130921,20130924,20130925,20130926,20130927,20130928,20130929
Number is 55
G.3.5_index_4_VS_G.4.1_index_2 [27] 
Ngay: 20130901,20130905,20130906,20130907,20130910,20130911,20130914,20130915,20130917,20130918,20130919,20130920,20130921,20130922,20130924,20130925,20130926,20130927,20130928,20130929
Number is 59
G.4.1_index_2_VS_G.3.1_index_3 [28] 
Ngay: 20130901,20130905,20130920,20130921,20130922,20130923,20130924,20130925,20130926,20130927,20130928,20130929
G.3.5_index_4_VS_G.5.2_index_1 [29] 
Ngay: 20130830,20130902,20130904,20130905,20130906,20130912,20130915,20130916,20130918,20130921,20130924,20130925,20130926,20130927,20130928,20130929
Number is 61
G.5.5_index_1_VS_G.3.6_index_1 [30] 
Ngay: 20130830,20130902,20130903,20130911,20130915,20130920,20130924,20130925,20130926,20130927,20130928,20130929
Number is 64
G.3.1_index_5_VS_G.3.3_index_2 [31] 
Ngay: 20130830,20130901,20130902,20130908,20130911,20130912,20130914,20130916,20130921,20130924,20130925,20130926,20130927,20130928,20130929
Number is 70
G.DB_index_2_VS_G.5.5_index_3 [32] 
Ngay: 20130830,20130901,20130903,20130904,20130907,20130909,20130911,20130914,20130915,20130916,20130918,20130920,20130924,20130925,20130926,20130927,20130928,20130929
Number is 89
G.2.1_index_4_VS_G.3.3_index_1 [33] 
Ngay: 20130830,20130831,20130901,20130902,20130903,20130904,20130907,20130908,20130912,20130918,20130921,20130922,20130923,20130924,20130925,20130926,20130927,20130928,20130929
Number is 91
G.3.3_index_1_VS_G.7.4_index_1 [34] 
Ngay: 20130830,20130831,20130901,20130903,20130907,20130908,20130912,20130914,20130916,20130917,20130918,20130919,20130920,20130921,20130923,20130924,20130925,20130926,20130927,20130928,20130929
Number is 93
G.2.2_index_5_VS_G.3.2_index_1 [35] 
Ngay: 20130902,20130903,20130905,20130906,20130907,20130908,20130909,20130911,20130913,20130914,20130916,20130920,20130921,20130923,20130924,20130925,20130926,20130927,20130928,20130929
Number is 96
G.3.2_index_4_VS_G.5.6_index_4 [36] 
Ngay: 20130910,20130912,20130918,20130921,20130923,20130924,20130925,20130926,20130927,20130928,20130929
G.2.2_index_5_VS_G.6.2_index_3 [37] 
Ngay: 20130830,20130902,20130903,20130908,20130909,20130910,20130914,20130915,20130916,20130918,20130921,20130922,20130924,20130925,20130926,20130927,20130928,20130929
Number is 97
G.3.1_index_3_VS_G.3.6_index_2 [38] 
Ngay: 20130831,20130903,20130906,20130907,20130909,20130917,20130920,20130922,20130923,20130924,20130925,20130926,20130927,20130928,20130929
