Last Date = 20130907
Except date ======= 
required date ======= 20130831,20130901,20130902,20130903,20130904,20130905,20130906
Number is 03
G.5.6_index_3_VS_G.1.1_index_5 [1] 
Ngay: 20130815,20130816,20130825,20130826,20130829,20130831,20130901,20130902,20130903,20130904,20130905,20130906
Number is 12
G.3.2_index_2_VS_G.3.6_index_5 [2] 
Ngay: 20130817,20130818,20130820,20130823,20130824,20130825,20130828,20130831,20130901,20130902,20130903,20130904,20130905,20130906
Number is 27
G.4.3_index_4_VS_G.5.4_index_2 [3] 
Ngay: 20130817,20130818,20130819,20130821,20130823,20130826,20130829,20130831,20130901,20130902,20130903,20130904,20130905,20130906
Number is 31
G.5.1_index_4_VS_G.2.2_index_3 [4] 
Ngay: 20130816,20130818,20130819,20130823,20130825,20130826,20130827,20130831,20130901,20130902,20130903,20130904,20130905,20130906
Number is 36
G.3.2_index_1_VS_G.3.5_index_1 [5] 
Ngay: 20130816,20130818,20130820,20130821,20130827,20130831,20130901,20130902,20130903,20130904,20130905,20130906
Number is 71
G.2.1_index_2_VS_G.2.2_index_3 [6] 
Ngay: 20130815,20130817,20130818,20130824,20130825,20130830,20130831,20130901,20130902,20130903,20130904,20130905,20130906
G.3.3_index_2_VS_G.7.1_index_2 [7] 
Ngay: 20130817,20130819,20130824,20130825,20130830,20130831,20130901,20130902,20130903,20130904,20130905,20130906
