Last Date = 20130901
Except date ======= 
required date ======= 20130825,20130826,20130827,20130828,20130829,20130830,20130831
Number is 05
G.5.2_index_3_VS_G.3.1_index_5 [1] 
Ngay: 20130815,20130818,20130819,20130821,20130823,20130825,20130826,20130827,20130828,20130829,20130830,20130831
Number is 08
G.5.5_index_1_VS_G.3.3_index_2 [2] 
Ngay: 20130816,20130817,20130819,20130820,20130821,20130825,20130826,20130827,20130828,20130829,20130830,20130831
Number is 12
G.6.1_index_2_VS_G.3.3_index_3 [3] 
Ngay: 20130815,20130819,20130820,20130822,20130825,20130826,20130827,20130828,20130829,20130830,20130831
Number is 20
G.2.1_index_5_VS_G.3.2_index_2 [4] 
Ngay: 20130820,20130823,20130824,20130825,20130826,20130827,20130828,20130829,20130830,20130831
G.3.3_index_3_VS_G.5.4_index_4 [5] 
Ngay: 20130819,20130820,20130825,20130826,20130827,20130828,20130829,20130830,20130831
Number is 28
G.2.1_index_5_VS_G.6.3_index_1 [6] 
Ngay: 20130819,20130821,20130825,20130826,20130827,20130828,20130829,20130830,20130831
Number is 31
G.3.5_index_5_VS_G.5.4_index_1 [7] 
Ngay: 20130816,20130819,20130824,20130825,20130826,20130827,20130828,20130829,20130830,20130831
Number is 38
G.5.6_index_2_VS_G.5.6_index_4 [8] 
Ngay: 20130815,20130818,20130820,20130825,20130826,20130827,20130828,20130829,20130830,20130831
Number is 42
G.4.2_index_4_VS_G.5.3_index_4 [9] 
Ngay: 20130816,20130820,20130821,20130824,20130825,20130826,20130827,20130828,20130829,20130830,20130831
Number is 47
G.3.4_index_1_VS_G.7.1_index_1 [10] 
Ngay: 20130816,20130818,20130819,20130822,20130823,20130825,20130826,20130827,20130828,20130829,20130830,20130831
Number is 50
G.4.4_index_4_VS_G.3.5_index_4 [11] 
Ngay: 20130817,20130820,20130823,20130825,20130826,20130827,20130828,20130829,20130830,20130831
Number is 55
G.3.1_index_5_VS_G.3.4_index_4 [12] 
Ngay: 20130818,20130821,20130822,20130824,20130825,20130826,20130827,20130828,20130829,20130830,20130831
Number is 58
G.3.1_index_5_VS_G.5.6_index_4 [13] 
Ngay: 20130815,20130817,20130818,20130821,20130825,20130826,20130827,20130828,20130829,20130830,20130831
Number is 59
G.7.2_index_2_VS_G.DB_index_3 [14] 
Ngay: 20130815,20130816,20130818,20130821,20130822,20130825,20130826,20130827,20130828,20130829,20130830,20130831
Number is 80
G.3.3_index_1_VS_G.5.2_index_3 [15] 
Ngay: 20130816,20130819,20130822,20130824,20130825,20130826,20130827,20130828,20130829,20130830,20130831
Number is 82
G.3.3_index_1_VS_G.3.3_index_3 [16] 
Ngay: 20130815,20130819,20130820,20130821,20130822,20130824,20130825,20130826,20130827,20130828,20130829,20130830,20130831
Number is 85
G.3.3_index_1_VS_G.4.3_index_3 [17] 
Ngay: 20130818,20130821,20130822,20130824,20130825,20130826,20130827,20130828,20130829,20130830,20130831
Number is 88
G.5.6_index_4_VS_G.3.3_index_1 [18] 
Ngay: 20130819,20130825,20130826,20130827,20130828,20130829,20130830,20130831
Number is 97
G.4.1_index_4_VS_G.7.1_index_1 [19] 
Ngay: 20130816,20130818,20130819,20130820,20130823,20130824,20130825,20130826,20130827,20130828,20130829,20130830,20130831
