Last Date = 20130912
Except date ======= 
required date ======= 20130905,20130906,20130907,20130908,20130909,20130910,20130911
Number is 03
G.3.2_index_3_VS_G.2.1_index_4 [1] 
Ngay: 20130817,20130818,20130820,20130821,20130822,20130825,20130826,20130828,20130829,20130830,20130901,20130904,20130905,20130906,20130907,20130908,20130909,20130910,20130911
Number is 06
G.3.4_index_3_VS_G.6.2_index_1 [2] 
Ngay: 20130815,20130817,20130818,20130819,20130820,20130825,20130826,20130827,20130828,20130829,20130902,20130904,20130905,20130906,20130907,20130908,20130909,20130910,20130911
Number is 23
G.3.2_index_1_VS_G.3.3_index_1 [3] 
Ngay: 20130815,20130817,20130819,20130824,20130825,20130826,20130827,20130828,20130831,20130904,20130905,20130906,20130907,20130908,20130909,20130910,20130911
Number is 47
G.5.1_index_4_VS_G.2.2_index_3 [4] 
Ngay: 20130816,20130818,20130819,20130823,20130825,20130826,20130827,20130831,20130901,20130902,20130903,20130904,20130905,20130906,20130907,20130908,20130909,20130910,20130911
Number is 68
G.5.5_index_4_VS_G.7.4_index_2 [5] 
Ngay: 20130816,20130824,20130827,20130828,20130829,20130901,20130903,20130904,20130905,20130906,20130907,20130908,20130909,20130910,20130911
Number is 90
G.3.1_index_4_VS_G.5.4_index_4 [6] 
Ngay: 20130818,20130821,20130825,20130826,20130827,20130829,20130901,20130904,20130905,20130906,20130907,20130908,20130909,20130910,20130911
Number is 93
G.3.5_index_5_VS_G.4.3_index_1 [7] 
Ngay: 20130817,20130820,20130824,20130826,20130829,20130831,20130903,20130904,20130905,20130906,20130907,20130908,20130909,20130910,20130911
