======== Current: 20121109 ========= 
Number is 05 
G.7.1_index_2_VS_G.3.2_index_4 [1] PLUS 1 
20121020,20121022,20121027,20121029,20121101,20121103,20121104,20121105,20121106,20121107,20121108,20121109,20121110,20121112,20121117,20121118,20121119,20121121,20121124,20121127,20121129 
Number is 15 
G.2.1_index_2_VS_G.4.1_index_1 [2] 
20121021,20121027,20121029,20121030,20121101,20121102,20121103,20121104,20121105,20121106,20121107,20121108,20121111,20121115,20121122,20121125,20121127,20121130 
Number is 26 
G.4.3_index_3_VS_G.3.1_index_1 [3] PLUS 1 
20121023,20121025,20121031,20121102,20121103,20121104,20121105,20121106,20121107,20121108,20121109,20121110,20121119,20121122,20121123,20121124,20121125,20121127,20121128,20121129,20121130 
Number is 27 
G.5.3_index_4_VS_G.7.2_index_2 [4] 
20121021,20121027,20121029,20121102,20121103,20121104,20121105,20121106,20121107,20121108,20121112,20121114,20121119,20121122,20121127,20121130 
Number is 38 
G.1.1_index_3_VS_G.3.5_index_2 [5] 
20121026,20121029,20121031,20121101,20121102,20121103,20121104,20121105,20121106,20121107,20121108,20121110,20121111,20121113,20121116,20121118,20121119,20121120,20121121,20121124,20121126,20121127,20121130,20121201 
Number is 48 
G.DB_index_3_VS_G.DB_index_5 [6] 
20121022,20121026,20121027,20121029,20121103,20121104,20121105,20121106,20121107,20121108,20121110,20121111,20121112,20121115,20121116,20121119,20121125,20121129,20121130,20121201 
G.4.3_index_4_VS_G.5.2_index_4 [7] 
20121020,20121025,20121026,20121027,20121028,20121103,20121104,20121105,20121106,20121107,20121108,20121110,20121115,20121118,20121122,20121125,20121201 
Number is 57 
G.7.4_index_1_VS_G.6.1_index_2 [8] 
20121020,20121023,20121024,20121026,20121029,20121103,20121104,20121105,20121106,20121107,20121108,20121113,20121114,20121116,20121117,20121118,20121119,20121120,20121123,20121125,20121126,20121129,20121130,20121201 
Number is 62 
G.3.5_index_4_VS_G.6.2_index_3 [9] PLUS 1 
20121020,20121021,20121025,20121026,20121101,20121103,20121104,20121105,20121106,20121107,20121108,20121109,20121114,20121119,20121121,20121124,20121125,20121201 
Number is 65 
G.4.4_index_3_VS_G.3.2_index_4 [10] PLUS 1 
20121021,20121022,20121024,20121025,20121027,20121028,20121030,20121031,20121101,20121102,20121103,20121104,20121105,20121106,20121107,20121108,20121109,20121112,20121115,20121118,20121119,20121125,20121130 
Number is 69 
G.3.1_index_1_VS_G.6.1_index_1 [11] 
20121030,20121031,20121101,20121102,20121103,20121104,20121105,20121106,20121107,20121108,20121112,20121113,20121119,20121121,20121128,20121130,20121201 
Number is 72 
G.3.4_index_1_VS_G.1.1_index_2 [12] 
20121021,20121024,20121026,20121031,20121101,20121103,20121104,20121105,20121106,20121107,20121108,20121111,20121112,20121113,20121114,20121115,20121117,20121119,20121120,20121121,20121122,20121130 
G.6.1_index_2_VS_G.1.1_index_2 [13] 
20121025,20121026,20121030,20121031,20121103,20121104,20121105,20121106,20121107,20121108,20121112,20121113,20121114,20121119,20121121,20121122,20121123,20121124,20121126,20121201 
Number is 73 
G.3.4_index_1_VS_G.DB_index_2 [14] PLUS 1 
20121021,20121027,20121103,20121104,20121105,20121106,20121107,20121108,20121109,20121113,20121115,20121121,20121129,20121201 
Number is 79 
G.1.1_index_5_VS_G.3.5_index_3 [15] 
20121020,20121022,20121024,20121027,20121028,20121029,20121031,20121103,20121104,20121105,20121106,20121107,20121108,20121110,20121116,20121118,20121121,20121122,20121127,20121128 
Number is 85 
G.4.4_index_4_VS_G.2.1_index_3 [16] 
20121020,20121022,20121024,20121027,20121028,20121029,20121030,20121101,20121102,20121103,20121104,20121105,20121106,20121107,20121108,20121115,20121118,20121121,20121129 
G.3.5_index_2_VS_G.2.2_index_5 [17] 
20121021,20121024,20121026,20121027,20121030,20121031,20121103,20121104,20121105,20121106,20121107,20121108,20121110,20121111,20121112,20121113,20121118,20121119,20121122,20121123,20121127,20121128,20121129,20121201 
Number is 86 
G.3.5_index_5_VS_G.3.1_index_1 [18] 
20121020,20121021,20121022,20121024,20121025,20121026,20121029,20121031,20121103,20121104,20121105,20121106,20121107,20121108,20121112,20121118,20121121,20121126,20121128,20121130,20121201 
G.4.4_index_4_VS_G.5.4_index_2 [19] 
20121021,20121022,20121023,20121024,20121030,20121031,20121102,20121103,20121104,20121105,20121106,20121107,20121108,20121112,20121113,20121114,20121122,20121123,20121127,20121129,20121130 
G.5.2_index_4_VS_G.3.2_index_5 [20] 
20121023,20121024,20121025,20121027,20121028,20121103,20121104,20121105,20121106,20121107,20121108,20121110,20121113,20121116,20121119,20121120,20121121,20121122,20121123,20121125,20121126,20121127,20121201 
Number is 88 
G.4.1_index_2_VS_G.3.1_index_3 [21] PLUS 1 
20121021,20121023,20121027,20121030,20121102,20121103,20121104,20121105,20121106,20121107,20121108,20121109,20121113,20121115,20121117,20121119,20121122,20121123,20121126,20121201 
Number is 90 
G.1.1_index_4_VS_G.5.3_index_3 [22] PLUS 1 
20121020,20121021,20121030,20121103,20121104,20121105,20121106,20121107,20121108,20121109,20121111,20121114,20121115,20121116,20121121,20121129,20121201 
G.3.1_index_5_VS_G.5.1_index_3 [23] PLUS 1 
20121022,20121024,20121025,20121026,20121028,20121029,20121030,20121101,20121103,20121104,20121105,20121106,20121107,20121108,20121109,20121111,20121113,20121115,20121116,20121117,20121119,20121121,20121122,20121126,20121127,20121128,20121130,20121201 
Number is 99 
G.5.1_index_4_VS_G.3.4_index_3 [24] 
20121020,20121026,20121028,20121030,20121103,20121104,20121105,20121106,20121107,20121108,20121110,20121113,20121116,20121123,20121125 
