======== Current: 20121110 ========= 
Number is 03 
G.3.1_index_5_VS_G.5.1_index_3 [1] 
20121022,20121024,20121025,20121026,20121028,20121029,20121030,20121101,20121103,20121104,20121105,20121106,20121107,20121108,20121109,20121111,20121113,20121115,20121116,20121117,20121119,20121121,20121122,20121126,20121127,20121128,20121130,20121201 
Number is 06 
G.6.1_index_3_VS_G.2.1_index_2 [2] 
20121022,20121028,20121031,20121104,20121105,20121106,20121107,20121108,20121109,20121111,20121116,20121119,20121120,20121123,20121130,20121201 
Number is 07 
G.7.4_index_1_VS_G.5.3_index_2 [3] PLUS 1 
20121021,20121030,20121101,20121104,20121105,20121106,20121107,20121108,20121109,20121110,20121111,20121116,20121118,20121119,20121120,20121121,20121123,20121125,20121130,20121201 
Number is 08 
G.7.4_index_1_VS_G.3.5_index_4 [4] 
20121021,20121029,20121101,20121104,20121105,20121106,20121107,20121108,20121109,20121111,20121114,20121118,20121119,20121120,20121126,20121127,20121130,20121201 
Number is 12 
G.3.6_index_2_VS_G.5.2_index_3 [5] 
20121021,20121022,20121023,20121024,20121031,20121104,20121105,20121106,20121107,20121108,20121109,20121114,20121115,20121122,20121123,20121126,20121127 
Number is 14 
G.2.1_index_5_VS_G.4.2_index_4 [6] 
20121020,20121021,20121023,20121024,20121104,20121105,20121106,20121107,20121108,20121109,20121112,20121113,20121115,20121116,20121118,20121120,20121122,20121128,20121129,20121201 
Number is 17 
G.3.1_index_1_VS_G.6.2_index_3 [7] PLUS 1 
20121021,20121028,20121029,20121030,20121102,20121104,20121105,20121106,20121107,20121108,20121109,20121110,20121112,20121117,20121119,20121125,20121126,20121127,20121130,20121201 
Number is 23 
G.3.5_index_3_VS_G.5.1_index_3 [8] 
20121021,20121023,20121024,20121025,20121027,20121028,20121030,20121031,20121101,20121104,20121105,20121106,20121107,20121108,20121109,20121112,20121116,20121122,20121126,20121128,20121129,20121201 
Number is 27 
G.7.1_index_2_VS_G.3.2_index_4 [9] PLUS 1 
20121020,20121022,20121027,20121029,20121101,20121103,20121104,20121105,20121106,20121107,20121108,20121109,20121110,20121112,20121117,20121118,20121119,20121121,20121124,20121127,20121129 
Number is 28 
G.5.2_index_3_VS_G.5.4_index_2 [10] 
20121022,20121023,20121024,20121027,20121028,20121029,20121030,20121031,20121101,20121104,20121105,20121106,20121107,20121108,20121109,20121115,20121116,20121120,20121121,20121122,20121127,20121128 
Number is 30 
G.1.1_index_4_VS_G.5.3_index_3 [11] 
20121020,20121021,20121030,20121103,20121104,20121105,20121106,20121107,20121108,20121109,20121111,20121114,20121115,20121116,20121121,20121129,20121201 
G.3.5_index_2_VS_G.5.4_index_4 [12] 
20121020,20121025,20121026,20121102,20121104,20121105,20121106,20121107,20121108,20121109,20121111,20121112,20121116,20121119,20121121,20121123,20121125,20121127,20121128,20121201 
Number is 33 
G.1.1_index_4_VS_G.5.1_index_3 [13] PLUS 1 
20121020,20121022,20121024,20121028,20121029,20121030,20121031,20121104,20121105,20121106,20121107,20121108,20121109,20121110,20121112,20121113,20121116,20121117,20121119,20121121,20121127,20121201 
Number is 39 
G.3.5_index_2_VS_G.4.3_index_3 [14] PLUS 1 
20121021,20121024,20121029,20121102,20121104,20121105,20121106,20121107,20121108,20121109,20121110,20121111,20121112,20121113,20121115,20121117,20121119,20121122,20121124,20121126,20121128,20121130 
Number is 43 
G.3.1_index_3_VS_G.1.1_index_4 [15] PLUS 1 
20121020,20121021,20121023,20121024,20121025,20121030,20121101,20121102,20121104,20121105,20121106,20121107,20121108,20121109,20121110,20121112,20121114,20121116,20121117,20121118,20121121,20121124,20121125,20121129,20121201 
Number is 47 
G.4.2_index_4_VS_G.6.2_index_2 [16] 
20121022,20121024,20121027,20121028,20121029,20121031,20121102,20121104,20121105,20121106,20121107,20121108,20121109,20121113,20121116,20121117,20121118,20121119,20121120,20121122,20121129,20121130,20121201 
G.4.4_index_3_VS_G.3.2_index_4 [17] 
20121021,20121022,20121024,20121025,20121027,20121028,20121030,20121031,20121101,20121102,20121103,20121104,20121105,20121106,20121107,20121108,20121109,20121112,20121115,20121118,20121119,20121125,20121130 
Number is 57 
G.DB_index_2_VS_G.3.2_index_2 [18] 
20121021,20121024,20121026,20121027,20121101,20121104,20121105,20121106,20121107,20121108,20121109,20121111,20121112,20121115,20121116,20121118,20121123,20121126,20121128,20121129,20121201 
Number is 61 
G.1.1_index_1_VS_G.5.1_index_1 [19] 
20121020,20121022,20121023,20121024,20121025,20121026,20121027,20121029,20121031,20121104,20121105,20121106,20121107,20121108,20121109,20121113,20121114,20121116,20121117,20121119,20121120,20121121,20121125,20121126,20121129,20121201 
Number is 62 
G.5.1_index_4_VS_G.7.1_index_2 [20] 
20121020,20121021,20121024,20121028,20121029,20121030,20121101,20121104,20121105,20121106,20121107,20121108,20121109,20121113,20121114,20121117,20121118,20121123,20121124,20121126,20121127,20121128 
Number is 63 
G.5.2_index_4_VS_G.5.1_index_3 [21] PLUS 1 
20121022,20121023,20121027,20121028,20121031,20121104,20121105,20121106,20121107,20121108,20121109,20121110,20121112,20121117,20121121,20121122,20121125,20121127,20121130,20121201 
Number is 67 
G.4.2_index_2_VS_G.4.1_index_2 [22] 
20121020,20121024,20121026,20121028,20121031,20121101,20121102,20121104,20121105,20121106,20121107,20121108,20121109,20121115,20121117,20121120,20121121,20121123,20121126,20121127,20121130 
Number is 73 
G.6.2_index_3_VS_G.3.5_index_2 [23] 
20121021,20121025,20121026,20121027,20121028,20121029,20121104,20121105,20121106,20121107,20121108,20121109,20121111,20121112,20121113,20121115,20121119,20121127,20121130,20121201 
Number is 74 
G.4.1_index_2_VS_G.3.1_index_3 [24] 
20121021,20121023,20121027,20121030,20121102,20121103,20121104,20121105,20121106,20121107,20121108,20121109,20121113,20121115,20121117,20121119,20121122,20121123,20121126,20121201 
G.1.1_index_5_VS_G.4.2_index_4 [25] 
20121024,20121025,20121028,20121031,20121102,20121104,20121105,20121106,20121107,20121108,20121109,20121118,20121120,20121122,20121123,20121125 
Number is 75 
G.3.4_index_1_VS_G.DB_index_2 [26] 
20121021,20121027,20121103,20121104,20121105,20121106,20121107,20121108,20121109,20121113,20121115,20121121,20121129,20121201 
Number is 78 
G.4.4_index_4_VS_G.7.4_index_2 [27] 
20121022,20121024,20121026,20121027,20121028,20121030,20121104,20121105,20121106,20121107,20121108,20121109,20121114,20121120,20121121,20121122,20121125,20121129,20121130,20121201 
Number is 87 
G.3.5_index_4_VS_G.6.2_index_3 [28] 
20121020,20121021,20121025,20121026,20121101,20121103,20121104,20121105,20121106,20121107,20121108,20121109,20121114,20121119,20121121,20121124,20121125,20121201 
Number is 88 
G.3.5_index_5_VS_G.7.4_index_2 [29] 
20121020,20121024,20121025,20121027,20121104,20121105,20121106,20121107,20121108,20121109,20121114,20121119,20121121,20121122,20121123,20121124,20121125,20121128,20121130,20121201 
G.3.5_index_4_VS_G.3.3_index_4 [30] 
20121026,20121030,20121104,20121105,20121106,20121107,20121108,20121109,20121111,20121119,20121124,20121125 
G.3.3_index_1_VS_G.3.3_index_3 [31] 
20121020,20121022,20121023,20121024,20121028,20121029,20121031,20121102,20121104,20121105,20121106,20121107,20121108,20121109,20121113,20121114,20121115,20121116,20121117,20121121,20121122,20121129,20121201 
G.7.1_index_1_VS_G.3.3_index_1 [32] 
20121020,20121022,20121026,20121027,20121028,20121104,20121105,20121106,20121107,20121108,20121109,20121116,20121119,20121121,20121127,20121129 
Number is 91 
G.4.3_index_3_VS_G.3.1_index_1 [33] PLUS 1 
20121023,20121025,20121031,20121102,20121103,20121104,20121105,20121106,20121107,20121108,20121109,20121110,20121119,20121122,20121123,20121124,20121125,20121127,20121128,20121129,20121130 
G.3.1_index_4_VS_G.5.1_index_1 [34] PLUS 1 
20121020,20121021,20121022,20121024,20121026,20121027,20121028,20121030,20121102,20121104,20121105,20121106,20121107,20121108,20121109,20121110,20121112,20121113,20121114,20121115,20121119,20121125,20121126,20121201 
