======== Current: 20121118 ========= 
Number is 00 
G.1.1_index_2_VS_G.4.2_index_4 [1] 
20121021,20121024,20121102,20121106,20121108,20121110,20121111,20121112,20121113,20121114,20121115,20121116,20121117,20121119,20121120,20121121,20121123,20121125,20121128,20121201 
Number is 02 
G.1.1_index_2_VS_G.3.5_index_1 [2] PLUS 1 
20121021,20121022,20121024,20121028,20121029,20121030,20121031,20121102,20121104,20121105,20121106,20121112,20121113,20121114,20121115,20121116,20121117,20121118,20121119,20121120,20121122,20121125,20121128,20121201 
Number is 03 
G.1.1_index_2_VS_G.4.3_index_3 [3] 
20121023,20121029,20121031,20121105,20121107,20121108,20121111,20121112,20121113,20121114,20121115,20121116,20121117,20121119,20121120,20121123,20121126,20121128,20121201 
Number is 04 
G.4.2_index_4_VS_G.5.4_index_2 [4] 
20121020,20121023,20121028,20121101,20121102,20121103,20121107,20121109,20121110,20121112,20121113,20121114,20121115,20121116,20121117,20121120,20121121,20121123,20121125,20121126,20121128,20121129,20121130,20121201 
Number is 08 
G.7.1_index_2_VS_G.2.1_index_1 [5] PLUS 1 
20121021,20121025,20121106,20121108,20121112,20121113,20121114,20121115,20121116,20121117,20121118,20121119,20121123,20121125,20121126,20121130,20121201 
Number is 09 
G.6.1_index_2_VS_G.5.2_index_3 [6] PLUS 1 
20121020,20121022,20121024,20121027,20121028,20121104,20121106,20121108,20121109,20121112,20121113,20121114,20121115,20121116,20121117,20121118,20121119,20121120,20121122,20121123,20121124,20121130 
Number is 12 
G.5.2_index_2_VS_G.5.6_index_3 [7] PLUS 1 
20121021,20121024,20121025,20121026,20121027,20121029,20121031,20121106,20121107,20121110,20121111,20121112,20121113,20121114,20121115,20121116,20121117,20121118,20121119,20121126,20121128,20121129,20121130 
Number is 21 
G.5.1_index_4_VS_G.3.6_index_1 [8] PLUS 1 
20121020,20121021,20121023,20121024,20121030,20121031,20121103,20121104,20121105,20121107,20121108,20121111,20121112,20121113,20121114,20121115,20121116,20121117,20121118,20121120,20121121,20121122,20121124,20121128,20121130,20121201 
Number is 22 
G.3.4_index_2_VS_G.3.5_index_1 [9] 
20121024,20121026,20121028,20121030,20121031,20121104,20121105,20121111,20121112,20121113,20121114,20121115,20121116,20121117,20121120,20121124,20121125,20121127,20121128,20121129,20121201 
Number is 61 
G.5.2_index_4_VS_G.2.1_index_2 [10] 
20121023,20121027,20121029,20121102,20121104,20121105,20121106,20121107,20121109,20121110,20121112,20121113,20121114,20121115,20121116,20121117,20121122,20121123,20121129,20121130,20121201 
Number is 62 
G.3.3_index_1_VS_G.6.1_index_1 [11] 
20121021,20121024,20121028,20121030,20121031,20121103,20121105,20121107,20121111,20121112,20121113,20121114,20121115,20121116,20121117,20121119,20121120,20121121,20121122,20121123,20121125,20121127,20121128,20121201 
G.1.1_index_4_VS_G.5.1_index_4 [12] 
20121020,20121021,20121023,20121024,20121026,20121102,20121104,20121105,20121108,20121110,20121112,20121113,20121114,20121115,20121116,20121117,20121119,20121121,20121128 
Number is 78 
G.6.2_index_2_VS_G.2.1_index_1 [13] 
20121022,20121026,20121029,20121103,20121104,20121105,20121106,20121107,20121109,20121112,20121113,20121114,20121115,20121116,20121117,20121119,20121123,20121126,20121129 
Number is 80 
G.4.1_index_4_VS_G.5.3_index_4 [14] PLUS 1 
20121021,20121022,20121027,20121029,20121104,20121106,20121107,20121108,20121109,20121112,20121113,20121114,20121115,20121116,20121117,20121118,20121119,20121120,20121122,20121126,20121128,20121130,20121201 
G.3.5_index_3_VS_G.7.1_index_2 [15] PLUS 1 
20121020,20121022,20121025,20121028,20121029,20121101,20121104,20121105,20121106,20121108,20121109,20121110,20121112,20121113,20121114,20121115,20121116,20121117,20121118,20121122,20121124,20121130,20121201 
Number is 86 
G.4.1_index_4_VS_G.4.2_index_2 [16] 
20121020,20121028,20121029,20121031,20121102,20121104,20121105,20121108,20121109,20121111,20121112,20121113,20121114,20121115,20121116,20121117,20121120,20121121,20121122,20121125,20121127,20121129,20121130,20121201 
Number is 89 
G.3.5_index_3_VS_G.3.3_index_4 [17] 
20121020,20121021,20121022,20121023,20121024,20121026,20121031,20121101,20121105,20121108,20121111,20121112,20121113,20121114,20121115,20121116,20121117,20121128 
Number is 96 
G.5.2_index_3_VS_G.3.6_index_4 [18] PLUS 1 
20121021,20121022,20121023,20121024,20121025,20121027,20121030,20121101,20121104,20121105,20121107,20121109,20121111,20121112,20121113,20121114,20121115,20121116,20121117,20121118,20121121,20121122,20121125 
Number is 97 
G.5.2_index_3_VS_G.7.3_index_2 [19] 
20121024,20121026,20121029,20121102,20121104,20121106,20121107,20121108,20121110,20121112,20121113,20121114,20121115,20121116,20121117,20121123,20121126,20121127 
Number is 98 
G.5.2_index_3_VS_G.3.5_index_5 [20] 
20121020,20121022,20121024,20121025,20121026,20121028,20121029,20121031,20121104,20121107,20121112,20121113,20121114,20121115,20121116,20121117,20121122,20121124,20121201 
