======== Current: 20121124 ========= 
Number is 00 
G.4.1_index_3_VS_G.4.1_index_2 [1] 
20121030,20121104,20121105,20121111,20121113,20121115,20121118,20121119,20121120,20121121,20121122,20121123,20121125,20121126,20121128,20121130 
G.DB_index_1_VS_G.3.1_index_3 [2] 
20121021,20121023,20121026,20121027,20121029,20121030,20121101,20121102,20121103,20121104,20121106,20121107,20121108,20121109,20121112,20121116,20121118,20121119,20121120,20121121,20121122,20121123,20121125,20121126,20121127,20121130,20121201 
Number is 05 
G.2.2_index_5_VS_G.DB_index_2 [3] 
20121020,20121027,20121031,20121103,20121107,20121109,20121112,20121113,20121114,20121118,20121119,20121120,20121121,20121122,20121123,20121126,20121127,20121130,20121201 
Number is 16 
G.3.4_index_4_VS_G.3.2_index_5 [4] 
20121021,20121026,20121028,20121029,20121103,20121111,20121117,20121118,20121119,20121120,20121121,20121122,20121123,20121125,20121126,20121130 
Number is 20 
G.5.1_index_1_VS_G.3.2_index_2 [5] PLUS 1 
20121022,20121024,20121027,20121029,20121030,20121101,20121102,20121105,20121106,20121107,20121110,20121115,20121117,20121118,20121119,20121120,20121121,20121122,20121123,20121124,20121125,20121126,20121129,20121201 
G.6.3_index_3_VS_G.2.2_index_5 [6] PLUS 1 
20121021,20121023,20121027,20121029,20121031,20121101,20121102,20121104,20121106,20121112,20121118,20121119,20121120,20121121,20121122,20121123,20121124,20121125,20121127,20121129,20121201 
Number is 25 
G.5.6_index_2_VS_G.6.3_index_2 [7] 
20121022,20121027,20121028,20121030,20121101,20121102,20121104,20121105,20121107,20121109,20121110,20121111,20121115,20121118,20121119,20121120,20121121,20121122,20121123,20121127,20121128,20121129,20121130 
Number is 31 
G.5.6_index_3_VS_G.3.4_index_4 [8] PLUS 1 
20121020,20121021,20121023,20121026,20121030,20121031,20121103,20121109,20121112,20121114,20121116,20121118,20121119,20121120,20121121,20121122,20121123,20121124,20121126,20121128,20121201 
Number is 35 
G.5.2_index_3_VS_G.4.1_index_1 [9] PLUS 1 
20121021,20121022,20121023,20121102,20121103,20121104,20121107,20121112,20121116,20121117,20121118,20121119,20121120,20121121,20121122,20121123,20121124,20121127,20121128,20121130 
Number is 36 
G.1.1_index_1_VS_G.7.3_index_2 [10] 
20121020,20121022,20121023,20121026,20121029,20121106,20121107,20121108,20121113,20121117,20121118,20121119,20121120,20121121,20121122,20121123,20121126,20121128 
G.5.6_index_3_VS_G.DB_index_3 [11] 
20121022,20121023,20121025,20121029,20121101,20121102,20121105,20121106,20121109,20121112,20121114,20121115,20121118,20121119,20121120,20121121,20121122,20121123,20121128,20121130 
G.5.6_index_1_VS_G.3.2_index_5 [12] 
20121021,20121022,20121024,20121025,20121028,20121030,20121031,20121102,20121113,20121118,20121119,20121120,20121121,20121122,20121123 
Number is 42 
G.3.6_index_1_VS_G.7.4_index_1 [13] PLUS 1 
20121021,20121023,20121024,20121028,20121029,20121030,20121031,20121102,20121103,20121105,20121107,20121109,20121114,20121117,20121118,20121119,20121120,20121121,20121122,20121123,20121124,20121127,20121128,20121130,20121201 
Number is 46 
G.4.4_index_2_VS_G.3.2_index_5 [14] 
20121026,20121027,20121101,20121102,20121104,20121105,20121107,20121109,20121110,20121111,20121115,20121116,20121117,20121118,20121119,20121120,20121121,20121122,20121123,20121125,20121129,20121201 
Number is 49 
G.6.1_index_1_VS_G.5.5_index_3 [15] 
20121020,20121021,20121024,20121027,20121030,20121031,20121104,20121105,20121107,20121108,20121110,20121112,20121113,20121114,20121116,20121118,20121119,20121120,20121121,20121122,20121123,20121125,20121201 
Number is 50 
G.3.3_index_2_VS_G.3.2_index_2 [16] 
20121023,20121024,20121026,20121027,20121028,20121030,20121102,20121106,20121107,20121111,20121112,20121116,20121117,20121118,20121119,20121120,20121121,20121122,20121123,20121126,20121201 
Number is 54 
G.6.1_index_3_VS_G.6.1_index_1 [17] 
20121026,20121030,20121103,20121104,20121105,20121108,20121109,20121111,20121113,20121114,20121118,20121119,20121120,20121121,20121122,20121123,20121126,20121128,20121201 
Number is 55 
G.6.2_index_2_VS_G.3.1_index_2 [18] 
20121020,20121021,20121022,20121024,20121025,20121029,20121031,20121105,20121106,20121107,20121110,20121114,20121116,20121118,20121119,20121120,20121121,20121122,20121123,20121125,20121128,20121130,20121201 
Number is 56 
G.6.2_index_2_VS_G.3.5_index_1 [19] 
20121024,20121027,20121029,20121030,20121101,20121102,20121106,20121107,20121111,20121115,20121117,20121118,20121119,20121120,20121121,20121122,20121123,20121127,20121128,20121129,20121201 
Number is 59 
G.2.2_index_2_VS_G.1.1_index_2 [20] PLUS 1 
20121020,20121021,20121023,20121024,20121030,20121102,20121104,20121105,20121107,20121111,20121112,20121113,20121115,20121118,20121119,20121120,20121121,20121122,20121123,20121124,20121125,20121127,20121128 
G.DB_index_2_VS_G.4.2_index_3 [21] PLUS 1 
20121021,20121022,20121023,20121024,20121027,20121029,20121030,20121031,20121102,20121104,20121108,20121113,20121117,20121118,20121119,20121120,20121121,20121122,20121123,20121124,20121126,20121127,20121128,20121130,20121201 
Number is 60 
G.3.5_index_1_VS_G.3.3_index_3 [22] 
20121023,20121025,20121027,20121028,20121029,20121030,20121103,20121104,20121105,20121106,20121108,20121109,20121115,20121117,20121118,20121119,20121120,20121121,20121122,20121123,20121125,20121127,20121128,20121129,20121201 
Number is 67 
G.7.3_index_2_VS_G.4.3_index_2 [23] 
20121020,20121021,20121023,20121029,20121031,20121101,20121102,20121106,20121110,20121111,20121118,20121119,20121120,20121121,20121122,20121123,20121128,20121130 
Number is 70 
G.7.2_index_2_VS_G.3.6_index_5 [24] 
20121020,20121023,20121024,20121025,20121027,20121029,20121030,20121103,20121104,20121109,20121110,20121115,20121118,20121119,20121120,20121121,20121122,20121123,20121128,20121129,20121130 
Number is 79 
G.2.1_index_5_VS_G.1.1_index_2 [25] 
20121023,20121026,20121029,20121101,20121104,20121107,20121111,20121114,20121115,20121118,20121119,20121120,20121121,20121122,20121123,20121125 
Number is 95 
G.1.1_index_2_VS_G.6.2_index_2 [26] PLUS 1 
20121021,20121024,20121025,20121028,20121030,20121031,20121101,20121104,20121105,20121107,20121112,20121113,20121114,20121116,20121118,20121119,20121120,20121121,20121122,20121123,20121124,20121125,20121128,20121201 
Number is 99 
G.7.4_index_2_VS_G.1.1_index_2 [27] PLUS 1 
20121022,20121102,20121105,20121106,20121107,20121114,20121116,20121118,20121119,20121120,20121121,20121122,20121123,20121124,20121126,20121128,20121130 
