======== Current: 20120401 ========= 
Number is 07 
G.3.4_index_4_VS_G.4.1_index_3 [1] PLUS 1 
20120321,20120323,20120324,20120326,20120327,20120328,20120329,20120330,20120331,20120401,20120404,20120405,20120412,20120413,20120415,20120416,20120422,20120423,20120424,20120426,20120429,20120501 
Number is 13 
G.6.1_index_3_VS_G.6.3_index_3 [2] PLUS 1 
20120320,20120326,20120327,20120328,20120329,20120330,20120331,20120401,20120403,20120405,20120407,20120409,20120410,20120415,20120417,20120418,20120419,20120420,20120423,20120424,20120425,20120501 
Number is 17 
G.6.1_index_3_VS_G.5.4_index_3 [3] 
20120320,20120321,20120324,20120326,20120327,20120328,20120329,20120330,20120331,20120402,20120405,20120407,20120408,20120409,20120423,20120425,20120428,20120430 
Number is 24 
G.5.3_index_3_VS_G.5.2_index_1 [4] PLUS 1 
20120320,20120323,20120324,20120326,20120327,20120328,20120329,20120330,20120331,20120401,20120402,20120404,20120405,20120407,20120411,20120412,20120413,20120415,20120416,20120419,20120420,20120422,20120423,20120424,20120425,20120426,20120427,20120429 
Number is 35 
G.3.4_index_1_VS_G.4.4_index_1 [5] 
20120320,20120321,20120324,20120326,20120327,20120328,20120329,20120330,20120331,20120403,20120404,20120408,20120410,20120411,20120415,20120424,20120425,20120428,20120430 
G.3.4_index_1_VS_G.5.4_index_4 [6] 
20120321,20120326,20120327,20120328,20120329,20120330,20120331,20120404,20120411,20120413,20120414,20120418,20120419,20120423,20120424,20120426,20120428,20120429,20120430 
Number is 37 
G.3.4_index_1_VS_G.4.3_index_4 [7] 
20120321,20120322,20120323,20120326,20120327,20120328,20120329,20120330,20120331,20120404,20120405,20120409,20120410,20120411,20120415,20120417,20120426,20120428 
Number is 41 
G.4.2_index_3_VS_G.7.3_index_1 [8] PLUS 1 
20120320,20120324,20120326,20120327,20120328,20120329,20120330,20120331,20120401,20120406,20120409,20120410,20120417,20120419,20120426,20120428 
Number is 42 
G.5.2_index_1_VS_G.1.1_index_4 [9] PLUS 1 
20120320,20120326,20120327,20120328,20120329,20120330,20120331,20120401,20120402,20120403,20120404,20120407,20120411,20120413,20120414,20120418,20120419,20120421,20120422,20120423,20120424,20120426,20120429,20120430 
Number is 43 
G.5.2_index_1_VS_G.3.6_index_4 [10] 
20120322,20120323,20120326,20120327,20120328,20120329,20120330,20120331,20120403,20120408,20120409,20120415,20120421,20120423,20120430 
Number is 50 
G.5.6_index_1_VS_G.4.3_index_1 [11] 
20120321,20120324,20120325,20120326,20120327,20120328,20120329,20120330,20120331,20120402,20120405,20120406,20120410,20120412,20120423,20120424 
Number is 53 
G.4.4_index_1_VS_G.DB_index_1 [12] 
20120323,20120326,20120327,20120328,20120329,20120330,20120331,20120403,20120406,20120413,20120428,20120429,20120430,20120501 
Number is 55 
G.5.4_index_1_VS_G.2.1_index_5 [13] 
20120320,20120323,20120326,20120327,20120328,20120329,20120330,20120331,20120404,20120406,20120410,20120414,20120416,20120420,20120421,20120423,20120427 
Number is 57 
G.4.4_index_1_VS_G.5.1_index_4 [14] 
20120321,20120322,20120326,20120327,20120328,20120329,20120330,20120331,20120406,20120408,20120412,20120413,20120417,20120419,20120420,20120422,20120423,20120424,20120427,20120429,20120501 
Number is 61 
G.7.1_index_1_VS_G.4.4_index_2 [15] 
20120321,20120323,20120326,20120327,20120328,20120329,20120330,20120331,20120403,20120406,20120408,20120412,20120419,20120423,20120424,20120428 
Number is 67 
G.3.6_index_3_VS_G.4.1_index_3 [16] PLUS 1 
20120320,20120321,20120323,20120324,20120326,20120327,20120328,20120329,20120330,20120331,20120401,20120402,20120403,20120405,20120406,20120408,20120410,20120412,20120414,20120417,20120418,20120420,20120421,20120422,20120424,20120425,20120427,20120429,20120430,20120501 
Number is 70 
G.6.2_index_2_VS_G.4.3_index_1 [17] PLUS 1 
20120324,20120325,20120326,20120327,20120328,20120329,20120330,20120331,20120401,20120402,20120405,20120410,20120411,20120416,20120417,20120418,20120419,20120423,20120424,20120425,20120428,20120429,20120430 
G.1.1_index_1_VS_G.4.3_index_1 [18] PLUS 1 
20120323,20120325,20120326,20120327,20120328,20120329,20120330,20120331,20120401,20120402,20120405,20120408,20120409,20120411,20120416,20120420,20120421,20120422,20120423,20120424,20120426,20120429,20120501 
Number is 77 
G.4.1_index_3_VS_G.3.4_index_5 [19] PLUS 1 
20120321,20120322,20120323,20120324,20120326,20120327,20120328,20120329,20120330,20120331,20120401,20120402,20120404,20120405,20120407,20120409,20120410,20120411,20120412,20120413,20120414,20120415,20120417,20120418,20120420,20120421,20120422,20120423,20120425,20120426,20120430,20120501 
Number is 78 
G.3.5_index_3_VS_G.2.1_index_2 [20] PLUS 1 
20120320,20120322,20120323,20120324,20120326,20120327,20120328,20120329,20120330,20120331,20120401,20120403,20120404,20120408,20120410,20120412,20120416,20120421,20120424,20120425,20120426,20120430,20120501 
