======== Current: 20120403 ========= 
Number is 13 
G.DB_index_5_VS_G.3.4_index_5 [1] 
20120323,20120328,20120329,20120330,20120331,20120401,20120402,20120404,20120406,20120410,20120411,20120416,20120420,20120423,20120428 
Number is 15 
G.7.1_index_1_VS_G.2.2_index_4 [2] 
20120321,20120324,20120327,20120328,20120329,20120330,20120331,20120401,20120402,20120406,20120411,20120412,20120413,20120416,20120421,20120422,20120423,20120428,20120430 
Number is 16 
G.7.1_index_1_VS_G.5.3_index_3 [3] PLUS 1 
20120320,20120322,20120323,20120327,20120328,20120329,20120330,20120331,20120401,20120402,20120403,20120405,20120406,20120407,20120408,20120416,20120420,20120423,20120424,20120425,20120428,20120429,20120430 
Number is 17 
G.3.4_index_4_VS_G.4.3_index_4 [4] PLUS 1 
20120320,20120321,20120323,20120324,20120328,20120329,20120330,20120331,20120401,20120402,20120403,20120404,20120405,20120408,20120410,20120415,20120419,20120428,20120501 
Number is 18 
G.7.1_index_1_VS_G.2.2_index_3 [5] 
20120320,20120321,20120328,20120329,20120330,20120331,20120401,20120402,20120405,20120406,20120409,20120417,20120419,20120420,20120424,20120428,20120429,20120501 
Number is 34 
G.5.1_index_1_VS_G.5.5_index_1 [6] PLUS 1 
20120320,20120321,20120323,20120324,20120325,20120326,20120328,20120329,20120330,20120331,20120401,20120402,20120403,20120405,20120406,20120407,20120413,20120415,20120418,20120423,20120427,20120501 
G.5.5_index_3_VS_G.4.3_index_1 [7] PLUS 1 
20120322,20120324,20120325,20120326,20120328,20120329,20120330,20120331,20120401,20120402,20120403,20120405,20120407,20120408,20120411,20120412,20120413,20120416,20120423,20120424,20120425,20120426,20120427,20120428,20120429 
Number is 35 
G.2.1_index_1_VS_G.3.4_index_1 [8] 
20120320,20120321,20120328,20120329,20120330,20120331,20120401,20120402,20120404,20120405,20120407,20120410,20120414,20120423,20120424,20120429 
Number is 38 
G.2.1_index_1_VS_G.6.1_index_1 [9] PLUS 1 
20120321,20120323,20120325,20120326,20120328,20120329,20120330,20120331,20120401,20120402,20120403,20120407,20120409,20120411,20120413,20120414,20120417,20120419,20120420,20120426,20120428,20120430 
Number is 41 
G.5.2_index_1_VS_G.1.1_index_4 [10] PLUS 1 
20120320,20120326,20120327,20120328,20120329,20120330,20120331,20120401,20120402,20120403,20120404,20120407,20120411,20120413,20120414,20120418,20120419,20120421,20120422,20120423,20120424,20120426,20120429,20120430 
Number is 44 
G.1.1_index_2_VS_G.4.3_index_1 [11] 
20120322,20120324,20120325,20120328,20120329,20120330,20120331,20120401,20120402,20120404,20120405,20120408,20120413,20120422,20120423,20120424,20120428,20120501 
G.1.1_index_1_VS_G.4.3_index_1 [12] 
20120323,20120325,20120326,20120327,20120328,20120329,20120330,20120331,20120401,20120402,20120405,20120408,20120409,20120411,20120416,20120420,20120421,20120422,20120423,20120424,20120426,20120429,20120501 
G.3.6_index_5_VS_G.4.3_index_1 [13] 
20120320,20120322,20120323,20120324,20120326,20120328,20120329,20120330,20120331,20120401,20120402,20120404,20120406,20120407,20120408,20120409,20120412,20120413,20120414,20120425,20120426,20120429 
Number is 45 
G.1.1_index_1_VS_G.4.1_index_3 [14] 
20120321,20120326,20120328,20120329,20120330,20120331,20120401,20120402,20120405,20120408,20120409,20120414,20120417,20120422,20120427,20120501 
G.4.3_index_1_VS_G.3.1_index_4 [15] 
20120320,20120321,20120322,20120323,20120324,20120325,20120326,20120328,20120329,20120330,20120331,20120401,20120402,20120404,20120405,20120406,20120410,20120413,20120414,20120418,20120420,20120423,20120424,20120425,20120427,20120429 
Number is 46 
G.4.3_index_1_VS_G.4.2_index_4 [16] 
20120321,20120324,20120325,20120326,20120328,20120329,20120330,20120331,20120401,20120402,20120404,20120405,20120413,20120414,20120416,20120418,20120422,20120428,20120429 
G.4.3_index_1_VS_G.4.4_index_3 [17] 
20120320,20120325,20120328,20120329,20120330,20120331,20120401,20120402,20120405,20120406,20120407,20120409,20120416,20120417,20120418,20120419,20120423,20120427,20120428,20120429,20120430 
Number is 53 
G.4.1_index_3_VS_G.3.4_index_5 [18] 
20120321,20120322,20120323,20120324,20120326,20120327,20120328,20120329,20120330,20120331,20120401,20120402,20120404,20120405,20120407,20120409,20120410,20120411,20120412,20120413,20120414,20120415,20120417,20120418,20120420,20120421,20120422,20120423,20120425,20120426,20120430,20120501 
Number is 54 
G.6.2_index_2_VS_G.4.3_index_1 [19] 
20120324,20120325,20120326,20120327,20120328,20120329,20120330,20120331,20120401,20120402,20120405,20120410,20120411,20120416,20120417,20120418,20120419,20120423,20120424,20120425,20120428,20120429,20120430 
Number is 55 
G.3.6_index_3_VS_G.4.1_index_3 [20] PLUS 1 
20120320,20120321,20120323,20120324,20120326,20120327,20120328,20120329,20120330,20120331,20120401,20120402,20120403,20120405,20120406,20120408,20120410,20120412,20120414,20120417,20120418,20120420,20120421,20120422,20120424,20120425,20120427,20120429,20120430,20120501 
Number is 64 
G.5.3_index_3_VS_G.5.2_index_1 [21] 
20120320,20120323,20120324,20120326,20120327,20120328,20120329,20120330,20120331,20120401,20120402,20120404,20120405,20120407,20120411,20120412,20120413,20120415,20120416,20120419,20120420,20120422,20120423,20120424,20120425,20120426,20120427,20120429 
Number is 87 
G.5.2_index_2_VS_G.4.3_index_4 [22] 
20120320,20120321,20120325,20120326,20120328,20120329,20120330,20120331,20120401,20120402,20120404,20120406,20120408,20120413,20120415,20120418,20120419,20120424,20120428,20120429,20120501 
Number is 91 
G.5.4_index_3_VS_G.DB_index_5 [23] 
20120321,20120324,20120325,20120327,20120328,20120329,20120330,20120331,20120401,20120402,20120404,20120406,20120410,20120415,20120417,20120419,20120427,20120429 
Number is 94 
G.1.1_index_3_VS_G.5.2_index_1 [24] 
20120320,20120322,20120324,20120326,20120328,20120329,20120330,20120331,20120401,20120402,20120404,20120406,20120417,20120418,20120421,20120422,20120423,20120425,20120429,20120430 
Number is 98 
G.4.4_index_4_VS_G.6.1_index_1 [25] 
20120328,20120329,20120330,20120331,20120401,20120402,20120408,20120409,20120411,20120413,20120416,20120418,20120420,20120425,20120426,20120428,20120429,20120430,20120501 
Number is 99 
G.5.4_index_3_VS_G.4.4_index_4 [26] 
20120320,20120321,20120322,20120323,20120324,20120326,20120328,20120329,20120330,20120331,20120401,20120402,20120405,20120407,20120408,20120413,20120415,20120416,20120417,20120420,20120501 
