======== Current: 20120409 ========= 
Number is 02 
G.3.1_index_2_VS_G.4.3_index_3 [1] 
20120323,20120324,20120326,20120328,20120329,20120330,20120331,20120403,20120404,20120405,20120406,20120407,20120408,20120410,20120414,20120418,20120424,20120429,20120430 
Number is 04 
G.2.1_index_5_VS_G.4.3_index_1 [2] 
20120320,20120321,20120322,20120323,20120326,20120328,20120330,20120331,20120402,20120403,20120404,20120405,20120406,20120407,20120408,20120410,20120412,20120413,20120414,20120417,20120418,20120421,20120423,20120424,20120426,20120430 
G.7.3_index_1_VS_G.4.1_index_3 [3] 
20120321,20120323,20120324,20120328,20120329,20120403,20120404,20120405,20120406,20120407,20120408,20120413,20120415,20120420,20120422,20120424,20120425,20120426,20120428,20120429,20120501 
Number is 14 
G.5.6_index_4_VS_G.3.4_index_5 [4] PLUS 1 
20120320,20120323,20120324,20120325,20120327,20120328,20120329,20120330,20120331,20120402,20120403,20120404,20120405,20120406,20120407,20120408,20120409,20120411,20120412,20120413,20120423,20120425,20120426,20120428,20120429,20120430 
G.1.1_index_4_VS_G.4.3_index_4 [5] PLUS 1 
20120320,20120321,20120324,20120325,20120403,20120404,20120405,20120406,20120407,20120408,20120409,20120412,20120413,20120415,20120419,20120420,20120425,20120427,20120428,20120501 
Number is 17 
G.4.4_index_2_VS_G.7.4_index_2 [6] 
20120320,20120323,20120324,20120329,20120401,20120403,20120404,20120405,20120406,20120407,20120408,20120412,20120418,20120422,20120423,20120424,20120428,20120430,20120501 
Number is 19 
G.5.6_index_4_VS_G.5.2_index_3 [7] PLUS 1 
20120321,20120328,20120331,20120403,20120404,20120405,20120406,20120407,20120408,20120409,20120411,20120416,20120417,20120423,20120424,20120425,20120428,20120430 
Number is 20 
G.3.2_index_3_VS_G.4.4_index_1 [8] 
20120321,20120323,20120324,20120326,20120327,20120331,20120403,20120404,20120405,20120406,20120407,20120408,20120413,20120414,20120416,20120419,20120422,20120423,20120426,20120501 
Number is 22 
G.7.2_index_1_VS_G.4.3_index_3 [9] 
20120327,20120330,20120401,20120402,20120403,20120404,20120405,20120406,20120407,20120408,20120410,20120411,20120414,20120415,20120416,20120420,20120421,20120426,20120427,20120430,20120501 
G.3.2_index_1_VS_G.7.2_index_1 [10] 
20120320,20120324,20120325,20120327,20120402,20120403,20120404,20120405,20120406,20120407,20120408,20120410,20120411,20120418,20120422,20120423,20120425,20120426,20120430,20120501 
Number is 24 
G.7.2_index_1_VS_G.4.3_index_1 [11] PLUS 1 
20120324,20120329,20120330,20120331,20120401,20120402,20120403,20120404,20120405,20120406,20120407,20120408,20120409,20120417,20120418,20120423,20120424,20120427 
Number is 27 
G.7.2_index_1_VS_G.3.6_index_4 [12] 
20120323,20120327,20120328,20120330,20120402,20120403,20120404,20120405,20120406,20120407,20120408,20120411,20120413,20120414,20120416,20120417,20120419,20120420,20120423,20120425,20120426,20120429,20120430 
Number is 29 
G.4.3_index_3_VS_G.3.6_index_3 [13] PLUS 1 
20120321,20120322,20120324,20120325,20120326,20120328,20120402,20120403,20120404,20120405,20120406,20120407,20120408,20120409,20120410,20120411,20120412,20120420,20120424,20120425,20120427,20120429,20120501 
Number is 31 
G.3.5_index_4_VS_G.3.6_index_2 [14] 
20120322,20120328,20120402,20120403,20120404,20120405,20120406,20120407,20120408,20120411,20120412,20120422,20120425 
Number is 32 
G.7.2_index_2_VS_G.3.6_index_5 [15] 
20120320,20120322,20120323,20120329,20120402,20120403,20120404,20120405,20120406,20120407,20120408,20120410,20120414,20120418,20120426 
Number is 35 
G.3.5_index_3_VS_G.DB_index_1 [16] PLUS 1 
20120323,20120324,20120330,20120403,20120404,20120405,20120406,20120407,20120408,20120409,20120410,20120412,20120413,20120416,20120418,20120422,20120424,20120425,20120430 
Number is 41 
G.DB_index_4_VS_G.4.4_index_3 [17] PLUS 1 
20120321,20120323,20120324,20120326,20120328,20120403,20120404,20120405,20120406,20120407,20120408,20120409,20120410,20120413,20120414,20120418,20120419,20120420,20120421,20120423,20120425,20120427,20120428 
Number is 42 
G.5.6_index_2_VS_G.5.6_index_3 [18] PLUS 1 
20120322,20120324,20120325,20120326,20120403,20120404,20120405,20120406,20120407,20120408,20120409,20120415,20120416,20120419,20120424,20120425,20120427,20120429 
Number is 51 
G.4.2_index_2_VS_G.4.4_index_2 [19] 
20120324,20120326,20120327,20120328,20120329,20120330,20120401,20120402,20120403,20120404,20120405,20120406,20120407,20120408,20120414,20120415,20120421,20120424,20120425,20120426,20120428,20120430 
G.5.1_index_1_VS_G.3.6_index_2 [20] 
20120326,20120329,20120330,20120402,20120403,20120404,20120405,20120406,20120407,20120408,20120415,20120416,20120417,20120419,20120425,20120426,20120501 
Number is 59 
G.4.2_index_2_VS_G.3.4_index_3 [21] 
20120320,20120322,20120325,20120326,20120327,20120328,20120329,20120330,20120401,20120402,20120403,20120404,20120405,20120406,20120407,20120408,20120413,20120414,20120415,20120416,20120420,20120424,20120425,20120430,20120501 
Number is 63 
G.5.1_index_4_VS_G.2.2_index_2 [22] PLUS 1 
20120320,20120322,20120324,20120326,20120331,20120403,20120404,20120405,20120406,20120407,20120408,20120409,20120412,20120415,20120418,20120420,20120424,20120426 
Number is 70 
G.6.1_index_3_VS_G.7.3_index_1 [23] 
20120320,20120321,20120326,20120329,20120403,20120404,20120405,20120406,20120407,20120408,20120412,20120416,20120418,20120419,20120420,20120421,20120423,20120424,20120425 
Number is 73 
G.3.6_index_4_VS_G.7.4_index_1 [24] PLUS 1 
20120323,20120325,20120328,20120331,20120403,20120404,20120405,20120406,20120407,20120408,20120409,20120410,20120414,20120418,20120419,20120422,20120425,20120428 
Number is 74 
G.1.1_index_1_VS_G.5.4_index_1 [25] PLUS 1 
20120320,20120322,20120325,20120326,20120328,20120403,20120404,20120405,20120406,20120407,20120408,20120409,20120413,20120416,20120418,20120419,20120421,20120422,20120423,20120426,20120427,20120429,20120430,20120501 
Number is 78 
G.5.3_index_2_VS_G.DB_index_5 [26] PLUS 1 
20120321,20120325,20120329,20120331,20120401,20120403,20120404,20120405,20120406,20120407,20120408,20120409,20120412,20120413,20120414,20120416,20120417,20120422,20120423,20120425,20120426,20120428,20120501 
G.DB_index_2_VS_G.DB_index_5 [27] PLUS 1 
20120321,20120324,20120328,20120330,20120403,20120404,20120405,20120406,20120407,20120408,20120409,20120411,20120414,20120415,20120421,20120424,20120426,20120427,20120429 
Number is 82 
G.2.2_index_4_VS_G.7.2_index_1 [28] 
20120320,20120321,20120326,20120327,20120328,20120330,20120403,20120404,20120405,20120406,20120407,20120408,20120410,20120411,20120417,20120418,20120419,20120420,20120422,20120423,20120424,20120426,20120427,20120428,20120429,20120501 
Number is 84 
G.DB_index_5_VS_G.4.3_index_1 [29] 
20120324,20120325,20120326,20120328,20120331,20120403,20120404,20120405,20120406,20120407,20120408,20120411,20120413,20120417,20120423,20120424,20120426,20120427,20120428 
Number is 86 
G.2.1_index_1_VS_G.5.1_index_4 [30] 
20120320,20120321,20120322,20120323,20120328,20120329,20120401,20120403,20120404,20120405,20120406,20120407,20120408,20120414,20120417,20120420,20120424,20120425,20120429,20120430,20120501 
Number is 89 
G.2.2_index_4_VS_G.3.6_index_3 [31] 
20120320,20120322,20120323,20120401,20120402,20120403,20120404,20120405,20120406,20120407,20120408,20120410,20120412,20120413,20120417,20120419,20120421,20120425,20120428,20120429,20120501 
Number is 99 
G.7.3_index_2_VS_G.5.6_index_1 [32] PLUS 1 
20120320,20120324,20120326,20120327,20120328,20120403,20120404,20120405,20120406,20120407,20120408,20120409,20120410,20120412,20120414,20120415,20120419,20120420,20120421,20120425,20120427,20120429,20120501 
