======== Current: 20120416 ========= 
Number is 01 
G.2.1_index_5_VS_G.DB_index_2 [1] PLUS 1 
20120320,20120322,20120323,20120324,20120330,20120402,20120403,20120404,20120406,20120410,20120411,20120412,20120413,20120414,20120415,20120416,20120417,20120421,20120426,20120429,20120430,20120501 
Number is 02 
G.3.2_index_5_VS_G.4.4_index_1 [2] 
20120322,20120325,20120327,20120331,20120402,20120404,20120405,20120406,20120408,20120410,20120411,20120412,20120413,20120414,20120415,20120417,20120418,20120424,20120425,20120430,20120501 
Number is 18 
G.DB_index_2_VS_G.4.1_index_3 [3] PLUS 1 
20120322,20120326,20120329,20120330,20120331,20120408,20120409,20120410,20120411,20120412,20120413,20120414,20120415,20120416,20120417,20120422,20120424,20120427,20120428,20120429,20120501 
Number is 19 
G.5.4_index_4_VS_G.3.1_index_3 [4] 
20120320,20120323,20120326,20120327,20120402,20120404,20120405,20120407,20120409,20120410,20120411,20120412,20120413,20120414,20120415,20120419,20120420,20120422,20120424,20120425,20120426,20120427,20120429,20120430 
Number is 21 
G.3.2_index_1_VS_G.3.5_index_1 [5] 
20120324,20120330,20120402,20120407,20120410,20120411,20120412,20120413,20120414,20120415,20120419,20120420,20120421,20120425,20120426,20120501 
Number is 24 
G.3.6_index_2_VS_G.2.1_index_3 [6] 
20120321,20120323,20120326,20120328,20120329,20120402,20120403,20120404,20120405,20120407,20120408,20120409,20120410,20120411,20120412,20120413,20120414,20120415,20120417,20120421,20120424,20120425,20120426,20120428,20120501 
Number is 30 
G.7.4_index_2_VS_G.5.2_index_4 [7] PLUS 1 
20120320,20120323,20120326,20120328,20120330,20120331,20120401,20120403,20120405,20120406,20120407,20120410,20120411,20120412,20120413,20120414,20120415,20120416,20120417,20120420,20120422,20120426,20120429,20120430,20120501 
Number is 34 
G.1.1_index_4_VS_G.3.5_index_2 [8] 
20120320,20120325,20120330,20120331,20120405,20120406,20120410,20120411,20120412,20120413,20120414,20120415,20120417,20120419,20120420,20120422,20120426,20120427,20120428,20120430 
Number is 36 
G.4.3_index_3_VS_G.5.4_index_3 [9] 
20120320,20120322,20120323,20120325,20120326,20120328,20120329,20120331,20120404,20120410,20120411,20120412,20120413,20120414,20120415,20120419,20120420,20120425,20120429,20120430 
Number is 41 
G.2.2_index_4_VS_G.3.5_index_1 [10] 
20120320,20120325,20120330,20120403,20120407,20120410,20120411,20120412,20120413,20120414,20120415,20120419,20120421,20120422,20120424,20120428 
G.3.5_index_2_VS_G.5.4_index_4 [11] 
20120323,20120329,20120330,20120404,20120410,20120411,20120412,20120413,20120414,20120415,20120418,20120420,20120421,20120424,20120425,20120427,20120429 
Number is 44 
G.3.5_index_3_VS_G.7.4_index_1 [12] PLUS 1 
20120321,20120323,20120325,20120329,20120404,20120410,20120411,20120412,20120413,20120414,20120415,20120416,20120424,20120425,20120426 
Number is 46 
G.4.1_index_2_VS_G.4.4_index_4 [13] PLUS 1 
20120320,20120321,20120325,20120330,20120331,20120402,20120404,20120407,20120409,20120410,20120411,20120412,20120413,20120414,20120415,20120416,20120417,20120420,20120421,20120422,20120423,20120424,20120425,20120427,20120428,20120429,20120430,20120501 
Number is 51 
G.3.2_index_4_VS_G.3.5_index_1 [14] PLUS 1 
20120321,20120323,20120324,20120326,20120327,20120328,20120403,20120405,20120407,20120408,20120409,20120410,20120411,20120412,20120413,20120414,20120415,20120416,20120418,20120421,20120423,20120425,20120427,20120430 
Number is 58 
G.5.3_index_2_VS_G.2.2_index_1 [15] 
20120321,20120322,20120323,20120325,20120329,20120401,20120404,20120405,20120407,20120408,20120409,20120410,20120411,20120412,20120413,20120414,20120415,20120417,20120418,20120425,20120427,20120430 
Number is 62 
G.4.4_index_4_VS_G.7.1_index_2 [16] PLUS 1 
20120323,20120324,20120326,20120327,20120329,20120330,20120331,20120408,20120409,20120410,20120411,20120412,20120413,20120414,20120415,20120416,20120418,20120420,20120421,20120422,20120423,20120425,20120426,20120427,20120428,20120430,20120501 
Number is 65 
G.6.2_index_2_VS_G.3.5_index_5 [17] 
20120325,20120328,20120403,20120408,20120410,20120411,20120412,20120413,20120414,20120415,20120418,20120420,20120421,20120422,20120423,20120426,20120501 
Number is 78 
G.7.3_index_2_VS_G.4.1_index_3 [18] 
20120321,20120322,20120324,20120325,20120331,20120403,20120404,20120407,20120410,20120411,20120412,20120413,20120414,20120415,20120417,20120419,20120421,20120430,20120501 
G.3.6_index_4_VS_G.4.1_index_3 [19] 
20120321,20120322,20120326,20120327,20120331,20120404,20120405,20120409,20120410,20120411,20120412,20120413,20120414,20120415,20120418,20120420,20120425,20120426,20120430 
Number is 83 
G.4.1_index_3_VS_G.7.4_index_2 [20] 
20120321,20120322,20120323,20120327,20120328,20120329,20120330,20120331,20120403,20120405,20120409,20120410,20120411,20120412,20120413,20120414,20120415,20120417,20120420,20120421,20120424,20120426,20120427,20120501 
Number is 84 
G.4.1_index_3_VS_G.5.3_index_1 [21] PLUS 1 
20120321,20120325,20120326,20120327,20120328,20120331,20120401,20120402,20120403,20120406,20120407,20120408,20120410,20120411,20120412,20120413,20120414,20120415,20120416,20120417,20120418,20120425,20120427,20120501 
Number is 88 
G.4.1_index_3_VS_G.3.4_index_5 [22] 
20120321,20120322,20120323,20120324,20120326,20120327,20120328,20120329,20120330,20120331,20120401,20120402,20120404,20120405,20120407,20120409,20120410,20120411,20120412,20120413,20120414,20120415,20120417,20120418,20120420,20120421,20120422,20120423,20120425,20120426,20120430,20120501 
Number is 89 
G.4.1_index_3_VS_G.4.1_index_4 [23] 
20120321,20120322,20120323,20120324,20120325,20120330,20120331,20120401,20120402,20120405,20120409,20120410,20120411,20120412,20120413,20120414,20120415,20120418,20120422,20120424,20120425,20120429,20120430,20120501 
G.4.1_index_3_VS_G.3.3_index_1 [24] 
20120321,20120322,20120326,20120328,20120329,20120330,20120331,20120405,20120407,20120409,20120410,20120411,20120412,20120413,20120414,20120415,20120417,20120418,20120419,20120420,20120422,20120426,20120501 
Number is 92 
G.3.1_index_3_VS_G.4.3_index_1 [25] 
20120324,20120325,20120329,20120330,20120331,20120401,20120403,20120405,20120407,20120410,20120411,20120412,20120413,20120414,20120415,20120418,20120426,20120427,20120428,20120501 
Number is 98 
G.3.4_index_2_VS_G.4.1_index_3 [26] 
20120321,20120322,20120324,20120325,20120329,20120331,20120401,20120405,20120407,20120410,20120411,20120412,20120413,20120414,20120415,20120417,20120422,20120424,20120425,20120427,20120430,20120501 
