======== Current: 20120419 ========= 
Number is 02 
G.DB_index_3_VS_G.3.4_index_3 [1] 
20120320,20120322,20120325,20120327,20120328,20120330,20120401,20120402,20120405,20120407,20120409,20120410,20120413,20120414,20120415,20120416,20120417,20120418,20120425,20120430 
Number is 03 
G.3.4_index_1_VS_G.2.2_index_2 [2] PLUS 1 
20120320,20120321,20120323,20120325,20120326,20120329,20120330,20120402,20120404,20120407,20120409,20120411,20120413,20120414,20120415,20120416,20120417,20120418,20120419,20120423,20120428,20120430,20120501 
Number is 12 
G.4.1_index_3_VS_G.5.3_index_1 [3] 
20120321,20120325,20120326,20120327,20120328,20120331,20120401,20120402,20120403,20120406,20120407,20120408,20120410,20120411,20120412,20120413,20120414,20120415,20120416,20120417,20120418,20120425,20120427,20120501 
Number is 13 
G.3.1_index_1_VS_G.5.4_index_4 [4] 
20120320,20120324,20120326,20120328,20120330,20120404,20120406,20120407,20120411,20120413,20120414,20120415,20120416,20120417,20120418,20120426,20120427 
Number is 19 
G.4.1_index_3_VS_G.DB_index_5 [5] 
20120321,20120323,20120327,20120328,20120330,20120331,20120401,20120404,20120405,20120406,20120410,20120413,20120414,20120415,20120416,20120417,20120418,20120422,20120426,20120427 
Number is 21 
G.4.3_index_3_VS_G.5.3_index_4 [6] 
20120321,20120322,20120323,20120324,20120402,20120403,20120404,20120405,20120410,20120411,20120413,20120414,20120415,20120416,20120417,20120418,20120421,20120422,20120423,20120427,20120429 
Number is 31 
G.6.3_index_2_VS_G.5.3_index_4 [7] 
20120320,20120321,20120322,20120323,20120324,20120325,20120327,20120403,20120405,20120409,20120413,20120414,20120415,20120416,20120417,20120418,20120421,20120422,20120424,20120427,20120428,20120430,20120501 
Number is 34 
G.5.4_index_2_VS_G.4.2_index_2 [8] PLUS 1 
20120327,20120330,20120331,20120405,20120406,20120413,20120414,20120415,20120416,20120417,20120418,20120419,20120420,20120422,20120425,20120426,20120427,20120428 
Number is 35 
G.DB_index_2_VS_G.7.2_index_1 [9] 
20120321,20120330,20120402,20120406,20120407,20120411,20120413,20120414,20120415,20120416,20120417,20120418,20120422,20120423,20120424,20120427,20120428,20120501 
Number is 38 
G.DB_index_2_VS_G.3.3_index_3 [10] 
20120321,20120323,20120328,20120329,20120405,20120407,20120411,20120413,20120414,20120415,20120416,20120417,20120418,20120421,20120422,20120423,20120424,20120427,20120428 
Number is 43 
G.5.2_index_4_VS_G.5.4_index_2 [11] PLUS 1 
20120321,20120325,20120406,20120407,20120409,20120413,20120414,20120415,20120416,20120417,20120418,20120419,20120422,20120423,20120425,20120427,20120428,20120501 
Number is 56 
G.7.2_index_1_VS_G.4.2_index_4 [12] 
20120321,20120324,20120325,20120327,20120401,20120403,20120404,20120406,20120408,20120411,20120413,20120414,20120415,20120416,20120417,20120418,20120423,20120424,20120426,20120501 
Number is 77 
G.5.4_index_3_VS_G.6.2_index_2 [13] 
20120320,20120321,20120323,20120324,20120326,20120328,20120330,20120401,20120405,20120410,20120413,20120414,20120415,20120416,20120417,20120418,20120420,20120422,20120423,20120426,20120427 
Number is 82 
G.5.6_index_4_VS_G.3.3_index_5 [14] 
20120323,20120324,20120326,20120328,20120329,20120331,20120401,20120403,20120407,20120408,20120409,20120411,20120413,20120414,20120415,20120416,20120417,20120418,20120422,20120423,20120425,20120427,20120429 
Number is 94 
G.3.5_index_2_VS_G.3.3_index_1 [15] PLUS 1 
20120320,20120323,20120402,20120406,20120407,20120409,20120411,20120412,20120413,20120414,20120415,20120416,20120417,20120418,20120419,20120420,20120424,20120425,20120426,20120428,20120429,20120501 
Number is 96 
G.7.1_index_2_VS_G.4.2_index_4 [16] PLUS 1 
20120320,20120325,20120326,20120329,20120401,20120404,20120411,20120413,20120414,20120415,20120416,20120417,20120418,20120419,20120421,20120422,20120427,20120429 
