======== Current: 20120420 ========= 
Number is 20 
G.7.1_index_2_VS_G.4.2_index_4 [1] 
20120320,20120325,20120326,20120329,20120401,20120404,20120411,20120413,20120414,20120415,20120416,20120417,20120418,20120419,20120421,20120422,20120427,20120429 
Number is 37 
G.3.5_index_1_VS_G.3.3_index_3 [2] 
20120323,20120326,20120328,20120329,20120405,20120410,20120411,20120414,20120415,20120416,20120417,20120418,20120419,20120422,20120423,20120427,20120428,20120430,20120501 
Number is 40 
G.6.1_index_3_VS_G.7.2_index_2 [3] 
20120320,20120324,20120325,20120329,20120330,20120331,20120403,20120404,20120407,20120408,20120409,20120412,20120414,20120415,20120416,20120417,20120418,20120419,20120423,20120424 
Number is 42 
G.3.4_index_1_VS_G.2.2_index_2 [4] 
20120320,20120321,20120323,20120325,20120326,20120329,20120330,20120402,20120404,20120407,20120409,20120411,20120413,20120414,20120415,20120416,20120417,20120418,20120419,20120423,20120428,20120430,20120501 
G.4.4_index_2_VS_G.6.2_index_1 [5] 
20120320,20120324,20120325,20120327,20120329,20120330,20120404,20120405,20120406,20120407,20120409,20120414,20120415,20120416,20120417,20120418,20120419,20120428,20120430,20120501 
Number is 54 
G.5.4_index_2_VS_G.4.2_index_2 [6] PLUS 1 
20120327,20120330,20120331,20120405,20120406,20120413,20120414,20120415,20120416,20120417,20120418,20120419,20120420,20120422,20120425,20120426,20120427,20120428 
Number is 62 
G.6.2_index_2_VS_G.6.2_index_1 [7] 
20120320,20120322,20120325,20120329,20120401,20120402,20120404,20120414,20120415,20120416,20120417,20120418,20120419,20120423,20120424,20120425,20120426,20120428 
Number is 94 
G.7.3_index_2_VS_G.5.6_index_2 [8] 
20120322,20120323,20120324,20120325,20120328,20120403,20120404,20120406,20120414,20120415,20120416,20120417,20120418,20120419,20120421,20120423,20120424,20120426,20120427,20120429 
Number is 95 
G.5.2_index_4_VS_G.5.4_index_2 [9] 
20120321,20120325,20120406,20120407,20120409,20120413,20120414,20120415,20120416,20120417,20120418,20120419,20120422,20120423,20120425,20120427,20120428,20120501 
Number is 98 
G.3.5_index_2_VS_G.3.3_index_1 [10] PLUS 1 
20120320,20120323,20120402,20120406,20120407,20120409,20120411,20120412,20120413,20120414,20120415,20120416,20120417,20120418,20120419,20120420,20120424,20120425,20120426,20120428,20120429,20120501 
