======== Current: 20120421 ========= 
Number is 06 
G.1.1_index_4_VS_G.7.2_index_1 [1] PLUS 1 
20120320,20120321,20120326,20120327,20120402,20120404,20120405,20120406,20120408,20120409,20120411,20120413,20120415,20120416,20120417,20120418,20120419,20120420,20120421,20120423,20120425,20120426,20120427,20120429,20120430,20120501 
Number is 08 
G.6.2_index_1_VS_G.DB_index_3 [2] 
20120320,20120321,20120323,20120327,20120329,20120330,20120402,20120403,20120404,20120405,20120407,20120409,20120410,20120413,20120415,20120416,20120417,20120418,20120419,20120420,20120424,20120427,20120428,20120430 
Number is 18 
G.5.4_index_2_VS_G.4.2_index_2 [3] 
20120327,20120330,20120331,20120405,20120406,20120413,20120414,20120415,20120416,20120417,20120418,20120419,20120420,20120422,20120425,20120426,20120427,20120428 
Number is 29 
G.7.4_index_2_VS_G.2.1_index_4 [4] 
20120320,20120321,20120326,20120328,20120329,20120401,20120403,20120404,20120407,20120408,20120411,20120412,20120415,20120416,20120417,20120418,20120419,20120420,20120423,20120427 
Number is 32 
G.3.5_index_5_VS_G.6.3_index_3 [5] 
20120327,20120328,20120331,20120403,20120408,20120411,20120412,20120415,20120416,20120417,20120418,20120419,20120420,20120425,20120430,20120501 
Number is 38 
G.5.3_index_3_VS_G.3.5_index_3 [6] PLUS 1 
20120322,20120325,20120330,20120331,20120403,20120404,20120410,20120413,20120415,20120416,20120417,20120418,20120419,20120420,20120421,20120424,20120425 
Number is 48 
G.3.6_index_1_VS_G.4.4_index_3 [7] PLUS 1 
20120321,20120322,20120323,20120328,20120401,20120403,20120407,20120408,20120410,20120415,20120416,20120417,20120418,20120419,20120420,20120421,20120427,20120429,20120430 
Number is 61 
G.5.4_index_1_VS_G.1.1_index_2 [8] 
20120320,20120323,20120324,20120325,20120327,20120328,20120329,20120330,20120331,20120403,20120407,20120413,20120415,20120416,20120417,20120418,20120419,20120420,20120423,20120429,20120430,20120501 
Number is 68 
G.5.4_index_1_VS_G.2.2_index_2 [9] 
20120320,20120321,20120322,20120323,20120324,20120328,20120330,20120404,20120405,20120408,20120409,20120411,20120412,20120415,20120416,20120417,20120418,20120419,20120420,20120424,20120426,20120427 
Number is 72 
G.4.2_index_3_VS_G.5.4_index_3 [10] PLUS 1 
20120321,20120326,20120403,20120408,20120411,20120412,20120415,20120416,20120417,20120418,20120419,20120420,20120421,20120424,20120428 
Number is 78 
G.3.3_index_1_VS_G.5.6_index_3 [11] 
20120321,20120322,20120325,20120326,20120328,20120404,20120410,20120411,20120412,20120415,20120416,20120417,20120418,20120419,20120420,20120424,20120425,20120429 
Number is 80 
G.2.2_index_2_VS_G.6.1_index_1 [12] 
20120321,20120322,20120323,20120330,20120404,20120405,20120407,20120409,20120411,20120415,20120416,20120417,20120418,20120419,20120420,20120423,20120424,20120425,20120426,20120501 
Number is 84 
G.3.5_index_3_VS_G.4.2_index_1 [13] PLUS 1 
20120325,20120327,20120331,20120402,20120403,20120404,20120408,20120412,20120415,20120416,20120417,20120418,20120419,20120420,20120421,20120422,20120424,20120425 
Number is 87 
G.3.5_index_2_VS_G.3.3_index_1 [14] 
20120320,20120323,20120402,20120406,20120407,20120409,20120411,20120412,20120413,20120414,20120415,20120416,20120417,20120418,20120419,20120420,20120424,20120425,20120426,20120428,20120429,20120501 
Number is 98 
G.2.1_index_4_VS_G.DB_index_4 [15] 
20120320,20120323,20120325,20120326,20120401,20120404,20120405,20120411,20120415,20120416,20120417,20120418,20120419,20120420,20120422,20120425,20120426 
G.2.1_index_4_VS_G.4.4_index_3 [16] 
20120320,20120322,20120325,20120328,20120331,20120401,20120403,20120415,20120416,20120417,20120418,20120419,20120420,20120425,20120429,20120430,20120501 
