======== Current: 20120423 ========= 
Number is 00 
G.7.2_index_1_VS_G.3.3_index_3 [1] 
20120321,20120323,20120327,20120328,20120329,20120405,20120406,20120407,20120410,20120411,20120413,20120417,20120418,20120419,20120420,20120421,20120422,20120427,20120429,20120430 
Number is 04 
G.1.1_index_5_VS_G.5.3_index_4 [2] PLUS 1 
20120320,20120321,20120329,20120331,20120410,20120411,20120414,20120415,20120417,20120418,20120419,20120420,20120421,20120422,20120423,20120427,20120430 
Number is 07 
G.1.1_index_5_VS_G.5.1_index_2 [3] PLUS 1 
20120321,20120323,20120326,20120329,20120331,20120406,20120411,20120412,20120415,20120417,20120418,20120419,20120420,20120421,20120422,20120423,20120424,20120427,20120428,20120429 
Number is 12 
G.6.2_index_1_VS_G.5.6_index_4 [4] PLUS 1 
20120326,20120327,20120328,20120401,20120404,20120405,20120409,20120411,20120414,20120415,20120417,20120418,20120419,20120420,20120421,20120422,20120423,20120427,20120428,20120501 
Number is 16 
G.5.2_index_4_VS_G.2.1_index_5 [5] 
20120320,20120321,20120323,20120326,20120330,20120331,20120403,20120404,20120406,20120410,20120411,20120414,20120415,20120417,20120418,20120419,20120420,20120421,20120422,20120429,20120430 
Number is 24 
G.6.2_index_3_VS_G.2.1_index_4 [6] 
20120323,20120325,20120402,20120406,20120407,20120408,20120409,20120414,20120416,20120417,20120418,20120419,20120420,20120421,20120422,20120425 
Number is 26 
G.2.2_index_5_VS_G.7.1_index_2 [7] PLUS 1 
20120322,20120325,20120327,20120329,20120330,20120403,20120406,20120409,20120413,20120414,20120415,20120417,20120418,20120419,20120420,20120421,20120422,20120423,20120427,20120428 
Number is 30 
G.5.4_index_1_VS_G.5.2_index_1 [8] PLUS 1 
20120323,20120324,20120326,20120328,20120329,20120403,20120405,20120411,20120412,20120414,20120415,20120417,20120418,20120419,20120420,20120421,20120422,20120423,20120424,20120425,20120427,20120428,20120430 
Number is 34 
G.5.1_index_4_VS_G.4.2_index_1 [9] 
20120320,20120322,20120324,20120327,20120329,20120406,20120408,20120409,20120412,20120413,20120417,20120418,20120419,20120420,20120421,20120422,20120425,20120426,20120430 
Number is 41 
G.2.2_index_4_VS_G.3.5_index_5 [10] 
20120320,20120321,20120325,20120327,20120328,20120401,20120403,20120405,20120408,20120410,20120411,20120412,20120417,20120418,20120419,20120420,20120421,20120422,20120425,20120430,20120501 
G.2.1_index_4_VS_G.3.5_index_5 [11] 
20120320,20120322,20120325,20120401,20120403,20120404,20120407,20120410,20120411,20120414,20120417,20120418,20120419,20120420,20120421,20120422,20120425,20120501 
Number is 44 
G.4.3_index_2_VS_G.4.2_index_1 [12] PLUS 1 
20120322,20120327,20120331,20120402,20120403,20120405,20120409,20120417,20120418,20120419,20120420,20120421,20120422,20120423,20120424,20120427,20120430,20120501 
Number is 53 
G.2.1_index_1_VS_G.4.4_index_3 [13] 
20120321,20120322,20120323,20120324,20120326,20120327,20120328,20120329,20120403,20120405,20120413,20120417,20120418,20120419,20120420,20120421,20120422,20120428,20120429,20120430,20120501 
Number is 54 
G.6.3_index_1_VS_G.2.1_index_4 [14] PLUS 1 
20120321,20120322,20120325,20120331,20120403,20120405,20120407,20120408,20120417,20120418,20120419,20120420,20120421,20120422,20120423,20120501 
Number is 70 
G.3.6_index_3_VS_G.1.1_index_2 [15] PLUS 1 
20120321,20120322,20120323,20120324,20120325,20120326,20120330,20120402,20120404,20120406,20120407,20120409,20120410,20120411,20120413,20120416,20120417,20120418,20120419,20120420,20120421,20120422,20120423,20120425,20120426 
Number is 74 
G.3.3_index_1_VS_G.5.3_index_4 [16] 
20120320,20120326,20120327,20120328,20120405,20120407,20120411,20120414,20120415,20120417,20120418,20120419,20120420,20120421,20120422,20120426,20120429,20120430 
Number is 75 
G.5.1_index_2_VS_G.5.5_index_4 [17] 
20120320,20120322,20120325,20120328,20120329,20120331,20120406,20120407,20120409,20120411,20120412,20120413,20120417,20120418,20120419,20120420,20120421,20120422,20120424,20120428,20120429,20120430 
Number is 84 
G.3.5_index_3_VS_G.4.2_index_1 [18] 
20120325,20120327,20120331,20120402,20120403,20120404,20120408,20120412,20120415,20120416,20120417,20120418,20120419,20120420,20120421,20120422,20120424,20120425 
