======== Current: 20151001 ========= 
Number is 14 
G.5.4_index_3_VS_G.3.5_index_4 [1] 
20150918,20150919,20150922,20150925,20150926,20150927,20150928,20150929,20150930,20151006,20151012,20151015,20151016,20151018,20151021,20151022,20151023,20151025,20151026,20151028,20151031,20151101 
G.5.4_index_3_VS_G.2.2_index_5 [2] 
20150918,20150919,20150922,20150923,20150925,20150926,20150927,20150928,20150929,20150930,20151006,20151007,20151009,20151012,20151015,20151017,20151020,20151021,20151023,20151024,20151025,20151028 
Number is 19 
G.5.5_index_1_VS_G.7.4_index_2 [3] PLUS 1 
20150917,20150921,20150922,20150925,20150926,20150927,20150928,20150929,20150930,20151001,20151005,20151006,20151008,20151009,20151010,20151012,20151013,20151014,20151018,20151019,20151025 
Number is 31 
G.4.2_index_3_VS_G.5.4_index_3 [4] PLUS 1 
20150916,20150919,20150920,20150923,20150924,20150925,20150926,20150927,20150928,20150929,20150930,20151001,20151002,20151012,20151014,20151015,20151018,20151022,20151023,20151024,20151030,20151102 
Number is 33 
G.4.2_index_3_VS_G.5.6_index_1 [5] 
20150918,20150925,20150926,20150927,20150928,20150929,20150930,20151002,20151008,20151009,20151012,20151018,20151019,20151020,20151022,20151028,20151029,20151031,20151102 
Number is 37 
G.6.3_index_2_VS_G.DB_index_1 [6] 
20150920,20150921,20150922,20150925,20150926,20150927,20150928,20150929,20150930,20151003,20151005,20151006,20151008,20151009,20151011,20151016,20151018,20151020,20151022,20151024,20151028 
G.3.6_index_2_VS_G.7.1_index_1 [7] 
20150916,20150919,20150921,20150922,20150924,20150925,20150926,20150927,20150928,20150929,20150930,20151002,20151004,20151010,20151013,20151015,20151019,20151022,20151023,20151024,20151029 
Number is 43 
G.3.5_index_4_VS_G.4.3_index_3 [8] 
20150917,20150918,20150919,20150923,20150925,20150926,20150927,20150928,20150929,20150930,20151004,20151006,20151008,20151010,20151011,20151014,20151015,20151016,20151018,20151021,20151022,20151023,20151024,20151027,20151028,20151029,20151031,20151101 
G.3.3_index_2_VS_G.5.4_index_1 [9] 
20150917,20150919,20150920,20150921,20150924,20150925,20150926,20150927,20150928,20150929,20150930,20151003,20151004,20151008,20151011,20151013,20151016,20151018,20151031,20151101 
Number is 44 
G.2.2_index_5_VS_G.7.2_index_1 [10] 
20150922,20150924,20150925,20150926,20150927,20150928,20150929,20150930,20151002,20151003,20151005,20151006,20151007,20151014,20151015,20151017,20151018,20151026,20151028,20151102 
Number is 48 
G.6.3_index_3_VS_G.7.1_index_2 [11] 
20150916,20150918,20150921,20150922,20150925,20150926,20150927,20150928,20150929,20150930,20151003,20151007,20151008,20151009,20151010,20151011,20151014,20151017,20151019,20151020,20151021,20151022,20151025,20151026,20151029,20151031 
Number is 49 
G.6.2_index_2_VS_G.6.1_index_1 [12] PLUS 1 
20150916,20150918,20150919,20150923,20150924,20150925,20150926,20150927,20150928,20150929,20150930,20151001,20151005,20151008,20151010,20151011,20151013,20151014,20151015,20151016,20151019,20151022,20151023 
Number is 64 
G.4.2_index_1_VS_G.7.2_index_1 [13] PLUS 1 
20150916,20150917,20150918,20150920,20150924,20150925,20150926,20150927,20150928,20150929,20150930,20151001,20151004,20151005,20151006,20151010,20151011,20151012,20151015,20151016,20151017,20151020,20151021,20151026,20151027,20151029 
Number is 71 
G.6.1_index_3_VS_G.5.4_index_3 [14] 
20150916,20150918,20150920,20150924,20150925,20150926,20150927,20150928,20150929,20150930,20151004,20151005,20151006,20151010,20151012,20151013,20151014,20151016,20151017,20151019,20151020,20151021,20151022,20151023,20151024,20151025,20151026,20151027,20151031,20151102 
G.6.1_index_3_VS_G.5.4_index_2 [15] 
20150917,20150920,20150921,20150922,20150924,20150925,20150926,20150927,20150928,20150929,20150930,20151010,20151012,20151014,20151019,20151023,20151024,20151025,20151029,20151031,20151102 
Number is 72 
G.1.1_index_5_VS_G.1.1_index_1 [16] PLUS 1 
20150916,20150918,20150919,20150920,20150921,20150924,20150925,20150926,20150927,20150928,20150929,20150930,20151001,20151002,20151009,20151011,20151013,20151014,20151016,20151017,20151019,20151021,20151023,20151027 
Number is 74 
G.4.1_index_4_VS_G.7.2_index_1 [17] 
20150916,20150917,20150918,20150920,20150921,20150922,20150924,20150925,20150926,20150927,20150928,20150929,20150930,20151002,20151003,20151004,20151005,20151008,20151009,20151010,20151014,20151015,20151019,20151020,20151021,20151029,20151102 
G.5.2_index_4_VS_G.6.2_index_2 [18] 
20150916,20150917,20150918,20150919,20150922,20150923,20150925,20150926,20150927,20150928,20150929,20150930,20151004,20151006,20151007,20151010,20151011,20151015,20151019,20151021,20151022,20151025,20151026,20151027,20151028,20151030 
Number is 81 
G.7.1_index_2_VS_G.5.5_index_4 [19] PLUS 1 
20150916,20150922,20150923,20150924,20150925,20150926,20150927,20150928,20150929,20150930,20151001,20151003,20151005,20151006,20151007,20151010,20151015,20151017,20151018,20151023,20151028,20151030,20151101 
Number is 93 
G.6.1_index_1_VS_G.4.2_index_3 [20] 
20150916,20150919,20150923,20150924,20150925,20150926,20150927,20150928,20150929,20150930,20151002,20151003,20151007,20151013,20151022,20151023,20151028,20151101,20151102 
G.6.1_index_1_VS_G.3.5_index_3 [21] 
20150921,20150923,20150925,20150926,20150927,20150928,20150929,20150930,20151004,20151005,20151011,20151014,20151018,20151019,20151021,20151022,20151023,20151025,20151026,20151027,20151030,20151101 
Number is 94 
G.6.1_index_1_VS_G.4.4_index_2 [22] PLUS 1 
20150916,20150917,20150918,20150922,20150923,20150925,20150926,20150927,20150928,20150929,20150930,20151001,20151003,20151006,20151010,20151011,20151017,20151018,20151021,20151023,20151026 
G.2.2_index_1_VS_G.7.2_index_1 [23] PLUS 1 
20150917,20150919,20150922,20150925,20150926,20150927,20150928,20150929,20150930,20151001,20151005,20151006,20151007,20151008,20151010,20151011,20151017,20151019,20151020,20151021,20151022,20151023,20151024,20151025,20151026,20151029 
