======== Current: 20151002 ========= 
Number is 03 
G.4.2_index_1_VS_G.7.2_index_1 [1] 
20150916,20150917,20150918,20150920,20150924,20150925,20150926,20150927,20150928,20150929,20150930,20151001,20151004,20151005,20151006,20151010,20151011,20151012,20151015,20151016,20151017,20151020,20151021,20151026,20151027,20151029 
Number is 06 
G.3.3_index_1_VS_G.7.1_index_2 [2] PLUS 1 
20150920,20150921,20150922,20150924,20150926,20150927,20150928,20150929,20150930,20151001,20151002,20151003,20151006,20151007,20151008,20151009,20151010,20151011,20151013,20151017,20151019,20151021,20151023,20151024,20151028,20151101 
Number is 08 
G.5.5_index_1_VS_G.7.4_index_2 [3] 
20150917,20150921,20150922,20150925,20150926,20150927,20150928,20150929,20150930,20151001,20151005,20151006,20151008,20151009,20151010,20151012,20151013,20151014,20151018,20151019,20151025 
Number is 17 
G.3.1_index_2_VS_G.2.1_index_2 [4] 
20150916,20150918,20150919,20150924,20150926,20150927,20150928,20150929,20150930,20151001,20151004,20151005,20151008,20151010,20151013,20151015,20151017,20151018,20151019,20151020,20151023,20151025,20151026,20151027,20151101 
Number is 26 
G.6.2_index_2_VS_G.6.1_index_1 [5] 
20150916,20150918,20150919,20150923,20150924,20150925,20150926,20150927,20150928,20150929,20150930,20151001,20151005,20151008,20151010,20151011,20151013,20151014,20151015,20151016,20151019,20151022,20151023 
Number is 28 
G.2.1_index_3_VS_G.7.3_index_2 [6] PLUS 1 
20150916,20150917,20150918,20150919,20150921,20150923,20150926,20150927,20150928,20150929,20150930,20151001,20151002,20151003,20151004,20151006,20151008,20151012,20151014,20151015,20151016,20151019,20151022,20151024,20151027,20151030,20151101 
Number is 33 
G.7.2_index_1_VS_G.4.1_index_3 [7] PLUS 1 
20150917,20150918,20150921,20150922,20150923,20150924,20150926,20150927,20150928,20150929,20150930,20151001,20151002,20151003,20151004,20151005,20151006,20151010,20151014,20151015,20151016,20151019,20151021,20151023,20151029,20151101,20151102 
Number is 36 
G.5.2_index_2_VS_G.7.1_index_2 [8] 
20150921,20150923,20150926,20150927,20150928,20150929,20150930,20151001,20151008,20151009,20151011,20151013,20151015,20151016,20151020,20151024,20151027,20151101 
Number is 38 
G.7.2_index_1_VS_G.7.4_index_2 [9] PLUS 1 
20150916,20150917,20150922,20150926,20150927,20150928,20150929,20150930,20151001,20151002,20151004,20151005,20151006,20151009,20151011,20151012,20151016,20151022,20151026,20151027 
Number is 40 
G.1.1_index_5_VS_G.1.1_index_1 [10] PLUS 1 
20150916,20150918,20150919,20150920,20150921,20150924,20150925,20150926,20150927,20150928,20150929,20150930,20151001,20151002,20151009,20151011,20151013,20151014,20151016,20151017,20151019,20151021,20151023,20151027 
Number is 43 
G.DB_index_2_VS_G.4.1_index_3 [11] 
20150923,20150926,20150927,20150928,20150929,20150930,20151001,20151005,20151006,20151007,20151008,20151011,20151013,20151016,20151017,20151022,20151023,20151031,20151101 
Number is 46 
G.5.5_index_2_VS_G.6.1_index_1 [12] 
20150916,20150919,20150922,20150923,20150926,20150927,20150928,20150929,20150930,20151001,20151004,20151005,20151008,20151010,20151013,20151014,20151016,20151019,20151020,20151021,20151022,20151029 
Number is 53 
G.4.1_index_1_VS_G.3.4_index_3 [13] PLUS 1 
20150916,20150917,20150919,20150920,20150923,20150924,20150926,20150927,20150928,20150929,20150930,20151001,20151002,20151003,20151004,20151007,20151008,20151009,20151010,20151013,20151014,20151015,20151016,20151017,20151020,20151021,20151025,20151026,20151029,20151031,20151102 
Number is 62 
G.7.1_index_2_VS_G.5.5_index_4 [14] 
20150916,20150922,20150923,20150924,20150925,20150926,20150927,20150928,20150929,20150930,20151001,20151003,20151005,20151006,20151007,20151010,20151015,20151017,20151018,20151023,20151028,20151030,20151101 
Number is 63 
G.6.1_index_1_VS_G.4.4_index_2 [15] 
20150916,20150917,20150918,20150922,20150923,20150925,20150926,20150927,20150928,20150929,20150930,20151001,20151003,20151006,20151010,20151011,20151017,20151018,20151021,20151023,20151026 
Number is 77 
G.5.4_index_3_VS_G.3.4_index_2 [16] 
20150917,20150921,20150922,20150923,20150924,20150926,20150927,20150928,20150929,20150930,20151001,20151007,20151010,20151012,20151015,20151016,20151017,20151018,20151019,20151021,20151022,20151023,20151024,20151025,20151026,20151029,20151030 
Number is 81 
G.3.1_index_4_VS_G.3.1_index_1 [17] 
20150922,20150924,20150926,20150927,20150928,20150929,20150930,20151001,20151004,20151006,20151007,20151009,20151010,20151012,20151014,20151021,20151024,20151026,20151029,20151030,20151101,20151102 
Number is 87 
G.6.1_index_2_VS_G.5.4_index_3 [18] 
20150916,20150919,20150920,20150921,20150926,20150927,20150928,20150929,20150930,20151001,20151005,20151006,20151012,20151014,20151018,20151021,20151023,20151024,20151027,20151101 
Number is 93 
G.2.2_index_1_VS_G.7.2_index_1 [19] 
20150917,20150919,20150922,20150925,20150926,20150927,20150928,20150929,20150930,20151001,20151005,20151006,20151007,20151008,20151010,20151011,20151017,20151019,20151020,20151021,20151022,20151023,20151024,20151025,20151026,20151029 
G.3.1_index_5_VS_G.3.4_index_3 [20] 
20150917,20150919,20150922,20150926,20150927,20150928,20150929,20150930,20151001,20151003,20151005,20151006,20151008,20151009,20151011,20151014,20151015,20151018,20151020,20151022,20151023,20151024,20151028,20151029,20151030,20151031,20151102 
Number is 97 
G.4.2_index_3_VS_G.5.4_index_3 [21] PLUS 1 
20150916,20150919,20150920,20150923,20150924,20150925,20150926,20150927,20150928,20150929,20150930,20151001,20151002,20151012,20151014,20151015,20151018,20151022,20151023,20151024,20151030,20151102 
Number is 99 
G.2.2_index_1_VS_G.1.1_index_2 [22] 
20150919,20150921,20150922,20150924,20150926,20150927,20150928,20150929,20150930,20151001,20151003,20151004,20151006,20151010,20151012,20151018,20151019,20151024,20151025,20151026,20151029,20151101 
