======== Current: 20151003 ========= 
Number is 04 
G.3.3_index_1_VS_G.7.1_index_2 [1] PLUS 1 
20150920,20150921,20150922,20150924,20150926,20150927,20150928,20150929,20150930,20151001,20151002,20151003,20151006,20151007,20151008,20151009,20151010,20151011,20151013,20151017,20151019,20151021,20151023,20151024,20151028,20151101 
Number is 05 
G.3.1_index_4_VS_G.DB_index_3 [2] 
20150916,20150918,20150919,20150920,20150921,20150922,20150927,20150928,20150929,20150930,20151001,20151002,20151004,20151008,20151010,20151011,20151013,20151017,20151019,20151020,20151023,20151028 
Number is 06 
G.5.1_index_1_VS_G.6.2_index_2 [3] 
20150916,20150917,20150918,20150922,20150924,20150927,20150928,20150929,20150930,20151001,20151002,20151005,20151007,20151009,20151010,20151011,20151016,20151022,20151025,20151029,20151030 
Number is 07 
G.3.1_index_4_VS_G.5.1_index_3 [4] 
20150918,20150927,20150928,20150929,20150930,20151001,20151002,20151008,20151010,20151011,20151012,20151014,20151017,20151018,20151020,20151024,20151025,20151026,20151028,20151030 
Number is 22 
G.2.1_index_3_VS_G.7.3_index_2 [5] PLUS 1 
20150916,20150917,20150918,20150919,20150921,20150923,20150926,20150927,20150928,20150929,20150930,20151001,20151002,20151003,20151004,20151006,20151008,20151012,20151014,20151015,20151016,20151019,20151022,20151024,20151027,20151030,20151101 
Number is 31 
G.5.5_index_4_VS_G.7.4_index_2 [6] 
20150919,20150920,20150921,20150922,20150925,20150927,20150928,20150929,20150930,20151001,20151002,20151005,20151006,20151010,20151014,20151015,20151018,20151021,20151023,20151026,20151028,20151030,20151101 
Number is 35 
G.4.2_index_3_VS_G.5.4_index_3 [7] 
20150916,20150919,20150920,20150923,20150924,20150925,20150926,20150927,20150928,20150929,20150930,20151001,20151002,20151012,20151014,20151015,20151018,20151022,20151023,20151024,20151030,20151102 
Number is 41 
G.3.1_index_5_VS_G.5.6_index_4 [8] 
20150918,20150919,20150923,20150925,20150927,20150928,20150929,20150930,20151001,20151002,20151004,20151006,20151010,20151012,20151014,20151015,20151016,20151019,20151020,20151022,20151023,20151028,20151029,20151101,20151102 
G.7.2_index_1_VS_G.7.4_index_2 [9] 
20150916,20150917,20150922,20150926,20150927,20150928,20150929,20150930,20151001,20151002,20151004,20151005,20151006,20151009,20151011,20151012,20151016,20151022,20151026,20151027 
Number is 42 
G.7.2_index_1_VS_G.4.1_index_3 [10] PLUS 1 
20150917,20150918,20150921,20150922,20150923,20150924,20150926,20150927,20150928,20150929,20150930,20151001,20151002,20151003,20151004,20151005,20151006,20151010,20151014,20151015,20151016,20151019,20151021,20151023,20151029,20151101,20151102 
Number is 61 
G.6.2_index_2_VS_G.4.4_index_4 [11] 
20150917,20150918,20150919,20150922,20150927,20150928,20150929,20150930,20151001,20151002,20151004,20151007,20151009,20151014,20151021,20151027,20151029,20151030,20151102 
Number is 75 
G.1.1_index_5_VS_G.DB_index_3 [12] 
20150917,20150921,20150924,20150927,20150928,20150929,20150930,20151001,20151002,20151005,20151009,20151010,20151011,20151015,20151016,20151022,20151023 
Number is 77 
G.5.1_index_3_VS_G.4.1_index_2 [13] 
20150916,20150917,20150920,20150922,20150923,20150925,20150927,20150928,20150929,20150930,20151001,20151002,20151004,20151008,20151010,20151011,20151013,20151014,20151016,20151018,20151021,20151024,20151026,20151027,20151028,20151101 
G.1.1_index_5_VS_G.5.1_index_3 [14] 
20150917,20150918,20150921,20150922,20150923,20150924,20150925,20150927,20150928,20150929,20150930,20151001,20151002,20151008,20151009,20151010,20151011,20151014,20151016,20151018,20151019,20151023,20151024,20151025,20151026,20151027,20151030,20151031,20151101 
Number is 78 
G.3.1_index_1_VS_G.1.1_index_2 [15] PLUS 1 
20150917,20150921,20150922,20150924,20150927,20150928,20150929,20150930,20151001,20151002,20151003,20151009,20151010,20151011,20151012,20151014,20151018,20151019,20151021,20151022,20151024,20151025,20151026,20151028,20151030,20151031,20151102 
Number is 79 
G.1.1_index_5_VS_G.1.1_index_1 [16] 
20150916,20150918,20150919,20150920,20150921,20150924,20150925,20150926,20150927,20150928,20150929,20150930,20151001,20151002,20151009,20151011,20151013,20151014,20151016,20151017,20151019,20151021,20151023,20151027 
Number is 90 
G.6.3_index_1_VS_G.5.1_index_1 [17] PLUS 1 
20150916,20150917,20150919,20150924,20150927,20150928,20150929,20150930,20151001,20151002,20151003,20151004,20151005,20151008,20151009,20151011,20151012,20151013,20151016,20151018,20151021,20151022,20151023,20151026,20151027,20151029,20151031 
Number is 92 
G.4.1_index_1_VS_G.3.4_index_3 [18] PLUS 1 
20150916,20150917,20150919,20150920,20150923,20150924,20150926,20150927,20150928,20150929,20150930,20151001,20151002,20151003,20151004,20151007,20151008,20151009,20151010,20151013,20151014,20151015,20151016,20151017,20151020,20151021,20151025,20151026,20151029,20151031,20151102 
Number is 94 
G.5.3_index_1_VS_G.3.1_index_5 [19] 
20150918,20150919,20150920,20150922,20150923,20150927,20150928,20150929,20150930,20151001,20151002,20151004,20151007,20151008,20151010,20151012,20151014,20151015,20151016,20151017,20151020,20151023,20151024,20151026,20151028,20151031,20151102 
