======== Current: 20151010 ========= 
Number is 05 
G.7.1_index_1_VS_G.1.1_index_4 [1] PLUS 1 
20150916,20150917,20150921,20150922,20150924,20150925,20150929,20151001,20151002,20151003,20151004,20151005,20151006,20151007,20151008,20151009,20151010,20151013,20151016,20151028,20151102 
Number is 18 
G.3.5_index_3_VS_G.5.1_index_1 [2] 
20150918,20150919,20150922,20150926,20150930,20151003,20151004,20151005,20151006,20151007,20151008,20151009,20151011,20151020,20151022,20151101 
Number is 20 
G.4.3_index_4_VS_G.3.3_index_3 [3] PLUS 1 
20150919,20150920,20150921,20150922,20150924,20150927,20150929,20151004,20151005,20151006,20151007,20151008,20151009,20151010,20151011,20151016,20151017,20151022,20151024,20151030 
Number is 21 
G.3.3_index_4_VS_G.3.6_index_5 [4] PLUS 1 
20150916,20150918,20150919,20150924,20150930,20151004,20151005,20151006,20151007,20151008,20151009,20151010,20151011,20151012,20151014,20151015,20151018,20151022,20151023,20151025,20151027,20151028,20151030,20151102 
G.5.6_index_1_VS_G.2.2_index_3 [5] PLUS 1 
20150922,20150926,20151002,20151004,20151005,20151006,20151007,20151008,20151009,20151010,20151012,20151016,20151017,20151018,20151021,20151024,20151026,20151028,20151030 
Number is 24 
G.5.6_index_1_VS_G.2.2_index_5 [6] 
20150917,20150924,20150925,20150926,20150928,20151002,20151004,20151005,20151006,20151007,20151008,20151009,20151020,20151021,20151023,20151025,20151026,20151028,20151030,20151031 
Number is 27 
G.3.1_index_1_VS_G.4.4_index_1 [7] PLUS 1 
20150917,20150925,20150926,20150927,20150929,20151002,20151004,20151005,20151006,20151007,20151008,20151009,20151010,20151012,20151013,20151015,20151018,20151021,20151022,20151026,20151027,20151028 
Number is 28 
G.3.4_index_3_VS_G.5.2_index_3 [8] 
20150918,20150922,20150929,20151001,20151004,20151005,20151006,20151007,20151008,20151009,20151011,20151015,20151020,20151021,20151028,20151029,20151030,20151102 
Number is 30 
G.7.3_index_2_VS_G.5.6_index_4 [9] 
20150916,20150917,20150918,20150919,20150920,20150927,20151004,20151005,20151006,20151007,20151008,20151009,20151012,20151013,20151014,20151015,20151016,20151017,20151019,20151021,20151022 
Number is 44 
G.6.2_index_3_VS_G.4.1_index_2 [10] 
20150922,20150925,20151004,20151005,20151006,20151007,20151008,20151009,20151016,20151018,20151019,20151022,20151024,20151027,20151028,20151031,20151102 
G.7.2_index_1_VS_G.6.2_index_3 [11] 
20150916,20150917,20150922,20150924,20150925,20150926,20151002,20151004,20151005,20151006,20151007,20151008,20151009,20151012,20151014,20151015,20151016,20151022,20151027,20151029 
Number is 45 
G.6.2_index_2_VS_G.DB_index_3 [12] PLUS 1 
20150918,20150922,20150923,20150924,20150929,20151004,20151005,20151006,20151007,20151008,20151009,20151010,20151011,20151014,20151018,20151021,20151023,20151024,20151026,20151029,20151031,20151102 
Number is 50 
G.2.2_index_1_VS_G.7.1_index_1 [13] PLUS 1 
20150917,20150918,20150921,20150922,20150924,20150925,20150926,20150929,20150930,20151004,20151005,20151006,20151007,20151008,20151009,20151010,20151011,20151013,20151014,20151015,20151019,20151020,20151021,20151024,20151029,20151102 
Number is 57 
G.2.2_index_1_VS_G.4.4_index_1 [14] 
20150919,20150923,20150924,20150925,20150928,20150929,20151004,20151005,20151006,20151007,20151008,20151009,20151015,20151017,20151023,20151024,20151026,20151029,20151030,20151031,20151101,20151102 
Number is 78 
G.4.1_index_3_VS_G.5.2_index_3 [15] 
20150925,20150926,20151004,20151005,20151006,20151007,20151008,20151009,20151012,20151013,20151014,20151016,20151026,20151029,20151101 
Number is 79 
G.4.4_index_1_VS_G.DB_index_4 [16] PLUS 1 
20150917,20150918,20150925,20150926,20151002,20151003,20151004,20151005,20151006,20151007,20151008,20151009,20151010,20151016,20151018,20151019,20151022,20151023,20151026,20151028,20151029 
Number is 80 
G.5.5_index_3_VS_G.3.4_index_1 [17] 
20150918,20150920,20150923,20150927,20150929,20151003,20151004,20151005,20151006,20151007,20151008,20151009,20151013,20151015,20151018,20151019,20151021,20151024,20151026,20151029,20151030,20151101 
Number is 83 
G.3.4_index_4_VS_G.3.3_index_2 [18] PLUS 1 
20150918,20150924,20150927,20150928,20151004,20151005,20151006,20151007,20151008,20151009,20151010,20151015,20151022,20151024,20151025,20151026,20151027,20151028,20151030,20151031 
Number is 88 
G.5.5_index_3_VS_G.2.1_index_5 [19] 
20150918,20150919,20150923,20150927,20151004,20151005,20151006,20151007,20151008,20151009,20151011,20151012,20151013,20151015,20151018,20151020,20151022,20151024,20151028,20151029,20151031 
Number is 89 
G.5.2_index_3_VS_G.DB_index_4 [20] 
20150916,20150919,20150921,20150922,20150928,20151001,20151002,20151003,20151004,20151005,20151006,20151007,20151008,20151009,20151011,20151013,20151014,20151015,20151016,20151017,20151019,20151025,20151026,20151027,20151028,20151102 
G.5.3_index_3_VS_G.DB_index_4 [21] 
20150916,20150918,20150919,20150920,20150922,20150928,20151001,20151002,20151004,20151005,20151006,20151007,20151008,20151009,20151011,20151012,20151015,20151018,20151019,20151023,20151027,20151028,20151029 
Number is 90 
G.3.1_index_3_VS_G.3.4_index_1 [22] 
20150920,20150921,20150923,20150925,20150927,20151001,20151004,20151005,20151006,20151007,20151008,20151009,20151016,20151018,20151021,20151023,20151026,20151027,20151030,20151101,20151102 
G.DB_index_4_VS_G.DB_index_5 [23] 
20150918,20150919,20150922,20150925,20150928,20151001,20151004,20151005,20151006,20151007,20151008,20151009,20151012,20151014,20151015,20151016,20151019,20151022,20151023,20151024,20151025,20151101 
Number is 97 
G.6.3_index_2_VS_G.DB_index_2 [24] PLUS 1 
20150916,20150918,20150925,20150928,20150929,20150930,20151001,20151003,20151004,20151005,20151006,20151007,20151008,20151009,20151010,20151013,20151015,20151016,20151017,20151020,20151023,20151028,20151101 
