======== Current: 20151016 ========= 
Number is 04 
G.5.2_index_3_VS_G.3.3_index_2 [1] 
20150916,20150917,20150919,20150922,20150924,20150927,20151001,20151002,20151005,20151006,20151007,20151010,20151011,20151012,20151013,20151014,20151015,20151021,20151026,20151027,20151028,20151101,20151102 
Number is 10 
G.2.2_index_3_VS_G.4.2_index_4 [2] PLUS 1 
20150916,20150918,20150921,20150922,20150927,20151003,20151004,20151006,20151007,20151010,20151011,20151012,20151013,20151014,20151015,20151016,20151017,20151020,20151021,20151023,20151024,20151026,20151029 
Number is 14 
G.2.2_index_3_VS_G.5.3_index_4 [3] PLUS 1 
20150916,20150919,20150927,20150930,20151002,20151005,20151008,20151009,20151010,20151011,20151012,20151013,20151014,20151015,20151016,20151022,20151023,20151024,20151027,20151031,20151101,20151102 
Number is 16 
G.5.2_index_2_VS_G.4.3_index_3 [4] PLUS 1 
20150916,20150917,20150919,20150926,20150927,20150930,20151001,20151005,20151008,20151009,20151010,20151011,20151012,20151013,20151014,20151015,20151016,20151018,20151019,20151023,20151024,20151028,20151101,20151102 
Number is 18 
G.DB_index_1_VS_G.5.5_index_2 [5] PLUS 1 
20150922,20150923,20150927,20150930,20151002,20151004,20151005,20151010,20151011,20151012,20151013,20151014,20151015,20151016,20151019,20151024 
G.DB_index_1_VS_G.6.3_index_1 [6] PLUS 1 
20150916,20150920,20150921,20150922,20150925,20150927,20150929,20150930,20151002,20151003,20151004,20151005,20151008,20151009,20151010,20151011,20151012,20151013,20151014,20151015,20151016,20151018,20151022,20151023,20151027,20151028,20151029,20151030 
G.5.1_index_3_VS_G.6.3_index_3 [7] PLUS 1 
20150918,20150920,20150921,20150927,20150930,20151002,20151004,20151010,20151011,20151012,20151013,20151014,20151015,20151016,20151017,20151018,20151019,20151022,20151025,20151031 
Number is 20 
G.5.6_index_2_VS_G.5.6_index_4 [8] 
20150919,20150922,20150925,20150930,20151001,20151002,20151007,20151008,20151010,20151011,20151012,20151013,20151014,20151015,20151019,20151021,20151022,20151024,20151026,20151027,20151028,20151101 
Number is 21 
G.2.1_index_1_VS_G.2.2_index_3 [9] 
20150921,20150926,20150927,20150930,20151001,20151002,20151003,20151004,20151006,20151008,20151010,20151011,20151012,20151013,20151014,20151015,20151017,20151021,20151023,20151024,20151026,20151027,20151029,20151102 
Number is 22 
G.2.1_index_1_VS_G.3.1_index_4 [10] 
20150916,20150917,20150918,20150921,20150927,20150928,20150929,20150930,20151001,20151003,20151006,20151010,20151011,20151012,20151013,20151014,20151015,20151017,20151020,20151022,20151024,20151026,20151028,20151029,20151102 
Number is 26 
G.3.1_index_4_VS_G.3.4_index_3 [11] 
20150917,20150920,20150923,20150927,20150928,20150930,20151001,20151002,20151003,20151004,20151010,20151011,20151012,20151013,20151014,20151015,20151020,20151024,20151026,20151028,20151030,20151102 
Number is 34 
G.4.4_index_2_VS_G.1.1_index_1 [12] 
20150919,20150920,20150921,20150923,20150924,20150927,20151003,20151004,20151005,20151006,20151010,20151011,20151012,20151013,20151014,20151015,20151019,20151022,20151023,20151024,20151026,20151027,20151029,20151030,20151102 
Number is 38 
G.3.4_index_1_VS_G.6.3_index_3 [13] 
20150917,20150922,20150926,20150927,20150928,20150929,20150930,20151003,20151004,20151008,20151010,20151011,20151012,20151013,20151014,20151015,20151018,20151028,20151029,20151031,20151101,20151102 
Number is 40 
G.4.1_index_2_VS_G.5.2_index_3 [14] 
20150916,20150917,20150918,20150920,20150923,20150924,20150927,20150929,20151002,20151006,20151008,20151009,20151010,20151011,20151012,20151013,20151014,20151015,20151019,20151021,20151022,20151024,20151101 
Number is 41 
G.4.4_index_4_VS_G.2.2_index_3 [15] PLUS 1 
20150919,20150920,20150925,20150927,20150930,20151004,20151006,20151008,20151010,20151011,20151012,20151013,20151014,20151015,20151016,20151018,20151021,20151022,20151024,20151029,20151031 
Number is 47 
G.1.1_index_1_VS_G.3.1_index_5 [16] PLUS 1 
20150916,20150918,20150921,20150927,20150928,20150930,20151002,20151005,20151006,20151008,20151010,20151011,20151012,20151013,20151014,20151015,20151016,20151022,20151023,20151029,20151031,20151102 
Number is 52 
G.7.2_index_2_VS_G.7.1_index_1 [17] PLUS 1 
20150916,20150919,20150921,20150924,20150925,20151003,20151005,20151006,20151008,20151010,20151011,20151012,20151013,20151014,20151015,20151016,20151018,20151020,20151021,20151022,20151024,20151025,20151102 
Number is 61 
G.2.2_index_5_VS_G.2.2_index_3 [18] PLUS 1 
20150923,20150926,20150927,20150928,20151001,20151002,20151003,20151006,20151007,20151008,20151010,20151011,20151012,20151013,20151014,20151015,20151016,20151019,20151021,20151022,20151028,20151030,20151031 
Number is 71 
G.7.4_index_2_VS_G.5.2_index_2 [19] PLUS 1 
20150916,20150919,20150923,20150924,20150927,20150929,20150930,20151001,20151002,20151006,20151010,20151011,20151012,20151013,20151014,20151015,20151016,20151019,20151021,20151024,20151025,20151026,20151029,20151030,20151102 
Number is 72 
G.2.1_index_2_VS_G.3.1_index_4 [20] PLUS 1 
20150916,20150919,20150924,20150927,20150930,20151006,20151010,20151011,20151012,20151013,20151014,20151015,20151016,20151017,20151026,20151028,20151030,20151101,20151102 
Number is 78 
G.3.1_index_2_VS_G.6.3_index_3 [21] 
20150919,20150926,20150928,20150930,20151001,20151003,20151004,20151007,20151010,20151011,20151012,20151013,20151014,20151015,20151018,20151020,20151025,20151101,20151102 
G.7.3_index_2_VS_G.5.5_index_2 [22] 
20150921,20150923,20150925,20150926,20150928,20151001,20151007,20151010,20151011,20151012,20151013,20151014,20151015,20151017,20151018,20151022,20151024,20151031 
Number is 80 
G.6.2_index_2_VS_G.2.1_index_5 [23] 
20150917,20150924,20150926,20150927,20151002,20151005,20151010,20151011,20151012,20151013,20151014,20151015,20151018,20151020,20151021,20151025,20151026,20151028,20151030 
Number is 90 
G.3.6_index_5_VS_G.2.1_index_3 [24] 
20150916,20150918,20150919,20150925,20150928,20150929,20151001,20151003,20151004,20151010,20151011,20151012,20151013,20151014,20151015,20151017,20151018,20151021,20151022,20151024,20151025,20151027,20151028,20151030,20151101,20151102 
Number is 96 
G.3.4_index_5_VS_G.4.3_index_3 [25] 
20150918,20150919,20150923,20150925,20150926,20150929,20151008,20151010,20151011,20151012,20151013,20151014,20151015,20151018,20151021,20151022,20151028,20151029,20151030,20151031,20151102 
