======== Current: 20151017 ========= 
Number is 04 
G.5.1_index_3_VS_G.6.3_index_3 [1] PLUS 1 
20150918,20150920,20150921,20150927,20150930,20151002,20151004,20151010,20151011,20151012,20151013,20151014,20151015,20151016,20151017,20151018,20151019,20151022,20151025,20151031 
Number is 24 
G.2.1_index_2_VS_G.3.1_index_4 [2] PLUS 1 
20150916,20150919,20150924,20150927,20150930,20151006,20151010,20151011,20151012,20151013,20151014,20151015,20151016,20151017,20151026,20151028,20151030,20151101,20151102 
Number is 28 
G.1.1_index_5_VS_G.2.2_index_3 [3] PLUS 1 
20150927,20151006,20151007,20151008,20151009,20151011,20151012,20151013,20151014,20151015,20151016,20151017,20151023,20151024,20151027,20151030,20151031,20151102 
Number is 36 
G.7.4_index_2_VS_G.5.2_index_2 [4] 
20150916,20150919,20150923,20150924,20150927,20150929,20150930,20151001,20151002,20151006,20151010,20151011,20151012,20151013,20151014,20151015,20151016,20151019,20151021,20151024,20151025,20151026,20151029,20151030,20151102 
Number is 45 
G.5.6_index_4_VS_G.3.3_index_5 [5] PLUS 1 
20150917,20150918,20150919,20150920,20150922,20150926,20151001,20151009,20151011,20151012,20151013,20151014,20151015,20151016,20151017,20151022,20151024,20151101 
Number is 47 
G.3.1_index_4_VS_G.3.6_index_4 [6] 
20150916,20150923,20150927,20150928,20150930,20151001,20151003,20151008,20151011,20151012,20151013,20151014,20151015,20151016,20151024,20151027,20151028,20151030 
G.1.1_index_1_VS_G.3.1_index_5 [7] 
20150916,20150918,20150921,20150927,20150928,20150930,20151002,20151005,20151006,20151008,20151010,20151011,20151012,20151013,20151014,20151015,20151016,20151022,20151023,20151029,20151031,20151102 
Number is 48 
G.2.2_index_5_VS_G.2.2_index_3 [8] 
20150923,20150926,20150927,20150928,20151001,20151002,20151003,20151006,20151007,20151008,20151010,20151011,20151012,20151013,20151014,20151015,20151016,20151019,20151021,20151022,20151028,20151030,20151031 
G.5.6_index_2_VS_G.4.2_index_1 [9] 
20150918,20150921,20150924,20150925,20150926,20150928,20150930,20151001,20151011,20151012,20151013,20151014,20151015,20151016,20151019,20151020,20151024,20151027,20151029,20151102 
Number is 49 
G.5.5_index_1_VS_G.3.6_index_5 [10] 
20150919,20150920,20150923,20150924,20150925,20150927,20150928,20150930,20151002,20151003,20151004,20151006,20151008,20151011,20151012,20151013,20151014,20151015,20151016,20151018,20151019,20151020,20151023,20151024,20151025,20151028,20151031 
Number is 55 
G.3.5_index_5_VS_G.3.3_index_5 [11] PLUS 1 
20150918,20150919,20150921,20150922,20150923,20150925,20150929,20151003,20151007,20151009,20151011,20151012,20151013,20151014,20151015,20151016,20151017,20151018,20151021,20151023,20151026,20151030,20151102 
Number is 58 
G.5.1_index_1_VS_G.5.2_index_1 [12] 
20150916,20150918,20150926,20151001,20151003,20151004,20151005,20151007,20151009,20151011,20151012,20151013,20151014,20151015,20151016,20151018,20151021,20151022,20151024,20151025,20151026,20151029,20151030,20151102 
G.4.4_index_4_VS_G.2.2_index_3 [13] 
20150919,20150920,20150925,20150927,20150930,20151004,20151006,20151008,20151010,20151011,20151012,20151013,20151014,20151015,20151016,20151018,20151021,20151022,20151024,20151029,20151031 
Number is 64 
G.3.5_index_2_VS_G.6.3_index_3 [14] 
20150916,20150917,20150918,20150919,20150922,20150928,20150929,20151001,20151002,20151004,20151006,20151008,20151009,20151011,20151012,20151013,20151014,20151015,20151016,20151019,20151020,20151021,20151022,20151024,20151026,20151028,20151030 
G.3.3_index_3_VS_G.3.1_index_4 [15] 
20150917,20150923,20150924,20150926,20150927,20150930,20151005,20151006,20151007,20151011,20151012,20151013,20151014,20151015,20151016,20151021,20151022,20151026,20151028,20151030,20151031,20151101,20151102 
Number is 65 
G.5.2_index_2_VS_G.4.3_index_3 [16] 
20150916,20150917,20150919,20150926,20150927,20150930,20151001,20151005,20151008,20151009,20151010,20151011,20151012,20151013,20151014,20151015,20151016,20151018,20151019,20151023,20151024,20151028,20151101,20151102 
Number is 67 
G.5.2_index_2_VS_G.3.1_index_5 [17] PLUS 1 
20150916,20150917,20150919,20150922,20150924,20150925,20150930,20151001,20151006,20151008,20151009,20151011,20151012,20151013,20151014,20151015,20151016,20151017,20151023,20151024,20151027,20151029,20151030,20151031,20151101 
Number is 68 
G.7.2_index_2_VS_G.7.1_index_1 [18] 
20150916,20150919,20150921,20150924,20150925,20151003,20151005,20151006,20151008,20151010,20151011,20151012,20151013,20151014,20151015,20151016,20151018,20151020,20151021,20151022,20151024,20151025,20151102 
Number is 70 
G.DB_index_1_VS_G.5.5_index_2 [19] 
20150922,20150923,20150927,20150930,20151002,20151004,20151005,20151010,20151011,20151012,20151013,20151014,20151015,20151016,20151019,20151024 
Number is 79 
G.DB_index_1_VS_G.6.3_index_1 [20] 
20150916,20150920,20150921,20150922,20150925,20150927,20150929,20150930,20151002,20151003,20151004,20151005,20151008,20151009,20151010,20151011,20151012,20151013,20151014,20151015,20151016,20151018,20151022,20151023,20151027,20151028,20151029,20151030 
G.5.2_index_3_VS_G.3.5_index_4 [21] 
20150917,20150919,20150921,20150924,20150926,20150927,20150928,20150929,20151001,20151006,20151008,20151009,20151011,20151012,20151013,20151014,20151015,20151016,20151024,20151026,20151028,20151029,20151102 
Number is 85 
G.4.2_index_1_VS_G.3.5_index_5 [22] 
20150916,20150917,20150920,20150924,20150925,20150926,20150927,20150928,20150929,20151008,20151011,20151012,20151013,20151014,20151015,20151016,20151018,20151019,20151020,20151021,20151022,20151025,20151026,20151027,20151029,20151102 
G.2.2_index_3_VS_G.5.3_index_4 [23] 
20150916,20150919,20150927,20150930,20151002,20151005,20151008,20151009,20151010,20151011,20151012,20151013,20151014,20151015,20151016,20151022,20151023,20151024,20151027,20151031,20151101,20151102 
Number is 88 
G.2.2_index_3_VS_G.4.2_index_4 [24] PLUS 1 
20150916,20150918,20150921,20150922,20150927,20151003,20151004,20151006,20151007,20151010,20151011,20151012,20151013,20151014,20151015,20151016,20151017,20151020,20151021,20151023,20151024,20151026,20151029 
