======== Current: 20151022 ========= 
Number is 04 
G.3.2_index_5_VS_G.6.2_index_1 [1] PLUS 1 
20150916,20150917,20150920,20150924,20150928,20150930,20151001,20151003,20151004,20151006,20151007,20151009,20151012,20151013,20151014,20151016,20151017,20151018,20151019,20151020,20151021,20151022,20151023,20151024,20151102 
Number is 06 
G.3.6_index_4_VS_G.6.2_index_2 [2] 
20150919,20150921,20150923,20151004,20151005,20151007,20151008,20151009,20151011,20151016,20151017,20151018,20151019,20151020,20151021,20151023,20151026,20151029,20151030,20151101 
Number is 12 
G.3.1_index_5_VS_G.7.3_index_1 [3] PLUS 1 
20150916,20150919,20150923,20150924,20150926,20151002,20151004,20151005,20151006,20151008,20151015,20151016,20151017,20151018,20151019,20151020,20151021,20151022,20151023,20151029,20151030 
Number is 15 
G.7.4_index_1_VS_G.5.3_index_1 [4] 
20150921,20150922,20150927,20150928,20150930,20151002,20151003,20151007,20151010,20151013,20151016,20151017,20151018,20151019,20151020,20151021,20151028,20151031 
Number is 21 
G.7.2_index_2_VS_G.5.1_index_2 [5] PLUS 1 
20150916,20150917,20150918,20150922,20150924,20150928,20150930,20151005,20151006,20151009,20151010,20151011,20151015,20151016,20151017,20151018,20151019,20151020,20151021,20151022,20151024,20151026,20151031,20151101,20151102 
Number is 24 
G.3.2_index_2_VS_G.5.4_index_1 [6] PLUS 1 
20150917,20150923,20150924,20150929,20151001,20151002,20151004,20151009,20151012,20151014,20151016,20151017,20151018,20151019,20151020,20151021,20151022,20151026 
Number is 35 
G.3.4_index_5_VS_G.5.3_index_1 [7] PLUS 1 
20150917,20150919,20150923,20150924,20150926,20150927,20151001,20151006,20151007,20151008,20151012,20151015,20151016,20151017,20151018,20151019,20151020,20151021,20151022,20151024,20151026,20151027,20151028,20151030,20151101 
Number is 52 
G.5.3_index_1_VS_G.2.1_index_5 [8] 
20150916,20150917,20150919,20150926,20151001,20151002,20151005,20151008,20151010,20151011,20151012,20151014,20151015,20151016,20151017,20151018,20151019,20151020,20151021,20151023,20151027,20151101 
Number is 53 
G.6.3_index_1_VS_G.7.1_index_1 [9] PLUS 1 
20150916,20150918,20150919,20150920,20150921,20150922,20150923,20150924,20150925,20150926,20150927,20150929,20151002,20151004,20151008,20151010,20151016,20151017,20151018,20151019,20151020,20151021,20151022,20151023,20151027,20151029,20151030,20151101 
Number is 56 
G.5.3_index_1_VS_G.3.1_index_4 [10] PLUS 1 
20150917,20150918,20150919,20150920,20150927,20150928,20150930,20151003,20151005,20151006,20151008,20151013,20151016,20151017,20151018,20151019,20151020,20151021,20151022,20151024,20151026,20151027,20151028,20151102 
G.5.3_index_1_VS_G.5.5_index_4 [11] PLUS 1 
20150916,20150917,20150918,20150919,20150920,20150922,20150927,20150928,20151001,20151003,20151004,20151006,20151008,20151009,20151012,20151014,20151015,20151016,20151017,20151018,20151019,20151020,20151021,20151022,20151023,20151025,20151027,20151029,20151031 
Number is 58 
G.5.3_index_1_VS_G.7.4_index_2 [12] 
20150917,20150918,20150919,20150922,20150927,20150929,20150930,20151001,20151007,20151008,20151010,20151013,20151014,20151015,20151016,20151017,20151018,20151019,20151020,20151021,20151025,20151027,20151102 
Number is 59 
G.5.3_index_1_VS_G.3.2_index_1 [13] PLUS 1 
20150923,20150925,20150928,20151001,20151009,20151013,20151015,20151016,20151017,20151018,20151019,20151020,20151021,20151022,20151023,20151025,20151027,20151101 
Number is 65 
G.6.2_index_2_VS_G.5.6_index_2 [14] PLUS 1 
20150916,20150918,20150919,20150924,20150926,20150927,20150928,20151001,20151002,20151004,20151007,20151008,20151009,20151012,20151014,20151015,20151016,20151017,20151018,20151019,20151020,20151021,20151022,20151024,20151029,20151030,20151031,20151102 
Number is 68 
G.5.4_index_4_VS_G.2.2_index_3 [15] 
20150916,20150917,20150918,20150922,20150923,20150927,20151001,20151002,20151003,20151006,20151008,20151011,20151014,20151016,20151017,20151018,20151019,20151020,20151021,20151024,20151026,20151027,20151028,20151029,20151031,20151102 
Number is 75 
G.3.4_index_1_VS_G.6.1_index_3 [16] 
20150919,20150920,20150922,20150923,20150924,20150925,20150926,20150927,20151003,20151006,20151009,20151010,20151013,20151015,20151016,20151017,20151018,20151019,20151020,20151021,20151024,20151026,20151029,20151030,20151031 
Number is 82 
G.7.4_index_2_VS_G.3.4_index_2 [17] PLUS 1 
20150921,20150922,20150927,20151001,20151009,20151010,20151011,20151012,20151014,20151016,20151017,20151018,20151019,20151020,20151021,20151022,20151024,20151031 
Number is 83 
G.5.1_index_3_VS_G.5.6_index_4 [18] 
20150920,20150921,20150922,20150923,20150925,20150927,20150928,20150930,20151001,20151002,20151005,20151006,20151007,20151008,20151011,20151015,20151016,20151017,20151018,20151019,20151020,20151021,20151024,20151025,20151026,20151027,20151028,20151029,20151101 
Number is 85 
G.3.5_index_5_VS_G.3.6_index_1 [19] 
20150922,20150925,20150928,20151007,20151009,20151010,20151012,20151013,20151014,20151016,20151017,20151018,20151019,20151020,20151021,20151027,20151029,20151031,20151101,20151102 
Number is 92 
G.3.3_index_1_VS_G.3.4_index_3 [20] PLUS 1 
20150916,20150918,20150919,20150922,20150925,20150927,20150929,20151001,20151003,20151004,20151008,20151011,20151012,20151013,20151016,20151017,20151018,20151019,20151020,20151021,20151022,20151028,20151029,20151030,20151102 
Number is 94 
G.4.2_index_2_VS_G.5.4_index_1 [21] PLUS 1 
20150916,20150917,20150918,20150923,20150928,20150929,20150930,20151002,20151006,20151013,20151014,20151015,20151016,20151017,20151018,20151019,20151020,20151021,20151022,20151023,20151026,20151029,20151030 
