======== Current: 20151027 ========= 
Number is 01 
G.3.5_index_3_VS_G.3.6_index_1 [1] PLUS 1 
20150916,20150921,20150922,20150927,20150929,20151004,20151007,20151010,20151014,20151018,20151021,20151022,20151023,20151024,20151025,20151026,20151027,20151028,20151031,20151101 
Number is 04 
G.3.5_index_3_VS_G.7.4_index_1 [2] 
20150918,20150919,20150921,20150922,20150924,20150927,20150930,20151002,20151003,20151007,20151008,20151010,20151014,20151021,20151022,20151023,20151024,20151025,20151026,20151031,20151102 
Number is 18 
G.5.6_index_3_VS_G.DB_index_5 [3] PLUS 1 
20150917,20150918,20150922,20150923,20151001,20151002,20151005,20151006,20151008,20151009,20151014,20151021,20151022,20151023,20151024,20151025,20151026,20151027,20151030,20151102 
Number is 20 
G.5.4_index_2_VS_G.2.2_index_2 [4] PLUS 1 
20150916,20150919,20150920,20150923,20150925,20150928,20151002,20151005,20151006,20151008,20151014,20151020,20151021,20151022,20151023,20151024,20151025,20151026,20151027,20151029 
Number is 23 
G.DB_index_2_VS_G.5.5_index_3 [5] 
20150916,20150919,20150924,20150929,20150930,20151002,20151003,20151007,20151008,20151009,20151011,20151014,20151020,20151021,20151022,20151023,20151024,20151025,20151026,20151030,20151031,20151101 
Number is 31 
G.6.1_index_3_VS_G.1.1_index_2 [6] 
20150918,20150919,20150920,20150921,20150922,20150924,20150930,20151002,20151003,20151004,20151011,20151013,20151017,20151020,20151021,20151022,20151023,20151024,20151025,20151026,20151028,20151029,20151030,20151031,20151101 
Number is 32 
G.6.1_index_3_VS_G.DB_index_3 [7] 
20150918,20150921,20150925,20150927,20150929,20150930,20151001,20151002,20151010,20151011,20151016,20151021,20151022,20151023,20151024,20151025,20151026,20151029,20151101 
Number is 33 
G.6.1_index_3_VS_G.5.5_index_3 [8] 
20150916,20150918,20150919,20151003,20151005,20151008,20151009,20151015,20151016,20151017,20151018,20151019,20151021,20151022,20151023,20151024,20151025,20151026,20151028,20151029,20151102 
G.6.1_index_3_VS_G.6.2_index_2 [9] 
20150916,20150917,20150918,20150922,20150923,20150924,20150927,20150930,20151002,20151005,20151007,20151008,20151010,20151014,20151015,20151016,20151021,20151022,20151023,20151024,20151025,20151026,20151028,20151029,20151030,20151031,20151101,20151102 
Number is 35 
G.6.1_index_3_VS_G.5.4_index_3 [10] PLUS 1 
20150916,20150918,20150920,20150924,20150925,20150926,20150927,20150928,20150929,20150930,20151004,20151005,20151006,20151010,20151012,20151013,20151014,20151016,20151017,20151019,20151020,20151021,20151022,20151023,20151024,20151025,20151026,20151027,20151031,20151102 
Number is 36 
G.2.2_index_1_VS_G.7.2_index_1 [11] 
20150917,20150919,20150922,20150925,20150926,20150927,20150928,20150929,20150930,20151001,20151005,20151006,20151007,20151008,20151010,20151011,20151017,20151019,20151020,20151021,20151022,20151023,20151024,20151025,20151026,20151029 
Number is 41 
G.3.6_index_3_VS_G.3.3_index_2 [12] 
20150920,20150927,20150928,20151004,20151005,20151008,20151016,20151021,20151022,20151023,20151024,20151025,20151026,20151030 
Number is 43 
G.7.4_index_1_VS_G.6.2_index_2 [13] 
20150916,20150917,20150919,20150921,20150922,20150924,20150927,20150929,20150930,20151003,20151004,20151006,20151007,20151011,20151014,20151016,20151020,20151021,20151022,20151023,20151024,20151025,20151026,20151028,20151029,20151031,20151102 
Number is 50 
G.5.4_index_3_VS_G.3.5_index_3 [14] PLUS 1 
20150923,20150926,20150929,20150930,20151001,20151003,20151004,20151005,20151007,20151009,20151010,20151015,20151016,20151019,20151021,20151022,20151023,20151024,20151025,20151026,20151027,20151030 
Number is 53 
G.3.2_index_1_VS_G.1.1_index_1 [15] PLUS 1 
20150917,20150919,20150920,20150922,20150923,20150928,20150929,20150930,20151002,20151004,20151011,20151015,20151017,20151019,20151021,20151022,20151023,20151024,20151025,20151026,20151027,20151029,20151102 
G.5.4_index_3_VS_G.6.2_index_2 [16] PLUS 1 
20150916,20150921,20150923,20150926,20150927,20150928,20150929,20150930,20151005,20151007,20151009,20151012,20151019,20151021,20151022,20151023,20151024,20151025,20151026,20151027,20151028,20151101 
G.1.1_index_5_VS_G.5.5_index_3 [17] PLUS 1 
20150917,20150918,20150920,20150921,20150926,20151002,20151003,20151010,20151014,20151015,20151017,20151021,20151022,20151023,20151024,20151025,20151026,20151027,20151030,20151102 
G.4.1_index_4_VS_G.5.5_index_3 [18] PLUS 1 
20150916,20150917,20150919,20150922,20150927,20150929,20151003,20151005,20151009,20151010,20151011,20151013,20151014,20151016,20151018,20151020,20151021,20151022,20151023,20151024,20151025,20151026,20151027,20151029,20151030 
Number is 57 
G.1.1_index_5_VS_G.3.5_index_1 [19] PLUS 1 
20150916,20150918,20150921,20150927,20151004,20151005,20151009,20151010,20151011,20151012,20151014,20151015,20151017,20151021,20151022,20151023,20151024,20151025,20151026,20151027,20151028,20151031 
G.3.2_index_1_VS_G.6.2_index_3 [20] PLUS 1 
20150916,20150918,20150921,20150924,20150927,20150928,20151004,20151008,20151010,20151013,20151014,20151021,20151022,20151023,20151024,20151025,20151026,20151027,20151029,20151031,20151101 
Number is 58 
G.5.4_index_3_VS_G.3.4_index_2 [21] 
20150917,20150921,20150922,20150923,20150924,20150926,20150927,20150928,20150929,20150930,20151001,20151007,20151010,20151012,20151015,20151016,20151017,20151018,20151019,20151021,20151022,20151023,20151024,20151025,20151026,20151029,20151030 
Number is 60 
G.5.6_index_4_VS_G.2.2_index_2 [22] PLUS 1 
20150916,20150919,20150921,20150924,20150926,20150929,20151002,20151004,20151005,20151008,20151011,20151012,20151013,20151014,20151016,20151020,20151021,20151022,20151023,20151024,20151025,20151026,20151027,20151101,20151102 
G.3.5_index_5_VS_G.3.1_index_2 [23] PLUS 1 
20150917,20150919,20150920,20150921,20150923,20150925,20151002,20151003,20151008,20151009,20151012,20151013,20151016,20151017,20151018,20151019,20151021,20151022,20151023,20151024,20151025,20151026,20151027,20151101,20151102 
Number is 63 
G.3.5_index_4_VS_G.5.1_index_2 [24] 
20150918,20150920,20150921,20150922,20150924,20150926,20150927,20151003,20151006,20151008,20151009,20151010,20151011,20151014,20151020,20151021,20151022,20151023,20151024,20151025,20151026,20151028,20151029,20151030,20151031,20151101,20151102 
Number is 70 
G.6.1_index_1_VS_G.5.2_index_1 [25] PLUS 1 
20150916,20150919,20150924,20150927,20150928,20151004,20151005,20151008,20151010,20151015,20151016,20151017,20151021,20151022,20151023,20151024,20151025,20151026,20151027,20151029,20151030,20151031,20151102 
Number is 78 
G.6.2_index_3_VS_G.2.1_index_5 [26] 
20150917,20150918,20150921,20150922,20150923,20150924,20150925,20150926,20150927,20151004,20151005,20151008,20151009,20151010,20151011,20151013,20151014,20151016,20151020,20151021,20151022,20151023,20151024,20151025,20151026,20151028,20151029,20151031 
Number is 81 
G.4.2_index_1_VS_G.3.3_index_2 [27] PLUS 1 
20150917,20150919,20150927,20150929,20151001,20151002,20151005,20151006,20151008,20151010,20151013,20151014,20151015,20151016,20151020,20151021,20151022,20151023,20151024,20151025,20151026,20151027,20151029,20151031,20151101 
G.DB_index_5_VS_G.3.3_index_4 [28] PLUS 1 
20150916,20150918,20150925,20151001,20151008,20151009,20151010,20151014,20151017,20151018,20151019,20151020,20151021,20151022,20151023,20151024,20151025,20151026,20151027,20151029,20151030,20151031,20151101,20151102 
Number is 90 
G.5.2_index_2_VS_G.3.5_index_3 [29] PLUS 1 
20150919,20150921,20150923,20150925,20150930,20151001,20151005,20151006,20151008,20151009,20151011,20151017,20151018,20151021,20151022,20151023,20151024,20151025,20151026,20151027,20151101,20151102 
G.4.4_index_4_VS_G.5.2_index_1 [30] PLUS 1 
20150916,20150918,20150919,20150922,20150923,20150926,20150928,20150930,20151007,20151010,20151011,20151013,20151018,20151021,20151022,20151023,20151024,20151025,20151026,20151027,20151031 
G.5.2_index_4_VS_G.5.3_index_4 [31] PLUS 1 
20150916,20150919,20150920,20150924,20150925,20150927,20150929,20150930,20151002,20151004,20151005,20151007,20151008,20151009,20151015,20151018,20151021,20151022,20151023,20151024,20151025,20151026,20151027,20151028,20151030,20151102 
Number is 95 
G.4.2_index_4_VS_G.5.4_index_3 [32] 
20150917,20150919,20150921,20150922,20150923,20150924,20150926,20150929,20151002,20151003,20151010,20151014,20151015,20151018,20151021,20151022,20151023,20151024,20151025,20151026,20151028,20151030,20151031 
Number is 97 
G.2.1_index_2_VS_G.3.3_index_1 [33] 
20150916,20150920,20150923,20150925,20150927,20150928,20150929,20151002,20151004,20151006,20151009,20151010,20151011,20151013,20151014,20151015,20151016,20151017,20151019,20151021,20151022,20151023,20151024,20151025,20151026,20151028,20151029,20151101,20151102 
