Last Date = 20131005
Except date ======= 20131001,20131002,20131003,20131004
required date ======= 20130925,20130926,20130927,20130928,20130929,20130930
Number is 26
G.3.4_index_2_VS_G.3.2_index_4 [5] 
Ngay: 20130910,20130914,20130915,20130916,20130918,20130920,20130922,20130923,20130925,20130926,20130927,20130928,20130929,20130930
Number is 28
G.1.1_index_2_VS_G.4.3_index_1 [18] 
Ngay: 20130910,20130911,20130912,20130917,20130918,20130919,20130922,20130923,20130924,20130925,20130926,20130927,20130928,20130929,20130930
Number is 54
G.3.1_index_3_VS_G.3.6_index_2 [30] 
Ngay: 20130917,20130920,20130922,20130923,20130924,20130925,20130926,20130927,20130928,20130929,20130930
Number is 92
G.3.3_index_1_VS_G.5.4_index_4 [38] 
Ngay: 20130911,20130914,20130915,20130917,20130919,20130920,20130921,20130922,20130923,20130925,20130926,20130927,20130928,20130929,20130930
