Last Date = 20131011
Except date ======= 
required date ======= 20131001,20131002,20131003,20131004,20131005,20131006
Number is 02
G.5.1_index_4_VS_G.3.6_index_3 [1] 
Ngay: 20130910,20130911,20130918,20130919,20130920,20130921,20130922,20130927,20130928,20130930,20131001,20131002,20131003,20131004,20131005,20131006,20131009
Number is 03
G.6.1_index_2_VS_G.1.1_index_1 [2] 
Ngay: 20130910,20130911,20130912,20130914,20130915,20130917,20130919,20130922,20130923,20130926,20130928,20130930,20131001,20131002,20131003,20131004,20131005,20131006,20131008,20131010
G.1.1_index_2_VS_G.7.3_index_2 [3] 
Ngay: 20130915,20130917,20130920,20130924,20130925,20130927,20130928,20131001,20131002,20131003,20131004,20131005,20131006,20131007,20131008,20131009,20131010
Number is 05
G.6.1_index_2_VS_G.1.1_index_3 [4] 
Ngay: 20130910,20130913,20130914,20130915,20130917,20130918,20130919,20130920,20130922,20130923,20130924,20130927,20131001,20131002,20131003,20131004,20131005,20131006
Number is 07
G.3.6_index_1_VS_G.3.3_index_3 [5] 
Ngay: 20130912,20130913,20130915,20130916,20130924,20130928,20130929,20131001,20131002,20131003,20131004,20131005,20131006,20131007,20131008,20131010
Number is 08
G.3.6_index_1_VS_G.6.3_index_1 [6] 
Ngay: 20130912,20130913,20130914,20130916,20130922,20130923,20130924,20130926,20130929,20130930,20131001,20131002,20131003,20131004,20131005,20131006
Number is 20
G.5.4_index_1_VS_G.2.2_index_5 [7] 
Ngay: 20130911,20130913,20130915,20130920,20130921,20130922,20130924,20130925,20130926,20130930,20131001,20131002,20131003,20131004,20131005,20131006,20131008,20131010
Number is 21
G.5.4_index_1_VS_G.7.4_index_2 [8] 
Ngay: 20130911,20130912,20130913,20130914,20130917,20130918,20130925,20130930,20131001,20131002,20131003,20131004,20131005,20131006,20131007,20131008,20131009,20131010
Number is 23
G.3.5_index_5_VS_G.6.3_index_3 [9] 
Ngay: 20130911,20130913,20130914,20130918,20130921,20130924,20130925,20130926,20131001,20131002,20131003,20131004,20131005,20131006
Number is 25
G.5.4_index_1_VS_G.5.1_index_1 [10] 
Ngay: 20130910,20130914,20130915,20130921,20130922,20130925,20130930,20131001,20131002,20131003,20131004,20131005,20131006,20131007,20131008
Number is 28
G.3.6_index_3_VS_G.5.5_index_4 [11] 
Ngay: 20130914,20130918,20130919,20130920,20130924,20130926,20130927,20131001,20131002,20131003,20131004,20131005,20131006,20131009
Number is 32
G.DB_index_4_VS_G.4.4_index_3 [12] 
Ngay: 20130918,20130919,20130921,20130922,20130930,20131001,20131002,20131003,20131004,20131005,20131006,20131008,20131009,20131010
Number is 39
G.1.1_index_1_VS_G.4.3_index_3 [13] 
Ngay: 20130910,20130913,20130914,20130915,20130916,20130919,20130922,20130927,20130929,20131001,20131002,20131003,20131004,20131005,20131006,20131007,20131008,20131009
Number is 40
G.4.2_index_3_VS_G.3.5_index_2 [14] 
Ngay: 20130916,20130917,20130922,20130927,20131001,20131002,20131003,20131004,20131005,20131006,20131008,20131009
Number is 50
G.5.4_index_2_VS_G.1.1_index_2 [15] 
Ngay: 20130910,20130913,20130916,20130918,20130919,20130924,20130925,20130927,20130928,20131001,20131002,20131003,20131004,20131005,20131006,20131008,20131009
Number is 52
G.5.4_index_2_VS_G.3.2_index_1 [16] 
Ngay: 20130911,20130912,20130915,20130916,20130918,20130921,20130922,20130923,20130924,20130925,20130928,20130929,20131001,20131002,20131003,20131004,20131005,20131006
Number is 53
G.3.1_index_5_VS_G.3.4_index_1 [17] 
Ngay: 20130910,20130911,20130914,20130916,20130918,20130920,20130922,20130924,20130927,20130928,20130929,20131001,20131002,20131003,20131004,20131005,20131006,20131008,20131010
G.3.1_index_5_VS_G.3.3_index_5 [18] 
Ngay: 20130911,20130912,20130914,20130918,20130927,20130928,20130929,20130930,20131001,20131002,20131003,20131004,20131005,20131006,20131008,20131009,20131010
Number is 54
G.3.6_index_4_VS_G.4.1_index_3 [19] 
Ngay: 20130910,20130912,20130916,20130922,20130923,20130925,20130926,20130928,20130929,20131001,20131002,20131003,20131004,20131005,20131006,20131007,20131009
G.5.4_index_2_VS_G.5.4_index_4 [20] 
Ngay: 20130910,20130911,20130915,20130916,20130918,20130922,20130925,20130929,20131001,20131002,20131003,20131004,20131005,20131006,20131007,20131009
Number is 55
G.5.1_index_3_VS_G.3.2_index_5 [21] 
Ngay: 20130914,20130915,20130916,20130917,20130918,20130925,20130926,20130930,20131001,20131002,20131003,20131004,20131005,20131006,20131008
G.2.2_index_4_VS_G.7.2_index_1 [22] 
Ngay: 20130913,20130914,20130916,20130917,20130922,20130923,20130924,20130925,20130928,20131001,20131002,20131003,20131004,20131005,20131006
Number is 56
G.5.1_index_1_VS_G.3.3_index_1 [23] 
Ngay: 20130910,20130911,20130914,20130915,20130917,20130920,20130921,20130922,20130924,20130929,20131001,20131002,20131003,20131004,20131005,20131006,20131008,20131010
G.5.1_index_3_VS_G.5.3_index_1 [24] 
Ngay: 20130910,20130911,20130912,20130913,20130914,20130916,20130918,20130920,20130922,20130923,20130925,20130927,20130928,20130929,20130930,20131001,20131002,20131003,20131004,20131005,20131006,20131008,20131009
Number is 57
G.2.2_index_4_VS_G.3.5_index_1 [25] 
Ngay: 20130910,20130915,20130916,20130919,20130920,20130921,20130923,20130925,20130927,20131001,20131002,20131003,20131004,20131005,20131006,20131007
G.7.2_index_1_VS_G.3.5_index_3 [26] 
Ngay: 20130911,20130916,20130918,20130920,20130921,20130922,20130923,20130924,20130926,20130929,20131001,20131002,20131003,20131004,20131005,20131006,20131010
Number is 59
G.1.1_index_3_VS_G.7.1_index_1 [27] 
Ngay: 20130915,20130916,20130918,20130919,20130920,20130924,20130926,20130927,20130928,20130929,20130930,20131001,20131002,20131003,20131004,20131005,20131006,20131007,20131008
Number is 85
G.5.6_index_4_VS_G.2.2_index_4 [28] 
Ngay: 20130911,20130912,20130914,20130915,20130917,20130918,20130921,20130922,20130923,20130928,20130929,20131001,20131002,20131003,20131004,20131005,20131006,20131008,20131009
Number is 87
G.5.6_index_4_VS_G.3.5_index_3 [29] 
Ngay: 20130910,20130912,20130918,20130922,20130923,20130925,20130927,20130930,20131001,20131002,20131003,20131004,20131005,20131006
Number is 90
G.DB_index_3_VS_G.2.2_index_5 [30] 
Ngay: 20130910,20130911,20130914,20130916,20130920,20130923,20130924,20130926,20130927,20130930,20131001,20131002,20131003,20131004,20131005,20131006,20131007,20131008,20131010
Number is 92
G.4.3_index_1_VS_G.3.6_index_3 [31] 
Ngay: 20130912,20130913,20130920,20130922,20130927,20130928,20130930,20131001,20131002,20131003,20131004,20131005,20131006,20131007,20131008,20131009
Number is 96
G.4.3_index_3_VS_G.5.3_index_1 [32] 
Ngay: 20130910,20130912,20130917,20130918,20130922,20130925,20130926,20131001,20131002,20131003,20131004,20131005,20131006,20131009
Number is 98
G.5.6_index_1_VS_G.3.6_index_2 [33] 
Ngay: 20130914,20130915,20130921,20130924,20130926,20130927,20130928,20130930,20131001,20131002,20131003,20131004,20131005,20131006
Number is 99
G.DB_index_3_VS_G.5.6_index_1 [34] 
Ngay: 20130910,20130912,20130916,20130921,20130928,20130930,20131001,20131002,20131003,20131004,20131005,20131006,20131008
