Last Date = 20131012
Except date ======= 20131008,20131009,20131010,20131011
required date ======= 20131002,20131003,20131004,20131005,20131006,20131007
Number is 48
G.6.1_index_3_VS_G.5.4_index_4 [10] 
Ngay: 20130913,20130917,20130919,20130922,20130923,20130925,20130927,20130928,20130929,20130930,20131002,20131003,20131004,20131005,20131006,20131007
Number is 55
G.2.2_index_4_VS_G.3.5_index_1 [18] 
Ngay: 20130910,20130915,20130916,20130919,20130920,20130921,20130923,20130925,20130927,20131001,20131002,20131003,20131004,20131005,20131006,20131007
Number is 73
G.6.1_index_1_VS_G.3.1_index_2 [4] 
Ngay: 20130910,20130911,20130912,20130915,20130917,20130923,20130926,20130927,20130929,20131002,20131003,20131004,20131005,20131006,20131007
Number is 78
G.5.5_index_1_VS_G.5.4_index_4 [16] 
Ngay: 20130911,20130912,20130913,20130915,20130921,20130922,20130924,20130927,20130929,20131002,20131003,20131004,20131005,20131006,20131007
G.4.4_index_1_VS_G.5.6_index_1 [12] 
Ngay: 20130911,20130912,20130914,20130915,20130916,20130921,20130923,20130924,20130928,20131002,20131003,20131004,20131005,20131006,20131007
Number is 79
G.2.1_index_4_VS_G.4.1_index_1 [3] 
Ngay: 20130911,20130913,20130915,20130918,20130922,20130926,20130927,20130929,20130930,20131002,20131003,20131004,20131005,20131006,20131007
