Last Date = 20131009
Except date ======= 
required date ======= 20131003,20131004,20131005,20131006,20131007,20131008
Number is 05
G.3.4_index_4_VS_G.3.2_index_5 [1] 
Ngay: 20130911,20130913,20130914,20130915,20130917,20130920,20130923,20130929,20130930,20131001,20131003,20131004,20131005,20131006,20131007,20131008
Number is 06
G.3.6_index_1_VS_G.3.3_index_3 [2] 
Ngay: 20130912,20130913,20130915,20130916,20130924,20130928,20130929,20131001,20131002,20131003,20131004,20131005,20131006,20131007,20131008
Number is 10
G.5.6_index_4_VS_G.6.3_index_3 [3] 
Ngay: 20130910,20130911,20130912,20130914,20130916,20130918,20130919,20130921,20130923,20130926,20130928,20130929,20130930,20131002,20131003,20131004,20131005,20131006,20131007,20131008
Number is 14
G.DB_index_3_VS_G.2.2_index_5 [4] 
Ngay: 20130910,20130911,20130914,20130916,20130920,20130923,20130924,20130926,20130927,20130930,20131001,20131002,20131003,20131004,20131005,20131006,20131007,20131008
Number is 15
G.2.2_index_4_VS_G.5.4_index_1 [5] 
Ngay: 20130910,20130911,20130914,20130915,20130917,20130919,20130920,20130923,20130924,20130925,20130927,20130928,20130930,20131001,20131003,20131004,20131005,20131006,20131007,20131008
Number is 17
G.2.2_index_1_VS_G.DB_index_5 [6] 
Ngay: 20130910,20130913,20130915,20130916,20130918,20130921,20130923,20130928,20130929,20130930,20131003,20131004,20131005,20131006,20131007,20131008
Number is 18
G.2.2_index_1_VS_G.5.4_index_3 [7] 
Ngay: 20130910,20130911,20130912,20130914,20130915,20130917,20130922,20130923,20130926,20130928,20131001,20131003,20131004,20131005,20131006,20131007,20131008
Number is 19
G.2.2_index_1_VS_G.4.3_index_2 [8] 
Ngay: 20130910,20130915,20130921,20130925,20130926,20130927,20131001,20131003,20131004,20131005,20131006,20131007,20131008
Number is 27
G.4.2_index_3_VS_G.3.1_index_1 [9] 
Ngay: 20130914,20130916,20130917,20130920,20130923,20130928,20130929,20131002,20131003,20131004,20131005,20131006,20131007,20131008
Number is 28
G.4.3_index_1_VS_G.3.6_index_3 [10] 
Ngay: 20130912,20130913,20130920,20130922,20130927,20130928,20130930,20131001,20131002,20131003,20131004,20131005,20131006,20131007,20131008
Number is 32
G.3.3_index_4_VS_G.5.4_index_4 [11] 
Ngay: 20130911,20130914,20130915,20130916,20130917,20130918,20130921,20130922,20130923,20130925,20131003,20131004,20131005,20131006,20131007,20131008
Number is 41
G.3.5_index_5_VS_G.6.1_index_1 [12] 
Ngay: 20130911,20130913,20130917,20130921,20130923,20130925,20130928,20130930,20131001,20131003,20131004,20131005,20131006,20131007,20131008
G.4.4_index_4_VS_G.DB_index_3 [13] 
Ngay: 20130910,20130924,20130929,20131002,20131003,20131004,20131005,20131006,20131007,20131008
Number is 53
G.5.4_index_1_VS_G.7.4_index_2 [14] 
Ngay: 20130911,20130912,20130913,20130914,20130917,20130918,20130925,20130930,20131001,20131002,20131003,20131004,20131005,20131006,20131007,20131008
Number is 58
G.3.2_index_2_VS_G.6.2_index_2 [15] 
Ngay: 20130913,20130916,20130917,20130923,20130924,20130926,20130929,20130930,20131003,20131004,20131005,20131006,20131007,20131008
Number is 59
G.5.4_index_1_VS_G.5.1_index_1 [16] 
Ngay: 20130910,20130914,20130915,20130921,20130922,20130925,20130930,20131001,20131002,20131003,20131004,20131005,20131006,20131007,20131008
Number is 70
G.3.1_index_2_VS_G.6.3_index_3 [17] 
Ngay: 20130910,20130913,20130915,20130918,20130923,20130924,20131002,20131003,20131004,20131005,20131006,20131007,20131008
Number is 73
G.4.2_index_1_VS_G.7.3_index_1 [18] 
Ngay: 20130912,20130914,20130916,20130917,20130921,20130923,20130929,20131001,20131003,20131004,20131005,20131006,20131007,20131008
Number is 74
G.3.4_index_2_VS_G.3.5_index_5 [19] 
Ngay: 20130910,20130911,20130912,20130913,20130915,20130918,20130921,20130925,20130927,20130928,20130929,20130930,20131001,20131003,20131004,20131005,20131006,20131007,20131008
Number is 76
G.4.1_index_2_VS_G.4.4_index_3 [20] 
Ngay: 20130911,20130912,20130917,20130918,20130922,20130923,20130928,20131003,20131004,20131005,20131006,20131007,20131008
G.1.1_index_3_VS_G.4.4_index_3 [21] 
Ngay: 20130912,20130913,20130917,20130919,20130920,20130921,20130922,20130927,20130928,20130930,20131003,20131004,20131005,20131006,20131007,20131008
Number is 77
G.3.4_index_2_VS_G.4.1_index_2 [22] 
Ngay: 20130911,20130912,20130914,20130918,20130919,20130922,20130924,20130925,20130926,20131003,20131004,20131005,20131006,20131007,20131008
G.3.1_index_2_VS_G.4.3_index_4 [23] 
Ngay: 20130910,20130912,20130914,20130915,20130916,20130920,20130922,20130923,20130924,20130927,20130928,20130929,20131001,20131003,20131004,20131005,20131006,20131007,20131008
Number is 78
G.1.1_index_3_VS_G.7.1_index_1 [24] 
Ngay: 20130915,20130916,20130918,20130919,20130920,20130924,20130926,20130927,20130928,20130929,20130930,20131001,20131002,20131003,20131004,20131005,20131006,20131007,20131008
Number is 82
G.1.1_index_1_VS_G.4.3_index_3 [25] 
Ngay: 20130910,20130913,20130914,20130915,20130916,20130919,20130922,20130927,20130929,20131001,20131002,20131003,20131004,20131005,20131006,20131007,20131008
Number is 86
G.5.3_index_1_VS_G.2.1_index_1 [26] 
Ngay: 20130910,20130912,20130915,20130918,20130924,20130925,20130926,20130928,20130930,20131002,20131003,20131004,20131005,20131006,20131007,20131008
Number is 91
G.5.1_index_1_VS_G.2.2_index_1 [27] 
Ngay: 20130910,20130916,20130918,20130920,20130924,20130926,20130927,20130929,20130930,20131002,20131003,20131004,20131005,20131006,20131007,20131008
Number is 95
G.4.3_index_2_VS_G.5.4_index_1 [28] 
Ngay: 20130910,20130914,20130915,20130918,20130921,20131002,20131003,20131004,20131005,20131006,20131007,20131008
Number is 97
G.1.1_index_2_VS_G.7.3_index_2 [29] 
Ngay: 20130915,20130917,20130920,20130924,20130925,20130927,20130928,20131001,20131002,20131003,20131004,20131005,20131006,20131007,20131008
G.1.1_index_2_VS_G.DB_index_5 [30] 
Ngay: 20130913,20130914,20130921,20130924,20130926,20130927,20130930,20131003,20131004,20131005,20131006,20131007,20131008
