Last Date = 20131013
Except date ======= 
required date ======= 20131003,20131004,20131005,20131006,20131007,20131008
Number is 00
G.2.2_index_1_VS_G.4.3_index_2 [1] 
Ngay: 20130921,20130925,20130926,20130927,20131001,20131003,20131004,20131005,20131006,20131007,20131008,20131009,20131010
Number is 01
G.2.2_index_1_VS_G.DB_index_5 [2] 
Ngay: 20130921,20130923,20130928,20130929,20130930,20131003,20131004,20131005,20131006,20131007,20131008,20131011
Number is 03
G.1.1_index_1_VS_G.4.3_index_3 [3] 
Ngay: 20130922,20130927,20130929,20131001,20131002,20131003,20131004,20131005,20131006,20131007,20131008,20131009,20131011,20131012
Number is 06
G.3.5_index_5_VS_G.6.1_index_1 [4] 
Ngay: 20130921,20130923,20130925,20130928,20130930,20131001,20131003,20131004,20131005,20131006,20131007,20131008
Number is 08
G.2.2_index_1_VS_G.5.4_index_3 [5] 
Ngay: 20130922,20130923,20130926,20130928,20131001,20131003,20131004,20131005,20131006,20131007,20131008
Number is 09
G.4.3_index_2_VS_G.5.4_index_1 [6] 
Ngay: 20130921,20131002,20131003,20131004,20131005,20131006,20131007,20131008,20131010,20131012
Number is 11
G.1.1_index_2_VS_G.DB_index_5 [7] 
Ngay: 20130921,20130924,20130926,20130927,20130930,20131003,20131004,20131005,20131006,20131007,20131008,20131009
Number is 14
G.1.1_index_2_VS_G.7.3_index_2 [8] 
Ngay: 20130920,20130924,20130925,20130927,20130928,20131001,20131002,20131003,20131004,20131005,20131006,20131007,20131008,20131009,20131010
Number is 20
G.4.2_index_3_VS_G.3.1_index_1 [9] 
Ngay: 20130920,20130923,20130928,20130929,20131002,20131003,20131004,20131005,20131006,20131007,20131008,20131012
Number is 23
G.5.6_index_4_VS_G.6.3_index_3 [10] 
Ngay: 20130921,20130923,20130926,20130928,20130929,20130930,20131002,20131003,20131004,20131005,20131006,20131007,20131008,20131011,20131012
Number is 31
G.3.6_index_1_VS_G.3.3_index_3 [11] 
Ngay: 20130924,20130928,20130929,20131001,20131002,20131003,20131004,20131005,20131006,20131007,20131008,20131010,20131011,20131012
Number is 36
G.DB_index_3_VS_G.2.2_index_5 [12] 
Ngay: 20130920,20130923,20130924,20130926,20130927,20130930,20131001,20131002,20131003,20131004,20131005,20131006,20131007,20131008,20131010,20131012
G.1.1_index_3_VS_G.4.4_index_3 [13] 
Ngay: 20130920,20130921,20130922,20130927,20130928,20130930,20131003,20131004,20131005,20131006,20131007,20131008,20131012
Number is 38
G.1.1_index_3_VS_G.7.1_index_1 [14] 
Ngay: 20130920,20130924,20130926,20130927,20130928,20130929,20130930,20131001,20131002,20131003,20131004,20131005,20131006,20131007,20131008,20131011
Number is 46
G.4.2_index_1_VS_G.7.3_index_1 [15] 
Ngay: 20130921,20130923,20130929,20131001,20131003,20131004,20131005,20131006,20131007,20131008,20131011
Number is 52
G.3.1_index_2_VS_G.4.3_index_4 [16] 
Ngay: 20130920,20130922,20130923,20130924,20130927,20130928,20130929,20131001,20131003,20131004,20131005,20131006,20131007,20131008
Number is 53
G.3.1_index_2_VS_G.6.3_index_3 [17] 
Ngay: 20130923,20130924,20131002,20131003,20131004,20131005,20131006,20131007,20131008,20131011,20131012
Number is 59
G.2.2_index_4_VS_G.5.4_index_1 [18] 
Ngay: 20130920,20130923,20130924,20130925,20130927,20130928,20130930,20131001,20131003,20131004,20131005,20131006,20131007,20131008,20131009
Number is 70
G.5.1_index_1_VS_G.2.2_index_1 [19] 
Ngay: 20130920,20130924,20130926,20130927,20130929,20130930,20131002,20131003,20131004,20131005,20131006,20131007,20131008,20131009
G.3.4_index_2_VS_G.3.5_index_5 [20] 
Ngay: 20130921,20130925,20130927,20130928,20130929,20130930,20131001,20131003,20131004,20131005,20131006,20131007,20131008,20131009
G.5.3_index_1_VS_G.2.1_index_1 [21] 
Ngay: 20130924,20130925,20130926,20130928,20130930,20131002,20131003,20131004,20131005,20131006,20131007,20131008,20131009,20131012
Number is 76
G.4.1_index_2_VS_G.4.4_index_3 [22] 
Ngay: 20130922,20130923,20130928,20131003,20131004,20131005,20131006,20131007,20131008
Number is 77
G.3.4_index_2_VS_G.4.1_index_2 [23] 
Ngay: 20130922,20130924,20130925,20130926,20131003,20131004,20131005,20131006,20131007,20131008,20131010
Number is 82
G.3.2_index_2_VS_G.6.2_index_2 [24] 
Ngay: 20130923,20130924,20130926,20130929,20130930,20131003,20131004,20131005,20131006,20131007,20131008,20131011,20131012
Number is 84
G.3.4_index_4_VS_G.3.2_index_5 [25] 
Ngay: 20130920,20130923,20130929,20130930,20131001,20131003,20131004,20131005,20131006,20131007,20131008,20131012
Number is 90
G.3.3_index_4_VS_G.5.4_index_4 [26] 
Ngay: 20130921,20130922,20130923,20130925,20131003,20131004,20131005,20131006,20131007,20131008,20131011
Number is 93
G.4.4_index_4_VS_G.DB_index_3 [27] 
Ngay: 20130924,20130929,20131002,20131003,20131004,20131005,20131006,20131007,20131008,20131010,20131011,20131012
Number is 97
G.5.4_index_1_VS_G.5.1_index_1 [28] 
Ngay: 20130921,20130922,20130925,20130930,20131001,20131002,20131003,20131004,20131005,20131006,20131007,20131008,20131012
Number is 98
G.4.3_index_1_VS_G.3.6_index_3 [29] 
Ngay: 20130920,20130922,20130927,20130928,20130930,20131001,20131002,20131003,20131004,20131005,20131006,20131007,20131008,20131009
Number is 99
G.5.4_index_1_VS_G.7.4_index_2 [30] 
Ngay: 20130925,20130930,20131001,20131002,20131003,20131004,20131005,20131006,20131007,20131008,20131009,20131010,20131012
