Last Date = 20131013
Except date ======= 
required date ======= 20131007,20131008,20131009,20131010,20131011,20131012
Number is 05
G.4.1_index_4_VS_G.1.1_index_4 [1] 
Ngay: 20130920,20130924,20130928,20130930,20131002,20131007,20131008,20131009,20131010,20131011,20131012
Number is 08
G.1.1_index_1_VS_G.5.5_index_4 [2] 
Ngay: 20130920,20130922,20130923,20130928,20131001,20131003,20131005,20131007,20131008,20131009,20131010,20131011,20131012
Number is 12
G.1.1_index_2_VS_G.4.3_index_4 [3] 
Ngay: 20130920,20130921,20130923,20130924,20130925,20130926,20130927,20130928,20131003,20131005,20131006,20131007,20131008,20131009,20131010,20131011,20131012
Number is 19
G.1.1_index_2_VS_G.5.5_index_2 [4] 
Ngay: 20130921,20130923,20130926,20130928,20131004,20131007,20131008,20131009,20131010,20131011,20131012
G.DB_index_5_VS_G.4.4_index_4 [5] 
Ngay: 20130924,20130926,20130929,20130930,20131004,20131005,20131006,20131007,20131008,20131009,20131010,20131011,20131012
Number is 21
G.5.2_index_3_VS_G.DB_index_2 [6] 
Ngay: 20130923,20130927,20130928,20130930,20131001,20131003,20131004,20131007,20131008,20131009,20131010,20131011,20131012
Number is 30
G.3.5_index_4_VS_G.4.3_index_2 [7] 
Ngay: 20130921,20130925,20130926,20130927,20130929,20131004,20131007,20131008,20131009,20131010,20131011,20131012
Number is 34
G.4.3_index_3_VS_G.5.4_index_2 [8] 
Ngay: 20130920,20130921,20130924,20130925,20130926,20130929,20130930,20131002,20131003,20131004,20131006,20131007,20131008,20131009,20131010,20131011,20131012
Number is 38
G.4.3_index_3_VS_G.5.2_index_1 [9] 
Ngay: 20130920,20130925,20130926,20130927,20131001,20131003,20131005,20131007,20131008,20131009,20131010,20131011,20131012
Number is 48
G.7.2_index_1_VS_G.7.1_index_1 [10] 
Ngay: 20130920,20130922,20130924,20130929,20131004,20131005,20131007,20131008,20131009,20131010,20131011,20131012
Number is 49
G.4.2_index_2_VS_G.5.5_index_2 [11] 
Ngay: 20130922,20130926,20130927,20130930,20131002,20131004,20131007,20131008,20131009,20131010,20131011,20131012
Number is 50
G.3.4_index_1_VS_G.5.4_index_4 [12] 
Ngay: 20130922,20130924,20130925,20130926,20130928,20130930,20131002,20131003,20131005,20131007,20131008,20131009,20131010,20131011,20131012
Number is 54
G.4.1_index_1_VS_G.2.1_index_3 [13] 
Ngay: 20130920,20130925,20131002,20131007,20131008,20131009,20131010,20131011,20131012
G.3.1_index_3_VS_G.3.6_index_5 [14] 
Ngay: 20130920,20130921,20130922,20130923,20130925,20130930,20131001,20131007,20131008,20131009,20131010,20131011,20131012
Number is 60
G.7.3_index_1_VS_G.2.2_index_1 [15] 
Ngay: 20130920,20130922,20130924,20130926,20130929,20131002,20131003,20131006,20131007,20131008,20131009,20131010,20131011,20131012
Number is 61
G.2.2_index_5_VS_G.3.3_index_3 [16] 
Ngay: 20130922,20130923,20130924,20130926,20130927,20130929,20130930,20131001,20131003,20131007,20131008,20131009,20131010,20131011,20131012
Number is 78
G.3.2_index_4_VS_G.3.1_index_4 [17] 
Ngay: 20130920,20130922,20130926,20131001,20131003,20131005,20131007,20131008,20131009,20131010,20131011,20131012
Number is 79
G.5.3_index_1_VS_G.5.5_index_2 [18] 
Ngay: 20130921,20130922,20130923,20130924,20130925,20130926,20130930,20131005,20131007,20131008,20131009,20131010,20131011,20131012
G.3.2_index_4_VS_G.4.4_index_4 [19] 
Ngay: 20130921,20130923,20130926,20130929,20131003,20131004,20131007,20131008,20131009,20131010,20131011,20131012
Number is 89
G.7.1_index_1_VS_G.4.3_index_1 [20] 
Ngay: 20130922,20130924,20130925,20130926,20130927,20130928,20130930,20131001,20131007,20131008,20131009,20131010,20131011,20131012
G.2.2_index_2_VS_G.5.5_index_2 [21] 
Ngay: 20130921,20130922,20130923,20130925,20130926,20130927,20130929,20130930,20131004,20131007,20131008,20131009,20131010,20131011,20131012
Number is 93
G.5.5_index_2_VS_G.4.4_index_2 [22] 
Ngay: 20130923,20130928,20130929,20131007,20131008,20131009,20131010,20131011,20131012
Number is 97
G.5.5_index_2_VS_G.3.2_index_4 [23] 
Ngay: 20130921,20130927,20130929,20130930,20131001,20131007,20131008,20131009,20131010,20131011,20131012
