Last Date = 20131016
Except date ======= 
required date ======= 20131010,20131011,20131012,20131013,20131014,20131015
Number is 05
G.3.3_index_5_VS_G.3.3_index_3 [1] 
Ngay: 20130923,20130927,20130929,20131001,20131003,20131006,20131007,20131010,20131011,20131012,20131013,20131014,20131015
Number is 06
G.1.1_index_2_VS_G.5.5_index_2 [2] 
Ngay: 20130921,20130923,20130926,20130928,20131004,20131007,20131008,20131009,20131010,20131011,20131012,20131013,20131014,20131015
Number is 09
G.3.3_index_5_VS_G.3.2_index_2 [3] 
Ngay: 20130920,20130921,20130922,20130925,20130926,20130927,20130929,20131001,20131002,20131003,20131006,20131008,20131009,20131010,20131011,20131012,20131013,20131014,20131015
Number is 12
G.3.3_index_1_VS_G.3.1_index_3 [4] 
Ngay: 20130921,20130922,20130923,20130924,20130928,20131002,20131004,20131005,20131006,20131008,20131009,20131010,20131011,20131012,20131013,20131014,20131015
G.3.3_index_1_VS_G.6.2_index_1 [5] 
Ngay: 20130920,20130922,20130923,20130924,20130925,20130926,20130928,20131001,20131002,20131006,20131010,20131011,20131012,20131013,20131014,20131015
Number is 20
G.3.6_index_5_VS_G.5.6_index_1 [6] 
Ngay: 20130923,20130924,20130925,20130930,20131001,20131004,20131010,20131011,20131012,20131013,20131014,20131015
Number is 26
G.6.1_index_1_VS_G.5.1_index_3 [7] 
Ngay: 20130921,20130927,20130928,20130929,20130930,20131002,20131003,20131004,20131005,20131007,20131010,20131011,20131012,20131013,20131014,20131015
Number is 29
G.5.3_index_1_VS_G.2.1_index_3 [8] 
Ngay: 20130920,20130922,20130923,20130924,20130925,20130926,20130927,20130928,20131004,20131008,20131009,20131010,20131011,20131012,20131013,20131014,20131015
Number is 31
G.5.1_index_4_VS_G.3.3_index_1 [9] 
Ngay: 20130921,20130923,20130925,20130928,20130929,20130930,20131001,20131005,20131008,20131010,20131011,20131012,20131013,20131014,20131015
Number is 32
G.4.3_index_4_VS_G.5.3_index_1 [10] 
Ngay: 20130923,20130924,20130925,20130926,20130928,20130930,20131006,20131007,20131010,20131011,20131012,20131013,20131014,20131015
Number is 39
G.5.1_index_4_VS_G.3.6_index_1 [11] 
Ngay: 20130925,20130927,20130928,20130930,20131002,20131003,20131004,20131005,20131006,20131008,20131010,20131011,20131012,20131013,20131014,20131015
G.5.2_index_4_VS_G.6.3_index_2 [12] 
Ngay: 20130920,20130921,20130926,20130929,20131001,20131002,20131004,20131005,20131008,20131009,20131010,20131011,20131012,20131013,20131014,20131015
Number is 56
G.5.4_index_3_VS_G.5.5_index_2 [13] 
Ngay: 20130922,20130926,20130928,20130929,20130930,20131004,20131006,20131008,20131009,20131010,20131011,20131012,20131013,20131014,20131015
Number is 66
G.5.5_index_2_VS_G.4.3_index_1 [14] 
Ngay: 20130920,20130922,20130927,20130929,20131008,20131009,20131010,20131011,20131012,20131013,20131014,20131015
Number is 68
G.5.1_index_3_VS_G.5.4_index_2 [15] 
Ngay: 20130920,20130921,20130922,20130924,20130925,20130927,20130928,20131002,20131004,20131010,20131011,20131012,20131013,20131014,20131015
Number is 75
G.4.2_index_3_VS_G.1.1_index_1 [16] 
Ngay: 20130922,20130926,20130927,20130929,20130930,20131002,20131004,20131006,20131007,20131009,20131010,20131011,20131012,20131013,20131014,20131015
G.3.4_index_1_VS_G.DB_index_3 [17] 
Ngay: 20130927,20130928,20131001,20131002,20131003,20131004,20131005,20131008,20131010,20131011,20131012,20131013,20131014,20131015
Number is 89
G.4.1_index_1_VS_G.3.6_index_1 [18] 
Ngay: 20130920,20130921,20130923,20130925,20130927,20130929,20131002,20131004,20131007,20131009,20131010,20131011,20131012,20131013,20131014,20131015
Number is 92
G.2.1_index_3_VS_G.2.2_index_2 [19] 
Ngay: 20130920,20130921,20130922,20130923,20130924,20130925,20130926,20130928,20131004,20131005,20131008,20131010,20131011,20131012,20131013,20131014,20131015
Number is 96
G.7.4_index_1_VS_G.5.1_index_3 [20] 
Ngay: 20130923,20130925,20130926,20130927,20131001,20131002,20131005,20131006,20131009,20131010,20131011,20131012,20131013,20131014,20131015
G.3.2_index_2_VS_G.5.5_index_2 [21] 
Ngay: 20130920,20130921,20130923,20130925,20130926,20130928,20130929,20130930,20131001,20131004,20131006,20131008,20131010,20131011,20131012,20131013,20131014,20131015
Number is 99
G.DB_index_4_VS_G.3.1_index_4 [22] 
Ngay: 20130920,20130921,20130922,20130924,20130927,20130928,20130929,20131004,20131006,20131010,20131011,20131012,20131013,20131014,20131015
G.3.2_index_2_VS_G.4.4_index_4 [23] 
Ngay: 20130920,20130921,20130927,20130928,20130930,20131001,20131002,20131006,20131007,20131008,20131010,20131011,20131012,20131013,20131014,20131015
