Last Date = 20131021
Except date ======= 20131017,20131018,20131019,20131020
required date ======= 20131011,20131012,20131013,20131014,20131015,20131016
Number is 06
G.5.6_index_4_VS_G.3.3_index_5 [8] 
Ngay: 20130922,20130923,20130925,20130926,20130927,20130929,20130930,20131001,20131002,20131009,20131011,20131012,20131013,20131014,20131015,20131016
Number is 52
G.3.5_index_4_VS_G.3.1_index_3 [24] 
Ngay: 20130922,20130924,20130925,20130926,20130928,20130930,20131002,20131003,20131004,20131005,20131008,20131011,20131012,20131013,20131014,20131015,20131016
Number is 61
G.3.3_index_5_VS_G.3.2_index_2 [5] 
Ngay: 20130920,20130921,20130922,20130925,20130926,20130927,20130929,20131001,20131002,20131003,20131006,20131008,20131009,20131010,20131011,20131012,20131013,20131014,20131015,20131016
