Last Date = 20131017
Except date ======= 
required date ======= 20131011,20131012,20131013,20131014,20131015,20131016
Number is 06
G.5.2_index_4_VS_G.6.3_index_2 [1] 
Ngay: 20130920,20130921,20130926,20130929,20131001,20131002,20131004,20131005,20131008,20131009,20131010,20131011,20131012,20131013,20131014,20131015,20131016
Number is 08
G.5.2_index_3_VS_G.3.3_index_4 [2] 
Ngay: 20130920,20130922,20130928,20131001,20131002,20131003,20131005,20131008,20131009,20131011,20131012,20131013,20131014,20131015,20131016
Number is 14
G.4.4_index_4_VS_G.5.6_index_4 [3] 
Ngay: 20130927,20130928,20130929,20131003,20131007,20131008,20131011,20131012,20131013,20131014,20131015,20131016
Number is 20
G.5.1_index_3_VS_G.5.4_index_2 [4] 
Ngay: 20130920,20130921,20130922,20130924,20130925,20130927,20130928,20131002,20131004,20131010,20131011,20131012,20131013,20131014,20131015,20131016
Number is 24
G.3.3_index_5_VS_G.3.2_index_2 [5] 
Ngay: 20130920,20130921,20130922,20130925,20130926,20130927,20130929,20131001,20131002,20131003,20131006,20131008,20131009,20131010,20131011,20131012,20131013,20131014,20131015,20131016
Number is 40
G.5.6_index_4_VS_G.5.2_index_4 [6] 
Ngay: 20130920,20130922,20130926,20130928,20131007,20131008,20131011,20131012,20131013,20131014,20131015,20131016
Number is 41
G.3.2_index_2_VS_G.4.4_index_4 [7] 
Ngay: 20130920,20130921,20130927,20130928,20130930,20131001,20131002,20131006,20131007,20131008,20131010,20131011,20131012,20131013,20131014,20131015,20131016
Number is 42
G.5.6_index_4_VS_G.3.3_index_5 [8] 
Ngay: 20130922,20130923,20130925,20130926,20130927,20130929,20130930,20131001,20131002,20131009,20131011,20131012,20131013,20131014,20131015,20131016
Number is 43
G.7.4_index_2_VS_G.3.4_index_5 [9] 
Ngay: 20130922,20130923,20130924,20130925,20130927,20131002,20131007,20131011,20131012,20131013,20131014,20131015,20131016
Number is 44
G.7.4_index_2_VS_G.5.6_index_4 [10] 
Ngay: 20130921,20130922,20130923,20130926,20130927,20130929,20131001,20131002,20131003,20131008,20131009,20131011,20131012,20131013,20131014,20131015,20131016
Number is 53
G.3.6_index_1_VS_G.2.1_index_3 [11] 
Ngay: 20130921,20130924,20130925,20130930,20131004,20131005,20131006,20131007,20131008,20131011,20131012,20131013,20131014,20131015,20131016
Number is 54
G.5.1_index_4_VS_G.3.3_index_1 [12] 
Ngay: 20130921,20130923,20130925,20130928,20130929,20130930,20131001,20131005,20131008,20131010,20131011,20131012,20131013,20131014,20131015,20131016
Number is 55
G.5.1_index_4_VS_G.3.6_index_1 [13] 
Ngay: 20130925,20130927,20130928,20130930,20131002,20131003,20131004,20131005,20131006,20131008,20131010,20131011,20131012,20131013,20131014,20131015,20131016
Number is 64
G.6.3_index_2_VS_G.7.4_index_2 [14] 
Ngay: 20130923,20130925,20130927,20130928,20131001,20131002,20131004,20131005,20131008,20131011,20131012,20131013,20131014,20131015,20131016
Number is 70
G.DB_index_4_VS_G.3.1_index_4 [15] 
Ngay: 20130920,20130921,20130922,20130924,20130927,20130928,20130929,20131004,20131006,20131010,20131011,20131012,20131013,20131014,20131015,20131016
Number is 72
G.3.4_index_1_VS_G.7.1_index_1 [16] 
Ngay: 20130924,20130925,20130926,20130927,20130928,20130929,20130930,20131001,20131002,20131004,20131007,20131008,20131009,20131011,20131012,20131013,20131014,20131015,20131016
G.3.4_index_1_VS_G.DB_index_3 [17] 
Ngay: 20130927,20130928,20131001,20131002,20131003,20131004,20131005,20131008,20131010,20131011,20131012,20131013,20131014,20131015,20131016
Number is 80
G.6.3_index_3_VS_G.4.1_index_3 [18] 
Ngay: 20130921,20130925,20130927,20130930,20131002,20131008,20131011,20131012,20131013,20131014,20131015,20131016
Number is 81
G.4.2_index_3_VS_G.1.1_index_1 [19] 
Ngay: 20130922,20130926,20130927,20130929,20130930,20131002,20131004,20131006,20131007,20131009,20131010,20131011,20131012,20131013,20131014,20131015,20131016
G.4.2_index_3_VS_G.5.3_index_3 [20] 
Ngay: 20130921,20130926,20130927,20130928,20130929,20131002,20131004,20131007,20131008,20131009,20131011,20131012,20131013,20131014,20131015,20131016
Number is 83
G.5.3_index_1_VS_G.3.4_index_4 [21] 
Ngay: 20130923,20130926,20130928,20131001,20131003,20131004,20131005,20131006,20131009,20131011,20131012,20131013,20131014,20131015,20131016
Number is 87
G.3.3_index_4_VS_G.2.2_index_4 [22] 
Ngay: 20130920,20130921,20130922,20130925,20130928,20131001,20131003,20131009,20131011,20131012,20131013,20131014,20131015,20131016
Number is 92
G.3.1_index_2_VS_G.5.1_index_3 [23] 
Ngay: 20130922,20130923,20130926,20130927,20131002,20131003,20131006,20131009,20131011,20131012,20131013,20131014,20131015,20131016
Number is 94
G.3.5_index_4_VS_G.3.1_index_3 [24] 
Ngay: 20130922,20130924,20130925,20130926,20130928,20130930,20131002,20131003,20131004,20131005,20131008,20131011,20131012,20131013,20131014,20131015,20131016
Number is 96
G.3.1_index_2_VS_G.DB_index_2 [25] 
Ngay: 20130920,20130926,20130927,20131002,20131004,20131005,20131007,20131011,20131012,20131013,20131014,20131015,20131016
Number is 99
G.3.1_index_2_VS_G.7.3_index_2 [26] 
Ngay: 20130920,20130926,20130927,20130929,20131002,20131007,20131008,20131011,20131012,20131013,20131014,20131015,20131016
