Last Date = 20131018
Except date ======= 
required date ======= 20131012,20131013,20131014,20131015,20131016,20131017
Number is 05
G.5.1_index_4_VS_G.3.3_index_1 [1] 
Ngay: 20130921,20130923,20130925,20130928,20130929,20130930,20131001,20131005,20131008,20131010,20131011,20131012,20131013,20131014,20131015,20131016,20131017
Number is 07
G.5.6_index_4_VS_G.5.2_index_4 [2] 
Ngay: 20130920,20130922,20130926,20130928,20131007,20131008,20131011,20131012,20131013,20131014,20131015,20131016,20131017
G.5.1_index_4_VS_G.3.6_index_1 [3] 
Ngay: 20130925,20130927,20130928,20130930,20131002,20131003,20131004,20131005,20131006,20131008,20131010,20131011,20131012,20131013,20131014,20131015,20131016,20131017
Number is 09
G.DB_index_4_VS_G.3.4_index_5 [4] 
Ngay: 20130920,20130921,20130922,20130925,20130926,20130927,20130929,20131003,20131004,20131008,20131009,20131012,20131013,20131014,20131015,20131016,20131017
Number is 17
G.4.4_index_1_VS_G.5.4_index_1 [5] 
Ngay: 20130920,20130921,20130922,20130924,20130925,20130930,20131002,20131003,20131004,20131005,20131006,20131012,20131013,20131014,20131015,20131016,20131017
Number is 24
G.3.4_index_1_VS_G.7.1_index_1 [6] 
Ngay: 20130924,20130925,20130926,20130927,20130928,20130929,20130930,20131001,20131002,20131004,20131007,20131008,20131009,20131011,20131012,20131013,20131014,20131015,20131016,20131017
Number is 25
G.3.4_index_1_VS_G.DB_index_3 [7] 
Ngay: 20130927,20130928,20131001,20131002,20131003,20131004,20131005,20131008,20131010,20131011,20131012,20131013,20131014,20131015,20131016,20131017
Number is 26
G.3.1_index_4_VS_G.5.6_index_1 [8] 
Ngay: 20130923,20130924,20130925,20130926,20130928,20131002,20131003,20131007,20131008,20131009,20131010,20131012,20131013,20131014,20131015,20131016,20131017
Number is 30
G.4.1_index_4_VS_G.5.1_index_4 [9] 
Ngay: 20130921,20130925,20130926,20130928,20130929,20130930,20131007,20131008,20131009,20131012,20131013,20131014,20131015,20131016,20131017
Number is 38
G.4.1_index_4_VS_G.6.3_index_2 [10] 
Ngay: 20130923,20130925,20130927,20130928,20131006,20131007,20131009,20131010,20131012,20131013,20131014,20131015,20131016,20131017
Number is 39
G.4.1_index_4_VS_G.6.1_index_2 [11] 
Ngay: 20130920,20130923,20130925,20130926,20130927,20131001,20131006,20131012,20131013,20131014,20131015,20131016,20131017
Number is 43
G.3.1_index_2_VS_G.5.1_index_3 [12] 
Ngay: 20130922,20130923,20130926,20130927,20131002,20131003,20131006,20131009,20131011,20131012,20131013,20131014,20131015,20131016,20131017
Number is 44
G.3.1_index_2_VS_G.DB_index_2 [13] 
Ngay: 20130920,20130926,20130927,20131002,20131004,20131005,20131007,20131011,20131012,20131013,20131014,20131015,20131016,20131017
Number is 60
G.7.4_index_2_VS_G.5.6_index_4 [14] 
Ngay: 20130921,20130922,20130923,20130926,20130927,20130929,20131001,20131002,20131003,20131008,20131009,20131011,20131012,20131013,20131014,20131015,20131016,20131017
Number is 61
G.7.4_index_2_VS_G.3.2_index_2 [15] 
Ngay: 20130920,20130922,20130923,20130924,20130927,20131001,20131002,20131006,20131008,20131009,20131010,20131012,20131013,20131014,20131015,20131016,20131017
Number is 67
G.7.4_index_2_VS_G.5.2_index_3 [16] 
Ngay: 20130925,20130926,20130927,20130930,20131002,20131003,20131005,20131008,20131009,20131010,20131012,20131013,20131014,20131015,20131016,20131017
G.5.4_index_4_VS_G.5.4_index_1 [17] 
Ngay: 20130925,20130926,20130927,20130928,20131002,20131003,20131004,20131006,20131012,20131013,20131014,20131015,20131016,20131017
G.2.2_index_1_VS_G.4.3_index_4 [18] 
Ngay: 20130920,20130921,20130923,20130926,20130927,20130930,20131001,20131003,20131005,20131006,20131007,20131008,20131010,20131012,20131013,20131014,20131015,20131016,20131017
Number is 72
G.5.3_index_1_VS_G.3.4_index_4 [19] 
Ngay: 20130923,20130926,20130928,20131001,20131003,20131004,20131005,20131006,20131009,20131011,20131012,20131013,20131014,20131015,20131016,20131017
Number is 76
G.3.5_index_1_VS_G.5.5_index_3 [20] 
Ngay: 20130921,20130924,20130927,20130930,20131001,20131004,20131008,20131009,20131012,20131013,20131014,20131015,20131016,20131017
Number is 77
G.4.3_index_4_VS_G.5.4_index_1 [21] 
Ngay: 20130920,20130922,20130923,20130924,20130925,20130926,20130930,20131004,20131007,20131008,20131010,20131012,20131013,20131014,20131015,20131016,20131017
Number is 78
G.4.3_index_4_VS_G.3.2_index_1 [22] 
Ngay: 20130920,20130921,20130923,20130924,20130925,20130927,20130929,20131003,20131004,20131005,20131007,20131012,20131013,20131014,20131015,20131016,20131017
G.5.2_index_4_VS_G.6.3_index_2 [23] 
Ngay: 20130920,20130921,20130926,20130929,20131001,20131002,20131004,20131005,20131008,20131009,20131010,20131011,20131012,20131013,20131014,20131015,20131016,20131017
Number is 79
G.3.6_index_1_VS_G.2.1_index_3 [24] 
Ngay: 20130921,20130924,20130925,20130930,20131004,20131005,20131006,20131007,20131008,20131011,20131012,20131013,20131014,20131015,20131016,20131017
Number is 96
G.3.1_index_3_VS_G.6.1_index_3 [25] 
Ngay: 20130921,20130922,20130923,20130924,20130929,20130930,20131005,20131008,20131009,20131012,20131013,20131014,20131015,20131016,20131017
Number is 97
G.2.1_index_3_VS_G.5.2_index_4 [26] 
Ngay: 20130921,20130927,20130928,20131002,20131004,20131005,20131007,20131008,20131009,20131010,20131012,20131013,20131014,20131015,20131016,20131017
