Last Date = 20131026
Except date ======= 
required date ======= 20131016,20131017,20131018,20131019,20131020,20131021
Number is 08
G.4.1_index_3_VS_G.5.1_index_2 [1] 
Ngay: 20131001,20131002,20131004,20131006,20131008,20131013,20131016,20131017,20131018,20131019,20131020,20131021,20131023,20131024,20131025
G.5.3_index_1_VS_G.4.4_index_3 [2] 
Ngay: 20131001,20131003,20131004,20131006,20131008,20131009,20131010,20131014,20131015,20131016,20131017,20131018,20131019,20131020,20131021
Number is 11
G.2.2_index_3_VS_G.3.3_index_2 [3] 
Ngay: 20131003,20131004,20131005,20131006,20131010,20131012,20131014,20131016,20131017,20131018,20131019,20131020,20131021,20131023
Number is 21
G.5.2_index_1_VS_G.3.6_index_5 [4] 
Ngay: 20131001,20131006,20131007,20131008,20131010,20131012,20131013,20131016,20131017,20131018,20131019,20131020,20131021,20131024
Number is 22
G.2.2_index_2_VS_G.5.2_index_1 [5] 
Ngay: 20131001,20131006,20131008,20131011,20131012,20131014,20131016,20131017,20131018,20131019,20131020,20131021,20131022,20131025
Number is 26
G.2.2_index_4_VS_G.4.2_index_4 [6] 
Ngay: 20131001,20131002,20131007,20131010,20131011,20131013,20131015,20131016,20131017,20131018,20131019,20131020,20131021,20131023,20131025
Number is 31
G.6.1_index_3_VS_G.5.1_index_1 [7] 
Ngay: 20131002,20131003,20131005,20131006,20131008,20131011,20131013,20131016,20131017,20131018,20131019,20131020,20131021,20131024
Number is 32
G.7.1_index_2_VS_G.2.2_index_2 [8] 
Ngay: 20131002,20131008,20131012,20131013,20131014,20131016,20131017,20131018,20131019,20131020,20131021,20131022,20131023
G.5.2_index_2_VS_G.2.2_index_5 [9] 
Ngay: 20131001,20131004,20131007,20131008,20131009,20131010,20131016,20131017,20131018,20131019,20131020,20131021,20131024
Number is 35
G.5.6_index_1_VS_G.6.3_index_3 [10] 
Ngay: 20131002,20131004,20131007,20131011,20131012,20131013,20131014,20131016,20131017,20131018,20131019,20131020,20131021,20131023,20131024
Number is 36
G.5.2_index_2_VS_G.5.2_index_3 [11] 
Ngay: 20131004,20131006,20131007,20131008,20131009,20131011,20131012,20131014,20131016,20131017,20131018,20131019,20131020,20131021,20131024,20131025
Number is 40
G.DB_index_4_VS_G.3.2_index_5 [12] 
Ngay: 20131002,20131003,20131006,20131014,20131016,20131017,20131018,20131019,20131020,20131021,20131022,20131025
Number is 49
G.4.1_index_2_VS_G.4.4_index_1 [13] 
Ngay: 20131003,20131004,20131005,20131006,20131007,20131013,20131014,20131015,20131016,20131017,20131018,20131019,20131020,20131021,20131024
Number is 52
G.3.1_index_2_VS_G.5.2_index_4 [14] 
Ngay: 20131002,20131006,20131007,20131008,20131010,20131011,20131012,20131014,20131016,20131017,20131018,20131019,20131020,20131021,20131023,20131025
Number is 58
G.3.1_index_2_VS_G.DB_index_3 [15] 
Ngay: 20131001,20131002,20131004,20131005,20131006,20131007,20131008,20131012,20131013,20131016,20131017,20131018,20131019,20131020,20131021,20131024
Number is 61
G.1.1_index_3_VS_G.7.2_index_2 [16] 
Ngay: 20131002,20131012,20131014,20131016,20131017,20131018,20131019,20131020,20131021,20131022,20131023,20131024,20131025
Number is 69
G.3.4_index_1_VS_G.4.4_index_1 [17] 
Ngay: 20131003,20131007,20131008,20131013,20131014,20131015,20131016,20131017,20131018,20131019,20131020,20131021,20131023
Number is 87
G.7.2_index_1_VS_G.4.2_index_3 [18] 
Ngay: 20131001,20131008,20131009,20131012,20131016,20131017,20131018,20131019,20131020,20131021
Number is 88
G.7.2_index_1_VS_G.6.2_index_3 [19] 
Ngay: 20131002,20131004,20131007,20131013,20131016,20131017,20131018,20131019,20131020,20131021,20131022
