Last Date = 20131028
Except date ======= 
required date ======= 20131018,20131019,20131020,20131021,20131022,20131023
Number is 00
G.3.3_index_3_VS_G.3.1_index_4 [1] 
Ngay: 20131001,20131003,20131009,20131010,20131011,20131012,20131014,20131015,20131018,20131019,20131020,20131021,20131022,20131023,20131024,20131025,20131026
Number is 05
G.7.1_index_2_VS_G.2.2_index_2 [2] 
Ngay: 20131002,20131008,20131012,20131013,20131014,20131016,20131017,20131018,20131019,20131020,20131021,20131022,20131023
Number is 06
G.1.1_index_3_VS_G.7.2_index_2 [3] 
Ngay: 20131002,20131012,20131014,20131016,20131017,20131018,20131019,20131020,20131021,20131022,20131023,20131024,20131025,20131026
Number is 10
G.6.1_index_2_VS_G.3.5_index_3 [4] 
Ngay: 20131001,20131002,20131011,20131018,20131019,20131020,20131021,20131022,20131023,20131026,20131027
Number is 15
G.6.1_index_3_VS_G.5.4_index_2 [5] 
Ngay: 20131003,20131004,20131005,20131006,20131011,20131012,20131013,20131015,20131017,20131018,20131019,20131020,20131021,20131022,20131023,20131025,20131027
Number is 27
G.3.6_index_4_VS_G.3.4_index_5 [6] 
Ngay: 20131006,20131007,20131008,20131009,20131011,20131012,20131015,20131016,20131018,20131019,20131020,20131021,20131022,20131023,20131024,20131025,20131026,20131027
Number is 29
G.DB_index_5_VS_G.3.3_index_4 [7] 
Ngay: 20131002,20131004,20131005,20131008,20131012,20131013,20131017,20131018,20131019,20131020,20131021,20131022,20131023,20131027
Number is 43
G.1.1_index_1_VS_G.5.6_index_2 [8] 
Ngay: 20131002,20131003,20131005,20131006,20131007,20131010,20131011,20131012,20131013,20131015,20131016,20131018,20131019,20131020,20131021,20131022,20131023,20131025,20131026
Number is 68
G.7.4_index_2_VS_G.2.2_index_4 [9] 
Ngay: 20131004,20131008,20131009,20131010,20131011,20131012,20131013,20131015,20131018,20131019,20131020,20131021,20131022,20131023
Number is 72
G.7.1_index_1_VS_G.2.2_index_5 [10] 
Ngay: 20131001,20131004,20131007,20131008,20131009,20131013,20131018,20131019,20131020,20131021,20131022,20131023,20131024
Number is 73
G.7.1_index_1_VS_G.7.3_index_2 [11] 
Ngay: 20131002,20131003,20131007,20131011,20131013,20131014,20131015,20131017,20131018,20131019,20131020,20131021,20131022,20131023,20131024
Number is 83
G.3.1_index_5_VS_G.7.3_index_2 [12] 
Ngay: 20131002,20131003,20131005,20131008,20131010,20131013,20131015,20131018,20131019,20131020,20131021,20131022,20131023,20131024,20131026
Number is 98
G.5.2_index_1_VS_G.3.5_index_1 [13] 
Ngay: 20131002,20131008,20131018,20131019,20131020,20131021,20131022,20131023
