Last Date = 20131028
Except date ======= 
required date ======= 20131022,20131023,20131024,20131025,20131026,20131027
Number is 00
G.3.3_index_3_VS_G.1.1_index_3 [1] 
Ngay: 20131002,20131003,20131005,20131007,20131008,20131010,20131018,20131022,20131023,20131024,20131025,20131026,20131027
Number is 03
G.1.1_index_3_VS_G.5.6_index_2 [2] 
Ngay: 20131003,20131005,20131006,20131010,20131014,20131016,20131019,20131020,20131022,20131023,20131024,20131025,20131026,20131027
Number is 06
G.3.6_index_1_VS_G.3.3_index_5 [3] 
Ngay: 20131002,20131005,20131013,20131014,20131016,20131018,20131019,20131021,20131022,20131023,20131024,20131025,20131026,20131027
G.3.3_index_3_VS_G.4.2_index_1 [4] 
Ngay: 20131001,20131005,20131007,20131011,20131014,20131015,20131019,20131021,20131022,20131023,20131024,20131025,20131026,20131027
Number is 08
G.1.1_index_3_VS_G.2.1_index_3 [5] 
Ngay: 20131004,20131005,20131008,20131009,20131013,20131014,20131016,20131018,20131019,20131020,20131022,20131023,20131024,20131025,20131026,20131027
G.3.5_index_3_VS_G.3.1_index_2 [6] 
Ngay: 20131001,20131002,20131003,20131005,20131007,20131009,20131012,20131013,20131016,20131017,20131018,20131021,20131022,20131023,20131024,20131025,20131026,20131027
Number is 10
G.6.1_index_3_VS_G.3.5_index_3 [7] 
Ngay: 20131001,20131002,20131003,20131005,20131010,20131016,20131019,20131020,20131022,20131023,20131024,20131025,20131026,20131027
Number is 26
G.3.6_index_4_VS_G.5.3_index_2 [8] 
Ngay: 20131001,20131002,20131012,20131014,20131016,20131020,20131022,20131023,20131024,20131025,20131026,20131027
Number is 27
G.3.6_index_4_VS_G.3.4_index_5 [9] 
Ngay: 20131006,20131007,20131008,20131009,20131011,20131012,20131015,20131016,20131018,20131019,20131020,20131021,20131022,20131023,20131024,20131025,20131026,20131027
Number is 28
G.6.1_index_1_VS_G.3.1_index_2 [10] 
Ngay: 20131002,20131003,20131004,20131005,20131006,20131007,20131016,20131017,20131019,20131022,20131023,20131024,20131025,20131026,20131027
Number is 30
G.5.5_index_3_VS_G.1.1_index_3 [11] 
Ngay: 20131002,20131007,20131008,20131011,20131012,20131013,20131014,20131016,20131021,20131022,20131023,20131024,20131025,20131026,20131027
Number is 33
G.5.5_index_3_VS_G.4.3_index_2 [12] 
Ngay: 20131001,20131002,20131004,20131007,20131008,20131012,20131013,20131015,20131019,20131022,20131023,20131024,20131025,20131026,20131027
Number is 34
G.3.2_index_5_VS_G.3.2_index_1 [13] 
Ngay: 20131002,20131004,20131007,20131008,20131010,20131013,20131021,20131022,20131023,20131024,20131025,20131026,20131027
Number is 36
G.4.4_index_4_VS_G.5.3_index_2 [14] 
Ngay: 20131001,20131002,20131005,20131006,20131007,20131010,20131013,20131014,20131016,20131018,20131022,20131023,20131024,20131025,20131026,20131027
Number is 44
G.3.2_index_1_VS_G.DB_index_1 [15] 
Ngay: 20131005,20131006,20131007,20131008,20131010,20131012,20131017,20131018,20131021,20131022,20131023,20131024,20131025,20131026,20131027
Number is 49
G.4.4_index_2_VS_G.3.5_index_5 [16] 
Ngay: 20131003,20131004,20131014,20131015,20131018,20131019,20131020,20131022,20131023,20131024,20131025,20131026,20131027
Number is 62
G.3.3_index_5_VS_G.4.1_index_2 [17] 
Ngay: 20131001,20131007,20131008,20131017,20131018,20131022,20131023,20131024,20131025,20131026,20131027
Number is 66
G.3.3_index_5_VS_G.2.1_index_4 [18] 
Ngay: 20131001,20131003,20131005,20131006,20131007,20131009,20131010,20131011,20131013,20131014,20131016,20131021,20131022,20131023,20131024,20131025,20131026,20131027
Number is 68
G.3.3_index_5_VS_G.5.6_index_1 [19] 
Ngay: 20131002,20131005,20131008,20131010,20131011,20131012,20131013,20131014,20131016,20131017,20131022,20131023,20131024,20131025,20131026,20131027
Number is 70
G.3.4_index_5_VS_G.4.3_index_1 [20] 
Ngay: 20131001,20131002,20131005,20131007,20131009,20131011,20131012,20131013,20131015,20131016,20131018,20131021,20131022,20131023,20131024,20131025,20131026,20131027
Number is 78
G.3.1_index_1_VS_G.3.4_index_1 [21] 
Ngay: 20131003,20131004,20131005,20131008,20131009,20131010,20131011,20131012,20131016,20131017,20131022,20131023,20131024,20131025,20131026,20131027
Number is 79
G.7.1_index_1_VS_G.5.6_index_4 [22] 
Ngay: 20131001,20131004,20131007,20131008,20131010,20131012,20131015,20131016,20131022,20131023,20131024,20131025,20131026,20131027
Number is 85
G.4.1_index_3_VS_G.4.1_index_4 [23] 
Ngay: 20131006,20131008,20131011,20131014,20131015,20131017,20131019,20131021,20131022,20131023,20131024,20131025,20131026,20131027
Number is 87
G.3.1_index_2_VS_G.5.3_index_3 [24] 
Ngay: 20131004,20131005,20131015,20131021,20131022,20131023,20131024,20131025,20131026,20131027
Number is 88
G.3.1_index_5_VS_G.3.4_index_1 [25] 
Ngay: 20131001,20131002,20131003,20131004,20131005,20131006,20131008,20131010,20131012,20131014,20131015,20131017,20131022,20131023,20131024,20131025,20131026,20131027
Number is 93
G.DB_index_2_VS_G.4.4_index_4 [26] 
Ngay: 20131001,20131002,20131004,20131005,20131007,20131011,20131012,20131013,20131015,20131016,20131019,20131022,20131023,20131024,20131025,20131026,20131027
Number is 95
G.6.3_index_2_VS_G.5.4_index_2 [27] 
Ngay: 20131006,20131008,20131009,20131011,20131015,20131017,20131019,20131021,20131022,20131023,20131024,20131025,20131026,20131027
G.5.2_index_2_VS_G.2.2_index_1 [28] 
Ngay: 20131004,20131007,20131008,20131011,20131016,20131017,20131022,20131023,20131024,20131025,20131026,20131027
Number is 98
G.5.2_index_2_VS_G.4.2_index_4 [29] 
Ngay: 20131001,20131002,20131004,20131007,20131008,20131009,20131010,20131011,20131013,20131017,20131018,20131022,20131023,20131024,20131025,20131026,20131027
