Last Date = 20130630
Except date ======= 
required date ======= 20130530,20130531,20130601,20130602,20130603,20130604
Number is 03
G.3.2_index_3_VS_G.1.1_index_5 [1] 
Ngay: 20130524,20130526,20130527,20130528,20130529,20130530,20130531,20130601,20130602,20130603,20130604,20130609,20130610,20130614,20130615,20130616,20130617,20130618,20130619,20130621,20130622,20130625,20130629
Number is 05
G.7.4_index_2_VS_G.2.1_index_1 [2] 
Ngay: 20130527,20130528,20130530,20130531,20130601,20130602,20130603,20130604,20130606,20130607,20130608,20130609,20130613,20130614,20130616,20130619,20130620,20130622,20130623,20130627,20130628
Number is 09
G.3.6_index_1_VS_G.4.3_index_2 [3] 
Ngay: 20130527,20130529,20130530,20130531,20130601,20130602,20130603,20130604,20130606,20130609,20130610,20130611,20130614,20130616,20130618,20130619,20130621,20130623,20130624,20130628
Number is 17
G.3.1_index_2_VS_G.5.4_index_4 [4] 
Ngay: 20130524,20130525,20130527,20130529,20130530,20130531,20130601,20130602,20130603,20130604,20130605,20130607,20130608,20130611,20130613,20130614,20130615,20130616,20130620,20130621,20130623,20130627
Number is 19
G.7.3_index_1_VS_G.3.3_index_2 [5] 
Ngay: 20130526,20130529,20130530,20130531,20130601,20130602,20130603,20130604,20130608,20130610,20130611,20130614,20130616,20130617,20130620,20130621,20130623,20130624,20130627,20130629
Number is 29
G.DB_index_1_VS_G.4.3_index_2 [6] 
Ngay: 20130527,20130528,20130530,20130531,20130601,20130602,20130603,20130604,20130605,20130606,20130607,20130608,20130610,20130611,20130612,20130617,20130619,20130620,20130624,20130628
G.3.6_index_4_VS_G.5.5_index_4 [7] 
Ngay: 20130525,20130526,20130527,20130529,20130530,20130531,20130601,20130602,20130603,20130604,20130605,20130608,20130614,20130615,20130616,20130618,20130619,20130620,20130625,20130626,20130627,20130628
Number is 32
G.4.1_index_1_VS_G.3.4_index_1 [8] 
Ngay: 20130525,20130528,20130530,20130531,20130601,20130602,20130603,20130604,20130606,20130607,20130609,20130610,20130613,20130616,20130617,20130618,20130620,20130622,20130627
G.7.1_index_2_VS_G.DB_index_1 [9] 
Ngay: 20130524,20130525,20130526,20130527,20130529,20130530,20130531,20130601,20130602,20130603,20130604,20130605,20130609,20130612,20130615,20130616,20130619,20130620,20130622,20130624
Number is 35
G.3.5_index_3_VS_G.3.3_index_3 [10] 
Ngay: 20130524,20130526,20130529,20130530,20130531,20130601,20130602,20130603,20130604,20130608,20130609,20130610,20130612,20130613,20130620,20130621,20130627
Number is 37
G.4.4_index_2_VS_G.3.1_index_1 [11] 
Ngay: 20130524,20130527,20130528,20130529,20130530,20130531,20130601,20130602,20130603,20130604,20130611,20130615,20130617,20130618,20130619,20130622,20130623,20130625,20130629
Number is 39
G.4.1_index_1_VS_G.4.3_index_2 [12] 
Ngay: 20130527,20130530,20130531,20130601,20130602,20130603,20130604,20130607,20130608,20130615,20130616,20130618,20130619,20130620,20130623,20130625,20130626,20130627,20130629
Number is 51
G.3.3_index_3_VS_G.2.2_index_4 [13] 
Ngay: 20130525,20130526,20130527,20130528,20130530,20130531,20130601,20130602,20130603,20130604,20130607,20130611,20130616,20130620,20130621,20130623,20130624,20130625,20130627,20130628,20130629
Number is 61
G.5.3_index_1_VS_G.2.2_index_4 [14] 
Ngay: 20130525,20130526,20130530,20130531,20130601,20130602,20130603,20130604,20130605,20130607,20130608,20130610,20130611,20130612,20130613,20130623,20130624,20130626,20130627
Number is 64
G.5.2_index_4_VS_G.5.4_index_1 [15] 
Ngay: 20130524,20130525,20130527,20130528,20130530,20130531,20130601,20130602,20130603,20130604,20130609,20130613,20130614,20130615,20130616,20130617,20130618,20130620,20130621,20130623,20130624,20130629
Number is 67
G.5.2_index_2_VS_G.5.3_index_4 [16] 
Ngay: 20130529,20130530,20130531,20130601,20130602,20130603,20130604,20130607,20130608,20130612,20130613,20130614,20130615,20130621,20130622,20130623,20130624,20130625,20130626
Number is 68
G.5.2_index_4_VS_G.1.1_index_1 [17] 
Ngay: 20130525,20130526,20130527,20130528,20130530,20130531,20130601,20130602,20130603,20130604,20130607,20130609,20130610,20130611,20130612,20130613,20130616,20130618,20130619,20130620,20130622,20130623
Number is 72
G.4.2_index_4_VS_G.3.4_index_1 [18] 
Ngay: 20130524,20130525,20130527,20130529,20130530,20130531,20130601,20130602,20130603,20130604,20130606,20130607,20130608,20130612,20130614,20130616,20130619,20130622,20130624,20130628,20130629
Number is 74
G.4.1_index_3_VS_G.7.1_index_1 [19] 
Ngay: 20130530,20130531,20130601,20130602,20130603,20130604,20130607,20130609,20130611,20130612,20130613,20130616,20130622,20130624,20130626,20130628
G.6.3_index_3_VS_G.5.4_index_1 [20] 
Ngay: 20130525,20130528,20130530,20130531,20130601,20130602,20130603,20130604,20130607,20130608,20130612,20130613,20130615,20130619,20130624,20130625,20130629
Number is 76
G.3.6_index_5_VS_G.5.2_index_4 [21] 
Ngay: 20130525,20130526,20130527,20130529,20130530,20130531,20130601,20130602,20130603,20130604,20130606,20130608,20130610,20130611,20130613,20130615,20130617,20130619,20130620,20130621,20130622,20130623,20130624
