Last Date = 20130611
Number is 05
G.3.3_index_2_VS_G.7.4_index_1 [1] 
Ngay: 20130526,20130527,20130529,20130601,20130605,20130606,20130607,20130608,20130609,20130610
Number is 07
G.3.3_index_2_VS_G.5.1_index_4 [2] 
Ngay: 20130526,20130530,20130602,20130605,20130606,20130607,20130608,20130609,20130610
Number is 11
G.3.1_index_5_VS_G.DB_index_3 [3] 
Ngay: 20130524,20130527,20130528,20130529,20130603,20130605,20130606,20130607,20130608,20130609,20130610
Number is 17
G.3.2_index_3_VS_G.3.1_index_4 [4] 
Ngay: 20130525,20130526,20130527,20130530,20130531,20130601,20130605,20130606,20130607,20130608,20130609,20130610
Number is 20
G.3.4_index_4_VS_G.3.3_index_2 [5] 
Ngay: 20130524,20130528,20130529,20130530,20130601,20130604,20130605,20130606,20130607,20130608,20130609,20130610
Number is 29
G.3.4_index_4_VS_G.2.2_index_2 [6] 
Ngay: 20130525,20130601,20130602,20130605,20130606,20130607,20130608,20130609,20130610
G.3.4_index_4_VS_G.3.5_index_2 [7] 
Ngay: 20130524,20130525,20130526,20130527,20130529,20130530,20130601,20130604,20130605,20130606,20130607,20130608,20130609,20130610
Number is 30
G.2.1_index_2_VS_G.3.3_index_2 [8] 
Ngay: 20130524,20130526,20130528,20130530,20130602,20130603,20130605,20130606,20130607,20130608,20130609,20130610
Number is 31
G.2.1_index_2_VS_G.5.6_index_2 [9] 
Ngay: 20130524,20130526,20130531,20130602,20130604,20130605,20130606,20130607,20130608,20130609,20130610
Number is 33
G.2.2_index_4_VS_G.7.2_index_2 [10] 
Ngay: 20130529,20130601,20130603,20130605,20130606,20130607,20130608,20130609,20130610
Number is 37
G.3.2_index_1_VS_G.2.1_index_1 [11] 
Ngay: 20130524,20130526,20130527,20130531,20130602,20130605,20130606,20130607,20130608,20130609,20130610
Number is 38
G.4.1_index_2_VS_G.DB_index_4 [12] 
Ngay: 20130524,20130528,20130529,20130602,20130603,20130604,20130605,20130606,20130607,20130608,20130609,20130610
Number is 39
G.3.5_index_4_VS_G.6.1_index_1 [13] 
Ngay: 20130524,20130605,20130606,20130607,20130608,20130609,20130610
Number is 48
G.6.2_index_3_VS_G.4.3_index_1 [14] 
Ngay: 20130524,20130529,20130530,20130602,20130603,20130605,20130606,20130607,20130608,20130609,20130610
Number is 59
G.5.2_index_3_VS_G.3.2_index_5 [15] 
Ngay: 20130524,20130525,20130602,20130605,20130606,20130607,20130608,20130609,20130610
Number is 60
G.1.1_index_4_VS_G.3.3_index_2 [16] 
Ngay: 20130528,20130529,20130605,20130606,20130607,20130608,20130609,20130610
Number is 61
G.1.1_index_4_VS_G.5.6_index_2 [17] 
Ngay: 20130524,20130527,20130528,20130605,20130606,20130607,20130608,20130609,20130610
Number is 71
G.6.3_index_2_VS_G.3.1_index_5 [18] 
Ngay: 20130527,20130528,20130529,20130530,20130601,20130602,20130605,20130606,20130607,20130608,20130609,20130610
Number is 72
G.3.3_index_5_VS_G.7.1_index_2 [19] 
Ngay: 20130524,20130525,20130527,20130528,20130529,20130601,20130602,20130604,20130605,20130606,20130607,20130608,20130609,20130610
Number is 73
G.3.3_index_5_VS_G.5.5_index_3 [20] 
Ngay: 20130524,20130525,20130527,20130530,20130601,20130605,20130606,20130607,20130608,20130609,20130610
G.3.3_index_1_VS_G.7.2_index_2 [21] 
Ngay: 20130524,20130525,20130526,20130529,20130531,20130603,20130605,20130606,20130607,20130608,20130609,20130610
G.3.1_index_4_VS_G.5.2_index_4 [22] 
Ngay: 20130524,20130525,20130528,20130529,20130530,20130531,20130601,20130604,20130605,20130606,20130607,20130608,20130609,20130610
G.3.3_index_5_VS_G.3.3_index_4 [23] 
Ngay: 20130601,20130602,20130605,20130606,20130607,20130608,20130609,20130610
Number is 77
G.3.3_index_1_VS_G.2.1_index_1 [24] 
Ngay: 20130530,20130605,20130606,20130607,20130608,20130609,20130610
Number is 78
G.5.6_index_4_VS_G.2.2_index_5 [25] 
Ngay: 20130525,20130530,20130602,20130604,20130605,20130606,20130607,20130608,20130609,20130610
G.6.3_index_1_VS_G.DB_index_4 [26] 
Ngay: 20130524,20130525,20130527,20130530,20130531,20130603,20130605,20130606,20130607,20130608,20130609,20130610
Number is 79
G.2.1_index_1_VS_G.2.1_index_3 [27] 
Ngay: 20130524,20130528,20130529,20130530,20130531,20130604,20130605,20130606,20130607,20130608,20130609,20130610
Number is 87
G.DB_index_4_VS_G.2.1_index_1 [28] 
Ngay: 20130526,20130529,20130530,20130605,20130606,20130607,20130608,20130609,20130610
Number is 88
G.3.1_index_3_VS_G.3.6_index_5 [29] 
Ngay: 20130524,20130525,20130526,20130527,20130530,20130531,20130602,20130605,20130606,20130607,20130608,20130609,20130610
G.5.3_index_3_VS_G.DB_index_4 [30] 
Ngay: 20130524,20130525,20130527,20130531,20130603,20130604,20130605,20130606,20130607,20130608,20130609,20130610
Number is 89
G.4.2_index_4_VS_G.7.1_index_1 [31] 
Ngay: 20130524,20130525,20130526,20130529,20130601,20130602,20130603,20130604,20130605,20130606,20130607,20130608,20130609,20130610
