Last Date = 20130613
Number is 05
G.4.1_index_2_VS_G.DB_index_4 [1] 
Ngay: 20130524,20130528,20130529,20130602,20130603,20130604,20130605,20130606,20130607,20130608,20130609,20130610,20130611,20130612
G.DB_index_3_VS_G.4.3_index_2 [2] 
Ngay: 20130525,20130527,20130529,20130530,20130531,20130601,20130604,20130607,20130608,20130609,20130610,20130611,20130612
G.3.1_index_4_VS_G.4.3_index_2 [3] 
Ngay: 20130524,20130530,20130601,20130603,20130605,20130607,20130608,20130609,20130610,20130611,20130612
Number is 06
G.DB_index_3_VS_G.5.2_index_4 [4] 
Ngay: 20130526,20130601,20130603,20130607,20130608,20130609,20130610,20130611,20130612
Number is 07
G.5.5_index_2_VS_G.3.6_index_5 [5] 
Ngay: 20130530,20130602,20130606,20130607,20130608,20130609,20130610,20130611,20130612
Number is 12
G.7.3_index_2_VS_G.6.1_index_3 [6] 
Ngay: 20130524,20130525,20130526,20130528,20130529,20130530,20130602,20130603,20130604,20130607,20130608,20130609,20130610,20130611,20130612
Number is 14
G.6.3_index_2_VS_G.3.1_index_5 [7] 
Ngay: 20130527,20130528,20130529,20130530,20130601,20130602,20130605,20130606,20130607,20130608,20130609,20130610,20130611,20130612
Number is 21
G.3.2_index_4_VS_G.6.3_index_2 [8] 
Ngay: 20130524,20130525,20130601,20130602,20130604,20130607,20130608,20130609,20130610,20130611,20130612
Number is 25
G.5.2_index_1_VS_G.DB_index_4 [9] 
Ngay: 20130529,20130601,20130602,20130603,20130607,20130608,20130609,20130610,20130611,20130612
Number is 26
G.3.2_index_4_VS_G.7.3_index_1 [10] 
Ngay: 20130530,20130602,20130605,20130607,20130608,20130609,20130610,20130611,20130612
Number is 27
G.3.2_index_4_VS_G.3.3_index_4 [11] 
Ngay: 20130525,20130527,20130528,20130531,20130604,20130606,20130607,20130608,20130609,20130610,20130611,20130612
Number is 29
G.4.4_index_4_VS_G.3.6_index_3 [12] 
Ngay: 20130525,20130603,20130604,20130606,20130607,20130608,20130609,20130610,20130611,20130612
Number is 34
G.5.2_index_2_VS_G.3.4_index_1 [13] 
Ngay: 20130524,20130525,20130526,20130529,20130531,20130601,20130602,20130603,20130604,20130607,20130608,20130609,20130610,20130611,20130612
Number is 44
G.3.3_index_5_VS_G.5.5_index_3 [14] 
Ngay: 20130524,20130525,20130527,20130530,20130601,20130605,20130606,20130607,20130608,20130609,20130610,20130611,20130612
G.5.4_index_1_VS_G.3.1_index_5 [15] 
Ngay: 20130601,20130602,20130603,20130606,20130607,20130608,20130609,20130610,20130611,20130612
Number is 45
G.4.1_index_4_VS_G.4.3_index_2 [16] 
Ngay: 20130524,20130531,20130602,20130604,20130606,20130607,20130608,20130609,20130610,20130611,20130612
Number is 46
G.3.1_index_5_VS_G.7.3_index_1 [17] 
Ngay: 20130524,20130525,20130605,20130607,20130608,20130609,20130610,20130611,20130612
Number is 48
G.3.1_index_5_VS_G.2.1_index_1 [18] 
Ngay: 20130530,20130604,20130606,20130607,20130608,20130609,20130610,20130611,20130612
Number is 49
G.2.1_index_5_VS_G.3.6_index_3 [19] 
Ngay: 20130524,20130525,20130526,20130527,20130530,20130601,20130602,20130607,20130608,20130609,20130610,20130611,20130612
Number is 53
G.7.2_index_2_VS_G.5.3_index_2 [20] 
Ngay: 20130526,20130527,20130529,20130530,20130531,20130601,20130602,20130603,20130607,20130608,20130609,20130610,20130611,20130612
Number is 55
G.3.3_index_1_VS_G.7.2_index_2 [21] 
Ngay: 20130524,20130525,20130526,20130529,20130531,20130603,20130605,20130606,20130607,20130608,20130609,20130610,20130611,20130612
Number is 56
G.3.5_index_3_VS_G.4.1_index_1 [22] 
Ngay: 20130524,20130526,20130528,20130530,20130605,20130607,20130608,20130609,20130610,20130611,20130612
G.3.5_index_3_VS_G.3.4_index_5 [23] 
Ngay: 20130525,20130526,20130530,20130601,20130603,20130604,20130607,20130608,20130609,20130610,20130611,20130612
Number is 58
G.DB_index_4_VS_G.4.2_index_2 [24] 
Ngay: 20130530,20130531,20130602,20130603,20130604,20130605,20130607,20130608,20130609,20130610,20130611,20130612
Number is 60
G.5.1_index_2_VS_G.3.1_index_4 [25] 
Ngay: 20130524,20130528,20130529,20130531,20130601,20130606,20130607,20130608,20130609,20130610,20130611,20130612
G.3.1_index_2_VS_G.DB_index_3 [26] 
Ngay: 20130524,20130526,20130530,20130603,20130607,20130608,20130609,20130610,20130611,20130612
G.7.3_index_1_VS_G.4.3_index_1 [27] 
Ngay: 20130524,20130526,20130527,20130531,20130602,20130605,20130607,20130608,20130609,20130610,20130611,20130612
G.5.2_index_4_VS_G.5.6_index_1 [28] 
Ngay: 20130525,20130529,20130530,20130602,20130604,20130607,20130608,20130609,20130610,20130611,20130612
Number is 62
G.5.2_index_4_VS_G.6.2_index_1 [29] 
Ngay: 20130524,20130525,20130530,20130601,20130602,20130603,20130607,20130608,20130609,20130610,20130611,20130612
Number is 64
G.5.2_index_4_VS_G.5.6_index_2 [30] 
Ngay: 20130524,20130528,20130603,20130607,20130608,20130609,20130610,20130611,20130612
Number is 65
G.5.2_index_4_VS_G.3.5_index_3 [31] 
Ngay: 20130524,20130525,20130528,20130601,20130602,20130607,20130608,20130609,20130610,20130611,20130612
G.3.4_index_4_VS_G.3.5_index_3 [32] 
Ngay: 20130524,20130525,20130526,20130602,20130603,20130607,20130608,20130609,20130610,20130611,20130612
Number is 66
G.3.4_index_4_VS_G.5.4_index_2 [33] 
Ngay: 20130526,20130531,20130601,20130602,20130607,20130608,20130609,20130610,20130611,20130612
Number is 68
G.5.2_index_4_VS_G.2.2_index_1 [34] 
Ngay: 20130526,20130527,20130530,20130531,20130601,20130603,20130604,20130605,20130607,20130608,20130609,20130610,20130611,20130612
Number is 70
G.3.3_index_3_VS_G.3.1_index_4 [35] 
Ngay: 20130526,20130527,20130528,20130601,20130603,20130607,20130608,20130609,20130610,20130611,20130612
Number is 75
G.5.4_index_4_VS_G.3.5_index_3 [36] 
Ngay: 20130529,20130601,20130603,20130605,20130607,20130608,20130609,20130610,20130611,20130612
Number is 82
G.2.1_index_2_VS_G.6.2_index_1 [37] 
Ngay: 20130524,20130525,20130527,20130528,20130601,20130604,20130605,20130607,20130608,20130609,20130610,20130611,20130612
G.2.1_index_1_VS_G.6.2_index_1 [38] 
Ngay: 20130525,20130528,20130602,20130607,20130608,20130609,20130610,20130611,20130612
G.4.4_index_1_VS_G.6.3_index_1 [39] 
Ngay: 20130525,20130526,20130528,20130529,20130603,20130607,20130608,20130609,20130610,20130611,20130612
Number is 84
G.2.1_index_2_VS_G.5.6_index_2 [40] 
Ngay: 20130524,20130526,20130531,20130602,20130604,20130605,20130606,20130607,20130608,20130609,20130610,20130611,20130612
G.2.1_index_1_VS_G.2.2_index_4 [41] 
Ngay: 20130524,20130526,20130530,20130601,20130602,20130605,20130607,20130608,20130609,20130610,20130611,20130612
Number is 89
G.4.2_index_4_VS_G.3.6_index_3 [42] 
Ngay: 20130524,20130530,20130601,20130602,20130607,20130608,20130609,20130610,20130611,20130612
Number is 90
G.3.5_index_4_VS_G.4.3_index_1 [43] 
Ngay: 20130524,20130525,20130527,20130528,20130601,20130603,20130604,20130607,20130608,20130609,20130610,20130611,20130612
Number is 92
G.3.3_index_2_VS_G.2.1_index_4 [44] 
Ngay: 20130525,20130528,20130530,20130531,20130602,20130606,20130607,20130608,20130609,20130610,20130611,20130612
