Last Date = 20130630
Except date ======= 
required date ======= 20130610,20130611,20130612,20130613,20130614,20130615
Number is 01
G.3.2_index_3_VS_G.4.2_index_1 [1] 
Ngay: 20130525,20130526,20130527,20130531,20130601,20130602,20130603,20130605,20130607,20130610,20130611,20130612,20130613,20130614,20130615,20130618,20130624,20130625
Number is 02
G.2.1_index_3_VS_G.5.4_index_3 [2] 
Ngay: 20130524,20130528,20130529,20130602,20130603,20130606,20130608,20130610,20130611,20130612,20130613,20130614,20130615,20130616,20130621,20130626,20130628,20130629
Number is 03
G.3.2_index_3_VS_G.3.3_index_5 [3] 
Ngay: 20130525,20130526,20130527,20130530,20130531,20130602,20130603,20130608,20130610,20130611,20130612,20130613,20130614,20130615,20130624,20130625
G.2.1_index_3_VS_G.3.6_index_3 [4] 
Ngay: 20130524,20130526,20130527,20130528,20130601,20130602,20130604,20130605,20130607,20130610,20130611,20130612,20130613,20130614,20130615,20130616,20130617,20130619,20130621,20130622,20130624,20130626,20130628,20130629
Number is 11
G.3.4_index_4_VS_G.3.1_index_2 [5] 
Ngay: 20130526,20130528,20130530,20130531,20130602,20130603,20130605,20130607,20130608,20130610,20130611,20130612,20130613,20130614,20130615,20130617,20130619,20130621,20130622,20130627,20130628,20130629
Number is 25
G.5.4_index_3_VS_G.4.4_index_4 [6] 
Ngay: 20130525,20130526,20130527,20130529,20130531,20130603,20130606,20130609,20130610,20130611,20130612,20130613,20130614,20130615,20130616,20130619,20130621,20130625,20130626,20130627,20130628,20130629
Number is 30
G.3.6_index_3_VS_G.3.2_index_3 [7] 
Ngay: 20130527,20130530,20130531,20130601,20130604,20130605,20130609,20130610,20130611,20130612,20130613,20130614,20130615,20130617,20130618,20130619,20130621,20130627,20130628
Number is 33
G.3.6_index_3_VS_G.3.5_index_3 [8] 
Ngay: 20130524,20130527,20130531,20130601,20130602,20130605,20130609,20130610,20130611,20130612,20130613,20130614,20130615,20130617,20130618,20130620,20130621,20130622,20130626,20130628,20130629
G.3.6_index_3_VS_G.1.1_index_5 [9] 
Ngay: 20130527,20130530,20130531,20130601,20130602,20130605,20130608,20130609,20130610,20130611,20130612,20130613,20130614,20130615,20130618,20130620,20130622,20130624,20130626,20130627,20130629
Number is 34
G.3.2_index_4_VS_G.6.3_index_2 [10] 
Ngay: 20130524,20130525,20130601,20130602,20130604,20130607,20130608,20130609,20130610,20130611,20130612,20130613,20130614,20130615,20130617,20130618,20130621,20130625,20130627
G.4.4_index_1_VS_G.6.3_index_2 [11] 
Ngay: 20130527,20130529,20130530,20130603,20130606,20130608,20130610,20130611,20130612,20130613,20130614,20130615,20130619,20130621,20130623,20130626,20130628
Number is 36
G.3.6_index_3_VS_G.3.2_index_5 [12] 
Ngay: 20130530,20130601,20130603,20130604,20130605,20130610,20130611,20130612,20130613,20130614,20130615,20130621,20130622,20130628
Number is 43
G.3.5_index_5_VS_G.3.6_index_3 [13] 
Ngay: 20130530,20130531,20130604,20130610,20130611,20130612,20130613,20130614,20130615,20130620,20130621,20130628,20130629
Number is 46
G.5.4_index_1_VS_G.3.2_index_5 [14] 
Ngay: 20130525,20130530,20130601,20130603,20130606,20130609,20130610,20130611,20130612,20130613,20130614,20130615,20130620,20130621,20130624,20130626,20130628,20130629
G.6.3_index_2_VS_G.5.3_index_1 [15] 
Ngay: 20130525,20130526,20130528,20130602,20130603,20130608,20130610,20130611,20130612,20130613,20130614,20130615,20130619,20130621
Number is 58
G.7.3_index_2_VS_G.6.2_index_2 [16] 
Ngay: 20130525,20130529,20130530,20130601,20130602,20130604,20130605,20130607,20130609,20130610,20130611,20130612,20130613,20130614,20130615,20130617,20130620,20130621,20130622,20130627,20130628,20130629
Number is 63
G.5.2_index_4_VS_G.3.2_index_4 [17] 
Ngay: 20130524,20130527,20130529,20130531,20130601,20130602,20130603,20130605,20130607,20130608,20130610,20130611,20130612,20130613,20130614,20130615,20130617,20130618,20130621,20130625
G.5.6_index_4_VS_G.3.5_index_3 [18] 
Ngay: 20130524,20130525,20130527,20130530,20130603,20130604,20130609,20130610,20130611,20130612,20130613,20130614,20130615,20130617,20130618,20130621,20130623,20130625,20130626,20130627,20130628,20130629
G.1.1_index_2_VS_G.5.5_index_3 [19] 
Ngay: 20130529,20130531,20130608,20130610,20130611,20130612,20130613,20130614,20130615,20130616,20130620,20130623,20130626,20130627,20130629
Number is 69
G.5.2_index_2_VS_G.2.2_index_1 [20] 
Ngay: 20130524,20130525,20130527,20130529,20130601,20130602,20130604,20130606,20130608,20130609,20130610,20130611,20130612,20130613,20130614,20130615,20130617,20130618,20130619,20130620,20130621,20130623,20130624,20130626,20130627,20130628,20130629
Number is 73
G.5.4_index_4_VS_G.3.5_index_3 [21] 
Ngay: 20130529,20130601,20130603,20130605,20130607,20130608,20130609,20130610,20130611,20130612,20130613,20130614,20130615,20130617,20130618,20130619,20130620,20130621,20130622,20130623,20130625,20130629
Number is 78
G.4.1_index_3_VS_G.6.2_index_2 [22] 
Ngay: 20130524,20130527,20130528,20130530,20130531,20130601,20130602,20130606,20130607,20130608,20130610,20130611,20130612,20130613,20130614,20130615,20130617,20130620,20130621,20130624,20130625,20130627,20130628,20130629
Number is 83
G.1.1_index_1_VS_G.3.5_index_3 [23] 
Ngay: 20130524,20130526,20130527,20130529,20130531,20130604,20130607,20130608,20130610,20130611,20130612,20130613,20130614,20130615,20130618,20130621,20130622,20130626,20130628,20130629
Number is 84
G.DB_index_3_VS_G.6.3_index_2 [24] 
Ngay: 20130525,20130527,20130601,20130606,20130607,20130608,20130610,20130611,20130612,20130613,20130614,20130615,20130617,20130621,20130622,20130624,20130626,20130627,20130628
Number is 85
G.5.4_index_2_VS_G.3.1_index_5 [25] 
Ngay: 20130524,20130525,20130527,20130528,20130531,20130602,20130603,20130606,20130608,20130610,20130611,20130612,20130613,20130614,20130615,20130616,20130617,20130618,20130619,20130620,20130622,20130623,20130624,20130626,20130629
