Last Date = 20130630
Except date ======= 
required date ======= 20130614,20130615,20130616,20130617,20130618,20130619
Number is 01
G.3.2_index_3_VS_G.3.1_index_2 [1] 
Ngay: 20130524,20130527,20130529,20130531,20130601,20130602,20130605,20130606,20130611,20130613,20130614,20130615,20130616,20130617,20130618,20130619,20130626,20130628
Number is 03
G.3.2_index_3_VS_G.1.1_index_5 [2] 
Ngay: 20130524,20130526,20130527,20130528,20130529,20130530,20130531,20130601,20130602,20130603,20130604,20130609,20130610,20130614,20130615,20130616,20130617,20130618,20130619,20130621,20130622,20130625,20130629
Number is 04
G.3.2_index_3_VS_G.5.4_index_1 [3] 
Ngay: 20130525,20130526,20130528,20130530,20130531,20130601,20130603,20130607,20130609,20130610,20130611,20130613,20130614,20130615,20130616,20130617,20130618,20130619,20130623,20130624,20130625,20130626,20130628
Number is 13
G.3.1_index_2_VS_G.4.1_index_1 [4] 
Ngay: 20130524,20130526,20130527,20130528,20130608,20130610,20130611,20130613,20130614,20130615,20130616,20130617,20130618,20130619,20130620,20130622,20130623,20130628,20130629
Number is 14
G.3.1_index_2_VS_G.6.3_index_2 [5] 
Ngay: 20130526,20130528,20130531,20130601,20130602,20130603,20130608,20130609,20130612,20130613,20130614,20130615,20130616,20130617,20130618,20130619,20130623,20130628
G.3.1_index_3_VS_G.1.1_index_4 [6] 
Ngay: 20130525,20130603,20130604,20130608,20130609,20130610,20130611,20130613,20130614,20130615,20130616,20130617,20130618,20130619,20130620,20130623
Number is 20
G.5.4_index_3_VS_G.3.2_index_1 [7] 
Ngay: 20130524,20130530,20130602,20130603,20130607,20130609,20130610,20130611,20130613,20130614,20130615,20130616,20130617,20130618,20130619,20130620,20130623,20130624
Number is 26
G.DB_index_1_VS_G.5.2_index_2 [8] 
Ngay: 20130525,20130528,20130530,20130601,20130602,20130605,20130606,20130607,20130612,20130614,20130615,20130616,20130617,20130618,20130619,20130621,20130623,20130624,20130625,20130627,20130628
Number is 29
G.5.4_index_3_VS_G.2.1_index_5 [9] 
Ngay: 20130524,20130525,20130527,20130529,20130530,20130601,20130602,20130603,20130605,20130609,20130611,20130613,20130614,20130615,20130616,20130617,20130618,20130619,20130620,20130624,20130626,20130628,20130629
G.3.6_index_4_VS_G.2.1_index_4 [10] 
Ngay: 20130524,20130526,20130530,20130601,20130602,20130605,20130608,20130613,20130614,20130615,20130616,20130617,20130618,20130619,20130620,20130626,20130627,20130628
Number is 30
G.3.2_index_4_VS_G.3.2_index_3 [11] 
Ngay: 20130525,20130527,20130530,20130531,20130601,20130603,20130605,20130612,20130613,20130614,20130615,20130616,20130617,20130618,20130619,20130621,20130624,20130625,20130627,20130628,20130629
Number is 34
G.3.5_index_3_VS_G.5.4_index_1 [12] 
Ngay: 20130524,20130531,20130602,20130604,20130607,20130608,20130611,20130613,20130614,20130615,20130616,20130617,20130618,20130619,20130621,20130622,20130626,20130628,20130629
Number is 35
G.4.4_index_1_VS_G.4.1_index_4 [13] 
Ngay: 20130524,20130527,20130528,20130602,20130605,20130606,20130608,20130612,20130614,20130615,20130616,20130617,20130618,20130619,20130621,20130622,20130623,20130624,20130626
Number is 36
G.1.1_index_5_VS_G.7.2_index_2 [14] 
Ngay: 20130527,20130529,20130530,20130531,20130602,20130606,20130607,20130608,20130610,20130612,20130614,20130615,20130616,20130617,20130618,20130619,20130620,20130621,20130622,20130625,20130626,20130627
Number is 39
G.3.2_index_4_VS_G.5.5_index_4 [15] 
Ngay: 20130524,20130525,20130526,20130527,20130602,20130606,20130610,20130614,20130615,20130616,20130617,20130618,20130619,20130621,20130624,20130625,20130628,20130629
Number is 50
G.2.1_index_1_VS_G.5.1_index_1 [16] 
Ngay: 20130524,20130525,20130526,20130530,20130602,20130605,20130608,20130609,20130610,20130614,20130615,20130616,20130617,20130618,20130619,20130620,20130624,20130625,20130626,20130628
Number is 59
G.2.1_index_2_VS_G.3.2_index_2 [17] 
Ngay: 20130526,20130527,20130530,20130602,20130608,20130609,20130614,20130615,20130616,20130617,20130618,20130619,20130620,20130621,20130623,20130624,20130626
Number is 63
G.3.2_index_5_VS_G.3.5_index_3 [18] 
Ngay: 20130525,20130526,20130529,20130530,20130602,20130603,20130604,20130608,20130609,20130610,20130612,20130614,20130615,20130616,20130617,20130618,20130619,20130620,20130621,20130622,20130623,20130625,20130627,20130628,20130629
Number is 66
G.1.1_index_2_VS_G.5.2_index_2 [19] 
Ngay: 20130524,20130525,20130529,20130531,20130606,20130607,20130609,20130614,20130615,20130616,20130617,20130618,20130619,20130620,20130621,20130624,20130629
Number is 74
G.3.1_index_1_VS_G.1.1_index_4 [20] 
Ngay: 20130526,20130527,20130528,20130603,20130604,20130606,20130608,20130611,20130612,20130613,20130614,20130615,20130616,20130617,20130618,20130619,20130622,20130629
Number is 75
G.6.2_index_3_VS_G.2.1_index_1 [21] 
Ngay: 20130524,20130525,20130528,20130529,20130530,20130602,20130605,20130606,20130607,20130609,20130612,20130614,20130615,20130616,20130617,20130618,20130619,20130629
Number is 78
G.6.2_index_3_VS_G.6.2_index_2 [22] 
Ngay: 20130524,20130525,20130526,20130527,20130529,20130602,20130604,20130608,20130609,20130610,20130611,20130612,20130614,20130615,20130616,20130617,20130618,20130619,20130621,20130623,20130625,20130627,20130629
Number is 80
G.DB_index_4_VS_G.5.6_index_2 [23] 
Ngay: 20130528,20130530,20130603,20130604,20130609,20130610,20130612,20130613,20130614,20130615,20130616,20130617,20130618,20130619,20130620,20130621,20130623,20130624,20130625,20130628
Number is 81
G.6.2_index_2_VS_G.4.4_index_3 [24] 
Ngay: 20130525,20130528,20130601,20130602,20130612,20130613,20130614,20130615,20130616,20130617,20130618,20130619,20130620,20130621,20130623,20130626,20130629
Number is 85
G.5.4_index_2_VS_G.3.1_index_5 [25] 
Ngay: 20130524,20130525,20130527,20130528,20130531,20130602,20130603,20130606,20130608,20130610,20130611,20130612,20130613,20130614,20130615,20130616,20130617,20130618,20130619,20130620,20130622,20130623,20130624,20130626,20130629
Number is 86
G.3.3_index_1_VS_G.5.2_index_2 [26] 
Ngay: 20130526,20130528,20130529,20130601,20130602,20130603,20130605,20130606,20130612,20130614,20130615,20130616,20130617,20130618,20130619,20130621,20130622,20130623,20130624,20130625,20130627,20130629
Number is 87
G.3.4_index_5_VS_G.6.2_index_1 [27] 
Ngay: 20130525,20130601,20130604,20130606,20130607,20130608,20130609,20130611,20130613,20130614,20130615,20130616,20130617,20130618,20130619,20130620,20130622,20130623
Number is 89
G.6.2_index_2_VS_G.5.5_index_4 [28] 
Ngay: 20130524,20130525,20130527,20130528,20130530,20130602,20130608,20130614,20130615,20130616,20130617,20130618,20130619,20130621,20130624,20130626,20130628
Number is 90
G.4.3_index_2_VS_G.2.1_index_3 [29] 
Ngay: 20130524,20130526,20130529,20130531,20130601,20130602,20130603,20130604,20130606,20130608,20130612,20130614,20130615,20130616,20130617,20130618,20130619,20130620,20130622,20130628
Number is 91
G.3.3_index_2_VS_G.2.2_index_2 [30] 
Ngay: 20130525,20130527,20130528,20130530,20130531,20130605,20130608,20130609,20130610,20130614,20130615,20130616,20130617,20130618,20130619,20130627,20130629
Number is 94
G.5.5_index_4_VS_G.5.4_index_1 [31] 
Ngay: 20130524,20130525,20130602,20130605,20130606,20130611,20130612,20130614,20130615,20130616,20130617,20130618,20130619,20130620,20130621,20130626,20130627,20130628,20130629
Number is 97
G.5.5_index_4_VS_G.5.6_index_3 [32] 
Ngay: 20130524,20130525,20130526,20130527,20130530,20130531,20130605,20130606,20130614,20130615,20130616,20130617,20130618,20130619,20130620,20130622,20130623,20130624,20130626
Number is 98
G.2.1_index_4_VS_G.3.3_index_1 [33] 
Ngay: 20130524,20130525,20130526,20130527,20130530,20130601,20130602,20130606,20130607,20130611,20130612,20130613,20130614,20130615,20130616,20130617,20130618,20130619,20130621,20130622,20130625,20130628,20130629
G.3.2_index_2_VS_G.6.2_index_2 [34] 
Ngay: 20130525,20130528,20130530,20130531,20130603,20130607,20130608,20130609,20130611,20130612,20130613,20130614,20130615,20130616,20130617,20130618,20130619,20130621,20130622,20130623
