Last Date = 20130705
Number is 09
G.5.2_index_2_VS_G.3.4_index_5[14] 
Ngay: 20130525,20130528,20130530,20130531,20130604,20130605,20130606,20130607,20130608,20130610,20130612,20130616,20130617,20130620,20130621,20130622,20130623,20130624,20130625,20130630,20130702,20130703,20130704
Number is 22
G.6.1_index_2_VS_G.6.2_index_2[3] 
Ngay: 20130525,20130527,20130528,20130531,20130601,20130603,20130608,20130611,20130612,20130614,20130615,20130616,20130619,20130620,20130621,20130622,20130623,20130624,20130625,20130630,20130703
Number is 23
G.5.6_index_3_VS_G.3.3_index_5[11] 
Ngay: 20130524,20130527,20130528,20130530,20130601,20130606,20130607,20130609,20130613,20130615,20130617,20130620,20130621,20130622,20130623,20130624,20130625,20130630,20130702,20130703,20130704
Number is 41
G.5.6_index_1_VS_G.2.2_index_3[32] 
Ngay: 20130528,20130530,20130602,20130603,20130608,20130609,20130614,20130618,20130620,20130621,20130622,20130623,20130624,20130625,20130630
Number is 47
G.3.6_index_5_VS_G.3.5_index_2[20] 
Ngay: 20130524,20130527,20130531,20130603,20130604,20130607,20130608,20130609,20130620,20130621,20130622,20130623,20130624,20130625
Number is 52
G.3.4_index_4_VS_G.3.2_index_4[17] 
Ngay: 20130524,20130525,20130526,20130529,20130602,20130605,20130607,20130610,20130611,20130612,20130613,20130614,20130616,20130617,20130619,20130620,20130621,20130622,20130623,20130624,20130625,20130701,20130702,20130704
Number is 95
G.5.3_index_4_VS_G.5.1_index_1[26] 
Ngay: 20130527,20130528,20130601,20130604,20130605,20130606,20130608,20130609,20130611,20130614,20130615,20130619,20130620,20130621,20130622,20130623,20130624,20130625,20130701,20130704
