Last Date = 20130630
Except date ======= 
required date ======= 20130621,20130622,20130623,20130624,20130625,20130626
Number is 00
G.5.1_index_1_VS_G.2.2_index_3 [1] 
Ngay: 20130524,20130525,20130526,20130527,20130602,20130609,20130610,20130615,20130620,20130621,20130622,20130623,20130624,20130625,20130626,20130627
Number is 05
G.7.4_index_2_VS_G.6.1_index_3 [2] 
Ngay: 20130524,20130527,20130530,20130531,20130602,20130603,20130604,20130606,20130607,20130609,20130610,20130621,20130622,20130623,20130624,20130625,20130626,20130627
Number is 09
G.DB_index_2_VS_G.4.3_index_2 [3] 
Ngay: 20130524,20130525,20130529,20130531,20130601,20130602,20130603,20130605,20130608,20130611,20130614,20130615,20130617,20130618,20130621,20130622,20130623,20130624,20130625,20130626,20130627,20130628,20130629
G.5.1_index_1_VS_G.3.2_index_2 [4] 
Ngay: 20130525,20130526,20130529,20130530,20130604,20130608,20130609,20130610,20130611,20130613,20130614,20130615,20130617,20130618,20130620,20130621,20130622,20130623,20130624,20130625,20130626,20130627
Number is 16
G.7.3_index_1_VS_G.3.2_index_5 [5] 
Ngay: 20130524,20130529,20130530,20130602,20130605,20130606,20130608,20130609,20130610,20130612,20130617,20130620,20130621,20130622,20130623,20130624,20130625,20130626,20130628
G.7.3_index_1_VS_G.5.6_index_1 [6] 
Ngay: 20130524,20130531,20130601,20130602,20130603,20130610,20130611,20130612,20130614,20130618,20130619,20130620,20130621,20130622,20130623,20130624,20130625,20130626,20130628,20130629
Number is 22
G.5.4_index_3_VS_G.3.6_index_4 [7] 
Ngay: 20130604,20130605,20130606,20130607,20130614,20130616,20130618,20130621,20130622,20130623,20130624,20130625,20130626,20130628
Number is 23
G.3.6_index_4_VS_G.4.4_index_2 [8] 
Ngay: 20130528,20130601,20130602,20130603,20130604,20130605,20130607,20130608,20130615,20130616,20130619,20130621,20130622,20130623,20130624,20130625,20130626,20130627,20130628,20130629
Number is 25
G.3.6_index_4_VS_G.4.1_index_4 [9] 
Ngay: 20130526,20130602,20130604,20130606,20130611,20130612,20130613,20130615,20130617,20130618,20130619,20130620,20130621,20130622,20130623,20130624,20130625,20130626,20130627
Number is 27
G.3.6_index_4_VS_G.5.3_index_4 [10] 
Ngay: 20130524,20130526,20130530,20130602,20130603,20130604,20130606,20130613,20130614,20130615,20130617,20130618,20130621,20130622,20130623,20130624,20130625,20130626,20130627,20130629
Number is 32
G.3.1_index_4_VS_G.5.4_index_3 [11] 
Ngay: 20130524,20130608,20130609,20130610,20130612,20130616,20130619,20130621,20130622,20130623,20130624,20130625,20130626,20130628
Number is 33
G.5.2_index_1_VS_G.3.5_index_3 [12] 
Ngay: 20130524,20130525,20130602,20130603,20130611,20130613,20130614,20130616,20130617,20130621,20130622,20130623,20130624,20130625,20130626,20130627,20130628,20130629
Number is 37
G.5.3_index_3_VS_G.5.4_index_4 [13] 
Ngay: 20130524,20130530,20130604,20130607,20130608,20130610,20130614,20130615,20130619,20130620,20130621,20130622,20130623,20130624,20130625,20130626,20130627
Number is 38
G.5.3_index_3_VS_G.DB_index_4 [14] 
Ngay: 20130524,20130525,20130527,20130531,20130603,20130604,20130605,20130606,20130607,20130608,20130609,20130610,20130613,20130616,20130617,20130618,20130621,20130622,20130623,20130624,20130625,20130626
Number is 50
G.2.1_index_2_VS_G.5.6_index_2 [15] 
Ngay: 20130524,20130526,20130531,20130602,20130604,20130605,20130606,20130607,20130608,20130609,20130610,20130611,20130612,20130614,20130616,20130618,20130620,20130621,20130622,20130623,20130624,20130625,20130626,20130628,20130629
Number is 55
G.6.1_index_3_VS_G.4.1_index_4 [16] 
Ngay: 20130526,20130528,20130531,20130602,20130603,20130604,20130605,20130606,20130608,20130615,20130620,20130621,20130622,20130623,20130624,20130625,20130626,20130627
G.6.1_index_3_VS_G.7.2_index_1 [17] 
Ngay: 20130524,20130525,20130527,20130528,20130603,20130604,20130605,20130608,20130610,20130611,20130614,20130620,20130621,20130622,20130623,20130624,20130625,20130626,20130629
Number is 63
G.5.1_index_3_VS_G.4.1_index_1 [18] 
Ngay: 20130524,20130530,20130604,20130608,20130610,20130612,20130618,20130621,20130622,20130623,20130624,20130625,20130626,20130628
Number is 64
G.5.6_index_1_VS_G.1.1_index_4 [19] 
Ngay: 20130615,20130619,20130620,20130621,20130622,20130623,20130624,20130625,20130626,20130628,20130629
Number is 65
G.5.2_index_2_VS_G.4.1_index_4 [20] 
Ngay: 20130528,20130601,20130602,20130603,20130606,20130608,20130609,20130611,20130612,20130613,20130617,20130619,20130620,20130621,20130622,20130623,20130624,20130625,20130626
Number is 67
G.5.2_index_2_VS_G.5.4_index_4 [21] 
Ngay: 20130524,20130525,20130526,20130529,20130530,20130531,20130601,20130607,20130608,20130611,20130612,20130614,20130617,20130620,20130621,20130622,20130623,20130624,20130625,20130626
G.5.2_index_2_VS_G.5.3_index_4 [22] 
Ngay: 20130529,20130530,20130531,20130601,20130602,20130603,20130604,20130607,20130608,20130612,20130613,20130614,20130615,20130621,20130622,20130623,20130624,20130625,20130626
Number is 72
G.5.6_index_3_VS_G.3.6_index_4 [23] 
Ngay: 20130526,20130528,20130529,20130530,20130601,20130602,20130603,20130609,20130610,20130616,20130618,20130620,20130621,20130622,20130623,20130624,20130625,20130626,20130627
Number is 83
G.DB_index_4_VS_G.3.6_index_3 [24] 
Ngay: 20130527,20130602,20130605,20130607,20130608,20130609,20130610,20130611,20130613,20130614,20130615,20130619,20130620,20130621,20130622,20130623,20130624,20130625,20130626,20130628,20130629
Number is 86
G.1.1_index_1_VS_G.4.3_index_3 [25] 
Ngay: 20130524,20130530,20130531,20130601,20130606,20130607,20130608,20130613,20130614,20130619,20130621,20130622,20130623,20130624,20130625,20130626,20130627
Number is 88
G.6.2_index_2_VS_G.DB_index_5 [26] 
Ngay: 20130524,20130527,20130529,20130531,20130608,20130611,20130614,20130617,20130621,20130622,20130623,20130624,20130625,20130626,20130629
Number is 93
G.4.3_index_2_VS_G.4.4_index_1 [27] 
Ngay: 20130525,20130526,20130527,20130604,20130606,20130607,20130609,20130610,20130611,20130615,20130616,20130617,20130619,20130621,20130622,20130623,20130624,20130625,20130626,20130627,20130629
G.2.2_index_1_VS_G.3.3_index_5 [28] 
Ngay: 20130524,20130525,20130527,20130530,20130531,20130601,20130607,20130609,20130610,20130614,20130615,20130617,20130619,20130620,20130621,20130622,20130623,20130624,20130625,20130626,20130627,20130628
