======== Current: 20130701 ========= 
Number is 00 
G.3.3_index_1_VS_G.6.1_index_2 [1] 
20130621,20130622,20130624,20130625,20130626,20130627,20130628,20130629,20130630,20130705,20130706,20130710,20130712,20130714,20130715,20130718,20130721,20130722,20130724,20130725,20130727,20130729,20130730,20130731 
Number is 02 
G.3.6_index_2_VS_G.7.3_index_2 [2] 
20130622,20130625,20130626,20130627,20130628,20130629,20130630,20130703,20130704,20130706,20130707,20130708,20130709,20130715,20130717,20130718,20130719,20130721,20130725,20130727,20130728,20130731 
Number is 06 
G.4.3_index_3_VS_G.7.2_index_2 [3] 
20130620,20130625,20130626,20130627,20130628,20130629,20130630,20130702,20130708,20130709,20130713,20130717,20130723,20130724,20130727,20130728,20130729 
G.3.6_index_2_VS_G.5.5_index_2 [4] 
20130620,20130622,20130625,20130626,20130627,20130628,20130629,20130630,20130702,20130706,20130708,20130712,20130714,20130715,20130717,20130720,20130724,20130727,20130728,20130729,20130731 
Number is 19 
G.3.3_index_4_VS_G.5.4_index_3 [5] PLUS 1 
20130620,20130621,20130623,20130624,20130625,20130626,20130627,20130628,20130629,20130630,20130701,20130702,20130704,20130707,20130709,20130712,20130713,20130715,20130718,20130726,20130728,20130730 
G.4.4_index_4_VS_G.5.4_index_3 [6] PLUS 1 
20130621,20130625,20130626,20130627,20130628,20130629,20130630,20130701,20130705,20130707,20130712,20130713,20130714,20130717,20130720,20130726,20130727,20130729 
Number is 26 
G.2.1_index_4_VS_G.5.5_index_2 [7] PLUS 1 
20130620,20130624,20130625,20130626,20130627,20130628,20130629,20130630,20130701,20130702,20130703,20130706,20130712,20130715,20130716,20130718,20130721,20130722,20130725,20130726 
G.3.2_index_2_VS_G.5.5_index_2 [8] PLUS 1 
20130620,20130623,20130624,20130625,20130626,20130627,20130628,20130629,20130630,20130701,20130702,20130704,20130705,20130706,20130707,20130709,20130711,20130712,20130717,20130718,20130719,20130724,20130727,20130728,20130730,20130731 
Number is 32 
G.DB_index_2_VS_G.4.3_index_2 [9] PLUS 1 
20130621,20130622,20130623,20130624,20130625,20130626,20130627,20130628,20130629,20130630,20130701,20130707,20130708,20130710,20130711,20130716,20130717,20130718,20130723,20130724,20130728 
Number is 33 
G.5.4_index_1_VS_G.4.4_index_2 [10] 
20130620,20130622,20130623,20130624,20130625,20130626,20130627,20130628,20130629,20130630,20130705,20130707,20130709,20130713,20130716,20130717,20130718,20130719,20130722,20130723,20130727,20130728,20130729 
Number is 39 
G.1.1_index_5_VS_G.5.3_index_4 [11] 
20130622,20130625,20130626,20130627,20130628,20130629,20130630,20130704,20130705,20130711,20130716,20130717,20130720,20130721,20130722,20130730 
Number is 42 
G.7.4_index_1_VS_G.2.1_index_4 [12] PLUS 1 
20130620,20130623,20130624,20130625,20130626,20130627,20130628,20130629,20130630,20130701,20130703,20130710,20130714,20130721,20130729,20130730 
Number is 49 
G.3.3_index_3_VS_G.5.2_index_1 [13] 
20130620,20130621,20130624,20130625,20130626,20130627,20130628,20130629,20130630,20130703,20130709,20130712,20130714,20130718,20130719,20130721,20130724,20130728,20130730,20130731 
Number is 59 
G.1.1_index_2_VS_G.7.4_index_2 [14] PLUS 1 
20130620,20130625,20130626,20130627,20130628,20130629,20130630,20130701,20130705,20130710,20130711,20130713,20130717,20130720,20130721,20130722,20130727,20130731 
Number is 62 
G.5.5_index_2_VS_G.4.3_index_2 [15] PLUS 1 
20130620,20130623,20130625,20130626,20130627,20130628,20130629,20130630,20130701,20130704,20130708,20130709,20130712,20130715,20130717,20130718,20130720,20130721,20130724 
Number is 65 
G.5.1_index_1_VS_G.1.1_index_2 [16] PLUS 1 
20130624,20130625,20130626,20130627,20130628,20130629,20130630,20130701,20130702,20130704,20130705,20130707,20130711,20130713,20130714,20130715,20130716,20130717,20130720,20130722,20130724,20130725,20130728,20130729,20130730 
Number is 74 
G.3.4_index_3_VS_G.4.1_index_1 [17] 
20130625,20130626,20130627,20130628,20130629,20130630,20130702,20130704,20130705,20130708,20130711,20130713,20130715,20130717,20130720,20130722,20130725,20130730 
Number is 89 
G.5.6_index_2_VS_G.5.4_index_3 [18] PLUS 1 
20130620,20130624,20130625,20130626,20130627,20130628,20130629,20130630,20130701,20130707,20130720,20130727 
Number is 93 
G.5.4_index_3_VS_G.3.5_index_1 [19] 
20130624,20130625,20130626,20130627,20130628,20130629,20130630,20130705,20130707,20130709,20130710,20130712,20130713,20130714,20130715,20130718,20130719,20130726,20130729 
Number is 94 
G.6.2_index_1_VS_G.4.1_index_1 [20] 
20130622,20130623,20130625,20130626,20130627,20130628,20130629,20130630,20130703,20130705,20130708,20130710,20130712,20130714,20130715,20130725,20130727,20130728,20130730 
Number is 95 
G.6.2_index_1_VS_G.1.1_index_2 [21] PLUS 1 
20130620,20130623,20130624,20130625,20130626,20130627,20130628,20130629,20130630,20130701,20130702,20130703,20130711,20130718,20130721,20130722,20130726,20130727,20130729,20130731 
Number is 96 
G.5.4_index_3_VS_G.7.2_index_1 [22] PLUS 1 
20130620,20130625,20130626,20130627,20130628,20130629,20130630,20130701,20130705,20130707,20130709,20130710,20130711,20130714,20130721,20130723,20130725,20130729 
