======== Current: 20130705 ========= 
Number is 00 
G.DB_index_3_VS_G.5.2_index_2 [1] 
20130620,20130621,20130623,20130624,20130626,20130627,20130629,20130630,20130701,20130702,20130703,20130704,20130707,20130708,20130711,20130718,20130721,20130722,20130728 
Number is 06 
G.5.1_index_4_VS_G.5.4_index_1 [2] 
20130620,20130625,20130626,20130627,20130629,20130630,20130701,20130702,20130703,20130704,20130706,20130707,20130708,20130709,20130710,20130711,20130717,20130719,20130720,20130721,20130723,20130724,20130727,20130730 
Number is 12 
G.1.1_index_4_VS_G.3.2_index_4 [3] PLUS 1 
20130622,20130626,20130628,20130629,20130630,20130701,20130702,20130703,20130704,20130705,20130707,20130709,20130710,20130713,20130714,20130717,20130718,20130721,20130724,20130725,20130727,20130731 
Number is 13 
G.7.1_index_1_VS_G.7.4_index_1 [4] 
20130620,20130621,20130625,20130626,20130629,20130630,20130701,20130702,20130703,20130704,20130710,20130711,20130714,20130716,20130719,20130721,20130728,20130729,20130731 
G.5.2_index_3_VS_G.5.4_index_2 [5] 
20130620,20130621,20130622,20130623,20130627,20130629,20130630,20130701,20130702,20130703,20130704,20130707,20130710,20130712,20130713,20130714,20130715,20130716,20130717,20130718,20130720,20130721,20130723,20130725 
Number is 26 
G.3.2_index_4_VS_G.3.3_index_4 [6] PLUS 1 
20130621,20130622,20130625,20130627,20130629,20130630,20130701,20130702,20130703,20130704,20130705,20130712,20130714,20130718,20130719,20130720,20130721,20130724,20130725,20130730,20130731 
Number is 29 
G.3.2_index_4_VS_G.7.2_index_1 [7] 
20130620,20130622,20130625,20130629,20130630,20130701,20130702,20130703,20130704,20130706,20130709,20130710,20130711,20130718,20130720,20130722,20130723,20130725,20130729,20130731 
Number is 33 
G.2.2_index_4_VS_G.6.2_index_1 [8] PLUS 1 
20130622,20130623,20130624,20130627,20130629,20130630,20130701,20130702,20130703,20130704,20130705,20130711,20130715,20130717,20130720,20130722,20130724,20130726,20130728,20130729,20130730,20130731 
G.7.4_index_1_VS_G.5.5_index_2 [9] PLUS 1 
20130621,20130623,20130626,20130628,20130629,20130630,20130701,20130702,20130703,20130704,20130705,20130707,20130712,20130714,20130717,20130718,20130719,20130720,20130724,20130728 
Number is 34 
G.7.4_index_1_VS_G.5.6_index_4 [10] 
20130620,20130621,20130622,20130625,20130628,20130629,20130630,20130701,20130702,20130703,20130704,20130706,20130710,20130711,20130714,20130718,20130723,20130726 
Number is 36 
G.5.5_index_2_VS_G.6.1_index_1 [11] PLUS 1 
20130621,20130622,20130625,20130626,20130628,20130629,20130630,20130701,20130702,20130703,20130704,20130705,20130706,20130708,20130710,20130714,20130715,20130720,20130724,20130725,20130729,20130730,20130731 
Number is 37 
G.1.1_index_1_VS_G.4.4_index_1 [12] 
20130623,20130624,20130625,20130627,20130628,20130629,20130630,20130701,20130702,20130703,20130704,20130707,20130713,20130714,20130716,20130719,20130720,20130724,20130726,20130729,20130730 
Number is 39 
G.5.4_index_2_VS_G.5.3_index_4 [13] PLUS 1 
20130623,20130626,20130627,20130628,20130629,20130630,20130701,20130702,20130703,20130704,20130705,20130713,20130716,20130717,20130718,20130721,20130728,20130729,20130730 
G.5.5_index_2_VS_G.3.2_index_1 [14] PLUS 1 
20130623,20130627,20130629,20130630,20130701,20130702,20130703,20130704,20130705,20130708,20130709,20130710,20130711,20130712,20130714,20130715,20130717,20130718,20130720,20130721,20130722,20130727,20130729 
G.6.2_index_1_VS_G.5.3_index_1 [15] PLUS 1 
20130622,20130623,20130624,20130627,20130629,20130630,20130701,20130702,20130703,20130704,20130705,20130706,20130709,20130710,20130712,20130716,20130717,20130718,20130719,20130720,20130724,20130731 
Number is 40 
G.3.5_index_4_VS_G.3.1_index_5 [16] PLUS 1 
20130622,20130624,20130627,20130628,20130629,20130630,20130701,20130702,20130703,20130704,20130705,20130707,20130710,20130714,20130715,20130716,20130719,20130721,20130728 
Number is 50 
G.7.1_index_2_VS_G.DB_index_3 [17] 
20130620,20130624,20130629,20130630,20130701,20130702,20130703,20130704,20130707,20130709,20130710,20130712,20130714,20130720,20130722,20130725,20130727,20130731 
Number is 58 
G.7.1_index_2_VS_G.5.1_index_2 [18] 
20130620,20130621,20130623,20130624,20130627,20130629,20130630,20130701,20130702,20130703,20130704,20130707,20130708,20130710,20130711,20130722,20130723,20130726,20130727,20130729,20130730 
Number is 60 
G.3.1_index_4_VS_G.DB_index_3 [19] 
20130620,20130624,20130626,20130628,20130629,20130630,20130701,20130702,20130703,20130704,20130709,20130710,20130711,20130712,20130714,20130717,20130720,20130721,20130724,20130726,20130727,20130728,20130730 
Number is 63 
G.6.1_index_1_VS_G.2.2_index_4 [20] PLUS 1 
20130621,20130627,20130628,20130629,20130630,20130701,20130702,20130703,20130704,20130705,20130710,20130711,20130712,20130713,20130714,20130720,20130721,20130724,20130725,20130728,20130730,20130731 
Number is 70 
G.3.2_index_5_VS_G.DB_index_3 [21] 
20130620,20130621,20130623,20130629,20130630,20130701,20130702,20130703,20130704,20130713,20130715,20130716,20130721,20130726,20130727,20130730 
Number is 83 
G.3.1_index_3_VS_G.6.2_index_1 [22] 
20130620,20130623,20130625,20130627,20130629,20130630,20130701,20130702,20130703,20130704,20130706,20130713,20130715,20130718,20130720,20130724,20130727,20130730 
Number is 85 
G.5.1_index_2_VS_G.3.6_index_2 [23] 
20130624,20130628,20130629,20130630,20130701,20130702,20130703,20130704,20130706,20130712,20130713,20130719,20130722,20130723,20130724,20130725,20130726,20130727,20130728,20130729,20130730 
Number is 93 
G.3.2_index_1_VS_G.2.1_index_5 [24] PLUS 1 
20130620,20130622,20130623,20130624,20130627,20130628,20130629,20130630,20130701,20130702,20130703,20130704,20130705,20130710,20130713,20130715,20130717,20130719,20130730 
Number is 95 
G.5.3_index_4_VS_G.3.6_index_2 [25] 
20130622,20130624,20130626,20130629,20130630,20130701,20130702,20130703,20130704,20130706,20130709,20130710,20130712,20130713,20130717,20130718,20130719,20130720,20130721,20130723,20130726,20130728,20130729 
