======== Current: 20130712 ========= 
Number is 03 
G.6.2_index_2_VS_G.3.1_index_2 [1] PLUS 1 
20130625,20130628,20130706,20130707,20130708,20130709,20130710,20130711,20130712,20130713,20130714,20130715,20130718,20130720,20130721,20130725,20130726,20130730,20130731 
Number is 14 
G.4.1_index_2_VS_G.5.6_index_3 [2] PLUS 1 
20130620,20130623,20130629,20130630,20130702,20130703,20130705,20130706,20130707,20130708,20130709,20130710,20130711,20130712,20130715,20130719,20130722,20130724,20130726,20130729,20130730 
Number is 16 
G.5.2_index_1_VS_G.2.2_index_5 [3] PLUS 1 
20130621,20130623,20130624,20130626,20130628,20130629,20130706,20130707,20130708,20130709,20130710,20130711,20130712,20130715,20130718,20130723,20130726,20130729,20130730,20130731 
Number is 23 
G.5.1_index_1_VS_G.2.2_index_4 [4] 
20130620,20130623,20130624,20130629,20130706,20130707,20130708,20130709,20130710,20130711,20130713,20130714,20130715,20130717,20130720,20130721,20130722,20130725,20130728 
G.3.2_index_3_VS_G.3.3_index_4 [5] 
20130623,20130625,20130629,20130701,20130704,20130705,20130706,20130707,20130708,20130709,20130710,20130711,20130715,20130716,20130719,20130722,20130725,20130729 
Number is 30 
G.5.4_index_1_VS_G.DB_index_2 [6] PLUS 1 
20130621,20130624,20130625,20130626,20130629,20130630,20130703,20130704,20130706,20130707,20130708,20130709,20130710,20130711,20130712,20130716,20130717,20130722,20130726,20130727,20130729,20130730 
Number is 33 
G.5.1_index_4_VS_G.5.4_index_1 [7] 
20130620,20130625,20130626,20130627,20130629,20130630,20130701,20130702,20130703,20130704,20130706,20130707,20130708,20130709,20130710,20130711,20130717,20130719,20130720,20130721,20130723,20130724,20130727,20130730 
Number is 34 
G.5.1_index_4_VS_G.5.6_index_3 [8] 
20130620,20130622,20130623,20130625,20130628,20130630,20130703,20130705,20130706,20130707,20130708,20130709,20130710,20130711,20130714,20130715,20130716,20130719,20130720,20130722,20130727,20130729,20130730 
G.3.3_index_4_VS_G.7.3_index_2 [9] 
20130620,20130621,20130622,20130624,20130625,20130701,20130703,20130705,20130706,20130707,20130708,20130709,20130710,20130711,20130714,20130723,20130729,20130730 
Number is 37 
G.3.1_index_2_VS_G.3.3_index_1 [10] PLUS 1 
20130621,20130623,20130626,20130627,20130628,20130629,20130702,20130706,20130707,20130708,20130709,20130710,20130711,20130712,20130713,20130715,20130719,20130720,20130721,20130722,20130723,20130724,20130725,20130726,20130730,20130731 
Number is 38 
G.7.3_index_1_VS_G.3.1_index_4 [11] PLUS 1 
20130620,20130622,20130624,20130625,20130627,20130628,20130704,20130705,20130706,20130707,20130708,20130709,20130710,20130711,20130712,20130713,20130715,20130717,20130718,20130719,20130727 
Number is 40 
G.5.6_index_3_VS_G.5.1_index_3 [12] PLUS 1 
20130623,20130626,20130627,20130628,20130629,20130630,20130702,20130703,20130705,20130706,20130707,20130708,20130709,20130710,20130711,20130712,20130714,20130720,20130728,20130729 
G.5.6_index_3_VS_G.DB_index_2 [13] PLUS 1 
20130624,20130626,20130628,20130703,20130705,20130706,20130707,20130708,20130709,20130710,20130711,20130712,20130714,20130715,20130721,20130722,20130723,20130724,20130726,20130727,20130730,20130731 
Number is 42 
G.5.2_index_2_VS_G.5.1_index_1 [14] 
20130620,20130622,20130623,20130626,20130627,20130630,20130702,20130704,20130706,20130707,20130708,20130709,20130710,20130711,20130713,20130714,20130717,20130718,20130719,20130720,20130721,20130722,20130725,20130727,20130728 
G.5.6_index_3_VS_G.3.2_index_3 [15] 
20130621,20130623,20130624,20130627,20130702,20130704,20130705,20130706,20130707,20130708,20130709,20130710,20130711,20130716,20130719,20130721,20130722,20130727,20130729,20130730 
Number is 43 
G.5.3_index_1_VS_G.4.3_index_1 [16] 
20130630,20130703,20130704,20130705,20130706,20130707,20130708,20130709,20130710,20130711,20130717,20130719,20130720,20130722,20130723,20130724,20130725,20130726,20130728,20130730,20130731 
G.5.6_index_3_VS_G.3.5_index_2 [17] 
20130620,20130623,20130627,20130629,20130701,20130703,20130705,20130706,20130707,20130708,20130709,20130710,20130711,20130715,20130719,20130720,20130724,20130725,20130727,20130728,20130731 
Number is 44 
G.5.6_index_3_VS_G.5.3_index_3 [18] 
20130620,20130621,20130622,20130623,20130626,20130627,20130630,20130702,20130703,20130704,20130705,20130706,20130707,20130708,20130709,20130710,20130711,20130715,20130716,20130718,20130722,20130725 
G.5.6_index_3_VS_G.4.4_index_1 [19] 
20130622,20130623,20130626,20130627,20130630,20130704,20130705,20130706,20130707,20130708,20130709,20130710,20130711,20130717,20130719,20130722,20130723,20130726,20130727,20130729 
Number is 47 
G.5.6_index_3_VS_G.3.3_index_2 [20] PLUS 1 
20130621,20130622,20130623,20130624,20130701,20130703,20130705,20130706,20130707,20130708,20130709,20130710,20130711,20130712,20130715,20130719,20130721,20130722,20130728,20130729 
Number is 59 
G.3.2_index_2_VS_G.6.2_index_1 [21] 
20130620,20130621,20130623,20130625,20130627,20130629,20130705,20130706,20130707,20130708,20130709,20130710,20130711,20130713,20130717,20130719,20130721,20130724,20130725,20130727,20130730 
Number is 64 
G.3.2_index_4_VS_G.3.2_index_5 [22] 
20130621,20130623,20130628,20130629,20130704,20130705,20130706,20130707,20130708,20130709,20130710,20130711,20130714,20130717,20130719,20130726,20130727,20130731 
Number is 67 
G.3.2_index_4_VS_G.5.4_index_4 [23] 
20130620,20130622,20130624,20130626,20130629,20130630,20130701,20130702,20130703,20130705,20130706,20130707,20130708,20130709,20130710,20130711,20130714,20130719,20130721,20130726,20130727,20130729 
Number is 74 
G.3.3_index_5_VS_G.3.2_index_5 [24] PLUS 1 
20130620,20130622,20130623,20130624,20130703,20130704,20130706,20130707,20130708,20130709,20130710,20130711,20130712,20130713,20130715,20130716,20130717,20130719,20130721,20130729 
Number is 79 
G.5.4_index_4_VS_G.6.3_index_2 [25] PLUS 1 
20130621,20130622,20130624,20130626,20130627,20130702,20130706,20130707,20130708,20130709,20130710,20130711,20130712,20130715,20130716,20130717,20130718,20130722,20130725,20130726,20130729 
Number is 87 
G.2.1_index_2_VS_G.4.4_index_4 [26] 
20130624,20130626,20130627,20130628,20130704,20130705,20130706,20130707,20130708,20130709,20130710,20130711,20130713,20130714,20130717,20130719,20130720,20130723,20130724,20130725,20130728 
Number is 93 
G.6.3_index_2_VS_G.5.1_index_4 [27] 
20130621,20130625,20130627,20130630,20130701,20130706,20130707,20130708,20130709,20130710,20130711,20130714,20130715,20130716,20130718,20130720,20130722,20130724,20130725,20130726,20130731 
Number is 98 
G.6.3_index_2_VS_G.7.2_index_1 [28] 
20130622,20130623,20130625,20130626,20130630,20130701,20130702,20130705,20130706,20130707,20130708,20130709,20130710,20130711,20130714,20130716,20130717,20130720,20130722,20130724,20130730 
