======== Current: 20130717 ========= 
Number is 25 
G.2.1_index_1_VS_G.5.5_index_4 [1] 
20130620,20130621,20130627,20130629,20130704,20130711,20130712,20130713,20130714,20130715,20130716,20130719,20130726,20130727,20130728,20130729,20130730,20130731 
Number is 37 
G.4.4_index_2_VS_G.5.5_index_3 [2] 
20130621,20130622,20130626,20130701,20130702,20130705,20130709,20130711,20130712,20130713,20130714,20130715,20130716,20130719,20130720,20130723,20130726,20130727,20130728,20130729 
Number is 40 
G.6.3_index_1_VS_G.7.4_index_2 [3] PLUS 1 
20130628,20130630,20130701,20130705,20130710,20130711,20130712,20130713,20130714,20130715,20130716,20130717,20130718,20130725,20130727,20130728,20130729 
Number is 48 
G.5.4_index_4_VS_G.3.6_index_4 [4] 
20130621,20130622,20130623,20130626,20130627,20130630,20130703,20130705,20130706,20130708,20130711,20130712,20130713,20130714,20130715,20130716,20130722,20130724,20130727,20130728,20130730 
Number is 49 
G.1.1_index_5_VS_G.2.2_index_4 [5] 
20130620,20130621,20130627,20130710,20130711,20130712,20130713,20130714,20130715,20130716,20130718,20130719,20130720,20130721,20130725,20130726,20130729,20130730 
Number is 65 
G.3.4_index_3_VS_G.5.5_index_4 [6] 
20130626,20130628,20130629,20130702,20130703,20130704,20130705,20130707,20130710,20130711,20130712,20130713,20130714,20130715,20130716,20130719,20130722,20130724,20130725,20130726,20130728,20130729 
Number is 68 
G.4.4_index_1_VS_G.4.2_index_4 [7] 
20130621,20130624,20130626,20130629,20130630,20130705,20130708,20130711,20130712,20130713,20130714,20130715,20130716,20130719,20130720,20130721,20130723,20130729 
Number is 76 
G.5.4_index_3_VS_G.6.1_index_1 [8] PLUS 1 
20130620,20130622,20130626,20130628,20130702,20130707,20130709,20130710,20130711,20130712,20130713,20130714,20130715,20130716,20130717,20130719,20130720,20130721,20130722,20130729,20130730 
Number is 83 
G.6.2_index_2_VS_G.4.4_index_2 [9] 
20130620,20130621,20130622,20130626,20130630,20130702,20130703,20130705,20130707,20130711,20130712,20130713,20130714,20130715,20130716,20130718,20130724,20130725,20130726,20130729,20130730 
Number is 84 
G.3.6_index_4_VS_G.2.1_index_5 [10] 
20130620,20130623,20130624,20130625,20130626,20130704,20130705,20130706,20130711,20130712,20130713,20130714,20130715,20130716,20130720,20130722,20130724,20130726,20130730 
Number is 86 
G.4.2_index_4_VS_G.DB_index_1 [11] 
20130620,20130624,20130625,20130627,20130628,20130629,20130630,20130702,20130703,20130707,20130708,20130710,20130711,20130712,20130713,20130714,20130715,20130716,20130721,20130724,20130731 
Number is 87 
G.3.6_index_4_VS_G.3.5_index_1 [12] 
20130620,20130621,20130624,20130625,20130626,20130627,20130629,20130630,20130703,20130704,20130705,20130706,20130709,20130710,20130711,20130712,20130713,20130714,20130715,20130716,20130719,20130720,20130721,20130730 
G.7.1_index_2_VS_G.4.3_index_1 [13] 
20130620,20130621,20130623,20130701,20130704,20130705,20130711,20130712,20130713,20130714,20130715,20130716,20130724,20130725,20130731 
Number is 88 
G.3.6_index_4_VS_G.2.2_index_1 [14] 
20130620,20130622,20130623,20130624,20130625,20130626,20130701,20130702,20130704,20130705,20130708,20130711,20130712,20130713,20130714,20130715,20130716,20130718,20130720,20130721,20130723,20130724,20130725,20130726,20130728,20130730,20130731 
Number is 95 
G.2.2_index_4_VS_G.2.2_index_5 [15] PLUS 1 
20130620,20130621,20130623,20130624,20130628,20130629,20130630,20130702,20130707,20130710,20130711,20130712,20130713,20130714,20130715,20130716,20130717,20130720,20130723,20130724,20130726,20130730,20130731 
