======== Current: 20130603 ========= 
Number is 04 
G.3.2_index_2_VS_G.3.2_index_3 [1] PLUS 1 
20130524,20130526,20130527,20130528,20130529,20130530,20130531,20130601,20130602,20130603,20130605,20130607,20130610,20130611,20130614,20130615,20130617,20130618,20130623,20130625,20130626,20130627,20130630 
Number is 25 
G.3.3_index_1_VS_G.DB_index_5 [2] 
20130526,20130528,20130529,20130530,20130531,20130601,20130602,20130604,20130606,20130607,20130609,20130610,20130614,20130616,20130617,20130619,20130624,20130627,20130629 
Number is 36 
G.6.3_index_2_VS_G.4.1_index_3 [3] PLUS 1 
20130524,20130525,20130528,20130529,20130530,20130531,20130601,20130602,20130603,20130605,20130610,20130612,20130614,20130617,20130619,20130621,20130623,20130624,20130628 
Number is 38 
G.1.1_index_5_VS_G.4.3_index_2 [4] PLUS 1 
20130525,20130527,20130528,20130529,20130530,20130531,20130601,20130602,20130603,20130608,20130612,20130614,20130615,20130618,20130620,20130622,20130623,20130625,20130626,20130627,20130628,20130629,20130701 
Number is 40 
G.3.1_index_1_VS_G.4.4_index_2 [5] PLUS 1 
20130524,20130527,20130528,20130529,20130530,20130531,20130601,20130602,20130603,20130604,20130611,20130615,20130617,20130618,20130619,20130622,20130623,20130625,20130629,20130630,20130701 
Number is 43 
G.3.2_index_3_VS_G.1.1_index_5 [6] PLUS 1 
20130524,20130526,20130527,20130528,20130529,20130530,20130531,20130601,20130602,20130603,20130604,20130609,20130610,20130614,20130615,20130616,20130617,20130618,20130619,20130621,20130622,20130625,20130629,20130701 
Number is 52 
G.3.3_index_4_VS_G.2.2_index_5 [7] 
20130524,20130525,20130528,20130529,20130530,20130531,20130601,20130602,20130604,20130608,20130611,20130612,20130622,20130625,20130629 
Number is 53 
G.5.1_index_4_VS_G.1.1_index_5 [8] 
20130527,20130528,20130529,20130530,20130531,20130601,20130602,20130606,20130608,20130617,20130619,20130620,20130627,20130629,20130701 
Number is 61 
G.3.3_index_3_VS_G.DB_index_2 [9] 
20130525,20130528,20130529,20130530,20130531,20130601,20130602,20130604,20130608,20130611,20130616,20130617,20130619,20130620,20130625,20130628,20130629 
Number is 63 
G.1.1_index_3_VS_G.1.1_index_5 [10] PLUS 1 
20130524,20130526,20130527,20130528,20130529,20130530,20130531,20130601,20130602,20130603,20130606,20130608,20130609,20130612,20130613,20130616,20130618,20130621,20130625,20130626,20130628,20130629 
Number is 64 
G.3.3_index_3_VS_G.4.2_index_4 [11] PLUS 1 
20130524,20130525,20130527,20130528,20130529,20130530,20130531,20130601,20130602,20130603,20130605,20130607,20130609,20130610,20130614,20130615,20130622,20130624 
Number is 68 
G.3.3_index_3_VS_G.1.1_index_2 [12] 
20130524,20130526,20130528,20130529,20130530,20130531,20130601,20130602,20130610,20130616,20130617,20130619,20130620,20130622,20130624,20130625,20130627,20130701 
Number is 79 
G.1.1_index_1_VS_G.5.1_index_2 [13] 
20130527,20130528,20130529,20130530,20130531,20130601,20130602,20130604,20130606,20130607,20130608,20130611,20130612,20130613,20130614,20130618,20130619,20130623,20130625,20130629 
G.5.5_index_3_VS_G.5.1_index_2 [14] 
20130524,20130528,20130529,20130530,20130531,20130601,20130602,20130605,20130607,20130610,20130611,20130612,20130613,20130616,20130623,20130629,20130630,20130701 
Number is 90 
G.5.1_index_2_VS_G.3.4_index_1 [15] PLUS 1 
20130524,20130525,20130526,20130528,20130529,20130530,20130531,20130601,20130602,20130603,20130610,20130612,20130613,20130620,20130628,20130630,20130701 
Number is 93 
G.3.5_index_3_VS_G.6.3_index_2 [16] 
20130526,20130528,20130529,20130530,20130531,20130601,20130602,20130604,20130607,20130608,20130610,20130611,20130612,20130614,20130615,20130616,20130619,20130621,20130622,20130623,20130624,20130626,20130627,20130628,20130630 
Number is 97 
G.4.1_index_1_VS_G.5.4_index_1 [17] 
20130528,20130529,20130530,20130531,20130601,20130602,20130605,20130609,20130611,20130612,20130613,20130614,20130616,20130618,20130620,20130621,20130623,20130625,20130626,20130628,20130629,20130630 
G.3.5_index_4_VS_G.5.5_index_3 [18] 
20130525,20130526,20130527,20130528,20130529,20130530,20130531,20130601,20130602,20130608,20130612,20130616,20130618,20130620,20130622,20130624,20130629 
