======== Current: 20140902 ========= 
Number is 01 
G.3.4_index_1_VS_G.5.1_index_1 [1] PLUS 1 
20140816,20140819,20140820,20140827,20140828,20140829,20140830,20140831,20140901,20140902,20140903,20140906,20140910,20140914,20140921,20140922,20140927,20141002 
Number is 08 
G.6.1_index_2_VS_G.5.4_index_1 [2] 
20140817,20140818,20140820,20140821,20140825,20140827,20140828,20140829,20140830,20140831,20140901,20140904,20140906,20140908,20140911,20140914,20140918,20140919,20141002 
Number is 10 
G.5.1_index_1_VS_G.3.1_index_1 [3] PLUS 1 
20140815,20140818,20140820,20140822,20140824,20140825,20140826,20140827,20140828,20140829,20140830,20140831,20140901,20140902,20140903,20140916,20140923,20140924,20140928,20140929 
Number is 12 
G.3.3_index_5_VS_G.4.2_index_2 [4] PLUS 1 
20140817,20140818,20140826,20140827,20140828,20140829,20140830,20140831,20140901,20140902,20140903,20140904,20140906,20140907,20140909,20140913,20140916,20140918,20140922,20140925,20140927,20140928,20140930 
Number is 13 
G.5.1_index_1_VS_G.4.3_index_3 [5] 
20140820,20140822,20140827,20140828,20140829,20140830,20140831,20140901,20140909,20140911,20140913,20140918,20140919,20140921,20140922,20140927,20140928,20141002 
Number is 15 
G.3.5_index_3_VS_G.4.4_index_2 [6] 
20140815,20140818,20140819,20140820,20140822,20140825,20140826,20140827,20140828,20140829,20140830,20140831,20140901,20140910,20140911,20140913,20140914,20140916,20140918,20140919,20140921,20140922,20140927,20140929,20141002 
Number is 16 
G.5.1_index_1_VS_G.7.4_index_1 [7] PLUS 1 
20140819,20140822,20140823,20140824,20140827,20140828,20140829,20140830,20140831,20140901,20140902,20140909,20140913,20140914,20140916,20140919,20140921,20140923,20140924,20140925,20140927,20140928,20141002 
Number is 17 
G.3.3_index_5_VS_G.2.1_index_1 [8] 
20140815,20140816,20140818,20140822,20140826,20140827,20140828,20140829,20140830,20140831,20140901,20140903,20140909,20140910,20140911,20140920,20140927,20140928,20140929,20140930,20141001 
Number is 23 
G.7.3_index_1_VS_G.3.3_index_2 [9] 
20140817,20140818,20140821,20140824,20140827,20140828,20140829,20140830,20140831,20140901,20140904,20140912,20140916,20140920,20140924,20140928,20141001 
Number is 32 
G.3.1_index_4_VS_G.4.1_index_3 [10] 
20140817,20140820,20140821,20140824,20140825,20140827,20140828,20140829,20140830,20140831,20140901,20140903,20140904,20140905,20140906,20140911,20140912,20140917,20140918,20140919,20140921,20140922,20140923,20140924,20140925,20140926,20141001,20141002 
Number is 35 
G.3.3_index_2_VS_G.DB_index_3 [11] 
20140815,20140817,20140819,20140821,20140822,20140826,20140827,20140828,20140829,20140830,20140831,20140901,20140906,20140909,20140912,20140913,20140915,20140916,20140917,20140928,20140929,20141001 
Number is 36 
G.7.2_index_2_VS_G.3.2_index_2 [12] 
20140816,20140817,20140818,20140825,20140827,20140828,20140829,20140830,20140831,20140901,20140906,20140908,20140910,20140913,20140916,20140918,20140919,20140921,20140922,20140923,20140927,20141001,20141002 
Number is 38 
G.7.2_index_2_VS_G.7.4_index_2 [13] 
20140815,20140820,20140822,20140823,20140824,20140825,20140827,20140828,20140829,20140830,20140831,20140901,20140904,20140906,20140909,20140910,20140911,20140913,20140916,20140923,20140928,20141001,20141002 
Number is 45 
G.4.1_index_1_VS_G.4.4_index_2 [14] PLUS 1 
20140816,20140817,20140824,20140827,20140828,20140829,20140830,20140831,20140901,20140902,20140904,20140906,20140911,20140914,20140915,20140917,20140918,20140919,20140921,20140923,20140924,20140926,20140927,20140928,20140929,20140930 
Number is 46 
G.6.2_index_1_VS_G.2.2_index_1 [15] 
20140815,20140824,20140826,20140827,20140828,20140829,20140830,20140831,20140901,20140905,20140906,20140907,20140912,20140916,20140924 
G.DB_index_4_VS_G.5.1_index_4 [16] 
20140816,20140818,20140822,20140823,20140826,20140827,20140828,20140829,20140830,20140831,20140901,20140903,20140905,20140906,20140908,20140909,20140910,20140914,20140915,20140916,20140917,20140925,20140926,20140928,20141001 
Number is 50 
G.4.1_index_2_VS_G.3.2_index_5 [17] PLUS 1 
20140815,20140816,20140817,20140819,20140823,20140827,20140828,20140829,20140830,20140831,20140901,20140902,20140903,20140904,20140910,20140911,20140915,20140916,20140919,20140921,20140922,20140923,20140925,20140928,20141001,20141002 
Number is 53 
G.4.4_index_2_VS_G.3.3_index_2 [18] 
20140815,20140816,20140817,20140818,20140819,20140820,20140822,20140826,20140827,20140828,20140829,20140830,20140831,20140901,20140904,20140905,20140909,20140910,20140912,20140913,20140914,20140919,20140920,20140922,20140925,20140927,20140930,20141002 
Number is 54 
G.4.4_index_2_VS_G.7.2_index_1 [19] PLUS 1 
20140816,20140817,20140820,20140826,20140827,20140828,20140829,20140830,20140831,20140901,20140902,20140903,20140904,20140905,20140907,20140908,20140911,20140912,20140914,20140915,20140918,20140919,20140922,20140923,20140926,20140928,20140929,20140930 
Number is 61 
G.3.6_index_3_VS_G.3.5_index_3 [20] PLUS 1 
20140815,20140817,20140827,20140828,20140829,20140830,20140831,20140901,20140902,20140903,20140905,20140911,20140912,20140914,20140915,20140918,20140919,20140922,20140923,20140926,20140927,20140928,20140930 
G.5.3_index_2_VS_G.3.3_index_5 [21] PLUS 1 
20140817,20140819,20140821,20140822,20140824,20140826,20140827,20140828,20140829,20140830,20140831,20140901,20140902,20140903,20140906,20140915,20140917,20140918,20140919,20140920,20140921,20140923,20140927,20140928,20140929,20141002 
Number is 63 
G.3.6_index_3_VS_G.3.3_index_2 [22] 
20140822,20140823,20140824,20140826,20140827,20140828,20140829,20140830,20140831,20140901,20140903,20140904,20140907,20140908,20140914,20140915,20140916,20140919,20140920,20140921,20140926,20140928,20140929,20141002 
G.3.6_index_3_VS_G.3.3_index_3 [23] 
20140815,20140822,20140823,20140827,20140828,20140829,20140830,20140831,20140901,20140907,20140911,20140914,20140919,20140922,20140924,20140925,20140926,20140928,20140929,20140930 
Number is 65 
G.7.1_index_1_VS_G.4.3_index_1 [24] 
20140815,20140817,20140818,20140822,20140827,20140828,20140829,20140830,20140831,20140901,20140904,20140908,20140911,20140914,20140916,20140917,20140918,20140919,20140920,20140922,20140923,20140924,20140926,20140927,20140928,20140929,20140930,20141001 
Number is 72 
G.2.1_index_1_VS_G.4.1_index_3 [25] 
20140818,20140819,20140820,20140821,20140822,20140823,20140824,20140826,20140827,20140828,20140829,20140830,20140831,20140901,20140906,20140910,20140911,20140913,20140916,20140923,20140924,20140928,20141002 
Number is 85 
G.4.1_index_4_VS_G.5.3_index_1 [26] 
20140815,20140816,20140825,20140826,20140827,20140828,20140829,20140830,20140831,20140901,20140911,20140912,20140913,20140914,20140915,20140918,20140919,20140920,20140921,20140925,20141002 
Number is 86 
G.DB_index_5_VS_G.3.6_index_3 [27] 
20140815,20140827,20140828,20140829,20140830,20140831,20140901,20140903,20140905,20140908,20140910,20140911,20140915,20140920,20140922,20140926,20141002 
G.4.1_index_4_VS_G.3.5_index_5 [28] 
20140819,20140820,20140823,20140825,20140827,20140828,20140829,20140830,20140831,20140901,20140904,20140906,20140910,20140912,20140914,20140916,20140921,20140924,20140928,20140929,20141002 
G.7.4_index_2_VS_G.5.1_index_4 [29] 
20140819,20140820,20140822,20140825,20140827,20140828,20140829,20140830,20140831,20140901,20140904,20140905,20140906,20140910,20140911,20140912,20140913,20140914,20140915,20140921,20140922,20140923,20140924,20140929,20140930,20141001,20141002 
Number is 90 
G.3.6_index_4_VS_G.1.1_index_3 [30] 
20140820,20140821,20140824,20140825,20140827,20140828,20140829,20140830,20140831,20140901,20140904,20140909,20140910,20140912,20140913,20140914,20140915,20140918,20140923,20140924,20140929,20141001,20141002 
Number is 96 
G.3.6_index_4_VS_G.7.1_index_1 [31] PLUS 1 
20140818,20140819,20140823,20140827,20140828,20140829,20140830,20140831,20140901,20140902,20140906,20140907,20140909,20140912,20140915,20140918,20140920,20140921,20140923,20140925,20140926,20140928,20141001,20141002 
