======== Current: 20140903 ========= 
Number is 01 
G.2.2_index_5_VS_G.6.2_index_1 [1] 
20140816,20140817,20140819,20140828,20140829,20140830,20140831,20140901,20140902,20140909,20140914,20140915,20140917,20140920,20140922,20140926,20140930,20141002 
Number is 02 
G.2.2_index_3_VS_G.DB_index_5 [2] PLUS 1 
20140819,20140820,20140823,20140824,20140825,20140828,20140829,20140830,20140831,20140901,20140902,20140903,20140908,20140909,20140914,20140916,20140917,20140918,20140922,20140926 
Number is 04 
G.2.2_index_2_VS_G.5.2_index_4 [3] PLUS 1 
20140816,20140819,20140822,20140823,20140826,20140828,20140829,20140830,20140831,20140901,20140902,20140903,20140904,20140905,20140907,20140909,20140912,20140918,20140919,20140920,20140922,20140926,20140930,20141002 
Number is 12 
G.4.1_index_4_VS_G.3.1_index_5 [4] 
20140815,20140816,20140819,20140820,20140824,20140825,20140826,20140828,20140829,20140830,20140831,20140901,20140902,20140905,20140906,20140910,20140912,20140914,20140917,20140918,20140921,20140927,20140928,20140929,20141001 
Number is 13 
G.5.1_index_1_VS_G.7.4_index_1 [5] 
20140819,20140822,20140823,20140824,20140827,20140828,20140829,20140830,20140831,20140901,20140902,20140909,20140913,20140914,20140916,20140919,20140921,20140923,20140924,20140925,20140927,20140928,20141002 
Number is 14 
G.5.1_index_1_VS_G.3.1_index_1 [6] PLUS 1 
20140815,20140818,20140820,20140822,20140824,20140825,20140826,20140827,20140828,20140829,20140830,20140831,20140901,20140902,20140903,20140916,20140923,20140924,20140928,20140929 
Number is 19 
G.4.4_index_3_VS_G.DB_index_2 [7] 
20140816,20140820,20140824,20140828,20140829,20140830,20140831,20140901,20140902,20140904,20140907,20140908,20140909,20140910,20140919,20140921,20140923,20140925,20141002 
Number is 20 
G.4.1_index_2_VS_G.3.2_index_5 [8] PLUS 1 
20140815,20140816,20140817,20140819,20140823,20140827,20140828,20140829,20140830,20140831,20140901,20140902,20140903,20140904,20140910,20140911,20140915,20140916,20140919,20140921,20140922,20140923,20140925,20140928,20141001,20141002 
Number is 41 
G.3.4_index_1_VS_G.5.1_index_1 [9] PLUS 1 
20140816,20140819,20140820,20140827,20140828,20140829,20140830,20140831,20140901,20140902,20140903,20140906,20140910,20140914,20140921,20140922,20140927,20141002 
G.DB_index_4_VS_G.6.2_index_1 [10] PLUS 1 
20140815,20140817,20140818,20140828,20140829,20140830,20140831,20140901,20140902,20140903,20140904,20140907,20140909,20140911,20140912,20140915,20140916,20140917,20140920,20140924,20140926 
Number is 42 
G.5.2_index_4_VS_G.5.3_index_4 [11] PLUS 1 
20140815,20140819,20140822,20140828,20140829,20140830,20140831,20140901,20140902,20140903,20140904,20140908,20140910,20140911,20140913,20140914,20140915,20140916,20140918,20140922,20140924,20140928,20141001,20141002 
Number is 49 
G.5.3_index_2_VS_G.3.3_index_5 [12] PLUS 1 
20140817,20140819,20140821,20140822,20140824,20140826,20140827,20140828,20140829,20140830,20140831,20140901,20140902,20140903,20140906,20140915,20140917,20140918,20140919,20140920,20140921,20140923,20140927,20140928,20140929,20141002 
Number is 62 
G.4.4_index_2_VS_G.7.2_index_1 [13] PLUS 1 
20140816,20140817,20140820,20140826,20140827,20140828,20140829,20140830,20140831,20140901,20140902,20140903,20140904,20140905,20140907,20140908,20140911,20140912,20140914,20140915,20140918,20140919,20140922,20140923,20140926,20140928,20140929,20140930 
Number is 71 
G.3.6_index_3_VS_G.3.5_index_3 [14] PLUS 1 
20140815,20140817,20140827,20140828,20140829,20140830,20140831,20140901,20140902,20140903,20140905,20140911,20140912,20140914,20140915,20140918,20140919,20140922,20140923,20140926,20140927,20140928,20140930 
Number is 83 
G.5.6_index_4_VS_G.2.1_index_4 [15] PLUS 1 
20140815,20140816,20140818,20140821,20140823,20140825,20140828,20140829,20140830,20140831,20140901,20140902,20140903,20140906,20140909,20140910,20140911,20140914,20140915,20140919,20140923,20140924,20140925,20140928,20141001 
Number is 86 
G.4.1_index_1_VS_G.4.4_index_2 [16] 
20140816,20140817,20140824,20140827,20140828,20140829,20140830,20140831,20140901,20140902,20140904,20140906,20140911,20140914,20140915,20140917,20140918,20140919,20140921,20140923,20140924,20140926,20140927,20140928,20140929,20140930 
Number is 93 
G.3.6_index_4_VS_G.7.1_index_1 [17] 
20140818,20140819,20140823,20140827,20140828,20140829,20140830,20140831,20140901,20140902,20140906,20140907,20140909,20140912,20140915,20140918,20140920,20140921,20140923,20140925,20140926,20140928,20141001,20141002 
Number is 94 
G.3.3_index_5_VS_G.4.2_index_2 [18] PLUS 1 
20140817,20140818,20140826,20140827,20140828,20140829,20140830,20140831,20140901,20140902,20140903,20140904,20140906,20140907,20140909,20140913,20140916,20140918,20140922,20140925,20140927,20140928,20140930 
Number is 95 
G.5.4_index_3_VS_G.1.1_index_2 [19] 
20140821,20140823,20140824,20140825,20140828,20140829,20140830,20140831,20140901,20140902,20140906,20140909,20140912,20140917,20140919,20140922,20140924,20140925,20140928,20141001 
