======== Current: 20140904 ========= 
Number is 02 
G.7.4_index_2_VS_G.3.5_index_4 [1] PLUS 1 
20140815,20140817,20140818,20140819,20140820,20140825,20140826,20140829,20140830,20140831,20140901,20140902,20140903,20140904,20140906,20140908,20140909,20140911,20140916,20140917,20140918,20140920,20140921,20140922,20140923,20140924,20140928,20141001 
Number is 04 
G.4.3_index_1_VS_G.4.2_index_2 [2] PLUS 1 
20140817,20140818,20140819,20140820,20140822,20140824,20140827,20140829,20140830,20140831,20140901,20140902,20140903,20140904,20140905,20140906,20140908,20140909,20140917,20140928,20140929,20140930,20141001 
Number is 10 
G.2.2_index_3_VS_G.DB_index_5 [3] 
20140819,20140820,20140823,20140824,20140825,20140828,20140829,20140830,20140831,20140901,20140902,20140903,20140908,20140909,20140914,20140916,20140917,20140918,20140922,20140926 
Number is 14 
G.4.1_index_3_VS_G.4.1_index_2 [4] 
20140815,20140817,20140818,20140824,20140827,20140829,20140830,20140831,20140901,20140902,20140903,20140909,20140910,20140920,20140921,20140922,20140923,20140925,20140928,20141002 
G.2.2_index_3_VS_G.3.5_index_5 [5] 
20140815,20140819,20140822,20140825,20140827,20140829,20140830,20140831,20140901,20140902,20140903,20140910,20140911,20140915,20140916,20140918,20140919,20140924,20140926,20140930 
G.2.2_index_3_VS_G.4.2_index_2 [6] 
20140818,20140823,20140824,20140826,20140829,20140830,20140831,20140901,20140902,20140903,20140907,20140915,20140916,20140918,20140921,20140924,20140926,20140928,20140930,20141001 
Number is 15 
G.3.1_index_3_VS_G.2.2_index_4 [7] PLUS 1 
20140815,20140816,20140820,20140826,20140829,20140830,20140831,20140901,20140902,20140903,20140904,20140906,20140907,20140914,20140915,20140916,20140918,20140920,20140921,20140922,20140923,20140925,20141001 
Number is 18 
G.5.2_index_1_VS_G.3.2_index_5 [8] 
20140817,20140818,20140819,20140820,20140821,20140822,20140824,20140825,20140826,20140829,20140830,20140831,20140901,20140902,20140903,20140906,20140907,20140908,20140910,20140914,20140921,20140923,20140924,20140925,20140928,20140930,20141002 
Number is 19 
G.3.3_index_3_VS_G.DB_index_4 [9] 
20140815,20140816,20140818,20140821,20140823,20140825,20140826,20140827,20140829,20140830,20140831,20140901,20140902,20140903,20140905,20140909,20140910,20140911,20140913,20140914,20140915,20140916,20140920,20140925,20140929,20141002 
Number is 22 
G.5.6_index_4_VS_G.2.1_index_4 [10] 
20140815,20140816,20140818,20140821,20140823,20140825,20140828,20140829,20140830,20140831,20140901,20140902,20140903,20140906,20140909,20140910,20140911,20140914,20140915,20140919,20140923,20140924,20140925,20140928,20141001 
Number is 29 
G.2.1_index_4_VS_G.3.6_index_3 [11] 
20140815,20140822,20140825,20140829,20140830,20140831,20140901,20140902,20140903,20140905,20140907,20140908,20140909,20140911,20140912,20140914,20140916,20140925,20140926,20140930,20141001 
Number is 34 
G.2.2_index_5_VS_G.5.6_index_2 [12] 
20140815,20140816,20140818,20140819,20140820,20140824,20140827,20140829,20140830,20140831,20140901,20140902,20140903,20140910,20140914,20140915,20140916,20140918,20140921,20140922,20140926,20140930,20141001,20141002 
Number is 35 
G.5.1_index_1_VS_G.3.1_index_1 [13] 
20140815,20140818,20140820,20140822,20140824,20140825,20140826,20140827,20140828,20140829,20140830,20140831,20140901,20140902,20140903,20140916,20140923,20140924,20140928,20140929 
Number is 38 
G.7.2_index_2_VS_G.3.2_index_3 [14] 
20140818,20140819,20140821,20140823,20140825,20140827,20140829,20140830,20140831,20140901,20140902,20140903,20140906,20140908,20140909,20140914,20140917,20140921,20140923,20140928 
Number is 41 
G.3.5_index_5_VS_G.5.4_index_4 [15] 
20140818,20140823,20140824,20140825,20140827,20140829,20140830,20140831,20140901,20140902,20140903,20140905,20140907,20140911,20140912,20140915,20140917,20140918,20140919,20140921,20140922,20140923,20140924,20140925,20140927,20140928,20140929,20141001 
Number is 43 
G.3.4_index_1_VS_G.5.1_index_1 [16] 
20140816,20140819,20140820,20140827,20140828,20140829,20140830,20140831,20140901,20140902,20140903,20140906,20140910,20140914,20140921,20140922,20140927,20141002 
Number is 47 
G.4.2_index_2_VS_G.5.4_index_1 [17] PLUS 1 
20140817,20140819,20140820,20140822,20140824,20140829,20140830,20140831,20140901,20140902,20140903,20140904,20140907,20140911,20140912,20140918,20140928,20141002 
Number is 48 
G.4.1_index_2_VS_G.3.2_index_5 [18] PLUS 1 
20140815,20140816,20140817,20140819,20140823,20140827,20140828,20140829,20140830,20140831,20140901,20140902,20140903,20140904,20140910,20140911,20140915,20140916,20140919,20140921,20140922,20140923,20140925,20140928,20141001,20141002 
Number is 49 
G.6.3_index_2_VS_G.1.1_index_2 [19] 
20140816,20140819,20140822,20140825,20140826,20140827,20140829,20140830,20140831,20140901,20140902,20140903,20140906,20140907,20140908,20140910,20140911,20140913,20140915,20140916,20140917,20140918,20140919,20140922,20140923,20140925,20140930,20141002 
Number is 51 
G.3.6_index_4_VS_G.2.2_index_3 [20] PLUS 1 
20140818,20140820,20140821,20140824,20140825,20140827,20140829,20140830,20140831,20140901,20140902,20140903,20140904,20140907,20140910,20140912,20140914,20140916,20140917,20140921,20140922,20140924,20140925,20140927,20140928,20140930 
Number is 58 
G.4.4_index_2_VS_G.7.2_index_1 [21] PLUS 1 
20140816,20140817,20140820,20140826,20140827,20140828,20140829,20140830,20140831,20140901,20140902,20140903,20140904,20140905,20140907,20140908,20140911,20140912,20140914,20140915,20140918,20140919,20140922,20140923,20140926,20140928,20140929,20140930 
G.3.5_index_3_VS_G.5.3_index_2 [22] PLUS 1 
20140816,20140817,20140820,20140823,20140825,20140826,20140829,20140830,20140831,20140901,20140902,20140903,20140904,20140914,20140917,20140921,20140925,20140927,20140928 
Number is 64 
G.4.1_index_1_VS_G.4.2_index_2 [23] PLUS 1 
20140815,20140819,20140822,20140824,20140827,20140829,20140830,20140831,20140901,20140902,20140903,20140904,20140906,20140907,20140909,20140911,20140919,20140921,20140922,20140924,20140926,20140928,20140929,20140930,20141001 
Number is 67 
G.2.2_index_2_VS_G.5.2_index_4 [24] PLUS 1 
20140816,20140819,20140822,20140823,20140826,20140828,20140829,20140830,20140831,20140901,20140902,20140903,20140904,20140905,20140907,20140909,20140912,20140918,20140919,20140920,20140922,20140926,20140930,20141002 
Number is 68 
G.DB_index_2_VS_G.3.2_index_5 [25] 
20140817,20140818,20140819,20140821,20140822,20140823,20140827,20140829,20140830,20140831,20140901,20140902,20140903,20140905,20140908,20140913,20140917,20140918,20140923,20140924,20140925,20140927 
Number is 74 
G.3.3_index_5_VS_G.4.2_index_2 [26] PLUS 1 
20140817,20140818,20140826,20140827,20140828,20140829,20140830,20140831,20140901,20140902,20140903,20140904,20140906,20140907,20140909,20140913,20140916,20140918,20140922,20140925,20140927,20140928,20140930 
Number is 79 
G.5.2_index_4_VS_G.5.3_index_4 [27] PLUS 1 
20140815,20140819,20140822,20140828,20140829,20140830,20140831,20140901,20140902,20140903,20140904,20140908,20140910,20140911,20140913,20140914,20140915,20140916,20140918,20140922,20140924,20140928,20141001,20141002 
Number is 87 
G.5.3_index_2_VS_G.3.3_index_5 [28] 
20140817,20140819,20140821,20140822,20140824,20140826,20140827,20140828,20140829,20140830,20140831,20140901,20140902,20140903,20140906,20140915,20140917,20140918,20140919,20140920,20140921,20140923,20140927,20140928,20140929,20141002 
G.6.3_index_3_VS_G.3.4_index_3 [29] 
20140815,20140821,20140823,20140824,20140826,20140827,20140829,20140830,20140831,20140901,20140902,20140903,20140911,20140913,20140918,20140919,20140921,20140923,20140926 
Number is 95 
G.3.6_index_3_VS_G.3.5_index_3 [30] 
20140815,20140817,20140827,20140828,20140829,20140830,20140831,20140901,20140902,20140903,20140905,20140911,20140912,20140914,20140915,20140918,20140919,20140922,20140923,20140926,20140927,20140928,20140930 
Number is 98 
G.DB_index_4_VS_G.6.2_index_1 [31] PLUS 1 
20140815,20140817,20140818,20140828,20140829,20140830,20140831,20140901,20140902,20140903,20140904,20140907,20140909,20140911,20140912,20140915,20140916,20140917,20140920,20140924,20140926 
