======== Current: 20140905 ========= 
Number is 02 
G.3.6_index_4_VS_G.2.2_index_3 [1] 
20140818,20140820,20140821,20140824,20140825,20140827,20140829,20140830,20140831,20140901,20140902,20140903,20140904,20140907,20140910,20140912,20140914,20140916,20140917,20140921,20140922,20140924,20140925,20140927,20140928,20140930 
Number is 04 
G.7.4_index_2_VS_G.3.5_index_4 [2] 
20140815,20140817,20140818,20140819,20140820,20140825,20140826,20140829,20140830,20140831,20140901,20140902,20140903,20140904,20140906,20140908,20140909,20140911,20140916,20140917,20140918,20140920,20140921,20140922,20140923,20140924,20140928,20141001 
Number is 05 
G.7.4_index_2_VS_G.5.6_index_4 [3] 
20140816,20140817,20140818,20140819,20140822,20140824,20140825,20140826,20140828,20140830,20140831,20140901,20140902,20140903,20140904,20140911,20140912,20140916,20140920,20140922,20140926,20140928,20141002 
Number is 06 
G.5.5_index_1_VS_G.3.3_index_5 [4] 
20140821,20140824,20140825,20140827,20140828,20140830,20140831,20140901,20140902,20140903,20140904,20140906,20140907,20140912,20140916,20140917,20140918,20140919,20140920,20140925,20140928,20141002 
Number is 12 
G.4.3_index_2_VS_G.2.1_index_1 [5] 
20140817,20140818,20140821,20140824,20140826,20140828,20140830,20140831,20140901,20140902,20140903,20140904,20140906,20140908,20140911,20140913,20140915,20140916,20140917,20140919,20140921,20140927,20140929,20140930,20141001,20141002 
Number is 16 
G.3.5_index_3_VS_G.5.3_index_2 [6] 
20140816,20140817,20140820,20140823,20140825,20140826,20140829,20140830,20140831,20140901,20140902,20140903,20140904,20140914,20140917,20140921,20140925,20140927,20140928 
Number is 17 
G.4.4_index_2_VS_G.7.2_index_1 [7] PLUS 1 
20140816,20140817,20140820,20140826,20140827,20140828,20140829,20140830,20140831,20140901,20140902,20140903,20140904,20140905,20140907,20140908,20140911,20140912,20140914,20140915,20140918,20140919,20140922,20140923,20140926,20140928,20140929,20140930 
Number is 34 
G.5.5_index_3_VS_G.3.4_index_1 [8] 
20140820,20140822,20140823,20140825,20140826,20140827,20140830,20140831,20140901,20140902,20140903,20140904,20140908,20140909,20140912,20140913,20140914,20140915,20140916,20140919,20140920,20140921,20140924,20140925,20140926,20140929 
Number is 36 
G.1.1_index_4_VS_G.4.2_index_2 [9] 
20140816,20140818,20140819,20140820,20140823,20140828,20140830,20140831,20140901,20140902,20140903,20140904,20140906,20140907,20140909,20140910,20140911,20140912,20140913,20140914,20140915,20140920,20140924,20140925,20140927,20141001,20141002 
G.4.1_index_2_VS_G.3.2_index_5 [10] 
20140815,20140816,20140817,20140819,20140823,20140827,20140828,20140829,20140830,20140831,20140901,20140902,20140903,20140904,20140910,20140911,20140915,20140916,20140919,20140921,20140922,20140923,20140925,20140928,20141001,20141002 
Number is 39 
G.2.1_index_2_VS_G.DB_index_2 [11] 
20140815,20140818,20140820,20140821,20140828,20140830,20140831,20140901,20140902,20140903,20140904,20140906,20140908,20140909,20140911,20140916,20140917,20140919,20140922,20140925,20141002 
Number is 46 
G.4.3_index_4_VS_G.4.2_index_2 [12] PLUS 1 
20140818,20140819,20140820,20140822,20140823,20140824,20140826,20140828,20140830,20140831,20140901,20140902,20140903,20140904,20140905,20140906,20140907,20140910,20140913,20140916,20140920,20140923 
Number is 53 
G.6.3_index_2_VS_G.5.5_index_3 [13] 
20140816,20140817,20140826,20140828,20140830,20140831,20140901,20140902,20140903,20140904,20140907,20140908,20140909,20140911,20140915,20140918,20140921,20140922,20140924,20140925,20140926,20140929,20140930,20141002 
Number is 57 
G.3.1_index_3_VS_G.2.2_index_4 [14] 
20140815,20140816,20140820,20140826,20140829,20140830,20140831,20140901,20140902,20140903,20140904,20140906,20140907,20140914,20140915,20140916,20140918,20140920,20140921,20140922,20140923,20140925,20141001 
Number is 59 
G.7.3_index_1_VS_G.3.1_index_1 [15] PLUS 1 
20140818,20140821,20140822,20140824,20140825,20140826,20140827,20140830,20140831,20140901,20140902,20140903,20140904,20140905,20140908,20140909,20140910,20140911,20140916,20140923,20140924,20141001 
Number is 60 
G.4.2_index_2_VS_G.5.4_index_1 [16] 
20140817,20140819,20140820,20140822,20140824,20140829,20140830,20140831,20140901,20140902,20140903,20140904,20140907,20140911,20140912,20140918,20140928,20141002 
Number is 61 
G.6.1_index_2_VS_G.3.4_index_5 [17] 
20140816,20140817,20140820,20140821,20140827,20140830,20140831,20140901,20140902,20140903,20140904,20140906,20140908,20140910,20140911,20140914,20140915,20140917,20140919,20140921,20140922,20140924,20140925,20140926,20140927,20140928,20140929,20140930,20141001 
Number is 66 
G.6.1_index_2_VS_G.4.2_index_2 [18] 
20140816,20140817,20140818,20140820,20140822,20140825,20140827,20140830,20140831,20140901,20140902,20140903,20140904,20140906,20140910,20140911,20140912,20140914,20140919,20140925,20140928 
G.4.1_index_1_VS_G.4.2_index_2 [19] 
20140815,20140819,20140822,20140824,20140827,20140829,20140830,20140831,20140901,20140902,20140903,20140904,20140906,20140907,20140909,20140911,20140919,20140921,20140922,20140924,20140926,20140928,20140929,20140930,20141001 
G.3.3_index_5_VS_G.4.2_index_2 [20] 
20140817,20140818,20140826,20140827,20140828,20140829,20140830,20140831,20140901,20140902,20140903,20140904,20140906,20140907,20140909,20140913,20140916,20140918,20140922,20140925,20140927,20140928,20140930 
Number is 69 
G.4.2_index_4_VS_G.6.2_index_1 [21] PLUS 1 
20140815,20140817,20140822,20140830,20140831,20140901,20140902,20140903,20140904,20140905,20140907,20140908,20140909,20140912,20140915,20140917,20140920,20140924,20140928,20140930,20141002 
G.5.3_index_4_VS_G.3.6_index_2 [22] PLUS 1 
20140815,20140816,20140818,20140820,20140823,20140828,20140830,20140831,20140901,20140902,20140903,20140904,20140905,20140906,20140907,20140909,20140911,20140916,20140917,20140918,20140919,20140924,20140928,20140929,20140930,20141001,20141002 
Number is 76 
G.5.2_index_4_VS_G.5.3_index_4 [23] 
20140815,20140819,20140822,20140828,20140829,20140830,20140831,20140901,20140902,20140903,20140904,20140908,20140910,20140911,20140913,20140914,20140915,20140916,20140918,20140922,20140924,20140928,20141001,20141002 
Number is 83 
G.DB_index_1_VS_G.5.1_index_2 [24] PLUS 1 
20140815,20140816,20140818,20140820,20140821,20140823,20140824,20140828,20140830,20140831,20140901,20140902,20140903,20140904,20140905,20140912,20140913,20140914,20140915,20140916,20140917,20140921,20140922,20140924,20140929,20140930 
Number is 87 
G.2.2_index_2_VS_G.5.2_index_4 [25] PLUS 1 
20140816,20140819,20140822,20140823,20140826,20140828,20140829,20140830,20140831,20140901,20140902,20140903,20140904,20140905,20140907,20140909,20140912,20140918,20140919,20140920,20140922,20140926,20140930,20141002 
Number is 90 
G.4.3_index_1_VS_G.5.6_index_2 [26] 
20140817,20140818,20140819,20140820,20140822,20140823,20140827,20140828,20140830,20140831,20140901,20140902,20140903,20140904,20140909,20140910,20140912,20140919,20140923,20140928,20140929,20140930,20141001,20141002 
Number is 93 
G.3.1_index_1_VS_G.5.5_index_3 [27] 
20140817,20140826,20140827,20140830,20140831,20140901,20140902,20140903,20140904,20140907,20140909,20140916,20140917,20140919,20140922,20140924,20140925,20140927,20140929 
Number is 96 
G.4.3_index_1_VS_G.4.2_index_2 [28] PLUS 1 
20140817,20140818,20140819,20140820,20140822,20140824,20140827,20140829,20140830,20140831,20140901,20140902,20140903,20140904,20140905,20140906,20140908,20140909,20140917,20140928,20140929,20140930,20141001 
G.4.2_index_3_VS_G.3.4_index_3 [29] PLUS 1 
20140815,20140817,20140819,20140820,20140824,20140825,20140830,20140831,20140901,20140902,20140903,20140904,20140905,20140909,20140911,20140914,20140915,20140917,20140919,20140921,20140922,20140923,20140926,20140928,20141002 
G.DB_index_2_VS_G.4.1_index_3 [30] PLUS 1 
20140817,20140820,20140822,20140823,20140824,20140825,20140827,20140830,20140831,20140901,20140902,20140903,20140904,20140905,20140907,20140908,20140909,20140911,20140915,20140917,20140919,20140920,20140921,20140923,20140925,20140929,20141001 
Number is 99 
G.DB_index_4_VS_G.6.2_index_1 [31] 
20140815,20140817,20140818,20140828,20140829,20140830,20140831,20140901,20140902,20140903,20140904,20140907,20140909,20140911,20140912,20140915,20140916,20140917,20140920,20140924,20140926 
