======== Current: 20140906 ========= 
Number is 00 
G.3.6_index_2_VS_G.6.2_index_3 [1] 
20140816,20140817,20140818,20140820,20140823,20140824,20140825,20140831,20140901,20140902,20140903,20140904,20140905,20140908,20140909,20140912,20140913,20140915,20140917,20140918,20140924,20140925,20141002 
Number is 07 
G.6.2_index_3_VS_G.7.3_index_1 [2] PLUS 1 
20140816,20140817,20140818,20140819,20140821,20140823,20140825,20140826,20140831,20140901,20140902,20140903,20140904,20140905,20140906,20140908,20140910,20140911,20140914,20140917,20140918,20140920,20140923,20140925,20140929 
Number is 10 
G.3.5_index_1_VS_G.3.6_index_2 [3] 
20140816,20140817,20140818,20140819,20140820,20140821,20140822,20140823,20140826,20140831,20140901,20140902,20140903,20140904,20140905,20140909,20140910,20140911,20140912,20140913,20140915,20140916,20140917,20140919,20140920,20140922,20140923,20140924,20140925,20140930 
Number is 17 
G.4.4_index_4_VS_G.5.6_index_2 [4] 
20140817,20140818,20140819,20140820,20140822,20140823,20140825,20140826,20140829,20140831,20140901,20140902,20140903,20140904,20140905,20140913,20140915,20140917,20140918,20140922,20140923,20140924,20140925,20140926 
G.DB_index_1_VS_G.5.1_index_2 [5] 
20140815,20140816,20140818,20140820,20140821,20140823,20140824,20140828,20140830,20140831,20140901,20140902,20140903,20140904,20140905,20140912,20140913,20140914,20140915,20140916,20140917,20140921,20140922,20140924,20140929,20140930 
Number is 19 
G.4.4_index_2_VS_G.7.2_index_1 [6] 
20140816,20140817,20140820,20140826,20140827,20140828,20140829,20140830,20140831,20140901,20140902,20140903,20140904,20140905,20140907,20140908,20140911,20140912,20140914,20140915,20140918,20140919,20140922,20140923,20140926,20140928,20140929,20140930 
Number is 24 
G.5.2_index_4_VS_G.4.2_index_1 [7] 
20140816,20140818,20140822,20140826,20140827,20140831,20140901,20140902,20140903,20140904,20140905,20140908,20140911,20140915,20140916,20140920,20140921,20140923,20140924,20140925,20140926,20140928,20141001,20141002 
G.2.2_index_3_VS_G.DB_index_2 [8] 
20140815,20140823,20140825,20140826,20140828,20140831,20140901,20140902,20140903,20140904,20140905,20140908,20140909,20140910,20140911,20140914,20140916,20140921,20140929,20141001,20141002 
Number is 31 
G.3.4_index_1_VS_G.3.1_index_2 [9] 
20140816,20140819,20140820,20140821,20140822,20140828,20140831,20140901,20140902,20140903,20140904,20140905,20140910,20140911,20140916,20140917,20140920,20140926,20140928,20140929 
Number is 40 
G.5.3_index_4_VS_G.3.6_index_2 [10] PLUS 1 
20140815,20140816,20140818,20140820,20140823,20140828,20140830,20140831,20140901,20140902,20140903,20140904,20140905,20140906,20140907,20140909,20140911,20140916,20140917,20140918,20140919,20140924,20140928,20140929,20140930,20141001,20141002 
Number is 44 
G.DB_index_2_VS_G.4.1_index_3 [11] 
20140817,20140820,20140822,20140823,20140824,20140825,20140827,20140830,20140831,20140901,20140902,20140903,20140904,20140905,20140907,20140908,20140909,20140911,20140915,20140917,20140919,20140920,20140921,20140923,20140925,20140929,20141001 
Number is 46 
G.3.5_index_5_VS_G.2.2_index_2 [12] 
20140818,20140819,20140821,20140823,20140824,20140826,20140827,20140831,20140901,20140902,20140903,20140904,20140905,20140908,20140909,20140910,20140911,20140912,20140916,20140918,20140921,20140923,20140924,20140926,20140928,20140930 
Number is 48 
G.4.1_index_1_VS_G.7.3_index_2 [13] PLUS 1 
20140818,20140819,20140823,20140824,20140827,20140829,20140831,20140901,20140902,20140903,20140904,20140905,20140906,20140910,20140911,20140913,20140915,20140917,20140918,20140924,20140927,20140928,20140929,20140930,20141001,20141002 
G.4.2_index_1_VS_G.2.2_index_4 [14] PLUS 1 
20140816,20140819,20140824,20140825,20140828,20140829,20140831,20140901,20140902,20140903,20140904,20140905,20140906,20140911,20140914,20140915,20140918,20140920,20140921,20140923,20140926,20140928 
Number is 58 
G.DB_index_3_VS_G.3.4_index_5 [15] PLUS 1 
20140816,20140817,20140818,20140819,20140820,20140821,20140822,20140823,20140826,20140827,20140828,20140831,20140901,20140902,20140903,20140904,20140905,20140906,20140907,20140911,20140912,20140914,20140916,20140917,20140925,20140926,20140927,20140929 
Number is 61 
G.3.6_index_1_VS_G.5.3_index_1 [16] 
20140816,20140818,20140820,20140825,20140827,20140829,20140831,20140901,20140902,20140903,20140904,20140905,20140910,20140919,20140922,20140924,20140927,20140930,20141001 
Number is 62 
G.4.2_index_3_VS_G.3.4_index_3 [17] 
20140815,20140817,20140819,20140820,20140824,20140825,20140830,20140831,20140901,20140902,20140903,20140904,20140905,20140909,20140911,20140914,20140915,20140917,20140919,20140921,20140922,20140923,20140926,20140928,20141002 
G.2.2_index_2_VS_G.5.2_index_4 [18] 
20140816,20140819,20140822,20140823,20140826,20140828,20140829,20140830,20140831,20140901,20140902,20140903,20140904,20140905,20140907,20140909,20140912,20140918,20140919,20140920,20140922,20140926,20140930,20141002 
Number is 63 
G.3.6_index_3_VS_G.6.3_index_3 [19] PLUS 1 
20140815,20140819,20140824,20140827,20140829,20140831,20140901,20140902,20140903,20140904,20140905,20140906,20140907,20140911,20140914,20140917,20140918,20140921,20140923,20140925,20140926,20140928,20141001,20141002 
Number is 66 
G.3.1_index_5_VS_G.3.6_index_1 [20] 
20140820,20140822,20140826,20140829,20140831,20140901,20140902,20140903,20140904,20140905,20140912,20140915,20140917,20140918,20140922,20140923,20140924,20140929 
Number is 69 
G.4.3_index_2_VS_G.3.3_index_2 [21] 
20140815,20140816,20140817,20140819,20140820,20140823,20140824,20140825,20140827,20140828,20140831,20140901,20140902,20140903,20140904,20140905,20140907,20140911,20140913,20140915,20140916,20140918,20140919,20140920,20140921,20140927,20140928,20140930,20141002 
Number is 77 
G.7.3_index_1_VS_G.3.1_index_1 [22] 
20140818,20140821,20140822,20140824,20140825,20140826,20140827,20140830,20140831,20140901,20140902,20140903,20140904,20140905,20140908,20140909,20140910,20140911,20140916,20140923,20140924,20141001 
Number is 84 
G.3.1_index_4_VS_G.4.2_index_1 [23] PLUS 1 
20140816,20140817,20140818,20140819,20140821,20140827,20140828,20140831,20140901,20140902,20140903,20140904,20140905,20140906,20140909,20140915,20140917,20140922,20140923,20140928,20140929,20141002 
Number is 85 
G.4.3_index_4_VS_G.4.2_index_2 [24] PLUS 1 
20140818,20140819,20140820,20140822,20140823,20140824,20140826,20140828,20140830,20140831,20140901,20140902,20140903,20140904,20140905,20140906,20140907,20140910,20140913,20140916,20140920,20140923 
Number is 91 
G.4.2_index_4_VS_G.6.2_index_1 [25] 
20140815,20140817,20140822,20140830,20140831,20140901,20140902,20140903,20140904,20140905,20140907,20140908,20140909,20140912,20140915,20140917,20140920,20140924,20140928,20140930,20141002 
Number is 95 
G.4.3_index_1_VS_G.4.2_index_2 [26] PLUS 1 
20140817,20140818,20140819,20140820,20140822,20140824,20140827,20140829,20140830,20140831,20140901,20140902,20140903,20140904,20140905,20140906,20140908,20140909,20140917,20140928,20140929,20140930,20141001 
Number is 97 
G.7.2_index_1_VS_G.4.3_index_3 [27] 
20140820,20140821,20140826,20140827,20140828,20140829,20140831,20140901,20140902,20140903,20140904,20140905,20140907,20140908,20140910,20140912,20140913,20140916,20140917,20140918,20140922,20140926,20141002 
