======== Current: 20140909 ========= 
Number is 00 
G.6.2_index_1_VS_G.5.1_index_4 [1] 
20140819,20140822,20140824,20140825,20140828,20140829,20140830,20140901,20140903,20140904,20140905,20140906,20140907,20140908,20140910,20140911,20140912,20140913,20140914,20140915,20140917,20140920,20140922,20140924,20140925,20140926,20140928,20140930 
Number is 04 
G.3.1_index_4_VS_G.3.6_index_1 [2] PLUS 1 
20140817,20140818,20140820,20140821,20140825,20140827,20140828,20140830,20140831,20140901,20140903,20140904,20140905,20140906,20140907,20140908,20140909,20140916,20140917,20140919,20140922,20140923,20140924,20140925,20140926,20140927 
Number is 14 
G.5.4_index_1_VS_G.5.1_index_2 [3] 
20140816,20140820,20140821,20140826,20140827,20140903,20140904,20140905,20140906,20140907,20140908,20140910,20140919,20140921,20140925,20140927,20140928,20140929,20141001 
Number is 15 
G.3.4_index_5_VS_G.4.2_index_1 [4] 
20140818,20140819,20140820,20140821,20140825,20140826,20140827,20140828,20140902,20140903,20140904,20140905,20140906,20140907,20140908,20140910,20140912,20140914,20140917,20140928,20140929,20140930,20141002 
Number is 33 
G.2.2_index_3_VS_G.3.3_index_4 [5] 
20140815,20140816,20140818,20140820,20140824,20140826,20140901,20140903,20140904,20140905,20140906,20140907,20140908,20140915,20140922,20140926,20140930 
Number is 40 
G.DB_index_2_VS_G.5.5_index_2 [6] PLUS 1 
20140815,20140816,20140818,20140819,20140820,20140822,20140824,20140826,20140829,20140831,20140903,20140904,20140905,20140906,20140907,20140908,20140909,20140912,20140916,20140917,20140920,20140921,20140922,20140923,20140925,20140930,20141001 
G.DB_index_2_VS_G.3.2_index_1 [7] PLUS 1 
20140818,20140820,20140825,20140826,20140828,20140829,20140902,20140903,20140904,20140905,20140906,20140907,20140908,20140909,20140911,20140912,20140916,20140917,20140920,20140921,20140922,20140925 
G.DB_index_2_VS_G.4.2_index_2 [8] PLUS 1 
20140815,20140817,20140819,20140820,20140821,20140824,20140828,20140829,20140902,20140903,20140904,20140905,20140906,20140907,20140908,20140909,20140910,20140911,20140917,20140919,20140922,20140926,20140929,20140930,20141001 
Number is 45 
G.5.2_index_4_VS_G.7.3_index_2 [9] 
20140819,20140826,20140828,20140831,20140901,20140903,20140904,20140905,20140906,20140907,20140908,20140911,20140913,20140915,20140916,20140919,20140922,20140925,20140926,20140928 
Number is 64 
G.6.2_index_3_VS_G.DB_index_2 [10] PLUS 1 
20140816,20140817,20140818,20140819,20140820,20140823,20140825,20140826,20140828,20140829,20140901,20140903,20140904,20140905,20140906,20140907,20140908,20140909,20140910,20140917,20140922,20140927 
G.4.3_index_3_VS_G.5.2_index_4 [11] PLUS 1 
20140816,20140818,20140826,20140828,20140829,20140901,20140903,20140904,20140905,20140906,20140907,20140908,20140909,20140914,20140915,20140916,20140920,20140923,20140928 
Number is 81 
G.5.2_index_1_VS_G.3.1_index_1 [12] 
20140817,20140818,20140819,20140820,20140822,20140824,20140825,20140826,20140902,20140903,20140904,20140905,20140906,20140907,20140908,20140910,20140914,20140916,20140918,20140922,20140924,20140927,20140928,20140930,20141001,20141002 
Number is 90 
G.7.2_index_1_VS_G.3.1_index_4 [13] PLUS 1 
20140815,20140816,20140817,20140821,20140822,20140826,20140828,20140829,20140831,20140902,20140903,20140904,20140905,20140906,20140907,20140908,20140909,20140911,20140912,20140913,20140916,20140917,20140918,20140924,20140925,20140926,20140927 
Number is 92 
G.3.3_index_5_VS_G.4.2_index_3 [14] 
20140816,20140817,20140821,20140822,20140827,20140828,20140901,20140902,20140903,20140904,20140905,20140906,20140907,20140908,20140911,20140914,20140918,20140919,20140920,20140921,20140925,20140927,20140928 
