======== Current: 20140911 ========= 
Number is 09 
G.6.2_index_2_VS_G.3.4_index_3 [1] PLUS 1 
20140815,20140816,20140819,20140822,20140823,20140824,20140825,20140826,20140829,20140831,20140904,20140905,20140906,20140907,20140908,20140909,20140910,20140911,20140921,20140922,20140923,20140926,20140927,20140928 
Number is 17 
G.DB_index_2_VS_G.4.2_index_2 [2] PLUS 1 
20140815,20140817,20140819,20140820,20140821,20140824,20140828,20140829,20140902,20140903,20140904,20140905,20140906,20140907,20140908,20140909,20140910,20140911,20140917,20140919,20140922,20140926,20140929,20140930,20141001 
Number is 29 
G.5.5_index_2_VS_G.3.4_index_2 [3] PLUS 1 
20140817,20140818,20140821,20140824,20140825,20140827,20140828,20140902,20140905,20140906,20140907,20140908,20140909,20140910,20140911,20140912,20140913,20140914,20140915,20140916,20140917,20140918,20140919,20140921,20140923,20140926,20140929,20140930,20141001,20141002 
Number is 30 
G.1.1_index_5_VS_G.2.1_index_3 [4] 
20140815,20140816,20140817,20140818,20140823,20140825,20140828,20140829,20140901,20140902,20140903,20140905,20140906,20140907,20140908,20140909,20140910,20140913,20140916,20140917,20140918,20140919,20140921,20140922,20140926 
Number is 31 
G.6.2_index_3_VS_G.DB_index_2 [5] 
20140816,20140817,20140818,20140819,20140820,20140823,20140825,20140826,20140828,20140829,20140901,20140903,20140904,20140905,20140906,20140907,20140908,20140909,20140910,20140917,20140922,20140927 
Number is 49 
G.4.2_index_4_VS_G.DB_index_3 [6] 
20140819,20140821,20140830,20140831,20140903,20140905,20140906,20140907,20140908,20140909,20140910,20140913,20140917,20140922,20140923,20140925,20140929,20141002 
Number is 52 
G.3.2_index_1_VS_G.6.1_index_3 [7] 
20140816,20140825,20140827,20140829,20140902,20140905,20140906,20140907,20140908,20140909,20140910,20140912,20140913,20140915,20140916,20140917,20140920,20140921,20140923,20140925,20141002 
Number is 57 
G.5.2_index_2_VS_G.3.3_index_4 [8] 
20140815,20140816,20140818,20140824,20140826,20140830,20140901,20140905,20140906,20140907,20140908,20140909,20140910,20140912,20140913,20140914,20140916,20140918,20140922,20140924,20140930,20141001,20141002 
Number is 79 
G.2.1_index_4_VS_G.3.1_index_4 [9] PLUS 1 
20140816,20140819,20140820,20140824,20140825,20140826,20140828,20140905,20140906,20140907,20140908,20140909,20140910,20140911,20140912,20140913,20140917,20140919,20140921,20140922,20140924,20140925,20141001 
Number is 85 
G.1.1_index_1_VS_G.2.2_index_3 [10] PLUS 1 
20140815,20140816,20140821,20140824,20140825,20140828,20140829,20140830,20140901,20140902,20140903,20140905,20140906,20140907,20140908,20140909,20140910,20140911,20140913,20140915,20140916,20140918,20140919,20140921,20140922,20140923,20140925 
Number is 87 
G.5.4_index_3_VS_G.2.1_index_4 [11] 
20140820,20140821,20140822,20140830,20140831,20140905,20140906,20140907,20140908,20140909,20140910,20140912,20140913,20140914,20140916,20140918,20140925,20140926,20140927,20140928,20140930,20141002 
Number is 89 
G.5.1_index_4_VS_G.5.5_index_4 [12] 
20140816,20140823,20140825,20140826,20140827,20140828,20140905,20140906,20140907,20140908,20140909,20140910,20140913,20140917,20140918,20140920,20140926,20140927 
Number is 91 
G.3.1_index_4_VS_G.1.1_index_3 [13] 
20140815,20140817,20140821,20140824,20140827,20140828,20140829,20140830,20140904,20140905,20140906,20140907,20140908,20140909,20140910,20140912,20140913,20140919,20140921,20140923,20140924,20140925,20140927,20140928,20140929 
Number is 98 
G.DB_index_3_VS_G.7.3_index_2 [14] 
20140817,20140819,20140821,20140823,20140824,20140826,20140829,20140831,20140905,20140906,20140907,20140908,20140909,20140910,20140913,20140916,20140917,20140918,20140922,20140924,20140925,20140927,20140930 
