======== Current: 20140912 ========= 
Number is 03 
G.5.2_index_2_VS_G.3.5_index_1 [1] 
20140818,20140820,20140821,20140822,20140823,20140827,20140830,20140831,20140902,20140903,20140906,20140907,20140908,20140909,20140910,20140911,20140914,20140915,20140921,20140924,20141001 
Number is 06 
G.5.2_index_2_VS_G.5.2_index_1 [2] 
20140815,20140816,20140820,20140821,20140824,20140825,20140826,20140829,20140831,20140901,20140902,20140903,20140906,20140907,20140908,20140909,20140910,20140911,20140913,20140914,20140916,20140917,20140918,20140921,20140923,20140924,20140927,20141001,20141002 
Number is 07 
G.4.3_index_2_VS_G.7.2_index_2 [3] PLUS 1 
20140815,20140817,20140821,20140824,20140825,20140827,20140830,20140901,20140902,20140903,20140906,20140907,20140908,20140909,20140910,20140911,20140912,20140913,20140914,20140916,20140918,20140919,20140921,20140922,20140928,20141001,20141002 
G.5.2_index_2_VS_G.7.2_index_2 [4] PLUS 1 
20140818,20140819,20140820,20140821,20140824,20140825,20140828,20140901,20140903,20140906,20140907,20140908,20140909,20140910,20140911,20140912,20140917,20140919,20140921,20140928,20141002 
Number is 12 
G.3.4_index_2_VS_G.4.1_index_3 [5] 
20140820,20140821,20140824,20140826,20140827,20140828,20140829,20140902,20140906,20140907,20140908,20140909,20140910,20140911,20140913,20140914,20140915,20140918,20140919,20140921,20140922,20140926,20140928,20141002 
Number is 27 
G.3.5_index_5_VS_G.3.3_index_5 [6] 
20140815,20140816,20140823,20140826,20140827,20140831,20140901,20140902,20140904,20140906,20140907,20140908,20140909,20140910,20140911,20140913,20140916,20140918,20140920,20140921,20140925,20140927,20141001,20141002 
Number is 31 
G.6.2_index_2_VS_G.5.5_index_4 [7] 
20140815,20140816,20140817,20140818,20140825,20140826,20140828,20140829,20140901,20140906,20140907,20140908,20140909,20140910,20140911,20140914,20140928,20141002 
Number is 32 
G.2.2_index_1_VS_G.2.1_index_2 [8] 
20140815,20140816,20140819,20140825,20140826,20140830,20140903,20140904,20140906,20140907,20140908,20140909,20140910,20140911,20140914,20140915,20140922,20140923,20140924,20140926 
Number is 39 
G.DB_index_2_VS_G.4.2_index_2 [9] 
20140815,20140817,20140819,20140820,20140821,20140824,20140828,20140829,20140902,20140903,20140904,20140905,20140906,20140907,20140908,20140909,20140910,20140911,20140917,20140919,20140922,20140926,20140929,20140930,20141001 
G.6.2_index_2_VS_G.3.4_index_3 [10] 
20140815,20140816,20140819,20140822,20140823,20140824,20140825,20140826,20140829,20140831,20140904,20140905,20140906,20140907,20140908,20140909,20140910,20140911,20140921,20140922,20140923,20140926,20140927,20140928 
Number is 41 
G.5.5_index_2_VS_G.3.4_index_2 [11] PLUS 1 
20140817,20140818,20140821,20140824,20140825,20140827,20140828,20140902,20140905,20140906,20140907,20140908,20140909,20140910,20140911,20140912,20140913,20140914,20140915,20140916,20140917,20140918,20140919,20140921,20140923,20140926,20140929,20140930,20141001,20141002 
Number is 58 
G.3.3_index_2_VS_G.2.1_index_4 [12] PLUS 1 
20140815,20140816,20140818,20140823,20140824,20140826,20140829,20140906,20140907,20140908,20140909,20140910,20140911,20140912,20140913,20140915,20140922,20140924,20140928,20140930,20141001 
Number is 60 
G.2.2_index_5_VS_G.3.1_index_4 [13] 
20140817,20140819,20140820,20140825,20140829,20140830,20140903,20140906,20140907,20140908,20140909,20140910,20140911,20140914,20140917,20140919,20140920,20140923,20140925,20140926,20140928 
Number is 67 
G.3.2_index_1_VS_G.1.1_index_3 [14] 
20140816,20140819,20140820,20140825,20140831,20140901,20140903,20140906,20140907,20140908,20140909,20140910,20140911,20140913,20140915,20140916,20140918,20140919,20140921,20140923,20140925,20140928 
G.1.1_index_1_VS_G.2.2_index_3 [15] 
20140815,20140816,20140821,20140824,20140825,20140828,20140829,20140830,20140901,20140902,20140903,20140905,20140906,20140907,20140908,20140909,20140910,20140911,20140913,20140915,20140916,20140918,20140919,20140921,20140922,20140923,20140925 
Number is 75 
G.2.2_index_3_VS_G.3.3_index_2 [16] PLUS 1 
20140815,20140817,20140821,20140822,20140824,20140825,20140826,20140828,20140830,20140831,20140902,20140904,20140906,20140907,20140908,20140909,20140910,20140911,20140912,20140918,20140919,20140921,20140926,20140928,20141002 
Number is 78 
G.5.6_index_3_VS_G.2.1_index_4 [17] 
20140816,20140818,20140821,20140823,20140827,20140828,20140901,20140902,20140906,20140907,20140908,20140909,20140910,20140911,20140913,20140918,20140922,20140924,20140926,20140928,20141002 
Number is 80 
G.2.1_index_4_VS_G.3.1_index_4 [18] PLUS 1 
20140816,20140819,20140820,20140824,20140825,20140826,20140828,20140905,20140906,20140907,20140908,20140909,20140910,20140911,20140912,20140913,20140917,20140919,20140921,20140922,20140924,20140925,20141001 
G.4.4_index_3_VS_G.3.4_index_1 [19] PLUS 1 
20140818,20140820,20140824,20140828,20140901,20140903,20140904,20140906,20140907,20140908,20140909,20140910,20140911,20140912,20140914,20140915,20140917,20140921,20140923,20140926,20140928,20140929,20140930,20141002 
Number is 81 
G.DB_index_3_VS_G.5.5_index_4 [20] PLUS 1 
20140815,20140817,20140818,20140822,20140823,20140901,20140906,20140907,20140908,20140909,20140910,20140911,20140912,20140913,20140917,20140920,20140924,20140925,20140926,20140929 
Number is 88 
G.3.2_index_2_VS_G.2.1_index_4 [21] 
20140815,20140818,20140819,20140824,20140827,20140830,20140902,20140906,20140907,20140908,20140909,20140910,20140911,20140913,20140914,20140916,20140917,20140918,20140926,20140930 
