======== Current: 20140914 ========= 
Number is 01 
G.3.6_index_5_VS_G.4.3_index_4 [1] 
20140816,20140818,20140819,20140821,20140822,20140825,20140901,20140904,20140905,20140906,20140908,20140909,20140910,20140911,20140912,20140913,20140919,20140921,20140928,20140929,20140930,20141002 
Number is 10 
G.DB_index_3_VS_G.5.5_index_4 [2] 
20140815,20140817,20140818,20140822,20140823,20140901,20140906,20140907,20140908,20140909,20140910,20140911,20140912,20140913,20140917,20140920,20140924,20140925,20140926,20140929 
Number is 12 
G.6.3_index_1_VS_G.3.4_index_3 [3] PLUS 1 
20140817,20140819,20140820,20140822,20140823,20140824,20140828,20140829,20140830,20140831,20140901,20140905,20140908,20140909,20140910,20140911,20140912,20140913,20140914,20140917,20140918,20140919,20140922,20140923,20140926,20140927,20141002 
Number is 13 
G.DB_index_3_VS_G.5.2_index_2 [4] PLUS 1 
20140815,20140816,20140817,20140819,20140823,20140824,20140826,20140830,20140901,20140902,20140905,20140906,20140908,20140909,20140910,20140911,20140912,20140913,20140914,20140915,20140916,20140920,20140922,20140925,20140929,20141001 
Number is 24 
G.2.1_index_4_VS_G.6.1_index_2 [5] PLUS 1 
20140817,20140820,20140826,20140829,20140830,20140902,20140906,20140908,20140909,20140910,20140911,20140912,20140913,20140914,20140919,20140923,20140924,20140928,20141001 
Number is 29 
G.2.1_index_4_VS_G.3.1_index_4 [6] 
20140816,20140819,20140820,20140824,20140825,20140826,20140828,20140905,20140906,20140907,20140908,20140909,20140910,20140911,20140912,20140913,20140917,20140919,20140921,20140922,20140924,20140925,20141001 
Number is 31 
G.7.4_index_1_VS_G.DB_index_3 [7] PLUS 1 
20140817,20140819,20140823,20140824,20140825,20140826,20140828,20140829,20140901,20140905,20140908,20140909,20140910,20140911,20140912,20140913,20140914,20140917,20140920,20140923,20141001 
Number is 43 
G.6.1_index_2_VS_G.3.3_index_4 [8] PLUS 1 
20140816,20140817,20140822,20140823,20140830,20140905,20140908,20140909,20140910,20140911,20140912,20140913,20140914,20140919,20140924,20140925,20140926,20140928,20140929,20141001,20141002 
Number is 54 
G.7.2_index_1_VS_G.3.6_index_3 [9] PLUS 1 
20140819,20140824,20140830,20140831,20140903,20140904,20140905,20140907,20140908,20140909,20140910,20140911,20140912,20140913,20140914,20140915,20140918,20140921,20140922,20140925,20140928,20140930 
Number is 55 
G.2.2_index_2_VS_G.4.2_index_3 [10] 
20140818,20140822,20140825,20140826,20140829,20140902,20140903,20140904,20140905,20140908,20140909,20140910,20140911,20140912,20140913,20140915,20140917,20140918,20140921,20140924,20140926,20140927,20141001 
Number is 64 
G.DB_index_5_VS_G.3.2_index_2 [11] 
20140815,20140817,20140819,20140828,20140829,20140830,20140831,20140904,20140906,20140908,20140909,20140910,20140911,20140912,20140913,20140918,20140920,20140921,20140922,20140927,20141002 
Number is 67 
G.4.3_index_2_VS_G.3.5_index_5 [12] 
20140816,20140818,20140820,20140821,20140823,20140824,20140825,20140828,20140829,20140831,20140903,20140904,20140905,20140908,20140909,20140910,20140911,20140912,20140913,20140918,20140919,20140921,20140924,20140925,20140926,20140930 
Number is 68 
G.4.3_index_2_VS_G.7.2_index_2 [13] PLUS 1 
20140815,20140817,20140821,20140824,20140825,20140827,20140830,20140901,20140902,20140903,20140906,20140907,20140908,20140909,20140910,20140911,20140912,20140913,20140914,20140916,20140918,20140919,20140921,20140922,20140928,20141001,20141002 
Number is 83 
G.1.1_index_3_VS_G.7.4_index_1 [14] 
20140815,20140818,20140819,20140827,20140907,20140908,20140909,20140910,20140911,20140912,20140913,20140917,20140923,20140924,20140926,20140928,20140929,20141001 
Number is 86 
G.5.5_index_2_VS_G.3.4_index_2 [15] PLUS 1 
20140817,20140818,20140821,20140824,20140825,20140827,20140828,20140902,20140905,20140906,20140907,20140908,20140909,20140910,20140911,20140912,20140913,20140914,20140915,20140916,20140917,20140918,20140919,20140921,20140923,20140926,20140929,20140930,20141001,20141002 
Number is 92 
G.3.3_index_2_VS_G.2.1_index_4 [16] 
20140815,20140816,20140818,20140823,20140824,20140826,20140829,20140906,20140907,20140908,20140909,20140910,20140911,20140912,20140913,20140915,20140922,20140924,20140928,20140930,20141001 
G.5.4_index_1_VS_G.5.2_index_3 [17] 
20140816,20140817,20140818,20140820,20140821,20140822,20140827,20140828,20140829,20140903,20140904,20140906,20140908,20140909,20140910,20140911,20140912,20140913,20140915,20140916,20140918,20140919,20140926,20140928,20140930 
