======== Current: 20140921 ========= 
Number is 06 
G.3.3_index_1_VS_G.3.6_index_4 [1] PLUS 1 
20140818,20140820,20140824,20140825,20140826,20140827,20140830,20140902,20140904,20140912,20140915,20140916,20140917,20140918,20140919,20140920,20140921,20140922,20140923,20140924,20140927,20140928,20140930 
Number is 10 
G.5.5_index_2_VS_G.3.3_index_1 [2] 
20140815,20140816,20140817,20140820,20140822,20140823,20140824,20140826,20140827,20140828,20140831,20140903,20140905,20140906,20140907,20140911,20140912,20140913,20140914,20140915,20140916,20140917,20140918,20140919,20140920,20140922,20140923,20140924,20140926,20140927,20140928,20140929,20140930,20141001 
Number is 12 
G.3.1_index_5_VS_G.3.4_index_1 [3] PLUS 1 
20140819,20140820,20140821,20140822,20140824,20140827,20140830,20140831,20140902,20140903,20140906,20140909,20140910,20140911,20140912,20140915,20140916,20140917,20140918,20140919,20140920,20140921,20140926,20140928,20140929,20140930,20141001 
G.7.3_index_1_VS_G.3.4_index_4 [4] PLUS 1 
20140815,20140818,20140820,20140821,20140824,20140826,20140827,20140828,20140902,20140906,20140908,20140910,20140914,20140915,20140916,20140917,20140918,20140919,20140920,20140921,20140923,20140924,20140927,20141001,20141002 
Number is 21 
G.3.5_index_2_VS_G.5.5_index_3 [5] PLUS 1 
20140818,20140819,20140821,20140822,20140823,20140824,20140825,20140827,20140828,20140830,20140903,20140904,20140913,20140915,20140916,20140917,20140918,20140919,20140920,20140921,20140924,20140926,20140928,20140929,20140930 
Number is 26 
G.2.2_index_1_VS_G.DB_index_2 [6] 
20140815,20140821,20140822,20140823,20140824,20140825,20140826,20140828,20140830,20140831,20140901,20140902,20140905,20140908,20140915,20140916,20140917,20140918,20140919,20140920,20140923,20140928,20141002 
Number is 27 
G.2.2_index_1_VS_G.4.2_index_4 [7] 
20140815,20140816,20140822,20140826,20140828,20140831,20140903,20140904,20140906,20140907,20140908,20140910,20140915,20140916,20140917,20140918,20140919,20140920,20140922,20140923,20140925,20140928,20140930,20141001 
Number is 32 
G.4.1_index_3_VS_G.3.5_index_2 [8] 
20140817,20140818,20140820,20140821,20140825,20140827,20140829,20140830,20140905,20140907,20140912,20140913,20140915,20140916,20140917,20140918,20140919,20140920,20140925,20140928,20140930,20141001 
Number is 37 
G.2.1_index_1_VS_G.5.1_index_4 [9] PLUS 1 
20140815,20140817,20140823,20140824,20140825,20140828,20140904,20140908,20140910,20140913,20140915,20140916,20140917,20140918,20140919,20140920,20140921,20140923,20140929,20141002 
G.7.1_index_1_VS_G.4.4_index_2 [10] PLUS 1 
20140815,20140816,20140817,20140822,20140827,20140829,20140830,20140831,20140901,20140905,20140914,20140915,20140916,20140917,20140918,20140919,20140920,20140921,20140922,20140924,20140925,20140926,20140927,20140929,20140930 
Number is 45 
G.DB_index_4_VS_G.3.1_index_3 [11] 
20140815,20140820,20140823,20140827,20140828,20140829,20140831,20140903,20140905,20140910,20140911,20140914,20140915,20140916,20140917,20140918,20140919,20140920,20140922,20140925,20140926,20140927,20140928,20140929,20141002 
Number is 50 
G.4.1_index_2_VS_G.3.3_index_2 [12] 
20140817,20140818,20140819,20140822,20140823,20140824,20140826,20140828,20140830,20140904,20140905,20140906,20140911,20140912,20140915,20140916,20140917,20140918,20140919,20140920,20140922,20140926,20141001,20141002 
Number is 57 
G.5.1_index_1_VS_G.2.1_index_2 [13] PLUS 1 
20140815,20140827,20140828,20140901,20140902,20140903,20140905,20140907,20140913,20140914,20140915,20140916,20140917,20140918,20140919,20140920,20140921,20140924,20140925,20140926,20140927,20140929,20140930 
G.3.1_index_3_VS_G.3.1_index_2 [14] PLUS 1 
20140816,20140823,20140824,20140825,20140827,20140829,20140830,20140831,20140901,20140909,20140910,20140911,20140915,20140916,20140917,20140918,20140919,20140920,20140921,20140924,20140930,20141001 
Number is 60 
G.2.1_index_3_VS_G.3.3_index_2 [15] PLUS 1 
20140815,20140816,20140818,20140824,20140829,20140830,20140905,20140906,20140907,20140908,20140909,20140911,20140914,20140915,20140916,20140917,20140918,20140919,20140920,20140921,20140924,20140926,20140928,20140930,20141001,20141002 
Number is 62 
G.6.1_index_3_VS_G.6.1_index_1 [16] 
20140815,20140816,20140817,20140820,20140821,20140823,20140824,20140825,20140826,20140827,20140828,20140831,20140902,20140909,20140910,20140911,20140912,20140915,20140916,20140917,20140918,20140919,20140920,20140924,20140926,20140927,20141002 
Number is 67 
G.4.3_index_2_VS_G.2.1_index_2 [17] 
20140816,20140817,20140818,20140822,20140823,20140826,20140828,20140829,20140909,20140912,20140913,20140915,20140916,20140917,20140918,20140919,20140920,20140922,20140923,20140924,20140926,20140927,20140928,20140930,20141001,20141002 
Number is 71 
G.5.1_index_4_VS_G.5.5_index_3 [18] 
20140815,20140816,20140817,20140821,20140823,20140824,20140827,20140828,20140901,20140904,20140906,20140907,20140908,20140910,20140911,20140914,20140915,20140916,20140917,20140918,20140919,20140920,20140924,20140929,20140930,20141002 
Number is 76 
G.2.1_index_2_VS_G.2.1_index_3 [19] 
20140816,20140817,20140819,20140822,20140826,20140830,20140901,20140903,20140905,20140908,20140909,20140912,20140913,20140915,20140916,20140917,20140918,20140919,20140920,20140923,20140924,20140926,20140929 
G.5.5_index_1_VS_G.2.1_index_3 [20] 
20140816,20140818,20140819,20140820,20140825,20140826,20140829,20140901,20140902,20140903,20140905,20140906,20140908,20140909,20140913,20140914,20140915,20140916,20140917,20140918,20140919,20140920,20140924,20140927,20140928 
Number is 78 
G.1.1_index_4_VS_G.2.2_index_4 [21] 
20140815,20140818,20140819,20140820,20140822,20140826,20140828,20140829,20140903,20140904,20140906,20140909,20140911,20140912,20140913,20140914,20140915,20140916,20140917,20140918,20140919,20140920,20140922,20140926,20140928,20140929,20140930,20141001,20141002 
Number is 79 
G.2.1_index_2_VS_G.6.3_index_3 [22] 
20140815,20140817,20140821,20140822,20140826,20140827,20140829,20140830,20140904,20140907,20140908,20140909,20140914,20140915,20140916,20140917,20140918,20140919,20140920,20140926,20140928,20140930,20141001 
Number is 84 
G.3.2_index_3_VS_G.7.3_index_2 [23] 
20140816,20140818,20140819,20140820,20140823,20140829,20140830,20140901,20140904,20140905,20140906,20140909,20140910,20140911,20140913,20140915,20140916,20140917,20140918,20140919,20140920,20140923,20140924,20140925,20140926,20140927,20140928,20141002 
Number is 89 
G.5.2_index_4_VS_G.6.3_index_3 [24] PLUS 1 
20140816,20140819,20140821,20140822,20140823,20140826,20140827,20140828,20140830,20140902,20140905,20140908,20140914,20140915,20140916,20140917,20140918,20140919,20140920,20140921,20140922,20140923,20140925,20140926,20140927,20140928,20141002 
Number is 97 
G.6.3_index_3_VS_G.4.4_index_2 [25] 
20140816,20140818,20140822,20140823,20140826,20140827,20140828,20140829,20140901,20140902,20140904,20140909,20140910,20140911,20140913,20140914,20140915,20140916,20140917,20140918,20140919,20140920,20140922,20140928,20140930,20141001,20141002 
Number is 98 
G.1.1_index_1_VS_G.5.4_index_1 [26] PLUS 1 
20140816,20140817,20140818,20140819,20140820,20140821,20140826,20140830,20140903,20140906,20140908,20140915,20140916,20140917,20140918,20140919,20140920,20140921,20140923,20140924,20140925,20140929,20141001,20141002 
