======== Current: 20140923 ========= 
Number is 19 
G.5.3_index_4_VS_G.5.1_index_1 [1] PLUS 1 
20140815,20140816,20140824,20140827,20140830,20140901,20140902,20140909,20140910,20140911,20140913,20140917,20140918,20140919,20140920,20140921,20140922,20140923,20140925,20140927 
Number is 21 
G.3.3_index_5_VS_G.2.1_index_5 [2] 
20140824,20140901,20140902,20140904,20140906,20140910,20140913,20140914,20140916,20140917,20140918,20140919,20140920,20140921,20140922,20140925,20140930,20141001 
Number is 25 
G.4.3_index_2_VS_G.2.1_index_3 [3] 
20140817,20140818,20140819,20140820,20140823,20140824,20140826,20140827,20140829,20140830,20140903,20140906,20140907,20140908,20140909,20140917,20140918,20140919,20140920,20140921,20140922,20140925,20140926,20140927 
Number is 33 
G.3.3_index_1_VS_G.3.6_index_4 [4] PLUS 1 
20140818,20140820,20140824,20140825,20140826,20140827,20140830,20140902,20140904,20140912,20140915,20140916,20140917,20140918,20140919,20140920,20140921,20140922,20140923,20140924,20140927,20140928,20140930 
Number is 36 
G.3.6_index_4_VS_G.3.6_index_2 [5] 
20140817,20140818,20140820,20140825,20140828,20140830,20140831,20140902,20140903,20140904,20140911,20140917,20140918,20140919,20140920,20140921,20140922,20140928,20140930 
Number is 49 
G.4.2_index_2_VS_G.3.5_index_5 [6] 
20140818,20140819,20140824,20140826,20140827,20140831,20140901,20140903,20140904,20140906,20140910,20140911,20140916,20140917,20140918,20140919,20140920,20140921,20140922,20140924,20140926,20140928,20140930,20141001 
Number is 53 
G.7.3_index_1_VS_G.3.6_index_4 [7] PLUS 1 
20140820,20140821,20140822,20140824,20140826,20140827,20140830,20140901,20140902,20140904,20140906,20140907,20140908,20140909,20140910,20140912,20140913,20140914,20140915,20140917,20140918,20140919,20140920,20140921,20140922,20140923,20140924,20140927 
Number is 55 
G.2.1_index_3_VS_G.7.3_index_1 [8] 
20140815,20140817,20140818,20140822,20140823,20140824,20140827,20140831,20140901,20140902,20140905,20140906,20140911,20140912,20140914,20140917,20140918,20140919,20140920,20140921,20140922,20140930,20141002 
Number is 58 
G.4.2_index_3_VS_G.3.5_index_4 [9] PLUS 1 
20140817,20140818,20140819,20140822,20140825,20140827,20140829,20140902,20140903,20140906,20140909,20140910,20140911,20140913,20140914,20140917,20140918,20140919,20140920,20140921,20140922,20140923,20140924,20140928,20140930 
Number is 60 
G.7.3_index_2_VS_G.5.3_index_3 [10] 
20140817,20140820,20140824,20140826,20140829,20140831,20140902,20140904,20140909,20140910,20140914,20140917,20140918,20140919,20140920,20140921,20140922,20140925,20140928,20140930,20141001 
Number is 66 
G.3.6_index_1_VS_G.3.1_index_2 [11] 
20140816,20140817,20140818,20140820,20140824,20140827,20140829,20140831,20140901,20140902,20140903,20140909,20140914,20140917,20140918,20140919,20140920,20140921,20140922,20140924,20140928,20140929,20140930,20141001,20141002 
Number is 72 
G.7.1_index_1_VS_G.4.4_index_2 [12] 
20140815,20140816,20140817,20140822,20140827,20140829,20140830,20140831,20140901,20140905,20140914,20140915,20140916,20140917,20140918,20140919,20140920,20140921,20140922,20140924,20140925,20140926,20140927,20140929,20140930 
Number is 76 
G.4.1_index_2_VS_G.5.5_index_1 [13] 
20140817,20140818,20140819,20140823,20140825,20140826,20140830,20140831,20140902,20140903,20140905,20140909,20140910,20140916,20140917,20140918,20140919,20140920,20140921,20140922,20140924,20140927,20140929,20141002 
Number is 77 
G.5.5_index_2_VS_G.6.1_index_3 [14] 
20140816,20140817,20140818,20140819,20140821,20140822,20140827,20140828,20140905,20140907,20140909,20140910,20140912,20140913,20140917,20140918,20140919,20140920,20140921,20140922,20140924,20140929,20140930 
Number is 82 
G.5.2_index_4_VS_G.4.4_index_1 [15] 
20140819,20140821,20140824,20140826,20140827,20140828,20140830,20140831,20140903,20140910,20140914,20140915,20140917,20140918,20140919,20140920,20140921,20140922,20140925,20140926,20140928,20141002 
G.6.3_index_2_VS_G.DB_index_4 [16] 
20140815,20140816,20140821,20140822,20140823,20140824,20140825,20140828,20140830,20140831,20140901,20140902,20140905,20140911,20140914,20140917,20140918,20140919,20140920,20140921,20140922,20140926,20140927,20140928,20140929 
G.4.4_index_4_VS_G.4.4_index_2 [17] 
20140820,20140822,20140825,20140826,20140827,20140831,20140903,20140904,20140907,20140909,20140914,20140915,20140917,20140918,20140919,20140920,20140921,20140922,20140924,20140926,20140928,20141001,20141002 
Number is 86 
G.4.4_index_4_VS_G.6.1_index_1 [18] 
20140816,20140817,20140820,20140822,20140825,20140827,20140903,20140904,20140905,20140907,20140910,20140911,20140913,20140916,20140917,20140918,20140919,20140920,20140921,20140922,20140924,20140925,20140928 
G.2.2_index_4_VS_G.6.2_index_1 [19] 
20140815,20140816,20140817,20140818,20140821,20140822,20140824,20140825,20140826,20140829,20140831,20140904,20140906,20140909,20140911,20140912,20140914,20140915,20140917,20140918,20140919,20140920,20140921,20140922,20140928,20140930,20141001 
G.6.3_index_1_VS_G.2.2_index_5 [20] 
20140816,20140819,20140820,20140824,20140831,20140903,20140909,20140915,20140917,20140918,20140919,20140920,20140921,20140922,20140924,20140925,20140928,20140929,20140930,20141002 
Number is 89 
G.5.2_index_4_VS_G.6.3_index_3 [21] PLUS 1 
20140816,20140819,20140821,20140822,20140823,20140826,20140827,20140828,20140830,20140902,20140905,20140908,20140914,20140915,20140916,20140917,20140918,20140919,20140920,20140921,20140922,20140923,20140925,20140926,20140927,20140928,20141002 
Number is 90 
G.7.4_index_1_VS_G.6.2_index_3 [22] 
20140816,20140820,20140823,20140825,20140827,20140830,20140905,20140908,20140911,20140913,20140914,20140917,20140918,20140919,20140920,20140921,20140922,20140924,20140926,20141001 
