======== Current: 20140924 ========= 
Number is 18 
G.3.3_index_1_VS_G.3.6_index_4 [1] PLUS 1 
20140818,20140820,20140824,20140825,20140826,20140827,20140830,20140902,20140904,20140912,20140915,20140916,20140917,20140918,20140919,20140920,20140921,20140922,20140923,20140924,20140927,20140928,20140930 
Number is 20 
G.4.1_index_2_VS_G.2.1_index_2 [2] PLUS 1 
20140821,20140823,20140828,20140830,20140831,20140901,20140902,20140903,20140907,20140909,20140910,20140916,20140918,20140919,20140920,20140921,20140922,20140923,20140924,20140925,20140928,20140929,20141002 
Number is 25 
G.4.1_index_2_VS_G.7.1_index_2 [3] 
20140817,20140819,20140823,20140828,20140903,20140904,20140909,20140910,20140918,20140919,20140920,20140921,20140922,20140923,20140928,20141001 
Number is 29 
G.7.4_index_2_VS_G.2.2_index_4 [4] 
20140816,20140817,20140818,20140822,20140823,20140824,20140827,20140829,20140901,20140904,20140906,20140911,20140914,20140915,20140918,20140919,20140920,20140921,20140922,20140923,20140926,20140928,20140929,20141002 
Number is 32 
G.4.3_index_3_VS_G.6.2_index_3 [5] 
20140816,20140818,20140820,20140823,20140825,20140830,20140831,20140901,20140903,20140906,20140908,20140911,20140913,20140918,20140919,20140920,20140921,20140922,20140923,20140925,20140926,20140927,20140930,20141001,20141002 
Number is 33 
G.5.2_index_4_VS_G.6.3_index_3 [6] 
20140816,20140819,20140821,20140822,20140823,20140826,20140827,20140828,20140830,20140902,20140905,20140908,20140914,20140915,20140916,20140917,20140918,20140919,20140920,20140921,20140922,20140923,20140925,20140926,20140927,20140928,20141002 
Number is 35 
G.6.3_index_2_VS_G.DB_index_2 [7] PLUS 1 
20140815,20140817,20140820,20140823,20140825,20140828,20140830,20140831,20140901,20140903,20140904,20140905,20140906,20140913,20140918,20140919,20140920,20140921,20140922,20140923,20140924 
Number is 56 
G.DB_index_5_VS_G.4.3_index_2 [8] 
20140816,20140817,20140820,20140821,20140824,20140825,20140826,20140829,20140830,20140901,20140903,20140904,20140905,20140910,20140912,20140913,20140915,20140918,20140919,20140920,20140921,20140922,20140923,20140930 
Number is 58 
G.4.2_index_3_VS_G.3.5_index_4 [9] PLUS 1 
20140817,20140818,20140819,20140822,20140825,20140827,20140829,20140902,20140903,20140906,20140909,20140910,20140911,20140913,20140914,20140917,20140918,20140919,20140920,20140921,20140922,20140923,20140924,20140928,20140930 
G.7.1_index_2_VS_G.3.5_index_5 [10] PLUS 1 
20140815,20140823,20140824,20140827,20140829,20140903,20140904,20140905,20140911,20140914,20140916,20140918,20140919,20140920,20140921,20140922,20140923,20140924,20140925,20140928,20140930,20141002 
Number is 66 
G.4.3_index_2_VS_G.2.2_index_3 [11] 
20140816,20140819,20140821,20140824,20140827,20140828,20140830,20140902,20140903,20140908,20140909,20140910,20140912,20140913,20140914,20140915,20140916,20140918,20140919,20140920,20140921,20140922,20140923,20140925,20140930,20141002 
G.7.2_index_1_VS_G.4.3_index_2 [12] 
20140816,20140818,20140824,20140827,20140828,20140830,20140831,20140902,20140903,20140904,20140905,20140908,20140911,20140912,20140914,20140915,20140918,20140919,20140920,20140921,20140922,20140923,20140925,20140926,20140930 
Number is 70 
G.7.3_index_1_VS_G.5.4_index_3 [13] PLUS 1 
20140815,20140819,20140823,20140824,20140825,20140826,20140827,20140830,20140831,20140902,20140905,20140908,20140911,20140916,20140918,20140919,20140920,20140921,20140922,20140923,20140924 
Number is 71 
G.5.3_index_4_VS_G.5.1_index_1 [14] 
20140815,20140816,20140824,20140827,20140830,20140901,20140902,20140909,20140910,20140911,20140913,20140917,20140918,20140919,20140920,20140921,20140922,20140923,20140925,20140927 
Number is 77 
G.5.6_index_4_VS_G.4.4_index_3 [15] 
20140815,20140817,20140818,20140821,20140822,20140824,20140826,20140829,20140831,20140901,20140902,20140907,20140908,20140909,20140914,20140918,20140919,20140920,20140921,20140922,20140923,20140925,20140926,20140928 
Number is 78 
G.7.3_index_1_VS_G.3.6_index_4 [16] PLUS 1 
20140820,20140821,20140822,20140824,20140826,20140827,20140830,20140901,20140902,20140904,20140906,20140907,20140908,20140909,20140910,20140912,20140913,20140914,20140915,20140917,20140918,20140919,20140920,20140921,20140922,20140923,20140924,20140927 
Number is 83 
G.3.5_index_5_VS_G.6.3_index_2 [17] PLUS 1 
20140820,20140823,20140825,20140826,20140827,20140829,20140901,20140903,20140904,20140906,20140908,20140909,20140913,20140916,20140918,20140919,20140920,20140921,20140922,20140923,20140924,20140930 
Number is 90 
G.3.3_index_2_VS_G.5.4_index_1 [18] 
20140815,20140817,20140818,20140819,20140820,20140822,20140824,20140826,20140828,20140829,20140831,20140903,20140904,20140906,20140907,20140908,20140918,20140919,20140920,20140921,20140922,20140923,20140928,20140929,20141001,20141002 
Number is 96 
G.4.2_index_1_VS_G.3.4_index_1 [19] 
20140816,20140818,20140820,20140822,20140827,20140828,20140829,20140903,20140904,20140905,20140906,20140908,20140909,20140910,20140911,20140913,20140915,20140918,20140919,20140920,20140921,20140922,20140923,20140928,20140930,20141001 
