======== Current: 20140925 ========= 
Number is 02 
G.3.5_index_4_VS_G.3.1_index_3 [1] 
20140819,20140820,20140823,20140824,20140825,20140827,20140829,20140901,20140902,20140905,20140907,20140909,20140915,20140916,20140919,20140920,20140921,20140922,20140923,20140924,20140927,20140928,20140930,20141001,20141002 
Number is 03 
G.3.5_index_4_VS_G.4.4_index_3 [2] 
20140817,20140818,20140820,20140823,20140824,20140825,20140829,20140831,20140901,20140906,20140907,20140909,20140913,20140914,20140915,20140916,20140919,20140920,20140921,20140922,20140923,20140924,20140929,20140930,20141001 
Number is 10 
G.6.3_index_3_VS_G.4.3_index_4 [3] 
20140815,20140816,20140818,20140819,20140821,20140822,20140823,20140824,20140827,20140829,20140831,20140902,20140903,20140906,20140907,20140911,20140913,20140915,20140919,20140920,20140921,20140922,20140923,20140924,20140926,20140928 
Number is 17 
G.2.1_index_3_VS_G.5.5_index_3 [4] 
20140817,20140818,20140820,20140821,20140824,20140825,20140826,20140827,20140902,20140905,20140908,20140909,20140911,20140912,20140913,20140914,20140917,20140919,20140920,20140921,20140922,20140923,20140924,20140930,20141001,20141002 
Number is 18 
G.3.1_index_4_VS_G.5.2_index_4 [5] PLUS 1 
20140818,20140819,20140822,20140824,20140825,20140826,20140830,20140903,20140905,20140906,20140908,20140909,20140911,20140913,20140914,20140915,20140916,20140917,20140919,20140920,20140921,20140922,20140923,20140924,20140925,20140927,20140928,20140929,20141002 
Number is 30 
G.3.4_index_4_VS_G.5.1_index_3 [6] 
20140819,20140820,20140822,20140828,20140830,20140831,20140916,20140919,20140920,20140921,20140922,20140923,20140924,20140926,20140928,20140929 
Number is 40 
G.4.2_index_3_VS_G.3.5_index_4 [7] 
20140817,20140818,20140819,20140822,20140825,20140827,20140829,20140902,20140903,20140906,20140909,20140910,20140911,20140913,20140914,20140917,20140918,20140919,20140920,20140921,20140922,20140923,20140924,20140928,20140930 
Number is 41 
G.7.3_index_1_VS_G.5.4_index_3 [8] 
20140815,20140819,20140823,20140824,20140825,20140826,20140827,20140830,20140831,20140902,20140905,20140908,20140911,20140916,20140918,20140919,20140920,20140921,20140922,20140923,20140924 
Number is 44 
G.DB_index_1_VS_G.4.2_index_1 [9] 
20140818,20140821,20140826,20140827,20140828,20140829,20140901,20140905,20140906,20140907,20140908,20140909,20140911,20140914,20140916,20140919,20140920,20140921,20140922,20140923,20140924,20140926,20140928,20141002 
G.7.3_index_1_VS_G.3.6_index_4 [10] 
20140820,20140821,20140822,20140824,20140826,20140827,20140830,20140901,20140902,20140904,20140906,20140907,20140908,20140909,20140910,20140912,20140913,20140914,20140915,20140917,20140918,20140919,20140920,20140921,20140922,20140923,20140924,20140927 
G.3.3_index_1_VS_G.3.6_index_4 [11] 
20140818,20140820,20140824,20140825,20140826,20140827,20140830,20140902,20140904,20140912,20140915,20140916,20140917,20140918,20140919,20140920,20140921,20140922,20140923,20140924,20140927,20140928,20140930 
Number is 58 
G.3.4_index_5_VS_G.3.2_index_3 [12] 
20140815,20140818,20140819,20140820,20140821,20140823,20140825,20140828,20140830,20140831,20140905,20140906,20140908,20140912,20140914,20140915,20140916,20140917,20140919,20140920,20140921,20140922,20140923,20140924,20140927,20140928,20140929,20140930 
Number is 65 
G.5.5_index_2_VS_G.3.4_index_1 [13] 
20140820,20140822,20140826,20140827,20140829,20140903,20140910,20140911,20140912,20140913,20140914,20140916,20140917,20140919,20140920,20140921,20140922,20140923,20140924,20140926,20140929,20140930 
Number is 68 
G.2.1_index_2_VS_G.7.1_index_1 [14] 
20140820,20140821,20140822,20140823,20140824,20140825,20140826,20140828,20140830,20140903,20140907,20140909,20140911,20140914,20140916,20140919,20140920,20140921,20140922,20140923,20140924,20140927,20140930 
Number is 73 
G.6.2_index_3_VS_G.3.4_index_4 [15] 
20140815,20140818,20140822,20140823,20140824,20140827,20140829,20140901,20140903,20140905,20140906,20140908,20140914,20140915,20140919,20140920,20140921,20140922,20140923,20140924,20140928,20140930,20141001 
Number is 78 
G.7.1_index_2_VS_G.3.5_index_5 [16] PLUS 1 
20140815,20140823,20140824,20140827,20140829,20140903,20140904,20140905,20140911,20140914,20140916,20140918,20140919,20140920,20140921,20140922,20140923,20140924,20140925,20140928,20140930,20141002 
Number is 81 
G.4.2_index_4_VS_G.4.1_index_3 [17] PLUS 1 
20140819,20140820,20140822,20140827,20140902,20140906,20140908,20140909,20140910,20140911,20140913,20140914,20140916,20140919,20140920,20140921,20140922,20140923,20140924,20140925,20140926 
Number is 84 
G.5.2_index_4_VS_G.4.2_index_3 [18] PLUS 1 
20140818,20140819,20140823,20140825,20140828,20140829,20140830,20140902,20140904,20140908,20140910,20140911,20140912,20140913,20140915,20140919,20140920,20140921,20140922,20140923,20140924,20140925,20140930,20141002 
Number is 88 
G.7.4_index_2_VS_G.7.1_index_1 [19] 
20140815,20140816,20140818,20140819,20140822,20140828,20140829,20140830,20140901,20140904,20140909,20140911,20140912,20140914,20140916,20140917,20140919,20140920,20140921,20140922,20140923,20140924,20140926,20140927,20140928,20141002 
G.5.3_index_3_VS_G.5.4_index_2 [20] 
20140817,20140818,20140820,20140825,20140826,20140827,20140830,20140907,20140909,20140910,20140913,20140919,20140920,20140921,20140922,20140923,20140924,20140927,20141001 
G.3.5_index_5_VS_G.6.3_index_2 [21] 
20140820,20140823,20140825,20140826,20140827,20140829,20140901,20140903,20140904,20140906,20140908,20140909,20140913,20140916,20140918,20140919,20140920,20140921,20140922,20140923,20140924,20140930 
Number is 89 
G.6.3_index_2_VS_G.DB_index_2 [22] 
20140815,20140817,20140820,20140823,20140825,20140828,20140830,20140831,20140901,20140903,20140904,20140905,20140906,20140913,20140918,20140919,20140920,20140921,20140922,20140923,20140924 
Number is 96 
G.4.1_index_2_VS_G.2.1_index_2 [23] PLUS 1 
20140821,20140823,20140828,20140830,20140831,20140901,20140902,20140903,20140907,20140909,20140910,20140916,20140918,20140919,20140920,20140921,20140922,20140923,20140924,20140925,20140928,20140929,20141002 
Number is 97 
G.4.1_index_2_VS_G.2.1_index_1 [24] 
20140815,20140816,20140817,20140819,20140823,20140824,20140825,20140826,20140828,20140829,20140830,20140904,20140906,20140910,20140911,20140913,20140915,20140919,20140920,20140921,20140922,20140923,20140924,20141002 
