======== Current: 20140928 ========= 
Number is 01 
G.5.2_index_1_VS_G.6.3_index_3 [1] PLUS 1 
20140819,20140821,20140822,20140823,20140826,20140829,20140830,20140901,20140902,20140903,20140906,20140907,20140908,20140912,20140913,20140914,20140915,20140916,20140918,20140919,20140922,20140923,20140924,20140925,20140926,20140927,20140928,20141001,20141002 
Number is 11 
G.3.1_index_1_VS_G.6.2_index_3 [2] 
20140817,20140818,20140824,20140825,20140827,20140828,20140830,20140901,20140903,20140905,20140906,20140908,20140909,20140911,20140915,20140922,20140923,20140924,20140925,20140926,20140927,20140929,20140930,20141001 
G.3.5_index_5_VS_G.6.3_index_3 [3] 
20140815,20140819,20140823,20140827,20140829,20140901,20140902,20140903,20140904,20140905,20140906,20140909,20140910,20140918,20140922,20140923,20140924,20140925,20140926,20140927,20140929,20141002 
Number is 22 
G.5.1_index_1_VS_G.3.3_index_3 [4] 
20140816,20140817,20140819,20140823,20140824,20140825,20140827,20140828,20140829,20140904,20140907,20140908,20140911,20140913,20140914,20140922,20140923,20140924,20140925,20140926,20140927,20140929 
Number is 23 
G.4.4_index_2_VS_G.5.4_index_2 [5] 
20140815,20140817,20140818,20140824,20140825,20140826,20140827,20140829,20140830,20140831,20140901,20140902,20140909,20140913,20140918,20140919,20140922,20140923,20140924,20140925,20140926,20140927,20140929,20140930,20141001 
Number is 24 
G.DB_index_4_VS_G.DB_index_5 [6] PLUS 1 
20140815,20140820,20140823,20140824,20140829,20140831,20140901,20140903,20140910,20140914,20140916,20140920,20140921,20140922,20140923,20140924,20140925,20140926,20140927,20140928 
Number is 25 
G.1.1_index_3_VS_G.6.3_index_1 [7] 
20140823,20140824,20140826,20140828,20140830,20140904,20140905,20140909,20140910,20140912,20140913,20140915,20140916,20140918,20140919,20140922,20140923,20140924,20140925,20140926,20140927,20140929,20140930,20141001,20141002 
Number is 58 
G.6.1_index_2_VS_G.4.3_index_3 [8] 
20140819,20140820,20140822,20140824,20140825,20140831,20140901,20140904,20140905,20140907,20140909,20140911,20140912,20140913,20140914,20140919,20140922,20140923,20140924,20140925,20140926,20140927,20141001,20141002 
Number is 78 
G.4.1_index_2_VS_G.3.1_index_4 [9] 
20140815,20140816,20140817,20140822,20140825,20140830,20140831,20140903,20140906,20140909,20140910,20140911,20140916,20140918,20140920,20140922,20140923,20140924,20140925,20140926,20140927,20141002 
Number is 83 
G.2.1_index_3_VS_G.5.4_index_3 [10] 
20140816,20140817,20140820,20140821,20140822,20140823,20140825,20140826,20140828,20140830,20140831,20140901,20140902,20140906,20140908,20140911,20140917,20140919,20140920,20140922,20140923,20140924,20140925,20140926,20140927,20141001 
Number is 84 
G.2.1_index_3_VS_G.6.3_index_2 [11] 
20140815,20140817,20140818,20140819,20140820,20140821,20140825,20140827,20140831,20140901,20140902,20140903,20140905,20140906,20140909,20140911,20140914,20140917,20140918,20140920,20140921,20140922,20140923,20140924,20140925,20140926,20140927,20140929,20141002 
Number is 85 
G.3.2_index_1_VS_G.7.1_index_1 [12] 
20140815,20140819,20140821,20140823,20140824,20140828,20140901,20140904,20140905,20140906,20140908,20140909,20140911,20140912,20140914,20140915,20140916,20140918,20140920,20140921,20140922,20140923,20140924,20140925,20140926,20140927,20140930 
G.2.1_index_3_VS_G.7.1_index_1 [13] 
20140816,20140817,20140821,20140825,20140826,20140830,20140901,20140905,20140906,20140907,20140908,20140909,20140911,20140913,20140914,20140918,20140919,20140921,20140922,20140923,20140924,20140925,20140926,20140927,20140930,20141001 
Number is 88 
G.3.1_index_4_VS_G.3.6_index_1 [14] 
20140817,20140818,20140820,20140821,20140825,20140827,20140828,20140830,20140831,20140901,20140903,20140904,20140905,20140906,20140907,20140908,20140909,20140916,20140917,20140919,20140922,20140923,20140924,20140925,20140926,20140927 
