======== Current: 20140930 ========= 
Number is 09 
G.5.4_index_3_VS_G.5.3_index_2 [1] PLUS 1 
20140816,20140819,20140822,20140824,20140825,20140826,20140827,20140828,20140830,20140903,20140905,20140909,20140912,20140914,20140917,20140919,20140924,20140925,20140926,20140927,20140928,20140929,20140930,20141002 
G.DB_index_4_VS_G.3.6_index_1 [2] PLUS 1 
20140816,20140818,20140819,20140827,20140828,20140830,20140831,20140905,20140909,20140913,20140915,20140917,20140920,20140922,20140924,20140925,20140926,20140927,20140928,20140929,20140930 
Number is 27 
G.3.1_index_3_VS_G.4.4_index_2 [3] PLUS 1 
20140815,20140816,20140818,20140822,20140827,20140828,20140904,20140909,20140910,20140911,20140913,20140914,20140915,20140916,20140920,20140921,20140922,20140924,20140925,20140926,20140927,20140928,20140929,20140930 
Number is 46 
G.3.4_index_2_VS_G.7.3_index_2 [4] PLUS 1 
20140817,20140819,20140821,20140824,20140826,20140828,20140831,20140902,20140905,20140910,20140915,20140916,20140917,20140918,20140922,20140924,20140925,20140926,20140927,20140928,20140929,20140930 
Number is 50 
G.5.1_index_3_VS_G.2.1_index_2 [5] PLUS 1 
20140817,20140822,20140827,20140828,20140830,20140903,20140904,20140911,20140914,20140915,20140919,20140920,20140923,20140924,20140925,20140926,20140927,20140928,20140929,20140930 
G.6.1_index_2_VS_G.3.4_index_5 [6] PLUS 1 
20140816,20140817,20140820,20140821,20140827,20140830,20140831,20140901,20140902,20140903,20140904,20140906,20140908,20140910,20140911,20140914,20140915,20140917,20140919,20140921,20140922,20140924,20140925,20140926,20140927,20140928,20140929,20140930,20141001 
Number is 58 
G.3.6_index_4_VS_G.3.5_index_1 [7] 
20140815,20140819,20140820,20140821,20140822,20140823,20140825,20140830,20140831,20140901,20140902,20140904,20140905,20140907,20140912,20140913,20140915,20140917,20140918,20140921,20140922,20140924,20140925,20140926,20140927,20140928,20140929,20141002 
Number is 68 
G.4.4_index_4_VS_G.4.4_index_1 [8] PLUS 1 
20140817,20140818,20140819,20140820,20140821,20140823,20140825,20140826,20140827,20140831,20140902,20140904,20140905,20140910,20140915,20140916,20140917,20140918,20140924,20140925,20140926,20140927,20140928,20140929,20140930 
Number is 73 
G.2.2_index_1_VS_G.2.2_index_4 [9] PLUS 1 
20140818,20140819,20140821,20140824,20140827,20140828,20140901,20140902,20140903,20140904,20140906,20140910,20140911,20140914,20140915,20140916,20140923,20140924,20140925,20140926,20140927,20140928,20140929,20140930,20141002 
Number is 79 
G.4.4_index_2_VS_G.3.5_index_5 [10] PLUS 1 
20140816,20140818,20140820,20140822,20140826,20140828,20140831,20140901,20140903,20140905,20140906,20140908,20140909,20140910,20140913,20140914,20140919,20140920,20140922,20140924,20140925,20140926,20140927,20140928,20140929,20140930 
Number is 83 
G.1.1_index_3_VS_G.6.3_index_3 [11] 
20140815,20140816,20140818,20140823,20140827,20140828,20140830,20140903,20140907,20140908,20140910,20140913,20140916,20140918,20140919,20140921,20140923,20140924,20140925,20140926,20140927,20140928,20140929,20141001 
Number is 86 
G.1.1_index_3_VS_G.4.4_index_4 [12] PLUS 1 
20140817,20140818,20140820,20140822,20140824,20140825,20140826,20140827,20140828,20140902,20140912,20140915,20140919,20140921,20140923,20140924,20140925,20140926,20140927,20140928,20140929,20140930,20141001 
G.7.3_index_1_VS_G.7.3_index_2 [13] PLUS 1 
20140818,20140819,20140821,20140824,20140827,20140829,20140831,20140902,20140905,20140910,20140911,20140914,20140915,20140917,20140918,20140920,20140921,20140924,20140925,20140926,20140927,20140928,20140929,20140930,20141001,20141002 
Number is 97 
G.5.5_index_3_VS_G.1.1_index_4 [14] PLUS 1 
20140816,20140820,20140821,20140822,20140825,20140826,20140827,20140829,20140830,20140902,20140904,20140906,20140909,20140911,20140912,20140914,20140919,20140920,20140924,20140925,20140926,20140927,20140928,20140929,20140930,20141001,20141002 
G.5.3_index_2_VS_G.1.1_index_4 [15] PLUS 1 
20140815,20140816,20140820,20140823,20140825,20140826,20140827,20140828,20140829,20140830,20140831,20140903,20140906,20140911,20140912,20140913,20140914,20140915,20140919,20140921,20140923,20140924,20140925,20140926,20140927,20140928,20140929,20140930,20141002 
