======== Current: 20160705 ========= 
Number is 07 
G.2.2_index_4_VS_G.2.2_index_5 [1] 
20160617,20160618,20160620,20160624,20160627,20160629,20160630,20160701,20160702,20160703,20160704,20160711,20160713,20160714,20160717,20160718,20160721,20160722,20160723,20160724,20160725,20160729,20160730,20160802 
Number is 08 
G.DB_index_2_VS_G.5.5_index_1 [2] 
20160618,20160621,20160622,20160624,20160625,20160626,20160628,20160629,20160630,20160701,20160702,20160703,20160704,20160706,20160707,20160712,20160713,20160717,20160719,20160726,20160729,20160730,20160801 
Number is 13 
G.1.1_index_4_VS_G.4.2_index_4 [3] PLUS 1 
20160620,20160622,20160623,20160624,20160627,20160629,20160630,20160701,20160702,20160703,20160704,20160705,20160707,20160712,20160713,20160714,20160719,20160720,20160721,20160724,20160726,20160728,20160730,20160731,20160802 
Number is 15 
G.3.6_index_5_VS_G.5.6_index_2 [4] PLUS 1 
20160619,20160621,20160622,20160624,20160625,20160628,20160629,20160630,20160701,20160702,20160703,20160704,20160705,20160707,20160709,20160715,20160719,20160722,20160727,20160731,20160802 
Number is 16 
G.6.2_index_1_VS_G.7.3_index_1 [5] PLUS 1 
20160617,20160620,20160622,20160624,20160627,20160628,20160629,20160630,20160701,20160702,20160703,20160704,20160705,20160707,20160708,20160709,20160714,20160716,20160719,20160725,20160726,20160729,20160730,20160802 
Number is 17 
G.7.2_index_2_VS_G.3.2_index_2 [6] 
20160618,20160622,20160625,20160629,20160630,20160701,20160702,20160703,20160704,20160708,20160710,20160711,20160712,20160713,20160715,20160716,20160721,20160723,20160727,20160729,20160801,20160802 
G.7.2_index_2_VS_G.3.4_index_5 [7] 
20160616,20160620,20160624,20160627,20160629,20160630,20160701,20160702,20160703,20160704,20160707,20160708,20160710,20160713,20160714,20160715,20160717,20160721,20160722,20160723,20160724,20160729,20160730 
Number is 18 
G.6.3_index_2_VS_G.6.1_index_2 [8] PLUS 1 
20160619,20160624,20160626,20160627,20160628,20160629,20160630,20160701,20160702,20160703,20160704,20160705,20160709,20160711,20160712,20160715,20160717,20160720,20160722,20160723,20160724,20160725,20160729,20160730 
Number is 19 
G.1.1_index_2_VS_G.5.1_index_3 [9] PLUS 1 
20160619,20160620,20160622,20160625,20160626,20160627,20160628,20160629,20160630,20160701,20160702,20160703,20160704,20160705,20160707,20160709,20160710,20160713,20160714,20160716,20160718,20160720,20160722,20160726,20160728 
Number is 25 
G.4.3_index_4_VS_G.5.6_index_2 [10] PLUS 1 
20160618,20160619,20160621,20160622,20160623,20160626,20160629,20160630,20160701,20160702,20160703,20160704,20160705,20160707,20160709,20160710,20160713,20160716,20160722,20160723,20160727 
Number is 26 
G.5.5_index_2_VS_G.5.6_index_3 [11] 
20160619,20160620,20160621,20160623,20160624,20160629,20160630,20160701,20160702,20160703,20160704,20160706,20160711,20160712,20160714,20160719,20160720,20160722,20160723,20160725,20160726,20160727,20160728,20160729,20160731,20160801 
Number is 28 
G.5.5_index_2_VS_G.5.5_index_1 [12] 
20160618,20160620,20160622,20160624,20160625,20160628,20160629,20160630,20160701,20160702,20160703,20160704,20160706,20160707,20160710,20160711,20160714,20160718,20160719,20160722,20160727,20160801 
Number is 67 
G.7.3_index_1_VS_G.DB_index_4 [13] 
20160620,20160623,20160629,20160630,20160701,20160702,20160703,20160704,20160707,20160712,20160721,20160723,20160728,20160729,20160730,20160801 
Number is 70 
G.2.2_index_5_VS_G.3.4_index_2 [14] 
20160616,20160618,20160620,20160621,20160624,20160627,20160629,20160630,20160701,20160702,20160703,20160704,20160706,20160707,20160711,20160714,20160716,20160717,20160721,20160722,20160724,20160725,20160726,20160730,20160731 
Number is 71 
G.2.2_index_5_VS_G.6.2_index_1 [15] 
20160627,20160629,20160630,20160701,20160702,20160703,20160704,20160707,20160710,20160712,20160714,20160715,20160717,20160722,20160723,20160725,20160728,20160729 
G.5.1_index_1_VS_G.3.6_index_1 [16] 
20160616,20160621,20160623,20160624,20160628,20160629,20160630,20160701,20160702,20160703,20160704,20160707,20160708,20160712,20160714,20160717,20160718,20160722,20160723,20160724,20160731 
Number is 73 
G.2.2_index_5_VS_G.3.4_index_3 [17] PLUS 1 
20160617,20160618,20160622,20160623,20160627,20160628,20160629,20160630,20160701,20160702,20160703,20160704,20160705,20160706,20160712,20160714,20160715,20160716,20160717,20160719,20160721,20160722,20160723,20160725,20160726,20160729,20160730,20160802 
Number is 78 
G.7.2_index_1_VS_G.4.3_index_1 [18] 
20160619,20160626,20160627,20160629,20160630,20160701,20160702,20160703,20160704,20160707,20160708,20160714,20160715,20160716,20160718,20160720,20160722,20160726,20160728,20160729,20160801,20160802 
Number is 91 
G.2.1_index_2_VS_G.3.6_index_1 [19] PLUS 1 
20160617,20160621,20160623,20160627,20160629,20160630,20160701,20160702,20160703,20160704,20160705,20160711,20160713,20160723,20160724,20160726,20160728,20160730,20160731,20160802 
G.2.1_index_2_VS_G.7.1_index_1 [20] PLUS 1 
20160616,20160618,20160619,20160621,20160623,20160625,20160626,20160629,20160630,20160701,20160702,20160703,20160704,20160705,20160707,20160712,20160717,20160719,20160722,20160724,20160727,20160728,20160730,20160802 
G.4.1_index_1_VS_G.3.5_index_5 [21] PLUS 1 
20160616,20160618,20160620,20160621,20160625,20160628,20160629,20160630,20160701,20160702,20160703,20160704,20160705,20160707,20160708,20160709,20160714,20160715,20160718,20160720,20160721,20160723,20160724,20160726,20160727,20160729,20160801,20160802 
Number is 92 
G.4.1_index_1_VS_G.2.2_index_3 [22] PLUS 1 
20160616,20160617,20160623,20160624,20160627,20160628,20160629,20160630,20160701,20160702,20160703,20160704,20160705,20160706,20160707,20160709,20160714,20160716,20160722,20160723,20160724,20160726,20160730,20160802 
