======== Current: 20160706 ========= 
Number is 11 
G.3.3_index_5_VS_G.5.6_index_1 [1] 
20160618,20160620,20160621,20160623,20160625,20160626,20160627,20160628,20160630,20160701,20160702,20160703,20160704,20160705,20160707,20160712,20160713,20160714,20160717,20160723,20160726,20160730,20160731,20160802 
Number is 13 
G.6.3_index_2_VS_G.6.1_index_2 [2] 
20160619,20160624,20160626,20160627,20160628,20160629,20160630,20160701,20160702,20160703,20160704,20160705,20160709,20160711,20160712,20160715,20160717,20160720,20160722,20160723,20160724,20160725,20160729,20160730 
Number is 17 
G.3.3_index_5_VS_G.5.4_index_4 [3] PLUS 1 
20160616,20160618,20160619,20160623,20160625,20160626,20160630,20160701,20160702,20160703,20160704,20160705,20160706,20160707,20160708,20160709,20160710,20160711,20160712,20160713,20160714,20160718,20160721,20160722,20160725,20160728,20160729,20160730 
Number is 18 
G.4.2_index_4_VS_G.DB_index_2 [4] 
20160618,20160620,20160624,20160626,20160630,20160701,20160702,20160703,20160704,20160705,20160710,20160712,20160714,20160715,20160716,20160718,20160721,20160722,20160729,20160730,20160731,20160801 
Number is 23 
G.5.5_index_1_VS_G.3.6_index_1 [5] 
20160617,20160618,20160619,20160620,20160621,20160622,20160630,20160701,20160702,20160703,20160704,20160705,20160711,20160712,20160724,20160730,20160802 
Number is 24 
G.3.5_index_5_VS_G.4.4_index_1 [6] 
20160617,20160621,20160622,20160623,20160627,20160630,20160701,20160702,20160703,20160704,20160705,20160707,20160712,20160715,20160717,20160721,20160724,20160725,20160802 
Number is 29 
G.2.1_index_3_VS_G.3.1_index_1 [7] 
20160618,20160619,20160622,20160625,20160627,20160630,20160701,20160702,20160703,20160704,20160705,20160709,20160713,20160714,20160715,20160716,20160718,20160720,20160726,20160727,20160731,20160801 
Number is 37 
G.7.3_index_2_VS_G.5.6_index_4 [8] 
20160630,20160701,20160702,20160703,20160704,20160705,20160707,20160708,20160710,20160712,20160714,20160716,20160719,20160720,20160723,20160731 
Number is 43 
G.3.6_index_4_VS_G.3.6_index_1 [9] 
20160620,20160621,20160622,20160627,20160628,20160630,20160701,20160702,20160703,20160704,20160705,20160708,20160710,20160712,20160716,20160717,20160720,20160722,20160729 
Number is 45 
G.4.2_index_3_VS_G.5.1_index_2 [10] 
20160618,20160619,20160622,20160624,20160625,20160628,20160630,20160701,20160702,20160703,20160704,20160705,20160707,20160708,20160711,20160713,20160714,20160715,20160716,20160720,20160721,20160723,20160725,20160726,20160727,20160728,20160802 
Number is 47 
G.4.4_index_1_VS_G.3.3_index_2 [11] 
20160618,20160620,20160621,20160625,20160627,20160628,20160630,20160701,20160702,20160703,20160704,20160705,20160707,20160717,20160718,20160724,20160727,20160728,20160729 
Number is 53 
G.5.2_index_3_VS_G.3.6_index_1 [12] PLUS 1 
20160617,20160619,20160620,20160621,20160622,20160625,20160628,20160630,20160701,20160702,20160703,20160704,20160705,20160706,20160707,20160708,20160709,20160714,20160716,20160717,20160718,20160722,20160723,20160724,20160726,20160727,20160729,20160802 
Number is 54 
G.7.2_index_2_VS_G.5.5_index_4 [13] 
20160616,20160618,20160625,20160630,20160701,20160702,20160703,20160704,20160705,20160707,20160713,20160714,20160716,20160717,20160720,20160723,20160728,20160729 
Number is 61 
G.3.2_index_1_VS_G.7.1_index_1 [14] PLUS 1 
20160621,20160623,20160625,20160630,20160701,20160702,20160703,20160704,20160705,20160706,20160712,20160715,20160721,20160722,20160723,20160724 
Number is 62 
G.4.1_index_1_VS_G.3.5_index_5 [15] 
20160616,20160618,20160620,20160621,20160625,20160628,20160629,20160630,20160701,20160702,20160703,20160704,20160705,20160707,20160708,20160709,20160714,20160715,20160718,20160720,20160721,20160723,20160724,20160726,20160727,20160729,20160801,20160802 
Number is 67 
G.4.1_index_1_VS_G.2.2_index_3 [16] PLUS 1 
20160616,20160617,20160623,20160624,20160627,20160628,20160629,20160630,20160701,20160702,20160703,20160704,20160705,20160706,20160707,20160709,20160714,20160716,20160722,20160723,20160724,20160726,20160730,20160802 
Number is 72 
G.5.3_index_1_VS_G.2.1_index_3 [17] PLUS 1 
20160616,20160617,20160618,20160619,20160621,20160623,20160624,20160626,20160627,20160628,20160630,20160701,20160702,20160703,20160704,20160705,20160706,20160708,20160709,20160712,20160715,20160716,20160717,20160722,20160723,20160728,20160729,20160731,20160801 
Number is 78 
G.1.1_index_2_VS_G.3.1_index_4 [18] 
20160616,20160619,20160623,20160624,20160625,20160626,20160627,20160628,20160630,20160701,20160702,20160703,20160704,20160705,20160709,20160712,20160713,20160714,20160715,20160716,20160717,20160718,20160719,20160720,20160721,20160722,20160725,20160726,20160728,20160731 
G.1.1_index_2_VS_G.5.1_index_3 [19] 
20160619,20160620,20160622,20160625,20160626,20160627,20160628,20160629,20160630,20160701,20160702,20160703,20160704,20160705,20160707,20160709,20160710,20160713,20160714,20160716,20160718,20160720,20160722,20160726,20160728 
G.5.5_index_2_VS_G.2.1_index_2 [20] 
20160616,20160619,20160625,20160626,20160627,20160628,20160630,20160701,20160702,20160703,20160704,20160705,20160707,20160711,20160712,20160714,20160718,20160720,20160722,20160723,20160724,20160725,20160727,20160728 
Number is 81 
G.2.1_index_2_VS_G.7.1_index_1 [21] 
20160616,20160618,20160619,20160621,20160623,20160625,20160626,20160629,20160630,20160701,20160702,20160703,20160704,20160705,20160707,20160712,20160717,20160719,20160722,20160724,20160727,20160728,20160730,20160802 
Number is 83 
G.2.1_index_2_VS_G.3.6_index_1 [22] 
20160617,20160621,20160623,20160627,20160629,20160630,20160701,20160702,20160703,20160704,20160705,20160711,20160713,20160723,20160724,20160726,20160728,20160730,20160731,20160802 
G.4.3_index_4_VS_G.5.6_index_2 [23] 
20160618,20160619,20160621,20160622,20160623,20160626,20160629,20160630,20160701,20160702,20160703,20160704,20160705,20160707,20160709,20160710,20160713,20160716,20160722,20160723,20160727 
G.3.6_index_5_VS_G.5.6_index_2 [24] 
20160619,20160621,20160622,20160624,20160625,20160628,20160629,20160630,20160701,20160702,20160703,20160704,20160705,20160707,20160709,20160715,20160719,20160722,20160727,20160731,20160802 
G.3.6_index_5_VS_G.7.3_index_2 [25] 
20160622,20160624,20160626,20160628,20160630,20160701,20160702,20160703,20160704,20160705,20160708,20160711,20160713,20160715,20160719,20160723,20160724,20160728,20160729,20160730,20160731 
Number is 91 
G.6.2_index_1_VS_G.7.3_index_1 [26] 
20160617,20160620,20160622,20160624,20160627,20160628,20160629,20160630,20160701,20160702,20160703,20160704,20160705,20160707,20160708,20160709,20160714,20160716,20160719,20160725,20160726,20160729,20160730,20160802 
G.1.1_index_4_VS_G.4.2_index_4 [27] 
20160620,20160622,20160623,20160624,20160627,20160629,20160630,20160701,20160702,20160703,20160704,20160705,20160707,20160712,20160713,20160714,20160719,20160720,20160721,20160724,20160726,20160728,20160730,20160731,20160802 
Number is 93 
G.2.2_index_5_VS_G.7.3_index_2 [28] PLUS 1 
20160617,20160618,20160620,20160622,20160623,20160626,20160630,20160701,20160702,20160703,20160704,20160705,20160706,20160708,20160712,20160713,20160715,20160718,20160719,20160723,20160724,20160726,20160728,20160729 
G.2.2_index_5_VS_G.5.6_index_2 [29] PLUS 1 
20160616,20160617,20160619,20160621,20160622,20160626,20160630,20160701,20160702,20160703,20160704,20160705,20160706,20160707,20160711,20160713,20160718,20160719,20160720,20160722,20160729,20160730,20160801,20160802 
Number is 97 
G.2.2_index_5_VS_G.3.4_index_3 [30] PLUS 1 
20160617,20160618,20160622,20160623,20160627,20160628,20160629,20160630,20160701,20160702,20160703,20160704,20160705,20160706,20160712,20160714,20160715,20160716,20160717,20160719,20160721,20160722,20160723,20160725,20160726,20160729,20160730,20160802 
