======== Current: 20160708 ========= 
Number is 00 
G.7.4_index_2_VS_G.3.1_index_5 [1] 
20160617,20160621,20160622,20160624,20160625,20160627,20160629,20160630,20160702,20160703,20160704,20160705,20160706,20160707,20160712,20160715,20160717,20160719,20160722,20160723,20160726,20160727,20160728,20160801 
G.DB_index_5_VS_G.7.4_index_2 [2] 
20160616,20160617,20160618,20160621,20160622,20160624,20160626,20160628,20160629,20160630,20160702,20160703,20160704,20160705,20160706,20160707,20160712,20160713,20160715,20160717,20160719,20160721,20160722,20160723,20160726,20160729,20160731 
G.4.2_index_2_VS_G.5.2_index_1 [3] 
20160616,20160621,20160624,20160626,20160627,20160628,20160629,20160702,20160703,20160704,20160705,20160706,20160707,20160714,20160715,20160716,20160719,20160721,20160723,20160724,20160727,20160729,20160801 
Number is 04 
G.5.4_index_3_VS_G.3.2_index_1 [4] 
20160617,20160620,20160621,20160622,20160623,20160625,20160627,20160628,20160702,20160703,20160704,20160705,20160706,20160707,20160710,20160712,20160717,20160723,20160730,20160801,20160802 
Number is 08 
G.2.2_index_5_VS_G.4.4_index_1 [5] 
20160620,20160621,20160622,20160623,20160629,20160701,20160702,20160703,20160704,20160705,20160706,20160707,20160711,20160714,20160715,20160717,20160718,20160722,20160725,20160726,20160727 
G.2.2_index_5_VS_G.5.6_index_2 [6] 
20160616,20160617,20160619,20160621,20160622,20160626,20160630,20160701,20160702,20160703,20160704,20160705,20160706,20160707,20160711,20160713,20160718,20160719,20160720,20160722,20160729,20160730,20160801,20160802 
Number is 09 
G.4.4_index_3_VS_G.3.3_index_5 [7] PLUS 1 
20160616,20160617,20160618,20160619,20160625,20160626,20160627,20160628,20160702,20160703,20160704,20160705,20160706,20160707,20160708,20160710,20160712,20160713,20160714,20160718,20160721,20160723,20160724,20160725,20160727,20160728,20160729,20160730,20160801 
G.2.2_index_2_VS_G.7.3_index_2 [8] PLUS 1 
20160618,20160620,20160623,20160624,20160625,20160628,20160629,20160630,20160702,20160703,20160704,20160705,20160706,20160707,20160708,20160709,20160710,20160712,20160716,20160718,20160719,20160720,20160721,20160723,20160726,20160728,20160730,20160802 
Number is 10 
G.5.3_index_3_VS_G.5.4_index_4 [9] PLUS 1 
20160616,20160621,20160623,20160625,20160626,20160702,20160703,20160704,20160705,20160706,20160707,20160708,20160709,20160710,20160711,20160713,20160717,20160718,20160719,20160722,20160723,20160724,20160725,20160726,20160729,20160802 
Number is 16 
G.1.1_index_4_VS_G.4.2_index_3 [10] 
20160617,20160619,20160620,20160621,20160625,20160701,20160702,20160703,20160704,20160705,20160706,20160707,20160709,20160711,20160712,20160714,20160716,20160717,20160719,20160721,20160726,20160728,20160802 
Number is 24 
G.1.1_index_5_VS_G.7.1_index_2 [11] 
20160616,20160617,20160618,20160623,20160627,20160628,20160701,20160702,20160703,20160704,20160705,20160706,20160707,20160709,20160710,20160712,20160713,20160714,20160719,20160722,20160723,20160727,20160728 
Number is 31 
G.1.1_index_2_VS_G.5.3_index_3 [12] 
20160616,20160618,20160621,20160622,20160626,20160627,20160629,20160630,20160702,20160703,20160704,20160705,20160706,20160707,20160710,20160711,20160715,20160716,20160720,20160721,20160725,20160726,20160729,20160731 
Number is 33 
G.1.1_index_2_VS_G.4.3_index_3 [13] 
20160617,20160618,20160621,20160622,20160623,20160624,20160625,20160626,20160627,20160629,20160702,20160703,20160704,20160705,20160706,20160707,20160709,20160710,20160713,20160714,20160718,20160719,20160728,20160729 
G.3.6_index_5_VS_G.5.3_index_2 [14] 
20160622,20160624,20160625,20160628,20160629,20160701,20160702,20160703,20160704,20160705,20160706,20160707,20160709,20160711,20160715,20160717,20160722,20160723,20160724,20160725,20160728,20160729,20160730,20160731,20160802 
Number is 35 
G.5.3_index_2_VS_G.3.3_index_3 [15] 
20160622,20160625,20160627,20160629,20160701,20160702,20160703,20160704,20160705,20160706,20160707,20160710,20160712,20160720,20160721,20160725,20160728,20160730,20160731,20160801 
G.1.1_index_2_VS_G.5.5_index_1 [16] 
20160618,20160619,20160622,20160625,20160627,20160628,20160630,20160702,20160703,20160704,20160705,20160706,20160707,20160709,20160710,20160715,20160718,20160719,20160720,20160721,20160722,20160724,20160725,20160729 
Number is 36 
G.1.1_index_2_VS_G.4.2_index_4 [17] PLUS 1 
20160618,20160620,20160629,20160702,20160703,20160704,20160705,20160706,20160707,20160708,20160709,20160714,20160715,20160716,20160718,20160720,20160724,20160728,20160729,20160730,20160731,20160801 
G.1.1_index_2_VS_G.5.3_index_4 [18] PLUS 1 
20160617,20160618,20160621,20160622,20160625,20160627,20160629,20160630,20160702,20160703,20160704,20160705,20160706,20160707,20160708,20160709,20160711,20160715,20160716,20160718,20160728,20160731,20160802 
Number is 42 
G.3.2_index_1_VS_G.7.2_index_1 [19] 
20160617,20160620,20160621,20160624,20160627,20160630,20160702,20160703,20160704,20160705,20160706,20160707,20160710,20160711,20160712,20160716,20160718,20160721,20160722,20160723,20160724,20160726,20160727,20160728,20160802 
Number is 45 
G.4.1_index_1_VS_G.2.2_index_3 [20] 
20160616,20160617,20160623,20160624,20160627,20160628,20160629,20160630,20160701,20160702,20160703,20160704,20160705,20160706,20160707,20160709,20160714,20160716,20160722,20160723,20160724,20160726,20160730,20160802 
Number is 47 
G.5.2_index_3_VS_G.3.6_index_1 [21] PLUS 1 
20160617,20160619,20160620,20160621,20160622,20160625,20160628,20160630,20160701,20160702,20160703,20160704,20160705,20160706,20160707,20160708,20160709,20160714,20160716,20160717,20160718,20160722,20160723,20160724,20160726,20160727,20160729,20160802 
Number is 49 
G.4.1_index_1_VS_G.3.3_index_5 [22] PLUS 1 
20160621,20160623,20160626,20160627,20160701,20160702,20160703,20160704,20160705,20160706,20160707,20160708,20160709,20160710,20160712,20160715,20160718,20160720,20160721,20160722,20160723,20160728,20160729,20160802 
G.5.6_index_4_VS_G.3.3_index_5 [23] PLUS 1 
20160616,20160618,20160623,20160625,20160626,20160630,20160702,20160703,20160704,20160705,20160706,20160707,20160708,20160710,20160712,20160714,20160717,20160718,20160720,20160802 
Number is 53 
G.5.5_index_1_VS_G.5.3_index_2 [24] 
20160617,20160619,20160620,20160622,20160624,20160625,20160627,20160629,20160702,20160703,20160704,20160705,20160706,20160707,20160709,20160711,20160712,20160717,20160718,20160719,20160721,20160722,20160724,20160725,20160729 
Number is 56 
G.3.5_index_4_VS_G.6.1_index_1 [25] PLUS 1 
20160618,20160619,20160621,20160622,20160623,20160628,20160629,20160701,20160702,20160703,20160704,20160705,20160706,20160707,20160708,20160709,20160718,20160721,20160723,20160724,20160725,20160726,20160801 
Number is 73 
G.5.1_index_3_VS_G.5.3_index_2 [26] 
20160619,20160625,20160627,20160628,20160629,20160630,20160702,20160703,20160704,20160705,20160706,20160707,20160709,20160710,20160711,20160718,20160719,20160723,20160730,20160801,20160802 
Number is 90 
G.3.3_index_5_VS_G.5.4_index_4 [27] PLUS 1 
20160616,20160618,20160619,20160623,20160625,20160626,20160630,20160701,20160702,20160703,20160704,20160705,20160706,20160707,20160708,20160709,20160710,20160711,20160712,20160713,20160714,20160718,20160721,20160722,20160725,20160728,20160729,20160730 
Number is 91 
G.7.3_index_2_VS_G.4.3_index_2 [28] 
20160618,20160619,20160623,20160627,20160701,20160702,20160703,20160704,20160705,20160706,20160707,20160710,20160713,20160714,20160716,20160722,20160723,20160724,20160728,20160730,20160801 
Number is 99 
G.6.2_index_2_VS_G.3.3_index_2 [29] 
20160619,20160621,20160622,20160628,20160702,20160703,20160704,20160705,20160706,20160707,20160709,20160713,20160719,20160721,20160722,20160723,20160726,20160727 
