======== Current: 20160709 ========= 
Number is 03 
G.DB_index_4_VS_G.5.6_index_2 [1] PLUS 1 
20160617,20160619,20160625,20160626,20160628,20160629,20160701,20160703,20160704,20160705,20160706,20160707,20160708,20160709,20160711,20160715,20160716,20160717,20160729,20160802 
Number is 07 
G.5.4_index_3_VS_G.7.3_index_2 [2] 
20160623,20160625,20160626,20160628,20160703,20160704,20160705,20160706,20160707,20160708,20160712,20160714,20160718,20160719,20160722,20160723,20160727,20160728,20160731,20160802 
Number is 20 
G.4.1_index_4_VS_G.3.6_index_5 [3] 
20160617,20160621,20160624,20160627,20160703,20160704,20160705,20160706,20160707,20160708,20160711,20160715,20160719,20160722,20160724,20160729,20160731 
Number is 23 
G.4.1_index_4_VS_G.1.1_index_2 [4] 
20160622,20160623,20160624,20160627,20160703,20160704,20160705,20160706,20160707,20160708,20160715,20160716,20160718,20160720,20160729 
Number is 27 
G.3.5_index_3_VS_G.5.1_index_1 [5] 
20160616,20160617,20160621,20160629,20160630,20160703,20160704,20160705,20160706,20160707,20160708,20160714,20160715,20160717,20160718,20160721,20160722,20160724,20160727,20160728,20160730,20160802 
Number is 30 
G.1.1_index_2_VS_G.4.2_index_4 [6] PLUS 1 
20160618,20160620,20160629,20160702,20160703,20160704,20160705,20160706,20160707,20160708,20160709,20160714,20160715,20160716,20160718,20160720,20160724,20160728,20160729,20160730,20160731,20160801 
Number is 31 
G.5.6_index_2_VS_G.3.5_index_1 [7] PLUS 1 
20160616,20160619,20160620,20160621,20160622,20160625,20160626,20160627,20160629,20160630,20160703,20160704,20160705,20160706,20160707,20160708,20160709,20160710,20160712,20160713,20160714,20160718,20160720,20160721,20160722,20160728,20160729,20160731 
Number is 33 
G.1.1_index_2_VS_G.DB_index_1 [8] 
20160617,20160620,20160623,20160627,20160628,20160629,20160630,20160703,20160704,20160705,20160706,20160707,20160708,20160713,20160717,20160718,20160719,20160720,20160723,20160725,20160727 
Number is 34 
G.1.1_index_2_VS_G.1.1_index_5 [9] PLUS 1 
20160618,20160622,20160623,20160625,20160629,20160701,20160703,20160704,20160705,20160706,20160707,20160708,20160709,20160714,20160715,20160716,20160718,20160719,20160726 
Number is 35 
G.1.1_index_2_VS_G.5.3_index_4 [10] PLUS 1 
20160617,20160618,20160621,20160622,20160625,20160627,20160629,20160630,20160702,20160703,20160704,20160705,20160706,20160707,20160708,20160709,20160711,20160715,20160716,20160718,20160728,20160731,20160802 
G.3.2_index_4_VS_G.2.2_index_2 [11] PLUS 1 
20160616,20160617,20160622,20160624,20160625,20160628,20160629,20160630,20160703,20160704,20160705,20160706,20160707,20160708,20160709,20160710,20160712,20160714,20160715,20160716,20160718,20160719,20160722,20160723,20160726,20160729,20160730,20160801,20160802 
Number is 37 
G.4.1_index_1_VS_G.3.3_index_5 [12] PLUS 1 
20160621,20160623,20160626,20160627,20160701,20160702,20160703,20160704,20160705,20160706,20160707,20160708,20160709,20160710,20160712,20160715,20160718,20160720,20160721,20160722,20160723,20160728,20160729,20160802 
Number is 38 
G.5.6_index_2_VS_G.5.1_index_2 [13] 
20160619,20160622,20160627,20160629,20160703,20160704,20160705,20160706,20160707,20160708,20160715,20160716,20160729,20160801 
Number is 40 
G.7.2_index_1_VS_G.3.3_index_2 [14] 
20160619,20160620,20160621,20160623,20160624,20160625,20160627,20160703,20160704,20160705,20160706,20160707,20160708,20160712,20160714,20160717,20160718,20160720,20160722,20160726,20160728,20160801 
G.7.4_index_2_VS_G.3.3_index_2 [15] 
20160616,20160617,20160620,20160621,20160622,20160624,20160627,20160628,20160701,20160703,20160704,20160705,20160706,20160707,20160708,20160712,20160713,20160721,20160725,20160726,20160727,20160801,20160802 
Number is 42 
G.4.4_index_1_VS_G.3.4_index_4 [16] 
20160616,20160620,20160621,20160622,20160624,20160625,20160703,20160704,20160705,20160706,20160707,20160708,20160711,20160714,20160715,20160719,20160723,20160729,20160730,20160802 
Number is 57 
G.2.2_index_2_VS_G.7.3_index_2 [17] PLUS 1 
20160618,20160620,20160623,20160624,20160625,20160628,20160629,20160630,20160702,20160703,20160704,20160705,20160706,20160707,20160708,20160709,20160710,20160712,20160716,20160718,20160719,20160720,20160721,20160723,20160726,20160728,20160730,20160802 
Number is 67 
G.4.4_index_3_VS_G.3.3_index_5 [18] 
20160616,20160617,20160618,20160619,20160625,20160626,20160627,20160628,20160702,20160703,20160704,20160705,20160706,20160707,20160708,20160710,20160712,20160713,20160714,20160718,20160721,20160723,20160724,20160725,20160727,20160728,20160729,20160730,20160801 
G.5.6_index_4_VS_G.3.3_index_5 [19] 
20160616,20160618,20160623,20160625,20160626,20160630,20160702,20160703,20160704,20160705,20160706,20160707,20160708,20160710,20160712,20160714,20160717,20160718,20160720,20160802 
Number is 70 
G.6.2_index_1_VS_G.3.3_index_2 [20] 
20160620,20160623,20160701,20160703,20160704,20160705,20160706,20160707,20160708,20160712,20160718,20160720,20160728,20160730,20160801 
G.5.1_index_1_VS_G.3.3_index_2 [21] 
20160620,20160624,20160627,20160628,20160629,20160630,20160703,20160704,20160705,20160706,20160707,20160708,20160714,20160719,20160722,20160727,20160801,20160802 
Number is 71 
G.3.5_index_4_VS_G.6.1_index_1 [22] PLUS 1 
20160618,20160619,20160621,20160622,20160623,20160628,20160629,20160701,20160702,20160703,20160704,20160705,20160706,20160707,20160708,20160709,20160718,20160721,20160723,20160724,20160725,20160726,20160801 
G.3.3_index_5_VS_G.5.4_index_4 [23] PLUS 1 
20160616,20160618,20160619,20160623,20160625,20160626,20160630,20160701,20160702,20160703,20160704,20160705,20160706,20160707,20160708,20160709,20160710,20160711,20160712,20160713,20160714,20160718,20160721,20160722,20160725,20160728,20160729,20160730 
G.6.2_index_1_VS_G.5.3_index_1 [24] PLUS 1 
20160617,20160618,20160624,20160703,20160704,20160705,20160706,20160707,20160708,20160709,20160710,20160712,20160714,20160716,20160717,20160718,20160719,20160720,20160721,20160723,20160724,20160725,20160728,20160731,20160801,20160802 
Number is 74 
G.6.2_index_1_VS_G.4.4_index_1 [25] 
20160617,20160618,20160622,20160625,20160627,20160703,20160704,20160705,20160706,20160707,20160708,20160711,20160712,20160714,20160716,20160717,20160718,20160719,20160726,20160729,20160730,20160801,20160802 
Number is 80 
G.5.2_index_3_VS_G.3.3_index_2 [26] PLUS 1 
20160619,20160622,20160623,20160625,20160626,20160627,20160628,20160703,20160704,20160705,20160706,20160707,20160708,20160709,20160710,20160713,20160722,20160725,20160726,20160728,20160729,20160730,20160802 
Number is 81 
G.5.3_index_3_VS_G.5.4_index_4 [27] PLUS 1 
20160616,20160621,20160623,20160625,20160626,20160702,20160703,20160704,20160705,20160706,20160707,20160708,20160709,20160710,20160711,20160713,20160717,20160718,20160719,20160722,20160723,20160724,20160725,20160726,20160729,20160802 
Number is 83 
G.5.2_index_3_VS_G.1.1_index_2 [28] 
20160618,20160619,20160623,20160627,20160628,20160630,20160703,20160704,20160705,20160706,20160707,20160708,20160710,20160714,20160715,20160716,20160719,20160720,20160723,20160724,20160726,20160727,20160802 
Number is 86 
G.5.2_index_3_VS_G.3.6_index_1 [29] PLUS 1 
20160617,20160619,20160620,20160621,20160622,20160625,20160628,20160630,20160701,20160702,20160703,20160704,20160705,20160706,20160707,20160708,20160709,20160714,20160716,20160717,20160718,20160722,20160723,20160724,20160726,20160727,20160729,20160802 
Number is 87 
G.5.2_index_3_VS_G.7.3_index_2 [30] PLUS 1 
20160619,20160623,20160625,20160626,20160627,20160628,20160629,20160703,20160704,20160705,20160706,20160707,20160708,20160709,20160721,20160724,20160726,20160728,20160730,20160731 
Number is 93 
G.3.2_index_2_VS_G.5.6_index_2 [31] 
20160616,20160617,20160618,20160619,20160621,20160622,20160625,20160626,20160627,20160629,20160630,20160703,20160704,20160705,20160706,20160707,20160708,20160710,20160711,20160712,20160716,20160717,20160718,20160720,20160723,20160727,20160729 
