======== Current: 20160710 ========= 
Number is 01 
G.1.1_index_2_VS_G.4.2_index_4 [1] 
20160618,20160620,20160629,20160702,20160703,20160704,20160705,20160706,20160707,20160708,20160709,20160714,20160715,20160716,20160718,20160720,20160724,20160728,20160729,20160730,20160731,20160801 
Number is 06 
G.1.1_index_2_VS_G.1.1_index_5 [2] 
20160618,20160622,20160623,20160625,20160629,20160701,20160703,20160704,20160705,20160706,20160707,20160708,20160709,20160714,20160715,20160716,20160718,20160719,20160726 
Number is 07 
G.1.1_index_2_VS_G.5.3_index_4 [3] 
20160617,20160618,20160621,20160622,20160625,20160627,20160629,20160630,20160702,20160703,20160704,20160705,20160706,20160707,20160708,20160709,20160711,20160715,20160716,20160718,20160728,20160731,20160802 
Number is 13 
G.4.1_index_1_VS_G.3.6_index_1 [4] 
20160617,20160620,20160621,20160622,20160623,20160625,20160627,20160628,20160629,20160701,20160704,20160705,20160706,20160707,20160708,20160709,20160718,20160720,20160721,20160723,20160724,20160727 
Number is 18 
G.4.1_index_1_VS_G.3.3_index_5 [5] PLUS 1 
20160621,20160623,20160626,20160627,20160701,20160702,20160703,20160704,20160705,20160706,20160707,20160708,20160709,20160710,20160712,20160715,20160718,20160720,20160721,20160722,20160723,20160728,20160729,20160802 
Number is 32 
G.2.1_index_1_VS_G.3.5_index_5 [6] PLUS 1 
20160617,20160620,20160621,20160623,20160624,20160627,20160630,20160702,20160704,20160705,20160706,20160707,20160708,20160709,20160710,20160712,20160713,20160715,20160718,20160719,20160721,20160722,20160725,20160728,20160729 
Number is 48 
G.DB_index_4_VS_G.5.6_index_2 [7] 
20160617,20160619,20160625,20160626,20160628,20160629,20160701,20160703,20160704,20160705,20160706,20160707,20160708,20160709,20160711,20160715,20160716,20160717,20160729,20160802 
Number is 51 
G.5.3_index_3_VS_G.5.4_index_4 [8] PLUS 1 
20160616,20160621,20160623,20160625,20160626,20160702,20160703,20160704,20160705,20160706,20160707,20160708,20160709,20160710,20160711,20160713,20160717,20160718,20160719,20160722,20160723,20160724,20160725,20160726,20160729,20160802 
Number is 56 
G.3.2_index_4_VS_G.2.2_index_2 [9] PLUS 1 
20160616,20160617,20160622,20160624,20160625,20160628,20160629,20160630,20160703,20160704,20160705,20160706,20160707,20160708,20160709,20160710,20160712,20160714,20160715,20160716,20160718,20160719,20160722,20160723,20160726,20160729,20160730,20160801,20160802 
Number is 57 
G.3.5_index_4_VS_G.6.1_index_1 [10] 
20160618,20160619,20160621,20160622,20160623,20160628,20160629,20160701,20160702,20160703,20160704,20160705,20160706,20160707,20160708,20160709,20160718,20160721,20160723,20160724,20160725,20160726,20160801 
Number is 59 
G.6.3_index_1_VS_G.3.4_index_3 [11] PLUS 1 
20160617,20160618,20160620,20160621,20160623,20160625,20160629,20160701,20160702,20160704,20160705,20160706,20160707,20160708,20160709,20160710,20160712,20160713,20160715,20160716,20160719,20160720,20160721,20160722,20160725,20160727,20160729,20160801,20160802 
Number is 61 
G.2.2_index_2_VS_G.7.3_index_2 [12] PLUS 1 
20160618,20160620,20160623,20160624,20160625,20160628,20160629,20160630,20160702,20160703,20160704,20160705,20160706,20160707,20160708,20160709,20160710,20160712,20160716,20160718,20160719,20160720,20160721,20160723,20160726,20160728,20160730,20160802 
Number is 73 
G.6.2_index_1_VS_G.5.3_index_1 [13] PLUS 1 
20160617,20160618,20160624,20160703,20160704,20160705,20160706,20160707,20160708,20160709,20160710,20160712,20160714,20160716,20160717,20160718,20160719,20160720,20160721,20160723,20160724,20160725,20160728,20160731,20160801,20160802 
Number is 81 
G.3.3_index_5_VS_G.5.4_index_4 [14] PLUS 1 
20160616,20160618,20160619,20160623,20160625,20160626,20160630,20160701,20160702,20160703,20160704,20160705,20160706,20160707,20160708,20160709,20160710,20160711,20160712,20160713,20160714,20160718,20160721,20160722,20160725,20160728,20160729,20160730 
Number is 83 
G.3.3_index_5_VS_G.5.3_index_1 [15] 
20160617,20160623,20160625,20160626,20160628,20160629,20160702,20160704,20160705,20160706,20160707,20160708,20160709,20160712,20160717,20160720,20160724,20160727,20160728,20160802 
Number is 85 
G.5.6_index_2_VS_G.3.5_index_1 [16] PLUS 1 
20160616,20160619,20160620,20160621,20160622,20160625,20160626,20160627,20160629,20160630,20160703,20160704,20160705,20160706,20160707,20160708,20160709,20160710,20160712,20160713,20160714,20160718,20160720,20160721,20160722,20160728,20160729,20160731 
Number is 88 
G.DB_index_2_VS_G.5.3_index_2 [17] PLUS 1 
20160617,20160620,20160622,20160626,20160628,20160701,20160704,20160705,20160706,20160707,20160708,20160709,20160710,20160711,20160712,20160713,20160714,20160718,20160724,20160725,20160728,20160730,20160801 
Number is 90 
G.5.2_index_3_VS_G.3.3_index_2 [18] PLUS 1 
20160619,20160622,20160623,20160625,20160626,20160627,20160628,20160703,20160704,20160705,20160706,20160707,20160708,20160709,20160710,20160713,20160722,20160725,20160726,20160728,20160729,20160730,20160802 
Number is 91 
G.5.2_index_3_VS_G.7.3_index_2 [19] 
20160619,20160623,20160625,20160626,20160627,20160628,20160629,20160703,20160704,20160705,20160706,20160707,20160708,20160709,20160721,20160724,20160726,20160728,20160730,20160731 
Number is 92 
G.5.2_index_3_VS_G.3.5_index_5 [20] PLUS 1 
20160619,20160622,20160625,20160627,20160628,20160629,20160704,20160705,20160706,20160707,20160708,20160709,20160710,20160711,20160715,20160716,20160722,20160723,20160724,20160725,20160727,20160730,20160731 
Number is 93 
G.5.2_index_3_VS_G.3.6_index_1 [21] 
20160617,20160619,20160620,20160621,20160622,20160625,20160628,20160630,20160701,20160702,20160703,20160704,20160705,20160706,20160707,20160708,20160709,20160714,20160716,20160717,20160718,20160722,20160723,20160724,20160726,20160727,20160729,20160802 
