======== Current: 20160716 ========= 
Number is 01 
G.3.3_index_4_VS_G.3.6_index_3 [1] 
20160618,20160620,20160621,20160622,20160624,20160625,20160705,20160707,20160710,20160711,20160712,20160713,20160714,20160715,20160718,20160722,20160724,20160725,20160726,20160729,20160730,20160801,20160802 
Number is 04 
G.2.1_index_3_VS_G.3.3_index_2 [2] 
20160616,20160619,20160620,20160621,20160622,20160624,20160625,20160626,20160627,20160628,20160701,20160703,20160704,20160705,20160706,20160708,20160710,20160711,20160712,20160713,20160714,20160715,20160719,20160720,20160727,20160728,20160731 
Number is 05 
G.6.3_index_2_VS_G.5.2_index_1 [3] 
20160616,20160617,20160623,20160625,20160701,20160703,20160705,20160708,20160709,20160710,20160711,20160712,20160713,20160714,20160715,20160718,20160721,20160724,20160725,20160728,20160729,20160730 
Number is 07 
G.2.2_index_5_VS_G.3.1_index_4 [4] 
20160616,20160617,20160619,20160621,20160622,20160623,20160624,20160627,20160629,20160630,20160702,20160703,20160704,20160705,20160707,20160708,20160710,20160711,20160712,20160713,20160714,20160715,20160718,20160719,20160721,20160722,20160725,20160726,20160727,20160728,20160729 
Number is 08 
G.2.1_index_3_VS_G.2.2_index_1 [5] PLUS 1 
20160616,20160621,20160622,20160625,20160626,20160629,20160702,20160704,20160705,20160709,20160710,20160711,20160712,20160713,20160714,20160715,20160716,20160720,20160723,20160724,20160729,20160802 
Number is 13 
G.4.2_index_3_VS_G.7.4_index_1 [6] PLUS 1 
20160617,20160624,20160627,20160628,20160630,20160703,20160704,20160710,20160711,20160712,20160713,20160714,20160715,20160716,20160719,20160720,20160722,20160724,20160725,20160726,20160727,20160728,20160730,20160731,20160802 
Number is 17 
G.6.2_index_1_VS_G.DB_index_2 [7] PLUS 1 
20160617,20160618,20160620,20160623,20160625,20160703,20160708,20160709,20160710,20160711,20160712,20160713,20160714,20160715,20160716,20160717,20160718,20160719,20160730,20160731,20160802 
Number is 23 
G.4.2_index_1_VS_G.7.4_index_1 [8] 
20160617,20160619,20160621,20160622,20160626,20160630,20160703,20160704,20160708,20160710,20160711,20160712,20160713,20160714,20160715,20160719,20160722,20160726,20160730,20160731 
Number is 24 
G.3.2_index_2_VS_G.5.5_index_2 [9] 
20160616,20160619,20160622,20160625,20160629,20160701,20160702,20160703,20160706,20160707,20160710,20160711,20160712,20160713,20160714,20160715,20160717,20160718,20160723,20160724,20160726,20160727,20160729 
Number is 25 
G.2.2_index_2_VS_G.5.2_index_1 [10] PLUS 1 
20160617,20160618,20160621,20160622,20160624,20160625,20160626,20160627,20160628,20160703,20160709,20160710,20160711,20160712,20160713,20160714,20160715,20160716,20160719,20160722,20160726,20160729,20160730,20160801 
G.4.2_index_4_VS_G.5.2_index_1 [11] PLUS 1 
20160616,20160620,20160621,20160626,20160627,20160628,20160701,20160702,20160703,20160709,20160710,20160711,20160712,20160713,20160714,20160715,20160716,20160719,20160722,20160726,20160731,20160802 
Number is 26 
G.2.2_index_2_VS_G.2.1_index_2 [12] 
20160622,20160625,20160702,20160704,20160705,20160706,20160707,20160709,20160710,20160711,20160712,20160713,20160714,20160715,20160720,20160721,20160722,20160723,20160728,20160730,20160802 
Number is 27 
G.2.2_index_2_VS_G.4.4_index_1 [13] PLUS 1 
20160616,20160624,20160626,20160702,20160703,20160709,20160710,20160711,20160712,20160713,20160714,20160715,20160716,20160725,20160726,20160730,20160802 
Number is 37 
G.3.4_index_5_VS_G.4.3_index_1 [14] 
20160618,20160620,20160621,20160624,20160625,20160628,20160629,20160630,20160702,20160704,20160707,20160709,20160710,20160711,20160712,20160713,20160714,20160715,20160719,20160724,20160725,20160729,20160730,20160801 
Number is 53 
G.5.2_index_1_VS_G.3.4_index_5 [15] PLUS 1 
20160617,20160618,20160620,20160621,20160626,20160630,20160703,20160705,20160710,20160711,20160712,20160713,20160714,20160715,20160716,20160719,20160721,20160723,20160727,20160729,20160730 
Number is 57 
G.4.4_index_2_VS_G.4.4_index_1 [16] 
20160616,20160618,20160621,20160622,20160629,20160701,20160704,20160706,20160709,20160710,20160711,20160712,20160713,20160714,20160715,20160717,20160718,20160721,20160724,20160727,20160729,20160730,20160731,20160802 
Number is 71 
G.4.3_index_1_VS_G.4.2_index_3 [17] PLUS 1 
20160619,20160624,20160625,20160626,20160628,20160701,20160705,20160710,20160711,20160712,20160713,20160714,20160715,20160716,20160720,20160721,20160723,20160725,20160726,20160728,20160729 
Number is 73 
G.6.1_index_2_VS_G.4.2_index_2 [18] 
20160617,20160618,20160620,20160625,20160627,20160703,20160705,20160710,20160711,20160712,20160713,20160714,20160715,20160718,20160720,20160721,20160727,20160730,20160802 
G.DB_index_2_VS_G.7.4_index_1 [19] 
20160617,20160618,20160619,20160620,20160626,20160701,20160704,20160706,20160708,20160710,20160711,20160712,20160713,20160714,20160715,20160719,20160725,20160726,20160730,20160731 
