======== Current: 20160718 ========= 
Number is 00 
G.DB_index_5_VS_G.5.6_index_4 [1] 
20160616,20160618,20160619,20160621,20160627,20160702,20160704,20160705,20160706,20160709,20160711,20160712,20160713,20160714,20160715,20160716,20160717,20160719,20160720,20160721,20160722,20160726,20160727,20160728,20160731 
Number is 01 
G.DB_index_5_VS_G.6.1_index_2 [2] 
20160618,20160626,20160628,20160630,20160704,20160705,20160709,20160710,20160712,20160713,20160714,20160715,20160716,20160717,20160720,20160722,20160723,20160725,20160727,20160729,20160730 
Number is 11 
G.6.1_index_2_VS_G.6.1_index_2 [3] 
20160706,20160707,20160709,20160711,20160712,20160713,20160714,20160715,20160716,20160717,20160720,20160723 
Number is 16 
G.2.2_index_1_VS_G.2.2_index_5 [4] 
20160617,20160619,20160621,20160622,20160623,20160624,20160627,20160628,20160701,20160706,20160712,20160713,20160714,20160715,20160716,20160717,20160719,20160725,20160728 
Number is 17 
G.4.3_index_1_VS_G.4.2_index_4 [5] 
20160617,20160620,20160628,20160629,20160701,20160705,20160712,20160713,20160714,20160715,20160716,20160717,20160719,20160720,20160722,20160723,20160724,20160725,20160728,20160729,20160731,20160802 
Number is 18 
G.2.2_index_1_VS_G.2.1_index_5 [6] PLUS 1 
20160617,20160618,20160624,20160626,20160628,20160629,20160701,20160704,20160706,20160708,20160711,20160712,20160713,20160714,20160715,20160716,20160717,20160718,20160719,20160724,20160726,20160731 
Number is 28 
G.6.2_index_1_VS_G.DB_index_2 [7] PLUS 1 
20160617,20160618,20160620,20160623,20160625,20160703,20160708,20160709,20160710,20160711,20160712,20160713,20160714,20160715,20160716,20160717,20160718,20160719,20160730,20160731,20160802 
Number is 32 
G.5.5_index_4_VS_G.4.1_index_3 [8] PLUS 1 
20160616,20160618,20160619,20160622,20160624,20160625,20160626,20160627,20160703,20160708,20160709,20160712,20160713,20160714,20160715,20160716,20160717,20160718,20160721,20160723,20160724,20160729 
Number is 35 
G.5.2_index_1_VS_G.5.6_index_1 [9] 
20160616,20160617,20160619,20160620,20160621,20160626,20160627,20160702,20160704,20160708,20160709,20160710,20160712,20160713,20160714,20160715,20160716,20160717,20160721,20160723,20160726,20160728,20160730,20160801 
Number is 36 
G.5.2_index_1_VS_G.3.1_index_2 [10] 
20160617,20160621,20160622,20160625,20160626,20160630,20160702,20160703,20160705,20160707,20160708,20160709,20160710,20160712,20160713,20160714,20160715,20160716,20160717,20160722,20160724,20160727,20160728,20160729,20160730 
Number is 50 
G.1.1_index_2_VS_G.3.1_index_4 [11] PLUS 1 
20160616,20160619,20160623,20160624,20160625,20160626,20160627,20160628,20160630,20160701,20160702,20160703,20160704,20160705,20160709,20160712,20160713,20160714,20160715,20160716,20160717,20160718,20160719,20160720,20160721,20160722,20160725,20160726,20160728,20160731 
Number is 51 
G.4.4_index_4_VS_G.6.1_index_2 [12] 
20160618,20160622,20160623,20160626,20160628,20160704,20160707,20160708,20160709,20160711,20160712,20160713,20160714,20160715,20160716,20160717,20160723,20160725,20160729,20160801,20160802 
Number is 55 
G.3.4_index_5_VS_G.2.1_index_3 [13] 
20160616,20160617,20160619,20160620,20160625,20160626,20160627,20160628,20160701,20160702,20160704,20160709,20160710,20160712,20160713,20160714,20160715,20160716,20160717,20160719,20160724,20160725,20160731,20160801 
Number is 56 
G.3.4_index_5_VS_G.6.3_index_3 [14] PLUS 1 
20160617,20160619,20160620,20160625,20160626,20160627,20160629,20160702,20160703,20160706,20160710,20160712,20160713,20160714,20160715,20160716,20160717,20160718,20160720,20160722,20160723,20160725,20160729,20160730,20160802 
Number is 70 
G.4.2_index_4_VS_G.DB_index_5 [15] 
20160616,20160617,20160618,20160619,20160620,20160621,20160622,20160624,20160626,20160627,20160705,20160712,20160713,20160714,20160715,20160716,20160717,20160719,20160720,20160721,20160727,20160728,20160731,20160801 
Number is 71 
G.4.2_index_4_VS_G.6.1_index_2 [16] 
20160617,20160619,20160620,20160624,20160630,20160701,20160705,20160711,20160712,20160713,20160714,20160715,20160716,20160717,20160719,20160720,20160722,20160724,20160727,20160728,20160729,20160801 
Number is 83 
G.3.2_index_5_VS_G.6.2_index_3 [17] 
20160617,20160618,20160620,20160622,20160624,20160626,20160628,20160704,20160705,20160710,20160712,20160713,20160714,20160715,20160716,20160717,20160719,20160722,20160728,20160729 
Number is 84 
G.4.3_index_3_VS_G.4.4_index_1 [18] 
20160617,20160618,20160624,20160628,20160630,20160702,20160703,20160704,20160706,20160707,20160710,20160712,20160713,20160714,20160715,20160716,20160717,20160719,20160722,20160724,20160725,20160730,20160802 
Number is 89 
G.3.2_index_5_VS_G.6.1_index_1 [19] 
20160616,20160618,20160619,20160620,20160621,20160622,20160701,20160704,20160708,20160710,20160712,20160713,20160714,20160715,20160716,20160717,20160723,20160724,20160728,20160729 
Number is 92 
G.4.4_index_2_VS_G.7.2_index_1 [20] PLUS 1 
20160619,20160622,20160623,20160624,20160629,20160630,20160707,20160708,20160709,20160712,20160713,20160714,20160715,20160716,20160717,20160718,20160719,20160720,20160723,20160726,20160729,20160802 
Number is 95 
G.4.4_index_2_VS_G.3.4_index_5 [21] 
20160620,20160621,20160627,20160628,20160629,20160630,20160704,20160711,20160712,20160713,20160714,20160715,20160716,20160717,20160719,20160721,20160722,20160723,20160727,20160729,20160730 
