======== Current: 20160721 ========= 
Number is 06 
G.3.4_index_1_VS_G.3.6_index_3 [1] 
20160621,20160625,20160628,20160630,20160702,20160704,20160711,20160712,20160713,20160715,20160716,20160717,20160718,20160719,20160720,20160723,20160727,20160731 
Number is 09 
G.DB_index_5_VS_G.2.2_index_2 [2] 
20160616,20160619,20160620,20160621,20160622,20160625,20160628,20160701,20160702,20160703,20160704,20160705,20160706,20160709,20160711,20160712,20160715,20160716,20160717,20160718,20160719,20160720,20160725,20160726,20160727,20160730,20160731 
Number is 11 
G.6.3_index_1_VS_G.5.4_index_2 [3] 
20160616,20160617,20160618,20160626,20160627,20160628,20160701,20160704,20160708,20160709,20160710,20160712,20160713,20160715,20160716,20160717,20160718,20160719,20160720,20160723,20160724,20160725,20160727,20160731,20160801,20160802 
Number is 21 
G.2.1_index_1_VS_G.6.3_index_3 [4] PLUS 1 
20160617,20160619,20160620,20160622,20160626,20160629,20160707,20160708,20160711,20160713,20160714,20160715,20160716,20160717,20160718,20160719,20160720,20160721,20160722,20160727,20160728,20160729,20160730,20160802 
Number is 27 
G.1.1_index_2_VS_G.3.1_index_4 [5] PLUS 1 
20160616,20160619,20160623,20160624,20160625,20160626,20160627,20160628,20160630,20160701,20160702,20160703,20160704,20160705,20160709,20160712,20160713,20160714,20160715,20160716,20160717,20160718,20160719,20160720,20160721,20160722,20160725,20160726,20160728,20160731 
Number is 32 
G.5.6_index_3_VS_G.5.3_index_2 [6] PLUS 1 
20160619,20160624,20160627,20160629,20160630,20160704,20160706,20160710,20160712,20160713,20160715,20160716,20160717,20160718,20160719,20160720,20160721,20160722,20160723,20160729,20160731,20160801 
Number is 40 
G.3.5_index_5_VS_G.6.3_index_2 [7] PLUS 1 
20160621,20160625,20160628,20160630,20160701,20160702,20160703,20160704,20160708,20160711,20160712,20160713,20160715,20160716,20160717,20160718,20160719,20160720,20160721,20160725,20160727,20160729,20160802 
Number is 44 
G.DB_index_4_VS_G.1.1_index_1 [8] 
20160616,20160620,20160622,20160625,20160630,20160701,20160704,20160705,20160706,20160707,20160708,20160710,20160715,20160716,20160717,20160718,20160719,20160720,20160726,20160727,20160729,20160802 
Number is 49 
G.4.4_index_2_VS_G.7.2_index_1 [9] 
20160619,20160622,20160623,20160624,20160629,20160630,20160707,20160708,20160709,20160712,20160713,20160714,20160715,20160716,20160717,20160718,20160719,20160720,20160723,20160726,20160729,20160802 
Number is 63 
G.2.1_index_3_VS_G.4.2_index_2 [10] 
20160616,20160618,20160621,20160622,20160701,20160703,20160704,20160705,20160714,20160715,20160716,20160717,20160718,20160719,20160720,20160729,20160730 
Number is 71 
G.3.1_index_5_VS_G.6.3_index_3 [11] PLUS 1 
20160616,20160617,20160620,20160622,20160623,20160624,20160625,20160626,20160627,20160702,20160706,20160708,20160709,20160710,20160715,20160716,20160717,20160718,20160719,20160720,20160721,20160722,20160725,20160726,20160727,20160728,20160729,20160802 
G.3.5_index_3_VS_G.2.2_index_5 [12] PLUS 1 
20160616,20160617,20160619,20160621,20160629,20160630,20160703,20160704,20160705,20160709,20160714,20160715,20160716,20160717,20160718,20160719,20160720,20160721,20160722,20160728,20160729,20160730,20160802 
G.3.1_index_4_VS_G.5.4_index_2 [13] PLUS 1 
20160618,20160620,20160621,20160622,20160623,20160625,20160626,20160627,20160701,20160705,20160709,20160711,20160712,20160713,20160715,20160716,20160717,20160718,20160719,20160720,20160721,20160724,20160725,20160727,20160728,20160729 
Number is 98 
G.4.3_index_1_VS_G.4.1_index_3 [14] PLUS 1 
20160616,20160619,20160622,20160625,20160629,20160702,20160705,20160706,20160709,20160710,20160714,20160715,20160716,20160717,20160718,20160719,20160720,20160721 
