======== Current: 20160726 ========= 
Number is 03 
G.5.3_index_3_VS_G.3.3_index_1 [1] PLUS 1 
20160617,20160620,20160621,20160624,20160626,20160629,20160701,20160702,20160703,20160705,20160708,20160709,20160710,20160716,20160720,20160721,20160722,20160723,20160724,20160725,20160726,20160731,20160802 
Number is 08 
G.5.6_index_1_VS_G.3.5_index_1 [2] 
20160617,20160619,20160620,20160622,20160627,20160628,20160701,20160703,20160706,20160707,20160709,20160710,20160712,20160713,20160720,20160721,20160722,20160723,20160724,20160725,20160727,20160728,20160730 
G.5.2_index_3_VS_G.3.5_index_1 [3] 
20160617,20160618,20160619,20160621,20160623,20160624,20160625,20160626,20160628,20160703,20160705,20160709,20160710,20160720,20160721,20160722,20160723,20160724,20160725,20160727,20160728,20160729,20160730,20160731 
Number is 22 
G.5.4_index_2_VS_G.5.3_index_4 [4] PLUS 1 
20160617,20160619,20160620,20160625,20160627,20160702,20160705,20160706,20160707,20160708,20160709,20160714,20160715,20160718,20160720,20160721,20160722,20160723,20160724,20160725,20160726,20160727,20160729,20160801,20160802 
Number is 24 
G.5.4_index_2_VS_G.DB_index_3 [5] 
20160619,20160620,20160621,20160622,20160623,20160624,20160625,20160626,20160627,20160701,20160702,20160704,20160706,20160707,20160710,20160713,20160715,20160716,20160719,20160720,20160721,20160722,20160723,20160724,20160725,20160727,20160801,20160802 
Number is 26 
G.5.4_index_2_VS_G.4.1_index_2 [6] 
20160617,20160618,20160622,20160628,20160630,20160701,20160702,20160707,20160709,20160710,20160711,20160713,20160715,20160718,20160719,20160720,20160721,20160722,20160723,20160724,20160725,20160802 
Number is 33 
G.4.2_index_3_VS_G.3.3_index_1 [7] 
20160616,20160619,20160623,20160625,20160627,20160629,20160630,20160702,20160703,20160704,20160705,20160710,20160711,20160712,20160716,20160719,20160720,20160721,20160722,20160723,20160724,20160725,20160727,20160728,20160730,20160801 
Number is 43 
G.4.4_index_1_VS_G.7.1_index_2 [8] 
20160620,20160622,20160625,20160628,20160702,20160704,20160705,20160707,20160708,20160709,20160710,20160712,20160714,20160717,20160720,20160721,20160722,20160723,20160724,20160725,20160727,20160728,20160802 
Number is 45 
G.5.2_index_1_VS_G.7.1_index_1 [9] 
20160617,20160620,20160621,20160623,20160626,20160704,20160705,20160712,20160715,20160719,20160720,20160721,20160722,20160723,20160724,20160725,20160729 
Number is 46 
G.DB_index_3_VS_G.2.2_index_4 [10] 
20160616,20160620,20160624,20160626,20160627,20160702,20160706,20160707,20160708,20160714,20160717,20160720,20160721,20160722,20160723,20160724,20160725,20160727,20160802 
Number is 50 
G.5.2_index_2_VS_G.5.6_index_1 [11] PLUS 1 
20160620,20160621,20160624,20160625,20160629,20160701,20160702,20160705,20160710,20160711,20160712,20160716,20160720,20160721,20160722,20160723,20160724,20160725,20160726 
Number is 53 
G.7.2_index_2_VS_G.7.1_index_2 [12] PLUS 1 
20160624,20160625,20160627,20160628,20160629,20160630,20160703,20160704,20160705,20160710,20160712,20160714,20160715,20160717,20160720,20160721,20160722,20160723,20160724,20160725,20160726,20160727,20160729,20160731,20160801 
Number is 62 
G.2.2_index_4_VS_G.5.4_index_2 [13] 
20160616,20160622,20160701,20160702,20160707,20160710,20160713,20160714,20160716,20160719,20160720,20160721,20160722,20160723,20160724,20160725,20160727,20160802 
Number is 66 
G.4.1_index_2_VS_G.2.2_index_4 [14] 
20160616,20160618,20160622,20160704,20160708,20160709,20160713,20160714,20160717,20160720,20160721,20160722,20160723,20160724,20160725,20160728,20160731,20160802 
Number is 67 
G.2.2_index_4_VS_G.6.3_index_1 [15] PLUS 1 
20160616,20160617,20160618,20160622,20160626,20160627,20160629,20160702,20160703,20160708,20160710,20160712,20160717,20160720,20160721,20160722,20160723,20160724,20160725,20160726,20160727,20160731,20160801,20160802 
Number is 72 
G.3.1_index_4_VS_G.3.1_index_1 [16] 
20160617,20160619,20160623,20160626,20160629,20160702,20160704,20160708,20160709,20160711,20160714,20160717,20160719,20160720,20160721,20160722,20160723,20160724,20160725,20160727,20160730,20160801,20160802 
Number is 79 
G.3.1_index_4_VS_G.4.1_index_1 [17] PLUS 1 
20160617,20160619,20160622,20160623,20160626,20160629,20160701,20160702,20160703,20160704,20160707,20160708,20160709,20160713,20160716,20160720,20160721,20160722,20160723,20160724,20160725,20160726,20160727,20160729,20160801 
Number is 85 
G.3.5_index_1_VS_G.7.2_index_2 [18] 
20160617,20160619,20160620,20160621,20160622,20160623,20160629,20160630,20160701,20160704,20160705,20160708,20160710,20160712,20160720,20160721,20160722,20160723,20160724,20160725,20160728,20160729,20160731,20160802 
Number is 90 
G.7.4_index_2_VS_G.5.2_index_3 [19] PLUS 1 
20160616,20160617,20160619,20160621,20160623,20160624,20160628,20160630,20160704,20160705,20160710,20160713,20160715,20160716,20160720,20160721,20160722,20160723,20160724,20160725,20160726,20160727,20160730,20160731,20160801,20160802 
Number is 92 
G.4.3_index_4_VS_G.5.4_index_2 [20] 
20160619,20160621,20160623,20160627,20160701,20160702,20160703,20160709,20160710,20160713,20160716,20160718,20160719,20160720,20160721,20160722,20160723,20160724,20160725,20160728,20160801 
Number is 99 
G.3.6_index_5_VS_G.4.3_index_4 [21] 
20160618,20160625,20160707,20160712,20160713,20160720,20160721,20160722,20160723,20160724,20160725,20160727,20160729,20160731,20160801 
