======== Current: 20160729 ========= 
Number is 01 
G.5.1_index_4_VS_G.1.1_index_3 [1] PLUS 1 
20160616,20160618,20160619,20160622,20160624,20160625,20160626,20160627,20160628,20160629,20160709,20160712,20160713,20160716,20160718,20160720,20160723,20160724,20160725,20160726,20160727,20160728,20160729,20160801,20160802 
G.6.3_index_2_VS_G.1.1_index_3 [2] PLUS 1 
20160616,20160624,20160625,20160626,20160628,20160629,20160630,20160706,20160711,20160712,20160714,20160715,20160717,20160721,20160723,20160724,20160725,20160726,20160727,20160728,20160729,20160801,20160802 
Number is 11 
G.1.1_index_3_VS_G.7.3_index_2 [3] 
20160622,20160626,20160628,20160702,20160704,20160706,20160707,20160709,20160712,20160715,20160716,20160722,20160723,20160724,20160725,20160726,20160727,20160728 
Number is 12 
G.7.4_index_1_VS_G.6.2_index_2 [4] 
20160624,20160626,20160627,20160628,20160630,20160708,20160710,20160712,20160714,20160719,20160722,20160723,20160724,20160725,20160726,20160727,20160728,20160730,20160731 
Number is 19 
G.7.4_index_2_VS_G.2.2_index_5 [5] PLUS 1 
20160616,20160617,20160621,20160622,20160624,20160702,20160703,20160704,20160707,20160715,20160716,20160719,20160720,20160721,20160723,20160724,20160725,20160726,20160727,20160728,20160729,20160802 
Number is 21 
G.3.5_index_4_VS_G.5.4_index_4 [6] 
20160616,20160618,20160620,20160622,20160623,20160625,20160626,20160629,20160704,20160705,20160709,20160710,20160714,20160717,20160718,20160723,20160724,20160725,20160726,20160727,20160728,20160731 
Number is 25 
G.3.5_index_4_VS_G.3.5_index_3 [7] PLUS 1 
20160616,20160618,20160621,20160622,20160623,20160626,20160627,20160628,20160704,20160705,20160713,20160714,20160715,20160718,20160723,20160724,20160725,20160726,20160727,20160728,20160729,20160730 
Number is 29 
G.3.5_index_4_VS_G.2.2_index_5 [8] PLUS 1 
20160617,20160620,20160621,20160622,20160623,20160630,20160701,20160702,20160703,20160704,20160706,20160715,20160717,20160718,20160720,20160722,20160723,20160724,20160725,20160726,20160727,20160728,20160729 
Number is 31 
G.5.1_index_3_VS_G.3.2_index_2 [9] 
20160618,20160619,20160620,20160622,20160624,20160625,20160628,20160702,20160704,20160706,20160710,20160713,20160716,20160718,20160721,20160723,20160724,20160725,20160726,20160727,20160728,20160730,20160801,20160802 
Number is 34 
G.5.1_index_3_VS_G.3.3_index_1 [10] 
20160616,20160618,20160621,20160624,20160625,20160626,20160628,20160630,20160702,20160703,20160705,20160710,20160711,20160713,20160717,20160719,20160720,20160723,20160724,20160725,20160726,20160727,20160728,20160802 
Number is 46 
G.7.1_index_2_VS_G.5.5_index_1 [11] 
20160616,20160617,20160619,20160622,20160625,20160630,20160703,20160705,20160709,20160711,20160719,20160721,20160723,20160724,20160725,20160726,20160727,20160728 
G.5.1_index_2_VS_G.4.2_index_4 [12] 
20160616,20160617,20160618,20160621,20160624,20160626,20160627,20160628,20160702,20160703,20160708,20160709,20160714,20160718,20160719,20160721,20160722,20160723,20160724,20160725,20160726,20160727,20160728,20160731,20160801 
Number is 49 
G.1.1_index_4_VS_G.7.2_index_2 [13] PLUS 1 
20160616,20160617,20160618,20160620,20160623,20160624,20160625,20160628,20160701,20160709,20160712,20160714,20160716,20160717,20160719,20160721,20160723,20160724,20160725,20160726,20160727,20160728,20160729,20160801 
Number is 60 
G.3.3_index_5_VS_G.2.1_index_3 [14] PLUS 1 
20160616,20160618,20160619,20160621,20160625,20160626,20160628,20160702,20160703,20160704,20160705,20160708,20160714,20160719,20160723,20160724,20160725,20160726,20160727,20160728,20160729,20160731,20160801 
Number is 62 
G.DB_index_5_VS_G.3.5_index_4 [15] 
20160617,20160618,20160621,20160622,20160624,20160625,20160626,20160627,20160629,20160703,20160704,20160712,20160715,20160718,20160722,20160723,20160724,20160725,20160726,20160727,20160728 
Number is 70 
G.5.3_index_1_VS_G.5.1_index_4 [16] PLUS 1 
20160619,20160620,20160622,20160624,20160625,20160626,20160628,20160629,20160701,20160702,20160703,20160705,20160706,20160707,20160709,20160710,20160712,20160714,20160717,20160721,20160723,20160724,20160725,20160726,20160727,20160728,20160729,20160801 
Number is 71 
G.5.3_index_4_VS_G.5.4_index_4 [17] 
20160621,20160623,20160625,20160626,20160628,20160702,20160703,20160704,20160706,20160707,20160709,20160711,20160714,20160717,20160721,20160722,20160723,20160724,20160725,20160726,20160727,20160728,20160801 
Number is 73 
G.DB_index_1_VS_G.3.4_index_3 [18] PLUS 1 
20160618,20160620,20160622,20160624,20160628,20160702,20160706,20160707,20160708,20160709,20160713,20160718,20160722,20160723,20160724,20160725,20160726,20160727,20160728,20160729,20160730 
Number is 76 
G.5.2_index_2_VS_G.4.3_index_3 [19] 
20160618,20160620,20160624,20160625,20160626,20160627,20160701,20160705,20160707,20160712,20160714,20160716,20160717,20160718,20160723,20160724,20160725,20160726,20160727,20160728,20160731 
Number is 77 
G.5.2_index_3_VS_G.DB_index_1 [20] 
20160617,20160618,20160619,20160620,20160621,20160622,20160624,20160628,20160629,20160714,20160718,20160720,20160722,20160723,20160724,20160725,20160726,20160727,20160728,20160730 
Number is 90 
G.7.2_index_2_VS_G.5.1_index_4 [21] PLUS 1 
20160616,20160619,20160620,20160621,20160622,20160626,20160629,20160701,20160702,20160704,20160705,20160708,20160710,20160712,20160714,20160716,20160717,20160723,20160724,20160725,20160726,20160727,20160728,20160729,20160730,20160731,20160802 
Number is 91 
G.3.5_index_5_VS_G.6.2_index_1 [22] PLUS 1 
20160617,20160618,20160701,20160707,20160708,20160711,20160712,20160714,20160715,20160716,20160718,20160721,20160723,20160724,20160725,20160726,20160727,20160728,20160729,20160802 
Number is 95 
G.3.5_index_5_VS_G.3.6_index_4 [23] PLUS 1 
20160616,20160628,20160629,20160702,20160705,20160708,20160711,20160712,20160713,20160715,20160723,20160724,20160725,20160726,20160727,20160728,20160729,20160801,20160802 
Number is 97 
G.6.3_index_3_VS_G.5.5_index_3 [24] 
20160621,20160624,20160625,20160626,20160627,20160706,20160708,20160709,20160710,20160714,20160718,20160720,20160722,20160723,20160724,20160725,20160726,20160727,20160728,20160730 
Number is 98 
G.3.5_index_5_VS_G.3.6_index_5 [25] PLUS 1 
20160617,20160622,20160703,20160704,20160706,20160707,20160710,20160715,20160716,20160721,20160722,20160723,20160724,20160725,20160726,20160727,20160728,20160729,20160801,20160802 
Number is 99 
G.5.5_index_4_VS_G.5.5_index_2 [26] PLUS 1 
20160619,20160621,20160622,20160626,20160628,20160630,20160701,20160702,20160703,20160704,20160711,20160712,20160713,20160714,20160717,20160718,20160722,20160723,20160724,20160725,20160726,20160727,20160728,20160729,20160801 
G.5.5_index_2_VS_G.7.2_index_2 [27] PLUS 1 
20160616,20160619,20160620,20160623,20160624,20160629,20160630,20160702,20160706,20160710,20160712,20160718,20160719,20160720,20160723,20160724,20160725,20160726,20160727,20160728,20160729 
