======== Current: 20150601 ========= 
Number is 01 
G.1.1_index_4_VS_G.3.4_index_4 [1] 
20150519,20150522,20150523,20150525,20150526,20150527,20150528,20150529,20150530,20150531,20150603,20150605,20150606,20150608,20150609,20150612,20150613,20150614,20150615,20150618,20150619,20150622,20150625,20150626,20150628,20150629 
G.4.4_index_4_VS_G.DB_index_3 [2] 
20150515,20150516,20150517,20150519,20150522,20150525,20150526,20150527,20150528,20150529,20150530,20150531,20150603,20150605,20150606,20150608,20150612,20150613,20150616,20150625,20150627,20150629,20150702 
G.4.4_index_4_VS_G.3.4_index_4 [3] 
20150526,20150527,20150528,20150529,20150530,20150531,20150602,20150604,20150605,20150606,20150608,20150609,20150613,20150617,20150618,20150620,20150624,20150626,20150627,20150628,20150702 
Number is 13 
G.3.5_index_2_VS_G.5.3_index_4 [4] PLUS 1 
20150516,20150522,20150523,20150525,20150526,20150527,20150528,20150529,20150530,20150531,20150601,20150603,20150605,20150610,20150611,20150618,20150619,20150625,20150627,20150628,20150630 
Number is 16 
G.3.2_index_4_VS_G.7.3_index_2 [5] 
20150516,20150520,20150521,20150525,20150526,20150527,20150528,20150529,20150530,20150531,20150602,20150606,20150609,20150612,20150614,20150616,20150619,20150627,20150629,20150630 
G.4.4_index_2_VS_G.3.4_index_3 [6] 
20150515,20150519,20150521,20150522,20150523,20150526,20150527,20150528,20150529,20150530,20150531,20150605,20150607,20150612,20150614,20150616,20150619,20150621,20150622,20150623,20150624,20150628,20150629,20150630,20150702 
Number is 18 
G.3.2_index_5_VS_G.4.2_index_3 [7] 
20150517,20150520,20150525,20150526,20150527,20150528,20150529,20150530,20150531,20150603,20150605,20150609,20150612,20150614,20150628,20150630,20150701 
G.4.4_index_2_VS_G.5.6_index_4 [8] 
20150517,20150518,20150521,20150524,20150526,20150527,20150528,20150529,20150530,20150531,20150602,20150608,20150611,20150620,20150621,20150624,20150625,20150627,20150628,20150702 
Number is 20 
G.3.5_index_1_VS_G.4.4_index_3 [9] 
20150515,20150516,20150526,20150527,20150528,20150529,20150530,20150531,20150602,20150606,20150611,20150613,20150614,20150616,20150617,20150618,20150623,20150624,20150626,20150628,20150701,20150702 
Number is 22 
G.3.5_index_1_VS_G.2.2_index_5 [10] 
20150516,20150518,20150522,20150523,20150525,20150526,20150527,20150528,20150529,20150530,20150531,20150603,20150606,20150608,20150609,20150615,20150617,20150619,20150620,20150623 
Number is 23 
G.2.2_index_5_VS_G.5.3_index_4 [11] PLUS 1 
20150515,20150519,20150520,20150521,20150524,20150526,20150527,20150528,20150529,20150530,20150531,20150601,20150603,20150606,20150607,20150611,20150615,20150617,20150619,20150623,20150625,20150627,20150701 
Number is 33 
G.3.3_index_1_VS_G.5.3_index_4 [12] 
20150515,20150517,20150518,20150522,20150526,20150527,20150528,20150529,20150530,20150531,20150604,20150606,20150608,20150611,20150614,20150615,20150617,20150618,20150622,20150625,20150630,20150701 
Number is 35 
G.5.3_index_4_VS_G.4.1_index_2 [13] PLUS 1 
20150515,20150516,20150522,20150523,20150524,20150526,20150527,20150528,20150529,20150530,20150531,20150601,20150605,20150606,20150607,20150610,20150617,20150618,20150619,20150620,20150621,20150625,20150627 
G.3.4_index_2_VS_G.4.1_index_1 [14] PLUS 1 
20150515,20150516,20150521,20150526,20150527,20150528,20150529,20150530,20150531,20150601,20150603,20150608,20150610,20150611,20150612,20150613,20150615,20150617,20150620,20150623,20150624,20150628,20150629 
Number is 51 
G.5.4_index_4_VS_G.DB_index_3 [15] PLUS 1 
20150516,20150518,20150522,20150523,20150525,20150526,20150527,20150528,20150529,20150530,20150531,20150601,20150603,20150604,20150605,20150617,20150619,20150620,20150621,20150624,20150627,20150628,20150630,20150701,20150702 
G.4.1_index_1_VS_G.3.2_index_5 [16] PLUS 1 
20150516,20150520,20150526,20150527,20150528,20150529,20150530,20150531,20150601,20150602,20150604,20150605,20150607,20150608,20150611,20150612,20150613,20150615,20150616,20150623,20150624,20150629,20150701 
Number is 56 
G.4.1_index_1_VS_G.3.5_index_5 [17] PLUS 1 
20150516,20150517,20150522,20150524,20150526,20150527,20150528,20150529,20150530,20150531,20150601,20150606,20150608,20150609,20150610,20150611,20150612,20150613,20150618,20150621,20150622,20150628 
G.4.1_index_1_VS_G.4.4_index_1 [18] PLUS 1 
20150516,20150520,20150521,20150526,20150527,20150528,20150529,20150530,20150531,20150601,20150609,20150610,20150612,20150613,20150617,20150618,20150624,20150626,20150628,20150701,20150702 
Number is 58 
G.3.2_index_3_VS_G.1.1_index_1 [19] PLUS 1 
20150515,20150516,20150517,20150518,20150519,20150521,20150523,20150524,20150525,20150526,20150527,20150528,20150529,20150530,20150531,20150601,20150603,20150605,20150606,20150609,20150610,20150611,20150613,20150614,20150617,20150618,20150619,20150620,20150621,20150622,20150624,20150625,20150626,20150629,20150701,20150702 
Number is 61 
G.2.1_index_1_VS_G.4.2_index_4 [20] 
20150521,20150524,20150526,20150527,20150528,20150529,20150530,20150531,20150603,20150604,20150605,20150606,20150607,20150608,20150609,20150612,20150613,20150619,20150621,20150624,20150630,20150702 
Number is 65 
G.4.4_index_1_VS_G.5.4_index_4 [21] PLUS 1 
20150517,20150518,20150521,20150524,20150526,20150527,20150528,20150529,20150530,20150531,20150601,20150607,20150613,20150617,20150618,20150620,20150621,20150622,20150623,20150626,20150628,20150629,20150701,20150702 
G.3.4_index_3_VS_G.5.4_index_4 [22] PLUS 1 
20150515,20150518,20150519,20150525,20150526,20150527,20150528,20150529,20150530,20150531,20150601,20150603,20150605,20150610,20150613,20150614,20150617,20150619,20150621,20150622,20150623,20150624,20150626,20150628,20150629 
G.3.5_index_5_VS_G.5.4_index_4 [23] PLUS 1 
20150516,20150520,20150522,20150523,20150525,20150526,20150527,20150528,20150529,20150530,20150531,20150601,20150604,20150606,20150613,20150616,20150617,20150618,20150619,20150620,20150621,20150623,20150627,20150628,20150701,20150702 
Number is 67 
G.4.4_index_1_VS_G.5.3_index_1 [24] PLUS 1 
20150525,20150526,20150527,20150528,20150529,20150530,20150531,20150601,20150602,20150606,20150612,20150613,20150614,20150616,20150617,20150618,20150624,20150626,20150628,20150701,20150702 
Number is 70 
G.4.3_index_3_VS_G.4.4_index_3 [25] 
20150517,20150518,20150526,20150527,20150528,20150529,20150530,20150531,20150602,20150604,20150605,20150609,20150610,20150611,20150614,20150617,20150619,20150620,20150621,20150622,20150623,20150624,20150629 
Number is 76 
G.4.3_index_3_VS_G.7.3_index_2 [26] PLUS 1 
20150515,20150518,20150519,20150520,20150525,20150526,20150527,20150528,20150529,20150530,20150531,20150601,20150603,20150604,20150607,20150608,20150611,20150615,20150616,20150618,20150621,20150623,20150624,20150625,20150627,20150629,20150630,20150702 
Number is 80 
G.3.4_index_5_VS_G.4.4_index_3 [27] PLUS 1 
20150516,20150519,20150522,20150525,20150526,20150527,20150528,20150529,20150530,20150531,20150601,20150604,20150606,20150607,20150610,20150611,20150612,20150613,20150615,20150617,20150619,20150620,20150623,20150624,20150625,20150628,20150629,20150702 
Number is 82 
G.4.2_index_3_VS_G.7.4_index_1 [28] 
20150516,20150517,20150520,20150521,20150523,20150525,20150526,20150527,20150528,20150529,20150530,20150531,20150607,20150608,20150614,20150615,20150616,20150620,20150622,20150624 
Number is 83 
G.3.3_index_3_VS_G.5.3_index_4 [29] PLUS 1 
20150515,20150517,20150521,20150524,20150526,20150527,20150528,20150529,20150530,20150531,20150601,20150603,20150606,20150611,20150615,20150617,20150618,20150619,20150621,20150622,20150623,20150624,20150625,20150630,20150701 
