======== Current: 20150602 ========= 
Number is 03 
G.3.3_index_4_VS_G.2.2_index_4 [1] PLUS 1 
20150516,20150517,20150519,20150521,20150522,20150523,20150524,20150525,20150527,20150528,20150529,20150530,20150531,20150601,20150602,20150603,20150606,20150615,20150617,20150618,20150620,20150621,20150622,20150623,20150624,20150628,20150701,20150702 
Number is 11 
G.2.2_index_5_VS_G.5.3_index_4 [2] 
20150515,20150519,20150520,20150521,20150524,20150526,20150527,20150528,20150529,20150530,20150531,20150601,20150603,20150606,20150607,20150611,20150615,20150617,20150619,20150623,20150625,20150627,20150701 
Number is 12 
G.DB_index_1_VS_G.5.5_index_1 [3] PLUS 1 
20150515,20150517,20150518,20150519,20150522,20150524,20150525,20150527,20150528,20150529,20150530,20150531,20150601,20150602,20150605,20150609,20150610,20150612,20150613,20150617,20150618,20150619,20150620,20150621,20150625,20150629 
G.4.4_index_1_VS_G.5.3_index_1 [4] PLUS 1 
20150525,20150526,20150527,20150528,20150529,20150530,20150531,20150601,20150602,20150606,20150612,20150613,20150614,20150616,20150617,20150618,20150624,20150626,20150628,20150701,20150702 
Number is 15 
G.5.2_index_2_VS_G.5.4_index_4 [5] 
20150515,20150521,20150522,20150527,20150528,20150529,20150530,20150531,20150601,20150607,20150617,20150618,20150619,20150624,20150626,20150627,20150628,20150630 
G.4.4_index_1_VS_G.5.4_index_4 [6] 
20150517,20150518,20150521,20150524,20150526,20150527,20150528,20150529,20150530,20150531,20150601,20150607,20150613,20150617,20150618,20150620,20150621,20150622,20150623,20150626,20150628,20150629,20150701,20150702 
Number is 19 
G.5.3_index_4_VS_G.4.1_index_2 [7] 
20150515,20150516,20150522,20150523,20150524,20150526,20150527,20150528,20150529,20150530,20150531,20150601,20150605,20150606,20150607,20150610,20150617,20150618,20150619,20150620,20150621,20150625,20150627 
Number is 21 
G.4.4_index_2_VS_G.5.2_index_2 [8] PLUS 1 
20150518,20150521,20150525,20150527,20150528,20150529,20150530,20150531,20150601,20150602,20150603,20150604,20150605,20150607,20150608,20150615,20150617,20150619,20150620,20150621,20150623,20150624,20150627,20150628,20150629 
Number is 23 
G.5.5_index_1_VS_G.4.4_index_4 [9] PLUS 1 
20150515,20150518,20150521,20150522,20150525,20150527,20150528,20150529,20150530,20150531,20150601,20150602,20150609,20150612,20150613,20150617,20150620,20150621,20150625,20150626 
Number is 25 
G.3.4_index_3_VS_G.5.4_index_4 [10] 
20150515,20150518,20150519,20150525,20150526,20150527,20150528,20150529,20150530,20150531,20150601,20150603,20150605,20150610,20150613,20150614,20150617,20150619,20150621,20150622,20150623,20150624,20150626,20150628,20150629 
Number is 30 
G.4.1_index_1_VS_G.3.2_index_5 [11] PLUS 1 
20150516,20150520,20150526,20150527,20150528,20150529,20150530,20150531,20150601,20150602,20150604,20150605,20150607,20150608,20150611,20150612,20150613,20150615,20150616,20150623,20150624,20150629,20150701 
Number is 31 
G.3.3_index_3_VS_G.5.3_index_4 [12] 
20150515,20150517,20150521,20150524,20150526,20150527,20150528,20150529,20150530,20150531,20150601,20150603,20150606,20150611,20150615,20150617,20150618,20150619,20150621,20150622,20150623,20150624,20150625,20150630,20150701 
G.4.1_index_1_VS_G.4.4_index_1 [13] 
20150516,20150520,20150521,20150526,20150527,20150528,20150529,20150530,20150531,20150601,20150609,20150610,20150612,20150613,20150617,20150618,20150624,20150626,20150628,20150701,20150702 
Number is 32 
G.4.1_index_1_VS_G.5.5_index_1 [14] PLUS 1 
20150516,20150518,20150520,20150522,20150524,20150527,20150528,20150529,20150530,20150531,20150601,20150602,20150603,20150604,20150605,20150612,20150613,20150615,20150616,20150617,20150621,20150623,20150626,20150628 
Number is 38 
G.3.6_index_5_VS_G.3.6_index_4 [15] PLUS 1 
20150517,20150519,20150520,20150522,20150527,20150528,20150529,20150530,20150531,20150601,20150602,20150605,20150606,20150607,20150609,20150612,20150614,20150617,20150618,20150622,20150630,20150702 
G.4.4_index_4_VS_G.3.4_index_5 [16] PLUS 1 
20150517,20150520,20150521,20150527,20150528,20150529,20150530,20150531,20150601,20150602,20150605,20150606,20150610,20150612,20150613,20150614,20150618,20150621,20150622,20150623,20150625,20150626,20150627,20150628,20150702 
Number is 39 
G.4.1_index_1_VS_G.3.5_index_5 [17] 
20150516,20150517,20150522,20150524,20150526,20150527,20150528,20150529,20150530,20150531,20150601,20150606,20150608,20150609,20150610,20150611,20150612,20150613,20150618,20150621,20150622,20150628 
Number is 47 
G.4.3_index_3_VS_G.7.3_index_2 [18] 
20150515,20150518,20150519,20150520,20150525,20150526,20150527,20150528,20150529,20150530,20150531,20150601,20150603,20150604,20150607,20150608,20150611,20150615,20150616,20150618,20150621,20150623,20150624,20150625,20150627,20150629,20150630,20150702 
G.6.2_index_2_VS_G.4.3_index_4 [19] 
20150516,20150517,20150519,20150523,20150525,20150527,20150528,20150529,20150530,20150531,20150601,20150605,20150607,20150613,20150617,20150618,20150621,20150625,20150628,20150701 
Number is 49 
G.4.3_index_3_VS_G.5.6_index_2 [20] 
20150517,20150521,20150525,20150527,20150528,20150529,20150530,20150531,20150601,20150605,20150607,20150611,20150614,20150616,20150618,20150619,20150621,20150623,20150629 
Number is 51 
G.5.4_index_4_VS_G.DB_index_3 [21] 
20150516,20150518,20150522,20150523,20150525,20150526,20150527,20150528,20150529,20150530,20150531,20150601,20150603,20150604,20150605,20150617,20150619,20150620,20150621,20150624,20150627,20150628,20150630,20150701,20150702 
Number is 53 
G.3.2_index_3_VS_G.1.1_index_1 [22] 
20150515,20150516,20150517,20150518,20150519,20150521,20150523,20150524,20150525,20150526,20150527,20150528,20150529,20150530,20150531,20150601,20150603,20150605,20150606,20150609,20150610,20150611,20150613,20150614,20150617,20150618,20150619,20150620,20150621,20150622,20150624,20150625,20150626,20150629,20150701,20150702 
G.3.4_index_2_VS_G.4.1_index_1 [23] 
20150515,20150516,20150521,20150526,20150527,20150528,20150529,20150530,20150531,20150601,20150603,20150608,20150610,20150611,20150612,20150613,20150615,20150617,20150620,20150623,20150624,20150628,20150629 
Number is 54 
G.3.3_index_1_VS_G.4.3_index_3 [24] PLUS 1 
20150515,20150517,20150521,20150522,20150525,20150527,20150528,20150529,20150530,20150531,20150601,20150602,20150604,20150605,20150607,20150608,20150609,20150610,20150611,20150617,20150620,20150625,20150629,20150630 
Number is 69 
G.1.1_index_2_VS_G.5.6_index_4 [25] 
20150518,20150522,20150524,20150525,20150527,20150528,20150529,20150530,20150531,20150601,20150606,20150608,20150610,20150611,20150612,20150613,20150615,20150616,20150617,20150621,20150622,20150624,20150628,20150701 
Number is 71 
G.3.5_index_2_VS_G.5.3_index_4 [26] 
20150516,20150522,20150523,20150525,20150526,20150527,20150528,20150529,20150530,20150531,20150601,20150603,20150605,20150610,20150611,20150618,20150619,20150625,20150627,20150628,20150630 
Number is 80 
G.3.4_index_5_VS_G.4.4_index_3 [27] 
20150516,20150519,20150522,20150525,20150526,20150527,20150528,20150529,20150530,20150531,20150601,20150604,20150606,20150607,20150610,20150611,20150612,20150613,20150615,20150617,20150619,20150620,20150623,20150624,20150625,20150628,20150629,20150702 
Number is 91 
G.4.1_index_2_VS_G.7.2_index_1 [28] 
20150515,20150516,20150518,20150521,20150527,20150528,20150529,20150530,20150531,20150601,20150604,20150606,20150611,20150612,20150613,20150616,20150618,20150619,20150620,20150621,20150627,20150629 
Number is 95 
G.3.5_index_5_VS_G.5.4_index_4 [29] 
20150516,20150520,20150522,20150523,20150525,20150526,20150527,20150528,20150529,20150530,20150531,20150601,20150604,20150606,20150613,20150616,20150617,20150618,20150619,20150620,20150621,20150623,20150627,20150628,20150701,20150702 
