======== Current: 20150606 ========= 
Number is 00 
G.DB_index_1_VS_G.DB_index_5 [1] 
20150517,20150522,20150529,20150531,20150601,20150602,20150603,20150604,20150605,20150612,20150613,20150618,20150619,20150621,20150625,20150626,20150628,20150629,20150701 
Number is 02 
G.5.1_index_2_VS_G.2.1_index_5 [2] 
20150517,20150518,20150519,20150520,20150522,20150526,20150529,20150530,20150531,20150601,20150602,20150603,20150604,20150605,20150608,20150612,20150616,20150618,20150622,20150623,20150627,20150628,20150630,20150702 
Number is 05 
G.DB_index_5_VS_G.6.1_index_2 [3] PLUS 1 
20150515,20150516,20150517,20150519,20150522,20150525,20150526,20150529,20150530,20150531,20150601,20150602,20150603,20150604,20150605,20150606,20150607,20150610,20150611,20150613,20150614,20150617,20150619,20150620,20150625,20150628,20150630 
Number is 06 
G.5.4_index_3_VS_G.3.3_index_1 [4] PLUS 1 
20150515,20150526,20150527,20150530,20150531,20150601,20150602,20150603,20150604,20150605,20150606,20150607,20150609,20150611,20150612,20150613,20150614,20150615,20150619,20150620,20150622,20150626,20150629 
G.4.1_index_1_VS_G.3.6_index_2 [5] PLUS 1 
20150515,20150516,20150518,20150522,20150529,20150530,20150531,20150601,20150602,20150603,20150604,20150605,20150606,20150608,20150609,20150610,20150611,20150613,20150618,20150623,20150624,20150625,20150628,20150629 
Number is 07 
G.4.4_index_2_VS_G.5.2_index_2 [6] 
20150518,20150521,20150525,20150527,20150528,20150529,20150530,20150531,20150601,20150602,20150603,20150604,20150605,20150607,20150608,20150615,20150617,20150619,20150620,20150621,20150623,20150624,20150627,20150628,20150629 
G.4.1_index_1_VS_G.5.5_index_1 [7] 
20150516,20150518,20150520,20150522,20150524,20150527,20150528,20150529,20150530,20150531,20150601,20150602,20150603,20150604,20150605,20150612,20150613,20150615,20150616,20150617,20150621,20150623,20150626,20150628 
Number is 08 
G.4.1_index_1_VS_G.6.1_index_1 [8] 
20150515,20150520,20150524,20150526,20150529,20150530,20150531,20150601,20150602,20150603,20150604,20150605,20150608,20150611,20150612,20150613,20150614,20150615,20150616,20150617,20150618,20150620,20150628,20150629,20150702 
Number is 09 
G.4.1_index_1_VS_G.3.6_index_4 [9] PLUS 1 
20150515,20150516,20150518,20150520,20150527,20150529,20150531,20150601,20150602,20150603,20150604,20150605,20150606,20150607,20150611,20150612,20150613,20150616,20150618,20150623,20150625,20150626,20150629,20150701,20150702 
Number is 17 
G.2.2_index_3_VS_G.4.2_index_3 [10] PLUS 1 
20150516,20150517,20150519,20150520,20150524,20150525,20150526,20150529,20150530,20150531,20150601,20150602,20150603,20150604,20150605,20150606,20150613,20150615,20150617,20150623,20150624,20150625,20150629,20150701 
Number is 19 
G.2.2_index_5_VS_G.6.2_index_1 [11] 
20150516,20150520,20150521,20150523,20150525,20150526,20150527,20150528,20150531,20150601,20150602,20150603,20150604,20150605,20150610,20150611,20150612,20150614,20150618,20150619,20150620,20150621,20150623,20150626 
Number is 22 
G.DB_index_4_VS_G.3.4_index_3 [12] 
20150515,20150519,20150522,20150523,20150531,20150601,20150602,20150603,20150604,20150605,20150612,20150613,20150614,20150619,20150620,20150624,20150625,20150628,20150629,20150630 
Number is 25 
G.3.4_index_3_VS_G.5.4_index_2 [13] 
20150515,20150518,20150519,20150520,20150521,20150524,20150530,20150531,20150601,20150602,20150603,20150604,20150605,20150607,20150609,20150610,20150613,20150614,20150619,20150621,20150622,20150626,20150628,20150629,20150701 
G.3.4_index_2_VS_G.3.2_index_4 [14] 
20150515,20150516,20150517,20150519,20150522,20150523,20150529,20150531,20150601,20150602,20150603,20150604,20150605,20150607,20150608,20150609,20150611,20150614,20150615,20150616,20150618,20150629,20150630,20150701,20150702 
Number is 26 
G.1.1_index_4_VS_G.3.3_index_1 [15] PLUS 1 
20150517,20150521,20150523,20150524,20150525,20150530,20150531,20150601,20150602,20150603,20150604,20150605,20150606,20150608,20150611,20150612,20150614,20150616,20150623,20150625,20150629,20150701 
G.2.1_index_5_VS_G.2.1_index_3 [16] PLUS 1 
20150515,20150521,20150528,20150529,20150530,20150531,20150601,20150602,20150603,20150604,20150605,20150606,20150612,20150613,20150622,20150624,20150625,20150628,20150629 
Number is 27 
G.3.4_index_3_VS_G.7.4_index_1 [17] 
20150515,20150516,20150518,20150525,20150526,20150528,20150530,20150531,20150601,20150602,20150603,20150604,20150605,20150608,20150610,20150611,20150613,20150614,20150616,20150619,20150622,20150623,20150624,20150626,20150630,20150701,20150702 
Number is 28 
G.DB_index_4_VS_G.3.5_index_4 [18] 
20150515,20150516,20150517,20150518,20150524,20150529,20150530,20150531,20150601,20150602,20150603,20150604,20150605,20150608,20150611,20150612,20150618,20150620,20150624,20150627,20150630 
Number is 32 
G.3.6_index_5_VS_G.2.2_index_4 [19] PLUS 1 
20150515,20150516,20150517,20150520,20150521,20150524,20150529,20150531,20150601,20150602,20150603,20150604,20150605,20150606,20150607,20150613,20150618,20150623,20150624,20150628 
Number is 35 
G.5.2_index_3_VS_G.2.1_index_1 [20] 
20150518,20150519,20150520,20150522,20150523,20150524,20150526,20150531,20150601,20150602,20150603,20150604,20150605,20150607,20150609,20150612,20150613,20150615,20150616,20150618,20150621,20150622,20150625,20150626,20150629,20150701,20150702 
Number is 36 
G.4.3_index_3_VS_G.3.3_index_4 [21] 
20150515,20150519,20150520,20150521,20150522,20150524,20150527,20150528,20150530,20150531,20150601,20150602,20150603,20150604,20150605,20150609,20150610,20150611,20150617,20150618,20150620,20150621,20150622,20150623,20150624,20150630,20150702 
Number is 40 
G.DB_index_3_VS_G.5.6_index_1 [22] 
20150522,20150527,20150528,20150529,20150531,20150601,20150602,20150603,20150604,20150605,20150609,20150614,20150616,20150618,20150627,20150629,20150702 
Number is 52 
G.3.3_index_5_VS_G.2.1_index_5 [23] 
20150517,20150518,20150521,20150522,20150523,20150528,20150530,20150531,20150601,20150602,20150603,20150604,20150605,20150608,20150609,20150612,20150615,20150616,20150621,20150623,20150625,20150629,20150630 
Number is 55 
G.1.1_index_2_VS_G.2.1_index_1 [24] 
20150518,20150522,20150524,20150525,20150526,20150528,20150529,20150530,20150531,20150601,20150602,20150603,20150604,20150605,20150607,20150609,20150612,20150613,20150620,20150625,20150626,20150627,20150701 
Number is 62 
G.3.3_index_4_VS_G.3.6_index_3 [25] PLUS 1 
20150520,20150521,20150522,20150524,20150526,20150529,20150530,20150531,20150601,20150602,20150603,20150604,20150605,20150606,20150611,20150614,20150616,20150617,20150618,20150622,20150623,20150624,20150627,20150628,20150701,20150702 
Number is 72 
G.7.3_index_2_VS_G.2.2_index_4 [26] 
20150515,20150517,20150518,20150520,20150522,20150523,20150524,20150526,20150527,20150530,20150531,20150601,20150602,20150603,20150604,20150605,20150607,20150608,20150609,20150612,20150614,20150615,20150623,20150629,20150702 
Number is 84 
G.6.1_index_1_VS_G.4.4_index_3 [27] 
20150515,20150516,20150517,20150518,20150528,20150529,20150531,20150601,20150602,20150603,20150604,20150605,20150607,20150609,20150612,20150615,20150617,20150618,20150620,20150623,20150624,20150628,20150702 
Number is 88 
G.3.5_index_4_VS_G.3.6_index_1 [28] PLUS 1 
20150515,20150518,20150520,20150525,20150528,20150530,20150531,20150601,20150602,20150603,20150604,20150605,20150606,20150607,20150610,20150617,20150618,20150619,20150620,20150625,20150628 
Number is 92 
G.3.6_index_4_VS_G.2.2_index_4 [29] PLUS 1 
20150517,20150524,20150526,20150531,20150601,20150602,20150603,20150604,20150605,20150606,20150607,20150612,20150614,20150615,20150616,20150618,20150619,20150629,20150702 
Number is 96 
G.3.2_index_2_VS_G.2.2_index_2 [30] PLUS 1 
20150520,20150523,20150526,20150531,20150601,20150602,20150603,20150604,20150605,20150606,20150608,20150611,20150612,20150618,20150619,20150623,20150626,20150627,20150630,20150701,20150702 
