======== Current: 20150609 ========= 
Number is 01 
G.5.2_index_1_VS_G.2.1_index_2 [1] 
20150515,20150519,20150523,20150531,20150602,20150603,20150604,20150605,20150606,20150607,20150608,20150611,20150613,20150614,20150615,20150617,20150625,20150628,20150630,20150701,20150702 
Number is 03 
G.DB_index_3_VS_G.3.5_index_2 [2] 
20150515,20150516,20150517,20150522,20150524,20150525,20150526,20150527,20150529,20150530,20150603,20150604,20150605,20150606,20150607,20150608,20150614,20150615,20150619,20150620,20150623,20150625,20150627,20150629,20150630,20150701,20150702 
Number is 04 
G.5.1_index_2_VS_G.5.1_index_4 [3] 
20150515,20150601,20150602,20150603,20150604,20150605,20150606,20150607,20150608,20150611,20150612,20150614,20150615,20150618,20150619,20150620,20150622,20150623,20150628,20150701,20150702 
Number is 06 
G.3.2_index_4_VS_G.5.1_index_1 [4] PLUS 1 
20150515,20150517,20150521,20150522,20150523,20150526,20150527,20150530,20150603,20150604,20150605,20150606,20150607,20150608,20150609,20150610,20150613,20150615,20150619,20150620,20150621,20150622,20150624,20150628,20150702 
Number is 07 
G.DB_index_3_VS_G.5.6_index_2 [5] PLUS 1 
20150516,20150518,20150522,20150524,20150527,20150531,20150601,20150603,20150604,20150605,20150606,20150607,20150608,20150609,20150611,20150620,20150621,20150624,20150625,20150627,20150629,20150630,20150701,20150702 
G.3.2_index_4_VS_G.4.2_index_4 [6] PLUS 1 
20150516,20150518,20150521,20150530,20150531,20150603,20150604,20150605,20150606,20150607,20150608,20150609,20150613,20150614,20150616,20150621,20150622,20150628,20150630,20150701 
Number is 11 
G.4.1_index_2_VS_G.2.2_index_5 [7] 
20150517,20150518,20150519,20150520,20150522,20150523,20150525,20150526,20150527,20150531,20150603,20150604,20150605,20150606,20150607,20150608,20150611,20150615,20150618,20150621,20150622,20150627 
G.2.2_index_5_VS_G.7.2_index_1 [8] 
20150515,20150516,20150519,20150520,20150524,20150525,20150526,20150528,20150529,20150530,20150601,20150603,20150604,20150605,20150606,20150607,20150608,20150610,20150612,20150615,20150627 
Number is 13 
G.2.2_index_5_VS_G.6.1_index_3 [9] PLUS 1 
20150516,20150518,20150519,20150520,20150524,20150526,20150529,20150603,20150604,20150605,20150606,20150607,20150608,20150609,20150612,20150613,20150619,20150622,20150623,20150627,20150628,20150630,20150702 
Number is 17 
G.2.1_index_2_VS_G.5.6_index_2 [10] PLUS 1 
20150520,20150523,20150525,20150601,20150602,20150603,20150604,20150605,20150606,20150607,20150608,20150609,20150611,20150615,20150619,20150620,20150622,20150625,20150629,20150630,20150702 
Number is 18 
G.2.2_index_5_VS_G.3.1_index_4 [11] PLUS 1 
20150519,20150520,20150521,20150522,20150523,20150526,20150527,20150529,20150531,20150603,20150604,20150605,20150606,20150607,20150608,20150609,20150613,20150618,20150627 
Number is 24 
G.5.4_index_1_VS_G.5.1_index_3 [12] 
20150516,20150518,20150525,20150528,20150602,20150603,20150604,20150605,20150606,20150607,20150608,20150610,20150611,20150613,20150614,20150619,20150701 
Number is 32 
G.2.2_index_2_VS_G.DB_index_2 [13] 
20150515,20150520,20150521,20150526,20150528,20150531,20150602,20150603,20150604,20150605,20150606,20150607,20150608,20150611,20150612,20150613,20150615,20150623,20150627 
Number is 39 
G.3.5_index_2_VS_G.2.1_index_4 [14] 
20150522,20150524,20150528,20150529,20150602,20150603,20150604,20150605,20150606,20150607,20150608,20150611,20150616,20150618,20150619,20150620,20150621,20150622,20150626,20150627,20150628,20150629,20150630 
Number is 40 
G.2.1_index_1_VS_G.5.1_index_2 [15] 
20150515,20150516,20150517,20150518,20150519,20150521,20150524,20150525,20150531,20150603,20150604,20150605,20150606,20150607,20150608,20150610,20150611,20150612,20150615,20150616,20150619,20150620,20150622,20150623,20150624,20150625,20150626,20150629,20150702 
Number is 41 
G.5.1_index_4_VS_G.3.6_index_2 [16] PLUS 1 
20150515,20150522,20150524,20150527,20150528,20150529,20150601,20150603,20150604,20150605,20150606,20150607,20150608,20150609,20150612,20150613,20150617,20150619,20150620,20150622,20150623,20150625,20150628 
Number is 44 
G.2.1_index_1_VS_G.5.1_index_3 [17] 
20150515,20150517,20150518,20150521,20150522,20150523,20150524,20150531,20150603,20150604,20150605,20150606,20150607,20150608,20150612,20150613,20150614,20150619,20150621,20150622,20150629,20150701 
Number is 46 
G.7.4_index_1_VS_G.3.1_index_1 [18] PLUS 1 
20150515,20150516,20150517,20150520,20150521,20150522,20150527,20150603,20150604,20150605,20150606,20150607,20150608,20150609,20150615,20150616,20150620,20150622,20150623,20150624,20150627,20150629,20150630,20150701,20150702 
Number is 47 
G.3.3_index_4_VS_G.7.3_index_2 [19] PLUS 1 
20150519,20150520,20150521,20150522,20150523,20150524,20150526,20150528,20150529,20150530,20150531,20150602,20150603,20150604,20150605,20150606,20150607,20150608,20150609,20150611,20150614,20150616,20150617,20150618,20150628,20150702 
G.2.1_index_1_VS_G.4.2_index_4 [20] PLUS 1 
20150521,20150524,20150526,20150527,20150528,20150529,20150530,20150531,20150603,20150604,20150605,20150606,20150607,20150608,20150609,20150612,20150613,20150619,20150621,20150624,20150630,20150702 
Number is 48 
G.3.3_index_1_VS_G.3.5_index_4 [21] 
20150517,20150518,20150520,20150521,20150522,20150525,20150526,20150529,20150530,20150603,20150604,20150605,20150606,20150607,20150608,20150611,20150613,20150616,20150620,20150621,20150627 
Number is 50 
G.2.2_index_3_VS_G.3.3_index_3 [22] 
20150515,20150516,20150517,20150521,20150524,20150526,20150529,20150530,20150601,20150603,20150604,20150605,20150606,20150607,20150608,20150611,20150614,20150615,20150616,20150617,20150618,20150629,20150630 
Number is 54 
G.5.6_index_3_VS_G.2.1_index_1 [23] PLUS 1 
20150518,20150521,20150522,20150523,20150524,20150531,20150603,20150604,20150605,20150606,20150607,20150608,20150609,20150610,20150611,20150612,20150615,20150617,20150618,20150619,20150622,20150625,20150627,20150628,20150629 
Number is 60 
G.6.2_index_3_VS_G.3.2_index_4 [24] PLUS 1 
20150516,20150527,20150528,20150531,20150603,20150604,20150605,20150606,20150607,20150608,20150609,20150610,20150612,20150618,20150620,20150623,20150625,20150630,20150701 
Number is 67 
G.3.1_index_1_VS_G.1.1_index_3 [25] 
20150515,20150516,20150517,20150524,20150527,20150528,20150602,20150603,20150604,20150605,20150606,20150607,20150608,20150612,20150614,20150616,20150621,20150625,20150628,20150630,20150701 
Number is 68 
G.3.1_index_2_VS_G.3.4_index_3 [26] 
20150515,20150521,20150522,20150524,20150527,20150528,20150603,20150604,20150605,20150606,20150607,20150608,20150611,20150612,20150614,20150616,20150619,20150621,20150622,20150624,20150626,20150628 
G.5.6_index_1_VS_G.3.4_index_4 [27] 
20150516,20150517,20150519,20150522,20150523,20150526,20150531,20150601,20150603,20150604,20150605,20150606,20150607,20150608,20150612,20150614,20150615,20150620,20150623,20150624,20150626,20150628 
Number is 69 
G.4.3_index_3_VS_G.3.2_index_2 [28] 
20150515,20150517,20150524,20150525,20150528,20150530,20150601,20150603,20150604,20150605,20150606,20150607,20150608,20150610,20150611,20150614,20150616,20150617,20150618,20150620,20150623,20150625,20150630,20150702 
G.6.1_index_1_VS_G.2.1_index_3 [29] 
20150515,20150517,20150523,20150524,20150528,20150529,20150530,20150531,20150601,20150603,20150604,20150605,20150606,20150607,20150608,20150611,20150612,20150613,20150615,20150617,20150618,20150620,20150623,20150628,20150629,20150702 
Number is 74 
G.3.4_index_2_VS_G.5.1_index_3 [30] PLUS 1 
20150518,20150520,20150527,20150601,20150602,20150603,20150604,20150605,20150606,20150607,20150608,20150609,20150613,20150614,20150615,20150617,20150618,20150620,20150621,20150622,20150627,20150629 
G.3.3_index_5_VS_G.5.1_index_4 [31] PLUS 1 
20150518,20150520,20150522,20150523,20150524,20150529,20150601,20150602,20150603,20150604,20150605,20150606,20150607,20150608,20150609,20150612,20150614,20150615,20150618,20150619,20150620,20150623,20150626,20150627,20150628,20150630 
G.5.2_index_3_VS_G.5.1_index_4 [32] PLUS 1 
20150519,20150522,20150523,20150524,20150528,20150529,20150531,20150603,20150604,20150605,20150606,20150607,20150608,20150609,20150610,20150612,20150614,20150615,20150618,20150625,20150626,20150627,20150702 
Number is 80 
G.7.1_index_2_VS_G.DB_index_3 [33] PLUS 1 
20150515,20150516,20150517,20150519,20150524,20150526,20150527,20150528,20150529,20150530,20150603,20150604,20150605,20150606,20150607,20150608,20150609,20150612,20150613,20150617,20150619,20150628,20150630,20150701 
Number is 82 
G.3.4_index_4_VS_G.DB_index_2 [34] 
20150516,20150517,20150519,20150523,20150526,20150528,20150529,20150530,20150531,20150603,20150604,20150605,20150606,20150607,20150608,20150612,20150614,20150615,20150616,20150621,20150624,20150627,20150629 
G.7.1_index_1_VS_G.6.2_index_1 [35] 
20150516,20150517,20150520,20150524,20150526,20150528,20150530,20150531,20150603,20150604,20150605,20150606,20150607,20150608,20150611,20150614,20150618,20150621,20150624,20150626,20150628,20150630 
Number is 83 
G.7.1_index_1_VS_G.2.2_index_2 [36] 
20150516,20150518,20150519,20150521,20150528,20150531,20150601,20150603,20150604,20150605,20150606,20150607,20150608,20150611,20150614,20150615,20150616,20150622,20150623,20150624,20150630,20150702 
G.3.3_index_2_VS_G.2.2_index_2 [37] 
20150515,20150520,20150523,20150530,20150531,20150602,20150603,20150604,20150605,20150606,20150607,20150608,20150612,20150613,20150615,20150619,20150622,20150623,20150628 
Number is 84 
G.3.3_index_2_VS_G.2.1_index_1 [38] 
20150516,20150518,20150519,20150520,20150524,20150527,20150530,20150531,20150603,20150604,20150605,20150606,20150607,20150608,20150610,20150612,20150613,20150616,20150619,20150620,20150621,20150622,20150623,20150626,20150627,20150630 
Number is 85 
G.3.1_index_3_VS_G.6.1_index_2 [39] PLUS 1 
20150515,20150520,20150524,20150526,20150529,20150530,20150602,20150603,20150604,20150605,20150606,20150607,20150608,20150609,20150611,20150613,20150614,20150619,20150622,20150626,20150627,20150628,20150630,20150702 
Number is 89 
G.3.1_index_3_VS_G.2.1_index_5 [40] 
20150515,20150517,20150520,20150524,20150527,20150603,20150604,20150605,20150606,20150607,20150608,20150611,20150615,20150616,20150618,20150621,20150629,20150630 
Number is 91 
G.4.3_index_2_VS_G.2.2_index_5 [41] PLUS 1 
20150516,20150518,20150522,20150523,20150528,20150530,20150602,20150603,20150604,20150605,20150606,20150607,20150608,20150609,20150611,20150613,20150614,20150618,20150620,20150622,20150623 
Number is 93 
G.5.2_index_4_VS_G.6.1_index_3 [42] 
20150516,20150519,20150522,20150524,20150525,20150526,20150529,20150601,20150603,20150604,20150605,20150606,20150607,20150608,20150611,20150612,20150613,20150614,20150618,20150619,20150626,20150627,20150628,20150630,20150701 
Number is 94 
G.4.2_index_3_VS_G.2.1_index_1 [43] 
20150515,20150518,20150520,20150521,20150524,20150525,20150526,20150527,20150529,20150530,20150531,20150602,20150603,20150604,20150605,20150606,20150607,20150608,20150612,20150613,20150615,20150619,20150620,20150621,20150622,20150626,20150629,20150630,20150702 
