======== Current: 20150611 ========= 
Number is 13 
G.5.1_index_2_VS_G.3.4_index_4 [1] 
20150517,20150518,20150519,20150521,20150522,20150526,20150528,20150604,20150605,20150606,20150607,20150608,20150609,20150610,20150612,20150613,20150614,20150615,20150616,20150624,20150628,20150702 
Number is 21 
G.5.2_index_4_VS_G.4.1_index_1 [2] PLUS 1 
20150515,20150516,20150518,20150521,20150524,20150528,20150529,20150602,20150603,20150605,20150606,20150607,20150608,20150609,20150610,20150611,20150615,20150618,20150620,20150621,20150627,20150702 
Number is 34 
G.6.3_index_1_VS_G.2.2_index_5 [3] PLUS 1 
20150516,20150518,20150520,20150523,20150524,20150528,20150529,20150601,20150605,20150606,20150607,20150608,20150609,20150610,20150611,20150612,20150614,20150615,20150617,20150620,20150625,20150627,20150628,20150630 
Number is 37 
G.3.4_index_4_VS_G.2.2_index_3 [4] 
20150515,20150517,20150523,20150524,20150526,20150527,20150529,20150530,20150531,20150604,20150605,20150606,20150607,20150608,20150609,20150610,20150612,20150614,20150615,20150622,20150624,20150629 
G.6.2_index_3_VS_G.3.2_index_4 [5] 
20150516,20150527,20150528,20150531,20150603,20150604,20150605,20150606,20150607,20150608,20150609,20150610,20150612,20150618,20150620,20150623,20150625,20150630,20150701 
Number is 48 
G.5.6_index_3_VS_G.2.1_index_1 [6] PLUS 1 
20150518,20150521,20150522,20150523,20150524,20150531,20150603,20150604,20150605,20150606,20150607,20150608,20150609,20150610,20150611,20150612,20150615,20150617,20150618,20150619,20150622,20150625,20150627,20150628,20150629 
G.2.1_index_2_VS_G.3.5_index_2 [7] PLUS 1 
20150520,20150522,20150523,20150526,20150530,20150531,20150603,20150605,20150606,20150607,20150608,20150609,20150610,20150611,20150612,20150616,20150617,20150622,20150626,20150627,20150630,20150701 
Number is 50 
G.3.6_index_5_VS_G.3.6_index_1 [8] 
20150516,20150517,20150518,20150520,20150524,20150527,20150601,20150602,20150605,20150606,20150607,20150608,20150609,20150610,20150614,20150617,20150618,20150620,20150625,20150628,20150629,20150630,20150701 
Number is 59 
G.6.2_index_1_VS_G.3.6_index_3 [9] 
20150515,20150516,20150524,20150525,20150527,20150530,20150531,20150605,20150606,20150607,20150608,20150609,20150610,20150613,20150614,20150615,20150618,20150620,20150621,20150624,20150625,20150629 
G.5.2_index_3_VS_G.5.1_index_4 [10] 
20150519,20150522,20150523,20150524,20150528,20150529,20150531,20150603,20150604,20150605,20150606,20150607,20150608,20150609,20150610,20150612,20150614,20150615,20150618,20150625,20150626,20150627,20150702 
Number is 71 
G.3.2_index_4_VS_G.5.1_index_1 [11] 
20150515,20150517,20150521,20150522,20150523,20150526,20150527,20150530,20150603,20150604,20150605,20150606,20150607,20150608,20150609,20150610,20150613,20150615,20150619,20150620,20150621,20150622,20150624,20150628,20150702 
Number is 90 
G.6.1_index_2_VS_G.5.1_index_3 [12] 
20150515,20150516,20150518,20150519,20150520,20150521,20150523,20150526,20150531,20150601,20150605,20150606,20150607,20150608,20150609,20150610,20150613,20150617,20150618,20150620,20150623,20150628,20150630 
G.DB_index_2_VS_G.3.6_index_1 [13] 
20150515,20150517,20150525,20150527,20150529,20150602,20150605,20150606,20150607,20150608,20150609,20150610,20150613,20150615,20150617,20150621,20150625,20150628,20150701 
Number is 93 
G.5.5_index_2_VS_G.6.2_index_3 [14] 
20150516,20150517,20150519,20150522,20150527,20150601,20150605,20150606,20150607,20150608,20150609,20150610,20150616,20150623,20150625,20150627,20150628,20150630,20150702 
Number is 97 
G.3.6_index_3_VS_G.1.1_index_5 [15] PLUS 1 
20150517,20150522,20150524,20150601,20150602,20150605,20150606,20150607,20150608,20150609,20150610,20150611,20150615,20150616,20150619,20150622,20150626,20150629,20150701 
