======== Current: 20150614 ========= 
Number is 08 
G.6.2_index_1_VS_G.5.6_index_3 [1] PLUS 1 
20150515,20150516,20150518,20150523,20150524,20150527,20150531,20150601,20150603,20150605,20150608,20150609,20150610,20150611,20150612,20150613,20150614,20150616,20150617,20150618,20150619,20150621,20150622,20150624,20150625,20150628,20150629 
Number is 14 
G.1.1_index_2_VS_G.3.2_index_1 [2] PLUS 1 
20150515,20150517,20150518,20150521,20150523,20150524,20150528,20150531,20150601,20150603,20150604,20150605,20150606,20150608,20150609,20150610,20150611,20150612,20150613,20150614,20150615,20150617,20150618,20150621,20150625,20150701 
Number is 18 
G.3.3_index_2_VS_G.4.3_index_1 [3] 
20150515,20150517,20150520,20150522,20150524,20150525,20150526,20150531,20150601,20150607,20150608,20150609,20150610,20150611,20150612,20150613,20150619,20150622,20150623,20150625,20150627,20150628,20150629 
Number is 20 
G.4.1_index_1_VS_G.3.3_index_4 [4] 
20150515,20150516,20150518,20150521,20150522,20150524,20150525,20150530,20150531,20150601,20150602,20150606,20150608,20150609,20150610,20150611,20150612,20150613,20150615,20150617,20150618,20150621,20150622,20150623,20150624,20150702 
Number is 22 
G.4.1_index_1_VS_G.4.1_index_3 [5] 
20150516,20150518,20150519,20150520,20150523,20150524,20150527,20150529,20150601,20150602,20150603,20150605,20150608,20150609,20150610,20150611,20150612,20150613,20150615,20150616,20150618,20150619,20150620,20150622,20150623,20150624,20150626,20150630 
Number is 23 
G.4.1_index_1_VS_G.3.5_index_5 [6] 
20150516,20150517,20150522,20150524,20150526,20150527,20150528,20150529,20150530,20150531,20150601,20150606,20150608,20150609,20150610,20150611,20150612,20150613,20150618,20150621,20150622,20150628 
Number is 24 
G.4.1_index_1_VS_G.3.4_index_3 [7] 
20150515,20150522,20150527,20150528,20150529,20150531,20150601,20150602,20150605,20150608,20150609,20150610,20150611,20150612,20150613,20150615,20150616,20150619,20150620,20150622,20150623,20150624,20150629,20150702 
Number is 25 
G.4.1_index_1_VS_G.7.4_index_2 [8] PLUS 1 
20150518,20150520,20150525,20150527,20150529,20150530,20150531,20150602,20150604,20150606,20150608,20150609,20150610,20150611,20150612,20150613,20150614,20150618,20150619,20150620,20150621,20150628,20150629,20150701,20150702 
Number is 30 
G.3.3_index_5_VS_G.3.4_index_4 [9] PLUS 1 
20150517,20150519,20150521,20150522,20150523,20150524,20150526,20150529,20150531,20150604,20150605,20150607,20150608,20150609,20150610,20150611,20150612,20150613,20150614,20150615,20150616,20150627,20150629,20150701 
Number is 38 
G.1.1_index_4_VS_G.3.4_index_2 [10] 
20150519,20150520,20150521,20150522,20150524,20150529,20150531,20150601,20150602,20150605,20150607,20150608,20150609,20150610,20150611,20150612,20150613,20150615,20150617,20150618,20150619,20150623,20150624,20150626,20150629,20150702 
Number is 41 
G.3.2_index_3_VS_G.3.3_index_2 [11] PLUS 1 
20150517,20150522,20150523,20150524,20150525,20150526,20150527,20150529,20150601,20150604,20150605,20150607,20150608,20150609,20150610,20150611,20150612,20150613,20150614,20150615,20150616,20150617,20150622,20150623,20150625,20150626,20150627,20150628,20150629,20150630 
G.3.2_index_1_VS_G.3.3_index_2 [12] PLUS 1 
20150518,20150523,20150524,20150526,20150527,20150529,20150531,20150601,20150603,20150604,20150605,20150608,20150609,20150610,20150611,20150612,20150613,20150614,20150615,20150616,20150617,20150618,20150629 
Number is 43 
G.7.1_index_1_VS_G.5.2_index_3 [13] PLUS 1 
20150515,20150516,20150519,20150521,20150522,20150527,20150601,20150606,20150607,20150608,20150609,20150610,20150611,20150612,20150613,20150614,20150615,20150617,20150618,20150625,20150626,20150627,20150630,20150702 
Number is 64 
G.7.2_index_1_VS_G.3.3_index_1 [14] 
20150515,20150518,20150521,20150522,20150523,20150525,20150526,20150528,20150530,20150531,20150603,20150606,20150608,20150609,20150610,20150611,20150612,20150613,20150615,20150619,20150622,20150625,20150628,20150630,20150701 
Number is 70 
G.DB_index_3_VS_G.3.4_index_4 [15] 
20150516,20150517,20150518,20150519,20150524,20150526,20150527,20150528,20150529,20150603,20150604,20150606,20150608,20150609,20150610,20150611,20150612,20150613,20150618,20150627,20150628,20150629,20150701,20150702 
Number is 77 
G.3.1_index_3_VS_G.3.4_index_1 [16] 
20150515,20150516,20150518,20150523,20150525,20150527,20150528,20150602,20150603,20150605,20150608,20150609,20150610,20150611,20150612,20150613,20150616,20150618,20150621,20150623,20150626,20150628,20150629,20150701 
Number is 81 
G.3.4_index_2_VS_G.3.3_index_2 [17] 
20150522,20150523,20150526,20150528,20150529,20150531,20150601,20150604,20150608,20150609,20150610,20150611,20150612,20150613,20150615,20150617,20150621,20150622,20150626,20150627,20150629,20150630 
Number is 82 
G.4.3_index_1_VS_G.5.6_index_2 [18] 
20150517,20150518,20150525,20150527,20150531,20150601,20150608,20150609,20150610,20150611,20150612,20150613,20150618,20150623,20150624,20150625,20150626,20150627 
G.5.6_index_3_VS_G.6.3_index_1 [19] 
20150515,20150516,20150517,20150520,20150523,20150524,20150526,20150527,20150601,20150608,20150609,20150610,20150611,20150612,20150613,20150617,20150618,20150620,20150622,20150624,20150625,20150627 
Number is 88 
G.2.1_index_2_VS_G.2.1_index_1 [20] 
20150515,20150523,20150524,20150525,20150526,20150529,20150530,20150602,20150603,20150606,20150608,20150609,20150610,20150611,20150612,20150613,20150615,20150619,20150620,20150621,20150622,20150626,20150627,20150628,20150630 
Number is 91 
G.2.2_index_5_VS_G.3.3_index_2 [21] 
20150516,20150518,20150523,20150525,20150526,20150528,20150530,20150531,20150605,20150606,20150608,20150609,20150610,20150611,20150612,20150613,20150622,20150623,20150627 
Number is 94 
G.3.1_index_2_VS_G.3.3_index_1 [22] PLUS 1 
20150515,20150516,20150517,20150522,20150530,20150601,20150608,20150609,20150610,20150611,20150612,20150613,20150614,20150617,20150620,20150622,20150623,20150627,20150628,20150629 
Number is 99 
G.2.2_index_5_VS_G.5.3_index_1 [23] 
20150520,20150521,20150523,20150525,20150526,20150527,20150528,20150602,20150603,20150607,20150608,20150609,20150610,20150611,20150612,20150613,20150615,20150616,20150617,20150623,20150627,20150701 
