======== Current: 20150619 ========= 
Number is 03 
G.6.2_index_2_VS_G.DB_index_2 [1] 
20150516,20150519,20150520,20150521,20150523,20150524,20150531,20150603,20150604,20150605,20150608,20150611,20150613,20150614,20150615,20150616,20150617,20150618,20150620,20150624,20150627,20150628,20150629,20150701 
Number is 10 
G.3.5_index_1_VS_G.4.2_index_3 [2] PLUS 1 
20150515,20150517,20150518,20150521,20150525,20150526,20150529,20150602,20150603,20150605,20150606,20150613,20150614,20150615,20150616,20150617,20150618,20150619,20150622,20150625,20150701,20150702 
Number is 27 
G.5.2_index_2_VS_G.3.6_index_1 [3] 
20150518,20150527,20150528,20150530,20150601,20150605,20150607,20150610,20150613,20150614,20150615,20150616,20150617,20150618,20150626,20150629,20150702 
G.5.2_index_2_VS_G.2.2_index_3 [4] 
20150516,20150517,20150518,20150519,20150520,20150522,20150523,20150524,20150529,20150531,20150601,20150606,20150609,20150612,20150613,20150614,20150615,20150616,20150617,20150618,20150622,20150623,20150624,20150625,20150627,20150629,20150702 
Number is 28 
G.6.1_index_2_VS_G.6.1_index_1 [5] PLUS 1 
20150515,20150516,20150518,20150519,20150525,20150526,20150529,20150530,20150531,20150601,20150602,20150604,20150605,20150607,20150608,20150609,20150612,20150613,20150614,20150615,20150616,20150617,20150618,20150619,20150623,20150701,20150702 
Number is 31 
G.DB_index_2_VS_G.5.5_index_3 [6] 
20150515,20150517,20150521,20150522,20150530,20150605,20150607,20150611,20150613,20150614,20150615,20150616,20150617,20150618,20150621,20150623,20150701,20150702 
Number is 32 
G.5.3_index_1_VS_G.6.3_index_1 [7] PLUS 1 
20150516,20150517,20150524,20150525,20150526,20150528,20150601,20150602,20150605,20150610,20150611,20150612,20150613,20150614,20150615,20150616,20150617,20150618,20150619,20150623,20150627,20150628,20150630,20150701 
Number is 35 
G.5.3_index_1_VS_G.1.1_index_3 [8] PLUS 1 
20150515,20150516,20150517,20150518,20150526,20150527,20150528,20150530,20150605,20150609,20150612,20150613,20150614,20150615,20150616,20150617,20150618,20150619,20150620,20150621,20150623,20150630 
Number is 36 
G.2.1_index_4_VS_G.4.2_index_4 [9] PLUS 1 
20150515,20150521,20150522,20150525,20150528,20150530,20150603,20150605,20150607,20150609,20150611,20150612,20150613,20150614,20150615,20150616,20150617,20150618,20150619,20150620,20150622,20150623,20150626,20150628,20150629 
Number is 39 
G.7.2_index_1_VS_G.3.6_index_4 [10] PLUS 1 
20150515,20150519,20150527,20150528,20150529,20150601,20150603,20150605,20150609,20150610,20150611,20150613,20150614,20150615,20150616,20150617,20150618,20150619,20150620,20150625,20150628,20150629,20150630,20150702 
Number is 42 
G.2.2_index_1_VS_G.6.3_index_1 [11] PLUS 1 
20150515,20150516,20150520,20150521,20150522,20150523,20150525,20150526,20150531,20150601,20150603,20150610,20150613,20150614,20150615,20150616,20150617,20150618,20150619,20150622 
Number is 43 
G.3.2_index_1_VS_G.4.2_index_1 [12] PLUS 1 
20150515,20150516,20150518,20150519,20150521,20150522,20150523,20150524,20150601,20150602,20150604,20150605,20150606,20150607,20150613,20150614,20150615,20150616,20150617,20150618,20150619,20150621,20150624,20150627 
Number is 45 
G.4.1_index_1_VS_G.4.1_index_2 [13] PLUS 1 
20150516,20150520,20150521,20150524,20150526,20150529,20150531,20150608,20150609,20150610,20150613,20150614,20150615,20150616,20150617,20150618,20150619,20150621,20150623,20150624,20150628,20150629,20150701 
Number is 47 
G.3.2_index_1_VS_G.3.3_index_2 [14] 
20150518,20150523,20150524,20150526,20150527,20150529,20150531,20150601,20150603,20150604,20150605,20150608,20150609,20150610,20150611,20150612,20150613,20150614,20150615,20150616,20150617,20150618,20150629 
Number is 48 
G.4.1_index_1_VS_G.6.1_index_1 [15] 
20150515,20150520,20150524,20150526,20150529,20150530,20150531,20150601,20150602,20150603,20150604,20150605,20150608,20150611,20150612,20150613,20150614,20150615,20150616,20150617,20150618,20150620,20150628,20150629,20150702 
Number is 51 
G.4.1_index_2_VS_G.5.5_index_3 [16] PLUS 1 
20150517,20150518,20150519,20150522,20150524,20150529,20150601,20150602,20150604,20150607,20150609,20150613,20150614,20150615,20150616,20150617,20150618,20150619,20150620,20150621,20150624,20150625,20150626 
G.1.1_index_3_VS_G.5.5_index_4 [17] PLUS 1 
20150515,20150523,20150528,20150530,20150602,20150603,20150606,20150607,20150608,20150609,20150613,20150614,20150615,20150616,20150617,20150618,20150619,20150620,20150621,20150623,20150625,20150629 
Number is 70 
G.5.1_index_3_VS_G.5.6_index_4 [18] 
20150515,20150516,20150517,20150518,20150523,20150524,20150527,20150529,20150531,20150605,20150606,20150608,20150611,20150613,20150614,20150615,20150616,20150617,20150618,20150620,20150621,20150623,20150628,20150630,20150701 
G.5.1_index_3_VS_G.3.3_index_4 [19] 
20150515,20150519,20150520,20150522,20150523,20150526,20150528,20150529,20150531,20150604,20150605,20150606,20150608,20150610,20150611,20150613,20150614,20150615,20150616,20150617,20150618,20150621,20150626,20150630,20150701,20150702 
Number is 73 
G.2.2_index_3_VS_G.4.2_index_1 [20] 
20150515,20150516,20150517,20150518,20150523,20150524,20150528,20150529,20150601,20150604,20150605,20150606,20150611,20150613,20150614,20150615,20150616,20150617,20150618,20150621,20150628,20150630 
Number is 74 
G.3.6_index_1_VS_G.7.3_index_1 [21] 
20150515,20150516,20150517,20150520,20150524,20150525,20150601,20150603,20150605,20150606,20150607,20150610,20150613,20150614,20150615,20150616,20150617,20150618,20150625,20150628,20150629,20150630 
Number is 76 
G.3.4_index_2_VS_G.7.2_index_2 [22] 
20150515,20150518,20150519,20150522,20150527,20150528,20150529,20150530,20150531,20150602,20150603,20150605,20150606,20150607,20150609,20150612,20150613,20150614,20150615,20150616,20150617,20150618,20150621,20150624,20150626 
G.2.1_index_2_VS_G.3.2_index_4 [23] 
20150515,20150516,20150517,20150518,20150520,20150523,20150527,20150528,20150530,20150602,20150603,20150604,20150605,20150606,20150608,20150611,20150613,20150614,20150615,20150616,20150617,20150618,20150623,20150626,20150627,20150630 
Number is 78 
G.3.4_index_4_VS_G.6.1_index_1 [24] PLUS 1 
20150516,20150517,20150519,20150524,20150526,20150527,20150529,20150531,20150603,20150604,20150605,20150606,20150612,20150613,20150614,20150615,20150616,20150617,20150618,20150619,20150623,20150624,20150628,20150702 
G.2.2_index_3_VS_G.5.3_index_4 [25] PLUS 1 
20150516,20150521,20150522,20150526,20150528,20150529,20150530,20150601,20150606,20150608,20150613,20150614,20150615,20150616,20150617,20150618,20150619,20150621,20150627,20150630,20150701,20150702 
Number is 81 
G.3.5_index_4_VS_G.5.5_index_3 [26] 
20150516,20150522,20150524,20150528,20150529,20150602,20150603,20150608,20150613,20150614,20150615,20150616,20150617,20150618,20150620,20150623,20150626 
Number is 82 
G.6.1_index_1_VS_G.2.2_index_4 [27] PLUS 1 
20150515,20150517,20150518,20150519,20150520,20150523,20150524,20150526,20150529,20150530,20150601,20150602,20150603,20150604,20150605,20150609,20150611,20150613,20150614,20150615,20150616,20150617,20150618,20150619,20150623,20150624,20150626,20150628,20150629,20150702 
G.5.3_index_4_VS_G.6.1_index_2 [28] PLUS 1 
20150515,20150516,20150518,20150519,20150520,20150521,20150524,20150529,20150531,20150601,20150607,20150608,20150610,20150611,20150613,20150614,20150615,20150616,20150617,20150618,20150619,20150622,20150623,20150630,20150701 
Number is 84 
G.5.2_index_3_VS_G.3.2_index_1 [29] 
20150515,20150518,20150519,20150522,20150523,20150524,20150529,20150531,20150602,20150603,20150605,20150607,20150610,20150612,20150613,20150614,20150615,20150616,20150617,20150618,20150623,20150625,20150626,20150701 
G.3.5_index_4_VS_G.4.1_index_1 [30] 
20150520,20150524,20150526,20150528,20150529,20150530,20150531,20150601,20150602,20150603,20150605,20150607,20150609,20150610,20150611,20150612,20150613,20150614,20150615,20150616,20150617,20150618,20150620,20150623,20150624 
Number is 86 
G.5.5_index_1_VS_G.7.2_index_2 [31] PLUS 1 
20150515,20150516,20150517,20150518,20150519,20150522,20150523,20150524,20150527,20150528,20150604,20150606,20150609,20150610,20150612,20150613,20150614,20150615,20150616,20150617,20150618,20150619,20150623,20150625,20150626,20150627,20150630 
Number is 87 
G.5.1_index_1_VS_G.5.1_index_3 [32] PLUS 1 
20150520,20150524,20150528,20150529,20150601,20150605,20150607,20150608,20150609,20150610,20150611,20150613,20150614,20150615,20150616,20150617,20150618,20150619,20150620,20150623,20150629,20150702 
Number is 88 
G.3.5_index_4_VS_G.5.3_index_4 [33] 
20150515,20150519,20150522,20150523,20150526,20150528,20150529,20150530,20150531,20150603,20150606,20150609,20150610,20150611,20150613,20150614,20150615,20150616,20150617,20150618,20150620,20150621,20150623,20150627,20150630 
Number is 90 
G.3.6_index_4_VS_G.6.3_index_3 [34] 
20150515,20150517,20150518,20150519,20150524,20150603,20150608,20150611,20150612,20150613,20150614,20150615,20150616,20150617,20150618,20150621,20150625,20150626,20150628,20150630,20150702 
G.4.3_index_4_VS_G.4.4_index_1 [35] 
20150516,20150520,20150521,20150526,20150527,20150528,20150529,20150609,20150611,20150612,20150613,20150614,20150615,20150616,20150617,20150618,20150620,20150623,20150626,20150627,20150628,20150702 
Number is 93 
G.6.2_index_3_VS_G.DB_index_2 [36] PLUS 1 
20150515,20150518,20150520,20150521,20150527,20150603,20150604,20150607,20150608,20150609,20150613,20150614,20150615,20150616,20150617,20150618,20150619,20150622,20150623,20150626,20150628,20150629,20150701 
G.1.1_index_2_VS_G.DB_index_2 [37] PLUS 1 
20150515,20150518,20150520,20150522,20150523,20150527,20150529,20150531,20150603,20150604,20150607,20150610,20150611,20150613,20150614,20150615,20150616,20150617,20150618,20150619,20150620,20150623,20150624,20150627,20150629 
Number is 96 
G.6.2_index_3_VS_G.5.3_index_3 [38] 
20150515,20150519,20150520,20150522,20150526,20150528,20150531,20150604,20150612,20150613,20150614,20150615,20150616,20150617,20150618,20150620,20150623,20150624,20150625,20150627,20150630 
