======== Current: 20150621 ========= 
Number is 03 
G.4.1_index_2_VS_G.5.5_index_3 [1] PLUS 1 
20150517,20150518,20150519,20150522,20150524,20150529,20150601,20150602,20150604,20150607,20150609,20150613,20150614,20150615,20150616,20150617,20150618,20150619,20150620,20150621,20150624,20150625,20150626 
Number is 06 
G.1.1_index_3_VS_G.5.5_index_4 [2] PLUS 1 
20150515,20150523,20150528,20150530,20150602,20150603,20150606,20150607,20150608,20150609,20150613,20150614,20150615,20150616,20150617,20150618,20150619,20150620,20150621,20150623,20150625,20150629 
G.3.1_index_5_VS_G.4.3_index_4 [3] PLUS 1 
20150515,20150516,20150518,20150519,20150521,20150522,20150523,20150526,20150528,20150529,20150530,20150601,20150602,20150605,20150606,20150607,20150608,20150611,20150613,20150615,20150616,20150617,20150618,20150619,20150620,20150621,20150622,20150623,20150625,20150626,20150627,20150628,20150629 
Number is 10 
G.3.6_index_4_VS_G.4.1_index_2 [4] 
20150518,20150519,20150520,20150521,20150526,20150528,20150601,20150603,20150605,20150609,20150612,20150615,20150616,20150617,20150618,20150619,20150620,20150622,20150623,20150625,20150629,20150630,20150701,20150702 
G.5.4_index_2_VS_G.4.1_index_2 [5] 
20150515,20150523,20150524,20150528,20150529,20150603,20150604,20150608,20150610,20150611,20150615,20150616,20150617,20150618,20150619,20150620,20150622,20150623,20150701 
Number is 31 
G.5.5_index_3_VS_G.7.2_index_2 [6] 
20150515,20150517,20150519,20150521,20150522,20150523,20150524,20150527,20150528,20150601,20150606,20150607,20150611,20150615,20150616,20150617,20150618,20150619,20150620,20150625 
Number is 33 
G.5.6_index_3_VS_G.5.5_index_3 [7] 
20150518,20150519,20150520,20150522,20150527,20150528,20150529,20150602,20150605,20150606,20150608,20150610,20150613,20150615,20150616,20150617,20150618,20150619,20150620,20150623,20150626,20150627,20150701 
Number is 35 
G.5.1_index_1_VS_G.5.1_index_3 [8] 
20150520,20150524,20150528,20150529,20150601,20150605,20150607,20150608,20150609,20150610,20150611,20150613,20150614,20150615,20150616,20150617,20150618,20150619,20150620,20150623,20150629,20150702 
Number is 36 
G.5.1_index_1_VS_G.2.2_index_3 [9] 
20150515,20150517,20150529,20150601,20150605,20150609,20150614,20150615,20150616,20150617,20150618,20150619,20150620,20150622,20150624,20150628,20150629,20150702 
G.4.4_index_3_VS_G.3.3_index_3 [10] 
20150515,20150518,20150519,20150526,20150527,20150528,20150530,20150531,20150601,20150602,20150604,20150607,20150608,20150609,20150612,20150615,20150616,20150617,20150618,20150619,20150620,20150623,20150628,20150629 
Number is 50 
G.5.3_index_1_VS_G.1.1_index_3 [11] PLUS 1 
20150515,20150516,20150517,20150518,20150526,20150527,20150528,20150530,20150605,20150609,20150612,20150613,20150614,20150615,20150616,20150617,20150618,20150619,20150620,20150621,20150623,20150630 
G.7.2_index_1_VS_G.1.1_index_3 [12] PLUS 1 
20150515,20150516,20150517,20150519,20150521,20150523,20150526,20150527,20150528,20150529,20150530,20150601,20150602,20150603,20150606,20150607,20150609,20150612,20150613,20150615,20150616,20150617,20150618,20150619,20150620,20150621,20150627,20150630,20150701 
G.6.3_index_1_VS_G.3.1_index_3 [13] PLUS 1 
20150515,20150516,20150517,20150524,20150526,20150527,20150528,20150601,20150603,20150605,20150612,20150615,20150616,20150617,20150618,20150619,20150620,20150621,20150625,20150627,20150628,20150630,20150702 
Number is 51 
G.7.2_index_1_VS_G.3.6_index_4 [14] 
20150515,20150519,20150527,20150528,20150529,20150601,20150603,20150605,20150609,20150610,20150611,20150613,20150614,20150615,20150616,20150617,20150618,20150619,20150620,20150625,20150628,20150629,20150630,20150702 
G.3.2_index_3_VS_G.2.1_index_3 [15] 
20150515,20150516,20150524,20150529,20150601,20150602,20150605,20150606,20150607,20150614,20150615,20150616,20150617,20150618,20150619,20150620,20150622,20150624,20150626,20150701 
Number is 53 
G.6.3_index_1_VS_G.4.2_index_2 [16] 
20150516,20150517,20150601,20150604,20150608,20150611,20150612,20150615,20150616,20150617,20150618,20150619,20150620,20150625,20150627,20150629 
Number is 55 
G.3.1_index_2_VS_G.5.4_index_3 [17] 
20150515,20150516,20150518,20150519,20150520,20150524,20150526,20150528,20150603,20150604,20150605,20150607,20150615,20150616,20150617,20150618,20150619,20150620,20150622,20150626,20150627,20150628,20150629,20150701 
Number is 60 
G.5.5_index_4_VS_G.3.1_index_5 [18] PLUS 1 
20150516,20150520,20150522,20150523,20150525,20150530,20150602,20150605,20150615,20150616,20150617,20150618,20150619,20150620,20150621,20150622,20150623,20150624,20150625,20150626,20150630,20150701 
Number is 61 
G.2.2_index_3_VS_G.5.2_index_3 [19] PLUS 1 
20150516,20150518,20150521,20150522,20150524,20150527,20150528,20150529,20150531,20150602,20150604,20150606,20150608,20150610,20150612,20150614,20150615,20150616,20150617,20150618,20150619,20150620,20150621,20150622,20150623,20150626,20150627,20150628,20150629 
Number is 62 
G.2.1_index_4_VS_G.4.2_index_4 [20] 
20150515,20150521,20150522,20150525,20150528,20150530,20150603,20150605,20150607,20150609,20150611,20150612,20150613,20150614,20150615,20150616,20150617,20150618,20150619,20150620,20150622,20150623,20150626,20150628,20150629 
Number is 63 
G.5.6_index_4_VS_G.5.5_index_3 [21] 
20150515,20150516,20150517,20150522,20150524,20150528,20150531,20150602,20150611,20150613,20150615,20150616,20150617,20150618,20150619,20150620,20150624,20150626,20150628,20150630 
Number is 68 
G.5.1_index_2_VS_G.3.2_index_1 [22] PLUS 1 
20150515,20150516,20150519,20150521,20150526,20150528,20150601,20150602,20150603,20150607,20150608,20150610,20150611,20150612,20150614,20150615,20150616,20150617,20150618,20150619,20150620,20150621,20150623,20150627,20150701 
Number is 73 
G.3.6_index_1_VS_G.4.2_index_2 [23] 
20150517,20150518,20150524,20150528,20150529,20150602,20150604,20150609,20150610,20150613,20150615,20150616,20150617,20150618,20150619,20150620,20150622,20150623,20150625,20150627,20150628,20150630,20150701,20150702 
Number is 80 
G.6.2_index_2_VS_G.3.2_index_4 [24] 
20150518,20150520,20150529,20150531,20150603,20150604,20150606,20150608,20150609,20150615,20150616,20150617,20150618,20150619,20150620,20150622,20150624,20150627,20150629,20150630,20150702 
G.1.1_index_2_VS_G.DB_index_2 [25] 
20150515,20150518,20150520,20150522,20150523,20150527,20150529,20150531,20150603,20150604,20150607,20150610,20150611,20150613,20150614,20150615,20150616,20150617,20150618,20150619,20150620,20150623,20150624,20150627,20150629 
