======== Current: 20150622 ========= 
Number is 01 
G.5.1_index_1_VS_G.3.2_index_2 [1] 
20150515,20150524,20150525,20150603,20150604,20150605,20150610,20150611,20150613,20150614,20150616,20150617,20150618,20150619,20150620,20150621,20150623,20150625,20150628 
Number is 06 
G.4.1_index_1_VS_G.1.1_index_3 [2] PLUS 1 
20150515,20150516,20150520,20150526,20150528,20150529,20150530,20150602,20150603,20150608,20150610,20150612,20150614,20150616,20150617,20150618,20150619,20150620,20150621,20150622,20150623,20150624,20150701 
Number is 22 
G.5.5_index_3_VS_G.3.1_index_5 [3] PLUS 1 
20150517,20150522,20150526,20150528,20150529,20150530,20150601,20150602,20150605,20150608,20150613,20150616,20150617,20150618,20150619,20150620,20150621,20150622,20150626,20150630 
G.3.1_index_5_VS_G.4.3_index_4 [4] PLUS 1 
20150515,20150516,20150518,20150519,20150521,20150522,20150523,20150526,20150528,20150529,20150530,20150601,20150602,20150605,20150606,20150607,20150608,20150611,20150613,20150615,20150616,20150617,20150618,20150619,20150620,20150621,20150622,20150623,20150625,20150626,20150627,20150628,20150629 
Number is 23 
G.3.1_index_5_VS_G.5.1_index_2 [5] PLUS 1 
20150517,20150520,20150522,20150526,20150529,20150530,20150601,20150605,20150609,20150612,20150613,20150616,20150617,20150618,20150619,20150620,20150621,20150622,20150623,20150627,20150628,20150702 
Number is 24 
G.3.1_index_5_VS_G.2.2_index_4 [6] 
20150520,20150521,20150522,20150523,20150524,20150525,20150526,20150527,20150529,20150530,20150602,20150607,20150609,20150611,20150616,20150617,20150618,20150619,20150620,20150621,20150626,20150629,20150701 
G.5.5_index_3_VS_G.5.3_index_3 [7] 
20150522,20150525,20150526,20150528,20150530,20150531,20150602,20150604,20150605,20150609,20150610,20150611,20150613,20150614,20150616,20150617,20150618,20150619,20150620,20150621,20150625,20150630 
Number is 26 
G.5.3_index_1_VS_G.1.1_index_3 [8] 
20150515,20150516,20150517,20150518,20150526,20150527,20150528,20150530,20150605,20150609,20150612,20150613,20150614,20150615,20150616,20150617,20150618,20150619,20150620,20150621,20150623,20150630 
G.3.1_index_5_VS_G.2.1_index_4 [9] 
20150518,20150519,20150520,20150522,20150523,20150525,20150526,20150529,20150601,20150602,20150607,20150613,20150614,20150616,20150617,20150618,20150619,20150620,20150621,20150626,20150627 
G.7.2_index_1_VS_G.1.1_index_3 [10] 
20150515,20150516,20150517,20150519,20150521,20150523,20150526,20150527,20150528,20150529,20150530,20150601,20150602,20150603,20150606,20150607,20150609,20150612,20150613,20150615,20150616,20150617,20150618,20150619,20150620,20150621,20150627,20150630,20150701 
Number is 27 
G.5.6_index_1_VS_G.3.5_index_5 [11] PLUS 1 
20150516,20150518,20150519,20150520,20150522,20150523,20150524,20150526,20150527,20150528,20150529,20150531,20150601,20150603,20150605,20150606,20150607,20150612,20150613,20150616,20150617,20150618,20150619,20150620,20150621,20150622,20150623,20150626,20150627,20150629 
Number is 32 
G.5.5_index_4_VS_G.3.1_index_5 [12] PLUS 1 
20150516,20150520,20150522,20150523,20150525,20150530,20150602,20150605,20150615,20150616,20150617,20150618,20150619,20150620,20150621,20150622,20150623,20150624,20150625,20150626,20150630,20150701 
Number is 34 
G.1.1_index_1_VS_G.5.4_index_4 [13] 
20150515,20150516,20150519,20150521,20150523,20150526,20150527,20150529,20150530,20150531,20150601,20150604,20150609,20150610,20150611,20150613,20150616,20150617,20150618,20150619,20150620,20150621,20150623,20150626,20150628,20150701 
G.5.1_index_2_VS_G.3.2_index_1 [14] 
20150515,20150516,20150519,20150521,20150526,20150528,20150601,20150602,20150603,20150607,20150608,20150610,20150611,20150612,20150614,20150615,20150616,20150617,20150618,20150619,20150620,20150621,20150623,20150627,20150701 
Number is 36 
G.6.1_index_3_VS_G.1.1_index_3 [15] 
20150516,20150518,20150519,20150520,20150522,20150523,20150524,20150601,20150603,20150612,20150613,20150616,20150617,20150618,20150619,20150620,20150621,20150623,20150624,20150627,20150630 
Number is 41 
G.6.3_index_1_VS_G.3.1_index_3 [16] 
20150515,20150516,20150517,20150524,20150526,20150527,20150528,20150601,20150603,20150605,20150612,20150615,20150616,20150617,20150618,20150619,20150620,20150621,20150625,20150627,20150628,20150630,20150702 
Number is 43 
G.5.4_index_4_VS_G.4.2_index_2 [17] 
20150517,20150518,20150520,20150524,20150526,20150529,20150531,20150609,20150613,20150614,20150616,20150617,20150618,20150619,20150620,20150621,20150625,20150626,20150629 
Number is 45 
G.5.4_index_4_VS_G.4.1_index_2 [18] 
20150518,20150521,20150523,20150525,20150529,20150531,20150603,20150604,20150609,20150610,20150611,20150612,20150613,20150616,20150617,20150618,20150619,20150620,20150621,20150623,20150624,20150628 
Number is 51 
G.3.5_index_2_VS_G.7.4_index_2 [19] 
20150516,20150520,20150522,20150524,20150527,20150531,20150604,20150605,20150607,20150608,20150616,20150617,20150618,20150619,20150620,20150621,20150627,20150629,20150630,20150701 
Number is 52 
G.4.1_index_2_VS_G.5.5_index_3 [20] 
20150517,20150518,20150519,20150522,20150524,20150529,20150601,20150602,20150604,20150607,20150609,20150613,20150614,20150615,20150616,20150617,20150618,20150619,20150620,20150621,20150624,20150625,20150626 
Number is 55 
G.4.1_index_2_VS_G.6.1_index_1 [21] PLUS 1 
20150516,20150520,20150524,20150529,20150531,20150601,20150603,20150604,20150605,20150606,20150607,20150611,20150616,20150617,20150618,20150619,20150620,20150621,20150622,20150629 
Number is 56 
G.4.1_index_2_VS_G.2.1_index_4 [22] PLUS 1 
20150515,20150517,20150518,20150519,20150522,20150523,20150524,20150525,20150529,20150601,20150603,20150604,20150605,20150608,20150609,20150611,20150612,20150613,20150614,20150616,20150617,20150618,20150619,20150620,20150621,20150622,20150626,20150627 
Number is 63 
G.1.1_index_3_VS_G.5.5_index_4 [23] 
20150515,20150523,20150528,20150530,20150602,20150603,20150606,20150607,20150608,20150609,20150613,20150614,20150615,20150616,20150617,20150618,20150619,20150620,20150621,20150623,20150625,20150629 
Number is 65 
G.2.2_index_3_VS_G.5.2_index_3 [24] PLUS 1 
20150516,20150518,20150521,20150522,20150524,20150527,20150528,20150529,20150531,20150602,20150604,20150606,20150608,20150610,20150612,20150614,20150615,20150616,20150617,20150618,20150619,20150620,20150621,20150622,20150623,20150626,20150627,20150628,20150629 
Number is 68 
G.2.1_index_4_VS_G.2.1_index_3 [25] 
20150515,20150517,20150519,20150520,20150522,20150524,20150525,20150528,20150529,20150530,20150601,20150603,20150604,20150606,20150607,20150608,20150614,20150616,20150617,20150618,20150619,20150620,20150621,20150623,20150624,20150625,20150626 
Number is 74 
G.3.5_index_5_VS_G.5.4_index_4 [26] 
20150516,20150520,20150522,20150523,20150525,20150526,20150527,20150528,20150529,20150530,20150531,20150601,20150604,20150606,20150613,20150616,20150617,20150618,20150619,20150620,20150621,20150623,20150627,20150628,20150701,20150702 
Number is 89 
G.4.2_index_1_VS_G.1.1_index_2 [27] PLUS 1 
20150515,20150520,20150521,20150522,20150524,20150527,20150531,20150601,20150603,20150604,20150610,20150612,20150613,20150616,20150617,20150618,20150619,20150620,20150621,20150622,20150625,20150627 
Number is 90 
G.5.6_index_2_VS_G.4.2_index_4 [28] 
20150517,20150518,20150520,20150521,20150527,20150530,20150531,20150601,20150604,20150606,20150610,20150614,20150616,20150617,20150618,20150619,20150620,20150621,20150623,20150624,20150628,20150629,20150630,20150701 
G.1.1_index_5_VS_G.DB_index_1 [29] 
20150515,20150518,20150519,20150524,20150525,20150530,20150531,20150603,20150605,20150607,20150608,20150612,20150613,20150616,20150617,20150618,20150619,20150620,20150621,20150623,20150624,20150625,20150626,20150627,20150628,20150629 
Number is 97 
G.5.6_index_2_VS_G.3.4_index_1 [30] 
20150520,20150523,20150525,20150527,20150528,20150530,20150531,20150601,20150606,20150607,20150608,20150609,20150610,20150611,20150616,20150617,20150618,20150619,20150620,20150621,20150623,20150627,20150701 
