======== Current: 20150626 ========= 
Number is 03 
G.DB_index_5_VS_G.5.4_index_4 [1] PLUS 1 
20150516,20150517,20150518,20150519,20150523,20150525,20150526,20150529,20150531,20150601,20150603,20150604,20150610,20150614,20150617,20150619,20150620,20150621,20150622,20150623,20150624,20150625,20150626,20150628,20150701 
Number is 06 
G.4.2_index_3_VS_G.5.4_index_1 [2] PLUS 1 
20150516,20150517,20150520,20150521,20150522,20150525,20150527,20150528,20150529,20150602,20150603,20150612,20150613,20150614,20150616,20150620,20150621,20150622,20150623,20150624,20150625,20150626,20150629,20150630,20150701,20150702 
Number is 09 
G.5.3_index_3_VS_G.6.3_index_1 [3] 
20150516,20150518,20150519,20150522,20150524,20150525,20150526,20150531,20150601,20150604,20150606,20150608,20150609,20150610,20150613,20150614,20150617,20150618,20150619,20150620,20150621,20150622,20150623,20150624,20150625,20150628,20150630 
Number is 10 
G.1.1_index_5_VS_G.4.2_index_3 [4] 
20150516,20150519,20150520,20150521,20150522,20150524,20150525,20150527,20150530,20150601,20150603,20150608,20150613,20150614,20150617,20150620,20150621,20150622,20150623,20150624,20150625,20150627,20150628,20150629 
Number is 12 
G.5.2_index_2_VS_G.5.4_index_3 [5] PLUS 1 
20150515,20150519,20150522,20150524,20150527,20150528,20150601,20150602,20150603,20150604,20150605,20150609,20150614,20150615,20150617,20150618,20150619,20150620,20150621,20150622,20150623,20150624,20150625,20150626,20150628,20150629,20150630,20150702 
G.5.3_index_2_VS_G.7.3_index_1 [6] PLUS 1 
20150515,20150518,20150521,20150531,20150601,20150604,20150607,20150612,20150616,20150618,20150619,20150620,20150621,20150622,20150623,20150624,20150625,20150626,20150629,20150701 
Number is 21 
G.7.3_index_1_VS_G.3.4_index_2 [7] PLUS 1 
20150515,20150517,20150521,20150525,20150528,20150531,20150602,20150604,20150609,20150611,20150612,20150615,20150616,20150617,20150620,20150621,20150622,20150623,20150624,20150625,20150626,20150628 
Number is 24 
G.7.2_index_2_VS_G.6.2_index_3 [8] PLUS 1 
20150515,20150517,20150518,20150519,20150521,20150524,20150528,20150601,20150602,20150606,20150607,20150608,20150609,20150610,20150612,20150615,20150616,20150617,20150618,20150620,20150621,20150622,20150623,20150624,20150625,20150626,20150701,20150702 
Number is 39 
G.6.2_index_1_VS_G.3.3_index_4 [9] 
20150515,20150516,20150521,20150522,20150524,20150526,20150529,20150601,20150604,20150606,20150607,20150608,20150612,20150617,20150620,20150621,20150622,20150623,20150624,20150625,20150628,20150630 
Number is 43 
G.6.2_index_3_VS_G.5.4_index_2 [10] 
20150517,20150518,20150519,20150520,20150524,20150527,20150531,20150602,20150606,20150608,20150609,20150610,20150612,20150614,20150616,20150617,20150618,20150620,20150621,20150622,20150623,20150624,20150625,20150629,20150630 
Number is 48 
G.4.1_index_2_VS_G.3.6_index_2 [11] 
20150515,20150518,20150521,20150522,20150524,20150525,20150526,20150528,20150529,20150531,20150601,20150603,20150604,20150605,20150606,20150608,20150611,20150614,20150615,20150617,20150618,20150620,20150621,20150622,20150623,20150624,20150625,20150629 
Number is 59 
G.4.2_index_2_VS_G.7.4_index_2 [12] 
20150516,20150517,20150518,20150527,20150531,20150604,20150606,20150612,20150613,20150620,20150621,20150622,20150623,20150624,20150625,20150628,20150630 
Number is 61 
G.1.1_index_1_VS_G.3.5_index_1 [13] 
20150515,20150516,20150519,20150520,20150521,20150524,20150525,20150529,20150530,20150606,20150607,20150613,20150616,20150617,20150618,20150620,20150621,20150622,20150623,20150624,20150625,20150628,20150701,20150702 
Number is 64 
G.1.1_index_1_VS_G.7.2_index_1 [14] 
20150515,20150519,20150520,20150521,20150525,20150526,20150530,20150601,20150606,20150609,20150611,20150612,20150613,20150619,20150620,20150621,20150622,20150623,20150624,20150625,20150628,20150630,20150702 
Number is 69 
G.2.1_index_3_VS_G.7.4_index_2 [15] 
20150515,20150516,20150517,20150523,20150524,20150525,20150531,20150601,20150607,20150611,20150612,20150614,20150616,20150618,20150620,20150621,20150622,20150623,20150624,20150625,20150628,20150629,20150701 
Number is 70 
G.2.2_index_4_VS_G.4.3_index_3 [16] 
20150517,20150518,20150520,20150524,20150527,20150529,20150530,20150531,20150601,20150602,20150603,20150605,20150606,20150609,20150613,20150616,20150617,20150618,20150620,20150621,20150622,20150623,20150624,20150625,20150629,20150630,20150702 
Number is 71 
G.5.5_index_4_VS_G.3.1_index_5 [17] PLUS 1 
20150516,20150520,20150522,20150523,20150525,20150530,20150602,20150605,20150615,20150616,20150617,20150618,20150619,20150620,20150621,20150622,20150623,20150624,20150625,20150626,20150630,20150701 
Number is 74 
G.5.6_index_2_VS_G.5.1_index_3 [18] 
20150523,20150529,20150531,20150601,20150605,20150606,20150608,20150609,20150611,20150613,20150615,20150617,20150618,20150619,20150620,20150621,20150622,20150623,20150624,20150625,20150627,20150628,20150629,20150701 
G.5.5_index_4_VS_G.6.1_index_3 [19] 
20150518,20150522,20150523,20150524,20150603,20150607,20150611,20150618,20150620,20150621,20150622,20150623,20150624,20150625,20150701 
Number is 75 
G.5.6_index_2_VS_G.4.2_index_2 [20] PLUS 1 
20150516,20150517,20150518,20150521,20150530,20150531,20150601,20150604,20150606,20150608,20150609,20150616,20150617,20150618,20150620,20150621,20150622,20150623,20150624,20150625,20150626,20150629 
Number is 81 
G.7.3_index_2_VS_G.3.5_index_1 [21] PLUS 1 
20150515,20150516,20150520,20150521,20150522,20150525,20150526,20150527,20150530,20150531,20150601,20150605,20150606,20150607,20150609,20150611,20150612,20150614,20150616,20150618,20150619,20150620,20150621,20150622,20150623,20150624,20150625,20150626,20150628,20150629,20150701 
Number is 83 
G.7.4_index_1_VS_G.5.6_index_3 [22] 
20150516,20150517,20150520,20150526,20150527,20150531,20150602,20150603,20150607,20150608,20150609,20150611,20150612,20150613,20150616,20150618,20150620,20150621,20150622,20150623,20150624,20150625,20150628,20150701,20150702 
Number is 86 
G.7.3_index_2_VS_G.4.3_index_1 [23] 
20150520,20150521,20150522,20150526,20150527,20150529,20150530,20150531,20150601,20150604,20150605,20150609,20150611,20150615,20150616,20150618,20150620,20150621,20150622,20150623,20150624,20150625,20150627,20150629,20150702 
Number is 91 
G.6.3_index_2_VS_G.5.3_index_2 [24] 
20150515,20150520,20150521,20150524,20150529,20150531,20150601,20150606,20150607,20150609,20150612,20150613,20150616,20150617,20150620,20150621,20150622,20150623,20150624,20150625,20150628,20150630,20150701 
Number is 97 
G.DB_index_2_VS_G.5.5_index_4 [25] 
20150515,20150528,20150602,20150606,20150608,20150611,20150614,20150615,20150616,20150620,20150621,20150622,20150623,20150624,20150625 
