======== Current: 20150629 ========= 
Number is 02 
G.4.2_index_1_VS_G.7.3_index_1 [1] 
20150515,20150519,20150523,20150525,20150531,20150601,20150603,20150604,20150606,20150607,20150610,20150611,20150617,20150618,20150619,20150623,20150624,20150625,20150626,20150627,20150628 
Number is 10 
G.5.4_index_4_VS_G.5.6_index_2 [2] PLUS 1 
20150521,20150523,20150527,20150529,20150530,20150601,20150604,20150606,20150611,20150613,20150616,20150619,20150621,20150623,20150624,20150625,20150626,20150627,20150628,20150629 
Number is 11 
G.5.4_index_4_VS_G.3.5_index_1 [3] PLUS 1 
20150516,20150518,20150520,20150521,20150525,20150529,20150530,20150531,20150604,20150606,20150611,20150612,20150613,20150617,20150618,20150619,20150620,20150623,20150624,20150625,20150626,20150627,20150628,20150629,20150701 
Number is 17 
G.6.3_index_3_VS_G.7.1_index_1 [4] 
20150515,20150516,20150517,20150518,20150519,20150523,20150530,20150531,20150603,20150605,20150610,20150615,20150617,20150623,20150624,20150625,20150626,20150627,20150628,20150702 
G.5.4_index_4_VS_G.1.1_index_2 [5] 
20150515,20150520,20150522,20150523,20150525,20150526,20150527,20150528,20150530,20150531,20150602,20150604,20150606,20150608,20150610,20150611,20150614,20150616,20150617,20150618,20150619,20150623,20150624,20150625,20150626,20150627,20150628,20150701 
Number is 19 
G.6.2_index_3_VS_G.DB_index_3 [6] 
20150515,20150516,20150517,20150520,20150521,20150522,20150524,20150527,20150602,20150603,20150604,20150605,20150609,20150610,20150611,20150618,20150619,20150622,20150623,20150624,20150625,20150626,20150627,20150628,20150702 
Number is 24 
G.7.3_index_1_VS_G.3.2_index_1 [7] PLUS 1 
20150515,20150517,20150520,20150522,20150525,20150526,20150531,20150603,20150604,20150605,20150608,20150609,20150612,20150614,20150616,20150617,20150620,20150622,20150623,20150624,20150625,20150626,20150627,20150628,20150629 
Number is 27 
G.1.1_index_3_VS_G.7.4_index_1 [8] 
20150517,20150520,20150523,20150527,20150528,20150530,20150602,20150604,20150608,20150609,20150611,20150614,20150616,20150617,20150619,20150622,20150623,20150624,20150625,20150626,20150627,20150628,20150630,20150701,20150702 
Number is 29 
G.3.1_index_3_VS_G.3.3_index_5 [9] PLUS 1 
20150515,20150518,20150521,20150522,20150523,20150528,20150530,20150531,20150605,20150606,20150609,20150616,20150619,20150623,20150624,20150625,20150626,20150627,20150628,20150629,20150630,20150702 
Number is 32 
G.5.6_index_1_VS_G.4.4_index_3 [10] PLUS 1 
20150515,20150516,20150518,20150522,20150526,20150528,20150529,20150531,20150601,20150603,20150604,20150607,20150609,20150611,20150615,20150616,20150619,20150623,20150624,20150625,20150626,20150627,20150628,20150629 
Number is 35 
G.5.6_index_1_VS_G.5.6_index_4 [11] 
20150515,20150516,20150518,20150524,20150525,20150527,20150529,20150601,20150603,20150609,20150612,20150613,20150615,20150618,20150620,20150623,20150624,20150625,20150626,20150627,20150628 
Number is 36 
G.5.1_index_2_VS_G.3.1_index_1 [12] PLUS 1 
20150516,20150601,20150603,20150605,20150606,20150609,20150615,20150616,20150620,20150623,20150624,20150625,20150626,20150627,20150628,20150629,20150630 
Number is 41 
G.3.4_index_4_VS_G.3.5_index_1 [13] PLUS 1 
20150516,20150519,20150521,20150524,20150527,20150529,20150604,20150605,20150607,20150613,20150618,20150619,20150623,20150624,20150625,20150626,20150627,20150628,20150629,20150701 
Number is 48 
G.3.2_index_3_VS_G.4.4_index_1 [14] 
20150516,20150519,20150520,20150523,20150526,20150527,20150528,20150529,20150530,20150601,20150604,20150612,20150614,20150620,20150623,20150624,20150625,20150626,20150627,20150628,20150630,20150701 
Number is 49 
G.3.2_index_3_VS_G.1.1_index_5 [15] PLUS 1 
20150517,20150518,20150519,20150522,20150523,20150601,20150602,20150603,20150606,20150607,20150608,20150609,20150611,20150613,20150617,20150620,20150623,20150624,20150625,20150626,20150627,20150628,20150629,20150630,20150701 
Number is 58 
G.5.6_index_4_VS_G.2.2_index_1 [16] 
20150515,20150516,20150517,20150518,20150522,20150523,20150525,20150528,20150531,20150609,20150611,20150612,20150614,20150617,20150618,20150621,20150623,20150624,20150625,20150626,20150627,20150628 
Number is 69 
G.3.1_index_1_VS_G.1.1_index_5 [17] PLUS 1 
20150516,20150518,20150519,20150520,20150522,20150524,20150529,20150605,20150608,20150610,20150613,20150618,20150619,20150621,20150622,20150623,20150624,20150625,20150626,20150627,20150628,20150629,20150630 
Number is 76 
G.7.4_index_1_VS_G.6.2_index_2 [18] PLUS 1 
20150515,20150517,20150518,20150523,20150524,20150526,20150528,20150531,20150604,20150607,20150608,20150620,20150621,20150623,20150624,20150625,20150626,20150627,20150628,20150629,20150701,20150702 
Number is 78 
G.3.5_index_4_VS_G.4.4_index_1 [19] 
20150516,20150518,20150520,20150521,20150526,20150528,20150530,20150531,20150603,20150604,20150605,20150608,20150609,20150611,20150612,20150616,20150623,20150624,20150625,20150626,20150627,20150628,20150701,20150702 
G.6.1_index_3_VS_G.6.3_index_1 [20] 
20150516,20150520,20150522,20150525,20150526,20150528,20150530,20150601,20150613,20150615,20150616,20150617,20150623,20150624,20150625,20150626,20150627,20150628,20150630 
Number is 92 
G.1.1_index_5_VS_G.5.2_index_2 [21] PLUS 1 
20150519,20150520,20150521,20150522,20150524,20150527,20150528,20150601,20150612,20150613,20150616,20150617,20150618,20150623,20150624,20150625,20150626,20150627,20150628,20150629 
Number is 96 
G.1.1_index_5_VS_G.DB_index_1 [22] PLUS 1 
20150515,20150518,20150519,20150524,20150525,20150530,20150531,20150603,20150605,20150607,20150608,20150612,20150613,20150616,20150617,20150618,20150619,20150620,20150621,20150623,20150624,20150625,20150626,20150627,20150628,20150629 
Number is 98 
G.5.6_index_3_VS_G.2.2_index_1 [23] 
20150518,20150522,20150524,20150527,20150602,20150609,20150610,20150612,20150614,20150616,20150617,20150621,20150622,20150623,20150624,20150625,20150626,20150627,20150628,20150701 
Number is 99 
G.3.3_index_5_VS_G.2.1_index_1 [24] PLUS 1 
20150517,20150522,20150523,20150524,20150526,20150527,20150603,20150604,20150605,20150607,20150608,20150609,20150610,20150612,20150613,20150615,20150616,20150618,20150619,20150620,20150623,20150624,20150625,20150626,20150627,20150628,20150629,20150630,20150701 
