======== Current: 20120206 ========= 
Number is 03 
G.3.2_index_1_VS_G.5.3_index_3 [1] PLUS 1 
20120126,20120127,20120128,20120129,20120130,20120131,20120201,20120202,20120203,20120204,20120205,20120206,20120207,20120208,20120212,20120213,20120215,20120217,20120220,20120223,20120226,20120229 
Number is 04 
G.7.4_index_1_VS_G.5.5_index_4 [2] 
20120127,20120130,20120131,20120201,20120202,20120203,20120204,20120205,20120208,20120211,20120215,20120217,20120218,20120223,20120226,20120227,20120228,20120229 
Number is 16 
G.5.6_index_1_VS_G.1.1_index_5 [3] 
20120126,20120127,20120128,20120129,20120130,20120131,20120201,20120202,20120203,20120204,20120205,20120208,20120211,20120217,20120219,20120222,20120224,20120225,20120301 
G.6.2_index_3_VS_G.4.2_index_1 [4] 
20120126,20120130,20120131,20120201,20120202,20120203,20120204,20120205,20120209,20120210,20120211,20120212,20120214,20120215,20120217,20120221,20120222,20120223,20120224,20120228 
Number is 24 
G.2.1_index_4_VS_G.5.5_index_3 [5] PLUS 1 
20120126,20120131,20120201,20120202,20120203,20120204,20120205,20120206,20120209,20120211,20120212,20120214,20120219,20120220,20120221 
Number is 25 
G.5.1_index_1_VS_G.2.2_index_3 [6] 
20120127,20120130,20120131,20120201,20120202,20120203,20120204,20120205,20120207,20120210,20120211,20120213,20120218,20120219,20120221,20120223,20120301 
Number is 29 
G.5.1_index_1_VS_G.DB_index_1 [7] PLUS 1 
20120126,20120127,20120129,20120131,20120201,20120202,20120203,20120204,20120205,20120206,20120211,20120214,20120218,20120219,20120220,20120221,20120226,20120228 
G.3.1_index_1_VS_G.DB_index_4 [8] PLUS 1 
20120128,20120130,20120131,20120201,20120202,20120203,20120204,20120205,20120206,20120208,20120209,20120210,20120211,20120212,20120215,20120216,20120219,20120220,20120221,20120222,20120223,20120224,20120225,20120229 
Number is 46 
G.6.1_index_2_VS_G.4.2_index_1 [9] 
20120126,20120131,20120201,20120202,20120203,20120204,20120205,20120210,20120213,20120216,20120218,20120220,20120221,20120226 
G.7.2_index_1_VS_G.4.1_index_1 [10] 
20120127,20120129,20120130,20120131,20120201,20120202,20120203,20120204,20120205,20120209,20120211,20120213,20120214,20120215,20120216,20120218,20120220,20120221,20120226,20120229 
Number is 58 
G.3.1_index_5_VS_G.3.2_index_2 [11] 
20120126,20120130,20120131,20120201,20120202,20120203,20120204,20120205,20120210,20120212,20120213,20120216,20120218,20120219,20120224,20120227 
Number is 66 
G.1.1_index_5_VS_G.4.1_index_1 [12] 
20120127,20120128,20120130,20120131,20120201,20120202,20120203,20120204,20120205,20120216,20120217,20120218,20120221,20120223,20120224,20120225,20120226,20120229 
Number is 69 
G.4.1_index_2_VS_G.DB_index_5 [13] 
20120129,20120131,20120201,20120202,20120203,20120204,20120205,20120210,20120211,20120214,20120217,20120219,20120220,20120223,20120224,20120227,20120228,20120229 
G.4.1_index_2_VS_G.DB_index_4 [14] 
20120129,20120130,20120131,20120201,20120202,20120203,20120204,20120205,20120207,20120209,20120212,20120215,20120216,20120217,20120218,20120220,20120224,20120227,20120229,20120301 
Number is 74 
G.5.6_index_4_VS_G.5.2_index_4 [15] 
20120126,20120130,20120131,20120201,20120202,20120203,20120204,20120205,20120207,20120208,20120209,20120211,20120216,20120221,20120222,20120229,20120301 
Number is 76 
G.5.3_index_2_VS_G.3.4_index_1 [16] 
20120127,20120130,20120131,20120201,20120202,20120203,20120204,20120205,20120209,20120210,20120211,20120214,20120216,20120218,20120221,20120222,20120229,20120301 
Number is 77 
G.5.3_index_2_VS_G.3.4_index_4 [17] 
20120126,20120129,20120131,20120201,20120202,20120203,20120204,20120205,20120212,20120213,20120216,20120218,20120220,20120221,20120224,20120229,20120301 
Number is 79 
G.2.2_index_1_VS_G.DB_index_5 [18] PLUS 1 
20120126,20120128,20120129,20120130,20120131,20120201,20120202,20120203,20120204,20120205,20120206,20120207,20120210,20120211,20120217,20120225,20120226,20120227,20120228,20120229,20120301 
Number is 86 
G.2.1_index_3_VS_G.4.2_index_1 [19] 
20120126,20120129,20120131,20120201,20120202,20120203,20120204,20120205,20120207,20120211,20120215,20120217,20120218,20120219,20120220,20120222,20120223,20120225 
Number is 94 
G.3.5_index_3_VS_G.5.5_index_3 [20] 
20120127,20120128,20120129,20120130,20120131,20120201,20120202,20120203,20120204,20120205,20120209,20120210,20120211,20120212,20120221,20120227,20120228,20120229 
Number is 98 
G.2.1_index_2_VS_G.3.2_index_2 [21] 
20120127,20120128,20120130,20120131,20120201,20120202,20120203,20120204,20120205,20120211,20120212,20120217,20120218,20120223,20120224,20120225,20120226,20120227 
G.2.1_index_2_VS_G.3.3_index_4 [22] 
20120126,20120129,20120131,20120201,20120202,20120203,20120204,20120205,20120208,20120210,20120211,20120212,20120213,20120215,20120216,20120219,20120222,20120223,20120228 
