======== Current: 20120208 ========= 
Number is 04 
G.3.2_index_3_VS_G.5.3_index_4 [1] PLUS 1 
20120126,20120127,20120129,20120130,20120201,20120202,20120203,20120204,20120205,20120206,20120207,20120208,20120210,20120211,20120213,20120221,20120223,20120224,20120226,20120228,20120229,20120301 
Number is 12 
G.3.1_index_5_VS_G.4.3_index_3 [2] 
20120126,20120130,20120202,20120203,20120204,20120205,20120206,20120207,20120209,20120211,20120218,20120221,20120225 
Number is 25 
G.6.2_index_1_VS_G.DB_index_2 [3] 
20120128,20120129,20120202,20120203,20120204,20120205,20120206,20120207,20120209,20120212,20120214,20120215,20120216,20120217,20120218,20120220,20120221,20120222,20120225,20120226,20120228,20120229 
G.3.3_index_2_VS_G.6.2_index_3 [4] 
20120126,20120128,20120129,20120130,20120201,20120202,20120203,20120204,20120205,20120206,20120207,20120211,20120212,20120213,20120214,20120216,20120219,20120220,20120221,20120223,20120224,20120226 
Number is 28 
G.3.6_index_1_VS_G.6.2_index_2 [5] PLUS 1 
20120127,20120131,20120202,20120203,20120204,20120205,20120206,20120207,20120208,20120210,20120213,20120215,20120217,20120220,20120221,20120228 
Number is 31 
G.7.3_index_1_VS_G.1.1_index_5 [6] 
20120126,20120129,20120131,20120202,20120203,20120204,20120205,20120206,20120207,20120213,20120214,20120221,20120223,20120224,20120225,20120226 
Number is 34 
G.3.1_index_3_VS_G.5.3_index_4 [7] 
20120126,20120128,20120202,20120203,20120204,20120205,20120206,20120207,20120209,20120210,20120215,20120219,20120221 
Number is 46 
G.5.6_index_4_VS_G.4.2_index_4 [8] 
20120126,20120202,20120203,20120204,20120205,20120206,20120207,20120209,20120210,20120211,20120212,20120214,20120215,20120217,20120218,20120219,20120225,20120227,20120301 
Number is 50 
G.4.1_index_2_VS_G.1.1_index_4 [9] PLUS 1 
20120126,20120130,20120131,20120202,20120203,20120204,20120205,20120206,20120207,20120208,20120209,20120210,20120211,20120215,20120216,20120217,20120218,20120220,20120221,20120222,20120223,20120224,20120227,20120228,20120301 
Number is 59 
G.3.4_index_2_VS_G.3.4_index_3 [10] 
20120202,20120203,20120204,20120205,20120206,20120207,20120213,20120214,20120215,20120221,20120224,20120226,20120228,20120229 
Number is 64 
G.3.4_index_5_VS_G.5.3_index_3 [11] 
20120126,20120128,20120129,20120202,20120203,20120204,20120205,20120206,20120207,20120210,20120212,20120213,20120220,20120227,20120228 
Number is 68 
G.3.1_index_2_VS_G.4.3_index_1 [12] PLUS 1 
20120128,20120202,20120203,20120204,20120205,20120206,20120207,20120208,20120209,20120212,20120215,20120216,20120217,20120218,20120221,20120223,20120225,20120226,20120227 
Number is 69 
G.4.1_index_3_VS_G.2.2_index_1 [13] 
20120127,20120202,20120203,20120204,20120205,20120206,20120207,20120211,20120212,20120216,20120218,20120221,20120222,20120225,20120228,20120301 
Number is 73 
G.3.2_index_1_VS_G.2.2_index_3 [14] 
20120126,20120128,20120129,20120130,20120131,20120202,20120203,20120204,20120205,20120206,20120207,20120210,20120212,20120217,20120219,20120221,20120223,20120224,20120228 
G.3.2_index_1_VS_G.3.5_index_1 [15] 
20120126,20120128,20120201,20120202,20120203,20120204,20120205,20120206,20120207,20120210,20120212,20120213,20120215,20120216,20120217,20120223,20120224,20120226,20120229,20120301 
Number is 74 
G.3.2_index_1_VS_G.5.3_index_3 [16] PLUS 1 
20120126,20120127,20120128,20120129,20120130,20120131,20120201,20120202,20120203,20120204,20120205,20120206,20120207,20120208,20120212,20120213,20120215,20120217,20120220,20120223,20120226,20120229 
Number is 82 
G.6.2_index_2_VS_G.4.3_index_3 [17] PLUS 1 
20120127,20120130,20120131,20120202,20120203,20120204,20120205,20120206,20120207,20120208,20120210,20120217,20120219,20120221,20120223,20120229 
Number is 91 
G.2.2_index_1_VS_G.DB_index_5 [18] 
20120126,20120128,20120129,20120130,20120131,20120201,20120202,20120203,20120204,20120205,20120206,20120207,20120210,20120211,20120217,20120225,20120226,20120227,20120228,20120229,20120301 
Number is 97 
G.1.1_index_1_VS_G.6.3_index_3 [19] PLUS 1 
20120127,20120131,20120202,20120203,20120204,20120205,20120206,20120207,20120208,20120209,20120210,20120214,20120215,20120216,20120217,20120218,20120219,20120221,20120223,20120225,20120228 
