======== Current: 20120220 ========= 
Number is 08 
G.3.1_index_3_VS_G.4.4_index_1 [1] 
20120126,20120128,20120129,20120131,20120201,20120207,20120209,20120211,20120212,20120214,20120215,20120216,20120217,20120218,20120219,20120221,20120222,20120223,20120224,20120225,20120229,20120301 
Number is 22 
G.7.4_index_1_VS_G.3.2_index_2 [2] PLUS 1 
20120126,20120127,20120128,20120130,20120131,20120203,20120205,20120207,20120211,20120214,20120215,20120216,20120217,20120218,20120219,20120220,20120222,20120224,20120227,20120228,20120229,20120301 
Number is 25 
G.2.2_index_2_VS_G.2.1_index_2 [3] 
20120129,20120131,20120205,20120206,20120207,20120208,20120209,20120214,20120215,20120216,20120217,20120218,20120219,20120221,20120223,20120224,20120225,20120226,20120227,20120229 
Number is 26 
G.3.2_index_4_VS_G.7.2_index_1 [4] PLUS 1 
20120203,20120204,20120206,20120214,20120215,20120216,20120217,20120218,20120219,20120220,20120221,20120223,20120225,20120228,20120301 
Number is 29 
G.3.2_index_2_VS_G.5.5_index_3 [5] 
20120128,20120129,20120130,20120131,20120202,20120203,20120205,20120209,20120210,20120213,20120214,20120215,20120216,20120217,20120218,20120219,20120221,20120223,20120226,20120227,20120228,20120301 
Number is 35 
G.5.2_index_1_VS_G.3.3_index_2 [6] 
20120126,20120127,20120128,20120207,20120210,20120211,20120212,20120214,20120215,20120216,20120217,20120218,20120219,20120224,20120227,20120229 
Number is 37 
G.5.5_index_4_VS_G.3.4_index_2 [7] PLUS 1 
20120126,20120127,20120129,20120131,20120203,20120206,20120214,20120215,20120216,20120217,20120218,20120219,20120220,20120225,20120226,20120227,20120228,20120229 
Number is 42 
G.1.1_index_1_VS_G.6.3_index_3 [8] 
20120127,20120131,20120202,20120203,20120204,20120205,20120206,20120207,20120208,20120209,20120210,20120214,20120215,20120216,20120217,20120218,20120219,20120221,20120223,20120225,20120228 
Number is 43 
G.7.3_index_2_VS_G.5.2_index_2 [9] PLUS 1 
20120127,20120131,20120211,20120212,20120213,20120214,20120215,20120216,20120217,20120218,20120219,20120220,20120222,20120224,20120225 
Number is 47 
G.3.3_index_3_VS_G.3.4_index_2 [10] PLUS 1 
20120129,20120131,20120203,20120205,20120209,20120212,20120213,20120214,20120215,20120216,20120217,20120218,20120219,20120220,20120221,20120224,20120226,20120301 
Number is 48 
G.5.6_index_3_VS_G.4.3_index_4 [11] 
20120126,20120201,20120203,20120204,20120210,20120211,20120212,20120214,20120215,20120216,20120217,20120218,20120219,20120223,20120225,20120226,20120228 
Number is 50 
G.3.5_index_1_VS_G.7.2_index_2 [12] PLUS 1 
20120128,20120201,20120202,20120205,20120206,20120208,20120210,20120211,20120213,20120214,20120215,20120216,20120217,20120218,20120219,20120220,20120226,20120227 
Number is 55 
G.1.1_index_4_VS_G.DB_index_5 [13] 
20120126,20120129,20120130,20120131,20120201,20120203,20120205,20120206,20120207,20120209,20120211,20120213,20120214,20120215,20120216,20120217,20120218,20120219,20120221,20120224,20120225,20120227,20120229,20120301 
Number is 61 
G.4.2_index_2_VS_G.4.1_index_2 [14] 
20120202,20120203,20120205,20120207,20120209,20120210,20120211,20120213,20120214,20120215,20120216,20120217,20120218,20120219,20120221,20120222,20120223,20120224,20120226,20120228,20120229,20120301 
Number is 64 
G.3.3_index_1_VS_G.3.3_index_3 [15] 
20120126,20120127,20120130,20120131,20120204,20120205,20120207,20120208,20120210,20120212,20120214,20120215,20120216,20120217,20120218,20120219,20120221,20120222,20120223,20120224,20120226,20120228,20120301 
Number is 66 
G.5.5_index_1_VS_G.3.3_index_1 [16] PLUS 1 
20120126,20120128,20120130,20120202,20120203,20120204,20120206,20120208,20120209,20120210,20120214,20120215,20120216,20120217,20120218,20120219,20120220,20120222,20120225,20120226,20120227,20120228,20120301 
Number is 76 
G.5.3_index_2_VS_G.3.3_index_1 [17] 
20120127,20120129,20120131,20120202,20120204,20120206,20120207,20120209,20120211,20120212,20120213,20120214,20120215,20120216,20120217,20120218,20120219,20120221,20120224,20120225,20120301 
Number is 77 
G.3.4_index_2_VS_G.5.3_index_2 [18] PLUS 1 
20120126,20120127,20120203,20120208,20120209,20120212,20120214,20120215,20120216,20120217,20120218,20120219,20120220,20120221,20120222,20120223,20120224,20120228,20120301 
Number is 79 
G.3.4_index_2_VS_G.5.4_index_2 [19] 
20120127,20120128,20120130,20120207,20120209,20120210,20120212,20120213,20120214,20120215,20120216,20120217,20120218,20120219,20120221,20120225,20120226,20120229,20120301 
Number is 82 
G.4.2_index_3_VS_G.7.4_index_1 [20] 
20120201,20120202,20120209,20120210,20120212,20120214,20120215,20120216,20120217,20120218,20120219,20120221,20120224,20120229 
Number is 84 
G.4.3_index_4_VS_G.7.1_index_1 [21] 
20120127,20120201,20120202,20120203,20120205,20120206,20120208,20120209,20120210,20120211,20120212,20120213,20120214,20120215,20120216,20120217,20120218,20120219,20120221,20120226 
Number is 85 
G.7.1_index_2_VS_G.DB_index_5 [22] PLUS 1 
20120126,20120128,20120129,20120201,20120205,20120206,20120208,20120209,20120210,20120211,20120212,20120214,20120215,20120216,20120217,20120218,20120219,20120220,20120221,20120227,20120228,20120229,20120301 
Number is 92 
G.1.1_index_2_VS_G.7.4_index_1 [23] 
20120127,20120128,20120131,20120207,20120210,20120211,20120212,20120214,20120215,20120216,20120217,20120218,20120219,20120224,20120226,20120301 
Number is 94 
G.5.4_index_4_VS_G.7.4_index_2 [24] 
20120128,20120129,20120201,20120203,20120206,20120207,20120208,20120209,20120214,20120215,20120216,20120217,20120218,20120219,20120221,20120222,20120224 
