======== Current: 20160502 ========= 
Number is 13 
G.5.6_index_1_VS_G.1.1_index_3 [1] 
20160425,20160426,20160427,20160428,20160429,20160430,20160501,20160508,20160510,20160512,20160513,20160515,20160520,20160522,20160530,20160531,20160601 
Number is 21 
G.5.1_index_2_VS_G.5.1_index_4 [2] 
20160419,20160422,20160425,20160426,20160427,20160428,20160429,20160430,20160501,20160507,20160508,20160510,20160511,20160512,20160516,20160517,20160522,20160523,20160524,20160525,20160526,20160527,20160529,20160602 
Number is 33 
G.1.1_index_3_VS_G.7.3_index_2 [3] PLUS 1 
20160417,20160419,20160424,20160426,20160427,20160428,20160429,20160430,20160501,20160502,20160503,20160505,20160508,20160509,20160515,20160517,20160520,20160524,20160525,20160526,20160601 
Number is 34 
G.3.5_index_4_VS_G.3.4_index_3 [4] 
20160417,20160422,20160423,20160424,20160426,20160427,20160428,20160429,20160430,20160501,20160503,20160505,20160506,20160510,20160511,20160512,20160513,20160517,20160521,20160525,20160526,20160529,20160530,20160531,20160602 
Number is 35 
G.5.3_index_4_VS_G.7.2_index_2 [5] PLUS 1 
20160426,20160427,20160428,20160429,20160430,20160501,20160502,20160503,20160505,20160509,20160510,20160516,20160517,20160518,20160519,20160522,20160523,20160526,20160529 
Number is 39 
G.4.1_index_2_VS_G.5.6_index_3 [6] 
20160418,20160420,20160421,20160423,20160426,20160427,20160428,20160429,20160430,20160501,20160509,20160511,20160513,20160514,20160515,20160516,20160517,20160518,20160519,20160520,20160523,20160524,20160528,20160529,20160601 
Number is 45 
G.5.2_index_1_VS_G.2.1_index_5 [7] 
20160419,20160420,20160421,20160424,20160425,20160426,20160427,20160428,20160429,20160430,20160501,20160503,20160504,20160506,20160508,20160509,20160510,20160513,20160515,20160523,20160525,20160526,20160529,20160531,20160601 
G.7.3_index_1_VS_G.7.2_index_2 [8] 
20160420,20160421,20160426,20160427,20160428,20160429,20160430,20160501,20160504,20160505,20160511,20160512,20160513,20160515,20160518,20160523,20160526,20160530,20160531,20160601,20160602 
Number is 46 
G.7.3_index_1_VS_G.DB_index_5 [9] PLUS 1 
20160421,20160426,20160427,20160428,20160429,20160430,20160501,20160502,20160510,20160511,20160513,20160515,20160516,20160519,20160520,20160523,20160524,20160530,20160601,20160602 
Number is 57 
G.2.1_index_5_VS_G.4.1_index_1 [10] 
20160417,20160419,20160421,20160425,20160426,20160427,20160428,20160429,20160430,20160501,20160503,20160505,20160506,20160508,20160510,20160513,20160514,20160521,20160522,20160523,20160526,20160527,20160601,20160602 
Number is 58 
G.5.2_index_3_VS_G.5.4_index_3 [11] 
20160420,20160421,20160422,20160426,20160427,20160428,20160429,20160430,20160501,20160505,20160506,20160507,20160508,20160513,20160515,20160516,20160517,20160520,20160521,20160527,20160529,20160530,20160531,20160601 
Number is 69 
G.3.6_index_3_VS_G.3.2_index_3 [12] PLUS 1 
20160419,20160420,20160421,20160424,20160425,20160426,20160427,20160428,20160429,20160430,20160501,20160502,20160505,20160507,20160509,20160514,20160517,20160518,20160519,20160522,20160526,20160528,20160529,20160530 
Number is 72 
G.4.1_index_1_VS_G.4.2_index_2 [13] PLUS 1 
20160419,20160422,20160426,20160427,20160428,20160429,20160430,20160501,20160502,20160504,20160505,20160506,20160510,20160512,20160513,20160514,20160516,20160519,20160522,20160525,20160526,20160527,20160528,20160530,20160601,20160602 
Number is 73 
G.1.1_index_1_VS_G.5.4_index_4 [14] PLUS 1 
20160419,20160423,20160425,20160426,20160427,20160428,20160429,20160430,20160501,20160502,20160504,20160506,20160507,20160510,20160511,20160517,20160518,20160519,20160522,20160523,20160529,20160530,20160531 
G.4.1_index_1_VS_G.4.3_index_3 [15] PLUS 1 
20160417,20160419,20160421,20160424,20160425,20160426,20160427,20160428,20160429,20160430,20160501,20160502,20160504,20160506,20160510,20160511,20160514,20160518,20160520,20160522,20160525,20160526,20160527,20160528,20160530,20160531 
G.5.6_index_2_VS_G.3.5_index_4 [16] PLUS 1 
20160418,20160422,20160424,20160425,20160426,20160427,20160428,20160429,20160430,20160501,20160502,20160503,20160508,20160511,20160514,20160515,20160516,20160521,20160522,20160523,20160527,20160528,20160529,20160530,20160531,20160601 
Number is 75 
G.6.3_index_3_VS_G.3.3_index_2 [17] 
20160417,20160418,20160419,20160420,20160426,20160427,20160428,20160429,20160430,20160501,20160503,20160504,20160507,20160510,20160511,20160513,20160514,20160518,20160519,20160520,20160521,20160524,20160528,20160530,20160602 
Number is 84 
G.6.1_index_3_VS_G.7.2_index_1 [18] 
20160420,20160422,20160424,20160426,20160427,20160428,20160429,20160430,20160501,20160506,20160507,20160508,20160513,20160515,20160518,20160520,20160521,20160523,20160526,20160527,20160529 
Number is 85 
G.3.2_index_2_VS_G.5.2_index_3 [19] 
20160418,20160422,20160426,20160427,20160428,20160429,20160430,20160501,20160503,20160504,20160505,20160507,20160514,20160521,20160523,20160525,20160529 
Number is 89 
G.3.1_index_2_VS_G.4.1_index_3 [20] 
20160422,20160426,20160427,20160428,20160429,20160430,20160501,20160509,20160511,20160512,20160515,20160518,20160522,20160526,20160601 
Number is 90 
G.3.5_index_2_VS_G.5.1_index_3 [21] 
20160419,20160420,20160424,20160426,20160427,20160428,20160429,20160430,20160501,20160503,20160504,20160507,20160508,20160512,20160513,20160514,20160515,20160516,20160517,20160519,20160523,20160528,20160530,20160531 
