======== Current: 20160503 ========= 
Number is 01 
G.7.3_index_1_VS_G.DB_index_5 [1] 
20160421,20160426,20160427,20160428,20160429,20160430,20160501,20160502,20160510,20160511,20160513,20160515,20160516,20160519,20160520,20160523,20160524,20160530,20160601,20160602 
Number is 05 
G.3.5_index_3_VS_G.3.3_index_3 [2] PLUS 1 
20160418,20160420,20160422,20160424,20160427,20160428,20160429,20160430,20160501,20160502,20160503,20160504,20160505,20160507,20160510,20160511,20160512,20160519,20160523,20160525,20160526,20160602 
Number is 10 
G.5.3_index_1_VS_G.7.2_index_1 [3] 
20160419,20160423,20160424,20160427,20160428,20160429,20160430,20160501,20160502,20160505,20160506,20160507,20160508,20160509,20160511,20160512,20160517,20160520,20160522,20160525,20160527,20160528,20160530,20160531,20160601 
Number is 17 
G.1.1_index_1_VS_G.5.4_index_4 [4] 
20160419,20160423,20160425,20160426,20160427,20160428,20160429,20160430,20160501,20160502,20160504,20160506,20160507,20160510,20160511,20160517,20160518,20160519,20160522,20160523,20160529,20160530,20160531 
Number is 21 
G.1.1_index_3_VS_G.7.3_index_2 [5] PLUS 1 
20160417,20160419,20160424,20160426,20160427,20160428,20160429,20160430,20160501,20160502,20160503,20160505,20160508,20160509,20160515,20160517,20160520,20160524,20160525,20160526,20160601 
Number is 25 
G.4.1_index_1_VS_G.4.3_index_3 [6] 
20160417,20160419,20160421,20160424,20160425,20160426,20160427,20160428,20160429,20160430,20160501,20160502,20160504,20160506,20160510,20160511,20160514,20160518,20160520,20160522,20160525,20160526,20160527,20160528,20160530,20160531 
Number is 28 
G.4.1_index_1_VS_G.4.2_index_2 [7] 
20160419,20160422,20160426,20160427,20160428,20160429,20160430,20160501,20160502,20160504,20160505,20160506,20160510,20160512,20160513,20160514,20160516,20160519,20160522,20160525,20160526,20160527,20160528,20160530,20160601,20160602 
Number is 29 
G.4.1_index_1_VS_G.4.4_index_4 [8] PLUS 1 
20160419,20160421,20160425,20160427,20160428,20160429,20160430,20160501,20160502,20160503,20160510,20160512,20160514,20160516,20160518,20160524,20160525,20160526,20160529,20160531,20160602 
Number is 41 
G.5.2_index_3_VS_G.5.5_index_3 [9] PLUS 1 
20160417,20160418,20160419,20160420,20160422,20160427,20160428,20160429,20160430,20160501,20160502,20160503,20160506,20160510,20160511,20160513,20160514,20160517,20160518,20160519,20160522,20160524,20160526,20160527,20160530,20160601,20160602 
Number is 45 
G.4.4_index_2_VS_G.5.3_index_4 [10] PLUS 1 
20160420,20160422,20160427,20160428,20160429,20160430,20160501,20160502,20160503,20160505,20160506,20160510,20160511,20160512,20160516,20160518,20160522,20160523,20160524,20160529,20160531,20160602 
Number is 50 
G.5.3_index_4_VS_G.7.2_index_2 [11] PLUS 1 
20160426,20160427,20160428,20160429,20160430,20160501,20160502,20160503,20160505,20160509,20160510,20160516,20160517,20160518,20160519,20160522,20160523,20160526,20160529 
Number is 55 
G.3.6_index_3_VS_G.3.2_index_3 [12] 
20160419,20160420,20160421,20160424,20160425,20160426,20160427,20160428,20160429,20160430,20160501,20160502,20160505,20160507,20160509,20160514,20160517,20160518,20160519,20160522,20160526,20160528,20160529,20160530 
Number is 58 
G.2.1_index_1_VS_G.2.2_index_1 [13] 
20160420,20160421,20160423,20160425,20160427,20160428,20160429,20160430,20160501,20160502,20160504,20160505,20160507,20160510,20160511,20160513,20160514,20160515,20160517,20160524,20160525,20160526,20160527,20160602 
Number is 65 
G.3.3_index_2_VS_G.3.3_index_3 [14] 
20160417,20160418,20160420,20160423,20160424,20160427,20160428,20160429,20160430,20160501,20160502,20160510,20160512,20160515,20160516,20160517,20160518,20160519,20160524,20160525,20160527,20160529,20160530,20160601 
Number is 73 
G.4.3_index_2_VS_G.3.5_index_1 [15] PLUS 1 
20160417,20160423,20160427,20160428,20160429,20160430,20160501,20160502,20160503,20160504,20160508,20160510,20160513,20160515,20160518,20160519,20160521,20160524,20160526,20160530,20160602 
Number is 92 
G.5.6_index_2_VS_G.3.5_index_4 [16] PLUS 1 
20160418,20160422,20160424,20160425,20160426,20160427,20160428,20160429,20160430,20160501,20160502,20160503,20160508,20160511,20160514,20160515,20160516,20160521,20160522,20160523,20160527,20160528,20160529,20160530,20160531,20160601 
