======== Current: 20160506 ========= 
Number is 00 
G.6.3_index_3_VS_G.2.2_index_3 [1] 
20160418,20160419,20160420,20160423,20160424,20160427,20160429,20160430,20160501,20160502,20160503,20160504,20160505,20160508,20160510,20160512,20160517,20160518,20160524,20160602 
Number is 01 
G.6.3_index_3_VS_G.5.5_index_4 [2] 
20160418,20160419,20160420,20160425,20160426,20160428,20160430,20160501,20160502,20160503,20160504,20160505,20160507,20160509,20160510,20160515,20160516,20160518,20160522,20160525,20160529,20160530,20160601 
Number is 04 
G.5.3_index_4_VS_G.5.1_index_2 [3] PLUS 1 
20160422,20160426,20160427,20160428,20160430,20160501,20160502,20160503,20160504,20160505,20160506,20160508,20160509,20160510,20160514,20160516,20160517,20160520,20160521,20160525,20160528,20160601 
Number is 06 
G.6.3_index_3_VS_G.5.4_index_1 [4] 
20160417,20160418,20160422,20160425,20160427,20160428,20160430,20160501,20160502,20160503,20160504,20160505,20160507,20160510,20160511,20160518,20160522,20160523,20160524,20160528,20160530 
Number is 07 
G.3.6_index_1_VS_G.3.6_index_2 [5] PLUS 1 
20160417,20160418,20160420,20160421,20160422,20160425,20160428,20160430,20160501,20160502,20160503,20160504,20160505,20160506,20160507,20160508,20160509,20160511,20160514,20160521,20160523,20160525,20160528,20160530 
G.3.6_index_1_VS_G.6.2_index_3 [6] PLUS 1 
20160425,20160430,20160501,20160502,20160503,20160504,20160505,20160506,20160511,20160514,20160522,20160523,20160524,20160525,20160528,20160530 
Number is 11 
G.3.2_index_3_VS_G.5.5_index_4 [7] 
20160418,20160420,20160422,20160425,20160427,20160428,20160430,20160501,20160502,20160503,20160504,20160505,20160508,20160509,20160510,20160513,20160520,20160521,20160522,20160525,20160526,20160527,20160529,20160530,20160531 
Number is 12 
G.5.2_index_3_VS_G.DB_index_1 [8] 
20160417,20160419,20160420,20160421,20160428,20160429,20160430,20160501,20160502,20160503,20160504,20160505,20160508,20160509,20160510,20160513,20160514,20160517,20160521,20160528,20160530 
Number is 22 
G.4.3_index_3_VS_G.2.1_index_5 [9] 
20160418,20160420,20160422,20160424,20160425,20160427,20160428,20160430,20160501,20160502,20160503,20160504,20160505,20160508,20160510,20160511,20160512,20160515,20160520,20160524,20160525,20160526,20160527,20160529,20160601,20160602 
G.4.3_index_3_VS_G.4.4_index_2 [10] 
20160417,20160419,20160420,20160422,20160430,20160501,20160502,20160503,20160504,20160505,20160508,20160513,20160515,20160520,20160526,20160527,20160529,20160530,20160531 
Number is 24 
G.4.3_index_3_VS_G.5.1_index_2 [11] 
20160417,20160418,20160425,20160430,20160501,20160502,20160503,20160504,20160505,20160509,20160510,20160511,20160514,20160520,20160523,20160524,20160526,20160529,20160601 
G.4.3_index_3_VS_G.4.3_index_1 [12] 
20160418,20160419,20160421,20160423,20160425,20160428,20160430,20160501,20160502,20160503,20160504,20160505,20160511,20160520,20160523,20160525,20160526,20160529,20160530,20160531 
Number is 26 
G.6.1_index_3_VS_G.4.3_index_4 [13] 
20160417,20160421,20160426,20160429,20160430,20160501,20160502,20160503,20160504,20160505,20160507,20160509,20160510,20160511,20160516,20160518,20160520,20160524,20160526,20160527,20160602 
G.2.1_index_5_VS_G.7.3_index_2 [14] 
20160420,20160424,20160425,20160429,20160430,20160501,20160502,20160503,20160504,20160505,20160509,20160510,20160511,20160519,20160521,20160526,20160527,20160528,20160531 
Number is 36 
G.4.4_index_4_VS_G.3.3_index_3 [15] PLUS 1 
20160419,20160422,20160427,20160429,20160430,20160501,20160502,20160503,20160504,20160505,20160506,20160507,20160509,20160513,20160516,20160521,20160522,20160523,20160525,20160602 
G.4.4_index_4_VS_G.4.3_index_4 [16] PLUS 1 
20160417,20160418,20160420,20160421,20160422,20160425,20160430,20160501,20160502,20160503,20160504,20160505,20160506,20160507,20160513,20160516,20160520,20160521,20160523,20160526 
Number is 40 
G.5.2_index_2_VS_G.6.3_index_3 [17] PLUS 1 
20160417,20160418,20160419,20160420,20160425,20160426,20160427,20160429,20160430,20160501,20160502,20160503,20160504,20160505,20160506,20160507,20160510,20160512,20160513,20160516,20160520,20160525,20160526,20160529,20160530,20160531,20160602 
G.3.4_index_4_VS_G.6.3_index_3 [18] PLUS 1 
20160417,20160424,20160425,20160429,20160430,20160501,20160502,20160503,20160504,20160505,20160506,20160507,20160511,20160515,20160518,20160519,20160522,20160530,20160531,20160601,20160602 
Number is 43 
G.5.1_index_2_VS_G.4.4_index_4 [19] 
20160425,20160429,20160430,20160501,20160502,20160503,20160504,20160505,20160507,20160509,20160510,20160512,20160513,20160516,20160521,20160522,20160523,20160526,20160602 
Number is 44 
G.2.2_index_1_VS_G.2.2_index_1 [20] 
20160418,20160430,20160501,20160502,20160503,20160504,20160505,20160507,20160513,20160515,20160516,20160517,20160529,20160602 
Number is 46 
G.3.2_index_4_VS_G.7.3_index_2 [21] 
20160419,20160421,20160424,20160426,20160430,20160501,20160502,20160503,20160504,20160505,20160509,20160510,20160511,20160515,20160516,20160517,20160518,20160519,20160520,20160521,20160523,20160526,20160528,20160529,20160531,20160601 
Number is 63 
G.3.3_index_3_VS_G.2.2_index_4 [22] PLUS 1 
20160418,20160419,20160420,20160421,20160423,20160424,20160425,20160428,20160430,20160501,20160502,20160503,20160504,20160505,20160506,20160507,20160510,20160512,20160515,20160516,20160519,20160520,20160522,20160523,20160525,20160601,20160602 
Number is 64 
G.3.5_index_2_VS_G.5.1_index_2 [23] 
20160417,20160419,20160422,20160424,20160426,20160430,20160501,20160502,20160503,20160504,20160505,20160508,20160509,20160511,20160512,20160515,20160523,20160524,20160525,20160526 
Number is 68 
G.5.3_index_1_VS_G.3.1_index_2 [24] PLUS 1 
20160419,20160421,20160424,20160428,20160429,20160430,20160501,20160502,20160503,20160504,20160505,20160506,20160507,20160508,20160509,20160510,20160511,20160515,20160516,20160522,20160524,20160525,20160526,20160527 
Number is 79 
G.5.2_index_1_VS_G.5.6_index_2 [25] PLUS 1 
20160417,20160418,20160422,20160423,20160424,20160426,20160429,20160430,20160501,20160502,20160503,20160504,20160505,20160506,20160510,20160513,20160514,20160516,20160518,20160519,20160520,20160521,20160523,20160527,20160528,20160531,20160601,20160602 
Number is 84 
G.3.1_index_4_VS_G.2.2_index_1 [26] 
20160417,20160421,20160423,20160426,20160427,20160429,20160430,20160501,20160502,20160503,20160504,20160505,20160507,20160510,20160512,20160513,20160514,20160515,20160516,20160517,20160519,20160521,20160523,20160525,20160526,20160529,20160531,20160602 
Number is 86 
G.3.1_index_2_VS_G.4.3_index_4 [27] PLUS 1 
20160417,20160420,20160423,20160424,20160426,20160428,20160430,20160501,20160502,20160503,20160504,20160505,20160506,20160518,20160519,20160520,20160522,20160524,20160526 
Number is 96 
G.3.5_index_3_VS_G.3.3_index_3 [28] 
20160418,20160420,20160422,20160424,20160427,20160428,20160429,20160430,20160501,20160502,20160503,20160504,20160505,20160507,20160510,20160511,20160512,20160519,20160523,20160525,20160526,20160602 
