======== Current: 20160514 ========= 
Number is 02 
G.5.1_index_4_VS_G.2.2_index_4 [1] PLUS 1 
20160421,20160425,20160428,20160429,20160501,20160503,20160504,20160506,20160507,20160508,20160509,20160510,20160511,20160512,20160513,20160514,20160515,20160516,20160518,20160519,20160522,20160524,20160527,20160528,20160530 
Number is 10 
G.3.5_index_3_VS_G.5.1_index_4 [2] 
20160420,20160422,20160425,20160426,20160427,20160501,20160506,20160507,20160508,20160509,20160510,20160511,20160512,20160513,20160518,20160519,20160521,20160523,20160524,20160526,20160529,20160530,20160531,20160602 
Number is 12 
G.3.5_index_3_VS_G.3.1_index_5 [3] 
20160421,20160423,20160426,20160501,20160502,20160504,20160505,20160508,20160509,20160510,20160511,20160512,20160513,20160517,20160520,20160522,20160524,20160526,20160528,20160529 
Number is 13 
G.3.4_index_5_VS_G.5.1_index_2 [4] 
20160422,20160423,20160428,20160504,20160505,20160508,20160509,20160510,20160511,20160512,20160513,20160515,20160516,20160517,20160519,20160522,20160524,20160525 
Number is 17 
G.3.5_index_3_VS_G.4.1_index_1 [5] 
20160420,20160421,20160425,20160426,20160427,20160430,20160502,20160505,20160508,20160509,20160510,20160511,20160512,20160513,20160518,20160525,20160526,20160529,20160530,20160531,20160602 
Number is 25 
G.2.2_index_2_VS_G.6.1_index_1 [6] PLUS 1 
20160417,20160419,20160421,20160423,20160425,20160502,20160505,20160506,20160507,20160508,20160509,20160510,20160511,20160512,20160513,20160514,20160516,20160517,20160518,20160519,20160520,20160521,20160525,20160526,20160528,20160529,20160531 
Number is 29 
G.4.4_index_4_VS_G.5.4_index_4 [7] 
20160417,20160419,20160423,20160430,20160504,20160505,20160507,20160508,20160509,20160510,20160511,20160512,20160513,20160515,20160516,20160520,20160521,20160523,20160525,20160602 
Number is 30 
G.3.2_index_1_VS_G.5.1_index_4 [8] 
20160418,20160422,20160425,20160428,20160429,20160505,20160507,20160508,20160509,20160510,20160511,20160512,20160513,20160516,20160518,20160525,20160526,20160527,20160528,20160529,20160602 
Number is 34 
G.3.1_index_4_VS_G.3.6_index_2 [9] 
20160417,20160418,20160419,20160420,20160421,20160423,20160425,20160503,20160504,20160505,20160506,20160508,20160509,20160510,20160511,20160512,20160513,20160515,20160516,20160517,20160519,20160520,20160523,20160524,20160528,20160530,20160531,20160601 
Number is 35 
G.5.1_index_2_VS_G.2.1_index_2 [10] 
20160429,20160430,20160502,20160503,20160504,20160507,20160508,20160509,20160510,20160511,20160512,20160513,20160516,20160517,20160524,20160525,20160528,20160530,20160601 
Number is 41 
G.3.6_index_4_VS_G.3.5_index_3 [11] PLUS 1 
20160422,20160424,20160425,20160427,20160428,20160503,20160504,20160505,20160507,20160508,20160509,20160510,20160511,20160512,20160513,20160514,20160519,20160527 
G.4.4_index_1_VS_G.3.5_index_2 [12] PLUS 1 
20160419,20160420,20160422,20160424,20160430,20160501,20160502,20160504,20160505,20160508,20160509,20160510,20160511,20160512,20160513,20160514,20160518,20160519,20160520,20160523,20160525,20160526,20160528,20160529 
Number is 47 
G.7.4_index_2_VS_G.5.3_index_2 [13] PLUS 1 
20160419,20160423,20160428,20160501,20160502,20160504,20160506,20160508,20160509,20160510,20160511,20160512,20160513,20160514,20160516,20160520,20160521,20160525,20160527,20160530 
Number is 48 
G.3.5_index_5_VS_G.6.2_index_3 [14] 
20160423,20160425,20160427,20160428,20160503,20160505,20160507,20160508,20160509,20160510,20160511,20160512,20160513,20160518,20160522,20160523,20160527,20160528 
Number is 62 
G.6.3_index_3_VS_G.4.4_index_4 [15] 
20160420,20160422,20160423,20160425,20160501,20160502,20160503,20160505,20160507,20160508,20160509,20160510,20160511,20160512,20160513,20160518,20160521,20160522,20160523,20160527,20160530,20160602 
G.4.3_index_3_VS_G.5.5_index_1 [16] 
20160419,20160422,20160424,20160425,20160426,20160427,20160428,20160429,20160502,20160504,20160508,20160509,20160510,20160511,20160512,20160513,20160520,20160525,20160526,20160527,20160530,20160531,20160601 
Number is 64 
G.5.2_index_1_VS_G.3.6_index_4 [17] 
20160417,20160420,20160421,20160422,20160426,20160429,20160504,20160507,20160508,20160509,20160510,20160511,20160512,20160513,20160517,20160518,20160519,20160520,20160522,20160528,20160529,20160602 
Number is 66 
G.5.3_index_4_VS_G.1.1_index_3 [18] 
20160418,20160425,20160427,20160428,20160502,20160505,20160506,20160508,20160509,20160510,20160511,20160512,20160513,20160519,20160523,20160531 
Number is 81 
G.6.2_index_3_VS_G.5.1_index_1 [19] PLUS 1 
20160418,20160425,20160430,20160502,20160505,20160506,20160507,20160508,20160509,20160510,20160511,20160512,20160513,20160514,20160515,20160516,20160517,20160518,20160519,20160521,20160522,20160523,20160525,20160526,20160527,20160528,20160529,20160531,20160602 
Number is 93 
G.4.1_index_2_VS_G.3.2_index_1 [20] 
20160418,20160420,20160422,20160425,20160502,20160505,20160508,20160509,20160510,20160511,20160512,20160513,20160515,20160518,20160523,20160524,20160525,20160527,20160529,20160601 
Number is 98 
G.4.1_index_2_VS_G.5.2_index_2 [21] PLUS 1 
20160418,20160420,20160427,20160428,20160430,20160501,20160503,20160504,20160507,20160508,20160509,20160510,20160511,20160512,20160513,20160514,20160515,20160517,20160523,20160525,20160526,20160601 
