======== Current: 20160516 ========= 
Number is 05 
G.6.3_index_3_VS_G.5.4_index_4 [1] PLUS 1 
20160418,20160419,20160423,20160424,20160425,20160426,20160428,20160429,20160430,20160502,20160505,20160507,20160510,20160511,20160512,20160513,20160514,20160515,20160516,20160518,20160520,20160524,20160527,20160530,20160601,20160602 
Number is 11 
G.2.1_index_2_VS_G.5.3_index_4 [2] PLUS 1 
20160420,20160422,20160424,20160427,20160428,20160505,20160506,20160507,20160510,20160511,20160512,20160513,20160514,20160515,20160516,20160524,20160526,20160530,20160531 
Number is 12 
G.5.3_index_4_VS_G.2.2_index_1 [3] 
20160421,20160423,20160424,20160425,20160428,20160430,20160505,20160506,20160508,20160510,20160511,20160512,20160513,20160514,20160515,20160517,20160521,20160525,20160531 
Number is 20 
G.7.4_index_2_VS_G.DB_index_1 [4] 
20160420,20160422,20160426,20160428,20160506,20160508,20160510,20160511,20160512,20160513,20160514,20160515,20160517,20160518,20160519,20160522,20160524,20160525,20160526,20160602 
Number is 48 
G.5.2_index_1_VS_G.3.4_index_2 [5] 
20160417,20160419,20160421,20160422,20160424,20160426,20160427,20160501,20160503,20160504,20160506,20160508,20160510,20160511,20160512,20160513,20160514,20160515,20160519,20160520,20160523,20160524,20160525,20160527,20160528,20160529,20160530,20160601,20160602 
Number is 49 
G.5.2_index_1_VS_G.6.1_index_2 [6] 
20160417,20160423,20160502,20160504,20160506,20160507,20160508,20160510,20160511,20160512,20160513,20160514,20160515,20160518,20160519,20160520,20160521,20160523,20160524,20160525,20160530,20160531,20160601 
Number is 52 
G.3.5_index_2_VS_G.7.4_index_2 [7] PLUS 1 
20160424,20160428,20160429,20160501,20160502,20160503,20160508,20160510,20160511,20160512,20160513,20160514,20160515,20160516,20160517,20160522,20160524,20160526,20160527 
G.4.1_index_1_VS_G.3.6_index_2 [8] PLUS 1 
20160421,20160423,20160425,20160429,20160501,20160502,20160503,20160504,20160506,20160507,20160509,20160510,20160511,20160512,20160513,20160514,20160515,20160516,20160517,20160518,20160521,20160523,20160525,20160526,20160529,20160530,20160601 
Number is 58 
G.4.1_index_1_VS_G.3.3_index_4 [9] 
20160417,20160419,20160422,20160423,20160425,20160427,20160429,20160506,20160507,20160508,20160510,20160511,20160512,20160513,20160514,20160515,20160520,20160521,20160525,20160526,20160602 
Number is 65 
G.4.1_index_2_VS_G.7.1_index_2 [10] 
20160418,20160420,20160421,20160424,20160427,20160429,20160501,20160502,20160509,20160510,20160511,20160512,20160513,20160514,20160515,20160520,20160524,20160526,20160528 
Number is 66 
G.4.1_index_2_VS_G.5.2_index_2 [11] 
20160418,20160420,20160427,20160428,20160430,20160501,20160503,20160504,20160507,20160508,20160509,20160510,20160511,20160512,20160513,20160514,20160515,20160517,20160523,20160525,20160526,20160601 
Number is 70 
G.3.3_index_1_VS_G.7.4_index_1 [12] 
20160419,20160420,20160425,20160429,20160430,20160501,20160503,20160508,20160510,20160511,20160512,20160513,20160514,20160515,20160518,20160523,20160526,20160527,20160531,20160601,20160602 
Number is 77 
G.5.1_index_4_VS_G.2.2_index_4 [13] PLUS 1 
20160421,20160425,20160428,20160429,20160501,20160503,20160504,20160506,20160507,20160508,20160509,20160510,20160511,20160512,20160513,20160514,20160515,20160516,20160518,20160519,20160522,20160524,20160527,20160528,20160530 
Number is 78 
G.3.3_index_3_VS_G.4.3_index_3 [14] 
20160417,20160418,20160419,20160422,20160425,20160427,20160501,20160502,20160504,20160505,20160510,20160511,20160512,20160513,20160514,20160515,20160518,20160522,20160523,20160525,20160526,20160528,20160529,20160530,20160531 
Number is 81 
G.5.2_index_4_VS_G.5.3_index_1 [15] 
20160419,20160420,20160426,20160501,20160503,20160507,20160510,20160511,20160512,20160513,20160514,20160515,20160520,20160522,20160524,20160526,20160528,20160529,20160531 
Number is 85 
G.5.5_index_2_VS_G.7.1_index_2 [16] 
20160417,20160418,20160421,20160424,20160426,20160501,20160502,20160503,20160507,20160509,20160510,20160511,20160512,20160513,20160514,20160515,20160522,20160529 
Number is 97 
G.6.2_index_3_VS_G.5.1_index_1 [17] PLUS 1 
20160418,20160425,20160430,20160502,20160505,20160506,20160507,20160508,20160509,20160510,20160511,20160512,20160513,20160514,20160515,20160516,20160517,20160518,20160519,20160521,20160522,20160523,20160525,20160526,20160527,20160528,20160529,20160531,20160602 
