======== Current: 20160517 ========= 
Number is 04 
G.3.5_index_2_VS_G.7.4_index_2 [1] PLUS 1 
20160424,20160428,20160429,20160501,20160502,20160503,20160508,20160510,20160511,20160512,20160513,20160514,20160515,20160516,20160517,20160522,20160524,20160526,20160527 
Number is 13 
G.2.2_index_2_VS_G.2.1_index_2 [2] PLUS 1 
20160417,20160420,20160422,20160425,20160428,20160502,20160503,20160505,20160507,20160508,20160511,20160512,20160513,20160514,20160515,20160516,20160517,20160519,20160520,20160524,20160525,20160526,20160530,20160601 
Number is 15 
G.4.1_index_2_VS_G.1.1_index_2 [3] 
20160420,20160421,20160422,20160424,20160429,20160430,20160501,20160502,20160505,20160509,20160511,20160512,20160513,20160514,20160515,20160516,20160518,20160520,20160521,20160523,20160524,20160525,20160527,20160528,20160601 
Number is 16 
G.3.1_index_4_VS_G.6.1_index_2 [4] 
20160420,20160425,20160427,20160428,20160502,20160508,20160511,20160512,20160513,20160514,20160515,20160516,20160519,20160525,20160526,20160601 
Number is 23 
G.5.1_index_1_VS_G.2.1_index_2 [5] PLUS 1 
20160418,20160422,20160426,20160428,20160430,20160503,20160504,20160505,20160507,20160511,20160512,20160513,20160514,20160515,20160516,20160517,20160519,20160520,20160524,20160525,20160528,20160530,20160531,20160601 
Number is 27 
G.6.3_index_3_VS_G.5.4_index_4 [6] 
20160418,20160419,20160423,20160424,20160425,20160426,20160428,20160429,20160430,20160502,20160505,20160507,20160510,20160511,20160512,20160513,20160514,20160515,20160516,20160518,20160520,20160524,20160527,20160530,20160601,20160602 
Number is 29 
G.4.4_index_4_VS_G.2.2_index_1 [7] PLUS 1 
20160418,20160421,20160422,20160423,20160427,20160429,20160503,20160504,20160507,20160511,20160512,20160513,20160514,20160515,20160516,20160517,20160522,20160527,20160528,20160529,20160530 
Number is 32 
G.6.2_index_3_VS_G.5.1_index_1 [8] PLUS 1 
20160418,20160425,20160430,20160502,20160505,20160506,20160507,20160508,20160509,20160510,20160511,20160512,20160513,20160514,20160515,20160516,20160517,20160518,20160519,20160521,20160522,20160523,20160525,20160526,20160527,20160528,20160529,20160531,20160602 
Number is 34 
G.4.4_index_3_VS_G.3.4_index_3 [9] PLUS 1 
20160417,20160418,20160421,20160424,20160425,20160426,20160427,20160429,20160430,20160501,20160502,20160504,20160505,20160506,20160508,20160511,20160512,20160513,20160514,20160515,20160516,20160517,20160518,20160524,20160526,20160528 
Number is 39 
G.2.1_index_2_VS_G.5.3_index_4 [10] 
20160420,20160422,20160424,20160427,20160428,20160505,20160506,20160507,20160510,20160511,20160512,20160513,20160514,20160515,20160516,20160524,20160526,20160530,20160531 
Number is 41 
G.7.4_index_2_VS_G.3.4_index_5 [11] PLUS 1 
20160420,20160421,20160423,20160428,20160430,20160504,20160506,20160507,20160508,20160511,20160512,20160513,20160514,20160515,20160516,20160517,20160519,20160520,20160521,20160522,20160525,20160531 
Number is 63 
G.3.5_index_3_VS_G.2.1_index_2 [12] 
20160420,20160423,20160428,20160503,20160505,20160507,20160508,20160509,20160511,20160512,20160513,20160514,20160515,20160516,20160520,20160523,20160526,20160527,20160528,20160529,20160530,20160601 
Number is 69 
G.3.5_index_3_VS_G.5.1_index_3 [13] PLUS 1 
20160418,20160419,20160422,20160424,20160428,20160501,20160502,20160503,20160504,20160507,20160511,20160512,20160513,20160514,20160515,20160516,20160517,20160525,20160527,20160528,20160529,20160530 
Number is 71 
G.4.1_index_1_VS_G.3.6_index_2 [14] PLUS 1 
20160421,20160423,20160425,20160429,20160501,20160502,20160503,20160504,20160506,20160507,20160509,20160510,20160511,20160512,20160513,20160514,20160515,20160516,20160517,20160518,20160521,20160523,20160525,20160526,20160529,20160530,20160601 
Number is 72 
G.5.1_index_4_VS_G.2.2_index_4 [15] 
20160421,20160425,20160428,20160429,20160501,20160503,20160504,20160506,20160507,20160508,20160509,20160510,20160511,20160512,20160513,20160514,20160515,20160516,20160518,20160519,20160522,20160524,20160527,20160528,20160530 
Number is 79 
G.5.1_index_4_VS_G.3.2_index_5 [16] 
20160417,20160418,20160422,20160423,20160424,20160426,20160501,20160505,20160506,20160507,20160508,20160511,20160512,20160513,20160514,20160515,20160516,20160518,20160523,20160524,20160526,20160530,20160602 
Number is 95 
G.2.2_index_1_VS_G.7.1_index_2 [17] 
20160420,20160421,20160423,20160425,20160426,20160427,20160429,20160501,20160503,20160504,20160508,20160511,20160512,20160513,20160514,20160515,20160516,20160520,20160522,20160526,20160528,20160529,20160530,20160602 
Number is 99 
G.4.1_index_4_VS_G.5.3_index_4 [18] PLUS 1 
20160420,20160421,20160428,20160501,20160506,20160508,20160511,20160512,20160513,20160514,20160515,20160516,20160517,20160525,20160528,20160531,20160601 
