======== Current: 20160519 ========= 
Number is 14 
G.3.4_index_5_VS_G.3.4_index_4 [1] PLUS 1 
20160419,20160420,20160421,20160426,20160428,20160429,20160430,20160505,20160507,20160509,20160513,20160514,20160515,20160516,20160517,20160518,20160519,20160521,20160522,20160524,20160526,20160527,20160531,20160601 
Number is 18 
G.3.6_index_3_VS_G.5.3_index_3 [2] 
20160418,20160419,20160424,20160425,20160426,20160429,20160504,20160505,20160506,20160511,20160513,20160514,20160515,20160516,20160517,20160518,20160523,20160524,20160525,20160528,20160529 
Number is 27 
G.4.4_index_3_VS_G.3.4_index_3 [3] 
20160417,20160418,20160421,20160424,20160425,20160426,20160427,20160429,20160430,20160501,20160502,20160504,20160505,20160506,20160508,20160511,20160512,20160513,20160514,20160515,20160516,20160517,20160518,20160524,20160526,20160528 
Number is 31 
G.5.2_index_1_VS_G.3.6_index_3 [4] PLUS 1 
20160418,20160419,20160421,20160422,20160425,20160426,20160429,20160502,20160503,20160507,20160508,20160509,20160512,20160513,20160514,20160515,20160516,20160517,20160518,20160519,20160527,20160528,20160530 
Number is 37 
G.2.1_index_5_VS_G.3.4_index_3 [5] 
20160418,20160419,20160420,20160426,20160429,20160503,20160505,20160508,20160512,20160513,20160514,20160515,20160516,20160517,20160518,20160520,20160521,20160523,20160524,20160525,20160529,20160602 
Number is 48 
G.3.4_index_4_VS_G.2.2_index_1 [6] 
20160418,20160421,20160424,20160425,20160426,20160430,20160503,20160507,20160508,20160511,20160513,20160514,20160515,20160516,20160517,20160518,20160521,20160522,20160525,20160526,20160528,20160529,20160530,20160601 
Number is 58 
G.6.2_index_2_VS_G.5.1_index_4 [7] PLUS 1 
20160417,20160420,20160421,20160422,20160423,20160424,20160426,20160427,20160428,20160429,20160504,20160505,20160506,20160507,20160510,20160512,20160513,20160514,20160515,20160516,20160517,20160518,20160519,20160520,20160522,20160525,20160526,20160527,20160529,20160530 
Number is 70 
G.6.2_index_3_VS_G.5.1_index_1 [8] PLUS 1 
20160418,20160425,20160430,20160502,20160505,20160506,20160507,20160508,20160509,20160510,20160511,20160512,20160513,20160514,20160515,20160516,20160517,20160518,20160519,20160521,20160522,20160523,20160525,20160526,20160527,20160528,20160529,20160531,20160602 
G.5.2_index_4_VS_G.4.2_index_3 [9] PLUS 1 
20160419,20160422,20160426,20160428,20160430,20160507,20160509,20160513,20160514,20160515,20160516,20160517,20160518,20160519,20160520,20160522,20160526 
Number is 72 
G.4.1_index_1_VS_G.7.4_index_2 [10] 
20160422,20160423,20160425,20160426,20160427,20160505,20160506,20160508,20160510,20160512,20160513,20160514,20160515,20160516,20160517,20160518,20160520,20160530,20160531 
G.4.1_index_1_VS_G.3.6_index_2 [11] 
20160421,20160423,20160425,20160429,20160501,20160502,20160503,20160504,20160506,20160507,20160509,20160510,20160511,20160512,20160513,20160514,20160515,20160516,20160517,20160518,20160521,20160523,20160525,20160526,20160529,20160530,20160601 
Number is 74 
G.4.1_index_1_VS_G.3.3_index_2 [12] 
20160420,20160422,20160423,20160427,20160428,20160430,20160504,20160505,20160509,20160510,20160513,20160514,20160515,20160516,20160517,20160518,20160520,20160521,20160522,20160524,20160525,20160526,20160527,20160530,20160531,20160601 
G.4.3_index_4_VS_G.DB_index_5 [13] 
20160419,20160426,20160430,20160501,20160503,20160505,20160506,20160507,20160512,20160513,20160514,20160515,20160516,20160517,20160518,20160520,20160522,20160523,20160524,20160526,20160528,20160529,20160530 
Number is 78 
G.6.2_index_3_VS_G.4.1_index_2 [14] 
20160422,20160424,20160428,20160429,20160430,20160506,20160509,20160510,20160512,20160513,20160514,20160515,20160516,20160517,20160518,20160520,20160523,20160525,20160527,20160528,20160529 
Number is 81 
G.5.1_index_4_VS_G.3.6_index_3 [15] 
20160420,20160423,20160424,20160425,20160426,20160503,20160504,20160505,20160513,20160514,20160515,20160516,20160517,20160518,20160522,20160525,20160530,20160602 
Number is 83 
G.4.1_index_2_VS_G.5.6_index_3 [16] PLUS 1 
20160418,20160420,20160421,20160423,20160426,20160427,20160428,20160429,20160430,20160501,20160509,20160511,20160513,20160514,20160515,20160516,20160517,20160518,20160519,20160520,20160523,20160524,20160528,20160529,20160601 
Number is 87 
G.2.2_index_1_VS_G.7.1_index_1 [17] 
20160418,20160420,20160421,20160424,20160426,20160430,20160501,20160504,20160507,20160508,20160509,20160510,20160511,20160513,20160514,20160515,20160516,20160517,20160518,20160521,20160522,20160523,20160529,20160530,20160602 
G.2.2_index_1_VS_G.2.2_index_5 [18] 
20160420,20160424,20160425,20160430,20160501,20160502,20160504,20160507,20160508,20160509,20160511,20160513,20160514,20160515,20160516,20160517,20160518,20160522,20160524,20160526,20160528,20160530,20160601,20160602 
Number is 92 
G.3.5_index_1_VS_G.7.4_index_2 [19] 
20160422,20160425,20160426,20160427,20160428,20160430,20160502,20160506,20160508,20160511,20160513,20160514,20160515,20160516,20160517,20160518,20160520,20160522,20160523,20160525,20160527,20160529,20160602 
