======== Current: 20160520 ========= 
Number is 01 
G.7.4_index_1_VS_G.5.6_index_4 [1] PLUS 1 
20160420,20160425,20160428,20160429,20160501,20160506,20160514,20160515,20160516,20160517,20160518,20160519,20160520,20160521,20160523,20160525,20160528,20160529,20160602 
Number is 06 
G.3.4_index_5_VS_G.3.4_index_4 [2] 
20160419,20160420,20160421,20160426,20160428,20160429,20160430,20160505,20160507,20160509,20160513,20160514,20160515,20160516,20160517,20160518,20160519,20160521,20160522,20160524,20160526,20160527,20160531,20160601 
Number is 08 
G.4.4_index_1_VS_G.4.1_index_4 [3] 
20160421,20160422,20160423,20160425,20160429,20160501,20160503,20160508,20160509,20160510,20160511,20160514,20160515,20160516,20160517,20160518,20160519,20160521,20160527,20160601 
Number is 10 
G.3.6_index_4_VS_G.7.4_index_1 [4] PLUS 1 
20160418,20160420,20160427,20160428,20160502,20160507,20160508,20160509,20160510,20160514,20160515,20160516,20160517,20160518,20160519,20160520,20160524,20160525 
Number is 13 
G.4.1_index_2_VS_G.5.6_index_3 [5] PLUS 1 
20160418,20160420,20160421,20160423,20160426,20160427,20160428,20160429,20160430,20160501,20160509,20160511,20160513,20160514,20160515,20160516,20160517,20160518,20160519,20160520,20160523,20160524,20160528,20160529,20160601 
Number is 30 
G.5.6_index_3_VS_G.3.4_index_5 [6] PLUS 1 
20160419,20160420,20160421,20160422,20160426,20160430,20160502,20160503,20160504,20160505,20160507,20160508,20160514,20160515,20160516,20160517,20160518,20160519,20160520,20160525,20160526,20160531,20160601 
Number is 31 
G.7.3_index_1_VS_G.5.6_index_4 [7] PLUS 1 
20160420,20160422,20160425,20160426,20160428,20160429,20160501,20160502,20160504,20160505,20160511,20160514,20160515,20160516,20160517,20160518,20160519,20160520,20160521,20160522,20160527,20160528,20160530,20160531,20160601,20160602 
Number is 46 
G.DB_index_3_VS_G.4.2_index_3 [8] 
20160418,20160419,20160420,20160421,20160422,20160430,20160502,20160509,20160514,20160515,20160516,20160517,20160518,20160519,20160522,20160524,20160530,20160531 
Number is 47 
G.3.6_index_3_VS_G.7.1_index_1 [9] 
20160420,20160423,20160424,20160501,20160503,20160507,20160508,20160509,20160514,20160515,20160516,20160517,20160518,20160519,20160521,20160522,20160523,20160524,20160525,20160528,20160530 
Number is 53 
G.3.1_index_5_VS_G.6.1_index_3 [10] PLUS 1 
20160420,20160426,20160429,20160430,20160502,20160506,20160508,20160510,20160511,20160514,20160515,20160516,20160517,20160518,20160519,20160520,20160527,20160528,20160601 
Number is 58 
G.6.2_index_2_VS_G.5.1_index_4 [11] PLUS 1 
20160417,20160420,20160421,20160422,20160423,20160424,20160426,20160427,20160428,20160429,20160504,20160505,20160506,20160507,20160510,20160512,20160513,20160514,20160515,20160516,20160517,20160518,20160519,20160520,20160522,20160525,20160526,20160527,20160529,20160530 
Number is 59 
G.6.2_index_2_VS_G.5.5_index_4 [12] 
20160418,20160419,20160420,20160421,20160426,20160428,20160429,20160430,20160503,20160514,20160515,20160516,20160517,20160518,20160519,20160522,20160525,20160527,20160529,20160602 
Number is 61 
G.3.3_index_1_VS_G.6.1_index_2 [13] PLUS 1 
20160420,20160422,20160428,20160429,20160502,20160503,20160504,20160510,20160511,20160514,20160515,20160516,20160517,20160518,20160519,20160520,20160521,20160524,20160526,20160530,20160601 
Number is 63 
G.6.2_index_3_VS_G.5.1_index_1 [14] 
20160418,20160425,20160430,20160502,20160505,20160506,20160507,20160508,20160509,20160510,20160511,20160512,20160513,20160514,20160515,20160516,20160517,20160518,20160519,20160521,20160522,20160523,20160525,20160526,20160527,20160528,20160529,20160531,20160602 
Number is 64 
G.5.2_index_1_VS_G.3.6_index_3 [15] 
20160418,20160419,20160421,20160422,20160425,20160426,20160429,20160502,20160503,20160507,20160508,20160509,20160512,20160513,20160514,20160515,20160516,20160517,20160518,20160519,20160527,20160528,20160530 
Number is 65 
G.3.6_index_2_VS_G.6.2_index_2 [16] PLUS 1 
20160417,20160418,20160421,20160422,20160428,20160429,20160430,20160502,20160503,20160506,20160508,20160509,20160510,20160511,20160512,20160514,20160515,20160516,20160517,20160518,20160519,20160520,20160522,20160528,20160529,20160601 
Number is 67 
G.6.2_index_3_VS_G.3.2_index_4 [17] PLUS 1 
20160420,20160425,20160428,20160429,20160503,20160505,20160507,20160508,20160511,20160514,20160515,20160516,20160517,20160518,20160519,20160520,20160522,20160525,20160527,20160531,20160601 
Number is 74 
G.2.2_index_5_VS_G.3.6_index_3 [18] 
20160418,20160420,20160424,20160429,20160501,20160502,20160507,20160508,20160512,20160514,20160515,20160516,20160517,20160518,20160519,20160526,20160527,20160528,20160529,20160530 
Number is 81 
G.4.1_index_4_VS_G.3.2_index_1 [19] 
20160421,20160422,20160423,20160424,20160429,20160502,20160503,20160506,20160508,20160510,20160514,20160515,20160516,20160517,20160518,20160519,20160521,20160523,20160525,20160528,20160601,20160602 
Number is 96 
G.5.2_index_4_VS_G.4.2_index_3 [20] PLUS 1 
20160419,20160422,20160426,20160428,20160430,20160507,20160509,20160513,20160514,20160515,20160516,20160517,20160518,20160519,20160520,20160522,20160526 
