======== Current: 20160522 ========= 
Number is 07 
G.6.2_index_1_VS_G.3.6_index_4 [1] 
20160420,20160421,20160426,20160428,20160505,20160510,20160516,20160517,20160518,20160519,20160520,20160521,20160529 
Number is 21 
G.3.3_index_2_VS_G.6.1_index_3 [2] 
20160419,20160423,20160425,20160426,20160427,20160428,20160430,20160503,20160505,20160507,20160512,20160516,20160517,20160518,20160519,20160520,20160521,20160524,20160528,20160529,20160531,20160601,20160602 
Number is 24 
G.5.2_index_2_VS_G.DB_index_4 [3] PLUS 1 
20160417,20160419,20160420,20160421,20160424,20160427,20160428,20160429,20160503,20160505,20160506,20160508,20160512,20160516,20160517,20160518,20160519,20160520,20160521,20160522,20160524,20160525,20160526,20160528,20160529,20160530,20160531,20160601,20160602 
Number is 31 
G.3.2_index_4_VS_G.7.3_index_2 [4] 
20160419,20160421,20160424,20160426,20160430,20160501,20160502,20160503,20160504,20160505,20160509,20160510,20160511,20160515,20160516,20160517,20160518,20160519,20160520,20160521,20160523,20160526,20160528,20160529,20160531,20160601 
Number is 37 
G.7.1_index_1_VS_G.3.3_index_1 [5] PLUS 1 
20160419,20160420,20160424,20160426,20160429,20160502,20160503,20160504,20160509,20160513,20160515,20160516,20160517,20160518,20160519,20160520,20160521,20160522,20160525,20160527,20160528 
G.3.2_index_4_VS_G.3.2_index_5 [6] PLUS 1 
20160420,20160422,20160429,20160501,20160504,20160505,20160507,20160509,20160515,20160516,20160517,20160518,20160519,20160520,20160521,20160522,20160527,20160530 
Number is 43 
G.4.4_index_2_VS_G.3.2_index_4 [7] PLUS 1 
20160422,20160424,20160427,20160428,20160502,20160507,20160508,20160509,20160512,20160516,20160517,20160518,20160519,20160520,20160521,20160522,20160523,20160526,20160527,20160531 
Number is 46 
G.DB_index_4_VS_G.3.1_index_5 [8] 
20160417,20160420,20160421,20160423,20160429,20160502,20160504,20160505,20160508,20160509,20160516,20160517,20160518,20160519,20160520,20160521,20160523,20160525,20160527,20160602 
Number is 56 
G.7.4_index_2_VS_G.5.2_index_1 [9] 
20160420,20160421,20160426,20160427,20160428,20160429,20160501,20160502,20160503,20160506,20160508,20160509,20160510,20160512,20160513,20160515,20160516,20160517,20160518,20160519,20160520,20160521,20160525,20160527,20160528,20160531,20160602 
Number is 60 
G.6.3_index_1_VS_G.2.2_index_3 [10] PLUS 1 
20160417,20160418,20160420,20160421,20160425,20160426,20160428,20160505,20160506,20160510,20160511,20160515,20160516,20160517,20160518,20160519,20160520,20160521,20160522,20160527,20160601,20160602 
Number is 61 
G.3.4_index_3_VS_G.5.4_index_4 [11] 
20160419,20160422,20160423,20160424,20160426,20160430,20160509,20160511,20160513,20160515,20160516,20160517,20160518,20160519,20160520,20160521,20160524,20160525,20160530,20160602 
G.5.6_index_3_VS_G.1.1_index_4 [12] 
20160418,20160420,20160421,20160425,20160427,20160430,20160502,20160504,20160511,20160516,20160517,20160518,20160519,20160520,20160521,20160523,20160526,20160527,20160602 
Number is 65 
G.3.1_index_5_VS_G.4.4_index_4 [13] 
20160420,20160421,20160501,20160502,20160504,20160506,20160510,20160516,20160517,20160518,20160519,20160520,20160521,20160523,20160528,20160602 
Number is 66 
G.3.1_index_5_VS_G.DB_index_2 [14] 
20160420,20160421,20160422,20160427,20160429,20160501,20160502,20160505,20160508,20160511,20160512,20160513,20160515,20160516,20160517,20160518,20160519,20160520,20160521,20160524,20160527,20160528 
Number is 67 
G.7.3_index_1_VS_G.5.6_index_4 [15] PLUS 1 
20160420,20160422,20160425,20160426,20160428,20160429,20160501,20160502,20160504,20160505,20160511,20160514,20160515,20160516,20160517,20160518,20160519,20160520,20160521,20160522,20160527,20160528,20160530,20160531,20160601,20160602 
G.5.6_index_3_VS_G.3.6_index_4 [16] PLUS 1 
20160418,20160422,20160427,20160503,20160508,20160509,20160511,20160512,20160516,20160517,20160518,20160519,20160520,20160521,20160522,20160524,20160525,20160529,20160601 
Number is 69 
G.3.1_index_5_VS_G.4.1_index_3 [17] 
20160420,20160423,20160424,20160426,20160501,20160502,20160504,20160506,20160507,20160508,20160510,20160515,20160516,20160517,20160518,20160519,20160520,20160521,20160526,20160527 
Number is 71 
G.2.2_index_2_VS_G.6.1_index_1 [18] 
20160417,20160419,20160421,20160423,20160425,20160502,20160505,20160506,20160507,20160508,20160509,20160510,20160511,20160512,20160513,20160514,20160516,20160517,20160518,20160519,20160520,20160521,20160525,20160526,20160528,20160529,20160531 
Number is 72 
G.4.1_index_1_VS_G.3.4_index_5 [19] PLUS 1 
20160419,20160421,20160422,20160423,20160424,20160426,20160430,20160501,20160504,20160505,20160506,20160507,20160510,20160513,20160516,20160517,20160518,20160519,20160520,20160521,20160522,20160523,20160525,20160526,20160529,20160531,20160601 
Number is 75 
G.3.3_index_1_VS_G.2.2_index_5 [20] 
20160417,20160419,20160420,20160424,20160429,20160502,20160504,20160509,20160510,20160511,20160516,20160517,20160518,20160519,20160520,20160521,20160523,20160525,20160528,20160529 
Number is 76 
G.4.1_index_1_VS_G.3.4_index_3 [21] PLUS 1 
20160419,20160422,20160426,20160430,20160501,20160502,20160503,20160505,20160506,20160510,20160515,20160516,20160517,20160518,20160519,20160520,20160521,20160522,20160525,20160526,20160529,20160530,20160531 
G.5.6_index_4_VS_G.6.3_index_1 [22] PLUS 1 
20160417,20160418,20160425,20160427,20160428,20160503,20160504,20160505,20160506,20160507,20160510,20160511,20160516,20160517,20160518,20160519,20160520,20160521,20160522,20160523,20160526,20160529,20160531,20160602 
Number is 79 
G.3.3_index_1_VS_G.6.1_index_2 [23] 
20160420,20160422,20160428,20160429,20160502,20160503,20160504,20160510,20160511,20160514,20160515,20160516,20160517,20160518,20160519,20160520,20160521,20160524,20160526,20160530,20160601 
Number is 82 
G.3.5_index_1_VS_G.3.3_index_2 [24] PLUS 1 
20160420,20160427,20160428,20160430,20160504,20160507,20160508,20160509,20160510,20160512,20160513,20160516,20160517,20160518,20160519,20160520,20160521,20160522,20160523,20160527,20160529,20160602 
Number is 87 
G.7.4_index_1_VS_G.5.6_index_4 [25] 
20160420,20160425,20160428,20160429,20160501,20160506,20160514,20160515,20160516,20160517,20160518,20160519,20160520,20160521,20160523,20160525,20160528,20160529,20160602 
