======== Current: 20160526 ========= 
Number is 06 
G.5.4_index_1_VS_G.7.4_index_2 [1] 
20160418,20160422,20160423,20160425,20160428,20160429,20160501,20160504,20160505,20160511,20160512,20160515,20160520,20160521,20160522,20160523,20160524,20160525,20160527,20160601,20160602 
Number is 14 
G.5.5_index_1_VS_G.3.6_index_2 [2] PLUS 1 
20160417,20160418,20160421,20160422,20160425,20160428,20160429,20160430,20160502,20160506,20160508,20160511,20160512,20160516,20160517,20160520,20160521,20160522,20160523,20160524,20160525,20160526,20160528,20160529,20160601 
Number is 18 
G.5.5_index_1_VS_G.4.2_index_3 [3] PLUS 1 
20160417,20160420,20160421,20160422,20160428,20160430,20160506,20160508,20160509,20160510,20160511,20160512,20160515,20160520,20160521,20160522,20160523,20160524,20160525,20160526,20160528,20160531,20160601 
Number is 22 
G.3.5_index_2_VS_G.4.3_index_3 [4] 
20160417,20160418,20160419,20160422,20160424,20160426,20160430,20160501,20160503,20160504,20160508,20160510,20160512,20160513,20160515,20160517,20160520,20160521,20160522,20160523,20160524,20160525,20160527,20160528,20160529,20160530,20160531 
Number is 38 
G.5.2_index_3_VS_G.3.6_index_1 [5] 
20160417,20160426,20160428,20160429,20160430,20160505,20160507,20160508,20160509,20160511,20160512,20160513,20160514,20160518,20160520,20160521,20160522,20160523,20160524,20160525,20160528,20160530,20160601 
Number is 39 
G.5.6_index_1_VS_G.2.1_index_3 [6] PLUS 1 
20160417,20160418,20160420,20160428,20160429,20160502,20160504,20160505,20160507,20160509,20160511,20160515,20160519,20160520,20160521,20160522,20160523,20160524,20160525,20160526,20160602 
Number is 51 
G.4.4_index_1_VS_G.5.5_index_1 [7] 
20160417,20160418,20160420,20160422,20160425,20160428,20160508,20160509,20160513,20160516,20160519,20160520,20160521,20160522,20160523,20160524,20160525,20160527,20160529,20160601 
Number is 53 
G.4.2_index_2_VS_G.5.2_index_3 [8] 
20160419,20160420,20160427,20160429,20160430,20160501,20160502,20160504,20160505,20160509,20160510,20160511,20160515,20160520,20160521,20160522,20160523,20160524,20160525,20160527,20160528,20160530,20160601 
Number is 55 
G.DB_index_4_VS_G.1.1_index_3 [9] 
20160417,20160418,20160419,20160420,20160425,20160427,20160429,20160503,20160506,20160512,20160515,20160517,20160519,20160520,20160521,20160522,20160523,20160524,20160525,20160527,20160531,20160601,20160602 
Number is 66 
G.3.2_index_2_VS_G.5.3_index_2 [10] 
20160418,20160419,20160420,20160421,20160425,20160426,20160429,20160504,20160511,20160512,20160513,20160514,20160516,20160518,20160520,20160521,20160522,20160523,20160524,20160525,20160602 
Number is 75 
G.1.1_index_2_VS_G.4.4_index_1 [11] 
20160418,20160421,20160422,20160430,20160504,20160505,20160507,20160510,20160512,20160515,20160517,20160518,20160520,20160521,20160522,20160523,20160524,20160525,20160527,20160602 
Number is 83 
G.3.6_index_1_VS_G.3.5_index_1 [12] 
20160417,20160418,20160425,20160426,20160429,20160501,20160502,20160506,20160511,20160513,20160516,20160520,20160521,20160522,20160523,20160524,20160525,20160528,20160601,20160602 
Number is 85 
G.7.2_index_1_VS_G.4.2_index_2 [13] 
20160419,20160420,20160421,20160422,20160423,20160425,20160428,20160429,20160430,20160502,20160504,20160505,20160507,20160508,20160510,20160511,20160514,20160515,20160516,20160519,20160520,20160521,20160522,20160523,20160524,20160525,20160527,20160528,20160529,20160530,20160531,20160601,20160602 
Number is 88 
G.3.6_index_1_VS_G.4.4_index_2 [14] 
20160417,20160418,20160422,20160423,20160429,20160501,20160502,20160505,20160506,20160508,20160509,20160511,20160513,20160520,20160521,20160522,20160523,20160524,20160525,20160531,20160601,20160602 
G.DB_index_3_VS_G.4.3_index_1 [15] 
20160419,20160420,20160421,20160422,20160424,20160425,20160428,20160430,20160503,20160504,20160509,20160512,20160514,20160516,20160518,20160520,20160521,20160522,20160523,20160524,20160525,20160529,20160530,20160601 
Number is 99 
G.4.1_index_3_VS_G.6.1_index_2 [16] 
20160427,20160504,20160505,20160507,20160508,20160509,20160512,20160514,20160515,20160516,20160517,20160518,20160520,20160521,20160522,20160523,20160524,20160525,20160529,20160530,20160531,20160601 
