======== Current: 20160528 ========= 
Number is 01 
G.DB_index_5_VS_G.7.4_index_2 [1] PLUS 1 
20160421,20160422,20160425,20160430,20160502,20160506,20160510,20160511,20160512,20160513,20160515,20160516,20160518,20160522,20160523,20160524,20160525,20160526,20160527,20160528,20160529,20160531,20160602 
Number is 04 
G.5.2_index_4_VS_G.1.1_index_1 [2] 
20160418,20160420,20160425,20160426,20160430,20160503,20160507,20160509,20160512,20160513,20160517,20160519,20160522,20160523,20160524,20160525,20160526,20160527,20160529 
Number is 14 
G.5.6_index_2_VS_G.7.4_index_1 [3] 
20160417,20160424,20160426,20160427,20160429,20160501,20160503,20160506,20160507,20160508,20160509,20160512,20160513,20160515,20160516,20160519,20160520,20160522,20160523,20160524,20160525,20160526,20160527,20160529 
Number is 27 
G.4.4_index_4_VS_G.3.5_index_2 [4] 
20160418,20160419,20160422,20160424,20160429,20160501,20160503,20160506,20160507,20160510,20160511,20160513,20160516,20160517,20160522,20160523,20160524,20160525,20160526,20160527,20160602 
G.6.2_index_2_VS_G.3.5_index_2 [5] 
20160424,20160425,20160426,20160428,20160504,20160507,20160511,20160512,20160513,20160515,20160517,20160519,20160520,20160522,20160523,20160524,20160525,20160526,20160527 
Number is 28 
G.5.5_index_1_VS_G.7.1_index_1 [6] PLUS 1 
20160418,20160429,20160504,20160505,20160507,20160508,20160510,20160513,20160516,20160517,20160518,20160520,20160522,20160523,20160524,20160525,20160526,20160527,20160528,20160529,20160530,20160601 
Number is 32 
G.1.1_index_2_VS_G.5.5_index_1 [7] 
20160417,20160418,20160420,20160421,20160422,20160424,20160430,20160507,20160509,20160513,20160520,20160522,20160523,20160524,20160525,20160526,20160527,20160601 
Number is 33 
G.5.1_index_2_VS_G.5.1_index_4 [8] 
20160419,20160422,20160425,20160426,20160427,20160428,20160429,20160430,20160501,20160507,20160508,20160510,20160511,20160512,20160516,20160517,20160522,20160523,20160524,20160525,20160526,20160527,20160529,20160602 
G.5.1_index_2_VS_G.4.4_index_3 [9] 
20160417,20160418,20160426,20160430,20160501,20160502,20160504,20160509,20160510,20160512,20160517,20160520,20160522,20160523,20160524,20160525,20160526,20160527 
Number is 37 
G.4.4_index_3_VS_G.6.3_index_2 [10] 
20160417,20160418,20160419,20160420,20160421,20160423,20160424,20160429,20160430,20160502,20160505,20160507,20160508,20160512,20160514,20160516,20160517,20160518,20160519,20160522,20160523,20160524,20160525,20160526,20160527,20160529,20160530,20160531,20160602 
Number is 44 
G.5.3_index_2_VS_G.1.1_index_1 [11] 
20160423,20160427,20160429,20160503,20160504,20160509,20160510,20160514,20160517,20160519,20160522,20160523,20160524,20160525,20160526,20160527,20160530,20160531,20160602 
G.5.3_index_2_VS_G.4.3_index_1 [12] 
20160417,20160419,20160420,20160421,20160422,20160425,20160426,20160428,20160429,20160504,20160508,20160509,20160513,20160514,20160516,20160519,20160520,20160522,20160523,20160524,20160525,20160526,20160527,20160530,20160531,20160601 
Number is 46 
G.3.1_index_4_VS_G.2.1_index_5 [13] 
20160422,20160426,20160427,20160503,20160505,20160507,20160508,20160513,20160516,20160517,20160522,20160523,20160524,20160525,20160526,20160527,20160531,20160601,20160602 
Number is 47 
G.3.2_index_4_VS_G.3.5_index_5 [14] 
20160417,20160422,20160424,20160425,20160426,20160427,20160502,20160504,20160507,20160509,20160522,20160523,20160524,20160525,20160526,20160527,20160601 
Number is 48 
G.1.1_index_1_VS_G.5.1_index_1 [15] PLUS 1 
20160419,20160424,20160428,20160430,20160503,20160504,20160506,20160509,20160512,20160513,20160514,20160515,20160517,20160518,20160519,20160521,20160522,20160523,20160524,20160525,20160526,20160527,20160528,20160531 
Number is 53 
G.3.2_index_2_VS_G.6.3_index_3 [16] 
20160418,20160420,20160422,20160423,20160425,20160426,20160427,20160429,20160430,20160502,20160504,20160508,20160510,20160512,20160518,20160519,20160522,20160523,20160524,20160525,20160526,20160527,20160530,20160531,20160602 
Number is 54 
G.4.3_index_4_VS_G.3.2_index_1 [17] 
20160418,20160419,20160420,20160421,20160423,20160502,20160503,20160504,20160505,20160508,20160512,20160513,20160516,20160519,20160520,20160522,20160523,20160524,20160525,20160526,20160527,20160529,20160601,20160602 
G.4.3_index_4_VS_G.4.3_index_1 [18] 
20160417,20160419,20160420,20160422,20160424,20160427,20160501,20160502,20160504,20160512,20160514,20160516,20160518,20160519,20160520,20160522,20160523,20160524,20160525,20160526,20160527,20160529,20160530,20160601 
Number is 59 
G.5.3_index_1_VS_G.2.2_index_4 [19] PLUS 1 
20160419,20160420,20160421,20160427,20160502,20160503,20160506,20160508,20160510,20160511,20160515,20160516,20160522,20160523,20160524,20160525,20160526,20160527,20160528,20160529,20160530,20160601 
Number is 63 
G.4.1_index_2_VS_G.5.1_index_4 [20] PLUS 1 
20160422,20160424,20160429,20160506,20160507,20160508,20160509,20160510,20160513,20160514,20160515,20160517,20160522,20160523,20160524,20160525,20160526,20160527,20160528,20160602 
Number is 74 
G.3.5_index_2_VS_G.7.2_index_2 [21] 
20160420,20160425,20160426,20160503,20160505,20160506,20160512,20160513,20160514,20160515,20160517,20160518,20160519,20160521,20160522,20160523,20160524,20160525,20160526,20160527,20160529,20160601,20160602 
Number is 76 
G.3.5_index_2_VS_G.3.1_index_5 [22] 
20160417,20160420,20160423,20160424,20160429,20160501,20160502,20160504,20160507,20160509,20160513,20160515,20160516,20160517,20160518,20160519,20160520,20160522,20160523,20160524,20160525,20160526,20160527 
Number is 77 
G.4.1_index_1_VS_G.4.4_index_1 [23] PLUS 1 
20160419,20160420,20160421,20160504,20160505,20160508,20160509,20160510,20160512,20160514,20160519,20160520,20160522,20160523,20160524,20160525,20160526,20160527,20160528,20160602 
G.3.3_index_3_VS_G.1.1_index_5 [24] PLUS 1 
20160419,20160420,20160424,20160425,20160426,20160505,20160506,20160510,20160512,20160515,20160516,20160519,20160521,20160522,20160523,20160524,20160525,20160526,20160527,20160528,20160530,20160531 
Number is 78 
G.4.1_index_1_VS_G.7.1_index_1 [25] 
20160421,20160424,20160425,20160427,20160428,20160429,20160505,20160508,20160509,20160514,20160516,20160519,20160522,20160523,20160524,20160525,20160526,20160527,20160529,20160531 
Number is 80 
G.5.1_index_1_VS_G.DB_index_5 [26] PLUS 1 
20160417,20160418,20160430,20160503,20160506,20160508,20160510,20160512,20160514,20160515,20160516,20160517,20160520,20160522,20160523,20160524,20160525,20160526,20160527,20160528 
Number is 87 
G.7.1_index_1_VS_G.2.2_index_2 [27] 
20160420,20160424,20160427,20160428,20160429,20160509,20160513,20160516,20160519,20160522,20160523,20160524,20160525,20160526,20160527,20160530,20160531 
Number is 93 
G.5.4_index_1_VS_G.1.1_index_2 [28] PLUS 1 
20160417,20160418,20160421,20160422,20160424,20160427,20160501,20160502,20160503,20160504,20160505,20160507,20160509,20160510,20160511,20160512,20160515,20160517,20160518,20160521,20160522,20160523,20160524,20160525,20160526,20160527,20160528,20160529,20160601,20160602 
