======== Current: 20140702 ========= 
Number is 00 
G.4.1_index_1_VS_G.3.3_index_2 [1] 
20140619,20140620,20140621,20140622,20140624,20140625,20140626,20140627,20140628,20140629,20140630,20140701,20140713,20140714,20140718,20140722,20140724,20140727,20140728,20140729,20140730,20140731 
Number is 05 
G.3.6_index_5_VS_G.3.6_index_4 [2] 
20140615,20140618,20140620,20140621,20140622,20140626,20140627,20140628,20140629,20140630,20140701,20140707,20140712,20140713,20140716,20140718,20140719,20140722,20140723,20140725,20140728,20140730,20140731,20140801 
Number is 07 
G.3.3_index_2_VS_G.5.6_index_2 [3] PLUS 1 
20140616,20140617,20140620,20140623,20140625,20140626,20140627,20140628,20140629,20140630,20140701,20140702,20140705,20140709,20140711,20140712,20140718,20140719,20140724,20140727,20140731,20140801 
Number is 16 
G.5.3_index_2_VS_G.6.2_index_2 [4] 
20140616,20140620,20140623,20140626,20140627,20140628,20140629,20140630,20140701,20140703,20140705,20140707,20140708,20140711,20140714,20140717,20140718,20140720,20140727,20140730,20140731 
Number is 18 
G.2.2_index_1_VS_G.5.4_index_3 [5] 
20140615,20140618,20140621,20140622,20140623,20140624,20140626,20140627,20140628,20140629,20140630,20140701,20140705,20140712,20140715,20140716,20140719,20140720,20140721,20140722,20140724,20140726,20140730,20140802 
Number is 29 
G.4.3_index_4_VS_G.2.1_index_1 [6] 
20140615,20140616,20140617,20140618,20140625,20140626,20140627,20140628,20140629,20140630,20140701,20140703,20140704,20140706,20140707,20140713,20140720,20140723,20140725,20140727,20140729,20140730 
Number is 31 
G.7.3_index_2_VS_G.6.1_index_2 [7] PLUS 1 
20140615,20140616,20140618,20140620,20140622,20140626,20140627,20140628,20140629,20140630,20140701,20140702,20140703,20140705,20140706,20140711,20140712,20140713,20140717,20140718,20140720,20140721,20140722,20140727,20140801 
Number is 45 
G.5.1_index_4_VS_G.5.6_index_3 [8] 
20140615,20140616,20140617,20140618,20140619,20140623,20140624,20140626,20140627,20140628,20140629,20140630,20140701,20140711,20140712,20140713,20140715,20140716,20140718,20140721,20140725,20140728,20140730,20140731 
Number is 56 
G.3.6_index_1_VS_G.6.2_index_2 [9] PLUS 1 
20140615,20140617,20140621,20140622,20140623,20140624,20140626,20140627,20140628,20140629,20140630,20140701,20140702,20140703,20140708,20140709,20140711,20140712,20140715,20140721,20140722,20140724,20140728,20140730 
Number is 57 
G.3.5_index_2_VS_G.3.1_index_4 [10] 
20140617,20140626,20140627,20140628,20140629,20140630,20140701,20140703,20140704,20140707,20140708,20140710,20140711,20140712,20140713,20140714,20140717,20140719,20140721,20140723,20140726,20140727,20140728 
G.4.1_index_4_VS_G.5.2_index_3 [11] 
20140616,20140619,20140626,20140627,20140628,20140629,20140630,20140701,20140706,20140710,20140715,20140716,20140717,20140721,20140723,20140726,20140727 
Number is 59 
G.3.5_index_2_VS_G.2.1_index_5 [12] 
20140615,20140621,20140622,20140625,20140626,20140627,20140628,20140629,20140630,20140701,20140703,20140705,20140708,20140710,20140712,20140714,20140718,20140719,20140721,20140727,20140728,20140731 
Number is 60 
G.3.5_index_4_VS_G.3.6_index_5 [13] 
20140616,20140617,20140618,20140621,20140624,20140626,20140627,20140628,20140629,20140630,20140701,20140703,20140704,20140706,20140708,20140712,20140713,20140714,20140717,20140719,20140721,20140726,20140728,20140801,20140802 
Number is 61 
G.5.3_index_3_VS_G.DB_index_3 [14] 
20140615,20140619,20140624,20140626,20140627,20140628,20140629,20140630,20140701,20140703,20140704,20140706,20140707,20140709,20140710,20140712,20140715,20140717,20140721,20140726,20140727,20140801,20140802 
Number is 65 
G.2.2_index_3_VS_G.3.5_index_2 [15] PLUS 1 
20140615,20140616,20140622,20140623,20140626,20140627,20140628,20140629,20140630,20140701,20140702,20140703,20140710,20140711,20140712,20140713,20140714,20140715,20140721,20140725,20140727,20140728,20140730,20140731 
Number is 66 
G.5.3_index_3_VS_G.6.2_index_2 [16] 
20140615,20140618,20140621,20140623,20140625,20140626,20140627,20140628,20140629,20140630,20140701,20140703,20140704,20140706,20140712,20140716,20140717,20140718,20140721,20140722,20140730,20140801 
Number is 67 
G.3.5_index_4_VS_G.3.1_index_4 [17] PLUS 1 
20140617,20140622,20140623,20140626,20140627,20140628,20140629,20140630,20140701,20140702,20140703,20140707,20140708,20140710,20140713,20140715,20140716,20140717,20140719,20140721,20140722,20140723,20140727,20140729,20140730,20140731 
Number is 70 
G.7.1_index_1_VS_G.DB_index_5 [18] PLUS 1 
20140618,20140623,20140624,20140626,20140627,20140628,20140629,20140630,20140701,20140702,20140704,20140706,20140708,20140709,20140713,20140714,20140715,20140717,20140719,20140725,20140801 
G.5.2_index_3_VS_G.3.3_index_2 [19] PLUS 1 
20140615,20140621,20140625,20140626,20140627,20140628,20140629,20140630,20140701,20140702,20140705,20140707,20140711,20140714,20140716,20140721,20140724,20140727,20140731 
Number is 81 
G.3.2_index_2_VS_G.6.1_index_1 [20] 
20140617,20140618,20140619,20140620,20140621,20140624,20140626,20140627,20140628,20140629,20140630,20140701,20140704,20140709,20140711,20140713,20140714,20140715,20140716,20140718,20140720,20140722,20140723,20140726,20140728,20140730,20140731,20140802 
Number is 82 
G.2.2_index_2_VS_G.4.2_index_2 [21] PLUS 1 
20140616,20140617,20140618,20140620,20140621,20140622,20140623,20140626,20140627,20140628,20140629,20140630,20140701,20140702,20140703,20140705,20140707,20140708,20140715,20140716,20140718,20140720,20140721,20140728,20140729 
Number is 86 
G.5.3_index_4_VS_G.5.3_index_3 [22] 
20140616,20140619,20140621,20140626,20140627,20140628,20140629,20140630,20140701,20140703,20140707,20140709,20140711,20140712,20140713,20140714,20140715,20140720,20140721,20140726,20140727,20140728,20140729,20140730,20140731,20140801 
Number is 89 
G.2.2_index_2_VS_G.5.5_index_4 [23] 
20140618,20140619,20140620,20140621,20140626,20140627,20140628,20140629,20140630,20140701,20140705,20140707,20140711,20140714,20140715,20140718,20140719,20140720,20140721,20140722,20140725,20140727,20140728 
Number is 90 
G.2.1_index_5_VS_G.4.1_index_1 [24] PLUS 1 
20140616,20140618,20140620,20140621,20140622,20140623,20140624,20140626,20140627,20140628,20140629,20140630,20140701,20140702,20140705,20140719,20140722,20140723,20140724,20140725,20140726,20140729,20140801,20140802 
G.5.2_index_4_VS_G.4.1_index_1 [25] PLUS 1 
20140620,20140621,20140622,20140623,20140624,20140625,20140626,20140627,20140628,20140629,20140630,20140701,20140702,20140705,20140706,20140707,20140708,20140712,20140714,20140717,20140721,20140722,20140723,20140727,20140728,20140729,20140802 
Number is 91 
G.3.5_index_5_VS_G.2.2_index_5 [26] PLUS 1 
20140615,20140620,20140621,20140624,20140626,20140627,20140628,20140629,20140630,20140701,20140702,20140704,20140705,20140707,20140709,20140710,20140713,20140723,20140731,20140801 
Number is 95 
G.3.5_index_5_VS_G.3.6_index_1 [27] 
20140619,20140624,20140625,20140626,20140627,20140628,20140629,20140630,20140701,20140703,20140705,20140706,20140708,20140709,20140710,20140713,20140715,20140719,20140721,20140724,20140728,20140730,20140731 
Number is 96 
G.2.1_index_5_VS_G.DB_index_4 [28] PLUS 1 
20140615,20140616,20140617,20140621,20140626,20140627,20140628,20140629,20140630,20140701,20140702,20140703,20140704,20140706,20140707,20140710,20140713,20140714,20140716,20140718,20140719,20140720,20140723,20140727,20140728,20140729,20140731,20140802 
G.3.5_index_5_VS_G.5.5_index_3 [29] PLUS 1 
20140615,20140616,20140617,20140623,20140625,20140626,20140627,20140628,20140629,20140630,20140701,20140702,20140709,20140710,20140716,20140718,20140719,20140723,20140725,20140726,20140727,20140728,20140801 
Number is 98 
G.3.5_index_5_VS_G.3.2_index_2 [30] 
20140615,20140617,20140619,20140621,20140624,20140625,20140626,20140627,20140628,20140629,20140630,20140701,20140705,20140706,20140707,20140711,20140713,20140716,20140718,20140719,20140723,20140724,20140725,20140727,20140729,20140730 
