======== Current: 20140703 ========= 
Number is 01 
G.2.2_index_2_VS_G.4.2_index_2 [1] PLUS 1 
20140616,20140617,20140618,20140620,20140621,20140622,20140623,20140626,20140627,20140628,20140629,20140630,20140701,20140702,20140703,20140705,20140707,20140708,20140715,20140716,20140718,20140720,20140721,20140728,20140729 
Number is 02 
G.3.3_index_5_VS_G.4.3_index_3 [2] PLUS 1 
20140618,20140621,20140623,20140624,20140627,20140628,20140629,20140630,20140701,20140702,20140703,20140704,20140705,20140706,20140711,20140714,20140715,20140718,20140719,20140721,20140722,20140723,20140724,20140725,20140726,20140728,20140730,20140731,20140802 
Number is 04 
G.2.2_index_3_VS_G.3.5_index_2 [3] PLUS 1 
20140615,20140616,20140622,20140623,20140626,20140627,20140628,20140629,20140630,20140701,20140702,20140703,20140710,20140711,20140712,20140713,20140714,20140715,20140721,20140725,20140727,20140728,20140730,20140731 
Number is 07 
G.7.3_index_2_VS_G.6.1_index_2 [4] PLUS 1 
20140615,20140616,20140618,20140620,20140622,20140626,20140627,20140628,20140629,20140630,20140701,20140702,20140703,20140705,20140706,20140711,20140712,20140713,20140717,20140718,20140720,20140721,20140722,20140727,20140801 
Number is 11 
G.5.4_index_4_VS_G.4.2_index_2 [5] 
20140618,20140620,20140622,20140623,20140625,20140627,20140628,20140629,20140630,20140701,20140702,20140704,20140705,20140708,20140710,20140712,20140713,20140716,20140721,20140722,20140725,20140726,20140729,20140731,20140802 
Number is 15 
G.5.4_index_4_VS_G.5.6_index_2 [6] 
20140618,20140619,20140620,20140623,20140625,20140627,20140628,20140629,20140630,20140701,20140702,20140704,20140705,20140708,20140709,20140710,20140712,20140713,20140716,20140717,20140718,20140719,20140722,20140726,20140728,20140802 
Number is 20 
G.3.6_index_5_VS_G.3.3_index_5 [7] PLUS 1 
20140615,20140618,20140620,20140622,20140623,20140627,20140628,20140629,20140630,20140701,20140702,20140703,20140706,20140708,20140710,20140711,20140714,20140717,20140718,20140720,20140723,20140727,20140729,20140730,20140731 
G.5.3_index_2_VS_G.3.4_index_4 [8] PLUS 1 
20140616,20140623,20140624,20140625,20140627,20140628,20140629,20140630,20140701,20140702,20140703,20140704,20140707,20140709,20140710,20140712,20140713,20140714,20140717,20140720,20140721,20140723,20140726,20140728,20140730,20140731 
Number is 26 
G.5.2_index_3_VS_G.3.3_index_2 [9] 
20140615,20140621,20140625,20140626,20140627,20140628,20140629,20140630,20140701,20140702,20140705,20140707,20140711,20140714,20140716,20140721,20140724,20140727,20140731 
G.5.2_index_4_VS_G.4.1_index_1 [10] 
20140620,20140621,20140622,20140623,20140624,20140625,20140626,20140627,20140628,20140629,20140630,20140701,20140702,20140705,20140706,20140707,20140708,20140712,20140714,20140717,20140721,20140722,20140723,20140727,20140728,20140729,20140802 
Number is 28 
G.5.2_index_3_VS_G.3.2_index_1 [11] PLUS 1 
20140619,20140620,20140623,20140625,20140627,20140628,20140629,20140630,20140701,20140702,20140703,20140708,20140709,20140712,20140713,20140716,20140717,20140722,20140723,20140725,20140726,20140802 
Number is 30 
G.3.5_index_5_VS_G.2.2_index_5 [12] 
20140615,20140620,20140621,20140624,20140626,20140627,20140628,20140629,20140630,20140701,20140702,20140704,20140705,20140707,20140709,20140710,20140713,20140723,20140731,20140801 
Number is 36 
G.3.5_index_5_VS_G.5.5_index_3 [13] 
20140615,20140616,20140617,20140623,20140625,20140626,20140627,20140628,20140629,20140630,20140701,20140702,20140709,20140710,20140716,20140718,20140719,20140723,20140725,20140726,20140727,20140728,20140801 
Number is 40 
G.3.6_index_1_VS_G.6.2_index_2 [14] PLUS 1 
20140615,20140617,20140621,20140622,20140623,20140624,20140626,20140627,20140628,20140629,20140630,20140701,20140702,20140703,20140708,20140709,20140711,20140712,20140715,20140721,20140722,20140724,20140728,20140730 
Number is 43 
G.4.2_index_1_VS_G.4.4_index_3 [15] PLUS 1 
20140619,20140620,20140623,20140624,20140627,20140628,20140629,20140630,20140701,20140702,20140703,20140705,20140707,20140709,20140715,20140716,20140718,20140722,20140723,20140726,20140730,20140802 
Number is 56 
G.2.1_index_5_VS_G.4.1_index_1 [16] 
20140616,20140618,20140620,20140621,20140622,20140623,20140624,20140626,20140627,20140628,20140629,20140630,20140701,20140702,20140705,20140719,20140722,20140723,20140724,20140725,20140726,20140729,20140801,20140802 
Number is 59 
G.2.1_index_5_VS_G.DB_index_4 [17] PLUS 1 
20140615,20140616,20140617,20140621,20140626,20140627,20140628,20140629,20140630,20140701,20140702,20140703,20140704,20140706,20140707,20140710,20140713,20140714,20140716,20140718,20140719,20140720,20140723,20140727,20140728,20140729,20140731,20140802 
Number is 61 
G.3.1_index_2_VS_G.7.2_index_1 [18] 
20140616,20140618,20140619,20140620,20140625,20140627,20140628,20140629,20140630,20140701,20140702,20140706,20140710,20140714,20140715,20140717,20140718,20140721,20140722,20140724,20140725,20140726,20140727,20140729,20140731,20140801 
Number is 62 
G.DB_index_3_VS_G.5.1_index_1 [19] 
20140616,20140619,20140622,20140627,20140628,20140629,20140630,20140701,20140702,20140709,20140713,20140715,20140716,20140721,20140726,20140728,20140731,20140801 
Number is 64 
G.7.1_index_2_VS_G.4.2_index_3 [20] PLUS 1 
20140616,20140618,20140619,20140622,20140627,20140628,20140629,20140630,20140701,20140702,20140703,20140705,20140708,20140711,20140717,20140718,20140722,20140723,20140725,20140726,20140727 
Number is 65 
G.3.3_index_2_VS_G.5.6_index_2 [21] 
20140616,20140617,20140620,20140623,20140625,20140626,20140627,20140628,20140629,20140630,20140701,20140702,20140705,20140709,20140711,20140712,20140718,20140719,20140724,20140727,20140731,20140801 
Number is 70 
G.3.5_index_4_VS_G.3.1_index_4 [22] PLUS 1 
20140617,20140622,20140623,20140626,20140627,20140628,20140629,20140630,20140701,20140702,20140703,20140707,20140708,20140710,20140713,20140715,20140716,20140717,20140719,20140721,20140722,20140723,20140727,20140729,20140730,20140731 
Number is 76 
G.7.1_index_1_VS_G.DB_index_5 [23] 
20140618,20140623,20140624,20140626,20140627,20140628,20140629,20140630,20140701,20140702,20140704,20140706,20140708,20140709,20140713,20140714,20140715,20140717,20140719,20140725,20140801 
Number is 79 
G.7.1_index_1_VS_G.4.4_index_1 [24] 
20140618,20140627,20140628,20140629,20140630,20140701,20140702,20140704,20140708,20140712,20140716,20140717,20140721,20140727,20140728,20140729,20140731,20140801 
Number is 87 
G.4.4_index_4_VS_G.7.4_index_2 [25] PLUS 1 
20140616,20140618,20140619,20140620,20140621,20140624,20140627,20140628,20140629,20140630,20140701,20140702,20140703,20140705,20140714,20140715,20140716,20140717,20140720,20140721,20140723,20140725,20140731,20140801 
