======== Current: 20140709 ========= 
Number is 09 
G.5.2_index_4_VS_G.5.5_index_1 [1] 
20140615,20140616,20140618,20140619,20140621,20140623,20140626,20140628,20140629,20140630,20140702,20140703,20140704,20140705,20140706,20140707,20140708,20140711,20140712,20140715,20140721,20140722,20140727,20140801 
Number is 15 
G.3.3_index_5_VS_G.5.2_index_3 [2] 
20140622,20140623,20140629,20140630,20140703,20140704,20140705,20140706,20140707,20140708,20140714,20140715,20140717,20140718,20140720,20140722,20140726,20140730 
G.5.6_index_3_VS_G.5.2_index_3 [3] 
20140615,20140618,20140620,20140621,20140623,20140625,20140628,20140630,20140703,20140704,20140705,20140706,20140707,20140708,20140711,20140713,20140716,20140717,20140722,20140724,20140726,20140727,20140802 
Number is 19 
G.4.1_index_2_VS_G.5.4_index_1 [4] 
20140618,20140621,20140623,20140628,20140630,20140702,20140703,20140704,20140705,20140706,20140707,20140708,20140711,20140712,20140715,20140716,20140722,20140726,20140727,20140729,20140731,20140802 
Number is 20 
G.4.3_index_3_VS_G.3.6_index_1 [5] 
20140617,20140619,20140624,20140627,20140628,20140630,20140703,20140704,20140705,20140706,20140707,20140708,20140710,20140713,20140719,20140722,20140724,20140730,20140802 
Number is 23 
G.3.5_index_2_VS_G.3.3_index_1 [6] 
20140615,20140616,20140617,20140619,20140621,20140623,20140628,20140630,20140703,20140704,20140705,20140706,20140707,20140708,20140710,20140713,20140716,20140721,20140723,20140725,20140727,20140728,20140729,20140802 
Number is 29 
G.1.1_index_5_VS_G.4.1_index_3 [7] 
20140615,20140618,20140621,20140622,20140625,20140627,20140628,20140629,20140701,20140702,20140703,20140704,20140705,20140706,20140707,20140708,20140710,20140713,20140717,20140723,20140724,20140725,20140726,20140728,20140729,20140730,20140731,20140801 
Number is 41 
G.3.5_index_5_VS_G.6.3_index_3 [8] 
20140615,20140616,20140618,20140621,20140624,20140625,20140702,20140703,20140704,20140705,20140706,20140707,20140708,20140712,20140715,20140721,20140722,20140723,20140724,20140731,20140801 
Number is 47 
G.7.2_index_2_VS_G.7.4_index_1 [9] 
20140615,20140619,20140622,20140624,20140628,20140630,20140701,20140703,20140704,20140705,20140706,20140707,20140708,20140712,20140714,20140716,20140717,20140719,20140726,20140727,20140728,20140729,20140731,20140801 
G.4.3_index_4_VS_G.1.1_index_3 [10] 
20140616,20140618,20140619,20140620,20140625,20140627,20140630,20140701,20140703,20140704,20140705,20140706,20140707,20140708,20140713,20140719,20140722,20140723,20140727,20140801,20140802 
Number is 49 
G.4.4_index_4_VS_G.3.6_index_5 [11] 
20140615,20140618,20140619,20140623,20140626,20140629,20140701,20140702,20140703,20140704,20140705,20140706,20140707,20140708,20140712,20140714,20140716,20140717,20140718,20140731,20140801 
Number is 52 
G.5.2_index_3_VS_G.2.2_index_5 [12] PLUS 1 
20140619,20140620,20140624,20140625,20140628,20140630,20140703,20140704,20140705,20140706,20140707,20140708,20140709,20140711,20140716,20140719,20140721,20140722,20140730 
Number is 59 
G.5.2_index_3_VS_G.3.1_index_4 [13] PLUS 1 
20140617,20140618,20140623,20140625,20140628,20140629,20140630,20140701,20140703,20140704,20140705,20140706,20140707,20140708,20140709,20140710,20140713,20140714,20140715,20140716,20140717,20140727,20140729,20140731 
Number is 60 
G.3.2_index_5_VS_G.3.6_index_1 [14] 
20140616,20140619,20140620,20140622,20140623,20140624,20140627,20140628,20140629,20140701,20140703,20140704,20140705,20140706,20140707,20140708,20140711,20140712,20140715,20140716,20140721,20140730,20140731,20140801,20140802 
Number is 67 
G.5.3_index_1_VS_G.3.6_index_2 [15] PLUS 1 
20140618,20140622,20140629,20140703,20140704,20140705,20140706,20140707,20140708,20140709,20140711,20140712,20140713,20140714,20140715,20140716,20140721,20140722,20140726,20140802 
G.3.2_index_5_VS_G.3.5_index_1 [16] PLUS 1 
20140617,20140619,20140621,20140622,20140623,20140627,20140629,20140701,20140703,20140704,20140705,20140706,20140707,20140708,20140709,20140712,20140716,20140717,20140718,20140721,20140723,20140727,20140729,20140801 
Number is 72 
G.3.4_index_2_VS_G.DB_index_2 [17] 
20140615,20140616,20140619,20140625,20140628,20140702,20140703,20140704,20140705,20140706,20140707,20140708,20140710,20140711,20140712,20140713,20140715,20140716,20140718,20140720,20140721,20140722,20140723,20140726,20140731,20140802 
Number is 75 
G.7.4_index_1_VS_G.5.2_index_3 [18] PLUS 1 
20140616,20140621,20140703,20140704,20140705,20140706,20140707,20140708,20140709,20140710,20140714,20140717,20140721,20140724,20140731 
Number is 79 
G.3.4_index_2_VS_G.5.4_index_1 [19] 
20140616,20140617,20140618,20140620,20140622,20140624,20140625,20140628,20140629,20140630,20140701,20140702,20140703,20140704,20140705,20140706,20140707,20140708,20140711,20140712,20140715,20140717,20140720,20140723,20140726,20140727,20140730,20140802 
Number is 85 
G.6.2_index_1_VS_G.1.1_index_1 [20] PLUS 1 
20140616,20140617,20140618,20140619,20140623,20140625,20140626,20140627,20140628,20140629,20140701,20140702,20140703,20140704,20140705,20140706,20140707,20140708,20140709,20140711,20140712,20140718,20140721,20140731 
Number is 90 
G.3.1_index_4_VS_G.5.2_index_4 [21] 
20140616,20140618,20140619,20140620,20140621,20140622,20140623,20140626,20140627,20140628,20140630,20140703,20140704,20140705,20140706,20140707,20140708,20140711,20140717,20140719,20140723,20140725,20140726,20140728,20140729,20140801 
