======== Current: 20140713 ========= 
Number is 00 
G.7.1_index_2_VS_G.6.1_index_3 [1] PLUS 1 
20140615,20140618,20140620,20140622,20140623,20140628,20140629,20140630,20140701,20140707,20140708,20140709,20140710,20140711,20140712,20140713,20140717,20140718,20140722,20140725 
Number is 04 
G.3.4_index_4_VS_G.5.5_index_3 [2] 
20140615,20140616,20140619,20140622,20140623,20140624,20140625,20140628,20140701,20140704,20140706,20140707,20140708,20140709,20140710,20140711,20140712,20140714,20140716,20140717,20140721,20140724,20140726,20140727,20140801 
Number is 11 
G.6.3_index_3_VS_G.3.3_index_5 [3] PLUS 1 
20140618,20140619,20140621,20140622,20140623,20140624,20140625,20140627,20140702,20140705,20140707,20140708,20140709,20140710,20140711,20140712,20140713,20140721,20140722,20140726,20140728,20140730,20140802 
Number is 25 
G.4.1_index_4_VS_G.5.6_index_3 [4] 
20140616,20140620,20140621,20140622,20140627,20140629,20140630,20140706,20140707,20140708,20140709,20140710,20140711,20140712,20140716,20140717,20140721,20140723,20140725,20140728,20140731 
Number is 38 
G.5.2_index_3_VS_G.5.5_index_1 [5] PLUS 1 
20140619,20140620,20140621,20140624,20140625,20140628,20140630,20140703,20140706,20140707,20140708,20140709,20140710,20140711,20140712,20140713,20140715,20140716,20140717,20140718,20140721,20140722,20140723,20140726,20140729 
Number is 42 
G.5.3_index_3_VS_G.2.1_index_3 [6] PLUS 1 
20140615,20140617,20140620,20140621,20140623,20140624,20140628,20140629,20140630,20140701,20140702,20140703,20140704,20140707,20140708,20140709,20140710,20140711,20140712,20140713,20140715,20140721,20140722,20140724,20140725,20140726,20140729,20140730,20140731 
Number is 45 
G.5.5_index_3_VS_G.3.4_index_2 [7] PLUS 1 
20140615,20140616,20140617,20140621,20140623,20140624,20140625,20140628,20140629,20140706,20140707,20140708,20140709,20140710,20140711,20140712,20140713,20140714,20140719,20140723,20140726,20140801 
Number is 49 
G.5.5_index_3_VS_G.6.2_index_2 [8] 
20140615,20140616,20140619,20140623,20140625,20140626,20140628,20140630,20140701,20140704,20140705,20140707,20140708,20140709,20140710,20140711,20140712,20140716,20140717,20140718,20140720,20140723,20140726,20140727,20140728,20140729,20140730,20140731,20140801 
Number is 51 
G.5.6_index_3_VS_G.5.2_index_4 [9] 
20140615,20140616,20140618,20140619,20140623,20140626,20140628,20140630,20140703,20140705,20140707,20140708,20140709,20140710,20140711,20140712,20140717,20140718,20140719,20140720,20140723,20140725,20140728,20140731,20140801,20140802 
Number is 54 
G.3.6_index_1_VS_G.5.3_index_3 [10] PLUS 1 
20140615,20140618,20140619,20140623,20140624,20140628,20140629,20140630,20140702,20140707,20140708,20140709,20140710,20140711,20140712,20140713,20140714,20140717,20140718 
Number is 62 
G.1.1_index_1_VS_G.5.4_index_1 [11] 
20140616,20140617,20140621,20140622,20140625,20140630,20140702,20140703,20140707,20140708,20140709,20140710,20140711,20140712,20140715,20140719,20140723,20140725,20140727,20140801,20140802 
Number is 74 
G.6.3_index_2_VS_G.5.3_index_3 [12] 
20140615,20140626,20140627,20140703,20140704,20140707,20140708,20140709,20140710,20140711,20140712,20140715,20140717,20140721,20140722,20140723,20140726,20140727,20140729,20140731,20140801 
