======== Current: 20140714 ========= 
Number is 08 
G.5.1_index_4_VS_G.3.6_index_2 [1] 
20140615,20140616,20140617,20140618,20140619,20140620,20140621,20140623,20140626,20140627,20140628,20140704,20140705,20140708,20140709,20140710,20140711,20140712,20140713,20140715,20140717,20140721,20140722,20140723,20140725,20140728,20140730,20140731,20140801 
Number is 11 
G.3.6_index_1_VS_G.5.3_index_3 [2] PLUS 1 
20140615,20140618,20140619,20140623,20140624,20140628,20140629,20140630,20140702,20140707,20140708,20140709,20140710,20140711,20140712,20140713,20140714,20140717,20140718 
Number is 12 
G.3.6_index_1_VS_G.3.3_index_3 [3] 
20140615,20140619,20140620,20140630,20140703,20140705,20140706,20140708,20140709,20140710,20140711,20140712,20140713,20140715,20140718,20140721,20140722,20140723,20140727,20140728,20140730,20140802 
Number is 14 
G.5.3_index_3_VS_G.2.1_index_3 [4] 
20140615,20140617,20140620,20140621,20140623,20140624,20140628,20140629,20140630,20140701,20140702,20140703,20140704,20140707,20140708,20140709,20140710,20140711,20140712,20140713,20140715,20140721,20140722,20140724,20140725,20140726,20140729,20140730,20140731 
Number is 16 
G.5.3_index_1_VS_G.6.1_index_3 [5] 
20140616,20140618,20140624,20140625,20140701,20140706,20140708,20140709,20140710,20140711,20140712,20140713,20140715,20140717,20140728,20140730 
Number is 17 
G.3.6_index_1_VS_G.5.3_index_2 [6] 
20140616,20140617,20140619,20140620,20140621,20140624,20140625,20140630,20140701,20140703,20140708,20140709,20140710,20140711,20140712,20140713,20140717,20140721,20140722,20140726,20140727,20140728,20140730 
G.5.3_index_3_VS_G.5.4_index_4 [7] 
20140619,20140620,20140626,20140628,20140629,20140630,20140701,20140703,20140704,20140706,20140708,20140709,20140710,20140711,20140712,20140713,20140715,20140716,20140721,20140722,20140725,20140726,20140727,20140731 
Number is 18 
G.3.1_index_1_VS_G.3.6_index_2 [8] PLUS 1 
20140618,20140620,20140622,20140624,20140625,20140627,20140701,20140703,20140708,20140709,20140710,20140711,20140712,20140713,20140714,20140716,20140717,20140719,20140721,20140722,20140725,20140726,20140727,20140730,20140802 
Number is 20 
G.5.1_index_3_VS_G.3.2_index_4 [9] PLUS 1 
20140616,20140617,20140619,20140620,20140622,20140626,20140629,20140630,20140701,20140702,20140703,20140704,20140705,20140708,20140709,20140710,20140711,20140712,20140713,20140714,20140716,20140717,20140720,20140723,20140724,20140725,20140726,20140727,20140728,20140729,20140730,20140802 
Number is 24 
G.6.3_index_3_VS_G.3.3_index_5 [10] 
20140618,20140619,20140621,20140622,20140623,20140624,20140625,20140627,20140702,20140705,20140707,20140708,20140709,20140710,20140711,20140712,20140713,20140721,20140722,20140726,20140728,20140730,20140802 
Number is 34 
G.5.4_index_1_VS_G.5.5_index_3 [11] PLUS 1 
20140615,20140617,20140618,20140622,20140627,20140629,20140703,20140704,20140708,20140709,20140710,20140711,20140712,20140713,20140714,20140715,20140717,20140718,20140722,20140726,20140730,20140731 
Number is 37 
G.1.1_index_1_VS_G.5.4_index_4 [12] PLUS 1 
20140616,20140618,20140619,20140622,20140625,20140626,20140628,20140629,20140701,20140703,20140708,20140709,20140710,20140711,20140712,20140713,20140714,20140715,20140717,20140718,20140719,20140721,20140722,20140725,20140729 
Number is 38 
G.1.1_index_1_VS_G.4.4_index_1 [13] 
20140615,20140616,20140618,20140623,20140624,20140625,20140627,20140630,20140703,20140704,20140705,20140708,20140709,20140710,20140711,20140712,20140713,20140717,20140718,20140719,20140721,20140722,20140724,20140726,20140727,20140728 
G.5.5_index_4_VS_G.5.6_index_2 [14] 
20140615,20140620,20140623,20140626,20140628,20140629,20140630,20140703,20140704,20140708,20140709,20140710,20140711,20140712,20140713,20140715,20140716,20140720,20140722,20140723,20140724,20140725,20140728,20140729,20140730,20140731,20140802 
Number is 44 
G.3.5_index_2_VS_G.5.5_index_3 [15] PLUS 1 
20140615,20140617,20140618,20140619,20140622,20140623,20140625,20140627,20140628,20140629,20140630,20140702,20140703,20140705,20140706,20140708,20140709,20140710,20140711,20140712,20140713,20140714,20140716,20140725,20140727 
Number is 45 
G.5.5_index_3_VS_G.3.4_index_2 [16] PLUS 1 
20140615,20140616,20140617,20140621,20140623,20140624,20140625,20140628,20140629,20140706,20140707,20140708,20140709,20140710,20140711,20140712,20140713,20140714,20140719,20140723,20140726,20140801 
Number is 56 
G.7.1_index_2_VS_G.6.1_index_3 [17] 
20140615,20140618,20140620,20140622,20140623,20140628,20140629,20140630,20140701,20140707,20140708,20140709,20140710,20140711,20140712,20140713,20140717,20140718,20140722,20140725 
Number is 58 
G.5.4_index_2_VS_G.7.3_index_2 [18] 
20140616,20140618,20140622,20140625,20140705,20140708,20140709,20140710,20140711,20140712,20140713,20140719,20140721,20140722,20140729,20140802 
Number is 63 
G.4.2_index_2_VS_G.1.1_index_1 [19] 
20140615,20140616,20140617,20140618,20140619,20140623,20140627,20140628,20140703,20140704,20140708,20140709,20140710,20140711,20140712,20140713,20140716,20140719,20140720,20140729 
Number is 74 
G.4.3_index_4_VS_G.3.5_index_2 [20] PLUS 1 
20140615,20140616,20140619,20140621,20140623,20140628,20140629,20140630,20140702,20140703,20140706,20140708,20140709,20140710,20140711,20140712,20140713,20140714,20140719,20140722,20140723,20140725,20140727,20140802 
Number is 75 
G.5.4_index_4_VS_G.2.2_index_3 [21] 
20140622,20140623,20140630,20140701,20140703,20140704,20140705,20140708,20140709,20140710,20140711,20140712,20140713,20140716,20140717,20140718,20140722,20140726,20140801 
Number is 76 
G.5.4_index_4_VS_G.1.1_index_3 [22] 
20140618,20140619,20140620,20140623,20140625,20140626,20140627,20140630,20140701,20140703,20140704,20140705,20140708,20140709,20140710,20140711,20140712,20140713,20140715,20140719,20140801,20140802 
Number is 78 
G.5.2_index_3_VS_G.5.5_index_1 [23] 
20140619,20140620,20140621,20140624,20140625,20140628,20140630,20140703,20140706,20140707,20140708,20140709,20140710,20140711,20140712,20140713,20140715,20140716,20140717,20140718,20140721,20140722,20140723,20140726,20140729 
Number is 93 
G.3.6_index_5_VS_G.1.1_index_1 [24] 
20140616,20140617,20140621,20140624,20140625,20140627,20140628,20140630,20140702,20140703,20140705,20140708,20140709,20140710,20140711,20140712,20140713,20140717,20140719,20140721,20140723,20140725,20140726,20140731,20140801 
