======== Current: 20140716 ========= 
Number is 00 
G.6.3_index_2_VS_G.6.1_index_2 [1] PLUS 1 
20140615,20140620,20140622,20140623,20140627,20140703,20140705,20140706,20140710,20140711,20140712,20140713,20140714,20140715,20140716,20140718,20140722,20140727,20140728,20140730,20140731,20140802 
G.6.3_index_2_VS_G.1.1_index_3 [2] PLUS 1 
20140615,20140618,20140619,20140623,20140625,20140626,20140629,20140703,20140704,20140705,20140708,20140710,20140711,20140712,20140713,20140714,20140715,20140716,20140717,20140726,20140731,20140801 
Number is 03 
G.1.1_index_3_VS_G.3.6_index_5 [3] PLUS 1 
20140618,20140619,20140621,20140623,20140629,20140630,20140701,20140702,20140703,20140706,20140708,20140710,20140711,20140712,20140713,20140714,20140715,20140716,20140717,20140719,20140722,20140724,20140726,20140729,20140801,20140802 
Number is 05 
G.3.3_index_2_VS_G.3.3_index_3 [4] 
20140617,20140618,20140622,20140623,20140630,20140701,20140705,20140710,20140711,20140712,20140713,20140714,20140715,20140717,20140718,20140720,20140723,20140731,20140802 
G.3.1_index_4_VS_G.5.4_index_4 [5] 
20140618,20140619,20140620,20140622,20140627,20140628,20140630,20140701,20140702,20140703,20140704,20140707,20140710,20140711,20140712,20140713,20140714,20140715,20140717,20140718,20140723,20140725,20140726,20140730 
Number is 06 
G.6.1_index_2_VS_G.3.5_index_3 [6] PLUS 1 
20140616,20140618,20140619,20140620,20140622,20140623,20140628,20140705,20140710,20140711,20140712,20140713,20140714,20140715,20140716,20140717,20140721,20140722,20140723,20140725,20140726,20140727,20140728,20140729,20140731,20140802 
Number is 07 
G.2.2_index_5_VS_G.DB_index_2 [7] 
20140616,20140619,20140623,20140624,20140625,20140626,20140627,20140702,20140703,20140704,20140706,20140710,20140711,20140712,20140713,20140714,20140715,20140718,20140722,20140723,20140724,20140725,20140727,20140728 
G.3.6_index_4_VS_G.DB_index_2 [8] 
20140616,20140620,20140624,20140701,20140703,20140710,20140711,20140712,20140713,20140714,20140715,20140724,20140725,20140726,20140727,20140728,20140730,20140801,20140802 
Number is 11 
G.5.3_index_4_VS_G.3.3_index_4 [9] 
20140615,20140616,20140618,20140619,20140620,20140622,20140625,20140626,20140628,20140703,20140704,20140710,20140711,20140712,20140713,20140714,20140715,20140718,20140720,20140724,20140726,20140728 
Number is 15 
G.4.4_index_2_VS_G.5.6_index_4 [10] PLUS 1 
20140617,20140620,20140621,20140623,20140624,20140625,20140628,20140704,20140705,20140706,20140707,20140710,20140711,20140712,20140713,20140714,20140715,20140716,20140721,20140722,20140723,20140729,20140731 
Number is 17 
G.6.2_index_3_VS_G.1.1_index_2 [11] 
20140616,20140618,20140619,20140627,20140630,20140703,20140704,20140705,20140710,20140711,20140712,20140713,20140714,20140715,20140718,20140720,20140721,20140723,20140729,20140730,20140802 
G.2.2_index_3_VS_G.3.5_index_2 [12] 
20140615,20140616,20140622,20140623,20140626,20140627,20140628,20140629,20140630,20140701,20140702,20140703,20140710,20140711,20140712,20140713,20140714,20140715,20140721,20140725,20140727,20140728,20140730,20140731 
Number is 33 
G.3.4_index_4_VS_G.2.2_index_2 [13] PLUS 1 
20140616,20140617,20140618,20140624,20140625,20140626,20140701,20140704,20140705,20140710,20140711,20140712,20140713,20140714,20140715,20140716,20140717,20140720,20140721,20140726,20140727,20140729,20140731,20140801 
Number is 36 
G.5.5_index_3_VS_G.3.4_index_1 [14] PLUS 1 
20140617,20140625,20140702,20140703,20140704,20140705,20140706,20140709,20140710,20140711,20140712,20140713,20140714,20140715,20140716,20140718,20140723,20140725,20140729,20140731 
Number is 39 
G.4.3_index_3_VS_G.5.1_index_4 [15] 
20140616,20140617,20140619,20140620,20140624,20140628,20140630,20140701,20140702,20140705,20140707,20140710,20140711,20140712,20140713,20140714,20140715,20140719,20140721,20140726,20140727,20140728,20140731,20140802 
Number is 45 
G.7.3_index_2_VS_G.1.1_index_4 [16] 
20140616,20140617,20140622,20140626,20140628,20140707,20140708,20140710,20140711,20140712,20140713,20140714,20140715,20140717,20140720,20140721,20140724,20140726,20140727,20140728,20140730 
Number is 56 
G.5.4_index_4_VS_G.3.5_index_3 [17] PLUS 1 
20140616,20140618,20140619,20140622,20140628,20140629,20140701,20140702,20140703,20140704,20140705,20140709,20140710,20140711,20140712,20140713,20140714,20140715,20140716,20140721,20140725,20140729,20140730,20140802 
Number is 66 
G.7.4_index_2_VS_G.3.4_index_1 [18] PLUS 1 
20140618,20140619,20140620,20140621,20140623,20140627,20140701,20140702,20140704,20140706,20140710,20140711,20140712,20140713,20140714,20140715,20140716,20140718,20140719,20140720,20140724,20140725,20140727,20140729,20140731,20140802 
Number is 71 
G.5.3_index_3_VS_G.7.2_index_2 [19] 
20140619,20140621,20140627,20140628,20140629,20140704,20140705,20140710,20140711,20140712,20140713,20140714,20140715,20140719,20140724,20140726,20140728,20140729 
Number is 74 
G.2.1_index_1_VS_G.4.1_index_3 [20] 
20140615,20140619,20140620,20140624,20140625,20140626,20140627,20140702,20140703,20140709,20140710,20140711,20140712,20140713,20140714,20140715,20140719,20140720,20140724,20140725,20140726,20140727,20140729,20140730,20140731 
Number is 75 
G.DB_index_2_VS_G.5.6_index_4 [21] PLUS 1 
20140617,20140618,20140620,20140622,20140623,20140624,20140625,20140627,20140629,20140702,20140703,20140704,20140705,20140709,20140710,20140711,20140712,20140713,20140714,20140715,20140716,20140722,20140725,20140727,20140801,20140802 
G.4.1_index_1_VS_G.1.1_index_4 [22] PLUS 1 
20140617,20140618,20140620,20140621,20140622,20140623,20140626,20140629,20140630,20140704,20140708,20140710,20140711,20140712,20140713,20140714,20140715,20140716,20140717,20140719,20140723,20140725,20140726,20140731 
Number is 76 
G.DB_index_2_VS_G.7.4_index_2 [23] 
20140615,20140616,20140618,20140621,20140622,20140623,20140629,20140706,20140710,20140711,20140712,20140713,20140714,20140715,20140717,20140719,20140723,20140724,20140725,20140729,20140801,20140802 
Number is 77 
G.5.3_index_3_VS_G.6.1_index_1 [24] 
20140617,20140619,20140623,20140626,20140630,20140703,20140704,20140706,20140708,20140710,20140711,20140712,20140713,20140714,20140715,20140717,20140720,20140722,20140725,20140726,20140727,20140731,20140802 
G.5.3_index_3_VS_G.2.1_index_1 [25] 
20140616,20140619,20140624,20140627,20140628,20140630,20140702,20140703,20140704,20140705,20140706,20140710,20140711,20140712,20140713,20140714,20140715,20140720,20140721,20140722,20140723,20140725,20140730 
Number is 84 
G.5.5_index_1_VS_G.4.1_index_3 [26] 
20140618,20140619,20140627,20140628,20140701,20140702,20140710,20140711,20140712,20140713,20140714,20140715,20140717,20140719,20140721,20140722,20140731,20140801 
G.3.4_index_3_VS_G.4.1_index_3 [27] 
20140618,20140619,20140621,20140623,20140624,20140628,20140630,20140701,20140704,20140710,20140711,20140712,20140713,20140714,20140715,20140719,20140720,20140722,20140724,20140726,20140728,20140729,20140731,20140802 
Number is 90 
G.5.1_index_4_VS_G.2.2_index_5 [28] PLUS 1 
20140615,20140616,20140618,20140620,20140621,20140623,20140627,20140628,20140629,20140630,20140701,20140704,20140708,20140710,20140711,20140712,20140713,20140714,20140715,20140716,20140717,20140719,20140721,20140722,20140723,20140724,20140730,20140731 
Number is 93 
G.5.4_index_1_VS_G.5.5_index_3 [29] 
20140615,20140617,20140618,20140622,20140627,20140629,20140703,20140704,20140708,20140709,20140710,20140711,20140712,20140713,20140714,20140715,20140717,20140718,20140722,20140726,20140730,20140731 
Number is 95 
G.5.1_index_4_VS_G.5.6_index_4 [30] 
20140622,20140623,20140627,20140701,20140704,20140705,20140710,20140711,20140712,20140713,20140714,20140715,20140717,20140718,20140721,20140722,20140730,20140801,20140802 
G.1.1_index_1_VS_G.5.4_index_4 [31] 
20140616,20140618,20140619,20140622,20140625,20140626,20140628,20140629,20140701,20140703,20140708,20140709,20140710,20140711,20140712,20140713,20140714,20140715,20140717,20140718,20140719,20140721,20140722,20140725,20140729 
G.5.1_index_4_VS_G.5.4_index_4 [32] 
20140616,20140617,20140618,20140619,20140621,20140624,20140627,20140628,20140629,20140630,20140701,20140708,20140710,20140711,20140712,20140713,20140714,20140715,20140717,20140718,20140721,20140722,20140724,20140725,20140726,20140728,20140731,20140801,20140802 
