======== Current: 20140717 ========= 
Number is 08 
G.5.4_index_4_VS_G.3.5_index_3 [1] 
20140616,20140618,20140619,20140622,20140628,20140629,20140701,20140702,20140703,20140704,20140705,20140709,20140710,20140711,20140712,20140713,20140714,20140715,20140716,20140721,20140725,20140729,20140730,20140802 
Number is 15 
G.2.2_index_5_VS_G.5.5_index_2 [2] PLUS 1 
20140615,20140617,20140618,20140619,20140622,20140623,20140624,20140625,20140627,20140628,20140629,20140630,20140702,20140703,20140707,20140708,20140709,20140711,20140712,20140713,20140714,20140715,20140716,20140717,20140718,20140720,20140724 
Number is 18 
G.DB_index_2_VS_G.5.6_index_4 [3] 
20140617,20140618,20140620,20140622,20140623,20140624,20140625,20140627,20140629,20140702,20140703,20140704,20140705,20140709,20140710,20140711,20140712,20140713,20140714,20140715,20140716,20140722,20140725,20140727,20140801,20140802 
G.5.3_index_1_VS_G.3.6_index_2 [4] 
20140618,20140622,20140629,20140703,20140704,20140705,20140706,20140707,20140708,20140709,20140711,20140712,20140713,20140714,20140715,20140716,20140721,20140722,20140726,20140802 
Number is 19 
G.7.1_index_1_VS_G.4.4_index_2 [5] 
20140615,20140617,20140619,20140620,20140621,20140622,20140628,20140629,20140702,20140704,20140705,20140711,20140712,20140713,20140714,20140715,20140716,20140721,20140722,20140725,20140726,20140730,20140731 
Number is 21 
G.5.1_index_4_VS_G.2.2_index_5 [6] PLUS 1 
20140615,20140616,20140618,20140620,20140621,20140623,20140627,20140628,20140629,20140630,20140701,20140704,20140708,20140710,20140711,20140712,20140713,20140714,20140715,20140716,20140717,20140719,20140721,20140722,20140723,20140724,20140730,20140731 
Number is 31 
G.4.1_index_4_VS_G.5.3_index_4 [7] 
20140616,20140618,20140621,20140625,20140629,20140630,20140701,20140704,20140708,20140711,20140712,20140713,20140714,20140715,20140716,20140721,20140723,20140724,20140729,20140730,20140731,20140801 
Number is 38 
G.6.3_index_3_VS_G.7.1_index_2 [8] PLUS 1 
20140616,20140618,20140619,20140625,20140629,20140701,20140703,20140704,20140707,20140708,20140709,20140711,20140712,20140713,20140714,20140715,20140716,20140717,20140718,20140721,20140722,20140727,20140728,20140730,20140801 
Number is 39 
G.6.2_index_2_VS_G.4.4_index_2 [9] 
20140615,20140616,20140621,20140623,20140701,20140704,20140708,20140709,20140711,20140712,20140713,20140714,20140715,20140716,20140718,20140719,20140721,20140723,20140729,20140801 
Number is 40 
G.4.1_index_1_VS_G.1.1_index_4 [10] PLUS 1 
20140617,20140618,20140620,20140621,20140622,20140623,20140626,20140629,20140630,20140704,20140708,20140710,20140711,20140712,20140713,20140714,20140715,20140716,20140717,20140719,20140723,20140725,20140726,20140731 
Number is 50 
G.7.4_index_2_VS_G.3.4_index_1 [11] 
20140618,20140619,20140620,20140621,20140623,20140627,20140701,20140702,20140704,20140706,20140710,20140711,20140712,20140713,20140714,20140715,20140716,20140718,20140719,20140720,20140724,20140725,20140727,20140729,20140731,20140802 
Number is 56 
G.4.3_index_3_VS_G.3.1_index_4 [12] PLUS 1 
20140615,20140620,20140623,20140629,20140630,20140701,20140702,20140703,20140704,20140705,20140706,20140711,20140712,20140713,20140714,20140715,20140716,20140717,20140719,20140721,20140723,20140727,20140729,20140730,20140802 
Number is 61 
G.3.4_index_4_VS_G.2.2_index_2 [13] PLUS 1 
20140616,20140617,20140618,20140624,20140625,20140626,20140701,20140704,20140705,20140710,20140711,20140712,20140713,20140714,20140715,20140716,20140717,20140720,20140721,20140726,20140727,20140729,20140731,20140801 
Number is 66 
G.6.3_index_2_VS_G.6.1_index_2 [14] 
20140615,20140620,20140622,20140623,20140627,20140703,20140705,20140706,20140710,20140711,20140712,20140713,20140714,20140715,20140716,20140718,20140722,20140727,20140728,20140730,20140731,20140802 
Number is 67 
G.DB_index_5_VS_G.3.3_index_4 [15] PLUS 1 
20140615,20140616,20140619,20140622,20140624,20140626,20140628,20140711,20140712,20140713,20140714,20140715,20140716,20140717,20140720,20140721,20140724,20140725,20140728,20140729,20140731,20140801 
Number is 68 
G.6.3_index_2_VS_G.1.1_index_3 [16] PLUS 1 
20140615,20140618,20140619,20140623,20140625,20140626,20140629,20140703,20140704,20140705,20140708,20140710,20140711,20140712,20140713,20140714,20140715,20140716,20140717,20140726,20140731,20140801 
G.6.1_index_2_VS_G.3.5_index_3 [17] PLUS 1 
20140616,20140618,20140619,20140620,20140622,20140623,20140628,20140705,20140710,20140711,20140712,20140713,20140714,20140715,20140716,20140717,20140721,20140722,20140723,20140725,20140726,20140727,20140728,20140729,20140731,20140802 
Number is 70 
G.5.5_index_3_VS_G.3.4_index_1 [18] 
20140617,20140625,20140702,20140703,20140704,20140705,20140706,20140709,20140710,20140711,20140712,20140713,20140714,20140715,20140716,20140718,20140723,20140725,20140729,20140731 
Number is 86 
G.1.1_index_3_VS_G.3.6_index_5 [19] PLUS 1 
20140618,20140619,20140621,20140623,20140629,20140630,20140701,20140702,20140703,20140706,20140708,20140710,20140711,20140712,20140713,20140714,20140715,20140716,20140717,20140719,20140722,20140724,20140726,20140729,20140801,20140802 
G.3.5_index_3_VS_G.2.2_index_1 [20] PLUS 1 
20140615,20140616,20140618,20140622,20140626,20140701,20140704,20140711,20140712,20140713,20140714,20140715,20140716,20140717,20140718,20140722,20140723,20140724,20140729 
Number is 87 
G.3.5_index_3_VS_G.3.3_index_2 [21] 
20140616,20140619,20140621,20140623,20140624,20140625,20140626,20140627,20140628,20140702,20140703,20140705,20140709,20140711,20140712,20140713,20140714,20140715,20140716,20140719,20140721,20140725,20140728,20140729,20140730 
Number is 88 
G.5.3_index_3_VS_G.3.6_index_2 [22] 
20140615,20140616,20140619,20140623,20140624,20140628,20140630,20140703,20140704,20140705,20140706,20140708,20140711,20140712,20140713,20140714,20140715,20140716,20140721,20140725,20140727,20140729,20140802 
G.3.3_index_1_VS_G.2.1_index_1 [23] 
20140615,20140616,20140625,20140627,20140628,20140629,20140701,20140703,20140706,20140707,20140708,20140711,20140712,20140713,20140714,20140715,20140716,20140723,20140726,20140727,20140729,20140731 
Number is 91 
G.4.4_index_4_VS_G.2.2_index_2 [24] 
20140616,20140618,20140619,20140621,20140623,20140624,20140627,20140702,20140708,20140711,20140712,20140713,20140714,20140715,20140716,20140720,20140724,20140725,20140727 
Number is 92 
G.4.1_index_2_VS_G.3.2_index_1 [25] 
20140617,20140621,20140622,20140626,20140627,20140628,20140629,20140703,20140705,20140711,20140712,20140713,20140714,20140715,20140716,20140725,20140726,20140727,20140728,20140729,20140801 
Number is 95 
G.4.1_index_2_VS_G.3.1_index_1 [26] PLUS 1 
20140615,20140618,20140621,20140622,20140627,20140628,20140630,20140701,20140703,20140704,20140706,20140707,20140709,20140711,20140712,20140713,20140714,20140715,20140716,20140717,20140718,20140719,20140723,20140729,20140730 
Number is 98 
G.4.4_index_2_VS_G.5.6_index_4 [27] 
20140617,20140620,20140621,20140623,20140624,20140625,20140628,20140704,20140705,20140706,20140707,20140710,20140711,20140712,20140713,20140714,20140715,20140716,20140721,20140722,20140723,20140729,20140731 
