======== Current: 20140721 ========= 
Number is 07 
G.6.1_index_1_VS_G.5.6_index_1 [1] PLUS 1 
20140615,20140616,20140617,20140618,20140621,20140622,20140623,20140625,20140626,20140628,20140629,20140708,20140709,20140714,20140715,20140716,20140717,20140718,20140719,20140720,20140721,20140722,20140726,20140727,20140731,20140802 
Number is 16 
G.5.5_index_2_VS_G.6.1_index_3 [2] PLUS 1 
20140615,20140617,20140622,20140623,20140624,20140629,20140701,20140702,20140707,20140709,20140711,20140715,20140716,20140717,20140718,20140719,20140720,20140721,20140722,20140726,20140730 
Number is 22 
G.6.2_index_1_VS_G.7.2_index_2 [3] 
20140615,20140616,20140622,20140623,20140624,20140626,20140628,20140630,20140702,20140704,20140715,20140716,20140717,20140718,20140719,20140720,20140726,20140727,20140729 
Number is 23 
G.5.2_index_1_VS_G.1.1_index_2 [4] 
20140618,20140620,20140621,20140622,20140626,20140627,20140628,20140701,20140703,20140705,20140706,20140711,20140712,20140714,20140715,20140716,20140717,20140718,20140719,20140720,20140724,20140729,20140730,20140801,20140802 
Number is 25 
G.5.2_index_1_VS_G.3.4_index_5 [5] PLUS 1 
20140615,20140619,20140620,20140622,20140623,20140626,20140628,20140702,20140704,20140706,20140708,20140711,20140715,20140716,20140717,20140718,20140719,20140720,20140721,20140722,20140723,20140729,20140731,20140802 
Number is 26 
G.7.2_index_2_VS_G.3.3_index_3 [6] 
20140617,20140618,20140622,20140623,20140624,20140627,20140705,20140706,20140708,20140712,20140713,20140715,20140716,20140717,20140718,20140719,20140720,20140722,20140723,20140724,20140726,20140727,20140728,20140802 
Number is 32 
G.1.1_index_2_VS_G.DB_index_1 [7] 
20140615,20140616,20140618,20140619,20140620,20140622,20140623,20140628,20140630,20140701,20140702,20140703,20140704,20140707,20140708,20140715,20140716,20140717,20140718,20140719,20140720,20140722,20140726,20140729,20140730,20140801 
Number is 36 
G.7.4_index_2_VS_G.1.1_index_3 [8] PLUS 1 
20140616,20140618,20140619,20140620,20140622,20140629,20140705,20140707,20140709,20140714,20140715,20140716,20140717,20140718,20140719,20140720,20140721,20140722,20140723,20140725,20140727,20140801 
Number is 40 
G.5.1_index_3_VS_G.5.5_index_4 [9] 
20140616,20140617,20140619,20140621,20140622,20140626,20140629,20140630,20140701,20140704,20140711,20140713,20140715,20140716,20140717,20140718,20140719,20140720,20140724,20140726,20140727,20140728,20140729,20140802 
Number is 54 
G.2.2_index_5_VS_G.5.1_index_3 [10] 
20140615,20140616,20140619,20140622,20140624,20140629,20140630,20140702,20140703,20140704,20140708,20140711,20140712,20140715,20140716,20140717,20140718,20140719,20140720,20140726,20140730 
Number is 58 
G.4.3_index_4_VS_G.DB_index_5 [11] PLUS 1 
20140615,20140618,20140621,20140624,20140625,20140628,20140629,20140630,20140704,20140706,20140708,20140710,20140713,20140714,20140715,20140716,20140717,20140718,20140719,20140720,20140721,20140722,20140723,20140724,20140725,20140726,20140727,20140728 
Number is 62 
G.2.2_index_2_VS_G.7.2_index_2 [12] 
20140616,20140619,20140620,20140621,20140622,20140627,20140629,20140705,20140707,20140708,20140711,20140714,20140715,20140716,20140717,20140718,20140719,20140720,20140723,20140724,20140726,20140801 
Number is 64 
G.3.1_index_5_VS_G.4.3_index_3 [13] 
20140615,20140620,20140621,20140623,20140625,20140628,20140630,20140703,20140705,20140707,20140715,20140716,20140717,20140718,20140719,20140720,20140722,20140723,20140725,20140726,20140727,20140728 
Number is 67 
G.5.3_index_4_VS_G.5.4_index_4 [14] 
20140618,20140619,20140622,20140626,20140627,20140628,20140630,20140704,20140710,20140712,20140715,20140716,20140717,20140718,20140719,20140720,20140724,20140728,20140729,20140730,20140801,20140802 
Number is 77 
G.6.3_index_1_VS_G.4.3_index_1 [15] 
20140619,20140620,20140622,20140623,20140626,20140627,20140629,20140705,20140706,20140709,20140712,20140713,20140714,20140715,20140716,20140717,20140718,20140719,20140720,20140722,20140724,20140727,20140728,20140729,20140731,20140801 
Number is 86 
G.5.2_index_4_VS_G.3.3_index_3 [16] PLUS 1 
20140615,20140618,20140622,20140629,20140630,20140701,20140705,20140707,20140708,20140709,20140713,20140714,20140715,20140716,20140717,20140718,20140719,20140720,20140721,20140723,20140726,20140728,20140729,20140730 
Number is 87 
G.DB_index_5_VS_G.4.3_index_1 [17] 
20140616,20140622,20140625,20140702,20140705,20140706,20140707,20140708,20140715,20140716,20140717,20140718,20140719,20140720,20140722,20140723,20140724,20140729,20140730,20140801,20140802 
Number is 89 
G.DB_index_5_VS_G.3.5_index_5 [18] 
20140615,20140617,20140619,20140621,20140623,20140624,20140625,20140626,20140630,20140702,20140705,20140708,20140715,20140716,20140717,20140718,20140719,20140720,20140722,20140723,20140724,20140726,20140730 
Number is 90 
G.3.4_index_2_VS_G.6.1_index_1 [19] PLUS 1 
20140617,20140618,20140619,20140623,20140626,20140628,20140702,20140703,20140705,20140706,20140707,20140708,20140711,20140712,20140715,20140716,20140717,20140718,20140719,20140720,20140721,20140722,20140723,20140724,20140726,20140727,20140729,20140730,20140731,20140801,20140802 
Number is 94 
G.3.5_index_5_VS_G.5.1_index_3 [20] 
20140615,20140616,20140617,20140619,20140627,20140628,20140629,20140630,20140701,20140704,20140707,20140711,20140712,20140713,20140715,20140716,20140717,20140718,20140719,20140720,20140723,20140724,20140727,20140729,20140730,20140801,20140802 
