======== Current: 20140722 ========= 
Number is 13 
G.DB_index_5_VS_G.3.5_index_2 [1] 
20140621,20140623,20140624,20140625,20140627,20140630,20140701,20140703,20140704,20140706,20140708,20140709,20140710,20140712,20140714,20140716,20140717,20140718,20140719,20140720,20140721,20140724,20140726,20140727,20140801,20140802 
Number is 16 
G.3.1_index_3_VS_G.3.6_index_3 [2] PLUS 1 
20140617,20140621,20140625,20140627,20140628,20140629,20140701,20140703,20140708,20140709,20140710,20140712,20140716,20140717,20140718,20140719,20140720,20140721,20140722,20140727,20140728,20140731,20140802 
G.4.3_index_3_VS_G.3.6_index_3 [3] PLUS 1 
20140617,20140619,20140623,20140624,20140628,20140629,20140702,20140703,20140704,20140705,20140709,20140710,20140713,20140716,20140717,20140718,20140719,20140720,20140721,20140722,20140723,20140724,20140729,20140731,20140801,20140802 
Number is 18 
G.4.3_index_3_VS_G.4.2_index_2 [4] 
20140615,20140619,20140621,20140623,20140630,20140703,20140704,20140705,20140708,20140710,20140713,20140716,20140717,20140718,20140719,20140720,20140721,20140727,20140731,20140802 
Number is 23 
G.5.3_index_4_VS_G.7.4_index_2 [5] 
20140616,20140618,20140619,20140620,20140621,20140622,20140623,20140625,20140626,20140629,20140701,20140702,20140705,20140710,20140716,20140717,20140718,20140719,20140720,20140721,20140723,20140727,20140729,20140730,20140801,20140802 
Number is 36 
G.3.1_index_4_VS_G.3.1_index_5 [6] 
20140617,20140618,20140622,20140626,20140628,20140629,20140630,20140703,20140706,20140710,20140713,20140714,20140716,20140717,20140718,20140719,20140720,20140721,20140723,20140726,20140727,20140729 
Number is 39 
G.7.4_index_2_VS_G.1.1_index_3 [7] PLUS 1 
20140616,20140618,20140619,20140620,20140622,20140629,20140705,20140707,20140709,20140714,20140715,20140716,20140717,20140718,20140719,20140720,20140721,20140722,20140723,20140725,20140727,20140801 
Number is 41 
G.4.3_index_4_VS_G.DB_index_5 [8] PLUS 1 
20140615,20140618,20140621,20140624,20140625,20140628,20140629,20140630,20140704,20140706,20140708,20140710,20140713,20140714,20140715,20140716,20140717,20140718,20140719,20140720,20140721,20140722,20140723,20140724,20140725,20140726,20140727,20140728 
Number is 42 
G.3.4_index_5_VS_G.3.4_index_4 [9] 
20140615,20140616,20140619,20140620,20140623,20140624,20140628,20140630,20140703,20140704,20140707,20140710,20140714,20140716,20140717,20140718,20140719,20140720,20140721,20140723,20140728,20140730,20140731 
Number is 45 
G.6.1_index_2_VS_G.5.6_index_1 [10] 
20140615,20140616,20140618,20140619,20140620,20140621,20140622,20140630,20140704,20140710,20140716,20140717,20140718,20140719,20140720,20140721,20140728,20140730,20140731,20140802 
Number is 50 
G.3.4_index_2_VS_G.4.4_index_1 [11] PLUS 1 
20140615,20140616,20140618,20140621,20140623,20140627,20140629,20140630,20140701,20140704,20140706,20140708,20140709,20140711,20140712,20140716,20140717,20140718,20140719,20140720,20140721,20140722,20140724,20140725,20140726,20140727,20140728,20140729,20140731,20140801 
Number is 56 
G.3.4_index_2_VS_G.6.1_index_1 [12] PLUS 1 
20140617,20140618,20140619,20140623,20140626,20140628,20140702,20140703,20140705,20140706,20140707,20140708,20140711,20140712,20140715,20140716,20140717,20140718,20140719,20140720,20140721,20140722,20140723,20140724,20140726,20140727,20140729,20140730,20140731,20140801,20140802 
Number is 64 
G.5.2_index_1_VS_G.3.4_index_5 [13] PLUS 1 
20140615,20140619,20140620,20140622,20140623,20140626,20140628,20140702,20140704,20140706,20140708,20140711,20140715,20140716,20140717,20140718,20140719,20140720,20140721,20140722,20140723,20140729,20140731,20140802 
Number is 65 
G.6.1_index_1_VS_G.5.6_index_1 [14] PLUS 1 
20140615,20140616,20140617,20140618,20140621,20140622,20140623,20140625,20140626,20140628,20140629,20140708,20140709,20140714,20140715,20140716,20140717,20140718,20140719,20140720,20140721,20140722,20140726,20140727,20140731,20140802 
Number is 81 
G.5.2_index_4_VS_G.3.3_index_3 [15] 
20140615,20140618,20140622,20140629,20140630,20140701,20140705,20140707,20140708,20140709,20140713,20140714,20140715,20140716,20140717,20140718,20140719,20140720,20140721,20140723,20140726,20140728,20140729,20140730 
Number is 82 
G.2.1_index_1_VS_G.5.1_index_3 [16] 
20140615,20140616,20140618,20140623,20140624,20140625,20140626,20140628,20140630,20140701,20140703,20140706,20140707,20140709,20140711,20140713,20140716,20140717,20140718,20140719,20140720,20140721,20140724,20140730,20140802 
Number is 85 
G.2.2_index_4_VS_G.5.5_index_4 [17] PLUS 1 
20140616,20140619,20140621,20140623,20140628,20140629,20140630,20140702,20140708,20140711,20140712,20140716,20140717,20140718,20140719,20140720,20140721,20140722,20140724,20140725,20140729,20140731,20140801,20140802 
Number is 96 
G.5.5_index_2_VS_G.3.1_index_5 [18] 
20140615,20140620,20140621,20140622,20140625,20140701,20140703,20140704,20140706,20140707,20140709,20140710,20140713,20140714,20140716,20140717,20140718,20140719,20140720,20140721,20140723,20140725,20140731,20140801,20140802 
Number is 98 
G.5.5_index_2_VS_G.6.1_index_3 [19] PLUS 1 
20140615,20140617,20140622,20140623,20140624,20140629,20140701,20140702,20140707,20140709,20140711,20140715,20140716,20140717,20140718,20140719,20140720,20140721,20140722,20140726,20140730 
