======== Current: 20140724 ========= 
Number is 17 
G.3.1_index_1_VS_G.6.1_index_1 [1] PLUS 1 
20140616,20140617,20140618,20140620,20140621,20140623,20140625,20140627,20140628,20140629,20140701,20140703,20140709,20140711,20140714,20140718,20140719,20140720,20140721,20140722,20140723,20140724,20140725,20140727,20140729 
G.3.4_index_2_VS_G.6.1_index_1 [2] PLUS 1 
20140617,20140618,20140619,20140623,20140626,20140628,20140702,20140703,20140705,20140706,20140707,20140708,20140711,20140712,20140715,20140716,20140717,20140718,20140719,20140720,20140721,20140722,20140723,20140724,20140726,20140727,20140729,20140730,20140731,20140801,20140802 
Number is 19 
G.7.3_index_1_VS_G.5.5_index_4 [3] PLUS 1 
20140615,20140616,20140618,20140620,20140622,20140623,20140626,20140627,20140629,20140707,20140711,20140712,20140717,20140718,20140719,20140720,20140721,20140722,20140723,20140724,20140727,20140728,20140729,20140730,20140731 
Number is 27 
G.4.3_index_4_VS_G.DB_index_5 [4] PLUS 1 
20140615,20140618,20140621,20140624,20140625,20140628,20140629,20140630,20140704,20140706,20140708,20140710,20140713,20140714,20140715,20140716,20140717,20140718,20140719,20140720,20140721,20140722,20140723,20140724,20140725,20140726,20140727,20140728 
Number is 31 
G.4.4_index_2_VS_G.3.4_index_2 [5] 
20140615,20140616,20140617,20140619,20140622,20140625,20140628,20140629,20140702,20140704,20140705,20140707,20140709,20140715,20140716,20140718,20140719,20140720,20140721,20140722,20140723,20140726,20140727,20140731,20140802 
G.1.1_index_2_VS_G.3.5_index_2 [6] 
20140615,20140622,20140626,20140628,20140630,20140703,20140705,20140706,20140709,20140711,20140715,20140717,20140718,20140719,20140720,20140721,20140722,20140723,20140727,20140729,20140731,20140802 
Number is 38 
G.1.1_index_2_VS_G.3.4_index_5 [7] 
20140615,20140619,20140620,20140621,20140630,20140702,20140703,20140706,20140707,20140710,20140713,20140718,20140719,20140720,20140721,20140722,20140723,20140727,20140729,20140730,20140731,20140802 
Number is 42 
G.7.4_index_2_VS_G.1.1_index_3 [8] 
20140616,20140618,20140619,20140620,20140622,20140629,20140705,20140707,20140709,20140714,20140715,20140716,20140717,20140718,20140719,20140720,20140721,20140722,20140723,20140725,20140727,20140801 
Number is 43 
G.3.5_index_4_VS_G.1.1_index_2 [9] 
20140615,20140617,20140618,20140620,20140626,20140629,20140702,20140703,20140704,20140706,20140710,20140718,20140719,20140720,20140721,20140722,20140723,20140728,20140730,20140731,20140802 
Number is 49 
G.3.4_index_4_VS_G.5.1_index_1 [10] PLUS 1 
20140616,20140619,20140620,20140621,20140623,20140624,20140630,20140701,20140702,20140703,20140707,20140711,20140713,20140718,20140719,20140720,20140721,20140722,20140723,20140724,20140726,20140729,20140731 
G.DB_index_1_VS_G.5.5_index_4 [11] PLUS 1 
20140615,20140616,20140620,20140622,20140627,20140628,20140630,20140707,20140709,20140711,20140715,20140718,20140719,20140720,20140721,20140722,20140723,20140724,20140725,20140726,20140727,20140728,20140729,20140730,20140801 
Number is 58 
G.5.2_index_1_VS_G.3.4_index_5 [12] 
20140615,20140619,20140620,20140622,20140623,20140626,20140628,20140702,20140704,20140706,20140708,20140711,20140715,20140716,20140717,20140718,20140719,20140720,20140721,20140722,20140723,20140729,20140731,20140802 
Number is 71 
G.DB_index_5_VS_G.4.2_index_1 [13] PLUS 1 
20140619,20140621,20140624,20140625,20140627,20140628,20140702,20140703,20140708,20140710,20140713,20140714,20140715,20140718,20140719,20140720,20140721,20140722,20140723,20140724,20140725,20140726,20140730,20140731,20140801,20140802 
Number is 73 
G.3.3_index_5_VS_G.1.1_index_1 [14] 
20140616,20140617,20140618,20140621,20140622,20140623,20140625,20140629,20140701,20140706,20140714,20140715,20140717,20140718,20140719,20140720,20140721,20140722,20140723,20140726,20140727,20140729,20140730,20140731 
G.6.1_index_1_VS_G.1.1_index_1 [15] 
20140615,20140619,20140621,20140623,20140625,20140626,20140703,20140706,20140708,20140712,20140714,20140715,20140716,20140718,20140719,20140720,20140721,20140722,20140723,20140725,20140728,20140730,20140731,20140802 
G.4.4_index_4_VS_G.2.1_index_5 [16] 
20140615,20140619,20140621,20140623,20140624,20140626,20140701,20140705,20140707,20140708,20140710,20140712,20140713,20140718,20140719,20140720,20140721,20140722,20140723,20140726,20140728,20140729,20140731,20140802 
Number is 76 
G.4.3_index_3_VS_G.3.6_index_3 [17] PLUS 1 
20140617,20140619,20140623,20140624,20140628,20140629,20140702,20140703,20140704,20140705,20140709,20140710,20140713,20140716,20140717,20140718,20140719,20140720,20140721,20140722,20140723,20140724,20140729,20140731,20140801,20140802 
Number is 77 
G.5.4_index_3_VS_G.6.1_index_1 [18] PLUS 1 
20140616,20140617,20140618,20140621,20140622,20140623,20140625,20140626,20140708,20140709,20140710,20140711,20140715,20140718,20140719,20140720,20140721,20140722,20140723,20140724,20140726,20140728,20140730,20140731 
Number is 83 
G.3.4_index_5_VS_G.2.1_index_5 [19] 
20140615,20140618,20140619,20140620,20140621,20140622,20140623,20140627,20140629,20140630,20140705,20140709,20140712,20140714,20140717,20140718,20140719,20140720,20140721,20140722,20140723,20140728,20140729,20140731,20140801,20140802 
Number is 85 
G.3.4_index_5_VS_G.2.1_index_3 [20] 
20140616,20140617,20140619,20140620,20140625,20140702,20140704,20140708,20140711,20140712,20140714,20140716,20140718,20140719,20140720,20140721,20140722,20140723,20140729,20140731,20140801,20140802 
Number is 86 
G.5.2_index_4_VS_G.3.6_index_3 [21] 
20140615,20140618,20140619,20140621,20140622,20140623,20140624,20140625,20140626,20140627,20140703,20140709,20140710,20140712,20140714,20140717,20140718,20140719,20140720,20140721,20140722,20140723,20140726,20140727,20140728,20140729,20140730,20140731,20140801,20140802 
G.DB_index_4_VS_G.6.1_index_2 [22] 
20140615,20140619,20140620,20140621,20140622,20140626,20140628,20140629,20140630,20140704,20140711,20140712,20140717,20140718,20140719,20140720,20140721,20140722,20140723,20140725,20140730,20140731,20140802 
Number is 87 
G.3.4_index_5_VS_G.5.3_index_1 [23] 
20140616,20140618,20140619,20140620,20140622,20140701,20140702,20140703,20140709,20140710,20140712,20140713,20140717,20140718,20140719,20140720,20140721,20140722,20140723,20140725,20140726 
Number is 88 
G.3.4_index_5_VS_G.5.1_index_4 [24] 
20140615,20140616,20140617,20140620,20140623,20140624,20140626,20140628,20140630,20140706,20140710,20140711,20140713,20140717,20140718,20140719,20140720,20140721,20140722,20140723,20140726,20140727,20140729,20140730,20140731,20140802 
Number is 89 
G.5.3_index_2_VS_G.5.5_index_4 [25] 
20140615,20140616,20140617,20140620,20140625,20140627,20140630,20140702,20140712,20140713,20140714,20140718,20140719,20140720,20140721,20140722,20140723,20140725,20140726,20140727,20140728,20140729,20140730,20140731,20140801 
G.3.4_index_5_VS_G.4.2_index_3 [26] 
20140616,20140619,20140622,20140623,20140628,20140702,20140703,20140704,20140707,20140709,20140710,20140716,20140718,20140719,20140720,20140721,20140722,20140723,20140728,20140801 
G.7.1_index_2_VS_G.5.5_index_4 [27] 
20140617,20140620,20140621,20140624,20140630,20140703,20140707,20140718,20140719,20140720,20140721,20140722,20140723,20140725,20140726,20140727,20140728,20140729,20140802 
G.5.1_index_4_VS_G.5.5_index_4 [28] 
20140615,20140616,20140618,20140620,20140626,20140629,20140705,20140708,20140711,20140713,20140716,20140718,20140719,20140720,20140721,20140722,20140723,20140726,20140727,20140728,20140731,20140802 
Number is 92 
G.4.2_index_2_VS_G.1.1_index_3 [29] 
20140618,20140619,20140624,20140629,20140701,20140703,20140704,20140708,20140709,20140712,20140715,20140716,20140718,20140719,20140720,20140721,20140722,20140723,20140726,20140729,20140801,20140802 
