======== Current: 20140729 ========= 
Number is 00 
G.4.1_index_3_VS_G.4.4_index_3 [1] PLUS 1 
20140616,20140617,20140620,20140621,20140624,20140625,20140626,20140627,20140628,20140701,20140702,20140705,20140706,20140707,20140709,20140710,20140711,20140723,20140724,20140725,20140726,20140727,20140728,20140729,20140730,20140731,20140801 
Number is 01 
G.DB_index_1_VS_G.5.5_index_4 [2] PLUS 1 
20140615,20140616,20140620,20140622,20140627,20140628,20140630,20140707,20140709,20140711,20140715,20140718,20140719,20140720,20140721,20140722,20140723,20140724,20140725,20140726,20140727,20140728,20140729,20140730,20140801 
Number is 12 
G.4.1_index_2_VS_G.3.6_index_5 [3] PLUS 1 
20140618,20140619,20140621,20140622,20140627,20140628,20140630,20140701,20140702,20140706,20140708,20140712,20140713,20140716,20140717,20140719,20140723,20140724,20140725,20140726,20140727,20140728,20140729,20140731,20140801,20140802 
Number is 17 
G.4.4_index_1_VS_G.3.3_index_2 [4] 
20140615,20140616,20140621,20140622,20140624,20140626,20140630,20140703,20140707,20140709,20140710,20140711,20140713,20140718,20140719,20140722,20140723,20140724,20140725,20140726,20140727,20140728,20140801 
Number is 20 
G.DB_index_4_VS_G.4.1_index_3 [5] PLUS 1 
20140616,20140628,20140704,20140706,20140713,20140715,20140719,20140723,20140724,20140725,20140726,20140727,20140728,20140729,20140730,20140731 
Number is 22 
G.1.1_index_5_VS_G.4.1_index_1 [6] PLUS 1 
20140616,20140617,20140618,20140620,20140624,20140625,20140626,20140628,20140629,20140630,20140702,20140707,20140708,20140714,20140717,20140722,20140723,20140724,20140725,20140726,20140727,20140728,20140729,20140730 
Number is 27 
G.DB_index_2_VS_G.1.1_index_3 [7] PLUS 1 
20140615,20140616,20140620,20140623,20140624,20140629,20140702,20140705,20140706,20140708,20140712,20140713,20140715,20140723,20140724,20140725,20140726,20140727,20140728,20140729,20140801,20140802 
G.DB_index_2_VS_G.3.3_index_4 [8] PLUS 1 
20140618,20140623,20140628,20140703,20140705,20140707,20140710,20140712,20140713,20140723,20140724,20140725,20140726,20140727,20140728,20140729,20140731,20140802 
Number is 35 
G.2.2_index_1_VS_G.5.4_index_1 [9] PLUS 1 
20140615,20140619,20140621,20140622,20140624,20140628,20140629,20140702,20140708,20140710,20140711,20140721,20140723,20140724,20140725,20140726,20140727,20140728,20140729,20140730,20140731,20140801,20140802 
Number is 36 
G.5.4_index_4_VS_G.3.1_index_5 [10] 
20140618,20140619,20140620,20140621,20140622,20140623,20140627,20140628,20140701,20140703,20140708,20140710,20140711,20140712,20140715,20140717,20140718,20140720,20140723,20140724,20140725,20140726,20140727,20140728,20140801,20140802 
Number is 38 
G.4.3_index_4_VS_G.DB_index_5 [11] 
20140615,20140618,20140621,20140624,20140625,20140628,20140629,20140630,20140704,20140706,20140708,20140710,20140713,20140714,20140715,20140716,20140717,20140718,20140719,20140720,20140721,20140722,20140723,20140724,20140725,20140726,20140727,20140728 
Number is 45 
G.3.2_index_2_VS_G.5.6_index_1 [12] 
20140616,20140619,20140620,20140621,20140622,20140624,20140629,20140704,20140705,20140706,20140711,20140718,20140719,20140722,20140723,20140724,20140725,20140726,20140727,20140728,20140731 
Number is 51 
G.5.1_index_3_VS_G.3.2_index_4 [13] PLUS 1 
20140616,20140617,20140619,20140620,20140622,20140626,20140629,20140630,20140701,20140702,20140703,20140704,20140705,20140708,20140709,20140710,20140711,20140712,20140713,20140714,20140716,20140717,20140720,20140723,20140724,20140725,20140726,20140727,20140728,20140729,20140730,20140802 
Number is 60 
G.3.6_index_4_VS_G.3.2_index_1 [14] 
20140619,20140621,20140622,20140624,20140625,20140627,20140628,20140702,20140705,20140706,20140708,20140712,20140713,20140715,20140716,20140717,20140718,20140723,20140724,20140725,20140726,20140727,20140728,20140730 
Number is 61 
G.4.2_index_1_VS_G.3.6_index_3 [15] PLUS 1 
20140622,20140624,20140627,20140628,20140629,20140704,20140706,20140707,20140709,20140710,20140718,20140721,20140722,20140723,20140724,20140725,20140726,20140727,20140728,20140729,20140731 
G.3.4_index_4_VS_G.3.2_index_4 [16] PLUS 1 
20140616,20140617,20140619,20140620,20140623,20140624,20140629,20140630,20140701,20140702,20140707,20140709,20140710,20140712,20140716,20140717,20140718,20140720,20140721,20140723,20140724,20140725,20140726,20140727,20140728,20140729,20140731,20140801 
Number is 63 
G.7.3_index_1_VS_G.5.4_index_3 [17] 
20140616,20140618,20140620,20140623,20140624,20140625,20140628,20140629,20140702,20140705,20140706,20140709,20140713,20140720,20140723,20140724,20140725,20140726,20140727,20140728,20140730,20140802 
G.3.1_index_5_VS_G.4.3_index_4 [18] 
20140615,20140616,20140618,20140619,20140621,20140625,20140626,20140627,20140702,20140703,20140704,20140708,20140713,20140719,20140722,20140723,20140724,20140725,20140726,20140727,20140728,20140801,20140802 
Number is 65 
G.3.6_index_4_VS_G.4.4_index_2 [19] 
20140615,20140616,20140617,20140620,20140622,20140624,20140626,20140627,20140628,20140629,20140701,20140705,20140706,20140713,20140723,20140724,20140725,20140726,20140727,20140728,20140730,20140801 
Number is 66 
G.4.2_index_1_VS_G.5.6_index_3 [20] 
20140615,20140616,20140619,20140620,20140621,20140624,20140630,20140701,20140703,20140704,20140705,20140710,20140711,20140715,20140716,20140717,20140723,20140724,20140725,20140726,20140727,20140728,20140731,20140801 
G.6.3_index_1_VS_G.3.1_index_5 [21] 
20140616,20140621,20140623,20140624,20140625,20140626,20140629,20140701,20140703,20140704,20140706,20140710,20140713,20140715,20140717,20140719,20140720,20140722,20140723,20140724,20140725,20140726,20140727,20140728,20140730,20140731,20140802 
Number is 70 
G.7.2_index_2_VS_G.4.4_index_3 [22] PLUS 1 
20140615,20140617,20140621,20140622,20140625,20140628,20140630,20140701,20140702,20140705,20140707,20140708,20140713,20140716,20140719,20140721,20140723,20140724,20140725,20140726,20140727,20140728,20140729,20140801,20140802 
Number is 71 
G.3.3_index_4_VS_G.4.1_index_2 [23] 
20140616,20140618,20140619,20140620,20140621,20140622,20140626,20140627,20140628,20140701,20140705,20140706,20140713,20140715,20140718,20140719,20140721,20140723,20140724,20140725,20140726,20140727,20140728,20140730 
Number is 75 
G.5.5_index_3_VS_G.5.6_index_1 [24] 
20140617,20140619,20140623,20140703,20140707,20140708,20140709,20140710,20140714,20140716,20140718,20140719,20140720,20140723,20140724,20140725,20140726,20140727,20140728 
Number is 77 
G.3.3_index_4_VS_G.7.2_index_2 [25] 
20140615,20140616,20140619,20140622,20140705,20140707,20140711,20140712,20140718,20140719,20140721,20140723,20140724,20140725,20140726,20140727,20140728,20140731 
Number is 83 
G.DB_index_5_VS_G.5.4_index_4 [26] 
20140616,20140618,20140621,20140622,20140623,20140624,20140625,20140626,20140630,20140701,20140708,20140709,20140710,20140712,20140714,20140715,20140717,20140719,20140720,20140722,20140723,20140724,20140725,20140726,20140727,20140728,20140731,20140802 
Number is 91 
G.3.4_index_2_VS_G.3.6_index_3 [27] PLUS 1 
20140617,20140618,20140623,20140628,20140703,20140704,20140706,20140707,20140709,20140716,20140717,20140719,20140721,20140722,20140723,20140724,20140725,20140726,20140727,20140728,20140729 
