======== Current: 20130405 ========= 
Number is 02 
G.5.2_index_1_VS_G.3.5_index_1 [1] 
20130322,20130329,20130330,20130331,20130401,20130402,20130403,20130404,20130406,20130407,20130411,20130412,20130416,20130418,20130422,20130423,20130425,20130426,20130427,20130428,20130429,20130503,20130504 
Number is 04 
G.3.4_index_4_VS_G.4.2_index_4 [2] PLUS 1 
20130320,20130324,20130327,20130328,20130330,20130331,20130401,20130402,20130403,20130404,20130405,20130407,20130412,20130414,20130415,20130416,20130418,20130420,20130421,20130422,20130423,20130425,20130503,20130504 
Number is 05 
G.6.2_index_1_VS_G.5.4_index_4 [3] 
20130320,20130321,20130326,20130329,20130330,20130331,20130401,20130402,20130403,20130404,20130407,20130408,20130409,20130410,20130414,20130420,20130422,20130424,20130425,20130426,20130427,20130502,20130504,20130505 
Number is 10 
G.3.3_index_4_VS_G.DB_index_4 [4] PLUS 1 
20130321,20130322,20130326,20130329,20130330,20130331,20130401,20130402,20130403,20130404,20130405,20130406,20130407,20130408,20130410,20130411,20130413,20130414,20130418,20130421,20130423,20130424,20130425,20130427,20130429,20130502,20130503,20130504,20130505 
Number is 20 
G.6.3_index_3_VS_G.6.1_index_2 [5] 
20130320,20130323,20130325,20130326,20130329,20130330,20130331,20130401,20130402,20130403,20130404,20130406,20130407,20130408,20130410,20130411,20130414,20130415,20130419,20130420,20130425,20130426,20130427,20130501,20130504 
Number is 23 
G.5.6_index_2_VS_G.3.5_index_4 [6] PLUS 1 
20130320,20130330,20130331,20130401,20130402,20130403,20130404,20130405,20130407,20130409,20130412,20130413,20130414,20130420,20130421,20130422,20130423,20130424,20130426,20130430,20130502,20130503,20130505 
Number is 25 
G.5.2_index_2_VS_G.5.4_index_4 [7] 
20130323,20130325,20130326,20130328,20130330,20130331,20130401,20130402,20130403,20130404,20130406,20130407,20130409,20130410,20130414,20130417,20130418,20130420,20130422,20130424,20130428,20130429,20130430,20130502,20130504,20130505 
Number is 30 
G.2.1_index_2_VS_G.DB_index_4 [8] 
20130321,20130322,20130323,20130324,20130325,20130327,20130330,20130331,20130401,20130402,20130403,20130404,20130406,20130408,20130409,20130413,20130417,20130422,20130423,20130425,20130426,20130428,20130429,20130430,20130502,20130503,20130504 
G.3.5_index_4_VS_G.5.2_index_1 [9] 
20130325,20130326,20130328,20130330,20130331,20130401,20130402,20130403,20130404,20130406,20130410,20130413,20130417,20130421,20130424,20130428,20130503 
Number is 51 
G.5.3_index_3_VS_G.5.1_index_4 [10] PLUS 1 
20130322,20130323,20130326,20130328,20130330,20130331,20130401,20130402,20130403,20130404,20130405,20130408,20130410,20130414,20130418,20130419,20130420,20130422,20130426,20130427,20130429,20130430,20130501,20130503 
Number is 52 
G.4.3_index_3_VS_G.3.2_index_1 [11] 
20130321,20130330,20130331,20130401,20130402,20130403,20130404,20130408,20130409,20130413,20130414,20130416,20130419,20130420,20130426,20130501,20130502,20130504,20130505 
Number is 55 
G.5.4_index_4_VS_G.1.1_index_3 [12] PLUS 1 
20130321,20130323,20130325,20130328,20130330,20130331,20130401,20130402,20130403,20130404,20130405,20130408,20130416,20130417,20130420,20130426,20130428,20130501,20130502,20130503,20130505 
Number is 57 
G.4.3_index_3_VS_G.5.5_index_2 [13] 
20130321,20130325,20130327,20130330,20130331,20130401,20130402,20130403,20130404,20130406,20130407,20130410,20130411,20130412,20130415,20130416,20130420,20130422,20130423,20130425,20130427,20130429,20130502,20130504,20130505 
Number is 64 
G.DB_index_2_VS_G.5.6_index_4 [14] 
20130321,20130323,20130326,20130327,20130329,20130330,20130331,20130401,20130402,20130403,20130404,20130407,20130408,20130409,20130413,20130414,20130415,20130416,20130418,20130419,20130425,20130426,20130501,20130502,20130505 
Number is 65 
G.5.2_index_4_VS_G.5.3_index_3 [15] PLUS 1 
20130320,20130323,20130324,20130330,20130331,20130401,20130402,20130403,20130404,20130405,20130412,20130415,20130416,20130417,20130418,20130421,20130425,20130427,20130428,20130502 
Number is 68 
G.2.1_index_4_VS_G.3.1_index_3 [16] PLUS 1 
20130322,20130323,20130327,20130330,20130331,20130401,20130402,20130403,20130404,20130405,20130407,20130410,20130413,20130414,20130418,20130419,20130420,20130422,20130425,20130429,20130501,20130502,20130504 
Number is 69 
G.4.3_index_4_VS_G.DB_index_3 [17] 
20130321,20130326,20130328,20130329,20130330,20130331,20130401,20130402,20130403,20130404,20130407,20130408,20130416,20130418,20130419,20130421,20130425,20130426,20130501,20130502 
Number is 70 
G.4.1_index_4_VS_G.7.1_index_1 [18] 
20130320,20130324,20130328,20130329,20130330,20130331,20130401,20130402,20130403,20130404,20130406,20130413,20130416,20130420,20130425,20130426,20130502,20130503,20130504,20130505 
Number is 72 
G.1.1_index_4_VS_G.6.3_index_3 [19] PLUS 1 
20130323,20130325,20130326,20130330,20130331,20130401,20130402,20130403,20130404,20130405,20130407,20130408,20130411,20130415,20130416,20130417,20130418,20130424,20130425,20130427,20130428,20130504,20130505 
Number is 75 
G.1.1_index_4_VS_G.5.3_index_3 [20] 
20130320,20130322,20130323,20130326,20130328,20130329,20130330,20130331,20130401,20130402,20130403,20130404,20130406,20130412,20130414,20130415,20130416,20130418,20130419,20130421,20130422,20130426,20130428,20130503 
Number is 78 
G.4.1_index_4_VS_G.3.1_index_3 [21] 
20130323,20130330,20130331,20130401,20130402,20130403,20130404,20130407,20130411,20130415,20130422,20130423,20130424,20130427,20130430,20130502,20130504 
G.3.6_index_4_VS_G.2.2_index_1 [22] 
20130323,20130325,20130326,20130330,20130331,20130401,20130402,20130403,20130404,20130406,20130410,20130413,20130416,20130417,20130419,20130420,20130421,20130424,20130426,20130429,20130504 
Number is 79 
G.5.5_index_2_VS_G.4.2_index_1 [23] PLUS 1 
20130320,20130324,20130325,20130326,20130328,20130330,20130331,20130401,20130402,20130403,20130404,20130405,20130407,20130408,20130410,20130411,20130412,20130415,20130416,20130419,20130422,20130427,20130429,20130502 
Number is 82 
G.2.2_index_1_VS_G.5.5_index_1 [24] PLUS 1 
20130324,20130326,20130330,20130331,20130401,20130402,20130403,20130404,20130405,20130406,20130407,20130410,20130412,20130415,20130416,20130419,20130421,20130422,20130424,20130429,20130501,20130504,20130505 
Number is 85 
G.2.2_index_1_VS_G.1.1_index_3 [25] PLUS 1 
20130323,20130324,20130328,20130330,20130331,20130401,20130402,20130403,20130404,20130405,20130406,20130407,20130410,20130414,20130416,20130419,20130425,20130430 
Number is 86 
G.3.1_index_3_VS_G.3.3_index_5 [26] PLUS 1 
20130320,20130324,20130329,20130330,20130331,20130401,20130402,20130403,20130404,20130405,20130407,20130408,20130409,20130410,20130411,20130414,20130416,20130422,20130425,20130426,20130427,20130428,20130502 
Number is 93 
G.5.6_index_3_VS_G.6.3_index_2 [27] 
20130320,20130323,20130330,20130331,20130401,20130402,20130403,20130404,20130407,20130408,20130409,20130422,20130425,20130426,20130427,20130430,20130501,20130504 
Number is 96 
G.5.4_index_3_VS_G.2.1_index_4 [28] 
20130321,20130322,20130328,20130329,20130330,20130331,20130401,20130402,20130403,20130404,20130407,20130408,20130410,20130412,20130413,20130415,20130418,20130419,20130421,20130422,20130424,20130427,20130429,20130501,20130502,20130505 
G.7.4_index_1_VS_G.2.1_index_4 [29] 
20130320,20130322,20130323,20130324,20130327,20130328,20130330,20130331,20130401,20130402,20130403,20130404,20130411,20130413,20130419,20130421,20130422,20130426,20130501,20130504,20130505 
