======== Current: 20130409 ========= 
Number is 00 
G.4.4_index_4_VS_G.4.3_index_4 [1] 
20130320,20130321,20130323,20130326,20130327,20130329,20130401,20130403,20130404,20130405,20130406,20130407,20130408,20130413,20130414,20130419,20130423,20130426,20130427,20130501,20130502 
Number is 02 
G.4.4_index_4_VS_G.3.5_index_3 [2] 
20130320,20130323,20130326,20130327,20130328,20130329,20130331,20130403,20130404,20130405,20130406,20130407,20130408,20130413,20130414,20130415,20130417,20130420,20130427,20130430,20130501,20130503,20130504 
G.2.2_index_4_VS_G.5.1_index_2 [3] 
20130321,20130322,20130323,20130324,20130326,20130329,20130403,20130404,20130405,20130406,20130407,20130408,20130410,20130411,20130412,20130413,20130414,20130415,20130416,20130417,20130418,20130422,20130424,20130425,20130426,20130428,20130430,20130502,20130503,20130504 
Number is 04 
G.4.4_index_4_VS_G.3.5_index_2 [4] 
20130321,20130323,20130325,20130327,20130331,20130402,20130403,20130404,20130405,20130406,20130407,20130408,20130410,20130411,20130414,20130416,20130417,20130422,20130425,20130426,20130429,20130430,20130501,20130505 
Number is 05 
G.2.2_index_1_VS_G.3.3_index_5 [5] PLUS 1 
20130323,20130324,20130326,20130328,20130329,20130331,20130401,20130403,20130404,20130405,20130406,20130407,20130408,20130409,20130410,20130416,20130420,20130427,20130428,20130429,20130502 
Number is 07 
G.4.4_index_4_VS_G.2.2_index_2 [6] 
20130320,20130321,20130324,20130325,20130330,20130401,20130402,20130403,20130404,20130405,20130406,20130407,20130408,20130410,20130416,20130417,20130420,20130422,20130424,20130425,20130426,20130427,20130430,20130503,20130504,20130505 
Number is 21 
G.4.1_index_4_VS_G.5.6_index_3 [7] 
20130321,20130322,20130323,20130324,20130331,20130401,20130403,20130404,20130405,20130406,20130407,20130408,20130410,20130413,20130415,20130417,20130418,20130424,20130428,20130429,20130504 
Number is 25 
G.4.1_index_4_VS_G.3.1_index_4 [8] PLUS 1 
20130320,20130321,20130322,20130323,20130329,20130330,20130401,20130402,20130403,20130404,20130405,20130406,20130407,20130408,20130409,20130413,20130415,20130418,20130425,20130429,20130505 
Number is 26 
G.5.1_index_2_VS_G.2.1_index_2 [9] PLUS 1 
20130320,20130321,20130324,20130325,20130326,20130401,20130403,20130404,20130405,20130406,20130407,20130408,20130409,20130414,20130417,20130420,20130422,20130425,20130426,20130429,20130501,20130502,20130503 
Number is 29 
G.6.1_index_3_VS_G.5.4_index_4 [10] 
20130323,20130324,20130326,20130327,20130328,20130331,20130403,20130404,20130405,20130406,20130407,20130408,20130410,20130411,20130412,20130416,20130430,20130502,20130503 
Number is 30 
G.2.1_index_5_VS_G.3.6_index_2 [11] 
20130322,20130323,20130325,20130326,20130328,20130331,20130403,20130404,20130405,20130406,20130407,20130408,20130410,20130411,20130416,20130417,20130422,20130427,20130501,20130505 
Number is 31 
G.3.3_index_4_VS_G.DB_index_4 [12] 
20130321,20130322,20130326,20130329,20130330,20130331,20130401,20130402,20130403,20130404,20130405,20130406,20130407,20130408,20130410,20130411,20130413,20130414,20130418,20130421,20130423,20130424,20130425,20130427,20130429,20130502,20130503,20130504,20130505 
Number is 45 
G.5.2_index_3_VS_G.3.6_index_5 [13] 
20130322,20130323,20130329,20130330,20130403,20130404,20130405,20130406,20130407,20130408,20130413,20130414,20130416,20130417,20130421,20130428,20130430,20130501,20130502,20130504 
Number is 51 
G.1.1_index_4_VS_G.5.2_index_2 [14] PLUS 1 
20130322,20130325,20130329,20130401,20130403,20130404,20130405,20130406,20130407,20130408,20130409,20130416,20130417,20130418,20130420,20130423,20130426,20130427,20130503,20130505 
Number is 57 
G.3.6_index_5_VS_G.7.3_index_2 [15] 
20130320,20130321,20130329,20130403,20130404,20130405,20130406,20130407,20130408,20130410,20130412,20130416,20130417,20130420,20130423,20130428,20130504,20130505 
Number is 60 
G.6.1_index_2_VS_G.2.2_index_1 [16] PLUS 1 
20130325,20130326,20130327,20130331,20130403,20130404,20130405,20130406,20130407,20130408,20130409,20130410,20130411,20130416,20130419,20130420,20130421,20130422,20130423,20130425,20130428,20130501,20130502,20130504 
Number is 67 
G.2.1_index_3_VS_G.2.2_index_2 [17] 
20130320,20130321,20130323,20130331,20130401,20130403,20130404,20130405,20130406,20130407,20130408,20130412,20130413,20130414,20130415,20130416,20130420,20130423,20130427,20130428,20130503,20130505 
Number is 70 
G.3.1_index_1_VS_G.2.2_index_1 [18] 
20130322,20130326,20130327,20130329,20130401,20130403,20130404,20130405,20130406,20130407,20130408,20130411,20130416,20130417,20130418,20130421,20130422,20130423,20130424,20130425,20130426,20130427,20130430,20130504 
Number is 71 
G.1.1_index_1_VS_G.5.2_index_2 [19] PLUS 1 
20130330,20130403,20130404,20130405,20130406,20130407,20130408,20130409,20130412,20130413,20130419,20130421,20130424,20130426,20130427,20130428,20130501,20130505 
G.6.3_index_3_VS_G.5.5_index_4 [20] PLUS 1 
20130320,20130323,20130324,20130325,20130326,20130403,20130404,20130405,20130406,20130407,20130408,20130409,20130410,20130411,20130412,20130413,20130417,20130419,20130420,20130425,20130426,20130428,20130502 
Number is 75 
G.7.3_index_2_VS_G.5.5_index_3 [21] 
20130320,20130321,20130323,20130327,20130329,20130403,20130404,20130405,20130406,20130407,20130408,20130415,20130421,20130428,20130429,20130501,20130502,20130505 
Number is 86 
G.3.1_index_3_VS_G.2.1_index_2 [22] 
20130330,20130331,20130401,20130403,20130404,20130405,20130406,20130407,20130408,20130412,20130415,20130418,20130421,20130426,20130428,20130429,20130430,20130502,20130503,20130504 
Number is 90 
G.5.2_index_4_VS_G.2.2_index_1 [23] PLUS 1 
20130320,20130324,20130325,20130326,20130331,20130401,20130403,20130404,20130405,20130406,20130407,20130408,20130409,20130410,20130413,20130415,20130417,20130418,20130421,20130428,20130429,20130501,20130503 
G.DB_index_2_VS_G.4.4_index_4 [24] PLUS 1 
20130320,20130321,20130322,20130323,20130326,20130329,20130331,20130403,20130404,20130405,20130406,20130407,20130408,20130409,20130411,20130412,20130414,20130416,20130419,20130420,20130425,20130501 
G.3.4_index_2_VS_G.3.2_index_1 [25] PLUS 1 
20130321,20130323,20130326,20130329,20130330,20130401,20130403,20130404,20130405,20130406,20130407,20130408,20130409,20130411,20130413,20130415,20130416,20130418,20130420,20130421,20130429,20130430,20130503 
G.3.4_index_2_VS_G.4.4_index_1 [26] PLUS 1 
20130321,20130324,20130325,20130329,20130330,20130402,20130403,20130404,20130405,20130406,20130407,20130408,20130409,20130411,20130413,20130414,20130415,20130417,20130419,20130422,20130423,20130428 
Number is 94 
G.5.4_index_4_VS_G.4.2_index_4 [27] 
20130320,20130321,20130322,20130328,20130329,20130331,20130401,20130403,20130404,20130405,20130406,20130407,20130408,20130414,20130416,20130420,20130425,20130430,20130502,20130504 
