======== Current: 20130410 ========= 
Number is 05 
G.5.6_index_2_VS_G.3.4_index_2 [1] 
20130320,20130323,20130328,20130329,20130330,20130401,20130402,20130404,20130405,20130406,20130407,20130408,20130409,20130411,20130413,20130415,20130504 
Number is 06 
G.DB_index_2_VS_G.4.4_index_4 [2] 
20130320,20130321,20130322,20130323,20130326,20130329,20130331,20130403,20130404,20130405,20130406,20130407,20130408,20130409,20130411,20130412,20130414,20130416,20130419,20130420,20130425,20130501 
Number is 10 
G.5.6_index_3_VS_G.DB_index_1 [3] 
20130322,20130324,20130325,20130402,20130404,20130405,20130406,20130407,20130408,20130409,20130414,20130415,20130420,20130421,20130423,20130424,20130427,20130428,20130430,20130501,20130503,20130504,20130505 
Number is 27 
G.6.2_index_1_VS_G.6.1_index_3 [4] PLUS 1 
20130320,20130321,20130322,20130327,20130328,20130329,20130330,20130401,20130404,20130405,20130406,20130407,20130408,20130409,20130410,20130411,20130413,20130415,20130416,20130419,20130422,20130425,20130427,20130504 
Number is 28 
G.2.2_index_1_VS_G.3.3_index_5 [5] PLUS 1 
20130323,20130324,20130326,20130328,20130329,20130331,20130401,20130403,20130404,20130405,20130406,20130407,20130408,20130409,20130410,20130416,20130420,20130427,20130428,20130429,20130502 
Number is 29 
G.2.2_index_5_VS_G.3.1_index_4 [6] PLUS 1 
20130321,20130323,20130324,20130325,20130329,20130401,20130404,20130405,20130406,20130407,20130408,20130409,20130410,20130411,20130412,20130417,20130426,20130502,20130505 
Number is 32 
G.1.1_index_4_VS_G.5.2_index_2 [7] 
20130322,20130325,20130329,20130401,20130403,20130404,20130405,20130406,20130407,20130408,20130409,20130416,20130417,20130418,20130420,20130423,20130426,20130427,20130503,20130505 
G.1.1_index_1_VS_G.5.2_index_2 [8] 
20130330,20130403,20130404,20130405,20130406,20130407,20130408,20130409,20130412,20130413,20130419,20130421,20130424,20130426,20130427,20130428,20130501,20130505 
Number is 35 
G.6.3_index_3_VS_G.4.1_index_4 [9] PLUS 1 
20130321,20130322,20130323,20130326,20130329,20130330,20130331,20130404,20130405,20130406,20130407,20130408,20130409,20130410,20130411,20130413,20130415,20130417,20130419,20130420,20130421,20130424,20130425,20130504 
G.6.3_index_3_VS_G.5.5_index_4 [10] PLUS 1 
20130320,20130323,20130324,20130325,20130326,20130403,20130404,20130405,20130406,20130407,20130408,20130409,20130410,20130411,20130412,20130413,20130417,20130419,20130420,20130425,20130426,20130428,20130502 
Number is 52 
G.3.4_index_2_VS_G.3.2_index_1 [11] 
20130321,20130323,20130326,20130329,20130330,20130401,20130403,20130404,20130405,20130406,20130407,20130408,20130409,20130411,20130413,20130415,20130416,20130418,20130420,20130421,20130429,20130430,20130503 
Number is 55 
G.3.1_index_3_VS_G.3.4_index_2 [12] 
20130322,20130323,20130330,20130401,20130404,20130405,20130406,20130407,20130408,20130409,20130412,20130414,20130418,20130419,20130420,20130422,20130426,20130428,20130501,20130502,20130505 
G.3.4_index_2_VS_G.4.4_index_1 [13] 
20130321,20130324,20130325,20130329,20130330,20130402,20130403,20130404,20130405,20130406,20130407,20130408,20130409,20130411,20130413,20130414,20130415,20130417,20130419,20130422,20130423,20130428 
Number is 57 
G.4.4_index_1_VS_G.5.4_index_4 [14] 
20130320,20130323,20130325,20130328,20130402,20130404,20130405,20130406,20130407,20130408,20130409,20130411,20130412,20130418,20130422,20130427 
Number is 59 
G.4.1_index_4_VS_G.3.1_index_4 [15] 
20130320,20130321,20130322,20130323,20130329,20130330,20130401,20130402,20130403,20130404,20130405,20130406,20130407,20130408,20130409,20130413,20130415,20130418,20130425,20130429,20130505 
Number is 72 
G.3.1_index_5_VS_G.6.2_index_1 [16] PLUS 1 
20130320,20130321,20130326,20130329,20130330,20130331,20130402,20130404,20130405,20130406,20130407,20130408,20130409,20130410,20130411,20130414,20130415,20130418,20130420,20130422,20130423,20130425,20130426,20130427,20130429,20130430,20130501,20130503 
Number is 73 
G.3.2_index_4_VS_G.6.3_index_3 [17] 
20130320,20130322,20130323,20130326,20130330,20130331,20130404,20130405,20130406,20130407,20130408,20130409,20130411,20130412,20130415,20130416,20130419,20130420,20130422,20130425,20130426,20130427 
Number is 76 
G.2.1_index_3_VS_G.5.4_index_1 [18] 
20130323,20130329,20130404,20130405,20130406,20130407,20130408,20130409,20130412,20130413,20130415,20130416,20130417,20130419,20130422,20130424,20130427,20130428,20130429,20130501,20130504 
Number is 78 
G.3.2_index_4_VS_G.2.2_index_2 [19] 
20130322,20130324,20130325,20130326,20130401,20130404,20130405,20130406,20130407,20130408,20130409,20130412,20130415,20130417,20130419,20130422,20130424,20130427,20130503,20130504 
Number is 82 
G.6.1_index_2_VS_G.2.2_index_1 [20] PLUS 1 
20130325,20130326,20130327,20130331,20130403,20130404,20130405,20130406,20130407,20130408,20130409,20130410,20130411,20130416,20130419,20130420,20130421,20130422,20130423,20130425,20130428,20130501,20130502,20130504 
Number is 89 
G.5.1_index_2_VS_G.2.1_index_2 [21] 
20130320,20130321,20130324,20130325,20130326,20130401,20130403,20130404,20130405,20130406,20130407,20130408,20130409,20130414,20130417,20130420,20130422,20130425,20130426,20130429,20130501,20130502,20130503 
Number is 92 
G.5.2_index_4_VS_G.2.2_index_1 [22] PLUS 1 
20130320,20130324,20130325,20130326,20130331,20130401,20130403,20130404,20130405,20130406,20130407,20130408,20130409,20130410,20130413,20130415,20130417,20130418,20130421,20130428,20130429,20130501,20130503 
Number is 95 
G.2.1_index_2_VS_G.4.4_index_1 [23] 
20130322,20130325,20130326,20130327,20130328,20130330,20130331,20130404,20130405,20130406,20130407,20130408,20130409,20130411,20130412,20130413,20130419,20130422,20130423,20130429,20130501 
G.3.1_index_4_VS_G.4.4_index_1 [24] 
20130320,20130323,20130324,20130326,20130331,20130401,20130404,20130405,20130406,20130407,20130408,20130409,20130411,20130412,20130414,20130415,20130416,20130417,20130419,20130423,20130425,20130426,20130428,20130430,20130505 
