======== Current: 20130416 ========= 
Number is 01 
G.5.5_index_3_VS_G.2.2_index_3 [1] 
20130321,20130323,20130327,20130330,20130331,20130401,20130402,20130409,20130410,20130411,20130412,20130413,20130414,20130415,20130418,20130424,20130425,20130426,20130427,20130430,20130501,20130502 
Number is 05 
G.5.5_index_1_VS_G.3.3_index_2 [2] PLUS 1 
20130320,20130321,20130324,20130325,20130328,20130401,20130405,20130407,20130410,20130411,20130412,20130413,20130414,20130415,20130416,20130417,20130418,20130421,20130422,20130428,20130503,20130505 
G.5.5_index_1_VS_G.7.1_index_1 [3] PLUS 1 
20130320,20130322,20130323,20130329,20130330,20130401,20130402,20130406,20130410,20130411,20130412,20130413,20130414,20130415,20130416,20130417,20130421,20130427,20130429,20130430,20130501,20130502 
Number is 08 
G.5.5_index_1_VS_G.2.2_index_4 [4] PLUS 1 
20130320,20130323,20130328,20130329,20130330,20130403,20130405,20130410,20130411,20130412,20130413,20130414,20130415,20130416,20130422,20130430,20130501,20130504 
G.1.1_index_2_VS_G.2.2_index_4 [5] PLUS 1 
20130323,20130325,20130329,20130331,20130403,20130406,20130408,20130410,20130411,20130412,20130413,20130414,20130415,20130416,20130417,20130422,20130424,20130428,20130429,20130430,20130502,20130504 
Number is 09 
G.3.1_index_3_VS_G.4.3_index_1 [6] 
20130322,20130324,20130325,20130326,20130331,20130402,20130405,20130407,20130409,20130410,20130411,20130412,20130413,20130414,20130415,20130420,20130421,20130422,20130423,20130424,20130426,20130501,20130503 
Number is 17 
G.2.1_index_4_VS_G.4.2_index_1 [7] 
20130321,20130324,20130331,20130401,20130403,20130407,20130408,20130410,20130411,20130412,20130413,20130414,20130415,20130418,20130421,20130423,20130425,20130426,20130430,20130501 
Number is 18 
G.3.4_index_3_VS_G.2.2_index_4 [8] PLUS 1 
20130320,20130322,20130323,20130324,20130326,20130329,20130331,20130403,20130404,20130410,20130411,20130412,20130413,20130414,20130415,20130416,20130418,20130419,20130424,20130425,20130427,20130430 
Number is 38 
G.3.6_index_4_VS_G.3.3_index_3 [9] PLUS 1 
20130320,20130322,20130323,20130324,20130326,20130401,20130405,20130407,20130408,20130409,20130410,20130411,20130412,20130413,20130414,20130415,20130416,20130419,20130421,20130428,20130430,20130502,20130504,20130505 
Number is 41 
G.5.2_index_3_VS_G.3.1_index_1 [10] 
20130321,20130322,20130325,20130329,20130403,20130405,20130406,20130407,20130410,20130411,20130412,20130413,20130414,20130415,20130417,20130418,20130422,20130425,20130427,20130503,20130504 
Number is 60 
G.3.5_index_5_VS_G.3.1_index_3 [11] 
20130322,20130323,20130324,20130327,20130328,20130329,20130331,20130401,20130404,20130406,20130407,20130410,20130411,20130412,20130413,20130414,20130415,20130419,20130420,20130422,20130426,20130427,20130428,20130430,20130502,20130504,20130505 
Number is 61 
G.6.3_index_3_VS_G.4.3_index_2 [12] PLUS 1 
20130323,20130326,20130330,20130402,20130403,20130404,20130407,20130410,20130411,20130412,20130413,20130414,20130415,20130416,20130417,20130419,20130421,20130427,20130501,20130504 
Number is 69 
G.5.1_index_3_VS_G.4.3_index_1 [13] 
20130323,20130325,20130327,20130402,20130404,20130409,20130410,20130411,20130412,20130413,20130414,20130415,20130418,20130419,20130423,20130424,20130425,20130428,20130430,20130502,20130503,20130504 
Number is 77 
G.7.1_index_2_VS_G.6.1_index_2 [14] 
20130321,20130327,20130329,20130330,20130403,20130404,20130410,20130411,20130412,20130413,20130414,20130415,20130418,20130419,20130420,20130421,20130424,20130501,20130502,20130503,20130504,20130505 
Number is 81 
G.6.1_index_3_VS_G.4.3_index_4 [15] PLUS 1 
20130320,20130322,20130326,20130328,20130329,20130403,20130404,20130407,20130408,20130410,20130411,20130412,20130413,20130414,20130415,20130416,20130419,20130422,20130425,20130430,20130501,20130504 
G.2.2_index_4_VS_G.4.3_index_2 [16] PLUS 1 
20130320,20130322,20130323,20130324,20130329,20130330,20130331,20130409,20130410,20130411,20130412,20130413,20130414,20130415,20130416,20130418,20130423,20130424,20130426,20130430,20130504 
Number is 82 
G.3.3_index_3_VS_G.5.2_index_1 [17] PLUS 1 
20130325,20130326,20130328,20130331,20130403,20130407,20130410,20130411,20130412,20130413,20130414,20130415,20130416,20130419,20130420,20130422,20130424,20130428,20130502,20130503,20130504,20130505 
Number is 83 
G.2.2_index_4_VS_G.5.1_index_2 [18] PLUS 1 
20130321,20130322,20130323,20130324,20130326,20130329,20130403,20130404,20130405,20130406,20130407,20130408,20130410,20130411,20130412,20130413,20130414,20130415,20130416,20130417,20130418,20130422,20130424,20130425,20130426,20130428,20130430,20130502,20130503,20130504 
G.4.3_index_3_VS_G.7.4_index_2 [19] PLUS 1 
20130320,20130321,20130325,20130326,20130327,20130328,20130331,20130401,20130403,20130404,20130405,20130409,20130410,20130411,20130412,20130413,20130414,20130415,20130416,20130418,20130419,20130423,20130424,20130426,20130428,20130429,20130505 
Number is 85 
G.2.2_index_1_VS_G.5.4_index_2 [20] 
20130320,20130323,20130324,20130326,20130331,20130402,20130403,20130405,20130410,20130411,20130412,20130413,20130414,20130415,20130418,20130421,20130423,20130425,20130428,20130502,20130505 
Number is 88 
G.5.5_index_2_VS_G.7.2_index_1 [21] PLUS 1 
20130321,20130329,20130331,20130402,20130403,20130406,20130407,20130409,20130410,20130411,20130412,20130413,20130414,20130415,20130416,20130417,20130418,20130419,20130420,20130422,20130423,20130424,20130427,20130428,20130429,20130504,20130505 
Number is 94 
G.4.3_index_1_VS_G.3.6_index_1 [22] PLUS 1 
20130321,20130322,20130329,20130401,20130407,20130408,20130410,20130411,20130412,20130413,20130414,20130415,20130416,20130418,20130419,20130421,20130423,20130425,20130429,20130502,20130503 
Number is 97 
G.DB_index_4_VS_G.6.1_index_2 [23] PLUS 1 
20130320,20130321,20130324,20130328,20130330,20130402,20130404,20130408,20130409,20130410,20130411,20130412,20130413,20130414,20130415,20130416,20130418,20130419,20130420,20130421,20130422,20130424,20130425,20130427,20130428,20130501,20130502,20130504 
