======== Current: 20130420 ========= 
Number is 04 
G.3.2_index_4_VS_G.5.6_index_4 [1] 
20130321,20130325,20130329,20130330,20130408,20130409,20130414,20130415,20130416,20130417,20130418,20130419,20130422,20130423,20130426,20130427,20130504 
Number is 10 
G.3.2_index_1_VS_G.3.5_index_4 [2] PLUS 1 
20130322,20130323,20130325,20130331,20130401,20130402,20130403,20130404,20130405,20130406,20130407,20130409,20130412,20130414,20130415,20130416,20130417,20130418,20130419,20130420,20130422,20130429,20130430,20130501,20130502,20130504 
Number is 11 
G.5.3_index_3_VS_G.DB_index_4 [3] 
20130321,20130322,20130325,20130327,20130329,20130330,20130401,20130404,20130410,20130414,20130415,20130416,20130417,20130418,20130419,20130423,20130426,20130427,20130428,20130429,20130430,20130502,20130503,20130504 
Number is 13 
G.DB_index_5_VS_G.5.6_index_1 [4] PLUS 1 
20130320,20130321,20130325,20130326,20130329,20130331,20130411,20130412,20130414,20130415,20130416,20130417,20130418,20130419,20130420,20130423,20130424,20130428,20130429,20130502,20130505 
G.5.5_index_2_VS_G.7.2_index_1 [5] PLUS 1 
20130321,20130329,20130331,20130402,20130403,20130406,20130407,20130409,20130410,20130411,20130412,20130413,20130414,20130415,20130416,20130417,20130418,20130419,20130420,20130422,20130423,20130424,20130427,20130428,20130429,20130504,20130505 
Number is 21 
G.3.3_index_2_VS_G.6.1_index_1 [6] 
20130321,20130325,20130327,20130328,20130329,20130403,20130404,20130407,20130408,20130412,20130413,20130414,20130415,20130416,20130417,20130418,20130419,20130424,20130428,20130429,20130501,20130502,20130505 
Number is 27 
G.3.4_index_1_VS_G.3.3_index_1 [7] PLUS 1 
20130321,20130326,20130327,20130328,20130402,20130403,20130405,20130410,20130412,20130414,20130415,20130416,20130417,20130418,20130419,20130420,20130422,20130423,20130425,20130430,20130505 
Number is 32 
G.6.1_index_2_VS_G.3.4_index_1 [8] PLUS 1 
20130320,20130321,20130325,20130327,20130328,20130329,20130330,20130331,20130401,20130403,20130408,20130409,20130410,20130412,20130413,20130414,20130415,20130416,20130417,20130418,20130419,20130420,20130427,20130505 
Number is 37 
G.6.1_index_2_VS_G.1.1_index_4 [9] 
20130323,20130326,20130327,20130402,20130403,20130404,20130408,20130410,20130411,20130413,20130414,20130415,20130416,20130417,20130418,20130419,20130421,20130428,20130501,20130503,20130505 
Number is 40 
G.4.1_index_3_VS_G.3.2_index_4 [10] 
20130320,20130322,20130323,20130324,20130325,20130326,20130327,20130329,20130408,20130412,20130414,20130415,20130416,20130417,20130418,20130419,20130424,20130428,20130502,20130503,20130504 
G.5.5_index_1_VS_G.3.5_index_4 [11] 
20130322,20130324,20130325,20130328,20130329,20130330,20130331,20130401,20130403,20130405,20130409,20130410,20130412,20130414,20130415,20130416,20130417,20130418,20130419,20130423,20130426,20130428,20130501,20130504,20130505 
Number is 41 
G.5.2_index_2_VS_G.6.3_index_3 [12] PLUS 1 
20130321,20130322,20130323,20130326,20130331,20130401,20130402,20130404,20130406,20130407,20130409,20130411,20130414,20130415,20130416,20130417,20130418,20130419,20130420,20130421,20130425,20130426,20130427,20130428 
Number is 42 
G.3.1_index_3_VS_G.3.3_index_2 [13] 
20130320,20130322,20130323,20130331,20130405,20130412,20130414,20130415,20130416,20130417,20130418,20130419,20130422,20130424,20130425,20130501 
Number is 43 
G.DB_index_3_VS_G.5.1_index_3 [14] 
20130325,20130327,20130329,20130331,20130404,20130405,20130408,20130410,20130414,20130415,20130416,20130417,20130418,20130419,20130422,20130430,20130502,20130503,20130504 
Number is 47 
G.4.4_index_2_VS_G.1.1_index_2 [15] PLUS 1 
20130323,20130329,20130401,20130402,20130404,20130408,20130410,20130413,20130414,20130415,20130416,20130417,20130418,20130419,20130420,20130424,20130429,20130430,20130502,20130503,20130505 
Number is 51 
G.5.2_index_3_VS_G.DB_index_4 [16] 
20130321,20130324,20130327,20130403,20130404,20130407,20130408,20130410,20130411,20130414,20130415,20130416,20130417,20130418,20130419,20130421,20130423,20130424,20130426,20130428,20130430,20130501,20130504 
Number is 54 
G.4.3_index_4_VS_G.4.2_index_4 [17] 
20130321,20130323,20130328,20130402,20130403,20130407,20130408,20130412,20130414,20130415,20130416,20130417,20130418,20130419,20130422,20130427,20130430,20130505 
Number is 57 
G.4.2_index_1_VS_G.3.6_index_5 [18] 
20130321,20130323,20130330,20130403,20130404,20130406,20130407,20130412,20130414,20130415,20130416,20130417,20130418,20130419,20130421,20130423,20130426,20130503 
Number is 58 
G.4.2_index_1_VS_G.5.2_index_1 [19] PLUS 1 
20130321,20130327,20130401,20130402,20130404,20130407,20130410,20130411,20130414,20130415,20130416,20130417,20130418,20130419,20130420,20130421,20130423,20130426 
Number is 63 
G.3.3_index_3_VS_G.7.4_index_1 [20] PLUS 1 
20130320,20130322,20130323,20130324,20130325,20130326,20130331,20130404,20130408,20130410,20130412,20130413,20130414,20130415,20130416,20130417,20130418,20130419,20130420,20130421,20130422,20130424,20130425,20130429,20130502,20130503,20130504 
Number is 64 
G.3.6_index_1_VS_G.DB_index_3 [21] 
20130321,20130322,20130324,20130325,20130327,20130330,20130331,20130401,20130407,20130410,20130414,20130415,20130416,20130417,20130418,20130419,20130425,20130429,20130501,20130502,20130503 
Number is 71 
G.3.6_index_5_VS_G.5.3_index_3 [22] 
20130321,20130326,20130327,20130330,20130402,20130405,20130406,20130414,20130415,20130416,20130417,20130418,20130419,20130421,20130423,20130427,20130430 
Number is 73 
G.5.4_index_2_VS_G.5.6_index_1 [23] 
20130323,20130324,20130329,20130401,20130402,20130408,20130411,20130412,20130414,20130415,20130416,20130417,20130418,20130419,20130423,20130424,20130426,20130427,20130428,20130502,20130503,20130505 
Number is 74 
G.3.6_index_5_VS_G.5.6_index_4 [24] PLUS 1 
20130322,20130326,20130328,20130330,20130401,20130402,20130403,20130407,20130408,20130409,20130412,20130413,20130414,20130415,20130416,20130417,20130418,20130419,20130420,20130421,20130423,20130424,20130425,20130427,20130501 
Number is 76 
G.1.1_index_2_VS_G.3.6_index_1 [25] PLUS 1 
20130320,20130321,20130322,20130324,20130325,20130326,20130329,20130331,20130401,20130405,20130406,20130407,20130410,20130411,20130412,20130414,20130415,20130416,20130417,20130418,20130419,20130420,20130422,20130424,20130425,20130428,20130429,20130430,20130503,20130505 
Number is 77 
G.1.1_index_4_VS_G.3.3_index_1 [26] PLUS 1 
20130320,20130322,20130323,20130324,20130328,20130330,20130331,20130401,20130402,20130403,20130405,20130406,20130409,20130414,20130415,20130416,20130417,20130418,20130419,20130420,20130422,20130424,20130425,20130428,20130430,20130504,20130505 
G.2.2_index_3_VS_G.3.6_index_5 [27] PLUS 1 
20130321,20130323,20130326,20130328,20130331,20130402,20130404,20130407,20130408,20130409,20130411,20130413,20130414,20130415,20130416,20130417,20130418,20130419,20130420,20130423,20130424,20130425,20130427,20130428,20130505 
Number is 81 
G.5.5_index_4_VS_G.DB_index_5 [28] PLUS 1 
20130321,20130323,20130326,20130327,20130329,20130401,20130406,20130413,20130414,20130415,20130416,20130417,20130418,20130419,20130420,20130425,20130427,20130428,20130505 
Number is 87 
G.5.5_index_4_VS_G.5.4_index_2 [29] PLUS 1 
20130320,20130322,20130323,20130325,20130329,20130401,20130402,20130404,20130406,20130407,20130408,20130411,20130413,20130414,20130415,20130416,20130417,20130418,20130419,20130420,20130421,20130424,20130425,20130430,20130504 
