======== Current: 20150203 ========= 
Number is 01 
G.3.5_index_3_VS_G.4.1_index_1 [1] PLUS 1 
20150115,20150117,20150118,20150120,20150124,20150125,20150127,20150128,20150129,20150130,20150131,20150201,20150202,20150203,20150204,20150205,20150208,20150209,20150213,20150214,20150216 
Number is 05 
G.3.5_index_3_VS_G.7.4_index_2 [2] 
20150117,20150118,20150120,20150123,20150124,20150127,20150128,20150129,20150130,20150131,20150201,20150202,20150204,20150208,20150210,20150211,20150214 
G.7.3_index_2_VS_G.6.1_index_2 [3] 
20150121,20150123,20150124,20150127,20150128,20150129,20150130,20150131,20150201,20150202,20150208,20150210,20150214,20150215 
Number is 07 
G.5.6_index_3_VS_G.5.2_index_4 [4] PLUS 1 
20150117,20150125,20150128,20150129,20150130,20150131,20150201,20150202,20150203,20150206,20150208,20150209,20150212,20150213,20150216 
Number is 08 
G.3.1_index_3_VS_G.3.4_index_2 [5] PLUS 1 
20150115,20150119,20150121,20150123,20150126,20150128,20150129,20150130,20150131,20150201,20150202,20150203,20150210,20150212,20150215 
Number is 09 
G.DB_index_3_VS_G.5.5_index_1 [6] 
20150116,20150117,20150120,20150124,20150127,20150128,20150129,20150130,20150131,20150201,20150202,20150207,20150209,20150213,20150214 
Number is 11 
G.7.2_index_1_VS_G.3.5_index_2 [7] 
20150116,20150117,20150118,20150126,20150128,20150129,20150130,20150131,20150201,20150202,20150204,20150206,20150208,20150211,20150212,20150214 
Number is 12 
G.3.5_index_2_VS_G.3.4_index_1 [8] 
20150116,20150117,20150118,20150119,20150121,20150122,20150124,20150128,20150129,20150130,20150131,20150201,20150202,20150204,20150210,20150211,20150212,20150214,20150216 
G.7.2_index_1_VS_G.5.3_index_2 [9] 
20150117,20150127,20150128,20150129,20150130,20150131,20150201,20150202,20150208,20150209,20150212,20150214 
Number is 17 
G.5.6_index_2_VS_G.5.1_index_4 [10] PLUS 1 
20150115,20150119,20150121,20150128,20150129,20150130,20150131,20150201,20150202,20150203,20150205,20150207,20150209,20150210,20150213,20150215 
Number is 20 
G.3.6_index_3_VS_G.DB_index_3 [11] PLUS 1 
20150115,20150118,20150128,20150129,20150130,20150131,20150201,20150202,20150203,20150205,20150207,20150208,20150209,20150210,20150213,20150214 
Number is 22 
G.5.5_index_2_VS_G.5.6_index_4 [12] 
20150117,20150118,20150120,20150123,20150124,20150125,20150126,20150128,20150129,20150130,20150131,20150201,20150202,20150204,20150208,20150209,20150213 
G.2.2_index_4_VS_G.3.6_index_3 [13] 
20150115,20150116,20150117,20150119,20150121,20150123,20150128,20150129,20150130,20150131,20150201,20150202,20150205,20150207,20150209,20150210,20150213,20150214 
Number is 23 
G.5.3_index_2_VS_G.2.1_index_5 [14] 
20150116,20150120,20150123,20150124,20150128,20150129,20150130,20150131,20150201,20150202,20150209 
G.6.1_index_3_VS_G.2.1_index_5 [15] 
20150115,20150122,20150123,20150124,20150127,20150128,20150129,20150130,20150131,20150201,20150202,20150204,20150208,20150210,20150212 
Number is 26 
G.4.2_index_3_VS_G.4.4_index_3 [16] PLUS 1 
20150115,20150116,20150119,20150120,20150122,20150127,20150128,20150129,20150130,20150131,20150201,20150202,20150203,20150205,20150206,20150207,20150210,20150211,20150212,20150214 
Number is 27 
G.4.1_index_3_VS_G.4.3_index_2 [17] PLUS 1 
20150116,20150119,20150125,20150126,20150127,20150128,20150129,20150130,20150131,20150201,20150202,20150203,20150204,20150211,20150212 
Number is 31 
G.1.1_index_5_VS_G.3.5_index_2 [18] PLUS 1 
20150118,20150119,20150121,20150123,20150124,20150125,20150128,20150129,20150130,20150131,20150201,20150202,20150203,20150207,20150209,20150212,20150216 
G.2.1_index_5_VS_G.5.6_index_2 [19] PLUS 1 
20150115,20150119,20150120,20150122,20150124,20150125,20150127,20150128,20150129,20150130,20150131,20150201,20150202,20150203,20150204,20150208,20150210,20150214,20150215 
Number is 32 
G.2.2_index_2_VS_G.3.6_index_3 [20] 
20150116,20150117,20150121,20150124,20150125,20150126,20150127,20150128,20150129,20150130,20150131,20150201,20150202,20150205,20150206,20150207,20150209,20150212,20150213,20150215,20150216 
Number is 38 
G.6.2_index_3_VS_G.3.4_index_2 [21] PLUS 1 
20150118,20150124,20150127,20150128,20150129,20150130,20150131,20150201,20150202,20150203,20150204,20150206,20150215 
Number is 42 
G.3.4_index_4_VS_G.6.1_index_3 [22] PLUS 1 
20150115,20150117,20150119,20150120,20150121,20150124,20150127,20150128,20150129,20150130,20150131,20150201,20150202,20150203,20150204,20150207,20150213,20150214 
Number is 46 
G.3.6_index_2_VS_G.5.4_index_1 [23] PLUS 1 
20150118,20150120,20150121,20150122,20150123,20150124,20150127,20150128,20150129,20150130,20150131,20150201,20150202,20150203,20150204,20150207,20150209,20150211 
G.4.1_index_4_VS_G.4.4_index_3 [24] PLUS 1 
20150116,20150117,20150119,20150121,20150123,20150124,20150125,20150127,20150128,20150129,20150130,20150131,20150201,20150202,20150203,20150204,20150206,20150207,20150210,20150212 
Number is 48 
G.4.2_index_1_VS_G.5.3_index_4 [25] 
20150116,20150119,20150120,20150123,20150124,20150127,20150128,20150129,20150130,20150131,20150201,20150202,20150209,20150213,20150214,20150216 
Number is 49 
G.4.1_index_4_VS_G.5.5_index_1 [26] 
20150117,20150119,20150121,20150124,20150125,20150128,20150129,20150130,20150131,20150201,20150202,20150204,20150210,20150212,20150214 
Number is 52 
G.7.1_index_1_VS_G.6.1_index_3 [27] 
20150115,20150118,20150120,20150123,20150128,20150129,20150130,20150131,20150201,20150202,20150208,20150209 
G.5.4_index_4_VS_G.4.1_index_3 [28] 
20150119,20150123,20150128,20150129,20150130,20150131,20150201,20150202,20150204,20150208,20150211,20150212,20150213,20150216 
Number is 55 
G.6.1_index_2_VS_G.5.4_index_4 [29] 
20150115,20150117,20150118,20150120,20150121,20150128,20150129,20150130,20150131,20150201,20150202,20150206,20150208,20150212,20150213,20150214,20150215 
G.5.4_index_4_VS_G.5.2_index_3 [30] 
20150115,20150122,20150123,20150125,20150128,20150129,20150130,20150131,20150201,20150202,20150204,20150207,20150208,20150212,20150215,20150216 
Number is 58 
G.5.2_index_3_VS_G.3.5_index_1 [31] PLUS 1 
20150125,20150128,20150129,20150130,20150131,20150201,20150202,20150203,20150211,20150212,20150213,20150215,20150216 
Number is 59 
G.5.2_index_3_VS_G.5.5_index_1 [32] PLUS 1 
20150116,20150121,20150122,20150126,20150128,20150129,20150130,20150131,20150201,20150202,20150203,20150204,20150209,20150212,20150216 
G.5.4_index_4_VS_G.3.1_index_5 [33] PLUS 1 
20150116,20150120,20150122,20150124,20150125,20150126,20150127,20150128,20150129,20150130,20150131,20150201,20150202,20150203,20150208,20150209,20150210,20150211,20150212,20150213,20150216 
Number is 65 
G.3.1_index_4_VS_G.3.3_index_5 [34] 
20150117,20150121,20150122,20150124,20150125,20150128,20150129,20150130,20150131,20150201,20150202,20150205,20150210,20150212,20150213 
G.6.2_index_2_VS_G.7.4_index_2 [35] 
20150117,20150119,20150122,20150124,20150125,20150126,20150127,20150128,20150129,20150130,20150131,20150201,20150202,20150206,20150209,20150210,20150212,20150215,20150216 
Number is 66 
G.6.2_index_2_VS_G.5.1_index_2 [36] 
20150116,20150118,20150123,20150124,20150125,20150127,20150128,20150129,20150130,20150131,20150201,20150202,20150204,20150206,20150212,20150213,20150214,20150215 
Number is 68 
G.3.2_index_5_VS_G.DB_index_5 [37] 
20150115,20150121,20150123,20150128,20150129,20150130,20150131,20150201,20150202,20150205,20150208,20150209,20150211,20150212,20150213,20150215 
Number is 69 
G.4.4_index_2_VS_G.5.1_index_3 [38] 
20150115,20150116,20150118,20150120,20150122,20150127,20150128,20150129,20150130,20150131,20150201,20150202,20150206,20150209,20150210,20150212,20150215 
G.3.1_index_4_VS_G.3.1_index_5 [39] 
20150117,20150123,20150125,20150126,20150128,20150129,20150130,20150131,20150201,20150202,20150204,20150205,20150208,20150210,20150211,20150214,20150215,20150216 
Number is 72 
G.3.6_index_1_VS_G.3.6_index_3 [40] PLUS 1 
20150115,20150117,20150119,20150124,20150125,20150127,20150128,20150129,20150130,20150131,20150201,20150202,20150203,20150205,20150206,20150210,20150215 
Number is 75 
G.5.2_index_4_VS_G.5.2_index_3 [41] 
20150117,20150119,20150120,20150123,20150128,20150129,20150130,20150131,20150201,20150202,20150207,20150210,20150212,20150214,20150215 
Number is 77 
G.4.3_index_2_VS_G.5.4_index_3 [42] 
20150117,20150120,20150121,20150123,20150125,20150126,20150128,20150129,20150130,20150131,20150201,20150202,20150206,20150207,20150209,20150211 
Number is 81 
G.DB_index_5_VS_G.7.2_index_1 [43] PLUS 1 
20150115,20150123,20150124,20150128,20150129,20150130,20150131,20150201,20150202,20150203,20150204,20150205,20150206,20150211,20150212,20150213,20150216 
Number is 82 
G.5.3_index_4_VS_G.1.1_index_1 [44] 
20150117,20150118,20150120,20150122,20150124,20150128,20150129,20150130,20150131,20150201,20150202,20150205,20150207,20150208,20150209,20150210,20150213,20150216 
Number is 83 
G.4.3_index_3_VS_G.2.1_index_5 [45] PLUS 1 
20150116,20150122,20150123,20150126,20150127,20150128,20150129,20150130,20150131,20150201,20150202,20150203,20150204,20150206,20150207,20150208,20150209,20150210 
G.3.5_index_1_VS_G.4.2_index_2 [46] PLUS 1 
20150116,20150117,20150122,20150123,20150127,20150128,20150129,20150130,20150131,20150201,20150202,20150203,20150205,20150207,20150210,20150211,20150212 
Number is 85 
G.6.3_index_1_VS_G.7.4_index_2 [47] PLUS 1 
20150120,20150122,20150123,20150125,20150128,20150129,20150130,20150131,20150201,20150202,20150203,20150204,20150206,20150209,20150210,20150213,20150214,20150215 
Number is 87 
G.3.4_index_2_VS_G.3.6_index_1 [48] PLUS 1 
20150117,20150118,20150119,20150127,20150128,20150129,20150130,20150131,20150201,20150202,20150203,20150208,20150212,20150214,20150216 
Number is 96 
G.5.5_index_1_VS_G.5.4_index_1 [49] 
20150117,20150118,20150119,20150121,20150127,20150128,20150129,20150130,20150131,20150201,20150202,20150205,20150207,20150215,20150216 
Number is 97 
G.5.1_index_3_VS_G.3.6_index_1 [50] PLUS 1 
20150116,20150118,20150119,20150120,20150125,20150127,20150128,20150129,20150130,20150131,20150201,20150202,20150203,20150204,20150208,20150209,20150210,20150212,20150214,20150216 
G.5.5_index_1_VS_G.3.6_index_1 [51] PLUS 1 
20150116,20150117,20150118,20150123,20150126,20150127,20150128,20150129,20150130,20150131,20150201,20150202,20150203,20150204,20150205,20150215 
