======== Current: 20150204 ========= 
Number is 00 
G.5.2_index_3_VS_G.2.1_index_5 [1] 
20150115,20150117,20150120,20150121,20150122,20150125,20150126,20150129,20150130,20150131,20150201,20150202,20150203,20150210,20150211,20150214,20150215,20150216 
G.2.1_index_5_VS_G.7.2_index_1 [2] 
20150116,20150117,20150120,20150123,20150127,20150129,20150130,20150131,20150201,20150202,20150203,20150213,20150214 
G.4.2_index_3_VS_G.4.4_index_3 [3] 
20150115,20150116,20150119,20150120,20150122,20150127,20150128,20150129,20150130,20150131,20150201,20150202,20150203,20150205,20150206,20150207,20150210,20150211,20150212,20150214 
G.3.4_index_2_VS_G.3.6_index_1 [4] 
20150117,20150118,20150119,20150127,20150128,20150129,20150130,20150131,20150201,20150202,20150203,20150208,20150212,20150214,20150216 
Number is 02 
G.3.4_index_4_VS_G.6.1_index_3 [5] PLUS 1 
20150115,20150117,20150119,20150120,20150121,20150124,20150127,20150128,20150129,20150130,20150131,20150201,20150202,20150203,20150204,20150207,20150213,20150214 
Number is 03 
G.3.6_index_1_VS_G.3.6_index_3 [6] 
20150115,20150117,20150119,20150124,20150125,20150127,20150128,20150129,20150130,20150131,20150201,20150202,20150203,20150205,20150206,20150210,20150215 
Number is 04 
G.5.2_index_3_VS_G.3.5_index_1 [7] 
20150125,20150128,20150129,20150130,20150131,20150201,20150202,20150203,20150211,20150212,20150213,20150215,20150216 
Number is 05 
G.2.1_index_5_VS_G.5.6_index_2 [8] PLUS 1 
20150115,20150119,20150120,20150122,20150124,20150125,20150127,20150128,20150129,20150130,20150131,20150201,20150202,20150203,20150204,20150208,20150210,20150214,20150215 
Number is 08 
G.5.2_index_3_VS_G.5.5_index_1 [9] PLUS 1 
20150116,20150121,20150122,20150126,20150128,20150129,20150130,20150131,20150201,20150202,20150203,20150204,20150209,20150212,20150216 
G.6.3_index_1_VS_G.7.4_index_2 [10] PLUS 1 
20150120,20150122,20150123,20150125,20150128,20150129,20150130,20150131,20150201,20150202,20150203,20150204,20150206,20150209,20150210,20150213,20150214,20150215 
Number is 10 
G.2.1_index_4_VS_G.5.2_index_4 [11] 
20150116,20150117,20150119,20150120,20150122,20150124,20150126,20150127,20150129,20150130,20150131,20150201,20150202,20150203,20150206,20150207,20150209,20150211,20150215 
Number is 11 
G.5.5_index_3_VS_G.3.1_index_4 [12] 
20150115,20150117,20150124,20150126,20150127,20150129,20150130,20150131,20150201,20150202,20150203,20150205,20150215 
Number is 20 
G.5.1_index_3_VS_G.5.6_index_4 [13] PLUS 1 
20150122,20150126,20150129,20150130,20150131,20150201,20150202,20150203,20150204,20150206,20150209,20150212,20150214,20150216 
G.4.3_index_3_VS_G.2.1_index_5 [14] PLUS 1 
20150116,20150122,20150123,20150126,20150127,20150128,20150129,20150130,20150131,20150201,20150202,20150203,20150204,20150206,20150207,20150208,20150209,20150210 
G.5.1_index_3_VS_G.3.6_index_1 [15] PLUS 1 
20150116,20150118,20150119,20150120,20150125,20150127,20150128,20150129,20150130,20150131,20150201,20150202,20150203,20150204,20150208,20150209,20150210,20150212,20150214,20150216 
Number is 27 
G.6.2_index_1_VS_G.5.2_index_2 [16] PLUS 1 
20150115,20150116,20150117,20150119,20150120,20150124,20150126,20150127,20150129,20150130,20150131,20150201,20150202,20150203,20150204,20150205,20150207,20150208,20150210,20150214,20150216 
Number is 30 
G.3.3_index_5_VS_G.4.2_index_1 [17] 
20150115,20150120,20150124,20150129,20150130,20150131,20150201,20150202,20150203,20150207,20150208,20150210,20150211,20150214,20150216 
Number is 32 
G.3.6_index_3_VS_G.DB_index_3 [18] 
20150115,20150118,20150128,20150129,20150130,20150131,20150201,20150202,20150203,20150205,20150207,20150208,20150209,20150210,20150213,20150214 
G.7.3_index_1_VS_G.3.6_index_4 [19] 
20150117,20150118,20150119,20150120,20150121,20150123,20150124,20150125,20150129,20150130,20150131,20150201,20150202,20150203,20150208,20150209,20150210,20150215,20150216 
Number is 45 
G.DB_index_2_VS_G.5.6_index_2 [20] 
20150117,20150118,20150119,20150121,20150122,20150123,20150125,20150126,20150129,20150130,20150131,20150201,20150202,20150203,20150207,20150208,20150209,20150213,20150216 
Number is 46 
G.3.5_index_1_VS_G.4.2_index_2 [21] 
20150116,20150117,20150122,20150123,20150127,20150128,20150129,20150130,20150131,20150201,20150202,20150203,20150205,20150207,20150210,20150211,20150212 
Number is 49 
G.DB_index_2_VS_G.3.2_index_4 [22] PLUS 1 
20150117,20150121,20150122,20150127,20150129,20150130,20150131,20150201,20150202,20150203,20150204,20150208,20150209,20150210,20150211,20150212,20150215 
Number is 50 
G.6.2_index_3_VS_G.3.4_index_2 [23] PLUS 1 
20150118,20150124,20150127,20150128,20150129,20150130,20150131,20150201,20150202,20150203,20150204,20150206,20150215 
G.DB_index_5_VS_G.7.2_index_1 [24] PLUS 1 
20150115,20150123,20150124,20150128,20150129,20150130,20150131,20150201,20150202,20150203,20150204,20150205,20150206,20150211,20150212,20150213,20150216 
Number is 52 
G.7.3_index_2_VS_G.3.1_index_1 [25] PLUS 1 
20150115,20150117,20150118,20150122,20150125,20150126,20150127,20150129,20150130,20150131,20150201,20150202,20150203,20150204,20150205,20150207,20150209,20150213,20150214,20150215,20150216 
Number is 57 
G.5.6_index_2_VS_G.5.1_index_4 [26] 
20150115,20150119,20150121,20150128,20150129,20150130,20150131,20150201,20150202,20150203,20150205,20150207,20150209,20150210,20150213,20150215 
G.5.4_index_4_VS_G.3.1_index_5 [27] 
20150116,20150120,20150122,20150124,20150125,20150126,20150127,20150128,20150129,20150130,20150131,20150201,20150202,20150203,20150208,20150209,20150210,20150211,20150212,20150213,20150216 
Number is 59 
G.3.2_index_5_VS_G.3.6_index_2 [28] PLUS 1 
20150116,20150118,20150122,20150125,20150129,20150130,20150131,20150201,20150202,20150203,20150204,20150209,20150210,20150213,20150214,20150216 
Number is 62 
G.1.1_index_5_VS_G.3.5_index_2 [29] 
20150118,20150119,20150121,20150123,20150124,20150125,20150128,20150129,20150130,20150131,20150201,20150202,20150203,20150207,20150209,20150212,20150216 
Number is 63 
G.3.5_index_3_VS_G.1.1_index_2 [30] 
20150116,20150117,20150118,20150120,20150123,20150124,20150126,20150129,20150130,20150131,20150201,20150202,20150203,20150205,20150207,20150208,20150209,20150211,20150213,20150215,20150216 
Number is 68 
G.3.5_index_3_VS_G.4.1_index_1 [31] PLUS 1 
20150115,20150117,20150118,20150120,20150124,20150125,20150127,20150128,20150129,20150130,20150131,20150201,20150202,20150203,20150204,20150205,20150208,20150209,20150213,20150214,20150216 
G.4.4_index_4_VS_G.4.1_index_3 [32] PLUS 1 
20150118,20150119,20150120,20150122,20150124,20150129,20150130,20150131,20150201,20150202,20150203,20150204,20150207,20150209,20150212,20150214,20150216 
Number is 69 
G.3.5_index_3_VS_G.5.1_index_2 [33] 
20150118,20150119,20150120,20150121,20150122,20150123,20150126,20150127,20150129,20150130,20150131,20150201,20150202,20150203,20150205,20150210 
Number is 70 
G.3.1_index_3_VS_G.3.4_index_2 [34] 
20150115,20150119,20150121,20150123,20150126,20150128,20150129,20150130,20150131,20150201,20150202,20150203,20150210,20150212,20150215 
G.5.6_index_3_VS_G.5.2_index_4 [35] 
20150117,20150125,20150128,20150129,20150130,20150131,20150201,20150202,20150203,20150206,20150208,20150209,20150212,20150213,20150216 
Number is 72 
G.5.1_index_4_VS_G.5.1_index_3 [36] PLUS 1 
20150115,20150116,20150124,20150125,20150126,20150127,20150129,20150130,20150131,20150201,20150202,20150203,20150204,20150206,20150209,20150210,20150213,20150214 
Number is 78 
G.5.1_index_4_VS_G.3.5_index_5 [37] PLUS 1 
20150116,20150117,20150118,20150121,20150126,20150127,20150129,20150130,20150131,20150201,20150202,20150203,20150204,20150205,20150207,20150209,20150210,20150211,20150214 
Number is 79 
G.3.1_index_3_VS_G.4.3_index_4 [38] 
20150117,20150118,20150119,20150120,20150121,20150123,20150124,20150125,20150129,20150130,20150131,20150201,20150202,20150203,20150205,20150210,20150211 
Number is 80 
G.4.1_index_4_VS_G.4.4_index_3 [39] PLUS 1 
20150116,20150117,20150119,20150121,20150123,20150124,20150125,20150127,20150128,20150129,20150130,20150131,20150201,20150202,20150203,20150204,20150206,20150207,20150210,20150212 
G.3.5_index_5_VS_G.3.6_index_1 [40] PLUS 1 
20150115,20150116,20150121,20150127,20150129,20150130,20150131,20150201,20150202,20150203,20150204,20150205,20150207,20150209,20150210,20150211,20150215,20150216 
G.5.5_index_1_VS_G.3.6_index_1 [41] PLUS 1 
20150116,20150117,20150118,20150123,20150126,20150127,20150128,20150129,20150130,20150131,20150201,20150202,20150203,20150204,20150205,20150215 
Number is 85 
G.4.1_index_3_VS_G.4.3_index_2 [42] PLUS 1 
20150116,20150119,20150125,20150126,20150127,20150128,20150129,20150130,20150131,20150201,20150202,20150203,20150204,20150211,20150212 
Number is 87 
G.4.1_index_3_VS_G.4.1_index_2 [43] PLUS 1 
20150117,20150123,20150129,20150130,20150131,20150201,20150202,20150203,20150204,20150208,20150210,20150211,20150213 
Number is 92 
G.4.3_index_4_VS_G.DB_index_3 [44] PLUS 1 
20150115,20150116,20150117,20150118,20150119,20150120,20150122,20150125,20150126,20150129,20150130,20150131,20150201,20150202,20150203,20150204,20150205,20150207,20150209,20150210,20150211,20150213,20150214 
Number is 94 
G.3.6_index_2_VS_G.5.4_index_1 [45] PLUS 1 
20150118,20150120,20150121,20150122,20150123,20150124,20150127,20150128,20150129,20150130,20150131,20150201,20150202,20150203,20150204,20150207,20150209,20150211 
