======== Current: 20150206 ========= 
Number is 02 
G.DB_index_2_VS_G.6.1_index_3 [1] 
20150115,20150117,20150118,20150120,20150121,20150123,20150128,20150130,20150131,20150201,20150202,20150203,20150204,20150205,20150207,20150208,20150214,20150215,20150216 
G.3.6_index_1_VS_G.5.6_index_2 [2] 
20150115,20150116,20150117,20150118,20150120,20150121,20150124,20150125,20150128,20150131,20150201,20150202,20150203,20150204,20150205,20150207,20150210,20150215,20150216 
Number is 05 
G.3.6_index_1_VS_G.6.2_index_1 [3] 
20150117,20150119,20150120,20150123,20150125,20150127,20150128,20150130,20150131,20150201,20150202,20150203,20150204,20150205,20150210,20150211,20150215,20150216 
Number is 06 
G.3.6_index_1_VS_G.7.1_index_2 [4] PLUS 1 
20150116,20150118,20150119,20150121,20150123,20150124,20150130,20150131,20150201,20150202,20150203,20150204,20150205,20150206,20150209,20150213,20150215 
Number is 10 
G.5.5_index_1_VS_G.3.6_index_1 [5] 
20150116,20150117,20150118,20150123,20150126,20150127,20150128,20150129,20150130,20150131,20150201,20150202,20150203,20150204,20150205,20150215 
Number is 11 
G.6.3_index_2_VS_G.3.3_index_4 [6] 
20150116,20150117,20150118,20150119,20150122,20150123,20150127,20150128,20150130,20150131,20150201,20150202,20150203,20150204,20150205,20150207,20150208,20150210 
G.6.3_index_2_VS_G.2.2_index_3 [7] 
20150115,20150116,20150117,20150118,20150119,20150123,20150124,20150127,20150131,20150201,20150202,20150203,20150204,20150205,20150207,20150213,20150214 
G.2.2_index_3_VS_G.DB_index_5 [8] 
20150116,20150119,20150121,20150123,20150128,20150129,20150131,20150201,20150202,20150203,20150204,20150205,20150208,20150213,20150215 
G.5.1_index_4_VS_G.5.5_index_1 [9] 
20150116,20150119,20150123,20150125,20150127,20150128,20150130,20150131,20150201,20150202,20150203,20150204,20150205,20150208,20150209,20150215 
Number is 13 
G.5.1_index_4_VS_G.3.5_index_5 [10] 
20150116,20150117,20150118,20150121,20150126,20150127,20150129,20150130,20150131,20150201,20150202,20150203,20150204,20150205,20150207,20150209,20150210,20150211,20150214 
Number is 15 
G.6.3_index_2_VS_G.DB_index_1 [11] PLUS 1 
20150118,20150122,20150123,20150126,20150127,20150128,20150131,20150201,20150202,20150203,20150204,20150205,20150206,20150207,20150213 
G.4.4_index_2_VS_G.4.3_index_4 [12] PLUS 1 
20150117,20150118,20150119,20150124,20150125,20150130,20150131,20150201,20150202,20150203,20150204,20150205,20150206,20150213,20150214 
G.DB_index_5_VS_G.7.2_index_1 [13] PLUS 1 
20150115,20150123,20150124,20150128,20150129,20150130,20150131,20150201,20150202,20150203,20150204,20150205,20150206,20150211,20150212,20150213,20150216 
Number is 16 
G.5.1_index_4_VS_G.3.6_index_3 [14] PLUS 1 
20150127,20150128,20150130,20150131,20150201,20150202,20150203,20150204,20150205,20150206,20150207,20150209,20150210,20150215 
Number is 17 
G.4.1_index_3_VS_G.7.2_index_2 [15] 
20150115,20150116,20150119,20150122,20150123,20150125,20150126,20150130,20150131,20150201,20150202,20150203,20150204,20150205,20150207,20150209,20150212,20150213,20150216 
G.DB_index_5_VS_G.6.3_index_1 [16] 
20150115,20150119,20150123,20150124,20150125,20150126,20150128,20150129,20150131,20150201,20150202,20150203,20150204,20150205,20150210,20150213 
Number is 21 
G.3.3_index_2_VS_G.DB_index_5 [17] 
20150115,20150116,20150124,20150125,20150127,20150131,20150201,20150202,20150203,20150204,20150205,20150207,20150208,20150210,20150214,20150215 
Number is 24 
G.5.6_index_2_VS_G.3.4_index_4 [18] 
20150117,20150119,20150121,20150127,20150128,20150130,20150131,20150201,20150202,20150203,20150204,20150205,20150207,20150214,20150215,20150216 
Number is 25 
G.3.5_index_3_VS_G.4.1_index_1 [19] 
20150115,20150117,20150118,20150120,20150124,20150125,20150127,20150128,20150129,20150130,20150131,20150201,20150202,20150203,20150204,20150205,20150208,20150209,20150213,20150214,20150216 
G.3.2_index_5_VS_G.4.3_index_4 [20] 
20150117,20150118,20150120,20150122,20150124,20150125,20150126,20150129,20150131,20150201,20150202,20150203,20150204,20150205,20150212 
G.3.1_index_3_VS_G.6.2_index_1 [21] 
20150115,20150121,20150123,20150126,20150128,20150131,20150201,20150202,20150203,20150204,20150205,20150211,20150214 
Number is 26 
G.3.1_index_3_VS_G.3.6_index_3 [22] 
20150116,20150127,20150128,20150131,20150201,20150202,20150203,20150204,20150205,20150207,20150210 
Number is 30 
G.3.5_index_5_VS_G.3.6_index_1 [23] 
20150115,20150116,20150121,20150127,20150129,20150130,20150131,20150201,20150202,20150203,20150204,20150205,20150207,20150209,20150210,20150211,20150215,20150216 
Number is 31 
G.5.3_index_1_VS_G.3.6_index_2 [24] 
20150118,20150119,20150120,20150125,20150130,20150131,20150201,20150202,20150203,20150204,20150205,20150207,20150208,20150209,20150211,20150214,20150215,20150216 
Number is 33 
G.5.4_index_1_VS_G.5.3_index_1 [25] PLUS 1 
20150115,20150118,20150121,20150122,20150123,20150127,20150128,20150131,20150201,20150202,20150203,20150204,20150205,20150206,20150207,20150208,20150213,20150214,20150215 
Number is 34 
G.4.4_index_3_VS_G.5.4_index_2 [26] 
20150116,20150117,20150119,20150120,20150122,20150123,20150124,20150126,20150127,20150129,20150131,20150201,20150202,20150203,20150204,20150205,20150209,20150210,20150214,20150215 
G.5.6_index_3_VS_G.3.1_index_1 [27] 
20150115,20150116,20150117,20150122,20150124,20150126,20150130,20150131,20150201,20150202,20150203,20150204,20150205,20150210,20150213,20150215 
Number is 37 
G.5.4_index_4_VS_G.6.3_index_1 [28] 
20150115,20150116,20150117,20150125,20150126,20150129,20150131,20150201,20150202,20150203,20150204,20150205,20150213 
Number is 38 
G.3.6_index_4_VS_G.2.1_index_3 [29] 
20150115,20150117,20150118,20150119,20150120,20150127,20150130,20150131,20150201,20150202,20150203,20150204,20150205,20150207,20150209,20150211,20150213 
Number is 45 
G.3.1_index_1_VS_G.3.2_index_2 [30] 
20150117,20150118,20150123,20150125,20150126,20150128,20150129,20150131,20150201,20150202,20150203,20150204,20150205,20150207,20150208,20150211,20150216 
Number is 49 
G.5.2_index_3_VS_G.6.2_index_3 [31] PLUS 1 
20150115,20150117,20150120,20150121,20150122,20150123,20150130,20150131,20150201,20150202,20150203,20150204,20150205,20150206,20150207,20150208,20150210,20150211,20150216 
Number is 52 
G.6.2_index_1_VS_G.5.2_index_2 [32] 
20150115,20150116,20150117,20150119,20150120,20150124,20150126,20150127,20150129,20150130,20150131,20150201,20150202,20150203,20150204,20150205,20150207,20150208,20150210,20150214,20150216 
Number is 54 
G.7.3_index_2_VS_G.3.1_index_1 [33] 
20150115,20150117,20150118,20150122,20150125,20150126,20150127,20150129,20150130,20150131,20150201,20150202,20150203,20150204,20150205,20150207,20150209,20150213,20150214,20150215,20150216 
Number is 55 
G.5.1_index_3_VS_G.3.2_index_4 [34] 
20150117,20150120,20150124,20150125,20150127,20150129,20150131,20150201,20150202,20150203,20150204,20150205,20150210,20150212,20150214 
G.7.3_index_2_VS_G.4.3_index_4 [35] 
20150117,20150119,20150124,20150125,20150126,20150127,20150131,20150201,20150202,20150203,20150204,20150205,20150209,20150210,20150213,20150216 
Number is 57 
G.5.1_index_3_VS_G.5.4_index_3 [36] PLUS 1 
20150127,20150129,20150131,20150201,20150202,20150203,20150204,20150205,20150206,20150209,20150210,20150212 
Number is 59 
G.5.5_index_4_VS_G.4.3_index_1 [37] 
20150118,20150119,20150120,20150127,20150131,20150201,20150202,20150203,20150204,20150205,20150207,20150208,20150211,20150212,20150213 
G.3.3_index_1_VS_G.3.4_index_5 [38] 
20150120,20150124,20150125,20150127,20150128,20150130,20150131,20150201,20150202,20150203,20150204,20150205,20150207,20150210,20150211,20150215,20150216 
G.4.3_index_4_VS_G.DB_index_3 [39] 
20150115,20150116,20150117,20150118,20150119,20150120,20150122,20150125,20150126,20150129,20150130,20150131,20150201,20150202,20150203,20150204,20150205,20150207,20150209,20150210,20150211,20150213,20150214 
Number is 62 
G.5.5_index_2_VS_G.3.5_index_3 [40] 
20150115,20150117,20150120,20150122,20150123,20150124,20150125,20150129,20150131,20150201,20150202,20150203,20150204,20150205,20150208,20150210,20150214 
Number is 63 
G.3.1_index_2_VS_G.4.4_index_3 [41] PLUS 1 
20150115,20150116,20150117,20150120,20150124,20150125,20150129,20150131,20150201,20150202,20150203,20150204,20150205,20150206,20150207,20150208,20150212,20150213,20150214 
Number is 68 
G.2.1_index_2_VS_G.3.2_index_3 [42] 
20150118,20150119,20150121,20150122,20150123,20150126,20150127,20150130,20150131,20150201,20150202,20150203,20150204,20150205,20150210,20150211,20150212,20150213,20150214 
Number is 70 
G.4.3_index_3_VS_G.3.6_index_1 [43] 
20150116,20150117,20150118,20150119,20150120,20150121,20150123,20150124,20150128,20150130,20150131,20150201,20150202,20150203,20150204,20150205,20150208,20150213,20150214,20150216 
Number is 74 
G.6.3_index_1_VS_G.5.4_index_2 [44] PLUS 1 
20150126,20150131,20150201,20150202,20150203,20150204,20150205,20150206,20150208,20150210,20150214 
Number is 75 
G.4.3_index_3_VS_G.7.3_index_2 [45] PLUS 1 
20150116,20150117,20150123,20150124,20150126,20150127,20150129,20150131,20150201,20150202,20150203,20150204,20150205,20150206,20150207,20150208,20150209,20150211,20150214 
Number is 77 
G.7.2_index_2_VS_G.DB_index_4 [46] 
20150115,20150117,20150122,20150124,20150125,20150128,20150130,20150131,20150201,20150202,20150203,20150204,20150205,20150207,20150209,20150210,20150212,20150216 
G.2.2_index_2_VS_G.4.3_index_3 [47] 
20150117,20150118,20150122,20150123,20150127,20150128,20150130,20150131,20150201,20150202,20150203,20150204,20150205,20150207,20150209,20150210,20150214 
Number is 79 
G.4.3_index_3_VS_G.6.2_index_3 [48] PLUS 1 
20150115,20150116,20150117,20150118,20150121,20150122,20150123,20150124,20150125,20150126,20150127,20150128,20150130,20150131,20150201,20150202,20150203,20150204,20150205,20150206,20150207,20150210,20150212,20150213 
Number is 85 
G.2.1_index_3_VS_G.2.2_index_5 [49] PLUS 1 
20150115,20150118,20150120,20150123,20150125,20150126,20150130,20150131,20150201,20150202,20150203,20150204,20150205,20150206,20150209,20150210,20150211,20150212,20150215 
Number is 95 
G.3.4_index_5_VS_G.5.3_index_2 [50] 
20150117,20150124,20150125,20150126,20150127,20150130,20150131,20150201,20150202,20150203,20150204,20150205,20150208,20150209,20150210,20150211,20150214 
G.6.2_index_3_VS_G.6.2_index_1 [51] 
20150117,20150120,20150123,20150124,20150126,20150127,20150128,20150130,20150131,20150201,20150202,20150203,20150204,20150205,20150208,20150209,20150215 
Number is 96 
G.3.4_index_5_VS_G.4.4_index_1 [52] 
20150115,20150125,20150128,20150130,20150131,20150201,20150202,20150203,20150204,20150205,20150207,20150208,20150211,20150212,20150213,20150215,20150216 
Number is 99 
G.3.4_index_5_VS_G.6.2_index_3 [53] 
20150117,20150118,20150124,20150126,20150128,20150131,20150201,20150202,20150203,20150204,20150205,20150209,20150210,20150211,20150213,20150216 
