======== Current: 20150207 ========= 
Number is 03 
G.3.6_index_1_VS_G.7.1_index_2 [1] 
20150116,20150118,20150119,20150121,20150123,20150124,20150130,20150131,20150201,20150202,20150203,20150204,20150205,20150206,20150209,20150213,20150215 
Number is 05 
G.5.2_index_3_VS_G.6.2_index_3 [2] PLUS 1 
20150115,20150117,20150120,20150121,20150122,20150123,20150130,20150131,20150201,20150202,20150203,20150204,20150205,20150206,20150207,20150208,20150210,20150211,20150216 
Number is 16 
G.4.4_index_1_VS_G.DB_index_5 [3] 
20150120,20150123,20150128,20150129,20150130,20150201,20150202,20150203,20150204,20150205,20150206,20150208,20150211,20150212,20150213,20150214,20150215 
Number is 20 
G.5.5_index_2_VS_G.3.6_index_1 [4] 
20150115,20150119,20150123,20150124,20150126,20150127,20150128,20150129,20150130,20150201,20150202,20150203,20150204,20150205,20150206,20150209,20150210,20150214 
Number is 33 
G.3.1_index_2_VS_G.4.4_index_3 [5] PLUS 1 
20150115,20150116,20150117,20150120,20150124,20150125,20150129,20150131,20150201,20150202,20150203,20150204,20150205,20150206,20150207,20150208,20150212,20150213,20150214 
Number is 39 
G.4.3_index_4_VS_G.5.4_index_1 [6] PLUS 1 
20150115,20150118,20150121,20150122,20150123,20150124,20150126,20150128,20150129,20150130,20150201,20150202,20150203,20150204,20150205,20150206,20150207,20150208,20150209,20150210,20150211 
Number is 43 
G.4.4_index_2_VS_G.4.3_index_4 [7] 
20150117,20150118,20150119,20150124,20150125,20150130,20150131,20150201,20150202,20150203,20150204,20150205,20150206,20150213,20150214 
Number is 44 
G.6.3_index_1_VS_G.5.4_index_2 [8] 
20150126,20150131,20150201,20150202,20150203,20150204,20150205,20150206,20150208,20150210,20150214 
Number is 46 
G.3.5_index_3_VS_G.7.2_index_2 [9] 
20150115,20150117,20150118,20150120,20150124,20150126,20150129,20150201,20150202,20150203,20150204,20150205,20150206,20150208,20150209,20150213,20150216 
Number is 49 
G.3.2_index_4_VS_G.5.4_index_1 [10] PLUS 1 
20150117,20150121,20150124,20150125,20150128,20150130,20150201,20150202,20150203,20150204,20150205,20150206,20150207,20150209,20150211,20150212 
Number is 54 
G.4.1_index_1_VS_G.6.3_index_1 [11] 
20150115,20150117,20150118,20150120,20150124,20150126,20150127,20150201,20150202,20150203,20150204,20150205,20150206,20150208,20150214,20150216 
G.2.1_index_3_VS_G.2.2_index_5 [12] 
20150115,20150118,20150120,20150123,20150125,20150126,20150130,20150131,20150201,20150202,20150203,20150204,20150205,20150206,20150209,20150210,20150211,20150212,20150215 
Number is 57 
G.4.1_index_1_VS_G.5.1_index_4 [13] 
20150115,20150117,20150118,20150123,20150126,20150127,20150128,20150130,20150201,20150202,20150203,20150204,20150205,20150206,20150208,20150214,20150215,20150216 
Number is 59 
G.5.4_index_3_VS_G.DB_index_1 [14] PLUS 1 
20150119,20150120,20150121,20150123,20150127,20150201,20150202,20150203,20150204,20150205,20150206,20150207,20150213,20150214,20150215,20150216 
Number is 65 
G.DB_index_5_VS_G.7.2_index_1 [15] 
20150115,20150123,20150124,20150128,20150129,20150130,20150131,20150201,20150202,20150203,20150204,20150205,20150206,20150211,20150212,20150213,20150216 
Number is 74 
G.5.6_index_2_VS_G.6.3_index_1 [16] 
20150115,20150116,20150120,20150123,20150125,20150130,20150201,20150202,20150203,20150204,20150205,20150206,20150208,20150209,20150216 
Number is 79 
G.5.1_index_4_VS_G.3.6_index_3 [17] PLUS 1 
20150127,20150128,20150130,20150131,20150201,20150202,20150203,20150204,20150205,20150206,20150207,20150209,20150210,20150215 
Number is 81 
G.5.1_index_3_VS_G.5.4_index_4 [18] 
20150116,20150118,20150120,20150124,20150128,20150130,20150201,20150202,20150203,20150204,20150205,20150206,20150209,20150212,20150213 
Number is 83 
G.2.2_index_2_VS_G.6.2_index_1 [19] 
20150115,20150116,20150118,20150123,20150127,20150128,20150130,20150201,20150202,20150203,20150204,20150205,20150206,20150210,20150211,20150212,20150213 
Number is 85 
G.5.1_index_3_VS_G.5.4_index_3 [20] 
20150127,20150129,20150131,20150201,20150202,20150203,20150204,20150205,20150206,20150209,20150210,20150212 
Number is 89 
G.5.1_index_3_VS_G.6.3_index_2 [21] PLUS 1 
20150120,20150122,20150124,20150125,20150126,20150129,20150201,20150202,20150203,20150204,20150205,20150206,20150207,20150208,20150209,20150214 
Number is 95 
G.4.3_index_3_VS_G.7.3_index_2 [22] PLUS 1 
20150116,20150117,20150123,20150124,20150126,20150127,20150129,20150131,20150201,20150202,20150203,20150204,20150205,20150206,20150207,20150208,20150209,20150211,20150214 
G.4.3_index_3_VS_G.6.2_index_3 [23] PLUS 1 
20150115,20150116,20150117,20150118,20150121,20150122,20150123,20150124,20150125,20150126,20150127,20150128,20150130,20150131,20150201,20150202,20150203,20150204,20150205,20150206,20150207,20150210,20150212,20150213 
Number is 96 
G.3.6_index_3_VS_G.5.6_index_3 [24] PLUS 1 
20150118,20150201,20150202,20150203,20150204,20150205,20150206,20150207,20150210,20150212,20150213,20150214,20150215,20150216 
G.5.5_index_4_VS_G.DB_index_5 [25] PLUS 1 
20150116,20150119,20150120,20150121,20150125,20150127,20150128,20150201,20150202,20150203,20150204,20150205,20150206,20150207,20150208,20150210,20150211,20150213,20150215,20150216 
G.5.4_index_1_VS_G.5.3_index_1 [26] PLUS 1 
20150115,20150118,20150121,20150122,20150123,20150127,20150128,20150131,20150201,20150202,20150203,20150204,20150205,20150206,20150207,20150208,20150213,20150214,20150215 
Number is 99 
G.6.3_index_2_VS_G.DB_index_1 [27] PLUS 1 
20150118,20150122,20150123,20150126,20150127,20150128,20150131,20150201,20150202,20150203,20150204,20150205,20150206,20150207,20150213 
