======== Current: 20150208 ========= 
Number is 05 
G.DB_index_1_VS_G.3.5_index_1 [1] 
20150116,20150117,20150118,20150119,20150123,20150129,20150130,20150202,20150203,20150204,20150205,20150206,20150207,20150211,20150216 
G.3.2_index_4_VS_G.5.4_index_1 [2] 
20150117,20150121,20150124,20150125,20150128,20150130,20150201,20150202,20150203,20150204,20150205,20150206,20150207,20150209,20150211,20150212 
Number is 06 
G.5.5_index_4_VS_G.5.6_index_1 [3] PLUS 1 
20150116,20150117,20150120,20150121,20150123,20150126,20150202,20150203,20150204,20150205,20150206,20150207,20150208,20150209,20150211,20150214 
Number is 07 
G.5.5_index_4_VS_G.DB_index_5 [4] PLUS 1 
20150116,20150119,20150120,20150121,20150125,20150127,20150128,20150201,20150202,20150203,20150204,20150205,20150206,20150207,20150208,20150210,20150211,20150213,20150215,20150216 
G.DB_index_1_VS_G.DB_index_5 [5] PLUS 1 
20150115,20150118,20150123,20150126,20150128,20150129,20150131,20150202,20150203,20150204,20150205,20150206,20150207,20150208,20150213,20150215 
Number is 10 
G.5.4_index_3_VS_G.DB_index_1 [6] 
20150119,20150120,20150121,20150123,20150127,20150201,20150202,20150203,20150204,20150205,20150206,20150207,20150213,20150214,20150215,20150216 
Number is 16 
G.5.4_index_3_VS_G.DB_index_3 [7] PLUS 1 
20150117,20150118,20150120,20150123,20150124,20150125,20150128,20150130,20150131,20150202,20150203,20150204,20150205,20150206,20150207,20150208,20150211,20150215 
Number is 20 
G.6.3_index_2_VS_G.DB_index_1 [8] 
20150118,20150122,20150123,20150126,20150127,20150128,20150131,20150201,20150202,20150203,20150204,20150205,20150206,20150207,20150213 
G.4.4_index_4_VS_G.5.5_index_4 [9] 
20150116,20150117,20150123,20150127,20150128,20150129,20150130,20150202,20150203,20150204,20150205,20150206,20150207,20150209,20150211 
Number is 23 
G.2.1_index_2_VS_G.DB_index_2 [10] 
20150115,20150117,20150119,20150121,20150123,20150124,20150128,20150129,20150202,20150203,20150204,20150205,20150206,20150207,20150210 
Number is 31 
G.3.1_index_2_VS_G.4.4_index_3 [11] PLUS 1 
20150115,20150116,20150117,20150120,20150124,20150125,20150129,20150131,20150201,20150202,20150203,20150204,20150205,20150206,20150207,20150208,20150212,20150213,20150214 
Number is 53 
G.5.4_index_1_VS_G.5.3_index_1 [12] PLUS 1 
20150115,20150118,20150121,20150122,20150123,20150127,20150128,20150131,20150201,20150202,20150203,20150204,20150205,20150206,20150207,20150208,20150213,20150214,20150215 
Number is 57 
G.5.2_index_3_VS_G.6.2_index_3 [13] PLUS 1 
20150115,20150117,20150120,20150121,20150122,20150123,20150130,20150131,20150201,20150202,20150203,20150204,20150205,20150206,20150207,20150208,20150210,20150211,20150216 
Number is 69 
G.3.6_index_3_VS_G.5.6_index_3 [14] 
20150118,20150201,20150202,20150203,20150204,20150205,20150206,20150207,20150210,20150212,20150213,20150214,20150215,20150216 
Number is 71 
G.4.3_index_3_VS_G.7.3_index_2 [15] PLUS 1 
20150116,20150117,20150123,20150124,20150126,20150127,20150129,20150131,20150201,20150202,20150203,20150204,20150205,20150206,20150207,20150208,20150209,20150211,20150214 
Number is 77 
G.4.3_index_3_VS_G.6.2_index_3 [16] 
20150115,20150116,20150117,20150118,20150121,20150122,20150123,20150124,20150125,20150126,20150127,20150128,20150130,20150131,20150201,20150202,20150203,20150204,20150205,20150206,20150207,20150210,20150212,20150213 
Number is 90 
G.3.3_index_4_VS_G.5.5_index_4 [17] 
20150115,20150116,20150120,20150122,20150125,20150127,20150128,20150130,20150202,20150203,20150204,20150205,20150206,20150207,20150210,20150211,20150212,20150214 
Number is 91 
G.4.2_index_3_VS_G.7.3_index_2 [18] 
20150116,20150117,20150120,20150123,20150125,20150127,20150129,20150130,20150202,20150203,20150204,20150205,20150206,20150207,20150210,20150214,20150216 
G.4.3_index_4_VS_G.4.4_index_3 [19] 
20150116,20150117,20150118,20150120,20150122,20150123,20150124,20150126,20150127,20150202,20150203,20150204,20150205,20150206,20150207,20150210,20150211,20150214 
Number is 92 
G.5.1_index_3_VS_G.6.3_index_2 [20] PLUS 1 
20150120,20150122,20150124,20150125,20150126,20150129,20150201,20150202,20150203,20150204,20150205,20150206,20150207,20150208,20150209,20150214 
G.3.4_index_5_VS_G.3.4_index_4 [21] PLUS 1 
20150117,20150120,20150122,20150124,20150126,20150128,20150129,20150130,20150202,20150203,20150204,20150205,20150206,20150207,20150208,20150209,20150211,20150216 
Number is 95 
G.4.3_index_4_VS_G.5.4_index_1 [22] PLUS 1 
20150115,20150118,20150121,20150122,20150123,20150124,20150126,20150128,20150129,20150130,20150201,20150202,20150203,20150204,20150205,20150206,20150207,20150208,20150209,20150210,20150211 
Number is 96 
G.5.1_index_4_VS_G.3.6_index_3 [23] 
20150127,20150128,20150130,20150131,20150201,20150202,20150203,20150204,20150205,20150206,20150207,20150209,20150210,20150215 
Number is 99 
G.1.1_index_2_VS_G.5.1_index_4 [24] 
20150116,20150117,20150127,20150129,20150130,20150131,20150202,20150203,20150204,20150205,20150206,20150207,20150209,20150213,20150215 
G.4.2_index_3_VS_G.5.1_index_3 [25] 
20150116,20150118,20150120,20150122,20150127,20150128,20150129,20150131,20150202,20150203,20150204,20150205,20150206,20150207,20150212 
