======== Current: 20150212 ========= 
Number is 00 
G.5.4_index_1_VS_G.3.4_index_5 [1] 
20150115,20150118,20150120,20150121,20150122,20150125,20150127,20150128,20150131,20150204,20150205,20150206,20150207,20150208,20150209,20150210,20150211,20150214 
Number is 01 
G.7.3_index_1_VS_G.2.1_index_4 [2] 
20150117,20150120,20150122,20150123,20150124,20150125,20150127,20150129,20150202,20150203,20150205,20150206,20150207,20150208,20150209,20150210,20150211,20150215,20150216 
Number is 07 
G.5.4_index_1_VS_G.2.2_index_5 [3] 
20150118,20150123,20150125,20150130,20150201,20150206,20150207,20150208,20150209,20150210,20150211,20150214,20150215 
Number is 08 
G.4.4_index_2_VS_G.5.5_index_4 [4] 
20150116,20150118,20150119,20150120,20150121,20150122,20150125,20150126,20150127,20150129,20150201,20150202,20150203,20150204,20150206,20150207,20150208,20150209,20150210,20150211,20150214 
G.5.3_index_1_VS_G.7.1_index_2 [5] 
20150117,20150119,20150123,20150124,20150125,20150126,20150131,20150203,20150204,20150205,20150206,20150207,20150208,20150209,20150210,20150211,20150215 
G.3.4_index_5_VS_G.4.3_index_2 [6] 
20150116,20150120,20150124,20150127,20150128,20150130,20150131,20150201,20150202,20150204,20150206,20150207,20150208,20150209,20150210,20150211,20150215 
Number is 11 
G.4.2_index_3_VS_G.3.5_index_2 [7] PLUS 1 
20150116,20150118,20150122,20150124,20150125,20150129,20150130,20150202,20150204,20150205,20150206,20150207,20150208,20150209,20150210,20150211,20150212 
Number is 12 
G.5.5_index_1_VS_G.4.3_index_4 [8] PLUS 1 
20150116,20150117,20150118,20150124,20150130,20150131,20150201,20150203,20150204,20150206,20150207,20150208,20150209,20150210,20150211,20150212 
Number is 20 
G.4.3_index_4_VS_G.5.4_index_1 [9] 
20150115,20150118,20150121,20150122,20150123,20150124,20150126,20150128,20150129,20150130,20150201,20150202,20150203,20150204,20150205,20150206,20150207,20150208,20150209,20150210,20150211 
Number is 40 
G.5.1_index_2_VS_G.3.6_index_3 [10] PLUS 1 
20150117,20150126,20150127,20150129,20150130,20150131,20150202,20150203,20150206,20150207,20150208,20150209,20150210,20150211,20150212,20150214,20150215 
Number is 42 
G.7.4_index_1_VS_G.3.5_index_4 [11] 
20150115,20150117,20150119,20150120,20150121,20150123,20150125,20150127,20150201,20150202,20150203,20150204,20150206,20150207,20150208,20150209,20150210,20150211,20150215 
Number is 44 
G.5.1_index_2_VS_G.6.1_index_1 [12] 
20150118,20150119,20150121,20150126,20150203,20150204,20150205,20150206,20150207,20150208,20150209,20150210,20150211,20150214,20150216 
Number is 70 
G.7.1_index_1_VS_G.5.4_index_1 [13] 
20150118,20150122,20150123,20150125,20150126,20150127,20150130,20150202,20150206,20150207,20150208,20150209,20150210,20150211,20150214,20150216 
Number is 77 
G.2.1_index_3_VS_G.3.2_index_2 [14] PLUS 1 
20150116,20150120,20150121,20150123,20150124,20150130,20150201,20150206,20150207,20150208,20150209,20150210,20150211,20150212 
G.7.1_index_1_VS_G.3.2_index_2 [15] PLUS 1 
20150116,20150118,20150121,20150123,20150124,20150126,20150128,20150129,20150201,20150206,20150207,20150208,20150209,20150210,20150211,20150212,20150214 
Number is 81 
G.5.3_index_2_VS_G.5.4_index_4 [16] 
20150116,20150120,20150123,20150126,20150127,20150128,20150129,20150130,20150131,20150201,20150204,20150205,20150206,20150207,20150208,20150209,20150210,20150211,20150213,20150214,20150216 
Number is 83 
G.5.5_index_4_VS_G.3.4_index_2 [17] 
20150120,20150127,20150128,20150131,20150202,20150203,20150204,20150206,20150207,20150208,20150209,20150210,20150211,20150214,20150215 
Number is 86 
G.1.1_index_2_VS_G.3.5_index_1 [18] PLUS 1 
20150116,20150117,20150122,20150123,20150126,20150128,20150130,20150202,20150203,20150206,20150207,20150208,20150209,20150210,20150211,20150212,20150214 
Number is 90 
G.7.3_index_2_VS_G.3.6_index_3 [19] 
20150116,20150117,20150124,20150129,20150131,20150201,20150202,20150203,20150205,20150206,20150207,20150208,20150209,20150210,20150211,20150213 
Number is 94 
G.7.3_index_2_VS_G.6.1_index_1 [20] 
20150115,20150116,20150118,20150129,20150203,20150206,20150207,20150208,20150209,20150210,20150211 
Number is 96 
G.3.6_index_2_VS_G.3.1_index_2 [21] 
20150116,20150118,20150119,20150127,20150130,20150131,20150202,20150206,20150207,20150208,20150209,20150210,20150211,20150214 
