======== Current: 20150213 ========= 
Number is 14 
G.5.1_index_2_VS_G.3.6_index_3 [1] 
20150117,20150126,20150127,20150129,20150130,20150131,20150202,20150203,20150206,20150207,20150208,20150209,20150210,20150211,20150212,20150214,20150215 
Number is 22 
G.3.4_index_4_VS_G.1.1_index_2 [2] 
20150116,20150117,20150119,20150120,20150123,20150126,20150130,20150131,20150202,20150203,20150205,20150207,20150208,20150209,20150210,20150211,20150212,20150214 
Number is 29 
G.1.1_index_2_VS_G.3.5_index_1 [3] 
20150116,20150117,20150122,20150123,20150126,20150128,20150130,20150202,20150203,20150206,20150207,20150208,20150209,20150210,20150211,20150212,20150214 
Number is 39 
G.4.2_index_3_VS_G.3.3_index_2 [4] 
20150115,20150116,20150120,20150122,20150125,20150126,20150131,20150202,20150204,20150205,20150207,20150208,20150209,20150210,20150211,20150212,20150214 
G.4.2_index_3_VS_G.3.5_index_2 [5] 
20150116,20150118,20150122,20150124,20150125,20150129,20150130,20150202,20150204,20150205,20150206,20150207,20150208,20150209,20150210,20150211,20150212 
Number is 42 
G.5.3_index_3_VS_G.3.4_index_4 [6] PLUS 1 
20150117,20150122,20150123,20150127,20150129,20150130,20150131,20150204,20150207,20150208,20150209,20150210,20150211,20150212,20150213 
Number is 48 
G.5.4_index_4_VS_G.2.2_index_3 [7] PLUS 1 
20150115,20150120,20150121,20150123,20150124,20150126,20150129,20150202,20150204,20150205,20150207,20150208,20150209,20150210,20150211,20150212,20150213,20150215 
Number is 49 
G.2.1_index_3_VS_G.3.2_index_2 [8] 
20150116,20150120,20150121,20150123,20150124,20150130,20150201,20150206,20150207,20150208,20150209,20150210,20150211,20150212 
G.7.1_index_1_VS_G.3.2_index_2 [9] 
20150116,20150118,20150121,20150123,20150124,20150126,20150128,20150129,20150201,20150206,20150207,20150208,20150209,20150210,20150211,20150212,20150214 
Number is 54 
G.5.5_index_4_VS_G.6.2_index_3 [10] PLUS 1 
20150115,20150116,20150117,20150118,20150121,20150124,20150128,20150201,20150202,20150204,20150207,20150208,20150209,20150210,20150211,20150212,20150213,20150214 
Number is 59 
G.5.2_index_1_VS_G.3.3_index_2 [11] PLUS 1 
20150116,20150117,20150119,20150203,20150204,20150207,20150208,20150209,20150210,20150211,20150212,20150213 
Number is 61 
G.5.5_index_1_VS_G.4.4_index_4 [12] 
20150116,20150119,20150121,20150122,20150124,20150125,20150126,20150127,20150130,20150131,20150202,20150204,20150207,20150208,20150209,20150210,20150211,20150212,20150216 
Number is 66 
G.5.5_index_1_VS_G.4.3_index_4 [13] 
20150116,20150117,20150118,20150124,20150130,20150131,20150201,20150203,20150204,20150206,20150207,20150208,20150209,20150210,20150211,20150212 
Number is 68 
G.6.1_index_3_VS_G.1.1_index_5 [14] PLUS 1 
20150117,20150123,20150126,20150202,20150207,20150208,20150209,20150210,20150211,20150212,20150213,20150216 
Number is 85 
G.5.3_index_4_VS_G.5.2_index_1 [15] PLUS 1 
20150115,20150121,20150125,20150126,20150128,20150130,20150201,20150207,20150208,20150209,20150210,20150211,20150212,20150213,20150214 
Number is 89 
G.5.3_index_4_VS_G.5.1_index_1 [16] 
20150116,20150119,20150124,20150125,20150128,20150202,20150203,20150204,20150207,20150208,20150209,20150210,20150211,20150212,20150214,20150215,20150216 
Number is 93 
G.3.1_index_2_VS_G.4.2_index_3 [17] 
20150117,20150119,20150120,20150123,20150124,20150125,20150126,20150127,20150128,20150129,20150130,20150203,20150204,20150207,20150208,20150209,20150210,20150211,20150212,20150216 
Number is 94 
G.5.1_index_1_VS_G.3.6_index_3 [18] 
20150116,20150117,20150122,20150124,20150126,20150128,20150201,20150202,20150205,20150207,20150208,20150209,20150210,20150211,20150212,20150214,20150216 
