======== Current: 20150214 ========= 
Number is 01 
G.5.4_index_4_VS_G.2.2_index_3 [1] 
20150115,20150120,20150121,20150123,20150124,20150126,20150129,20150202,20150204,20150205,20150207,20150208,20150209,20150210,20150211,20150212,20150213,20150215 
Number is 08 
G.5.4_index_4_VS_G.3.1_index_5 [2] 
20150116,20150120,20150122,20150124,20150125,20150126,20150127,20150128,20150129,20150130,20150131,20150201,20150202,20150203,20150208,20150209,20150210,20150211,20150212,20150213,20150216 
Number is 16 
G.5.5_index_4_VS_G.6.2_index_3 [3] PLUS 1 
20150115,20150116,20150117,20150118,20150121,20150124,20150128,20150201,20150202,20150204,20150207,20150208,20150209,20150210,20150211,20150212,20150213,20150214 
G.2.2_index_3_VS_G.3.3_index_3 [4] PLUS 1 
20150115,20150116,20150117,20150119,20150121,20150125,20150128,20150131,20150201,20150203,20150208,20150209,20150210,20150211,20150212,20150213,20150214,20150215 
Number is 20 
G.4.4_index_1_VS_G.5.4_index_4 [5] PLUS 1 
20150115,20150117,20150120,20150124,20150129,20150201,20150203,20150204,20150205,20150206,20150208,20150209,20150210,20150211,20150212,20150213,20150214,20150215 
Number is 28 
G.6.1_index_3_VS_G.1.1_index_5 [6] 
20150117,20150123,20150126,20150202,20150207,20150208,20150209,20150210,20150211,20150212,20150213,20150216 
Number is 33 
G.5.3_index_4_VS_G.5.2_index_1 [7] PLUS 1 
20150115,20150121,20150125,20150126,20150128,20150130,20150201,20150207,20150208,20150209,20150210,20150211,20150212,20150213,20150214 
Number is 37 
G.3.3_index_5_VS_G.3.4_index_4 [8] 
20150115,20150117,20150119,20150122,20150123,20150125,20150127,20150129,20150130,20150201,20150202,20150203,20150205,20150208,20150209,20150210,20150211,20150212,20150213,20150216 
G.5.2_index_1_VS_G.3.3_index_2 [9] 
20150116,20150117,20150119,20150203,20150204,20150207,20150208,20150209,20150210,20150211,20150212,20150213 
Number is 40 
G.6.1_index_2_VS_G.4.3_index_4 [10] PLUS 1 
20150117,20150118,20150121,20150122,20150123,20150127,20150129,20150130,20150204,20150205,20150208,20150209,20150210,20150211,20150212,20150213,20150214 
Number is 46 
G.6.1_index_2_VS_G.5.5_index_2 [11] 
20150115,20150117,20150118,20150120,20150121,20150125,20150129,20150131,20150206,20150208,20150209,20150210,20150211,20150212,20150213 
Number is 47 
G.5.3_index_3_VS_G.3.4_index_4 [12] 
20150117,20150122,20150123,20150127,20150129,20150130,20150131,20150204,20150207,20150208,20150209,20150210,20150211,20150212,20150213 
Number is 48 
G.6.1_index_2_VS_G.3.4_index_2 [13] PLUS 1 
20150118,20150121,20150123,20150124,20150126,20150131,20150202,20150203,20150206,20150208,20150209,20150210,20150211,20150212,20150213,20150214,20150215 
Number is 52 
G.3.5_index_5_VS_G.7.4_index_1 [14] PLUS 1 
20150115,20150116,20150120,20150122,20150123,20150128,20150129,20150130,20150201,20150204,20150208,20150209,20150210,20150211,20150212,20150213,20150214 
Number is 55 
G.2.1_index_1_VS_G.3.2_index_3 [15] PLUS 1 
20150117,20150118,20150119,20150121,20150122,20150123,20150124,20150126,20150127,20150130,20150131,20150201,20150206,20150208,20150209,20150210,20150211,20150212,20150213,20150214,20150215 
Number is 61 
G.3.3_index_3_VS_G.3.2_index_4 [16] PLUS 1 
20150117,20150119,20150122,20150124,20150126,20150127,20150128,20150129,20150201,20150202,20150203,20150204,20150206,20150208,20150209,20150210,20150211,20150212,20150213,20150214 
Number is 75 
G.2.2_index_5_VS_G.4.1_index_3 [17] PLUS 1 
20150115,20150118,20150119,20150123,20150130,20150201,20150203,20150205,20150206,20150208,20150209,20150210,20150211,20150212,20150213,20150214,20150216 
Number is 76 
G.2.1_index_4_VS_G.5.5_index_2 [18] PLUS 1 
20150117,20150119,20150124,20150127,20150128,20150129,20150131,20150201,20150202,20150206,20150208,20150209,20150210,20150211,20150212,20150213,20150214 
Number is 82 
G.6.2_index_2_VS_G.3.1_index_2 [19] 
20150116,20150117,20150118,20150124,20150125,20150127,20150129,20150130,20150131,20150203,20150204,20150206,20150208,20150209,20150210,20150211,20150212,20150213,20150215 
Number is 93 
G.3.2_index_5_VS_G.5.3_index_4 [20] 
20150120,20150121,20150124,20150125,20150126,20150130,20150201,20150202,20150208,20150209,20150210,20150211,20150212,20150213 
