======== Current: 20150216 ========= 
Number is 03 
G.3.1_index_1_VS_G.5.4_index_4 [1] PLUS 1 
20150116,20150122,20150129,20150201,20150203,20150204,20150207,20150210,20150211,20150212,20150213,20150214,20150215,20150216 
Number is 04 
G.5.3_index_3_VS_G.2.1_index_1 [2] 
20150116,20150117,20150118,20150119,20150122,20150123,20150130,20150202,20150203,20150204,20150205,20150207,20150209,20150210,20150211,20150212,20150213,20150214,20150215 
Number is 06 
G.4.2_index_4_VS_G.DB_index_3 [3] 
20150115,20150118,20150119,20150124,20150125,20150126,20150127,20150128,20150130,20150131,20150203,20150210,20150211,20150212,20150213,20150214,20150215 
Number is 08 
G.4.2_index_4_VS_G.3.6_index_4 [4] PLUS 1 
20150119,20150120,20150121,20150122,20150125,20150126,20150129,20150130,20150201,20150209,20150210,20150211,20150212,20150213,20150214,20150215,20150216 
Number is 14 
G.5.2_index_3_VS_G.1.1_index_2 [5] PLUS 1 
20150116,20150126,20150131,20150201,20150205,20150208,20150210,20150211,20150212,20150213,20150214,20150215,20150216 
Number is 16 
G.4.3_index_1_VS_G.1.1_index_4 [6] 
20150118,20150119,20150123,20150126,20150131,20150201,20150204,20150208,20150210,20150211,20150212,20150213,20150214,20150215 
Number is 23 
G.6.1_index_2_VS_G.3.4_index_2 [7] 
20150118,20150121,20150123,20150124,20150126,20150131,20150202,20150203,20150206,20150208,20150209,20150210,20150211,20150212,20150213,20150214,20150215 
Number is 28 
G.3.5_index_5_VS_G.6.3_index_2 [8] 
20150117,20150118,20150121,20150123,20150127,20150128,20150129,20150130,20150131,20150201,20150203,20150209,20150210,20150211,20150212,20150213,20150214,20150215 
Number is 32 
G.DB_index_4_VS_G.6.1_index_2 [9] 
20150116,20150117,20150126,20150130,20150205,20150206,20150208,20150210,20150211,20150212,20150213,20150214,20150215 
Number is 33 
G.4.4_index_1_VS_G.5.4_index_4 [10] 
20150115,20150117,20150120,20150124,20150129,20150201,20150203,20150204,20150205,20150206,20150208,20150209,20150210,20150211,20150212,20150213,20150214,20150215 
G.3.1_index_3_VS_G.4.4_index_1 [11] 
20150115,20150119,20150120,20150121,20150128,20150130,20150131,20150201,20150202,20150208,20150210,20150211,20150212,20150213,20150214,20150215 
Number is 34 
G.7.1_index_1_VS_G.1.1_index_2 [12] 
20150118,20150122,20150123,20150125,20150129,20150130,20150131,20150202,20150205,20150206,20150207,20150209,20150210,20150211,20150212,20150213,20150214,20150215 
Number is 38 
G.DB_index_4_VS_G.2.2_index_5 [13] 
20150115,20150116,20150117,20150118,20150124,20150125,20150131,20150206,20150209,20150210,20150211,20150212,20150213,20150214,20150215 
Number is 40 
G.5.4_index_2_VS_G.2.1_index_4 [14] 
20150118,20150119,20150121,20150124,20150125,20150126,20150131,20150202,20150203,20150206,20150208,20150210,20150211,20150212,20150213,20150214,20150215 
Number is 43 
G.2.2_index_3_VS_G.4.2_index_2 [15] 
20150116,20150118,20150123,20150124,20150127,20150129,20150203,20150204,20150210,20150211,20150212,20150213,20150214,20150215 
Number is 44 
G.2.1_index_1_VS_G.3.2_index_3 [16] 
20150117,20150118,20150119,20150121,20150122,20150123,20150124,20150126,20150127,20150130,20150131,20150201,20150206,20150208,20150209,20150210,20150211,20150212,20150213,20150214,20150215 
Number is 46 
G.2.2_index_3_VS_G.3.3_index_3 [17] 
20150115,20150116,20150117,20150119,20150121,20150125,20150128,20150131,20150201,20150203,20150208,20150209,20150210,20150211,20150212,20150213,20150214,20150215 
Number is 54 
G.6.2_index_1_VS_G.3.2_index_3 [18] 
20150117,20150118,20150121,20150122,20150123,20150124,20150125,20150126,20150128,20150205,20150206,20150208,20150210,20150211,20150212,20150213,20150214,20150215 
Number is 64 
G.3.2_index_4_VS_G.6.1_index_3 [19] 
20150117,20150120,20150121,20150122,20150124,20150125,20150128,20150131,20150202,20150204,20150208,20150210,20150211,20150212,20150213,20150214,20150215 
Number is 71 
G.2.1_index_2_VS_G.6.1_index_1 [20] 
20150116,20150119,20150121,20150124,20150127,20150204,20150207,20150210,20150211,20150212,20150213,20150214,20150215 
Number is 78 
G.2.1_index_2_VS_G.6.3_index_2 [21] 
20150115,20150116,20150117,20150126,20150128,20150131,20150201,20150203,20150206,20150208,20150210,20150211,20150212,20150213,20150214,20150215 
Number is 84 
G.3.6_index_4_VS_G.3.2_index_3 [22] 
20150115,20150118,20150119,20150121,20150122,20150124,20150128,20150130,20150210,20150211,20150212,20150213,20150214,20150215 
Number is 88 
G.5.5_index_4_VS_G.3.6_index_5 [23] PLUS 1 
20150117,20150120,20150121,20150122,20150129,20150130,20150131,20150201,20150203,20150204,20150206,20150207,20150208,20150210,20150211,20150212,20150213,20150214,20150215,20150216 
Number is 93 
G.2.2_index_1_VS_G.4.2_index_2 [24] PLUS 1 
20150115,20150116,20150118,20150119,20150123,20150127,20150128,20150130,20150131,20150201,20150208,20150210,20150211,20150212,20150213,20150214,20150215,20150216 
