======== Current: 20150217 ========= 
Number is 01 
G.2.2_index_1_VS_G.DB_index_5 [1] 
20150115,20150117,20150126,20150128,20150131,20150201,20150205,20150209,20150211,20150212,20150213,20150214,20150215,20150216 
Number is 03 
G.2.2_index_1_VS_G.4.2_index_2 [2] 
20150115,20150116,20150118,20150119,20150123,20150127,20150128,20150130,20150131,20150201,20150208,20150210,20150211,20150212,20150213,20150214,20150215,20150216 
Number is 20 
G.1.1_index_4_VS_G.3.4_index_5 [3] 
20150120,20150123,20150127,20150131,20150201,20150204,20150205,20150209,20150211,20150212,20150213,20150214,20150215,20150216 
G.1.1_index_4_VS_G.1.1_index_1 [4] 
20150116,20150120,20150123,20150128,20150131,20150205,20150208,20150211,20150212,20150213,20150214,20150215,20150216 
G.5.5_index_4_VS_G.3.6_index_5 [5] 
20150117,20150120,20150121,20150122,20150129,20150130,20150131,20150201,20150203,20150204,20150206,20150207,20150208,20150210,20150211,20150212,20150213,20150214,20150215,20150216 
Number is 22 
G.4.4_index_3_VS_G.3.3_index_1 [6] 
20150115,20150116,20150119,20150120,20150123,20150124,20150125,20150127,20150129,20150130,20150131,20150201,20150203,20150204,20150206,20150208,20150211,20150212,20150213,20150214,20150215,20150216 
Number is 25 
G.DB_index_1_VS_G.5.2_index_1 [7] 
20150115,20150116,20150117,20150119,20150121,20150122,20150123,20150124,20150126,20150128,20150204,20150207,20150209,20150211,20150212,20150213,20150214,20150215,20150216 
Number is 29 
G.5.4_index_4_VS_G.2.1_index_4 [8] 
20150116,20150117,20150119,20150123,20150124,20150125,20150126,20150127,20150129,20150130,20150131,20150207,20150211,20150212,20150213,20150214,20150215,20150216 
Number is 31 
G.5.4_index_1_VS_G.5.1_index_2 [9] 
20150115,20150118,20150120,20150121,20150123,20150125,20150127,20150128,20150130,20150201,20150204,20150205,20150206,20150207,20150211,20150212,20150213,20150214,20150215,20150216 
Number is 36 
G.5.2_index_3_VS_G.1.1_index_2 [10] 
20150116,20150126,20150131,20150201,20150205,20150208,20150210,20150211,20150212,20150213,20150214,20150215,20150216 
Number is 39 
G.5.4_index_1_VS_G.5.6_index_1 [11] 
20150115,20150116,20150120,20150121,20150123,20150124,20150127,20150130,20150131,20150207,20150209,20150211,20150212,20150213,20150214,20150215,20150216 
Number is 58 
G.7.4_index_1_VS_G.5.6_index_4 [12] 
20150117,20150120,20150123,20150124,20150128,20150130,20150131,20150202,20150205,20150206,20150208,20150209,20150211,20150212,20150213,20150214,20150215,20150216 
Number is 64 
G.1.1_index_2_VS_G.2.1_index_3 [13] 
20150116,20150117,20150120,20150123,20150124,20150128,20150129,20150204,20150207,20150209,20150211,20150212,20150213,20150214,20150215,20150216 
G.3.4_index_3_VS_G.2.2_index_3 [14] 
20150115,20150121,20150124,20150125,20150126,20150129,20150201,20150202,20150208,20150211,20150212,20150213,20150214,20150215,20150216 
Number is 67 
G.3.1_index_2_VS_G.7.1_index_2 [15] 
20150116,20150119,20150120,20150121,20150124,20150126,20150127,20150128,20150129,20150130,20150131,20150204,20150207,20150208,20150209,20150211,20150212,20150213,20150214,20150215,20150216 
Number is 71 
G.4.3_index_2_VS_G.3.2_index_1 [16] 
20150118,20150120,20150121,20150128,20150130,20150131,20150206,20150208,20150209,20150211,20150212,20150213,20150214,20150215,20150216 
G.5.4_index_3_VS_G.3.2_index_3 [17] 
20150115,20150117,20150118,20150120,20150123,20150126,20150129,20150130,20150131,20150201,20150205,20150206,20150208,20150209,20150211,20150212,20150213,20150214,20150215,20150216 
Number is 72 
G.3.1_index_1_VS_G.5.4_index_4 [18] 
20150116,20150122,20150129,20150201,20150203,20150204,20150207,20150210,20150211,20150212,20150213,20150214,20150215,20150216 
Number is 88 
G.4.2_index_4_VS_G.3.6_index_4 [19] 
20150119,20150120,20150121,20150122,20150125,20150126,20150129,20150130,20150201,20150209,20150210,20150211,20150212,20150213,20150214,20150215,20150216 
