======== Current: 20131203 ========= 
Number is 00 
G.5.6_index_1_VS_G.2.2_index_5 [1] PLUS 1 
20131118,20131120,20131121,20131122,20131123,20131127,20131128,20131129,20131130,20131201,20131202,20131203 
Number is 04 
G.3.3_index_1_VS_G.3.3_index_5 [2] 
20131119,20131121,20131122,20131123,20131124,20131125,20131127,20131128,20131129,20131130,20131201,20131202 
Number is 08 
G.3.5_index_5_VS_G.6.3_index_2 [3] 
20131115,20131119,20131120,20131122,20131123,20131126,20131127,20131128,20131129,20131130,20131201,20131202 
Number is 28 
G.2.1_index_5_VS_G.3.6_index_2 [4] 
20131117,20131119,20131120,20131123,20131124,20131125,20131127,20131128,20131129,20131130,20131201,20131202 
Number is 29 
G.2.1_index_5_VS_G.4.2_index_4 [5] 
20131116,20131120,20131122,20131124,20131127,20131128,20131129,20131130,20131201,20131202 
Number is 34 
G.3.4_index_2_VS_G.1.1_index_1 [6] 
20131116,20131118,20131122,20131125,20131126,20131127,20131128,20131129,20131130,20131201,20131202 
Number is 36 
G.2.1_index_2_VS_G.1.1_index_4 [7] 
20131116,20131117,20131119,20131122,20131125,20131127,20131128,20131129,20131130,20131201,20131202 
Number is 38 
G.3.4_index_2_VS_G.6.3_index_2 [8] 
20131116,20131120,20131122,20131126,20131127,20131128,20131129,20131130,20131201,20131202 
G.4.1_index_4_VS_G.3.2_index_3 [9] 
20131119,20131120,20131124,20131126,20131127,20131128,20131129,20131130,20131201,20131202 
Number is 41 
G.3.4_index_5_VS_G.6.2_index_1 [10] PLUS 1 
20131120,20131122,20131123,20131127,20131128,20131129,20131130,20131201,20131202,20131203 
Number is 42 
G.3.1_index_3_VS_G.2.1_index_5 [11] 
20131115,20131121,20131124,20131126,20131127,20131128,20131129,20131130,20131201,20131202 
Number is 48 
G.5.2_index_2_VS_G.4.3_index_1 [12] 
20131116,20131117,20131120,20131121,20131123,20131124,20131125,20131126,20131127,20131128,20131129,20131130,20131201,20131202 
Number is 50 
G.2.1_index_1_VS_G.2.2_index_5 [13] PLUS 1 
20131118,20131120,20131121,20131123,20131127,20131128,20131129,20131130,20131201,20131202,20131203 
Number is 65 
G.DB_index_3_VS_G.5.5_index_4 [14] PLUS 1 
20131117,20131119,20131120,20131123,20131125,20131126,20131127,20131128,20131129,20131130,20131201,20131202,20131203 
Number is 66 
G.1.1_index_3_VS_G.DB_index_5 [15] 
20131117,20131127,20131128,20131129,20131130,20131201,20131202 
Number is 68 
G.DB_index_5_VS_G.6.1_index_1 [16] 
20131115,20131117,20131118,20131119,20131122,20131123,20131124,20131127,20131128,20131129,20131130,20131201,20131202 
Number is 69 
G.DB_index_5_VS_G.6.1_index_3 [17] PLUS 1 
20131117,20131124,20131125,20131127,20131128,20131129,20131130,20131201,20131202,20131203 
Number is 77 
G.DB_index_4_VS_G.5.6_index_4 [18] 
20131118,20131119,20131120,20131121,20131124,20131125,20131127,20131128,20131129,20131130,20131201,20131202 
Number is 78 
G.3.2_index_2_VS_G.3.2_index_3 [19] PLUS 1 
20131118,20131119,20131121,20131125,20131127,20131128,20131129,20131130,20131201,20131202,20131203 
Number is 91 
G.3.3_index_3_VS_G.6.2_index_1 [20] 
20131115,20131117,20131118,20131121,20131127,20131128,20131129,20131130,20131201,20131202 
Number is 95 
G.4.4_index_1_VS_G.5.5_index_4 [21] 
20131118,20131124,20131126,20131127,20131128,20131129,20131130,20131201,20131202 
Number is 98 
G.1.1_index_2_VS_G.3.5_index_1 [22] PLUS 1 
20131118,20131124,20131126,20131127,20131128,20131129,20131130,20131201,20131202,20131203 
