======== Current: 20131204 ========= 
Number is 00 
G.DB_index_3_VS_G.5.5_index_4 [1] 
20131117,20131119,20131120,20131123,20131125,20131126,20131127,20131128,20131129,20131130,20131201,20131202,20131203 
Number is 08 
G.5.6_index_1_VS_G.2.2_index_5 [2] 
20131118,20131120,20131121,20131122,20131123,20131127,20131128,20131129,20131130,20131201,20131202,20131203 
Number is 19 
G.3.2_index_2_VS_G.3.2_index_3 [3] 
20131118,20131119,20131121,20131125,20131127,20131128,20131129,20131130,20131201,20131202,20131203 
Number is 24 
G.3.6_index_1_VS_G.5.4_index_4 [4] PLUS 1 
20131116,20131117,20131118,20131123,20131128,20131129,20131130,20131201,20131202,20131203,20131204 
Number is 40 
G.3.4_index_5_VS_G.6.2_index_1 [5] 
20131120,20131122,20131123,20131127,20131128,20131129,20131130,20131201,20131202,20131203 
Number is 50 
G.5.4_index_3_VS_G.6.2_index_1 [6] 
20131115,20131120,20131128,20131129,20131130,20131201,20131202,20131203 
Number is 57 
G.DB_index_5_VS_G.6.1_index_3 [7] 
20131117,20131124,20131125,20131127,20131128,20131129,20131130,20131201,20131202,20131203 
Number is 59 
G.5.1_index_1_VS_G.3.3_index_2 [8] 
20131115,20131120,20131121,20131122,20131123,20131124,20131125,20131126,20131128,20131129,20131130,20131201,20131202,20131203 
Number is 71 
G.5.4_index_2_VS_G.3.2_index_2 [9] 
20131115,20131119,20131123,20131125,20131128,20131129,20131130,20131201,20131202,20131203 
Number is 76 
G.3.2_index_4_VS_G.4.4_index_1 [10] 
20131115,20131118,20131119,20131122,20131123,20131126,20131128,20131129,20131130,20131201,20131202,20131203 
Number is 77 
G.6.2_index_3_VS_G.5.3_index_3 [11] 
20131115,20131117,20131119,20131121,20131122,20131125,20131128,20131129,20131130,20131201,20131202,20131203 
Number is 80 
G.1.1_index_2_VS_G.3.5_index_1 [12] 
20131118,20131124,20131126,20131127,20131128,20131129,20131130,20131201,20131202,20131203 
Number is 81 
G.3.3_index_5_VS_G.7.1_index_2 [13] PLUS 1 
20131119,20131121,20131123,20131124,20131128,20131129,20131130,20131201,20131202,20131203,20131204 
Number is 97 
G.4.2_index_2_VS_G.3.1_index_3 [14] PLUS 1 
20131115,20131120,20131128,20131129,20131130,20131201,20131202,20131203,20131204 
Number is 98 
G.2.1_index_1_VS_G.2.2_index_5 [15] 
20131118,20131120,20131121,20131123,20131127,20131128,20131129,20131130,20131201,20131202,20131203 
