======== Current: 20131207 ========= 
Number is 04 
G.1.1_index_5_VS_G.DB_index_5 [1] PLUS 1 
20131120,20131122,20131123,20131125,20131127,20131129,20131201,20131202,20131203,20131204,20131205,20131206,20131207,20131209 
Number is 06 
G.4.4_index_3_VS_G.5.5_index_3 [2] PLUS 1 
20131116,20131120,20131122,20131123,20131124,20131129,20131130,20131201,20131202,20131203,20131204,20131205,20131206,20131207,20131208,20131209 
Number is 07 
G.4.4_index_3_VS_G.3.3_index_1 [3] PLUS 1 
20131115,20131116,20131119,20131120,20131123,20131129,20131201,20131202,20131203,20131204,20131205,20131206,20131207 
Number is 13 
G.4.2_index_1_VS_G.6.2_index_2 [4] PLUS 1 
20131116,20131118,20131120,20131121,20131122,20131124,20131127,20131201,20131202,20131203,20131204,20131205,20131206,20131207,20131208,20131209 
Number is 24 
G.3.6_index_3_VS_G.7.1_index_2 [5] PLUS 1 
20131115,20131117,20131118,20131120,20131122,20131123,20131125,20131126,20131129,20131201,20131202,20131203,20131204,20131205,20131206,20131207,20131208 
Number is 26 
G.3.6_index_3_VS_G.DB_index_1 [6] 
20131120,20131125,20131201,20131202,20131203,20131204,20131205,20131206 
Number is 31 
G.5.2_index_1_VS_G.7.3_index_2 [7] PLUS 1 
20131116,20131117,20131119,20131120,20131121,20131126,20131127,20131129,20131201,20131202,20131203,20131204,20131205,20131206,20131207 
Number is 32 
G.5.4_index_3_VS_G.3.5_index_4 [8] PLUS 1 
20131116,20131117,20131118,20131124,20131127,20131201,20131202,20131203,20131204,20131205,20131206,20131207,20131208 
Number is 35 
G.5.2_index_1_VS_G.3.6_index_5 [9] PLUS 1 
20131116,20131117,20131118,20131119,20131123,20131125,20131130,20131201,20131202,20131203,20131204,20131205,20131206,20131207,20131209 
Number is 38 
G.4.1_index_2_VS_G.3.5_index_1 [10] 
20131120,20131125,20131126,20131127,20131128,20131201,20131202,20131203,20131204,20131205,20131206,20131209 
Number is 42 
G.1.1_index_4_VS_G.5.3_index_4 [11] PLUS 1 
20131116,20131119,20131121,20131122,20131125,20131129,20131130,20131201,20131202,20131203,20131204,20131205,20131206,20131207,20131209 
Number is 47 
G.6.3_index_1_VS_G.7.2_index_2 [12] PLUS 1 
20131115,20131117,20131119,20131120,20131122,20131127,20131201,20131202,20131203,20131204,20131205,20131206,20131207,20131208 
Number is 49 
G.1.1_index_4_VS_G.1.1_index_1 [13] PLUS 1 
20131116,20131125,20131128,20131201,20131202,20131203,20131204,20131205,20131206,20131207 
Number is 50 
G.3.4_index_2_VS_G.4.4_index_3 [14] 
20131116,20131119,20131120,20131126,20131127,20131201,20131202,20131203,20131204,20131205,20131206 
Number is 53 
G.3.4_index_2_VS_G.5.6_index_4 [15] PLUS 1 
20131117,20131118,20131120,20131125,20131126,20131127,20131201,20131202,20131203,20131204,20131205,20131206,20131207 
Number is 55 
G.3.4_index_2_VS_G.3.6_index_5 [16] 
20131117,20131120,20131125,20131127,20131130,20131201,20131202,20131203,20131204,20131205,20131206,20131208 
G.3.4_index_2_VS_G.3.5_index_5 [17] 
20131115,20131119,20131120,20131125,20131128,20131201,20131202,20131203,20131204,20131205,20131206 
Number is 56 
G.3.5_index_5_VS_G.6.1_index_3 [18] PLUS 1 
20131116,20131118,20131119,20131120,20131121,20131124,20131127,20131130,20131201,20131202,20131203,20131204,20131205,20131206,20131207 
Number is 59 
G.3.4_index_4_VS_G.2.1_index_3 [19] 
20131118,20131119,20131120,20131121,20131124,20131126,20131128,20131130,20131201,20131202,20131203,20131204,20131205,20131206 
Number is 61 
G.6.1_index_3_VS_G.3.6_index_1 [20] PLUS 1 
20131116,20131118,20131119,20131123,20131125,20131127,20131128,20131130,20131201,20131202,20131203,20131204,20131205,20131206,20131207 
Number is 62 
G.5.6_index_1_VS_G.3.1_index_5 [21] 
20131115,20131122,20131125,20131127,20131129,20131130,20131201,20131202,20131203,20131204,20131205,20131206,20131208 
Number is 69 
G.6.3_index_2_VS_G.4.3_index_3 [22] 
20131115,20131119,20131121,20131122,20131124,20131125,20131130,20131201,20131202,20131203,20131204,20131205,20131206 
Number is 75 
G.3.3_index_1_VS_G.3.3_index_3 [23] 
20131118,20131119,20131127,20131128,20131201,20131202,20131203,20131204,20131205,20131206 
Number is 83 
G.2.1_index_1_VS_G.3.5_index_2 [24] 
20131115,20131118,20131122,20131125,20131129,20131130,20131201,20131202,20131203,20131204,20131205,20131206,20131208 
Number is 92 
G.3.1_index_1_VS_G.5.3_index_3 [25] 
20131117,20131118,20131119,20131120,20131126,20131129,20131201,20131202,20131203,20131204,20131205,20131206,20131209 
Number is 94 
G.2.1_index_3_VS_G.DB_index_5 [26] PLUS 1 
20131117,20131118,20131119,20131120,20131122,20131201,20131202,20131203,20131204,20131205,20131206,20131207 
Number is 96 
G.5.3_index_2_VS_G.5.6_index_1 [27] 
20131118,20131130,20131201,20131202,20131203,20131204,20131205,20131206,20131209 
Number is 97 
G.5.1_index_2_VS_G.7.4_index_1 [28] 
20131117,20131120,20131121,20131124,20131125,20131129,20131201,20131202,20131203,20131204,20131205,20131206,20131208 
