======== Current: 20131212 ========= 
Number is 08 
G.5.3_index_2_VS_G.6.3_index_3 [1] 
20131116,20131118,20131125,20131126,20131128,20131201,20131202,20131206,20131207,20131208,20131209,20131210,20131211 
Number is 09 
G.3.3_index_4_VS_G.1.1_index_2 [2] 
20131115,20131117,20131120,20131121,20131124,20131126,20131203,20131204,20131206,20131207,20131208,20131209,20131210,20131211 
Number is 10 
G.3.4_index_2_VS_G.2.1_index_1 [3] 
20131116,20131117,20131118,20131120,20131121,20131126,20131127,20131130,20131202,20131203,20131205,20131206,20131207,20131208,20131209,20131210,20131211 
Number is 12 
G.3.5_index_1_VS_G.DB_index_2 [4] 
20131117,20131118,20131119,20131121,20131122,20131123,20131126,20131129,20131130,20131201,20131206,20131207,20131208,20131209,20131210,20131211 
Number is 14 
G.4.4_index_4_VS_G.3.1_index_1 [5] 
20131115,20131116,20131120,20131122,20131123,20131125,20131130,20131203,20131206,20131207,20131208,20131209,20131210,20131211 
Number is 15 
G.3.5_index_1_VS_G.4.2_index_1 [6] 
20131115,20131124,20131125,20131126,20131129,20131201,20131203,20131204,20131206,20131207,20131208,20131209,20131210,20131211 
Number is 17 
G.2.1_index_2_VS_G.4.3_index_1 [7] 
20131115,20131117,20131122,20131126,20131127,20131129,20131201,20131206,20131207,20131208,20131209,20131210,20131211 
Number is 18 
G.2.2_index_1_VS_G.5.5_index_3 [8] PLUS 1 
20131115,20131120,20131121,20131122,20131123,20131125,20131126,20131127,20131201,20131206,20131207,20131208,20131209,20131210,20131211,20131212 
Number is 24 
G.5.1_index_4_VS_G.3.1_index_3 [9] PLUS 1 
20131121,20131124,20131127,20131202,20131204,20131206,20131207,20131208,20131209,20131210,20131211,20131212 
Number is 25 
G.DB_index_1_VS_G.3.5_index_2 [10] PLUS 1 
20131116,20131117,20131120,20131121,20131122,20131123,20131201,20131204,20131206,20131207,20131208,20131209,20131210,20131211,20131212 
Number is 35 
G.4.1_index_4_VS_G.3.5_index_2 [11] 
20131115,20131119,20131120,20131122,20131124,20131125,20131129,20131130,20131204,20131206,20131207,20131208,20131209,20131210,20131211 
Number is 45 
G.3.1_index_1_VS_G.7.1_index_2 [12] PLUS 1 
20131115,20131118,20131120,20131127,20131128,20131202,20131203,20131206,20131207,20131208,20131209,20131210,20131211,20131212 
Number is 48 
G.7.4_index_2_VS_G.5.6_index_1 [13] 
20131118,20131126,20131128,20131129,20131130,20131201,20131202,20131206,20131207,20131208,20131209,20131210,20131211 
Number is 54 
G.3.5_index_2_VS_G.5.6_index_2 [14] PLUS 1 
20131115,20131119,20131121,20131122,20131125,20131129,20131204,20131206,20131207,20131208,20131209,20131210,20131211,20131212 
Number is 57 
G.5.2_index_2_VS_G.4.2_index_2 [15] 
20131116,20131118,20131124,20131125,20131126,20131127,20131129,20131130,20131202,20131203,20131206,20131207,20131208,20131209,20131210,20131211 
Number is 68 
G.5.5_index_4_VS_G.2.1_index_3 [16] 
20131115,20131118,20131119,20131120,20131124,20131125,20131129,20131201,20131204,20131206,20131207,20131208,20131209,20131210,20131211 
G.5.2_index_1_VS_G.5.4_index_4 [17] 
20131116,20131117,20131119,20131120,20131121,20131122,20131126,20131129,20131130,20131201,20131203,20131204,20131205,20131206,20131207,20131208,20131209,20131210,20131211 
Number is 81 
G.6.3_index_3_VS_G.3.1_index_4 [18] PLUS 1 
20131116,20131117,20131122,20131123,20131124,20131126,20131127,20131128,20131129,20131202,20131205,20131206,20131207,20131208,20131209,20131210,20131211,20131212 
Number is 84 
G.6.3_index_3_VS_G.4.4_index_2 [19] 
20131118,20131123,20131124,20131127,20131129,20131202,20131206,20131207,20131208,20131209,20131210,20131211 
G.5.5_index_3_VS_G.7.4_index_2 [20] 
20131115,20131116,20131118,20131120,20131124,20131127,20131129,20131201,20131206,20131207,20131208,20131209,20131210,20131211 
