======== Current: 20131218 ========= 
Number is 01 
G.3.5_index_3_VS_G.7.4_index_2 [1] 
20131115,20131117,20131120,20131127,20131201,20131203,20131205,20131211,20131212,20131213,20131214,20131215,20131216,20131217 
G.5.6_index_3_VS_G.4.3_index_4 [2] 
20131115,20131116,20131119,20131121,20131123,20131124,20131125,20131127,20131128,20131203,20131212,20131213,20131214,20131215,20131216,20131217 
Number is 07 
G.5.5_index_4_VS_G.5.2_index_1 [3] 
20131116,20131119,20131122,20131123,20131127,20131129,20131130,20131202,20131208,20131211,20131212,20131213,20131214,20131215,20131216,20131217 
Number is 13 
G.7.4_index_2_VS_G.5.2_index_4 [4] 
20131116,20131117,20131118,20131120,20131121,20131122,20131123,20131125,20131129,20131205,20131211,20131212,20131213,20131214,20131215,20131216,20131217 
Number is 15 
G.5.2_index_2_VS_G.3.6_index_3 [5] 
20131124,20131125,20131129,20131130,20131202,20131206,20131207,20131208,20131209,20131211,20131212,20131213,20131214,20131215,20131216,20131217 
Number is 16 
G.4.3_index_2_VS_G.2.2_index_5 [6] 
20131117,20131118,20131120,20131122,20131124,20131125,20131127,20131201,20131202,20131209,20131210,20131212,20131213,20131214,20131215,20131216,20131217 
Number is 21 
G.2.1_index_4_VS_G.7.3_index_2 [7] 
20131119,20131121,20131125,20131127,20131205,20131206,20131209,20131212,20131213,20131214,20131215,20131216,20131217 
G.3.2_index_2_VS_G.7.2_index_1 [8] 
20131116,20131117,20131118,20131119,20131125,20131127,20131128,20131129,20131201,20131204,20131208,20131211,20131212,20131213,20131214,20131215,20131216,20131217 
Number is 30 
G.3.4_index_3_VS_G.5.5_index_4 [9] 
20131115,20131118,20131123,20131125,20131126,20131127,20131128,20131130,20131201,20131203,20131206,20131210,20131211,20131212,20131213,20131214,20131215,20131216,20131217 
Number is 31 
G.DB_index_2_VS_G.7.4_index_2 [10] 
20131116,20131117,20131118,20131120,20131122,20131123,20131124,20131125,20131127,20131128,20131129,20131201,20131206,20131209,20131212,20131213,20131214,20131215,20131216,20131217 
Number is 32 
G.2.1_index_2_VS_G.3.2_index_2 [11] 
20131117,20131122,20131124,20131125,20131127,20131201,20131203,20131205,20131209,20131212,20131213,20131214,20131215,20131216,20131217 
Number is 35 
G.5.2_index_4_VS_G.3.5_index_5 [12] 
20131116,20131117,20131119,20131120,20131122,20131128,20131202,20131204,20131207,20131208,20131212,20131213,20131214,20131215,20131216,20131217 
Number is 36 
G.5.2_index_4_VS_G.2.2_index_5 [13] 
20131115,20131117,20131118,20131119,20131120,20131121,20131123,20131124,20131126,20131127,20131204,20131205,20131206,20131208,20131212,20131213,20131214,20131215,20131216,20131217 
Number is 51 
G.DB_index_1_VS_G.5.2_index_2 [14] 
20131120,20131121,20131124,20131127,20131129,20131130,20131201,20131205,20131207,20131209,20131211,20131212,20131213,20131214,20131215,20131216,20131217 
Number is 67 
G.6.3_index_2_VS_G.3.6_index_5 [15] 
20131116,20131117,20131118,20131122,20131124,20131127,20131129,20131201,20131207,20131209,20131210,20131212,20131213,20131214,20131215,20131216,20131217 
Number is 69 
G.6.3_index_1_VS_G.4.3_index_3 [16] 
20131115,20131116,20131117,20131120,20131121,20131123,20131124,20131127,20131129,20131202,20131205,20131207,20131208,20131210,20131212,20131213,20131214,20131215,20131216,20131217 
Number is 71 
G.3.6_index_5_VS_G.1.1_index_1 [17] 
20131120,20131123,20131201,20131202,20131205,20131206,20131208,20131211,20131212,20131213,20131214,20131215,20131216,20131217 
Number is 77 
G.3.5_index_2_VS_G.5.2_index_1 [18] 
20131115,20131116,20131119,20131120,20131122,20131123,20131125,20131129,20131130,20131201,20131203,20131207,20131208,20131209,20131211,20131212,20131213,20131214,20131215,20131216,20131217 
Number is 88 
G.2.2_index_3_VS_G.2.2_index_3 [19] 
20131125,20131130,20131201,20131205,20131206,20131212,20131213,20131214,20131215,20131216,20131217 
Number is 91 
G.4.3_index_3_VS_G.3.1_index_1 [20] 
20131115,20131116,20131118,20131119,20131120,20131123,20131124,20131126,20131127,20131128,20131130,20131202,20131204,20131208,20131210,20131211,20131212,20131213,20131214,20131215,20131216,20131217 
