======== Current: 20131220 ========= 
Number is 11 
G.5.2_index_4_VS_G.3.1_index_5 [1] 
20131117,20131121,20131123,20131124,20131125,20131126,20131127,20131210,20131212,20131214,20131215,20131216,20131217,20131218,20131219 
G.5.2_index_4_VS_G.DB_index_1 [2] 
20131119,20131123,20131125,20131127,20131129,20131203,20131207,20131213,20131214,20131215,20131216,20131217,20131218,20131219,20131221 
Number is 14 
G.5.2_index_4_VS_G.3.5_index_5 [3] PLUS 1 
20131116,20131117,20131119,20131120,20131122,20131128,20131202,20131204,20131207,20131208,20131212,20131213,20131214,20131215,20131216,20131217,20131218,20131219,20131220 
Number is 15 
G.DB_index_1_VS_G.5.5_index_3 [4] 
20131115,20131116,20131125,20131126,20131130,20131203,20131205,20131206,20131209,20131210,20131214,20131215,20131216,20131217,20131218,20131219,20131221 
Number is 26 
G.2.2_index_5_VS_G.2.1_index_4 [5] 
20131116,20131118,20131119,20131120,20131121,20131124,20131126,20131127,20131128,20131129,20131204,20131205,20131207,20131212,20131214,20131215,20131216,20131217,20131218,20131219,20131221 
Number is 32 
G.4.3_index_2_VS_G.2.2_index_5 [6] 
20131117,20131118,20131120,20131122,20131124,20131125,20131127,20131201,20131202,20131209,20131210,20131212,20131213,20131214,20131215,20131216,20131217,20131218,20131219 
Number is 34 
G.5.3_index_1_VS_G.4.2_index_2 [7] PLUS 1 
20131115,20131120,20131122,20131129,20131203,20131207,20131209,20131213,20131214,20131215,20131216,20131217,20131218,20131219,20131220 
Number is 36 
G.2.2_index_2_VS_G.2.1_index_4 [8] 
20131116,20131119,20131124,20131125,20131127,20131203,20131204,20131205,20131210,20131211,20131214,20131215,20131216,20131217,20131218,20131219,20131221 
Number is 46 
G.7.2_index_1_VS_G.5.2_index_2 [9] 
20131115,20131118,20131119,20131124,20131129,20131205,20131207,20131208,20131209,20131211,20131212,20131214,20131215,20131216,20131217,20131218,20131219,20131221 
Number is 54 
G.5.5_index_3_VS_G.6.2_index_1 [10] 
20131119,20131120,20131121,20131122,20131125,20131127,20131128,20131129,20131201,20131208,20131209,20131210,20131211,20131214,20131215,20131216,20131217,20131218,20131219,20131221 
Number is 61 
G.3.3_index_1_VS_G.3.1_index_5 [11] 
20131116,20131119,20131120,20131122,20131124,20131129,20131203,20131206,20131208,20131210,20131213,20131214,20131215,20131216,20131217,20131218,20131219,20131221 
Number is 65 
G.2.1_index_4_VS_G.4.4_index_4 [12] 
20131121,20131125,20131130,20131204,20131205,20131206,20131207,20131208,20131214,20131215,20131216,20131217,20131218,20131219 
Number is 68 
G.2.1_index_4_VS_G.DB_index_5 [13] PLUS 1 
20131119,20131121,20131128,20131130,20131202,20131205,20131207,20131212,20131214,20131215,20131216,20131217,20131218,20131219,20131220,20131221 
G.3.3_index_1_VS_G.3.6_index_2 [14] PLUS 1 
20131116,20131117,20131119,20131120,20131121,20131125,20131127,20131129,20131201,20131206,20131209,20131210,20131214,20131215,20131216,20131217,20131218,20131219,20131220 
Number is 71 
G.3.6_index_5_VS_G.5.2_index_4 [15] 
20131118,20131121,20131126,20131127,20131130,20131202,20131204,20131207,20131210,20131213,20131214,20131215,20131216,20131217,20131218,20131219 
Number is 72 
G.DB_index_4_VS_G.5.6_index_4 [16] 
20131118,20131119,20131120,20131121,20131124,20131125,20131127,20131128,20131129,20131130,20131201,20131202,20131204,20131206,20131207,20131208,20131209,20131214,20131215,20131216,20131217,20131218,20131219 
Number is 74 
G.5.2_index_1_VS_G.2.1_index_2 [17] PLUS 1 
20131117,20131119,20131122,20131127,20131128,20131201,20131203,20131206,20131208,20131209,20131214,20131215,20131216,20131217,20131218,20131219,20131220 
Number is 76 
G.7.2_index_2_VS_G.7.4_index_2 [18] PLUS 1 
20131118,20131119,20131120,20131123,20131126,20131201,20131202,20131205,20131206,20131208,20131209,20131214,20131215,20131216,20131217,20131218,20131219,20131220 
Number is 85 
G.6.1_index_3_VS_G.1.1_index_3 [19] PLUS 1 
20131115,20131117,20131118,20131124,20131125,20131127,20131130,20131201,20131203,20131210,20131213,20131214,20131215,20131216,20131217,20131218,20131219,20131220 
Number is 93 
G.5.4_index_2_VS_G.4.2_index_1 [20] PLUS 1 
20131115,20131116,20131117,20131120,20131124,20131128,20131129,20131202,20131203,20131204,20131209,20131210,20131214,20131215,20131216,20131217,20131218,20131219,20131220 
Number is 98 
G.3.4_index_4_VS_G.7.3_index_2 [21] 
20131115,20131120,20131123,20131124,20131125,20131127,20131129,20131205,20131207,20131214,20131215,20131216,20131217,20131218,20131219,20131221 
