======== Current: 20131222 ========= 
Number is 03 
G.3.1_index_5_VS_G.3.3_index_4 [1] 
20131116,20131117,20131121,20131123,20131129,20131210,20131215,20131216,20131217,20131218,20131219,20131220,20131221,20131223 
Number is 05 
G.3.1_index_5_VS_G.2.2_index_2 [2] PLUS 1 
20131116,20131121,20131123,20131125,20131128,20131129,20131130,20131215,20131216,20131217,20131218,20131219,20131220,20131221,20131222 
G.2.2_index_3_VS_G.DB_index_4 [3] PLUS 1 
20131115,20131116,20131119,20131120,20131122,20131123,20131124,20131125,20131128,20131203,20131204,20131205,20131206,20131215,20131216,20131217,20131218,20131219,20131220,20131221,20131222 
Number is 07 
G.3.2_index_5_VS_G.4.3_index_1 [4] 
20131117,20131121,20131124,20131127,20131204,20131206,20131215,20131216,20131217,20131218,20131219,20131220,20131221 
Number is 10 
G.5.6_index_3_VS_G.5.4_index_2 [5] 
20131115,20131119,20131122,20131125,20131126,20131127,20131201,20131202,20131204,20131208,20131209,20131210,20131211,20131213,20131215,20131216,20131217,20131218,20131219,20131220,20131221 
Number is 15 
G.2.1_index_4_VS_G.DB_index_5 [6] 
20131119,20131121,20131128,20131130,20131202,20131205,20131207,20131212,20131214,20131215,20131216,20131217,20131218,20131219,20131220,20131221,20131223 
Number is 20 
G.5.5_index_2_VS_G.3.2_index_5 [7] PLUS 1 
20131124,20131127,20131128,20131202,20131211,20131213,20131215,20131216,20131217,20131218,20131219,20131220,20131221,20131222 
Number is 28 
G.3.1_index_1_VS_G.6.3_index_1 [8] 
20131117,20131119,20131120,20131121,20131126,20131207,20131208,20131210,20131211,20131214,20131216,20131217,20131218,20131219,20131220,20131221 
Number is 30 
G.5.1_index_4_VS_G.3.2_index_5 [9] 
20131116,20131117,20131119,20131121,20131122,20131124,20131202,20131210,20131215,20131216,20131217,20131218,20131219,20131220,20131221 
Number is 47 
G.5.6_index_1_VS_G.2.2_index_1 [10] 
20131115,20131119,20131121,20131122,20131123,20131125,20131126,20131127,20131130,20131201,20131203,20131206,20131207,20131208,20131209,20131210,20131212,20131214,20131216,20131217,20131218,20131219,20131220,20131221,20131223 
G.6.3_index_3_VS_G.4.3_index_1 [11] 
20131117,20131124,20131125,20131126,20131127,20131128,20131205,20131207,20131208,20131213,20131214,20131216,20131217,20131218,20131219,20131220,20131221,20131223 
Number is 50 
G.DB_index_5_VS_G.3.3_index_3 [12] PLUS 1 
20131117,20131121,20131127,20131129,20131130,20131201,20131203,20131205,20131207,20131208,20131212,20131216,20131217,20131218,20131219,20131220,20131221,20131222,20131223 
Number is 55 
G.5.2_index_2_VS_G.DB_index_4 [13] 
20131116,20131117,20131119,20131120,20131121,20131125,20131127,20131130,20131205,20131206,20131208,20131209,20131213,20131216,20131217,20131218,20131219,20131220,20131221 
Number is 61 
G.3.1_index_4_VS_G.DB_index_2 [14] 
20131121,20131125,20131128,20131129,20131202,20131203,20131209,20131216,20131217,20131218,20131219,20131220,20131221,20131223 
Number is 62 
G.4.3_index_2_VS_G.4.2_index_4 [15] PLUS 1 
20131115,20131118,20131124,20131201,20131209,20131210,20131213,20131216,20131217,20131218,20131219,20131220,20131221,20131222 
Number is 63 
G.3.1_index_4_VS_G.5.2_index_1 [16] 
20131116,20131117,20131119,20131124,20131126,20131127,20131129,20131202,20131203,20131207,20131208,20131209,20131210,20131211,20131214,20131216,20131217,20131218,20131219,20131220,20131221,20131223 
Number is 64 
G.3.1_index_4_VS_G.5.3_index_4 [17] PLUS 1 
20131117,20131119,20131121,20131124,20131127,20131128,20131129,20131130,20131202,20131203,20131204,20131205,20131206,20131208,20131214,20131216,20131217,20131218,20131219,20131220,20131221,20131222 
Number is 67 
G.3.1_index_4_VS_G.3.2_index_2 [18] PLUS 1 
20131115,20131120,20131124,20131125,20131130,20131201,20131203,20131205,20131208,20131209,20131211,20131212,20131213,20131216,20131217,20131218,20131219,20131220,20131221,20131222,20131223 
Number is 68 
G.3.5_index_2_VS_G.2.1_index_3 [19] 
20131119,20131122,20131125,20131126,20131128,20131130,20131203,20131206,20131208,20131210,20131211,20131213,20131215,20131216,20131217,20131218,20131219,20131220,20131221,20131223 
Number is 69 
G.5.4_index_1_VS_G.7.2_index_2 [20] PLUS 1 
20131115,20131118,20131121,20131125,20131127,20131128,20131129,20131203,20131204,20131205,20131206,20131208,20131209,20131216,20131217,20131218,20131219,20131220,20131221,20131222 
Number is 70 
G.6.2_index_3_VS_G.4.4_index_2 [21] 
20131115,20131117,20131118,20131120,20131128,20131129,20131130,20131201,20131206,20131213,20131216,20131217,20131218,20131219,20131220,20131221 
Number is 74 
G.3.6_index_2_VS_G.7.1_index_2 [22] 
20131118,20131120,20131121,20131123,20131126,20131127,20131128,20131129,20131130,20131207,20131208,20131215,20131216,20131217,20131218,20131219,20131220,20131221 
Number is 75 
G.3.2_index_2_VS_G.2.2_index_2 [23] PLUS 1 
20131115,20131116,20131123,20131124,20131128,20131206,20131208,20131209,20131212,20131213,20131215,20131216,20131217,20131218,20131219,20131220,20131221,20131222,20131223 
Number is 77 
G.3.2_index_2_VS_G.6.2_index_3 [24] 
20131118,20131119,20131121,20131124,20131127,20131128,20131129,20131203,20131206,20131208,20131209,20131213,20131215,20131216,20131217,20131218,20131219,20131220,20131221 
G.5.1_index_2_VS_G.3.2_index_3 [25] 
20131119,20131120,20131124,20131125,20131127,20131129,20131130,20131201,20131209,20131212,20131216,20131217,20131218,20131219,20131220,20131221 
Number is 78 
G.3.2_index_2_VS_G.4.4_index_4 [26] 
20131115,20131117,20131119,20131121,20131123,20131130,20131201,20131202,20131208,20131209,20131212,20131216,20131217,20131218,20131219,20131220,20131221,20131223 
G.5.1_index_2_VS_G.4.4_index_3 [27] 
20131115,20131117,20131120,20131122,20131123,20131128,20131129,20131130,20131201,20131203,20131204,20131205,20131207,20131208,20131214,20131216,20131217,20131218,20131219,20131220,20131221 
Number is 89 
G.4.4_index_4_VS_G.5.6_index_4 [28] 
20131116,20131117,20131119,20131120,20131123,20131127,20131128,20131129,20131201,20131206,20131213,20131214,20131216,20131217,20131218,20131219,20131220,20131221,20131223 
Number is 96 
G.7.1_index_1_VS_G.5.4_index_1 [29] PLUS 1 
20131115,20131118,20131123,20131125,20131127,20131129,20131201,20131202,20131204,20131211,20131216,20131217,20131218,20131219,20131220,20131221,20131222 
