======== Current: 20131224 ========= 
Number is 04 
G.3.3_index_4_VS_G.4.4_index_4 [1] 
20131115,20131116,20131117,20131119,20131121,20131125,20131126,20131129,20131204,20131207,20131209,20131215,20131218,20131219,20131220,20131221,20131222,20131223 
Number is 12 
G.5.6_index_1_VS_G.4.3_index_2 [2] 
20131115,20131118,20131122,20131124,20131125,20131127,20131128,20131129,20131201,20131205,20131207,20131209,20131210,20131214,20131216,20131218,20131219,20131220,20131221,20131222,20131223 
Number is 18 
G.3.6_index_4_VS_G.DB_index_1 [3] 
20131117,20131123,20131124,20131127,20131129,20131201,20131206,20131207,20131209,20131211,20131218,20131219,20131220,20131221,20131222,20131223 
G.3.6_index_4_VS_G.5.3_index_3 [4] 
20131117,20131122,20131124,20131125,20131204,20131206,20131208,20131209,20131214,20131217,20131218,20131219,20131220,20131221,20131222,20131223 
Number is 22 
G.3.3_index_1_VS_G.5.4_index_1 [5] 
20131117,20131119,20131125,20131201,20131205,20131206,20131209,20131210,20131212,20131217,20131218,20131219,20131220,20131221,20131222,20131223 
Number is 24 
G.3.1_index_4_VS_G.3.2_index_2 [6] 
20131115,20131120,20131124,20131125,20131130,20131201,20131203,20131205,20131208,20131209,20131211,20131212,20131213,20131216,20131217,20131218,20131219,20131220,20131221,20131222,20131223 
G.4.3_index_2_VS_G.5.3_index_4 [7] 
20131118,20131122,20131126,20131201,20131203,20131204,20131206,20131207,20131210,20131211,20131212,20131216,20131218,20131219,20131220,20131221,20131222,20131223 
Number is 27 
G.3.1_index_4_VS_G.3.2_index_1 [8] 
20131119,20131120,20131124,20131125,20131126,20131127,20131128,20131129,20131130,20131208,20131209,20131212,20131213,20131215,20131216,20131218,20131219,20131220,20131221,20131222,20131223 
Number is 28 
G.DB_index_5_VS_G.3.3_index_3 [9] 
20131117,20131121,20131127,20131129,20131130,20131201,20131203,20131205,20131207,20131208,20131212,20131216,20131217,20131218,20131219,20131220,20131221,20131222,20131223 
Number is 29 
G.5.4_index_1_VS_G.4.3_index_1 [10] 
20131115,20131119,20131123,20131125,20131126,20131128,20131129,20131202,20131207,20131212,20131213,20131214,20131217,20131218,20131219,20131220,20131221,20131222,20131223 
Number is 41 
G.3.3_index_5_VS_G.7.2_index_2 [11] 
20131117,20131119,20131120,20131122,20131123,20131126,20131127,20131130,20131201,20131202,20131204,20131208,20131209,20131211,20131213,20131217,20131218,20131219,20131220,20131221,20131222,20131223 
Number is 42 
G.3.2_index_2_VS_G.5.4_index_1 [12] 
20131118,20131124,20131201,20131203,20131205,20131206,20131208,20131213,20131216,20131218,20131219,20131220,20131221,20131222,20131223 
G.3.3_index_5_VS_G.DB_index_5 [13] 
20131117,20131119,20131123,20131124,20131125,20131127,20131201,20131203,20131204,20131207,20131208,20131212,20131218,20131219,20131220,20131221,20131222,20131223 
Number is 44 
G.3.3_index_5_VS_G.6.3_index_2 [14] 
20131117,20131119,20131120,20131122,20131125,20131126,20131201,20131207,20131210,20131211,20131213,20131217,20131218,20131219,20131220,20131221,20131222,20131223 
Number is 48 
G.3.2_index_2_VS_G.2.2_index_2 [15] 
20131115,20131116,20131123,20131124,20131128,20131206,20131208,20131209,20131212,20131213,20131215,20131216,20131217,20131218,20131219,20131220,20131221,20131222,20131223 
Number is 52 
G.7.3_index_2_VS_G.3.1_index_4 [16] 
20131117,20131124,20131125,20131126,20131128,20131129,20131201,20131202,20131206,20131207,20131208,20131209,20131211,20131217,20131218,20131219,20131220,20131221,20131222,20131223 
Number is 54 
G.2.1_index_4_VS_G.6.3_index_2 [17] 
20131119,20131121,20131124,20131125,20131126,20131127,20131128,20131130,20131202,20131206,20131215,20131216,20131218,20131219,20131220,20131221,20131222,20131223 
Number is 58 
G.3.1_index_1_VS_G.2.2_index_4 [18] 
20131115,20131116,20131117,20131120,20131129,20131201,20131202,20131203,20131204,20131208,20131209,20131210,20131212,20131213,20131214,20131216,20131218,20131219,20131220,20131221,20131222,20131223 
Number is 64 
G.5.3_index_1_VS_G.4.2_index_4 [19] 
20131116,20131117,20131119,20131121,20131125,20131127,20131128,20131129,20131202,20131204,20131207,20131210,20131216,20131218,20131219,20131220,20131221,20131222,20131223 
G.3.6_index_3_VS_G.5.4_index_3 [20] 
20131120,20131127,20131129,20131130,20131204,20131205,20131207,20131211,20131214,20131216,20131218,20131219,20131220,20131221,20131222,20131223 
Number is 65 
G.3.6_index_3_VS_G.5.5_index_2 [21] 
20131115,20131116,20131121,20131122,20131123,20131125,20131126,20131130,20131203,20131208,20131211,20131212,20131218,20131219,20131220,20131221,20131222,20131223 
Number is 66 
G.5.2_index_4_VS_G.5.3_index_1 [22] 
20131121,20131122,20131123,20131126,20131127,20131129,20131202,20131205,20131207,20131209,20131212,20131213,20131214,20131215,20131218,20131219,20131220,20131221,20131222,20131223 
Number is 71 
G.7.3_index_1_VS_G.7.2_index_2 [23] 
20131123,20131129,20131204,20131207,20131209,20131212,20131213,20131218,20131219,20131220,20131221,20131222,20131223 
Number is 78 
G.3.2_index_1_VS_G.2.2_index_2 [24] 
20131116,20131117,20131119,20131121,20131122,20131123,20131124,20131125,20131127,20131130,20131203,20131206,20131208,20131209,20131211,20131215,20131216,20131218,20131219,20131220,20131221,20131222,20131223 
Number is 80 
G.5.3_index_3_VS_G.5.1_index_2 [25] 
20131115,20131116,20131117,20131120,20131121,20131122,20131125,20131127,20131128,20131129,20131202,20131203,20131204,20131206,20131208,20131210,20131217,20131218,20131219,20131220,20131221,20131222,20131223 
Number is 82 
G.DB_index_1_VS_G.4.3_index_2 [26] 
20131115,20131118,20131124,20131127,20131128,20131201,20131202,20131204,20131205,20131206,20131207,20131208,20131210,20131212,20131215,20131216,20131218,20131219,20131220,20131221,20131222,20131223 
Number is 86 
G.5.2_index_1_VS_G.2.1_index_3 [27] 
20131115,20131118,20131120,20131124,20131125,20131129,20131130,20131201,20131202,20131205,20131206,20131209,20131213,20131218,20131219,20131220,20131221,20131222,20131223 
Number is 87 
G.3.5_index_2_VS_G.3.2_index_1 [28] 
20131116,20131123,20131125,20131127,20131128,20131130,20131205,20131208,20131209,20131213,20131214,20131217,20131218,20131219,20131220,20131221,20131222,20131223 
Number is 88 
G.3.1_index_2_VS_G.DB_index_1 [29] 
20131115,20131116,20131121,20131124,20131125,20131126,20131127,20131128,20131203,20131204,20131205,20131209,20131216,20131218,20131219,20131220,20131221,20131222,20131223 
Number is 94 
G.5.6_index_3_VS_G.4.2_index_4 [30] 
20131119,20131121,20131123,20131125,20131126,20131127,20131128,20131129,20131201,20131203,20131207,20131208,20131209,20131211,20131212,20131215,20131218,20131219,20131220,20131221,20131222,20131223 
Number is 98 
G.5.6_index_3_VS_G.DB_index_1 [31] 
20131115,20131116,20131117,20131119,20131122,20131123,20131125,20131126,20131128,20131201,20131203,20131205,20131211,20131217,20131218,20131219,20131220,20131221,20131222,20131223 
