======== Current: 20131227 ========= 
Number is 00 
G.1.1_index_5_VS_G.DB_index_2 [1] 
20131115,20131117,20131119,20131120,20131121,20131122,20131123,20131124,20131201,20131205,20131207,20131209,20131211,20131212,20131217,20131218,20131220,20131221,20131222,20131223,20131224,20131225,20131226 
G.5.5_index_2_VS_G.5.6_index_1 [2] 
20131115,20131121,20131122,20131126,20131127,20131130,20131204,20131208,20131209,20131211,20131214,20131216,20131219,20131220,20131221,20131222,20131223,20131224,20131225,20131226,20131228,20131229 
Number is 08 
G.DB_index_2_VS_G.5.6_index_4 [3] PLUS 1 
20131115,20131117,20131119,20131121,20131122,20131123,20131128,20131129,20131201,20131206,20131211,20131212,20131213,20131214,20131215,20131217,20131221,20131222,20131223,20131224,20131225,20131226,20131227,20131228,20131229 
Number is 09 
G.5.6_index_1_VS_G.4.3_index_2 [4] 
20131115,20131118,20131122,20131124,20131125,20131127,20131128,20131129,20131201,20131205,20131207,20131209,20131210,20131214,20131216,20131218,20131219,20131220,20131221,20131222,20131223,20131224,20131225,20131226,20131229 
Number is 14 
G.3.6_index_3_VS_G.DB_index_1 [5] 
20131120,20131125,20131201,20131202,20131203,20131204,20131205,20131206,20131214,20131215,20131216,20131217,20131221,20131222,20131223,20131224,20131225,20131226,20131229 
G.3.3_index_2_VS_G.5.4_index_1 [6] 
20131117,20131118,20131121,20131122,20131125,20131127,20131128,20131129,20131130,20131201,20131203,20131208,20131209,20131210,20131215,20131217,20131218,20131220,20131221,20131222,20131223,20131224,20131225,20131226,20131229 
G.3.3_index_2_VS_G.DB_index_5 [7] 
20131115,20131122,20131123,20131124,20131125,20131126,20131129,20131201,20131203,20131205,20131211,20131219,20131220,20131221,20131222,20131223,20131224,20131225,20131226 
Number is 16 
G.1.1_index_1_VS_G.5.5_index_4 [8] PLUS 1 
20131115,20131117,20131122,20131123,20131126,20131129,20131201,20131203,20131205,20131207,20131209,20131211,20131212,20131213,20131215,20131221,20131222,20131223,20131224,20131225,20131226,20131227,20131228,20131229 
Number is 20 
G.5.2_index_4_VS_G.3.2_index_2 [9] PLUS 1 
20131118,20131121,20131122,20131123,20131126,20131127,20131202,20131203,20131206,20131209,20131212,20131213,20131214,20131215,20131217,20131219,20131221,20131222,20131223,20131224,20131225,20131226,20131227 
G.5.2_index_4_VS_G.6.2_index_1 [10] PLUS 1 
20131115,20131120,20131121,20131123,20131124,20131128,20131130,20131201,20131205,20131207,20131208,20131210,20131211,20131212,20131214,20131215,20131217,20131218,20131220,20131221,20131222,20131223,20131224,20131225,20131226,20131227,20131228,20131229 
Number is 23 
G.3.1_index_2_VS_G.4.1_index_1 [11] 
20131118,20131120,20131121,20131123,20131124,20131125,20131127,20131129,20131201,20131202,20131207,20131210,20131211,20131218,20131220,20131221,20131222,20131223,20131224,20131225,20131226 
Number is 28 
G.3.5_index_5_VS_G.3.1_index_5 [12] 
20131115,20131120,20131121,20131125,20131126,20131127,20131129,20131202,20131203,20131208,20131212,20131214,20131215,20131216,20131217,20131220,20131221,20131222,20131223,20131224,20131225,20131226,20131228,20131229 
Number is 32 
G.4.1_index_1_VS_G.2.2_index_3 [13] 
20131117,20131118,20131120,20131122,20131123,20131124,20131129,20131201,20131212,20131215,20131218,20131221,20131222,20131223,20131224,20131225,20131226,20131228 
Number is 34 
G.4.1_index_1_VS_G.7.2_index_2 [14] PLUS 1 
20131117,20131118,20131119,20131120,20131121,20131122,20131124,20131125,20131126,20131129,20131201,20131205,20131206,20131213,20131218,20131221,20131222,20131223,20131224,20131225,20131226,20131227 
Number is 35 
G.3.1_index_4_VS_G.1.1_index_4 [15] 
20131117,20131125,20131126,20131127,20131129,20131201,20131202,20131204,20131208,20131209,20131211,20131214,20131218,20131221,20131222,20131223,20131224,20131225,20131226,20131229 
Number is 40 
G.5.4_index_1_VS_G.5.6_index_1 [16] 
20131117,20131118,20131125,20131130,20131202,20131204,20131206,20131209,20131214,20131215,20131217,20131218,20131220,20131221,20131222,20131223,20131224,20131225,20131226 
Number is 44 
G.5.4_index_1_VS_G.DB_index_1 [17] PLUS 1 
20131119,20131125,20131203,20131221,20131222,20131223,20131224,20131225,20131226,20131227,20131228 
Number is 49 
G.DB_index_1_VS_G.4.3_index_2 [18] PLUS 1 
20131115,20131118,20131124,20131127,20131128,20131201,20131202,20131204,20131205,20131206,20131207,20131208,20131210,20131212,20131215,20131216,20131218,20131219,20131220,20131221,20131222,20131223,20131224,20131225,20131226,20131227 
G.3.2_index_3_VS_G.2.2_index_2 [19] PLUS 1 
20131116,20131119,20131124,20131126,20131127,20131129,20131201,20131203,20131206,20131209,20131210,20131211,20131214,20131219,20131221,20131222,20131223,20131224,20131225,20131226,20131227 
Number is 52 
G.5.5_index_3_VS_G.5.2_index_4 [20] 
20131116,20131121,20131123,20131124,20131127,20131129,20131204,20131206,20131207,20131209,20131210,20131213,20131215,20131219,20131221,20131222,20131223,20131224,20131225,20131226,20131229 
Number is 63 
G.3.2_index_4_VS_G.4.1_index_1 [21] 
20131118,20131120,20131121,20131124,20131129,20131130,20131201,20131205,20131207,20131211,20131213,20131216,20131217,20131218,20131220,20131221,20131222,20131223,20131224,20131225,20131226,20131228 
Number is 64 
G.7.4_index_1_VS_G.5.4_index_3 [22] PLUS 1 
20131115,20131116,20131117,20131118,20131124,20131125,20131127,20131129,20131130,20131201,20131205,20131206,20131208,20131210,20131211,20131213,20131214,20131216,20131220,20131221,20131222,20131223,20131224,20131225,20131226,20131227,20131228 
Number is 81 
G.5.6_index_4_VS_G.3.3_index_2 [23] 
20131115,20131118,20131120,20131122,20131127,20131128,20131205,20131206,20131207,20131211,20131215,20131216,20131220,20131221,20131222,20131223,20131224,20131225,20131226,20131228 
Number is 83 
G.5.6_index_4_VS_G.5.2_index_3 [24] 
20131116,20131117,20131118,20131119,20131126,20131128,20131208,20131215,20131217,20131221,20131222,20131223,20131224,20131225,20131226,20131228 
Number is 84 
G.3.3_index_4_VS_G.4.4_index_4 [25] PLUS 1 
20131115,20131116,20131117,20131119,20131121,20131125,20131126,20131129,20131204,20131207,20131209,20131215,20131218,20131219,20131220,20131221,20131222,20131223,20131224,20131225,20131226,20131227 
Number is 89 
G.5.3_index_3_VS_G.3.4_index_1 [26] 
20131115,20131118,20131123,20131124,20131127,20131129,20131130,20131202,20131203,20131206,20131208,20131213,20131217,20131218,20131221,20131222,20131223,20131224,20131225,20131226,20131229 
Number is 91 
G.4.3_index_2_VS_G.3.3_index_2 [27] 
20131115,20131118,20131121,20131122,20131124,20131125,20131128,20131129,20131203,20131204,20131207,20131209,20131210,20131211,20131213,20131216,20131221,20131222,20131223,20131224,20131225,20131226,20131229 
