======== Current: 20131229 ========= 
Number is 02 
G.3.2_index_3_VS_G.7.3_index_2 [1] PLUS 1 
20131116,20131119,20131121,20131122,20131124,20131125,20131126,20131127,20131201,20131202,20131207,20131211,20131214,20131215,20131216,20131218,20131220,20131223,20131224,20131225,20131226,20131227,20131228,20131229 
Number is 03 
G.2.1_index_3_VS_G.2.2_index_1 [2] 
20131115,20131118,20131120,20131124,20131129,20131130,20131202,20131204,20131211,20131212,20131213,20131217,20131220,20131223,20131224,20131225,20131226,20131227,20131228 
Number is 27 
G.3.4_index_2_VS_G.DB_index_5 [3] 
20131116,20131117,20131120,20131125,20131129,20131130,20131202,20131204,20131205,20131207,20131215,20131219,20131220,20131223,20131224,20131225,20131226,20131227,20131228 
G.7.3_index_2_VS_G.3.6_index_2 [4] 
20131116,20131118,20131120,20131121,20131128,20131129,20131208,20131212,20131213,20131217,20131219,20131220,20131223,20131224,20131225,20131226,20131227,20131228 
Number is 29 
G.3.1_index_2_VS_G.4.1_index_2 [5] 
20131115,20131116,20131117,20131123,20131125,20131127,20131128,20131201,20131204,20131206,20131209,20131211,20131213,20131216,20131218,20131223,20131224,20131225,20131226,20131227,20131228 
Number is 33 
G.7.4_index_1_VS_G.5.4_index_3 [6] 
20131115,20131116,20131117,20131118,20131124,20131125,20131127,20131129,20131130,20131201,20131205,20131206,20131208,20131210,20131211,20131213,20131214,20131216,20131220,20131221,20131222,20131223,20131224,20131225,20131226,20131227,20131228 
Number is 37 
G.4.4_index_3_VS_G.DB_index_2 [7] 
20131115,20131116,20131120,20131122,20131124,20131125,20131201,20131203,20131205,20131206,20131207,20131208,20131209,20131211,20131212,20131213,20131214,20131217,20131218,20131223,20131224,20131225,20131226,20131227,20131228 
G.5.2_index_3_VS_G.4.4_index_1 [8] 
20131118,20131119,20131122,20131123,20131125,20131127,20131202,20131203,20131206,20131209,20131215,20131218,20131220,20131221,20131223,20131224,20131225,20131226,20131227,20131228 
Number is 42 
G.5.1_index_4_VS_G.3.1_index_2 [9] 
20131115,20131116,20131118,20131119,20131122,20131124,20131125,20131126,20131128,20131129,20131203,20131204,20131205,20131206,20131208,20131211,20131213,20131220,20131223,20131224,20131225,20131226,20131227,20131228 
Number is 45 
G.5.6_index_4_VS_G.6.1_index_2 [10] 
20131123,20131125,20131126,20131127,20131130,20131201,20131206,20131209,20131210,20131211,20131213,20131223,20131224,20131225,20131226,20131227,20131228 
Number is 46 
G.1.1_index_1_VS_G.5.5_index_4 [11] PLUS 1 
20131115,20131117,20131122,20131123,20131126,20131129,20131201,20131203,20131205,20131207,20131209,20131211,20131212,20131213,20131215,20131221,20131222,20131223,20131224,20131225,20131226,20131227,20131228,20131229 
Number is 47 
G.5.1_index_4_VS_G.2.2_index_3 [12] PLUS 1 
20131115,20131119,20131122,20131127,20131129,20131202,20131203,20131204,20131206,20131207,20131210,20131213,20131215,20131218,20131219,20131223,20131224,20131225,20131226,20131227,20131228,20131229 
Number is 49 
G.5.6_index_4_VS_G.2.2_index_5 [13] 
20131116,20131120,20131123,20131125,20131128,20131129,20131201,20131204,20131206,20131208,20131212,20131214,20131215,20131216,20131219,20131222,20131223,20131224,20131225,20131226,20131227,20131228 
Number is 51 
G.1.1_index_5_VS_G.4.3_index_4 [14] PLUS 1 
20131119,20131123,20131128,20131129,20131208,20131209,20131211,20131217,20131218,20131220,20131221,20131223,20131224,20131225,20131226,20131227,20131228,20131229 
Number is 52 
G.1.1_index_5_VS_G.3.4_index_2 [15] PLUS 1 
20131117,20131120,20131124,20131125,20131127,20131128,20131201,20131206,20131209,20131213,20131217,20131218,20131219,20131222,20131223,20131224,20131225,20131226,20131227,20131228,20131229 
G.3.2_index_4_VS_G.3.3_index_2 [16] PLUS 1 
20131117,20131118,20131122,20131123,20131126,20131127,20131130,20131201,20131203,20131204,20131205,20131206,20131207,20131209,20131213,20131220,20131221,20131223,20131224,20131225,20131226,20131227,20131228,20131229 
Number is 58 
G.5.4_index_1_VS_G.DB_index_1 [17] 
20131119,20131125,20131203,20131221,20131222,20131223,20131224,20131225,20131226,20131227,20131228 
Number is 61 
G.7.2_index_1_VS_G.3.3_index_3 [18] 
20131119,20131121,20131124,20131126,20131127,20131129,20131201,20131203,20131204,20131205,20131207,20131208,20131213,20131214,20131215,20131217,20131218,20131223,20131224,20131225,20131226,20131227,20131228 
Number is 63 
G.5.5_index_4_VS_G.5.3_index_3 [19] PLUS 1 
20131119,20131120,20131125,20131126,20131127,20131130,20131202,20131203,20131206,20131211,20131214,20131218,20131219,20131222,20131223,20131224,20131225,20131226,20131227,20131228,20131229 
Number is 64 
G.5.4_index_4_VS_G.5.6_index_4 [20] PLUS 1 
20131117,20131118,20131120,20131125,20131201,20131203,20131204,20131207,20131209,20131211,20131213,20131215,20131217,20131223,20131224,20131225,20131226,20131227,20131228,20131229 
Number is 65 
G.3.2_index_5_VS_G.3.6_index_1 [21] 
20131115,20131117,20131126,20131129,20131202,20131208,20131212,20131215,20131220,20131221,20131223,20131224,20131225,20131226,20131227,20131228 
Number is 70 
G.5.2_index_4_VS_G.3.4_index_3 [22] 
20131115,20131123,20131124,20131125,20131129,20131130,20131207,20131209,20131212,20131214,20131215,20131216,20131217,20131219,20131220,20131222,20131223,20131224,20131225,20131226,20131227,20131228 
Number is 74 
G.DB_index_2_VS_G.5.6_index_4 [23] PLUS 1 
20131115,20131117,20131119,20131121,20131122,20131123,20131128,20131129,20131201,20131206,20131211,20131212,20131213,20131214,20131215,20131217,20131221,20131222,20131223,20131224,20131225,20131226,20131227,20131228,20131229 
Number is 77 
G.4.2_index_4_VS_G.3.6_index_2 [24] 
20131115,20131117,20131119,20131120,20131121,20131125,20131127,20131130,20131201,20131203,20131206,20131213,20131215,20131216,20131218,20131219,20131223,20131224,20131225,20131226,20131227,20131228 
Number is 79 
G.5.2_index_4_VS_G.6.2_index_1 [25] PLUS 1 
20131115,20131120,20131121,20131123,20131124,20131128,20131130,20131201,20131205,20131207,20131208,20131210,20131211,20131212,20131214,20131215,20131217,20131218,20131220,20131221,20131222,20131223,20131224,20131225,20131226,20131227,20131228,20131229 
Number is 83 
G.DB_index_1_VS_G.3.3_index_4 [26] 
20131123,20131203,20131205,20131206,20131207,20131211,20131212,20131213,20131215,20131217,20131218,20131220,20131223,20131224,20131225,20131226,20131227,20131228 
Number is 87 
G.3.1_index_4_VS_G.DB_index_5 [27] PLUS 1 
20131126,20131128,20131129,20131130,20131202,20131205,20131206,20131208,20131211,20131218,20131219,20131220,20131223,20131224,20131225,20131226,20131227,20131228,20131229 
G.DB_index_1_VS_G.DB_index_5 [28] PLUS 1 
20131119,20131126,20131128,20131129,20131130,20131202,20131203,20131205,20131209,20131212,20131215,20131217,20131219,20131223,20131224,20131225,20131226,20131227,20131228,20131229 
Number is 92 
G.2.2_index_5_VS_G.3.3_index_2 [29] 
20131120,20131129,20131205,20131206,20131207,20131208,20131211,20131215,20131219,20131220,20131221,20131223,20131224,20131225,20131226,20131227,20131228 
Number is 93 
G.2.2_index_5_VS_G.4.4_index_3 [30] 
20131117,20131120,20131121,20131122,20131128,20131203,20131204,20131205,20131206,20131207,20131211,20131212,20131213,20131214,20131219,20131222,20131223,20131224,20131225,20131226,20131227,20131228 
