Last Date = 20130604
Number is 01
G.3.2_index_3_VS_G.5.5_index_4 [1] 
Ngay: 20130525,20130527,20130529,20130530,20130531,20130601,20130602,20130603
Number is 04
G.3.2_index_3_VS_G.1.1_index_5 [2] 
Ngay: 20130524,20130526,20130527,20130528,20130529,20130530,20130531,20130601,20130602,20130603
Number is 08
G.3.6_index_1_VS_G.4.3_index_2 [3] 
Ngay: 20130527,20130529,20130530,20130531,20130601,20130602,20130603
Number is 11
G.5.5_index_4_VS_G.2.1_index_5 [4] 
Ngay: 20130524,20130527,20130529,20130530,20130531,20130601,20130602,20130603
Number is 28
G.5.1_index_2_VS_G.3.4_index_1 [5] 
Ngay: 20130524,20130525,20130526,20130528,20130529,20130530,20130531,20130601,20130602,20130603
Number is 40
G.3.3_index_2_VS_G.7.3_index_1 [6] 
Ngay: 20130526,20130529,20130530,20130531,20130601,20130602,20130603
Number is 46
G.3.5_index_2_VS_G.3.1_index_2 [7] 
Ngay: 20130526,20130527,20130529,20130530,20130531,20130601,20130602,20130603
Number is 48
G.1.1_index_5_VS_G.4.3_index_2 [8] 
Ngay: 20130525,20130527,20130528,20130529,20130530,20130531,20130601,20130602,20130603
Number is 50
G.3.2_index_2_VS_G.3.2_index_3 [9] 
Ngay: 20130524,20130526,20130527,20130528,20130529,20130530,20130531,20130601,20130602,20130603
Number is 57
G.3.6_index_5_VS_G.5.2_index_4 [10] 
Ngay: 20130525,20130526,20130527,20130529,20130530,20130531,20130601,20130602,20130603
Number is 60
G.6.3_index_2_VS_G.1.1_index_2 [11] 
Ngay: 20130529,20130530,20130531,20130601,20130602,20130603
Number is 61
G.6.3_index_2_VS_G.4.1_index_3 [12] 
Ngay: 20130524,20130525,20130528,20130529,20130530,20130531,20130601,20130602,20130603
Number is 64
G.5.3_index_2_VS_G.7.2_index_2 [13] 
Ngay: 20130526,20130527,20130529,20130530,20130531,20130601,20130602,20130603
Number is 65
G.4.2_index_4_VS_G.4.4_index_4 [14] 
Ngay: 20130529,20130530,20130531,20130601,20130602,20130603
G.5.4_index_3_VS_G.4.2_index_2 [15] 
Ngay: 20130525,20130529,20130530,20130531,20130601,20130602,20130603
Number is 66
G.3.3_index_3_VS_G.4.2_index_4 [16] 
Ngay: 20130524,20130525,20130527,20130528,20130529,20130530,20130531,20130601,20130602,20130603
Number is 67
G.3.1_index_1_VS_G.4.4_index_2 [17] 
Ngay: 20130524,20130527,20130528,20130529,20130530,20130531,20130601,20130602,20130603
Number is 68
G.4.2_index_4_VS_G.3.4_index_1 [18] 
Ngay: 20130524,20130525,20130527,20130529,20130530,20130531,20130601,20130602,20130603
Number is 69
G.5.3_index_4_VS_G.5.2_index_2 [19] 
Ngay: 20130529,20130530,20130531,20130601,20130602,20130603
G.3.1_index_2_VS_G.5.4_index_4 [20] 
Ngay: 20130524,20130525,20130527,20130529,20130530,20130531,20130601,20130602,20130603
Number is 81
G.3.6_index_4_VS_G.5.5_index_4 [21] 
Ngay: 20130525,20130526,20130527,20130529,20130530,20130531,20130601,20130602,20130603
Number is 87
G.7.1_index_2_VS_G.DB_index_1 [22] 
Ngay: 20130524,20130525,20130526,20130527,20130529,20130530,20130531,20130601,20130602,20130603
Number is 91
G.5.4_index_4_VS_G.5.5_index_4 [23] 
Ngay: 20130527,20130529,20130530,20130531,20130601,20130602,20130603
Number is 94
G.1.1_index_3_VS_G.1.1_index_5 [24] 
Ngay: 20130524,20130526,20130527,20130528,20130529,20130530,20130531,20130601,20130602,20130603
Number is 96
G.3.5_index_3_VS_G.3.3_index_3 [25] 
Ngay: 20130524,20130526,20130529,20130530,20130531,20130601,20130602,20130603
Number is 99
G.3.2_index_4_VS_G.DB_index_4 [26] 
Ngay: 20130529,20130530,20130531,20130601,20130602,20130603
