Last Date = 20130605
Number is 01
G.4.1_index_1_VS_G.4.3_index_2 [1] 
Ngay: 20130527,20130530,20130531,20130601,20130602,20130603,20130604
Number is 08
G.7.1_index_2_VS_G.DB_index_1 [2] 
Ngay: 20130524,20130525,20130526,20130527,20130529,20130530,20130531,20130601,20130602,20130603,20130604
Number is 09
G.4.2_index_4_VS_G.3.4_index_1 [3] 
Ngay: 20130524,20130525,20130527,20130529,20130530,20130531,20130601,20130602,20130603,20130604
G.4.1_index_1_VS_G.3.4_index_1 [4] 
Ngay: 20130525,20130528,20130530,20130531,20130601,20130602,20130603,20130604
Number is 16
G.3.1_index_2_VS_G.5.4_index_4 [5] 
Ngay: 20130524,20130525,20130527,20130529,20130530,20130531,20130601,20130602,20130603,20130604
Number is 25
G.3.5_index_3_VS_G.3.3_index_3 [6] 
Ngay: 20130524,20130526,20130529,20130530,20130531,20130601,20130602,20130603,20130604
Number is 32
G.5.2_index_4_VS_G.1.1_index_1 [7] 
Ngay: 20130525,20130526,20130527,20130528,20130530,20130531,20130601,20130602,20130603,20130604
G.3.2_index_3_VS_G.1.1_index_5 [8] 
Ngay: 20130524,20130526,20130527,20130528,20130529,20130530,20130531,20130601,20130602,20130603,20130604
G.5.2_index_4_VS_G.5.4_index_1 [9] 
Ngay: 20130524,20130525,20130527,20130528,20130530,20130531,20130601,20130602,20130603,20130604
Number is 37
G.3.6_index_4_VS_G.5.5_index_4 [10] 
Ngay: 20130525,20130526,20130527,20130529,20130530,20130531,20130601,20130602,20130603,20130604
Number is 49
G.5.3_index_1_VS_G.2.2_index_4 [11] 
Ngay: 20130525,20130526,20130530,20130531,20130601,20130602,20130603,20130604
Number is 53
G.7.4_index_2_VS_G.2.1_index_1 [12] 
Ngay: 20130527,20130528,20130530,20130531,20130601,20130602,20130603,20130604
Number is 55
G.5.2_index_2_VS_G.5.3_index_4 [13] 
Ngay: 20130529,20130530,20130531,20130601,20130602,20130603,20130604
Number is 59
G.3.3_index_3_VS_G.2.2_index_4 [14] 
Ngay: 20130525,20130526,20130527,20130528,20130530,20130531,20130601,20130602,20130603,20130604
Number is 66
G.4.4_index_2_VS_G.3.1_index_1 [15] 
Ngay: 20130524,20130527,20130528,20130529,20130530,20130531,20130601,20130602,20130603,20130604
Number is 68
G.4.1_index_3_VS_G.7.1_index_1 [16] 
Ngay: 20130530,20130531,20130601,20130602,20130603,20130604
Number is 81
G.DB_index_1_VS_G.4.3_index_2 [17] 
Ngay: 20130527,20130528,20130530,20130531,20130601,20130602,20130603,20130604
Number is 82
G.6.3_index_3_VS_G.5.4_index_1 [18] 
Ngay: 20130525,20130528,20130530,20130531,20130601,20130602,20130603,20130604
Number is 83
G.3.6_index_5_VS_G.5.2_index_4 [19] 
Ngay: 20130525,20130526,20130527,20130529,20130530,20130531,20130601,20130602,20130603,20130604
Number is 90
G.7.3_index_1_VS_G.3.3_index_2 [20] 
Ngay: 20130526,20130529,20130530,20130531,20130601,20130602,20130603,20130604
Number is 91
G.3.6_index_1_VS_G.4.3_index_2 [21] 
Ngay: 20130527,20130529,20130530,20130531,20130601,20130602,20130603,20130604
