Last Date = 20130705
Number is 08
G.3.2_index_2_VS_G.6.2_index_3[29] 
Ngay: 20130525,20130528,20130529,20130530,20130602,20130603,20130604,20130605,20130606,20130607,20130613,20130614,20130615,20130616,20130618,20130621,20130622,20130623,20130624,20130626,20130627,20130629,20130701,20130703
Number is 23
G.6.1_index_2_VS_G.3.1_index_2[27] 
Ngay: 20130524,20130528,20130531,20130602,20130603,20130604,20130605,20130606,20130607,20130613,20130614,20130619,20130620,20130621,20130623,20130624,20130625,20130628,20130630,20130702
Number is 26
G.4.4_index_3_VS_G.3.3_index_4[24] 
Ngay: 20130524,20130526,20130530,20130531,20130602,20130603,20130604,20130605,20130606,20130607,20130615,20130616,20130618,20130625,20130627,20130701,20130704
Number is 28
G.3.6_index_1_VS_G.6.2_index_3[23] 
Ngay: 20130528,20130529,20130601,20130602,20130603,20130604,20130605,20130606,20130607,20130613,20130614,20130615,20130616,20130618,20130619,20130621,20130628,20130702
Number is 52
G.1.1_index_3_VS_G.4.4_index_3[31] 
Ngay: 20130524,20130525,20130526,20130527,20130531,20130601,20130602,20130603,20130604,20130605,20130606,20130607,20130613,20130616,20130617,20130618,20130621,20130623,20130625,20130626,20130627,20130628,20130629,20130701
Number is 81
G.6.2_index_3_VS_G.1.1_index_2[28] 
Ngay: 20130524,20130525,20130531,20130601,20130602,20130603,20130604,20130605,20130606,20130607,20130613,20130614,20130615,20130616,20130620,20130625,20130630,20130701
Number is 95
G.3.6_index_4_VS_G.1.1_index_3[10] 
Ngay: 20130602,20130603,20130604,20130605,20130606,20130607,20130613,20130615,20130616,20130619,20130621,20130624,20130625,20130626,20130702,20130704
