Last Date = 20130609
Number is 00
G.3.6_index_1_VS_G.4.1_index_2 [1] 
Ngay: 20130527,20130529,20130531,20130601,20130603,20130604,20130605,20130606,20130607,20130608
Number is 02
G.7.3_index_2_VS_G.5.3_index_4 [2] 
Ngay: 20130524,20130527,20130528,20130530,20130603,20130604,20130605,20130606,20130607,20130608
Number is 03
G.4.1_index_2_VS_G.DB_index_4 [3] 
Ngay: 20130524,20130528,20130529,20130602,20130603,20130604,20130605,20130606,20130607,20130608
Number is 08
G.7.1_index_1_VS_G.3.1_index_2 [4] 
Ngay: 20130524,20130531,20130601,20130602,20130603,20130604,20130605,20130606,20130607,20130608
Number is 09
G.7.3_index_2_VS_G.4.3_index_4 [5] 
Ngay: 20130524,20130525,20130529,20130603,20130604,20130605,20130606,20130607,20130608
Number is 13
G.5.5_index_2_VS_G.DB_index_4 [6] 
Ngay: 20130525,20130527,20130531,20130602,20130603,20130604,20130605,20130606,20130607,20130608
Number is 24
G.7.1_index_2_VS_G.5.5_index_4 [7] 
Ngay: 20130524,20130525,20130526,20130527,20130529,20130530,20130602,20130603,20130604,20130605,20130606,20130607,20130608
Number is 27
G.3.2_index_2_VS_G.1.1_index_3 [8] 
Ngay: 20130525,20130526,20130528,20130529,20130602,20130603,20130604,20130605,20130606,20130607,20130608
Number is 30
G.4.2_index_4_VS_G.7.1_index_1 [9] 
Ngay: 20130524,20130525,20130526,20130529,20130601,20130602,20130603,20130604,20130605,20130606,20130607,20130608
G.2.2_index_2_VS_G.5.2_index_3 [10] 
Ngay: 20130524,20130528,20130601,20130603,20130604,20130605,20130606,20130607,20130608
Number is 34
G.DB_index_4_VS_G.3.4_index_5 [11] 
Ngay: 20130524,20130528,20130530,20130603,20130604,20130605,20130606,20130607,20130608
Number is 37
G.4.2_index_2_VS_G.4.4_index_2 [12] 
Ngay: 20130525,20130527,20130528,20130530,20130601,20130602,20130603,20130604,20130605,20130606,20130607,20130608
Number is 38
G.2.2_index_2_VS_G.5.1_index_3 [13] 
Ngay: 20130524,20130525,20130527,20130531,20130603,20130604,20130605,20130606,20130607,20130608
Number is 40
G.3.4_index_5_VS_G.4.2_index_3 [14] 
Ngay: 20130524,20130530,20130531,20130603,20130604,20130605,20130606,20130607,20130608
Number is 48
G.3.4_index_5_VS_G.2.2_index_4 [15] 
Ngay: 20130525,20130526,20130601,20130603,20130604,20130605,20130606,20130607,20130608
Number is 51
G.6.3_index_3_VS_G.4.4_index_4 [16] 
Ngay: 20130524,20130529,20130530,20130531,20130602,20130603,20130604,20130605,20130606,20130607,20130608
Number is 57
G.3.3_index_4_VS_G.3.4_index_4 [17] 
Ngay: 20130525,20130526,20130527,20130530,20130531,20130603,20130604,20130605,20130606,20130607,20130608
Number is 63
G.4.4_index_3_VS_G.3.2_index_1 [18] 
Ngay: 20130525,20130527,20130530,20130602,20130603,20130604,20130605,20130606,20130607,20130608
G.6.1_index_3_VS_G.5.4_index_1 [19] 
Ngay: 20130525,20130527,20130528,20130529,20130530,20130603,20130604,20130605,20130606,20130607,20130608
Number is 65
G.6.1_index_3_VS_G.7.2_index_2 [20] 
Ngay: 20130528,20130529,20130530,20130531,20130603,20130604,20130605,20130606,20130607,20130608
Number is 69
G.5.4_index_3_VS_G.4.3_index_1 [21] 
Ngay: 20130527,20130528,20130531,20130603,20130604,20130605,20130606,20130607,20130608
G.6.1_index_2_VS_G.5.2_index_4 [22] 
Ngay: 20130525,20130528,20130529,20130531,20130601,20130602,20130603,20130604,20130605,20130606,20130607,20130608
Number is 70
G.3.2_index_3_VS_G.2.2_index_3 [23] 
Ngay: 20130525,20130526,20130530,20130601,20130602,20130603,20130604,20130605,20130606,20130607,20130608
G.1.1_index_3_VS_G.5.2_index_3 [24] 
Ngay: 20130524,20130525,20130526,20130527,20130528,20130601,20130602,20130603,20130604,20130605,20130606,20130607,20130608
Number is 74
G.4.4_index_2_VS_G.3.4_index_5 [25] 
Ngay: 20130524,20130525,20130527,20130601,20130603,20130604,20130605,20130606,20130607,20130608
Number is 83
G.5.3_index_3_VS_G.DB_index_4 [26] 
Ngay: 20130524,20130525,20130527,20130531,20130603,20130604,20130605,20130606,20130607,20130608
Number is 86
G.3.2_index_4_VS_G.5.6_index_4 [27] 
Ngay: 20130524,20130526,20130527,20130531,20130603,20130604,20130605,20130606,20130607,20130608
G.3.2_index_4_VS_G.5.4_index_3 [28] 
Ngay: 20130524,20130531,20130602,20130603,20130604,20130605,20130606,20130607,20130608
Number is 88
G.5.2_index_2_VS_G.3.1_index_5 [29] 
Ngay: 20130524,20130601,20130602,20130603,20130604,20130605,20130606,20130607,20130608
Number is 96
G.4.3_index_1_VS_G.5.6_index_4 [30] 
Ngay: 20130525,20130527,20130528,20130603,20130604,20130605,20130606,20130607,20130608
Number is 97
G.4.3_index_2_VS_G.5.4_index_4 [31] 
Ngay: 20130525,20130526,20130527,20130530,20130603,20130604,20130605,20130606,20130607,20130608
G.2.1_index_2_VS_G.1.1_index_3 [32] 
Ngay: 20130524,20130526,20130527,20130530,20130602,20130603,20130604,20130605,20130606,20130607,20130608
Number is 99
G.DB_index_1_VS_G.4.3_index_2 [33] 
Ngay: 20130527,20130528,20130530,20130531,20130601,20130602,20130603,20130604,20130605,20130606,20130607,20130608
G.5.2_index_4_VS_G.DB_index_2 [34] 
Ngay: 20130524,20130526,20130530,20130601,20130603,20130604,20130605,20130606,20130607,20130608
