Last Date = 20130630
Except date ======= 
required date ======= 20130605,20130606,20130607,20130608,20130609,20130610
Number is 03
G.3.2_index_3_VS_G.3.1_index_4 [1] 
Ngay: 20130525,20130526,20130527,20130530,20130531,20130601,20130605,20130606,20130607,20130608,20130609,20130610,20130611,20130613,20130614,20130616,20130618,20130620,20130623,20130624,20130627
Number is 05
G.3.2_index_1_VS_G.2.1_index_1 [2] 
Ngay: 20130524,20130526,20130527,20130531,20130602,20130605,20130606,20130607,20130608,20130609,20130610,20130611,20130614,20130615,20130616,20130618,20130622,20130624,20130625,20130627,20130629
Number is 11
G.3.4_index_4_VS_G.2.2_index_2 [3] 
Ngay: 20130525,20130601,20130602,20130605,20130606,20130607,20130608,20130609,20130610,20130613,20130619,20130623,20130626,20130629
Number is 16
G.2.2_index_4_VS_G.7.2_index_2 [4] 
Ngay: 20130529,20130601,20130603,20130605,20130606,20130607,20130608,20130609,20130610,20130613,20130615,20130616,20130617,20130619,20130620,20130622,20130623,20130624
Number is 17
G.3.1_index_3_VS_G.3.6_index_5 [5] 
Ngay: 20130524,20130525,20130526,20130527,20130530,20130531,20130602,20130605,20130606,20130607,20130608,20130609,20130610,20130620,20130621,20130622,20130627
G.3.4_index_4_VS_G.3.5_index_2 [6] 
Ngay: 20130524,20130525,20130526,20130527,20130529,20130530,20130601,20130604,20130605,20130606,20130607,20130608,20130609,20130610,20130612,20130614,20130615,20130616,20130619,20130620,20130621,20130623,20130624,20130627
Number is 19
G.3.4_index_4_VS_G.3.3_index_2 [7] 
Ngay: 20130524,20130528,20130529,20130530,20130601,20130604,20130605,20130606,20130607,20130608,20130609,20130610,20130616,20130619,20130622,20130623,20130624,20130629
Number is 28
G.4.1_index_2_VS_G.DB_index_4 [8] 
Ngay: 20130524,20130528,20130529,20130602,20130603,20130604,20130605,20130606,20130607,20130608,20130609,20130610,20130611,20130612,20130614,20130620
Number is 29
G.3.5_index_4_VS_G.6.1_index_1 [9] 
Ngay: 20130524,20130605,20130606,20130607,20130608,20130609,20130610,20130612,20130614,20130615,20130616,20130619,20130620,20130621,20130622,20130623,20130627
Number is 33
G.3.3_index_5_VS_G.5.5_index_3 [10] 
Ngay: 20130524,20130525,20130527,20130530,20130601,20130605,20130606,20130607,20130608,20130609,20130610,20130611,20130612,20130616,20130622,20130623,20130624,20130625,20130627
G.3.3_index_5_VS_G.7.1_index_2 [11] 
Ngay: 20130524,20130525,20130527,20130528,20130529,20130601,20130602,20130604,20130605,20130606,20130607,20130608,20130609,20130610,20130614,20130618,20130620,20130624,20130625,20130627,20130628
Number is 35
G.3.3_index_5_VS_G.3.3_index_4 [12] 
Ngay: 20130601,20130602,20130605,20130606,20130607,20130608,20130609,20130610,20130611,20130615,20130616,20130617,20130620,20130621,20130622,20130624,20130625
Number is 36
G.3.1_index_4_VS_G.5.2_index_4 [13] 
Ngay: 20130524,20130525,20130528,20130529,20130530,20130531,20130601,20130604,20130605,20130606,20130607,20130608,20130609,20130610,20130611,20130618,20130623,20130625,20130627
Number is 38
G.5.3_index_3_VS_G.DB_index_4 [14] 
Ngay: 20130524,20130525,20130527,20130531,20130603,20130604,20130605,20130606,20130607,20130608,20130609,20130610,20130613,20130616,20130617,20130618,20130621,20130622,20130623,20130624,20130625,20130626
Number is 40
G.1.1_index_4_VS_G.5.6_index_2 [15] 
Ngay: 20130524,20130527,20130528,20130605,20130606,20130607,20130608,20130609,20130610,20130611,20130613,20130614,20130617,20130619,20130623,20130625,20130626,20130628,20130629
Number is 45
G.6.3_index_2_VS_G.3.1_index_5 [16] 
Ngay: 20130527,20130528,20130529,20130530,20130601,20130602,20130605,20130606,20130607,20130608,20130609,20130610,20130611,20130612,20130613,20130615,20130616,20130621,20130623,20130626,20130628
Number is 49
G.1.1_index_4_VS_G.3.3_index_2 [17] 
Ngay: 20130528,20130529,20130605,20130606,20130607,20130608,20130609,20130610,20130613,20130616,20130620,20130621,20130623,20130624,20130625,20130627
Number is 50
G.2.1_index_2_VS_G.5.6_index_2 [18] 
Ngay: 20130524,20130526,20130531,20130602,20130604,20130605,20130606,20130607,20130608,20130609,20130610,20130611,20130612,20130614,20130616,20130618,20130620,20130621,20130622,20130623,20130624,20130625,20130626,20130628,20130629
G.2.1_index_1_VS_G.2.1_index_3 [19] 
Ngay: 20130524,20130528,20130529,20130530,20130531,20130604,20130605,20130606,20130607,20130608,20130609,20130610,20130613,20130614,20130620,20130621,20130623,20130625,20130627
Number is 58
G.3.1_index_5_VS_G.DB_index_3 [20] 
Ngay: 20130524,20130527,20130528,20130529,20130603,20130605,20130606,20130607,20130608,20130609,20130610,20130612,20130613,20130617,20130619,20130620,20130621,20130624,20130627
Number is 59
G.2.1_index_2_VS_G.3.3_index_2 [21] 
Ngay: 20130524,20130526,20130528,20130530,20130602,20130603,20130605,20130606,20130607,20130608,20130609,20130610,20130611,20130613,20130615,20130616,20130623,20130624,20130628,20130629
Number is 66
G.5.6_index_4_VS_G.2.2_index_5 [22] 
Ngay: 20130525,20130530,20130602,20130604,20130605,20130606,20130607,20130608,20130609,20130610,20130614,20130617,20130619,20130622,20130626,20130627,20130629
Number is 70
G.6.2_index_3_VS_G.4.3_index_1 [23] 
Ngay: 20130524,20130529,20130530,20130602,20130603,20130605,20130606,20130607,20130608,20130609,20130610,20130612,20130613,20130617,20130618,20130622,20130625,20130628,20130629
Number is 74
G.4.2_index_4_VS_G.7.1_index_1 [24] 
Ngay: 20130524,20130525,20130526,20130529,20130601,20130602,20130603,20130604,20130605,20130606,20130607,20130608,20130609,20130610,20130616,20130619,20130622,20130624,20130625,20130626
Number is 76
G.5.2_index_3_VS_G.3.2_index_5 [25] 
Ngay: 20130524,20130525,20130602,20130605,20130606,20130607,20130608,20130609,20130610,20130613,20130614,20130615,20130616,20130617,20130620,20130621,20130623,20130628,20130629
Number is 85
G.3.3_index_1_VS_G.2.1_index_1 [26] 
Ngay: 20130530,20130605,20130606,20130607,20130608,20130609,20130610,20130614,20130615,20130616,20130618,20130619,20130624,20130627
G.DB_index_4_VS_G.2.1_index_1 [27] 
Ngay: 20130526,20130529,20130530,20130605,20130606,20130607,20130608,20130609,20130610,20130612,20130614,20130616,20130618,20130622,20130624,20130628
Number is 86
G.3.3_index_1_VS_G.7.2_index_2 [28] 
Ngay: 20130524,20130525,20130526,20130529,20130531,20130603,20130605,20130606,20130607,20130608,20130609,20130610,20130611,20130612,20130614,20130618,20130622,20130624
Number is 90
G.3.3_index_2_VS_G.7.4_index_1 [29] 
Ngay: 20130526,20130527,20130529,20130601,20130605,20130606,20130607,20130608,20130609,20130610,20130611,20130616,20130619,20130620,20130623,20130625,20130629
Number is 93
G.3.3_index_2_VS_G.5.1_index_4 [30] 
Ngay: 20130526,20130530,20130602,20130605,20130606,20130607,20130608,20130609,20130610,20130611,20130614,20130620,20130621,20130623,20130626,20130628,20130629
Number is 98
G.6.3_index_1_VS_G.DB_index_4 [31] 
Ngay: 20130524,20130525,20130527,20130530,20130531,20130603,20130605,20130606,20130607,20130608,20130609,20130610,20130613,20130616,20130619,20130620,20130628
