Last Date = 20130705
Number is 03
G.3.3_index_2_VS_G.7.4_index_1[7] 
Ngay: 20130526,20130527,20130529,20130601,20130605,20130606,20130607,20130608,20130609,20130610,20130611,20130616,20130619,20130620,20130623,20130625,20130629,20130630,20130702,20130703,20130704
Number is 35
G.7.3_index_1_VS_G.DB_index_2[24] 
Ngay: 20130529,20130604,20130606,20130607,20130608,20130609,20130610,20130611,20130618,20130619,20130620,20130621,20130622,20130623,20130624,20130629
Number is 46
G.2.1_index_2_VS_G.3.1_index_4[10] 
Ngay: 20130524,20130525,20130526,20130527,20130601,20130606,20130607,20130608,20130609,20130610,20130611,20130616,20130618,20130620,20130626,20130630,20130701,20130703
Number is 53
G.3.4_index_4_VS_G.5.5_index_2[2] 
Ngay: 20130525,20130530,20130601,20130603,20130606,20130607,20130608,20130609,20130610,20130611,20130619,20130621,20130622,20130623,20130626,20130627,20130628,20130629,20130701,20130702,20130704
Number is 62
G.3.1_index_4_VS_G.5.2_index_4[17] 
Ngay: 20130524,20130525,20130528,20130529,20130530,20130531,20130601,20130604,20130605,20130606,20130607,20130608,20130609,20130610,20130611,20130618,20130623,20130625,20130627,20130701,20130702
