Last Date = 20130705
Number is 03
G.3.1_index_5_VS_G.7.3_index_1 [1] 
Ngay: 20130524,20130525,20130605,20130607,20130608,20130609,20130610,20130611,20130612,20130613,20130618,20130620,20130624,20130625,20130629,20130702,20130703
Number is 31
G.5.5_index_1_VS_G.6.3_index_2 [24] 
Ngay: 20130525,20130526,20130528,20130531,20130601,20130602,20130604,20130605,20130608,20130609,20130610,20130611,20130612,20130613,20130619,20130622,20130623,20130626,20130627,20130628,20130630,20130702
Number is 93
G.3.4_index_5_VS_G.1.1_index_1 [31] 
Ngay: 20130524,20130525,20130527,20130530,20130531,20130601,20130604,20130608,20130609,20130610,20130611,20130612,20130613,20130618,20130620,20130625,20130628,20130701,20130702
