Last Date = 20130617
Number is 01
G.6.1_index_2_VS_G.3.5_index_3 [1] 
Ngay: 20130529,20130530,20130531,20130604,20130605,20130607,20130609,20130611,20130612,20130613,20130614,20130615,20130616
Number is 03
G.2.1_index_3_VS_G.3.6_index_3 [2] 
Ngay: 20130524,20130526,20130527,20130528,20130601,20130602,20130604,20130605,20130607,20130610,20130611,20130612,20130613,20130614,20130615,20130616
Number is 07
G.2.1_index_3_VS_G.5.4_index_3 [3] 
Ngay: 20130524,20130528,20130529,20130602,20130603,20130606,20130608,20130610,20130611,20130612,20130613,20130614,20130615,20130616
Number is 21
G.DB_index_2_VS_G.3.2_index_3 [4] 
Ngay: 20130525,20130526,20130527,20130529,20130530,20130601,20130603,20130604,20130605,20130611,20130612,20130613,20130614,20130615,20130616
Number is 22
G.3.1_index_1_VS_G.1.1_index_4 [5] 
Ngay: 20130526,20130527,20130528,20130603,20130604,20130606,20130608,20130611,20130612,20130613,20130614,20130615,20130616
Number is 35
G.5.4_index_4_VS_G.7.4_index_1 [6] 
Ngay: 20130524,20130527,20130529,20130531,20130601,20130608,20130611,20130612,20130613,20130614,20130615,20130616
Number is 36
G.1.1_index_2_VS_G.5.5_index_3 [7] 
Ngay: 20130529,20130531,20130608,20130610,20130611,20130612,20130613,20130614,20130615,20130616
Number is 49
G.3.2_index_2_VS_G.6.2_index_2 [8] 
Ngay: 20130525,20130528,20130530,20130531,20130603,20130607,20130608,20130609,20130611,20130612,20130613,20130614,20130615,20130616
Number is 60
G.5.5_index_3_VS_G.5.3_index_2 [9] 
Ngay: 20130524,20130525,20130527,20130529,20130602,20130603,20130605,20130611,20130612,20130613,20130614,20130615,20130616
Number is 61
G.5.5_index_3_VS_G.3.2_index_3 [10] 
Ngay: 20130525,20130526,20130527,20130529,20130531,20130601,20130603,20130611,20130612,20130613,20130614,20130615,20130616
Number is 72
G.5.4_index_2_VS_G.3.1_index_5 [11] 
Ngay: 20130524,20130525,20130527,20130528,20130531,20130602,20130603,20130606,20130608,20130610,20130611,20130612,20130613,20130614,20130615,20130616
Number is 73
G.5.4_index_3_VS_G.4.4_index_4 [12] 
Ngay: 20130525,20130526,20130527,20130529,20130531,20130603,20130606,20130609,20130610,20130611,20130612,20130613,20130614,20130615,20130616
Number is 77
G.3.3_index_4_VS_G.5.4_index_3 [13] 
Ngay: 20130525,20130526,20130527,20130529,20130530,20130531,20130603,20130605,20130606,20130611,20130612,20130613,20130614,20130615,20130616
G.3.4_index_1_VS_G.5.4_index_2 [14] 
Ngay: 20130527,20130528,20130529,20130531,20130602,20130603,20130604,20130605,20130608,20130611,20130612,20130613,20130614,20130615,20130616
Number is 83
G.6.3_index_2_VS_G.5.1_index_2 [15] 
Ngay: 20130524,20130528,20130531,20130601,20130602,20130604,20130605,20130607,20130611,20130612,20130613,20130614,20130615,20130616
Number is 87
G.2.1_index_4_VS_G.3.3_index_1 [16] 
Ngay: 20130524,20130525,20130526,20130527,20130530,20130601,20130602,20130606,20130607,20130611,20130612,20130613,20130614,20130615,20130616
Number is 96
G.1.1_index_5_VS_G.5.4_index_1 [17] 
Ngay: 20130525,20130526,20130530,20130601,20130602,20130604,20130607,20130609,20130611,20130612,20130613,20130614,20130615,20130616
Number is 99
G.3.4_index_5_VS_G.3.2_index_4 [18] 
Ngay: 20130527,20130531,20130601,20130604,20130606,20130607,20130611,20130612,20130613,20130614,20130615,20130616
