Last Date = 20130705
Number is 12
G.1.1_index_2_VS_G.4.4_index_3 [14] 
Ngay: 20130524,20130525,20130526,20130530,20130531,20130605,20130606,20130607,20130611,20130613,20130614,20130615,20130616,20130617,20130618,20130623,20130626,20130627,20130629,20130630,20130701
Number is 22
G.5.6_index_3_VS_G.4.4_index_3 [4] 
Ngay: 20130525,20130526,20130527,20130530,20130531,20130603,20130604,20130608,20130609,20130612,20130613,20130614,20130615,20130616,20130617,20130618,20130623,20130624,20130626,20130628,20130630,20130701,20130702,20130703
Number is 37
G.3.5_index_1_VS_G.4.4_index_1 [5] 
Ngay: 20130526,20130527,20130529,20130530,20130601,20130613,20130614,20130615,20130616,20130617,20130618,20130623,20130626,20130629
