Last Date = 20130705
Number is 01
G.3.3_index_2_VS_G.2.2_index_2 [26] 
Ngay: 20130525,20130527,20130528,20130530,20130531,20130605,20130608,20130609,20130610,20130614,20130615,20130616,20130617,20130618,20130619,20130627,20130629,20130630,20130701,20130702,20130704
Number is 83
G.3.2_index_3_VS_G.3.1_index_2 [31] 
Ngay: 20130524,20130527,20130529,20130531,20130601,20130602,20130605,20130606,20130611,20130613,20130614,20130615,20130616,20130617,20130618,20130619,20130626,20130628,20130701,20130704
Number is 84
G.6.2_index_3_VS_G.2.1_index_1 [11] 
Ngay: 20130524,20130525,20130528,20130529,20130530,20130602,20130605,20130606,20130607,20130609,20130612,20130614,20130615,20130616,20130617,20130618,20130619,20130629,20130701,20130702,20130703,20130704
