Last Date = 20130705
Number is 17
G.2.2_index_2_VS_G.3.5_index_2 [3] 
Ngay: 20130525,20130608,20130615,20130616,20130617,20130618,20130619,20130620,20130625,20130627,20130630,20130701
Number is 37
G.5.4_index_2_VS_G.3.2_index_5[36] 
Ngay: 20130524,20130527,20130528,20130529,20130531,20130601,20130602,20130603,20130605,20130606,20130608,20130610,20130612,20130615,20130616,20130617,20130618,20130619,20130620,20130627,20130630,20130702,20130703
Number is 39
G.4.1_index_1_VS_G.3.4_index_5[2] 
Ngay: 20130524,20130525,20130527,20130528,20130531,20130601,20130603,20130605,20130609,20130613,20130615,20130616,20130617,20130618,20130619,20130620,20130625,20130630,20130701,20130702
Number is 94
G.3.6_index_4_VS_G.2.1_index_4[22] 
Ngay: 20130524,20130526,20130530,20130601,20130602,20130605,20130608,20130613,20130614,20130615,20130616,20130617,20130618,20130619,20130620,20130626,20130627,20130628,20130701,20130702
