Last Date = 20130705
Number is 23
G.6.1_index_2_VS_G.6.2_index_1[23] 
Ngay: 20130604,20130605,20130606,20130607,20130609,20130616,20130617,20130618,20130619,20130620,20130621,20130627,20130628,20130701
Number is 36
G.6.2_index_1_VS_G.3.3_index_4[13] 
Ngay: 20130527,20130528,20130606,20130607,20130610,20130611,20130616,20130617,20130618,20130619,20130620,20130621,20130627,20130628,20130629,20130701,20130702,20130704
Number is 43
G.2.1_index_1_VS_G.3.1_index_2[22] 
Ngay: 20130526,20130529,20130530,20130531,20130603,20130604,20130605,20130607,20130608,20130609,20130614,20130616,20130617,20130618,20130619,20130620,20130621,20130629,20130702,20130703,20130704
Number is 76
G.5.5_index_4_VS_G.5.4_index_1[29] 
Ngay: 20130524,20130525,20130602,20130605,20130606,20130611,20130612,20130614,20130615,20130616,20130617,20130618,20130619,20130620,20130621,20130626,20130627,20130628,20130629,20130630,20130702,20130704
Number is 87
G.5.1_index_2_VS_G.5.5_index_4[31] 
Ngay: 20130524,20130525,20130527,20130530,20130601,20130602,20130603,20130606,20130608,20130613,20130616,20130617,20130618,20130619,20130620,20130621,20130628,20130629,20130701,20130702
Number is 96
G.3.4_index_5_VS_G.3.4_index_3[33] 
Ngay: 20130527,20130528,20130531,20130605,20130615,20130616,20130617,20130618,20130619,20130620,20130621,20130628,20130703
Number is 98
G.3.4_index_1_VS_G.1.1_index_5[17] 
Ngay: 20130524,20130525,20130526,20130528,20130529,20130531,20130601,20130602,20130613,20130616,20130617,20130618,20130619,20130620,20130621,20130627,20130704
