Last Date = 20130705
Number is 33
G.6.2_index_1_VS_G.3.3_index_5[6] 
Ngay: 20130524,20130526,20130527,20130530,20130601,20130602,20130604,20130606,20130608,20130609,20130610,20130611,20130612,20130617,20130618,20130619,20130620,20130621,20130622,20130627,20130628,20130629,20130630,20130701,20130702
Number is 73
G.5.5_index_4_VS_G.3.1_index_2[13] 
Ngay: 20130526,20130527,20130530,20130602,20130603,20130606,20130608,20130613,20130614,20130616,20130617,20130618,20130619,20130620,20130621,20130622,20130627,20130628,20130630,20130703,20130704
Number is 82
G.2.1_index_3_VS_G.3.1_index_1[1] 
Ngay: 20130524,20130526,20130527,20130528,20130529,20130530,20130601,20130602,20130603,20130605,20130607,20130609,20130612,20130613,20130617,20130618,20130619,20130620,20130621,20130622,20130628,20130701,20130702,20130703,20130704
