Last Date = 20130630
Except date ======= 
required date ======= 20130620,20130621,20130622,20130623,20130624,20130625
Number is 00
G.5.1_index_1_VS_G.2.2_index_3 [1] 
Ngay: 20130524,20130525,20130526,20130527,20130602,20130609,20130610,20130615,20130620,20130621,20130622,20130623,20130624,20130625,20130626,20130627
Number is 09
G.5.1_index_1_VS_G.3.2_index_2 [2] 
Ngay: 20130525,20130526,20130529,20130530,20130604,20130608,20130609,20130610,20130611,20130613,20130614,20130615,20130617,20130618,20130620,20130621,20130622,20130623,20130624,20130625,20130626,20130627
Number is 13
G.3.4_index_4_VS_G.3.2_index_4 [3] 
Ngay: 20130524,20130525,20130526,20130529,20130602,20130605,20130607,20130610,20130611,20130612,20130613,20130614,20130616,20130617,20130619,20130620,20130621,20130622,20130623,20130624,20130625
G.2.2_index_4_VS_G.4.4_index_2 [4] 
Ngay: 20130528,20130602,20130610,20130615,20130616,20130620,20130621,20130622,20130623,20130624,20130625,20130628
Number is 16
G.7.3_index_1_VS_G.3.2_index_5 [5] 
Ngay: 20130524,20130529,20130530,20130602,20130605,20130606,20130608,20130609,20130610,20130612,20130617,20130620,20130621,20130622,20130623,20130624,20130625,20130626,20130628
G.7.3_index_1_VS_G.5.6_index_1 [6] 
Ngay: 20130524,20130531,20130601,20130602,20130603,20130610,20130611,20130612,20130614,20130618,20130619,20130620,20130621,20130622,20130623,20130624,20130625,20130626,20130628,20130629
Number is 18
G.3.1_index_2_VS_G.DB_index_5 [7] 
Ngay: 20130526,20130529,20130531,20130601,20130602,20130603,20130604,20130608,20130609,20130610,20130616,20130619,20130620,20130621,20130622,20130623,20130624,20130625,20130629
Number is 25
G.3.6_index_4_VS_G.4.1_index_4 [8] 
Ngay: 20130526,20130602,20130604,20130606,20130611,20130612,20130613,20130615,20130617,20130618,20130619,20130620,20130621,20130622,20130623,20130624,20130625,20130626,20130627
Number is 36
G.3.3_index_5_VS_G.1.1_index_2 [9] 
Ngay: 20130524,20130527,20130530,20130531,20130601,20130602,20130603,20130606,20130609,20130610,20130612,20130613,20130615,20130616,20130617,20130620,20130621,20130622,20130623,20130624,20130625,20130627
Number is 37
G.5.3_index_3_VS_G.5.4_index_4 [10] 
Ngay: 20130524,20130530,20130604,20130607,20130608,20130610,20130614,20130615,20130619,20130620,20130621,20130622,20130623,20130624,20130625,20130626,20130627
Number is 47
G.1.1_index_4_VS_G.3.6_index_5 [11] 
Ngay: 20130525,20130527,20130529,20130531,20130604,20130608,20130609,20130611,20130613,20130617,20130618,20130620,20130621,20130622,20130623,20130624,20130625,20130628
Number is 50
G.2.1_index_2_VS_G.5.6_index_2 [12] 
Ngay: 20130524,20130526,20130531,20130602,20130604,20130605,20130606,20130607,20130608,20130609,20130610,20130611,20130612,20130614,20130616,20130618,20130620,20130621,20130622,20130623,20130624,20130625,20130626,20130628,20130629
Number is 53
G.4.1_index_4_VS_G.5.3_index_3 [13] 
Ngay: 20130528,20130530,20130604,20130607,20130608,20130609,20130615,20130619,20130620,20130621,20130622,20130623,20130624,20130625,20130627
Number is 55
G.6.1_index_3_VS_G.4.1_index_4 [14] 
Ngay: 20130526,20130528,20130531,20130602,20130603,20130604,20130605,20130606,20130608,20130615,20130620,20130621,20130622,20130623,20130624,20130625,20130626,20130627
G.6.1_index_3_VS_G.7.2_index_1 [15] 
Ngay: 20130524,20130525,20130527,20130528,20130603,20130604,20130605,20130608,20130610,20130611,20130614,20130620,20130621,20130622,20130623,20130624,20130625,20130626,20130629
Number is 60
G.5.6_index_1_VS_G.3.5_index_1 [16] 
Ngay: 20130524,20130526,20130528,20130529,20130530,20130604,20130610,20130612,20130615,20130620,20130621,20130622,20130623,20130624,20130625,20130629
G.5.2_index_2_VS_G.3.2_index_1 [17] 
Ngay: 20130524,20130528,20130530,20130601,20130608,20130609,20130610,20130612,20130614,20130615,20130616,20130618,20130620,20130621,20130622,20130623,20130624,20130625,20130628
G.5.6_index_1_VS_G.2.2_index_3 [18] 
Ngay: 20130528,20130530,20130602,20130603,20130608,20130609,20130614,20130618,20130620,20130621,20130622,20130623,20130624,20130625
Number is 64
G.5.6_index_1_VS_G.1.1_index_4 [19] 
Ngay: 20130525,20130526,20130527,20130528,20130529,20130530,20130603,20130604,20130605,20130611,20130615,20130619,20130620,20130621,20130622,20130623,20130624,20130625,20130626,20130628,20130629
Number is 65
G.5.2_index_2_VS_G.4.1_index_4 [20] 
Ngay: 20130528,20130601,20130602,20130603,20130606,20130608,20130609,20130611,20130612,20130613,20130617,20130619,20130620,20130621,20130622,20130623,20130624,20130625,20130626
Number is 66
G.5.1_index_3_VS_G.3.2_index_5 [21] 
Ngay: 20130524,20130525,20130527,20130603,20130605,20130606,20130607,20130608,20130610,20130612,20130614,20130616,20130620,20130621,20130622,20130623,20130624,20130625,20130627,20130628
G.7.2_index_2_VS_G.5.6_index_1 [22] 
Ngay: 20130525,20130527,20130603,20130604,20130610,20130611,20130612,20130615,20130616,20130618,20130620,20130621,20130622,20130623,20130624,20130625,20130628
G.5.6_index_4_VS_G.3.2_index_5 [23] 
Ngay: 20130604,20130605,20130606,20130608,20130610,20130613,20130615,20130616,20130617,20130618,20130620,20130621,20130622,20130623,20130624,20130625,20130627,20130628
Number is 67
G.5.2_index_2_VS_G.5.4_index_4 [24] 
Ngay: 20130524,20130525,20130526,20130529,20130530,20130531,20130601,20130607,20130608,20130611,20130612,20130614,20130617,20130620,20130621,20130622,20130623,20130624,20130625,20130626
G.5.2_index_4_VS_G.6.2_index_3 [25] 
Ngay: 20130524,20130530,20130531,20130602,20130605,20130608,20130609,20130610,20130611,20130612,20130613,20130616,20130617,20130619,20130620,20130621,20130622,20130623,20130624,20130625,20130628
Number is 68
G.5.2_index_2_VS_G.3.4_index_5 [26] 
Ngay: 20130525,20130528,20130530,20130531,20130604,20130605,20130606,20130607,20130608,20130610,20130612,20130616,20130617,20130620,20130621,20130622,20130623,20130624,20130625
Number is 70
G.5.3_index_4_VS_G.5.1_index_1 [27] 
Ngay: 20130527,20130528,20130601,20130604,20130605,20130606,20130608,20130609,20130611,20130614,20130615,20130619,20130620,20130621,20130622,20130623,20130624,20130625
Number is 72
G.5.6_index_3_VS_G.3.6_index_4 [28] 
Ngay: 20130526,20130528,20130529,20130530,20130601,20130602,20130603,20130609,20130610,20130616,20130618,20130620,20130621,20130622,20130623,20130624,20130625,20130626,20130627
Number is 73
G.5.6_index_3_VS_G.3.3_index_5 [29] 
Ngay: 20130524,20130527,20130528,20130530,20130601,20130606,20130607,20130609,20130613,20130615,20130617,20130620,20130621,20130622,20130623,20130624,20130625
G.6.1_index_2_VS_G.5.5_index_3 [30] 
Ngay: 20130526,20130528,20130529,20130530,20130531,20130604,20130606,20130607,20130610,20130612,20130614,20130616,20130620,20130621,20130622,20130623,20130624,20130625,20130627
Number is 77
G.3.6_index_5_VS_G.3.5_index_2 [31] 
Ngay: 20130524,20130527,20130531,20130603,20130604,20130607,20130608,20130609,20130620,20130621,20130622,20130623,20130624,20130625
Number is 78
G.6.1_index_2_VS_G.6.2_index_2 [32] 
Ngay: 20130525,20130527,20130528,20130531,20130601,20130603,20130608,20130611,20130612,20130614,20130615,20130616,20130619,20130620,20130621,20130622,20130623,20130624,20130625
Number is 83
G.DB_index_4_VS_G.3.6_index_3 [33] 
Ngay: 20130527,20130602,20130605,20130607,20130608,20130609,20130610,20130611,20130613,20130614,20130615,20130619,20130620,20130621,20130622,20130623,20130624,20130625,20130626,20130628,20130629
Number is 93
G.2.2_index_1_VS_G.3.3_index_5 [34] 
Ngay: 20130524,20130525,20130527,20130530,20130531,20130601,20130607,20130609,20130610,20130614,20130615,20130617,20130619,20130620,20130621,20130622,20130623,20130624,20130625,20130626,20130627,20130628
Number is 95
G.3.3_index_2_VS_G.3.3_index_3 [35] 
Ngay: 20130525,20130526,20130527,20130528,20130531,20130605,20130608,20130609,20130610,20130614,20130615,20130617,20130619,20130620,20130621,20130622,20130623,20130624,20130625,20130629
