Last Date = 20131007
Except date ======= 
required date ======= 20130927,20130928,20130929,20130930,20131001,20131002
Number is 07
G.DB_index_1_VS_G.5.6_index_4 [1] 
Ngay: 20130913,20130916,20130919,20130921,20130925,20130926,20130927,20130928,20130929,20130930,20131001,20131002,20131005
Number is 15
G.2.2_index_2_VS_G.3.5_index_2 [2] 
Ngay: 20130911,20130912,20130917,20130918,20130921,20130923,20130924,20130926,20130927,20130928,20130929,20130930,20131001,20131002,20131004,20131006
Number is 25
G.3.2_index_1_VS_G.5.1_index_1 [3] 
Ngay: 20130911,20130916,20130925,20130926,20130927,20130928,20130929,20130930,20131001,20131002,20131005
Number is 26
G.2.1_index_4_VS_G.3.4_index_3 [4] 
Ngay: 20130915,20130920,20130921,20130922,20130923,20130925,20130926,20130927,20130928,20130929,20130930,20131001,20131002,20131003,20131004
Number is 31
G.DB_index_3_VS_G.2.2_index_2 [5] 
Ngay: 20130911,20130917,20130918,20130921,20130922,20130924,20130927,20130928,20130929,20130930,20131001,20131002,20131004,20131006
Number is 33
G.DB_index_3_VS_G.DB_index_5 [6] 
Ngay: 20130910,20130911,20130912,20130914,20130915,20130916,20130918,20130921,20130924,20130926,20130927,20130928,20130929,20130930,20131001,20131002,20131003
G.3.5_index_3_VS_G.3.1_index_5 [7] 
Ngay: 20130911,20130912,20130914,20130918,20130921,20130922,20130925,20130926,20130927,20130928,20130929,20130930,20131001,20131002,20131003
Number is 34
G.1.1_index_3_VS_G.7.1_index_1 [8] 
Ngay: 20130915,20130916,20130918,20130919,20130920,20130924,20130926,20130927,20130928,20130929,20130930,20131001,20131002,20131003,20131004,20131005,20131006
Number is 35
G.3.1_index_5_VS_G.3.3_index_5 [9] 
Ngay: 20130911,20130912,20130914,20130918,20130927,20130928,20130929,20130930,20131001,20131002,20131003,20131004,20131005,20131006
Number is 36
G.DB_index_3_VS_G.5.1_index_4 [10] 
Ngay: 20130910,20130911,20130912,20130915,20130917,20130918,20130919,20130921,20130922,20130924,20130926,20130927,20130928,20130929,20130930,20131001,20131002,20131003,20131004,20131006
G.5.6_index_2_VS_G.6.3_index_2 [11] 
Ngay: 20130910,20130914,20130920,20130924,20130925,20130927,20130928,20130929,20130930,20131001,20131002,20131005,20131006
Number is 37
G.DB_index_3_VS_G.5.6_index_4 [12] 
Ngay: 20130915,20130918,20130926,20130927,20130928,20130929,20130930,20131001,20131002,20131003,20131004,20131005
Number is 38
G.3.5_index_3_VS_G.6.2_index_3 [13] 
Ngay: 20130910,20130912,20130913,20130916,20130918,20130920,20130921,20130922,20130925,20130927,20130928,20130929,20130930,20131001,20131002,20131005
Number is 42
G.3.6_index_3_VS_G.4.1_index_2 [14] 
Ngay: 20130914,20130915,20130918,20130921,20130922,20130927,20130928,20130929,20130930,20131001,20131002,20131004,20131005
Number is 43
G.7.1_index_2_VS_G.5.6_index_2 [15] 
Ngay: 20130911,20130912,20130914,20130915,20130916,20130920,20130926,20130927,20130928,20130929,20130930,20131001,20131002,20131006
Number is 44
G.6.3_index_3_VS_G.7.1_index_1 [16] 
Ngay: 20130911,20130915,20130917,20130918,20130920,20130924,20130926,20130927,20130928,20130929,20130930,20131001,20131002,20131004,20131005,20131006
Number is 45
G.3.1_index_4_VS_G.5.1_index_1 [17] 
Ngay: 20130910,20130911,20130916,20130920,20130921,20130922,20130924,20130927,20130928,20130929,20130930,20131001,20131002,20131005
G.7.1_index_2_VS_G.5.3_index_2 [18] 
Ngay: 20130911,20130912,20130914,20130915,20130916,20130920,20130921,20130922,20130923,20130927,20130928,20130929,20130930,20131001,20131002,20131003
Number is 52
G.4.2_index_3_VS_G.4.1_index_2 [19] 
Ngay: 20130912,20130914,20130915,20130916,20130927,20130928,20130929,20130930,20131001,20131002,20131006
G.3.6_index_5_VS_G.3.3_index_3 [20] 
Ngay: 20130910,20130911,20130912,20130914,20130917,20130921,20130925,20130927,20130928,20130929,20130930,20131001,20131002,20131004
Number is 53
G.3.3_index_5_VS_G.DB_index_3 [21] 
Ngay: 20130910,20130911,20130913,20130914,20130915,20130916,20130917,20130920,20130923,20130926,20130927,20130928,20130929,20130930,20131001,20131002,20131003,20131004,20131005
Number is 59
G.3.5_index_2_VS_G.7.2_index_2 [22] 
Ngay: 20130910,20130912,20130914,20130917,20130918,20130921,20130923,20130926,20130927,20130928,20130929,20130930,20131001,20131002,20131003,20131006
Number is 61
G.5.1_index_3_VS_G.5.3_index_1 [23] 
Ngay: 20130910,20130911,20130912,20130913,20130914,20130916,20130918,20130920,20130922,20130923,20130925,20130927,20130928,20130929,20130930,20131001,20131002,20131003,20131004,20131005,20131006
Number is 62
G.5.2_index_1_VS_G.3.4_index_4 [24] 
Ngay: 20130912,20130917,20130919,20130920,20130921,20130925,20130926,20130927,20130928,20130929,20130930,20131001,20131002,20131005,20131006
Number is 63
G.6.2_index_1_VS_G.DB_index_3 [25] 
Ngay: 20130912,20130914,20130916,20130920,20130921,20130927,20130928,20130929,20130930,20131001,20131002,20131004,20131005
Number is 68
G.6.3_index_2_VS_G.1.1_index_1 [26] 
Ngay: 20130910,20130911,20130912,20130914,20130916,20130917,20130919,20130922,20130923,20130927,20130928,20130929,20130930,20131001,20131002,20131006
Number is 69
G.5.1_index_3_VS_G.3.2_index_3 [27] 
Ngay: 20130917,20130920,20130922,20130927,20130928,20130929,20130930,20131001,20131002,20131005
G.5.2_index_1_VS_G.7.4_index_1 [28] 
Ngay: 20130910,20130912,20130913,20130914,20130915,20130916,20130918,20130919,20130922,20130925,20130926,20130927,20130928,20130929,20130930,20131001,20131002
Number is 74
G.3.4_index_1_VS_G.7.1_index_1 [29] 
Ngay: 20130910,20130912,20130914,20130918,20130924,20130925,20130926,20130927,20130928,20130929,20130930,20131001,20131002,20131004
Number is 75
G.3.4_index_1_VS_G.6.1_index_1 [30] 
Ngay: 20130910,20130911,20130912,20130913,20130917,20130918,20130921,20130922,20130923,20130925,20130927,20130928,20130929,20130930,20131001,20131002,20131003,20131004,20131005
Number is 76
G.6.3_index_1_VS_G.3.4_index_3 [31] 
Ngay: 20130911,20130922,20130923,20130926,20130927,20130928,20130929,20130930,20131001,20131002,20131004,20131005
G.4.3_index_2_VS_G.5.4_index_2 [32] 
Ngay: 20130915,20130916,20130921,20130923,20130926,20130927,20130928,20130929,20130930,20131001,20131002,20131003,20131004
Number is 77
G.4.3_index_2_VS_G.5.6_index_4 [33] 
Ngay: 20130910,20130913,20130915,20130921,20130926,20130927,20130928,20130929,20130930,20131001,20131002,20131003,20131005
G.5.5_index_2_VS_G.2.1_index_5 [34] 
Ngay: 20130912,20130914,20130915,20130918,20130920,20130923,20130924,20130927,20130928,20130929,20130930,20131001,20131002,20131004,20131005
Number is 83
G.3.1_index_2_VS_G.DB_index_3 [35] 
Ngay: 20130911,20130913,20130914,20130916,20130921,20130922,20130924,20130926,20130927,20130928,20130929,20130930,20131001,20131002,20131004,20131005,20131006
Number is 87
G.1.1_index_1_VS_G.6.3_index_1 [36] 
Ngay: 20130913,20130914,20130916,20130917,20130927,20130928,20130929,20130930,20131001,20131002,20131004,20131006
Number is 93
G.7.2_index_2_VS_G.DB_index_3 [37] 
Ngay: 20130916,20130917,20130918,20130924,20130927,20130928,20130929,20130930,20131001,20131002,20131004,20131006
Number is 94
G.3.6_index_2_VS_G.7.1_index_1 [38] 
Ngay: 20130912,20130913,20130914,20130915,20130916,20130917,20130921,20130924,20130926,20130927,20130928,20130929,20130930,20131001,20131002,20131004,20131006
Number is 97
G.4.1_index_1_VS_G.3.3_index_4 [39] 
Ngay: 20130912,20130914,20130916,20130918,20130919,20130920,20130922,20130925,20130927,20130928,20130929,20130930,20131001,20131002,20131005
G.3.6_index_2_VS_G.3.4_index_1 [40] 
Ngay: 20130910,20130913,20130914,20130915,20130922,20130923,20130924,20130926,20130927,20130928,20130929,20130930,20131001,20131002,20131003,20131006
Number is 98
G.3.6_index_1_VS_G.2.2_index_5 [41] 
Ngay: 20130914,20130915,20130916,20130922,20130924,20130925,20130926,20130927,20130928,20130929,20130930,20131001,20131002,20131004,20131005,20131006
G.2.1_index_3_VS_G.4.2_index_2 [42] 
Ngay: 20130910,20130911,20130913,20130914,20130919,20130920,20130925,20130927,20130928,20130929,20130930,20131001,20131002,20131003,20131004,20131006
G.7.4_index_1_VS_G.4.4_index_1 [43] 
Ngay: 20130912,20130913,20130914,20130915,20130916,20130918,20130919,20130920,20130921,20130925,20130926,20130927,20130928,20130929,20130930,20131001,20131002
