Last Date = 20131004
Except date ======= 
required date ======= 20130928,20130929,20130930,20131001,20131002,20131003
Number is 04
G.3.5_index_4_VS_G.5.6_index_4 [1] 
Ngay: 20130910,20130911,20130915,20130917,20130919,20130922,20130923,20130924,20130925,20130928,20130929,20130930,20131001,20131002,20131003
Number is 13
G.1.1_index_3_VS_G.7.1_index_1 [2] 
Ngay: 20130915,20130916,20130918,20130919,20130920,20130924,20130926,20130927,20130928,20130929,20130930,20131001,20131002,20131003
Number is 15
G.3.5_index_2_VS_G.3.1_index_2 [3] 
Ngay: 20130910,20130911,20130912,20130917,20130922,20130923,20130928,20130929,20130930,20131001,20131002,20131003
G.6.1_index_1_VS_G.4.2_index_3 [4] 
Ngay: 20130910,20130913,20130916,20130917,20130926,20130928,20130929,20130930,20131001,20131002,20131003
Number is 16
G.3.5_index_2_VS_G.7.2_index_2 [5] 
Ngay: 20130910,20130912,20130914,20130917,20130918,20130921,20130923,20130926,20130927,20130928,20130929,20130930,20131001,20131002,20131003
Number is 19
G.2.1_index_3_VS_G.4.2_index_2 [6] 
Ngay: 20130910,20130911,20130913,20130914,20130919,20130920,20130925,20130927,20130928,20130929,20130930,20131001,20131002,20131003
Number is 31
G.DB_index_3_VS_G.5.1_index_4 [7] 
Ngay: 20130910,20130911,20130912,20130915,20130917,20130918,20130919,20130921,20130922,20130924,20130926,20130927,20130928,20130929,20130930,20131001,20131002,20131003
Number is 33
G.DB_index_3_VS_G.DB_index_5 [8] 
Ngay: 20130910,20130911,20130912,20130914,20130915,20130916,20130918,20130921,20130924,20130926,20130927,20130928,20130929,20130930,20131001,20131002,20131003
Number is 34
G.DB_index_3_VS_G.5.6_index_4 [9] 
Ngay: 20130915,20130918,20130926,20130927,20130928,20130929,20130930,20131001,20131002,20131003
G.4.4_index_2_VS_G.5.1_index_1 [10] 
Ngay: 20130910,20130912,20130913,20130915,20130916,20130923,20130924,20130926,20130928,20130929,20130930,20131001,20131002,20131003
Number is 38
G.3.1_index_5_VS_G.3.3_index_5 [11] 
Ngay: 20130911,20130912,20130914,20130918,20130927,20130928,20130929,20130930,20131001,20131002,20131003
Number is 41
G.3.4_index_1_VS_G.6.1_index_1 [12] 
Ngay: 20130910,20130911,20130912,20130913,20130917,20130918,20130921,20130922,20130923,20130925,20130927,20130928,20130929,20130930,20131001,20131002,20131003
G.2.1_index_4_VS_G.3.4_index_3 [13] 
Ngay: 20130915,20130920,20130921,20130922,20130923,20130925,20130926,20130927,20130928,20130929,20130930,20131001,20131002,20131003
Number is 43
G.4.3_index_2_VS_G.5.4_index_2 [14] 
Ngay: 20130915,20130916,20130921,20130923,20130926,20130927,20130928,20130929,20130930,20131001,20131002,20131003
Number is 44
G.4.3_index_2_VS_G.5.6_index_4 [15] 
Ngay: 20130910,20130913,20130915,20130921,20130926,20130927,20130928,20130929,20130930,20131001,20131002,20131003
Number is 48
G.5.1_index_1_VS_G.3.3_index_5 [16] 
Ngay: 20130912,20130913,20130917,20130920,20130925,20130926,20130928,20130929,20130930,20131001,20131002,20131003
Number is 53
G.5.1_index_3_VS_G.5.3_index_1 [17] 
Ngay: 20130910,20130911,20130912,20130913,20130914,20130916,20130918,20130920,20130922,20130923,20130925,20130927,20130928,20130929,20130930,20131001,20131002,20131003
Number is 60
G.3.4_index_2_VS_G.1.1_index_1 [18] 
Ngay: 20130910,20130911,20130914,20130915,20130916,20130918,20130923,20130926,20130928,20130929,20130930,20131001,20131002,20131003
Number is 64
G.3.6_index_2_VS_G.3.4_index_1 [19] 
Ngay: 20130910,20130913,20130914,20130915,20130922,20130923,20130924,20130926,20130927,20130928,20130929,20130930,20131001,20131002,20131003
Number is 65
G.7.1_index_2_VS_G.5.3_index_2 [20] 
Ngay: 20130911,20130912,20130914,20130915,20130916,20130920,20130921,20130922,20130923,20130927,20130928,20130929,20130930,20131001,20131002,20131003
Number is 71
G.4.1_index_1_VS_G.4.4_index_3 [21] 
Ngay: 20130912,20130914,20130916,20130918,20130919,20130921,20130928,20130929,20130930,20131001,20131002,20131003
Number is 73
G.3.5_index_3_VS_G.3.1_index_5 [22] 
Ngay: 20130911,20130912,20130914,20130918,20130921,20130922,20130925,20130926,20130927,20130928,20130929,20130930,20131001,20131002,20131003
Number is 83
G.3.3_index_5_VS_G.DB_index_3 [23] 
Ngay: 20130910,20130911,20130913,20130914,20130915,20130916,20130917,20130920,20130923,20130926,20130927,20130928,20130929,20130930,20131001,20131002,20131003
