Last Date = 20131008
Except date ======= 
required date ======= 20130928,20130929,20130930,20131001,20131002,20131003
Number is 02
G.2.1_index_4_VS_G.3.4_index_3 [1] 
Ngay: 20130915,20130920,20130921,20130922,20130923,20130925,20130926,20130927,20130928,20130929,20130930,20131001,20131002,20131003,20131004
Number is 06
G.5.1_index_3_VS_G.5.3_index_1 [2] 
Ngay: 20130910,20130911,20130912,20130913,20130914,20130916,20130918,20130920,20130922,20130923,20130925,20130927,20130928,20130929,20130930,20131001,20131002,20131003,20131004,20131005,20131006
Number is 10
G.6.1_index_1_VS_G.4.2_index_3 [3] 
Ngay: 20130910,20130913,20130916,20130917,20130926,20130928,20130929,20130930,20131001,20131002,20131003,20131004,20131005
Number is 14
G.3.3_index_5_VS_G.DB_index_3 [4] 
Ngay: 20130910,20130911,20130913,20130914,20130915,20130916,20130917,20130920,20130923,20130926,20130927,20130928,20130929,20130930,20131001,20131002,20131003,20131004,20131005
Number is 23
G.3.4_index_2_VS_G.1.1_index_1 [5] 
Ngay: 20130910,20130911,20130914,20130915,20130916,20130918,20130923,20130926,20130928,20130929,20130930,20131001,20131002,20131003,20131005,20131006
Number is 37
G.4.1_index_1_VS_G.4.4_index_3 [6] 
Ngay: 20130912,20130914,20130916,20130918,20130919,20130921,20130928,20130929,20130930,20131001,20131002,20131003
Number is 42
G.DB_index_3_VS_G.5.1_index_4 [7] 
Ngay: 20130910,20130911,20130912,20130915,20130917,20130918,20130919,20130921,20130922,20130924,20130926,20130927,20130928,20130929,20130930,20131001,20131002,20131003,20131004,20131006
Number is 48
G.DB_index_3_VS_G.5.6_index_4 [8] 
Ngay: 20130915,20130918,20130926,20130927,20130928,20130929,20130930,20131001,20131002,20131003,20131004,20131005
G.DB_index_3_VS_G.DB_index_5 [9] 
Ngay: 20130910,20130911,20130912,20130914,20130915,20130916,20130918,20130921,20130924,20130926,20130927,20130928,20130929,20130930,20131001,20131002,20131003
Number is 64
G.1.1_index_3_VS_G.7.1_index_1 [10] 
Ngay: 20130915,20130916,20130918,20130919,20130920,20130924,20130926,20130927,20130928,20130929,20130930,20131001,20131002,20131003,20131004,20131005,20131006,20131007
Number is 67
G.4.4_index_2_VS_G.5.1_index_1 [11] 
Ngay: 20130910,20130912,20130913,20130915,20130916,20130923,20130924,20130926,20130928,20130929,20130930,20131001,20131002,20131003,20131004,20131005,20131007
G.3.5_index_3_VS_G.3.1_index_5 [12] 
Ngay: 20130911,20130912,20130914,20130918,20130921,20130922,20130925,20130926,20130927,20130928,20130929,20130930,20131001,20131002,20131003
Number is 68
G.3.5_index_4_VS_G.5.6_index_4 [13] 
Ngay: 20130910,20130911,20130915,20130917,20130919,20130922,20130923,20130924,20130925,20130928,20130929,20130930,20131001,20131002,20131003,20131004,20131006,20131007
Number is 71
G.5.1_index_1_VS_G.3.3_index_5 [14] 
Ngay: 20130912,20130913,20130917,20130920,20130925,20130926,20130928,20130929,20130930,20131001,20131002,20131003,20131005
G.3.1_index_5_VS_G.3.3_index_5 [15] 
Ngay: 20130911,20130912,20130914,20130918,20130927,20130928,20130929,20130930,20131001,20131002,20131003,20131004,20131005,20131006
Number is 72
G.7.1_index_2_VS_G.5.3_index_2 [16] 
Ngay: 20130911,20130912,20130914,20130915,20130916,20130920,20130921,20130922,20130923,20130927,20130928,20130929,20130930,20131001,20131002,20131003
Number is 76
G.2.1_index_3_VS_G.4.2_index_2 [17] 
Ngay: 20130910,20130911,20130913,20130914,20130919,20130920,20130925,20130927,20130928,20130929,20130930,20131001,20131002,20131003,20131004,20131006
Number is 79
G.3.6_index_2_VS_G.3.4_index_1 [18] 
Ngay: 20130910,20130913,20130914,20130915,20130922,20130923,20130924,20130926,20130927,20130928,20130929,20130930,20131001,20131002,20131003,20131006
Number is 91
G.3.5_index_2_VS_G.3.1_index_2 [19] 
Ngay: 20130910,20130911,20130912,20130917,20130922,20130923,20130928,20130929,20130930,20131001,20131002,20131003,20131004,20131007
G.3.4_index_1_VS_G.6.1_index_1 [20] 
Ngay: 20130910,20130911,20130912,20130913,20130917,20130918,20130921,20130922,20130923,20130925,20130927,20130928,20130929,20130930,20131001,20131002,20131003,20131004,20131005
Number is 95
G.3.5_index_2_VS_G.7.2_index_2 [21] 
Ngay: 20130910,20130912,20130914,20130917,20130918,20130921,20130923,20130926,20130927,20130928,20130929,20130930,20131001,20131002,20131003,20131006
G.4.3_index_2_VS_G.5.4_index_2 [22] 
Ngay: 20130915,20130916,20130921,20130923,20130926,20130927,20130928,20130929,20130930,20131001,20131002,20131003,20131004
Number is 98
G.4.3_index_2_VS_G.5.6_index_4 [23] 
Ngay: 20130910,20130913,20130915,20130921,20130926,20130927,20130928,20130929,20130930,20131001,20131002,20131003,20131005
