Last Date = 20131009
Except date ======= 
required date ======= 20130929,20130930,20131001,20131002,20131003,20131004
Number is 01
G.3.6_index_1_VS_G.DB_index_3 [1] 
Ngay: 20130910,20130912,20130915,20130916,20130920,20130922,20130923,20130924,20130926,20130929,20130930,20131001,20131002,20131003,20131004,20131008
Number is 04
G.3.6_index_1_VS_G.6.3_index_1 [2] 
Ngay: 20130912,20130913,20130914,20130916,20130922,20130923,20130924,20130926,20130929,20130930,20131001,20131002,20131003,20131004,20131005,20131006
Number is 11
G.DB_index_3_VS_G.5.6_index_4 [3] 
Ngay: 20130915,20130918,20130926,20130927,20130928,20130929,20130930,20131001,20131002,20131003,20131004,20131005,20131008
G.3.3_index_5_VS_G.DB_index_3 [4] 
Ngay: 20130910,20130911,20130913,20130914,20130915,20130916,20130917,20130920,20130923,20130926,20130927,20130928,20130929,20130930,20131001,20131002,20131003,20131004,20131005,20131008
Number is 12
G.6.1_index_1_VS_G.4.2_index_3 [5] 
Ngay: 20130910,20130913,20130916,20130917,20130926,20130928,20130929,20130930,20131001,20131002,20131003,20131004,20131005
Number is 14
G.DB_index_3_VS_G.5.1_index_4 [6] 
Ngay: 20130910,20130911,20130912,20130915,20130917,20130918,20130919,20130921,20130922,20130924,20130926,20130927,20130928,20130929,20130930,20131001,20131002,20131003,20131004,20131006,20131008
Number is 21
G.2.1_index_5_VS_G.DB_index_3 [7] 
Ngay: 20130910,20130914,20130918,20130926,20130927,20130929,20130930,20131001,20131002,20131003,20131004,20131006,20131008
Number is 24
G.4.3_index_3_VS_G.4.2_index_4 [8] 
Ngay: 20130910,20130913,20130916,20130917,20130918,20130919,20130920,20130921,20130925,20130926,20130927,20130929,20130930,20131001,20131002,20131003,20131004,20131007,20131008
Number is 38
G.3.3_index_4_VS_G.7.1_index_1 [9] 
Ngay: 20130911,20130913,20130915,20130917,20130918,20130921,20130924,20130929,20130930,20131001,20131002,20131003,20131004,20131006,20131007,20131008
G.7.3_index_1_VS_G.5.6_index_2 [10] 
Ngay: 20130916,20130917,20130919,20130920,20130921,20130924,20130925,20130926,20130927,20130929,20130930,20131001,20131002,20131003,20131004,20131007
Number is 39
G.4.4_index_2_VS_G.5.1_index_1 [11] 
Ngay: 20130910,20130912,20130913,20130915,20130916,20130923,20130924,20130926,20130928,20130929,20130930,20131001,20131002,20131003,20131004,20131005,20131007,20131008
Number is 41
G.3.4_index_1_VS_G.6.1_index_1 [12] 
Ngay: 20130910,20130911,20130912,20130913,20130917,20130918,20130921,20130922,20130923,20130925,20130927,20130928,20130929,20130930,20131001,20131002,20131003,20131004,20131005
Number is 44
G.2.1_index_3_VS_G.4.2_index_2 [13] 
Ngay: 20130910,20130911,20130913,20130914,20130919,20130920,20130925,20130927,20130928,20130929,20130930,20131001,20131002,20131003,20131004,20131006,20131008
Number is 48
G.5.1_index_3_VS_G.5.3_index_1 [14] 
Ngay: 20130910,20130911,20130912,20130913,20130914,20130916,20130918,20130920,20130922,20130923,20130925,20130927,20130928,20130929,20130930,20131001,20131002,20131003,20131004,20131005,20131006,20131008
Number is 50
G.3.1_index_5_VS_G.6.3_index_3 [15] 
Ngay: 20130913,20130917,20130921,20130922,20130924,20130929,20130930,20131001,20131002,20131003,20131004,20131006,20131007
Number is 51
G.3.1_index_5_VS_G.3.3_index_5 [16] 
Ngay: 20130911,20130912,20130914,20130918,20130927,20130928,20130929,20130930,20131001,20131002,20131003,20131004,20131005,20131006,20131008
Number is 56
G.2.1_index_4_VS_G.3.4_index_3 [17] 
Ngay: 20130915,20130920,20130921,20130922,20130923,20130925,20130926,20130927,20130928,20130929,20130930,20131001,20131002,20131003,20131004
Number is 69
G.3.4_index_3_VS_G.5.1_index_1 [18] 
Ngay: 20130910,20130911,20130912,20130921,20130926,20130927,20130929,20130930,20131001,20131002,20131003,20131004,20131007,20131008
Number is 71
G.3.5_index_4_VS_G.5.6_index_4 [19] 
Ngay: 20130910,20130911,20130915,20130917,20130919,20130922,20130923,20130924,20130925,20130928,20130929,20130930,20131001,20131002,20131003,20131004,20131006,20131007
Number is 75
G.1.1_index_3_VS_G.3.1_index_5 [20] 
Ngay: 20130911,20130918,20130919,20130921,20130922,20130924,20130929,20130930,20131001,20131002,20131003,20131004,20131008
Number is 78
G.4.1_index_2_VS_G.5.6_index_2 [21] 
Ngay: 20130910,20130911,20130915,20130917,20130920,20130925,20130927,20130929,20130930,20131001,20131002,20131003,20131004,20131006,20131007,20131008
G.1.1_index_3_VS_G.7.1_index_1 [22] 
Ngay: 20130915,20130916,20130918,20130919,20130920,20130924,20130926,20130927,20130928,20130929,20130930,20131001,20131002,20131003,20131004,20131005,20131006,20131007,20131008
Number is 80
G.3.1_index_4_VS_G.5.4_index_2 [23] 
Ngay: 20130910,20130915,20130919,20130920,20130922,20130923,20130925,20130926,20130929,20130930,20131001,20131002,20131003,20131004,20131005,20131008
G.3.6_index_3_VS_G.4.1_index_3 [24] 
Ngay: 20130910,20130911,20130912,20130916,20130919,20130920,20130924,20130926,20130929,20130930,20131001,20131002,20131003,20131004,20131005
Number is 81
G.3.5_index_2_VS_G.5.6_index_4 [25] 
Ngay: 20130910,20130912,20130915,20130918,20130919,20130926,20130929,20130930,20131001,20131002,20131003,20131004
Number is 82
G.3.5_index_2_VS_G.2.1_index_5 [26] 
Ngay: 20130913,20130917,20130918,20130919,20130923,20130924,20130927,20130929,20130930,20131001,20131002,20131003,20131004,20131008
Number is 84
G.3.5_index_2_VS_G.3.5_index_5 [27] 
Ngay: 20130912,20130917,20130922,20130923,20130926,20130927,20130929,20130930,20131001,20131002,20131003,20131004,20131007
Number is 87
G.3.5_index_2_VS_G.3.1_index_2 [28] 
Ngay: 20130910,20130911,20130912,20130917,20130922,20130923,20130928,20130929,20130930,20131001,20131002,20131003,20131004,20131007
Number is 90
G.4.3_index_2_VS_G.5.4_index_2 [29] 
Ngay: 20130915,20130916,20130921,20130923,20130926,20130927,20130928,20130929,20130930,20131001,20131002,20131003,20131004
