Last Date = 20131010
Except date ======= 20131006,20131007,20131008,20131009
required date ======= 20130930,20131001,20131002,20131003,20131004,20131005
Number is 06
G.2.2_index_3_VS_G.5.6_index_4 [27] 
Ngay: 20130910,20130912,20130915,20130918,20130922,20130926,20130928,20130930,20131001,20131002,20131003,20131004,20131005
Number is 36
G.6.1_index_1_VS_G.4.2_index_3 [3] 
Ngay: 20130910,20130913,20130916,20130917,20130926,20130928,20130929,20130930,20131001,20131002,20131003,20131004,20131005
Number is 43
G.3.6_index_1_VS_G.6.1_index_1 [9] 
Ngay: 20130914,20130916,20130920,20130921,20130925,20130930,20131001,20131002,20131003,20131004,20131005
Number is 83
G.3.4_index_1_VS_G.6.1_index_1 [10] 
Ngay: 20130910,20130911,20130912,20130913,20130917,20130918,20130921,20130922,20130923,20130925,20130927,20130928,20130929,20130930,20131001,20131002,20131003,20131004,20131005
Number is 88
G.4.3_index_3_VS_G.DB_index_2 [5] 
Ngay: 20130910,20130911,20130914,20130916,20130919,20130926,20130928,20130930,20131001,20131002,20131003,20131004,20131005
Number is 91
G.6.1_index_3_VS_G.5.6_index_1 [6] 
Ngay: 20130910,20130913,20130915,20130916,20130920,20130921,20130924,20130925,20130930,20131001,20131002,20131003,20131004,20131005
