Last Date = 20131016
Except date ======= 
required date ======= 20131006,20131007,20131008,20131009,20131010,20131011
Number is 03
G.1.1_index_2_VS_G.4.3_index_4 [1] 
Ngay: 20130920,20130921,20130923,20130924,20130925,20130926,20130927,20130928,20131003,20131005,20131006,20131007,20131008,20131009,20131010,20131011,20131012,20131014
Number is 07
G.7.1_index_1_VS_G.3.2_index_4 [2] 
Ngay: 20130920,20130923,20130926,20131001,20131005,20131006,20131007,20131008,20131009,20131010,20131011,20131013,20131014
Number is 20
G.2.1_index_5_VS_G.7.1_index_1 [3] 
Ngay: 20130920,20130921,20130924,20130925,20130926,20130927,20130930,20131001,20131004,20131006,20131007,20131008,20131009,20131010,20131011
Number is 35
G.5.2_index_4_VS_G.1.1_index_4 [4] 
Ngay: 20130923,20130924,20130927,20130928,20130930,20131001,20131004,20131006,20131007,20131008,20131009,20131010,20131011,20131014
Number is 45
G.2.2_index_1_VS_G.1.1_index_4 [5] 
Ngay: 20130921,20130922,20130925,20131006,20131007,20131008,20131009,20131010,20131011,20131015
Number is 48
G.4.3_index_3_VS_G.5.4_index_2 [6] 
Ngay: 20130920,20130921,20130924,20130925,20130926,20130929,20130930,20131002,20131003,20131004,20131006,20131007,20131008,20131009,20131010,20131011,20131012,20131013,20131014
Number is 54
G.7.3_index_1_VS_G.2.2_index_1 [7] 
Ngay: 20130920,20130922,20130924,20130926,20130929,20131002,20131003,20131006,20131007,20131008,20131009,20131010,20131011,20131012,20131013
Number is 56
G.3.3_index_3_VS_G.4.3_index_1 [8] 
Ngay: 20130920,20130923,20130927,20131006,20131007,20131008,20131009,20131010,20131011,20131013,20131015
Number is 59
G.DB_index_5_VS_G.4.4_index_4 [9] 
Ngay: 20130924,20130926,20130929,20130930,20131004,20131005,20131006,20131007,20131008,20131009,20131010,20131011,20131012,20131013
Number is 65
G.3.3_index_4_VS_G.1.1_index_1 [10] 
Ngay: 20130920,20130921,20130928,20130929,20130930,20131001,20131002,20131005,20131006,20131007,20131008,20131009,20131010,20131011,20131013,20131015
Number is 74
G.3.2_index_4_VS_G.4.3_index_3 [11] 
Ngay: 20130920,20130922,20130924,20130928,20130929,20131003,20131004,20131006,20131007,20131008,20131009,20131010,20131011,20131015
