Last Date = 20131024
Except date ======= 
required date ======= 20131014,20131015,20131016,20131017,20131018,20131019
Number is 02
G.5.4_index_4_VS_G.4.2_index_3 [1] 
Ngay: 20131002,20131006,20131013,20131014,20131015,20131016,20131017,20131018,20131019,20131023
G.4.1_index_4_VS_G.6.3_index_2 [2] 
Ngay: 20131006,20131007,20131009,20131010,20131012,20131013,20131014,20131015,20131016,20131017,20131018,20131019,20131020
Number is 16
G.4.4_index_1_VS_G.5.4_index_1 [3] 
Ngay: 20131002,20131003,20131004,20131005,20131006,20131012,20131013,20131014,20131015,20131016,20131017,20131018,20131019,20131021,20131022,20131023
Number is 17
G.7.2_index_1_VS_G.3.1_index_4 [4] 
Ngay: 20131002,20131003,20131006,20131007,20131008,20131009,20131010,20131013,20131014,20131015,20131016,20131017,20131018,20131019,20131020,20131023
Number is 18
G.6.1_index_2_VS_G.7.2_index_2 [5] 
Ngay: 20131001,20131003,20131007,20131008,20131012,20131014,20131015,20131016,20131017,20131018,20131019,20131020
Number is 21
G.3.4_index_1_VS_G.4.4_index_1 [6] 
Ngay: 20131003,20131007,20131008,20131013,20131014,20131015,20131016,20131017,20131018,20131019,20131020,20131021,20131023
Number is 29
G.5.3_index_1_VS_G.4.4_index_3 [7] 
Ngay: 20131001,20131003,20131004,20131006,20131008,20131009,20131010,20131014,20131015,20131016,20131017,20131018,20131019,20131020,20131021
Number is 32
G.5.2_index_4_VS_G.6.3_index_2 [8] 
Ngay: 20131001,20131002,20131004,20131005,20131008,20131009,20131010,20131011,20131012,20131013,20131014,20131015,20131016,20131017,20131018,20131019,20131022,20131023
Number is 34
G.5.2_index_1_VS_G.7.3_index_2 [9] 
Ngay: 20131001,20131002,20131005,20131006,20131008,20131010,20131011,20131013,20131014,20131015,20131016,20131017,20131018,20131019,20131022
Number is 36
G.4.3_index_2_VS_G.2.2_index_3 [10] 
Ngay: 20131003,20131004,20131012,20131014,20131015,20131016,20131017,20131018,20131019,20131020,20131022
Number is 41
G.4.1_index_2_VS_G.4.4_index_1 [11] 
Ngay: 20131003,20131004,20131005,20131006,20131007,20131013,20131014,20131015,20131016,20131017,20131018,20131019,20131020,20131021
G.2.2_index_5_VS_G.5.5_index_2 [12] 
Ngay: 20131001,20131004,20131007,20131008,20131009,20131011,20131013,20131014,20131015,20131016,20131017,20131018,20131019,20131023
Number is 47
G.7.3_index_2_VS_G.3.2_index_1 [13] 
Ngay: 20131001,20131005,20131007,20131013,20131014,20131015,20131016,20131017,20131018,20131019,20131023
Number is 69
G.5.2_index_3_VS_G.4.4_index_3 [14] 
Ngay: 20131001,20131002,20131007,20131008,20131010,20131012,20131014,20131015,20131016,20131017,20131018,20131019,20131020
G.2.2_index_2_VS_G.4.4_index_3 [15] 
Ngay: 20131001,20131004,20131005,20131006,20131008,20131009,20131010,20131013,20131014,20131015,20131016,20131017,20131018,20131019,20131020,20131022
Number is 76
G.5.1_index_4_VS_G.3.3_index_1 [16] 
Ngay: 20131001,20131005,20131008,20131010,20131011,20131012,20131013,20131014,20131015,20131016,20131017,20131018,20131019,20131021
Number is 89
G.3.2_index_2_VS_G.3.6_index_1 [17] 
Ngay: 20131001,20131005,20131007,20131010,20131014,20131015,20131016,20131017,20131018,20131019,20131020,20131023
Number is 94
G.3.6_index_1_VS_G.5.6_index_4 [18] 
Ngay: 20131001,20131003,20131004,20131005,20131014,20131015,20131016,20131017,20131018,20131019,20131020,20131023
Number is 97
G.3.1_index_3_VS_G.6.1_index_3 [19] 
Ngay: 20131005,20131008,20131009,20131012,20131013,20131014,20131015,20131016,20131017,20131018,20131019,20131020,20131023
Number is 99
G.3.1_index_3_VS_G.4.1_index_1 [20] 
Ngay: 20131001,20131004,20131005,20131008,20131011,20131012,20131014,20131015,20131016,20131017,20131018,20131019,20131023
