Last Date = 20131025
Except date ======= 
required date ======= 20131015,20131016,20131017,20131018,20131019,20131020
Number is 04
G.3.6_index_5_VS_G.7.1_index_2 [1] 
Ngay: 20131008,20131010,20131012,20131015,20131016,20131017,20131018,20131019,20131020,20131023,20131024
G.6.3_index_3_VS_G.6.1_index_2 [2] 
Ngay: 20131001,20131002,20131004,20131005,20131006,20131008,20131015,20131016,20131017,20131018,20131019,20131020,20131023,20131024
Number is 09
G.3.2_index_2_VS_G.3.6_index_1 [3] 
Ngay: 20131001,20131005,20131007,20131010,20131014,20131015,20131016,20131017,20131018,20131019,20131020,20131023
Number is 26
G.4.3_index_2_VS_G.2.2_index_3 [4] 
Ngay: 20131003,20131004,20131012,20131014,20131015,20131016,20131017,20131018,20131019,20131020,20131022
Number is 27
G.2.2_index_2_VS_G.4.4_index_3 [5] 
Ngay: 20131001,20131004,20131005,20131006,20131008,20131009,20131010,20131013,20131014,20131015,20131016,20131017,20131018,20131019,20131020,20131022
Number is 42
G.7.4_index_1_VS_G.2.1_index_3 [6] 
Ngay: 20131003,20131007,20131008,20131009,20131010,20131015,20131016,20131017,20131018,20131019,20131020,20131024
G.6.1_index_2_VS_G.7.2_index_2 [7] 
Ngay: 20131001,20131003,20131007,20131008,20131012,20131014,20131015,20131016,20131017,20131018,20131019,20131020
Number is 45
G.2.2_index_4_VS_G.4.2_index_4 [8] 
Ngay: 20131001,20131002,20131007,20131010,20131011,20131013,20131015,20131016,20131017,20131018,20131019,20131020,20131021,20131023
Number is 48
G.4.1_index_4_VS_G.6.3_index_2 [9] 
Ngay: 20131006,20131007,20131009,20131010,20131012,20131013,20131014,20131015,20131016,20131017,20131018,20131019,20131020
Number is 57
G.5.2_index_3_VS_G.4.4_index_3 [10] 
Ngay: 20131001,20131002,20131007,20131008,20131010,20131012,20131014,20131015,20131016,20131017,20131018,20131019,20131020
G.5.3_index_1_VS_G.4.4_index_3 [11] 
Ngay: 20131001,20131003,20131004,20131006,20131008,20131009,20131010,20131014,20131015,20131016,20131017,20131018,20131019,20131020,20131021
Number is 72
G.7.2_index_1_VS_G.3.1_index_4 [12] 
Ngay: 20131002,20131003,20131006,20131007,20131008,20131009,20131010,20131013,20131014,20131015,20131016,20131017,20131018,20131019,20131020,20131023
G.3.4_index_1_VS_G.4.4_index_1 [13] 
Ngay: 20131003,20131007,20131008,20131013,20131014,20131015,20131016,20131017,20131018,20131019,20131020,20131021,20131023
Number is 80
G.3.1_index_3_VS_G.6.1_index_3 [14] 
Ngay: 20131005,20131008,20131009,20131012,20131013,20131014,20131015,20131016,20131017,20131018,20131019,20131020,20131023,20131024
Number is 82
G.4.1_index_2_VS_G.4.4_index_1 [15] 
Ngay: 20131003,20131004,20131005,20131006,20131007,20131013,20131014,20131015,20131016,20131017,20131018,20131019,20131020,20131021,20131024
Number is 83
G.6.3_index_2_VS_G.5.1_index_4 [16] 
Ngay: 20131001,20131008,20131010,20131012,20131015,20131016,20131017,20131018,20131019,20131020,20131024
Number is 91
G.3.6_index_1_VS_G.5.6_index_4 [17] 
Ngay: 20131001,20131003,20131004,20131005,20131014,20131015,20131016,20131017,20131018,20131019,20131020,20131023,20131024
Number is 98
G.3.5_index_1_VS_G.6.3_index_2 [18] 
Ngay: 20131010,20131013,20131015,20131016,20131017,20131018,20131019,20131020,20131022,20131023,20131024
