Last Date = 20131021
Except date ======= 
required date ======= 20131015,20131016,20131017,20131018,20131019,20131020
Number is 02
G.7.2_index_1_VS_G.3.1_index_4 [1] 
Ngay: 20130922,20130924,20131002,20131003,20131006,20131007,20131008,20131009,20131010,20131013,20131014,20131015,20131016,20131017,20131018,20131019,20131020
Number is 03
G.4.1_index_4_VS_G.6.3_index_2 [2] 
Ngay: 20130923,20130925,20130927,20130928,20131006,20131007,20131009,20131010,20131012,20131013,20131014,20131015,20131016,20131017,20131018,20131019,20131020
Number is 13
G.3.2_index_2_VS_G.3.6_index_1 [3] 
Ngay: 20130920,20130921,20130923,20130925,20130926,20130930,20131001,20131005,20131007,20131010,20131014,20131015,20131016,20131017,20131018,20131019,20131020
Number is 23
G.3.1_index_3_VS_G.6.1_index_3 [4] 
Ngay: 20130921,20130922,20130923,20130924,20130929,20130930,20131005,20131008,20131009,20131012,20131013,20131014,20131015,20131016,20131017,20131018,20131019,20131020
Number is 25
G.6.1_index_2_VS_G.7.2_index_2 [5] 
Ngay: 20130921,20130922,20130926,20131001,20131003,20131007,20131008,20131012,20131014,20131015,20131016,20131017,20131018,20131019,20131020
Number is 30
G.3.6_index_1_VS_G.5.6_index_4 [6] 
Ngay: 20130922,20130924,20130925,20130926,20130929,20130930,20131001,20131003,20131004,20131005,20131014,20131015,20131016,20131017,20131018,20131019,20131020
Number is 35
G.6.3_index_2_VS_G.5.1_index_4 [7] 
Ngay: 20130923,20130926,20130927,20130930,20131001,20131008,20131010,20131012,20131015,20131016,20131017,20131018,20131019,20131020
G.4.3_index_2_VS_G.2.2_index_3 [8] 
Ngay: 20130922,20130927,20130928,20131003,20131004,20131012,20131014,20131015,20131016,20131017,20131018,20131019,20131020
G.2.2_index_2_VS_G.4.4_index_3 [9] 
Ngay: 20130924,20130929,20130930,20131001,20131004,20131005,20131006,20131008,20131009,20131010,20131013,20131014,20131015,20131016,20131017,20131018,20131019,20131020
Number is 42
G.3.4_index_1_VS_G.4.4_index_1 [10] 
Ngay: 20130920,20130921,20130922,20130925,20130928,20131003,20131007,20131008,20131013,20131014,20131015,20131016,20131017,20131018,20131019,20131020
G.4.1_index_2_VS_G.4.4_index_1 [11] 
Ngay: 20130921,20130923,20130926,20130929,20130930,20131003,20131004,20131005,20131006,20131007,20131013,20131014,20131015,20131016,20131017,20131018,20131019,20131020
Number is 58
G.3.6_index_5_VS_G.7.1_index_2 [12] 
Ngay: 20130920,20130922,20130925,20130927,20130929,20131008,20131010,20131012,20131015,20131016,20131017,20131018,20131019,20131020
Number is 65
G.5.3_index_1_VS_G.4.4_index_3 [13] 
Ngay: 20130920,20130928,20131001,20131003,20131004,20131006,20131008,20131009,20131010,20131014,20131015,20131016,20131017,20131018,20131019,20131020
Number is 73
G.7.4_index_1_VS_G.2.1_index_3 [14] 
Ngay: 20130920,20130922,20130923,20130925,20130927,20130928,20130929,20130930,20131003,20131007,20131008,20131009,20131010,20131015,20131016,20131017,20131018,20131019,20131020
G.3.5_index_1_VS_G.6.3_index_2 [15] 
Ngay: 20130920,20130921,20130923,20130925,20130926,20130927,20131010,20131013,20131015,20131016,20131017,20131018,20131019,20131020
Number is 85
G.5.2_index_3_VS_G.4.4_index_3 [16] 
Ngay: 20130920,20130922,20130927,20130928,20131001,20131002,20131007,20131008,20131010,20131012,20131014,20131015,20131016,20131017,20131018,20131019,20131020
Number is 92
G.6.3_index_3_VS_G.6.1_index_2 [17] 
Ngay: 20130920,20130922,20130923,20130924,20130925,20130928,20131001,20131002,20131004,20131005,20131006,20131008,20131015,20131016,20131017,20131018,20131019,20131020
Number is 95
G.2.2_index_4_VS_G.4.2_index_4 [18] 
Ngay: 20130920,20130925,20130927,20130928,20130929,20131001,20131002,20131007,20131010,20131011,20131013,20131015,20131016,20131017,20131018,20131019,20131020
