Last Date = 20131027
Except date ======= 
required date ======= 20131017,20131018,20131019,20131020,20131021,20131022
Number is 05
G.4.1_index_1_VS_G.3.4_index_4 [1] 
Ngay: 20131001,20131003,20131005,20131007,20131008,20131009,20131011,20131012,20131013,20131015,20131017,20131018,20131019,20131020,20131021,20131022,20131025
G.1.1_index_3_VS_G.7.2_index_2 [2] 
Ngay: 20131002,20131012,20131014,20131016,20131017,20131018,20131019,20131020,20131021,20131022,20131023,20131024,20131025,20131026
Number is 10
G.5.2_index_1_VS_G.4.1_index_4 [3] 
Ngay: 20131002,20131007,20131008,20131011,20131012,20131017,20131018,20131019,20131020,20131021,20131022,20131025
Number is 15
G.7.1_index_2_VS_G.2.2_index_2 [4] 
Ngay: 20131002,20131008,20131012,20131013,20131014,20131016,20131017,20131018,20131019,20131020,20131021,20131022,20131023
Number is 28
G.7.2_index_1_VS_G.6.2_index_3 [5] 
Ngay: 20131002,20131004,20131007,20131013,20131016,20131017,20131018,20131019,20131020,20131021,20131022
Number is 30
G.6.1_index_3_VS_G.5.4_index_2 [6] 
Ngay: 20131003,20131004,20131005,20131006,20131011,20131012,20131013,20131015,20131017,20131018,20131019,20131020,20131021,20131022,20131023,20131025
Number is 36
G.DB_index_5_VS_G.3.3_index_4 [7] 
Ngay: 20131002,20131004,20131005,20131008,20131012,20131013,20131017,20131018,20131019,20131020,20131021,20131022,20131023
Number is 51
G.2.2_index_2_VS_G.5.2_index_1 [8] 
Ngay: 20131001,20131006,20131008,20131011,20131012,20131014,20131016,20131017,20131018,20131019,20131020,20131021,20131022,20131025
Number is 60
G.3.1_index_1_VS_G.3.4_index_3 [9] 
Ngay: 20131002,20131004,20131006,20131011,20131012,20131013,20131015,20131017,20131018,20131019,20131020,20131021,20131022,20131025
Number is 61
G.7.1_index_1_VS_G.7.3_index_2 [10] 
Ngay: 20131002,20131003,20131007,20131011,20131013,20131014,20131015,20131017,20131018,20131019,20131020,20131021,20131022,20131023,20131024
Number is 82
G.DB_index_4_VS_G.3.2_index_5 [11] 
Ngay: 20131002,20131003,20131006,20131014,20131016,20131017,20131018,20131019,20131020,20131021,20131022,20131025,20131026
Number is 84
G.4.4_index_1_VS_G.5.3_index_1 [12] 
Ngay: 20131001,20131002,20131003,20131004,20131005,20131011,20131012,20131013,20131015,20131017,20131018,20131019,20131020,20131021,20131022
Number is 95
G.4.3_index_1_VS_G.7.2_index_2 [13] 
Ngay: 20131003,20131006,20131009,20131012,20131013,20131014,20131017,20131018,20131019,20131020,20131021,20131022,20131024,20131026
