Last Date = 20131025
Except date ======= 
required date ======= 20131019,20131020,20131021,20131022,20131023,20131024
Number is 08
G.2.2_index_1_VS_G.7.3_index_2 [1] 
Ngay: 20131003,20131007,20131013,20131014,20131016,20131017,20131019,20131020,20131021,20131022,20131023,20131024
Number is 22
G.1.1_index_3_VS_G.7.2_index_2 [2] 
Ngay: 20131002,20131012,20131014,20131016,20131017,20131018,20131019,20131020,20131021,20131022,20131023,20131024
G.3.3_index_3_VS_G.3.1_index_4 [3] 
Ngay: 20131001,20131003,20131009,20131010,20131011,20131012,20131014,20131015,20131018,20131019,20131020,20131021,20131022,20131023,20131024
Number is 24
G.4.2_index_1_VS_G.3.3_index_4 [4] 
Ngay: 20131001,20131002,20131003,20131005,20131008,20131011,20131012,20131019,20131020,20131021,20131022,20131023,20131024
Number is 25
G.4.3_index_2_VS_G.4.3_index_1 [5] 
Ngay: 20131002,20131004,20131011,20131012,20131013,20131015,20131019,20131020,20131021,20131022,20131023,20131024
Number is 26
G.1.1_index_3_VS_G.2.2_index_3 [6] 
Ngay: 20131004,20131005,20131011,20131017,20131019,20131020,20131021,20131022,20131023,20131024
Number is 29
G.4.4_index_1_VS_G.5.4_index_4 [7] 
Ngay: 20131001,20131002,20131005,20131006,20131014,20131016,20131019,20131020,20131021,20131022,20131023,20131024
Number is 38
G.7.1_index_1_VS_G.2.2_index_5 [8] 
Ngay: 20131001,20131004,20131007,20131008,20131009,20131013,20131018,20131019,20131020,20131021,20131022,20131023,20131024
G.7.1_index_1_VS_G.7.3_index_2 [9] 
Ngay: 20131002,20131003,20131007,20131011,20131013,20131014,20131015,20131017,20131018,20131019,20131020,20131021,20131022,20131023,20131024
G.3.1_index_5_VS_G.7.3_index_2 [10] 
Ngay: 20131002,20131003,20131005,20131008,20131010,20131013,20131015,20131018,20131019,20131020,20131021,20131022,20131023,20131024
Number is 41
G.7.4_index_2_VS_G.5.6_index_4 [11] 
Ngay: 20131001,20131002,20131003,20131008,20131009,20131011,20131012,20131013,20131014,20131015,20131016,20131017,20131019,20131020,20131021,20131022,20131023,20131024
Number is 42
G.4.1_index_4_VS_G.7.2_index_2 [12] 
Ngay: 20131001,20131004,20131008,20131010,20131016,20131019,20131020,20131021,20131022,20131023,20131024
Number is 44
G.4.1_index_4_VS_G.2.2_index_4 [13] 
Ngay: 20131001,20131002,20131008,20131012,20131014,20131015,20131019,20131020,20131021,20131022,20131023,20131024
G.5.4_index_3_VS_G.1.1_index_4 [14] 
Ngay: 20131001,20131002,20131006,20131008,20131011,20131012,20131013,20131019,20131020,20131021,20131022,20131023,20131024
Number is 47
G.4.1_index_4_VS_G.4.4_index_3 [15] 
Ngay: 20131006,20131008,20131010,20131013,20131017,20131019,20131020,20131021,20131022,20131023,20131024
Number is 48
G.4.1_index_4_VS_G.5.5_index_4 [16] 
Ngay: 20131001,20131004,20131009,20131011,20131012,20131014,20131015,20131016,20131017,20131019,20131020,20131021,20131022,20131023,20131024
Number is 49
G.DB_index_5_VS_G.3.5_index_1 [17] 
Ngay: 20131004,20131005,20131009,20131017,20131019,20131020,20131021,20131022,20131023,20131024
Number is 58
G.3.6_index_4_VS_G.3.4_index_5 [18] 
Ngay: 20131006,20131007,20131008,20131009,20131011,20131012,20131015,20131016,20131018,20131019,20131020,20131021,20131022,20131023,20131024
Number is 59
G.3.6_index_4_VS_G.3.5_index_1 [19] 
Ngay: 20131001,20131003,20131005,20131006,20131008,20131013,20131016,20131019,20131020,20131021,20131022,20131023,20131024
Number is 64
G.5.2_index_1_VS_G.1.1_index_4 [20] 
Ngay: 20131002,20131004,20131009,20131010,20131013,20131017,20131019,20131020,20131021,20131022,20131023,20131024
Number is 73
G.3.5_index_5_VS_G.3.1_index_1 [21] 
Ngay: 20131003,20131004,20131009,20131012,20131016,20131019,20131020,20131021,20131022,20131023,20131024
Number is 82
G.2.2_index_5_VS_G.3.3_index_3 [22] 
Ngay: 20131001,20131003,20131007,20131008,20131009,20131010,20131011,20131012,20131014,20131016,20131019,20131020,20131021,20131022,20131023,20131024
Number is 84
G.3.4_index_5_VS_G.2.1_index_1 [23] 
Ngay: 20131006,20131007,20131008,20131010,20131012,20131014,20131016,20131019,20131020,20131021,20131022,20131023,20131024
Number is 85
G.3.4_index_5_VS_G.5.4_index_2 [24] 
Ngay: 20131001,20131004,20131006,20131011,20131015,20131017,20131019,20131020,20131021,20131022,20131023,20131024
Number is 89
G.2.2_index_5_VS_G.2.1_index_4 [25] 
Ngay: 20131003,20131004,20131005,20131007,20131008,20131010,20131011,20131014,20131017,20131019,20131020,20131021,20131022,20131023,20131024
Number is 92
G.3.2_index_1_VS_G.6.3_index_1 [26] 
Ngay: 20131002,20131003,20131006,20131007,20131008,20131010,20131016,20131019,20131020,20131021,20131022,20131023,20131024
