Last Date = 20131031
Except date ======= 20131027,20131028,20131029,20131030
required date ======= 20131021,20131022,20131023,20131024,20131025,20131026
Number is 19
G.DB_index_3_VS_G.5.6_index_4 [1] 
Ngay: 20131001,20131002,20131003,20131004,20131005,20131008,20131009,20131012,20131015,20131018,20131021,20131022,20131023,20131024,20131025,20131026
Number is 34
G.3.1_index_3_VS_G.4.3_index_1 [2] 
Ngay: 20131001,20131002,20131004,20131005,20131008,20131010,20131011,20131013,20131014,20131018,20131020,20131021,20131022,20131023,20131024,20131025,20131026
Number is 76
G.4.1_index_2_VS_G.3.2_index_5 [3] 
Ngay: 20131001,20131002,20131003,20131004,20131007,20131008,20131011,20131013,20131017,20131019,20131021,20131022,20131023,20131024,20131025,20131026
