Last Date = 20131031
Except date ======= 
required date ======= 20131021,20131022,20131023,20131024,20131025,20131026
Number is 09
G.3.5_index_3_VS_G.3.1_index_2 [1] 
Ngay: 20131001,20131002,20131003,20131005,20131007,20131009,20131012,20131013,20131016,20131017,20131018,20131021,20131022,20131023,20131024,20131025,20131026,20131027,20131030
Number is 12
G.4.1_index_3_VS_G.4.1_index_4 [2] 
Ngay: 20131006,20131008,20131011,20131014,20131015,20131017,20131019,20131021,20131022,20131023,20131024,20131025,20131026,20131027,20131029
Number is 15
G.3.2_index_1_VS_G.DB_index_1 [3] 
Ngay: 20131005,20131006,20131007,20131008,20131010,20131012,20131017,20131018,20131021,20131022,20131023,20131024,20131025,20131026,20131027,20131030
Number is 19
G.DB_index_3_VS_G.5.6_index_4 [4] 
Ngay: 20131001,20131002,20131003,20131004,20131005,20131008,20131009,20131012,20131015,20131018,20131021,20131022,20131023,20131024,20131025,20131026
Number is 20
G.3.3_index_5_VS_G.2.1_index_4 [5] 
Ngay: 20131001,20131003,20131005,20131006,20131007,20131009,20131010,20131011,20131013,20131014,20131016,20131021,20131022,20131023,20131024,20131025,20131026,20131027,20131029,20131030
Number is 22
G.3.3_index_5_VS_G.5.2_index_3 [6] 
Ngay: 20131003,20131005,20131007,20131008,20131010,20131011,20131012,20131013,20131014,20131018,20131021,20131022,20131023,20131024,20131025,20131026,20131030
Number is 32
G.3.6_index_1_VS_G.3.3_index_5 [7] 
Ngay: 20131002,20131005,20131013,20131014,20131016,20131018,20131019,20131021,20131022,20131023,20131024,20131025,20131026,20131027
Number is 34
G.5.1_index_2_VS_G.5.4_index_2 [8] 
Ngay: 20131001,20131002,20131004,20131006,20131010,20131015,20131016,20131017,20131018,20131021,20131022,20131023,20131024,20131025,20131026,20131028
G.3.1_index_3_VS_G.4.3_index_1 [9] 
Ngay: 20131001,20131002,20131004,20131005,20131008,20131010,20131011,20131013,20131014,20131018,20131020,20131021,20131022,20131023,20131024,20131025,20131026
Number is 44
G.6.3_index_2_VS_G.5.4_index_2 [10] 
Ngay: 20131006,20131008,20131009,20131011,20131015,20131017,20131019,20131021,20131022,20131023,20131024,20131025,20131026,20131027,20131028,20131030
G.3.3_index_3_VS_G.4.2_index_1 [11] 
Ngay: 20131001,20131005,20131007,20131011,20131014,20131015,20131019,20131021,20131022,20131023,20131024,20131025,20131026,20131027
Number is 46
G.4.3_index_1_VS_G.1.1_index_4 [12] 
Ngay: 20131003,20131008,20131012,20131013,20131018,20131021,20131022,20131023,20131024,20131025,20131026,20131029
Number is 48
G.3.3_index_3_VS_G.3.1_index_4 [13] 
Ngay: 20131001,20131003,20131009,20131010,20131011,20131012,20131014,20131015,20131018,20131019,20131020,20131021,20131022,20131023,20131024,20131025,20131026,20131030
Number is 52
G.3.6_index_4_VS_G.3.3_index_5 [14] 
Ngay: 20131002,20131003,20131005,20131006,20131009,20131010,20131012,20131013,20131016,20131021,20131022,20131023,20131024,20131025,20131026,20131028,20131029
Number is 57
G.3.6_index_4_VS_G.3.4_index_5 [15] 
Ngay: 20131006,20131007,20131008,20131009,20131011,20131012,20131015,20131016,20131018,20131019,20131020,20131021,20131022,20131023,20131024,20131025,20131026,20131027,20131028,20131029,20131030
Number is 61
G.3.2_index_5_VS_G.3.2_index_1 [16] 
Ngay: 20131002,20131004,20131007,20131008,20131010,20131013,20131021,20131022,20131023,20131024,20131025,20131026,20131027
Number is 68
G.5.5_index_3_VS_G.1.1_index_3 [17] 
Ngay: 20131002,20131007,20131008,20131011,20131012,20131013,20131014,20131016,20131021,20131022,20131023,20131024,20131025,20131026,20131027,20131030
Number is 74
G.3.4_index_5_VS_G.4.3_index_1 [18] 
Ngay: 20131001,20131002,20131005,20131007,20131009,20131011,20131012,20131013,20131015,20131016,20131018,20131021,20131022,20131023,20131024,20131025,20131026,20131027,20131028,20131029
Number is 76
G.4.1_index_2_VS_G.3.2_index_5 [19] 
Ngay: 20131001,20131002,20131003,20131004,20131007,20131008,20131011,20131013,20131017,20131019,20131021,20131022,20131023,20131024,20131025,20131026
Number is 77
G.7.3_index_2_VS_G.3.4_index_5 [20] 
Ngay: 20131001,20131003,20131004,20131007,20131008,20131012,20131016,20131021,20131022,20131023,20131024,20131025,20131026,20131028,20131029,20131030
Number is 82
G.1.1_index_3_VS_G.7.2_index_2 [21] 
Ngay: 20131002,20131012,20131014,20131016,20131017,20131018,20131019,20131020,20131021,20131022,20131023,20131024,20131025,20131026,20131030
Number is 85
G.1.1_index_3_VS_G.2.2_index_3 [22] 
Ngay: 20131004,20131005,20131011,20131017,20131019,20131020,20131021,20131022,20131023,20131024,20131025,20131026,20131028,20131030
Number is 86
G.DB_index_5_VS_G.5.2_index_4 [23] 
Ngay: 20131004,20131005,20131006,20131007,20131008,20131011,20131014,20131017,20131019,20131021,20131022,20131023,20131024,20131025,20131026,20131028
Number is 88
G.6.3_index_1_VS_G.3.1_index_4 [24] 
Ngay: 20131002,20131003,20131007,20131008,20131009,20131011,20131013,20131015,20131017,20131021,20131022,20131023,20131024,20131025,20131026,20131029,20131030
Number is 89
G.7.1_index_1_VS_G.3.1_index_2 [25] 
Ngay: 20131001,20131002,20131004,20131007,20131008,20131010,20131012,20131013,20131017,20131019,20131021,20131022,20131023,20131024,20131025,20131026,20131028,20131030
Number is 93
G.3.1_index_2_VS_G.5.3_index_3 [26] 
Ngay: 20131004,20131005,20131015,20131021,20131022,20131023,20131024,20131025,20131026,20131027,20131028,20131030
Number is 94
G.5.6_index_4_VS_G.3.3_index_2 [27] 
Ngay: 20131001,20131003,20131006,20131009,20131013,20131014,20131015,20131018,20131021,20131022,20131023,20131024,20131025,20131026,20131028,20131029,20131030
