Last Date = 20131101
Except date ======= 
required date ======= 20131025,20131026,20131027,20131028,20131029,20131030
Number is 01
G.5.2_index_3_VS_G.5.1_index_4 [1] 
Ngay: 20131001,20131002,20131003,20131006,20131008,20131009,20131016,20131018,20131020,20131025,20131026,20131027,20131028,20131029,20131030
Number is 02
G.2.1_index_1_VS_G.4.1_index_1 [2] 
Ngay: 20131003,20131005,20131009,20131014,20131017,20131019,20131025,20131026,20131027,20131028,20131029,20131030,20131031
G.5.1_index_2_VS_G.3.6_index_5 [3] 
Ngay: 20131002,20131007,20131016,20131018,20131024,20131025,20131026,20131027,20131028,20131029,20131030,20131031
Number is 07
G.4.2_index_4_VS_G.7.1_index_1 [4] 
Ngay: 20131001,20131002,20131004,20131008,20131009,20131013,20131018,20131019,20131023,20131024,20131025,20131026,20131027,20131028,20131029,20131030
G.4.4_index_2_VS_G.3.5_index_5 [5] 
Ngay: 20131003,20131004,20131014,20131015,20131018,20131019,20131020,20131022,20131023,20131024,20131025,20131026,20131027,20131028,20131029,20131030
Number is 13
G.2.2_index_3_VS_G.6.2_index_3 [6] 
Ngay: 20131001,20131004,20131007,20131013,20131025,20131026,20131027,20131028,20131029,20131030
G.2.2_index_3_VS_G.3.1_index_2 [7] 
Ngay: 20131001,20131003,20131004,20131005,20131007,20131011,20131012,20131014,20131016,20131017,20131020,20131023,20131025,20131026,20131027,20131028,20131029,20131030,20131031
Number is 16
G.2.2_index_3_VS_G.4.2_index_3 [8] 
Ngay: 20131003,20131004,20131005,20131012,20131013,20131019,20131023,20131025,20131026,20131027,20131028,20131029,20131030
Number is 24
G.5.2_index_2_VS_G.2.2_index_1 [9] 
Ngay: 20131004,20131007,20131008,20131011,20131016,20131017,20131022,20131023,20131024,20131025,20131026,20131027,20131028,20131029,20131030
Number is 58
G.3.3_index_2_VS_G.1.1_index_5 [10] 
Ngay: 20131004,20131005,20131008,20131014,20131016,20131018,20131020,20131021,20131023,20131025,20131026,20131027,20131028,20131029,20131030,20131031
Number is 62
G.DB_index_3_VS_G.5.5_index_1 [11] 
Ngay: 20131002,20131003,20131004,20131005,20131008,20131009,20131012,20131016,20131017,20131020,20131021,20131024,20131025,20131026,20131027,20131028,20131029,20131030,20131031
Number is 63
G.DB_index_3_VS_G.7.3_index_2 [12] 
Ngay: 20131002,20131003,20131005,20131006,20131010,20131011,20131013,20131014,20131015,20131017,20131019,20131024,20131025,20131026,20131027,20131028,20131029,20131030
Number is 65
G.DB_index_3_VS_G.5.5_index_4 [13] 
Ngay: 20131002,20131006,20131007,20131008,20131012,20131016,20131021,20131022,20131023,20131025,20131026,20131027,20131028,20131029,20131030,20131031
Number is 69
G.4.2_index_3_VS_G.1.1_index_1 [14] 
Ngay: 20131002,20131004,20131006,20131007,20131009,20131010,20131011,20131012,20131013,20131014,20131015,20131016,20131019,20131025,20131026,20131027,20131028,20131029,20131030
Number is 80
G.1.1_index_5_VS_G.2.1_index_1 [15] 
Ngay: 20131004,20131005,20131006,20131007,20131008,20131009,20131018,20131020,20131024,20131025,20131026,20131027,20131028,20131029,20131030
Number is 85
G.5.1_index_3_VS_G.3.3_index_5 [16] 
Ngay: 20131001,20131002,20131003,20131007,20131012,20131013,20131014,20131018,20131024,20131025,20131026,20131027,20131028,20131029,20131030,20131031
Number is 90
G.3.6_index_4_VS_G.3.4_index_5 [17] 
Ngay: 20131006,20131007,20131008,20131009,20131011,20131012,20131015,20131016,20131018,20131019,20131020,20131021,20131022,20131023,20131024,20131025,20131026,20131027,20131028,20131029,20131030
Number is 92
G.1.1_index_1_VS_G.3.1_index_4 [18] 
Ngay: 20131007,20131011,20131012,20131017,20131018,20131019,20131021,20131025,20131026,20131027,20131028,20131029,20131030
G.5.3_index_1_VS_G.4.1_index_2 [19] 
Ngay: 20131001,20131004,20131008,20131010,20131015,20131020,20131023,20131025,20131026,20131027,20131028,20131029,20131030
