======== Current: 20160206 ========= 
Number is 00 
G.4.1_index_2_VS_G.2.2_index_5 [1] 
20160123,20160125,20160126,20160128,20160129,20160131,20160201,20160202,20160203,20160204,20160205 
Number is 04 
G.2.2_index_1_VS_G.6.3_index_3 [2] 
20160118,20160121,20160124,20160127,20160131,20160201,20160202,20160203,20160204,20160205 
Number is 08 
G.2.2_index_1_VS_G.5.5_index_4 [3] 
20160117,20160125,20160128,20160129,20160131,20160201,20160202,20160203,20160204,20160205 
Number is 25 
G.5.4_index_2_VS_G.1.1_index_5 [4] 
20160117,20160119,20160124,20160125,20160126,20160128,20160129,20160131,20160201,20160202,20160203,20160204,20160205 
Number is 34 
G.DB_index_5_VS_G.6.3_index_3 [5] 
20160119,20160120,20160121,20160124,20160131,20160201,20160202,20160203,20160204,20160205 
Number is 36 
G.2.2_index_2_VS_G.2.1_index_5 [6] 
20160117,20160118,20160128,20160129,20160131,20160201,20160202,20160203,20160204,20160205 
Number is 40 
G.3.5_index_3_VS_G.DB_index_2 [7] 
20160117,20160119,20160120,20160122,20160123,20160124,20160127,20160131,20160201,20160202,20160203,20160204,20160205 
Number is 45 
G.6.3_index_3_VS_G.7.1_index_1 [8] 
20160117,20160118,20160119,20160120,20160121,20160123,20160126,20160127,20160131,20160201,20160202,20160203,20160204,20160205 
Number is 49 
G.3.5_index_5_VS_G.5.4_index_4 [9] 
20160117,20160123,20160125,20160129,20160130,20160131,20160201,20160202,20160203,20160204,20160205 
Number is 53 
G.1.1_index_5_VS_G.DB_index_4 [10] 
20160117,20160118,20160119,20160120,20160122,20160123,20160126,20160127,20160128,20160131,20160201,20160202,20160203,20160204,20160205 
Number is 56 
G.1.1_index_1_VS_G.2.2_index_4 [11] 
20160121,20160122,20160126,20160127,20160129,20160131,20160201,20160202,20160203,20160204,20160205 
Number is 69 
G.1.1_index_3_VS_G.2.1_index_1 [12] 
20160117,20160118,20160119,20160120,20160123,20160124,20160125,20160126,20160131,20160201,20160202,20160203,20160204,20160205 
Number is 81 
G.5.5_index_1_VS_G.3.5_index_1 [13] 
20160118,20160119,20160121,20160124,20160125,20160126,20160130,20160131,20160201,20160202,20160203,20160204,20160205 
G.5.5_index_4_VS_G.3.1_index_2 [14] 
20160117,20160118,20160119,20160122,20160126,20160131,20160201,20160202,20160203,20160204,20160205 
Number is 97 
G.3.3_index_5_VS_G.5.6_index_1 [15] 
20160119,20160123,20160125,20160128,20160131,20160201,20160202,20160203,20160204,20160205 
G.3.6_index_5_VS_G.5.6_index_1 [16] 
20160119,20160121,20160126,20160127,20160128,20160131,20160201,20160202,20160203,20160204,20160205 
