======== Current: 20160220 ========= 
Number is 00 
G.7.3_index_1_VS_G.4.1_index_3 [1] 
20160212,20160213,20160214,20160215,20160216,20160217,20160218,20160219,20160222,20160223,20160225,20160226 
Number is 10 
G.3.4_index_1_VS_G.2.1_index_4 [2] PLUS 1 
20160211,20160212,20160213,20160214,20160215,20160216,20160217,20160218,20160219,20160220,20160223,20160224,20160226,20160227,20160301 
Number is 12 
G.6.1_index_1_VS_G.4.1_index_2 [3] 
20160212,20160214,20160215,20160216,20160217,20160218,20160219,20160221,20160222,20160223,20160224,20160225,20160226,20160227,20160301,20160302 
Number is 23 
G.7.1_index_2_VS_G.5.5_index_3 [4] PLUS 1 
20160211,20160212,20160214,20160215,20160216,20160217,20160218,20160219,20160220,20160226,20160228 
Number is 24 
G.3.3_index_1_VS_G.3.2_index_1 [5] PLUS 1 
20160211,20160212,20160214,20160215,20160216,20160217,20160218,20160219,20160220,20160221,20160223,20160225,20160228,20160229,20160301,20160302 
Number is 32 
G.1.1_index_3_VS_G.1.1_index_2 [6] PLUS 1 
20160212,20160214,20160215,20160216,20160217,20160218,20160219,20160220,20160221,20160223,20160226,20160229 
Number is 33 
G.3.6_index_3_VS_G.DB_index_1 [7] 
20160211,20160212,20160213,20160214,20160215,20160216,20160217,20160218,20160219,20160225,20160227,20160301,20160302 
Number is 39 
G.2.2_index_3_VS_G.2.2_index_2 [8] PLUS 1 
20160212,20160214,20160215,20160216,20160217,20160218,20160219,20160220,20160221,20160222,20160301,20160302 
Number is 49 
G.3.2_index_5_VS_G.3.6_index_5 [9] 
20160213,20160214,20160215,20160216,20160217,20160218,20160219,20160221,20160224,20160228,20160301 
Number is 50 
G.3.5_index_4_VS_G.2.1_index_4 [10] PLUS 1 
20160212,20160214,20160215,20160216,20160217,20160218,20160219,20160220,20160223,20160224,20160225,20160226,20160228,20160302 
G.5.2_index_3_VS_G.2.1_index_4 [11] PLUS 1 
20160211,20160212,20160213,20160214,20160215,20160216,20160217,20160218,20160219,20160220,20160226,20160301,20160302 
Number is 54 
G.5.2_index_3_VS_G.4.2_index_3 [12] 
20160212,20160213,20160214,20160215,20160216,20160217,20160218,20160219,20160222,20160224,20160226 
Number is 57 
G.5.1_index_4_VS_G.3.5_index_5 [13] 
20160211,20160213,20160214,20160215,20160216,20160217,20160218,20160219,20160221,20160222,20160223,20160229,20160301 
Number is 59 
G.5.1_index_4_VS_G.3.4_index_5 [14] 
20160213,20160214,20160215,20160216,20160217,20160218,20160219,20160222,20160226,20160229,20160301 
Number is 71 
G.5.6_index_1_VS_G.6.1_index_1 [15] PLUS 1 
20160213,20160214,20160215,20160216,20160217,20160218,20160219,20160220,20160221,20160222,20160224,20160225,20160227,20160228 
Number is 90 
G.2.2_index_2_VS_G.2.1_index_4 [16] 
20160212,20160214,20160215,20160216,20160217,20160218,20160219,20160221,20160222,20160223,20160225,20160227,20160228,20160229 
Number is 93 
G.5.1_index_1_VS_G.3.6_index_3 [17] PLUS 1 
20160211,20160212,20160214,20160215,20160216,20160217,20160218,20160219,20160220,20160223,20160224,20160225,20160226 
Number is 94 
G.2.2_index_2_VS_G.4.2_index_3 [18] 
20160211,20160212,20160213,20160214,20160215,20160216,20160217,20160218,20160219,20160223,20160224,20160229,20160301 
Number is 97 
G.2.2_index_2_VS_G.3.5_index_1 [19] 
20160214,20160215,20160216,20160217,20160218,20160219,20160222,20160225,20160228,20160302 
G.5.1_index_1_VS_G.5.6_index_1 [20] 
20160212,20160213,20160214,20160215,20160216,20160217,20160218,20160219,20160221,20160223,20160224,20160225,20160228 
