======== Current: 20160225 ========= 
Number is 00 
G.3.2_index_1_VS_G.2.2_index_1 [1] 
20160212,20160215,20160216,20160217,20160219,20160220,20160221,20160222,20160223,20160224 
G.5.1_index_1_VS_G.5.4_index_2 [2] 
20160211,20160213,20160215,20160218,20160219,20160220,20160221,20160222,20160223,20160224,20160226,20160228,20160302 
Number is 02 
G.5.3_index_4_VS_G.2.1_index_5 [3] 
20160215,20160219,20160220,20160221,20160222,20160223,20160224,20160227,20160228,20160229 
G.5.3_index_4_VS_G.6.1_index_2 [4] 
20160211,20160214,20160217,20160219,20160220,20160221,20160222,20160223,20160224,20160229,20160301 
Number is 05 
G.5.3_index_4_VS_G.5.3_index_1 [5] 
20160211,20160213,20160214,20160216,20160217,20160219,20160220,20160221,20160222,20160223,20160224,20160227,20160228 
G.2.2_index_3_VS_G.4.2_index_4 [6] 
20160211,20160218,20160219,20160220,20160221,20160222,20160223,20160224,20160226,20160301 
Number is 06 
G.5.3_index_4_VS_G.7.4_index_1 [7] PLUS 1 
20160213,20160214,20160216,20160217,20160219,20160220,20160221,20160222,20160223,20160224,20160225,20160301 
Number is 09 
G.5.4_index_2_VS_G.3.1_index_3 [8] PLUS 1 
20160219,20160220,20160221,20160222,20160223,20160224,20160225,20160226,20160227,20160301 
Number is 16 
G.7.1_index_2_VS_G.3.1_index_4 [9] 
20160215,20160216,20160217,20160219,20160220,20160221,20160222,20160223,20160224,20160301 
Number is 34 
G.5.3_index_3_VS_G.DB_index_3 [10] 
20160214,20160217,20160218,20160219,20160220,20160221,20160222,20160223,20160224,20160226,20160228,20160229,20160301 
Number is 35 
G.2.2_index_5_VS_G.5.3_index_1 [11] 
20160211,20160213,20160217,20160219,20160220,20160221,20160222,20160223,20160224 
Number is 49 
G.1.1_index_2_VS_G.4.1_index_3 [12] PLUS 1 
20160211,20160212,20160216,20160217,20160218,20160219,20160220,20160221,20160222,20160223,20160224,20160225,20160228 
Number is 50 
G.3.6_index_1_VS_G.2.2_index_1 [13] 
20160211,20160213,20160215,20160216,20160218,20160219,20160220,20160221,20160222,20160223,20160224,20160226,20160229,20160301,20160302 
G.5.1_index_3_VS_G.5.4_index_2 [14] 
20160213,20160214,20160217,20160219,20160220,20160221,20160222,20160223,20160224,20160227,20160228,20160301,20160302 
Number is 55 
G.7.3_index_1_VS_G.5.1_index_2 [15] 
20160212,20160213,20160215,20160218,20160219,20160220,20160221,20160222,20160223,20160224,20160229,20160301,20160302 
G.4.3_index_2_VS_G.4.2_index_3 [16] 
20160215,20160216,20160217,20160219,20160220,20160221,20160222,20160223,20160224,20160229,20160301 
G.5.1_index_2_VS_G.6.3_index_3 [17] 
20160211,20160216,20160219,20160220,20160221,20160222,20160223,20160224,20160228,20160301 
Number is 58 
G.4.2_index_3_VS_G.2.1_index_4 [18] PLUS 1 
20160215,20160216,20160217,20160218,20160219,20160220,20160221,20160222,20160223,20160224,20160225,20160226,20160228 
G.3.6_index_1_VS_G.7.2_index_1 [19] PLUS 1 
20160213,20160217,20160218,20160219,20160220,20160221,20160222,20160223,20160224,20160225,20160226,20160228,20160301 
Number is 60 
G.5.2_index_3_VS_G.5.4_index_2 [20] PLUS 1 
20160211,20160215,20160217,20160219,20160220,20160221,20160222,20160223,20160224,20160225,20160228,20160302 
G.3.5_index_3_VS_G.5.3_index_4 [21] PLUS 1 
20160211,20160213,20160214,20160215,20160216,20160217,20160219,20160220,20160221,20160222,20160223,20160224,20160225,20160227,20160228 
Number is 65 
G.3.5_index_3_VS_G.5.1_index_2 [22] 
20160212,20160213,20160219,20160220,20160221,20160222,20160223,20160224,20160228,20160229,20160302 
Number is 75 
G.1.1_index_3_VS_G.6.3_index_3 [23] 
20160215,20160217,20160219,20160220,20160221,20160222,20160223,20160224,20160301,20160302 
G.5.5_index_2_VS_G.5.1_index_3 [24] 
20160211,20160213,20160217,20160218,20160219,20160220,20160221,20160222,20160223,20160224,20160227,20160228,20160301,20160302 
Number is 78 
G.3.4_index_3_VS_G.4.1_index_2 [25] 
20160211,20160213,20160215,20160216,20160217,20160219,20160220,20160221,20160222,20160223,20160224,20160226,20160228,20160302 
Number is 85 
G.4.1_index_1_VS_G.5.3_index_1 [26] PLUS 1 
20160214,20160215,20160216,20160217,20160219,20160220,20160221,20160222,20160223,20160224,20160225,20160226,20160228 
G.4.1_index_2_VS_G.4.3_index_2 [27] PLUS 1 
20160212,20160213,20160215,20160217,20160219,20160220,20160221,20160222,20160223,20160224,20160225,20160229,20160301 
G.2.1_index_4_VS_G.4.2_index_4 [28] PLUS 1 
20160212,20160213,20160215,20160216,20160217,20160218,20160219,20160220,20160221,20160222,20160223,20160224,20160225,20160226,20160227 
Number is 88 
G.4.1_index_2_VS_G.2.1_index_4 [29] 
20160212,20160214,20160217,20160218,20160219,20160220,20160221,20160222,20160223,20160224,20160228 
G.7.2_index_1_VS_G.4.3_index_1 [30] 
20160211,20160212,20160213,20160215,20160218,20160219,20160220,20160221,20160222,20160223,20160224,20160227,20160302 
G.3.2_index_2_VS_G.4.1_index_2 [31] 
20160211,20160213,20160217,20160218,20160219,20160220,20160221,20160222,20160223,20160224,20160226,20160228 
Number is 90 
G.3.2_index_3_VS_G.5.3_index_4 [32] PLUS 1 
20160215,20160217,20160219,20160220,20160221,20160222,20160223,20160224,20160225,20160228,20160301 
Number is 95 
G.3.2_index_3_VS_G.4.4_index_1 [33] PLUS 1 
20160213,20160216,20160217,20160219,20160220,20160221,20160222,20160223,20160224,20160225,20160226,20160228 
Number is 96 
G.2.1_index_2_VS_G.7.4_index_1 [34] 
20160211,20160212,20160213,20160214,20160215,20160217,20160219,20160220,20160221,20160222,20160223,20160224,20160226,20160229,20160301 
