======== Current: 20160228 ========= 
Number is 04 
G.3.4_index_4_VS_G.3.2_index_3 [1] PLUS 1 
20160215,20160216,20160217,20160222,20160223,20160224,20160225,20160226,20160227,20160228 
Number is 07 
G.3.4_index_4_VS_G.6.1_index_1 [2] 
20160211,20160212,20160214,20160222,20160223,20160224,20160225,20160226,20160227 
Number is 11 
G.2.1_index_2_VS_G.5.3_index_3 [3] 
20160213,20160215,20160217,20160221,20160222,20160223,20160224,20160225,20160226,20160227,20160229,20160301 
Number is 15 
G.5.2_index_4_VS_G.3.4_index_3 [4] PLUS 1 
20160211,20160213,20160215,20160216,20160217,20160221,20160222,20160223,20160224,20160225,20160226,20160227,20160228 
Number is 16 
G.2.1_index_2_VS_G.2.2_index_5 [5] PLUS 1 
20160217,20160220,20160221,20160222,20160223,20160224,20160225,20160226,20160227,20160228,20160229,20160301 
Number is 17 
G.5.3_index_4_VS_G.7.2_index_1 [6] PLUS 1 
20160211,20160217,20160219,20160221,20160222,20160223,20160224,20160225,20160226,20160227,20160228,20160301 
Number is 19 
G.6.3_index_1_VS_G.4.2_index_1 [7] 
20160213,20160215,20160216,20160218,20160219,20160221,20160222,20160223,20160224,20160225,20160226,20160227 
Number is 25 
G.3.2_index_2_VS_G.5.6_index_2 [8] 
20160211,20160212,20160213,20160215,20160218,20160221,20160222,20160223,20160224,20160225,20160226,20160227,20160229,20160301,20160302 
Number is 26 
G.2.1_index_4_VS_G.4.2_index_4 [9] 
20160212,20160213,20160215,20160216,20160217,20160218,20160219,20160220,20160221,20160222,20160223,20160224,20160225,20160226,20160227 
Number is 35 
G.1.1_index_5_VS_G.5.6_index_2 [10] PLUS 1 
20160214,20160215,20160218,20160221,20160222,20160223,20160224,20160225,20160226,20160227,20160228,20160229,20160301,20160302 
Number is 37 
G.4.1_index_2_VS_G.6.1_index_1 [11] 
20160212,20160214,20160215,20160216,20160217,20160218,20160219,20160221,20160222,20160223,20160224,20160225,20160226,20160227,20160301,20160302 
Number is 38 
G.4.1_index_2_VS_G.DB_index_5 [12] 
20160218,20160222,20160223,20160224,20160225,20160226,20160227,20160301 
Number is 47 
G.3.6_index_5_VS_G.6.1_index_1 [13] 
20160214,20160215,20160218,20160219,20160220,20160222,20160223,20160224,20160225,20160226,20160227,20160302 
Number is 48 
G.3.6_index_5_VS_G.2.2_index_1 [14] PLUS 1 
20160212,20160215,20160216,20160222,20160223,20160224,20160225,20160226,20160227,20160228,20160302 
Number is 51 
G.5.5_index_1_VS_G.2.1_index_2 [15] PLUS 1 
20160220,20160222,20160223,20160224,20160225,20160226,20160227,20160228,20160301 
Number is 54 
G.5.5_index_1_VS_G.4.1_index_3 [16] PLUS 1 
20160216,20160217,20160220,20160221,20160222,20160223,20160224,20160225,20160226,20160227,20160228 
Number is 55 
G.1.1_index_4_VS_G.3.4_index_3 [17] 
20160211,20160213,20160217,20160220,20160222,20160223,20160224,20160225,20160226,20160227,20160301,20160302 
Number is 67 
G.3.6_index_4_VS_G.6.3_index_3 [18] 
20160215,20160218,20160221,20160222,20160223,20160224,20160225,20160226,20160227 
G.7.4_index_2_VS_G.5.4_index_2 [19] 
20160213,20160214,20160215,20160216,20160217,20160221,20160222,20160223,20160224,20160225,20160226,20160227 
Number is 70 
G.5.4_index_2_VS_G.3.1_index_3 [20] 
20160219,20160220,20160221,20160222,20160223,20160224,20160225,20160226,20160227,20160301 
Number is 72 
G.5.1_index_3_VS_G.3.2_index_2 [21] PLUS 1 
20160211,20160212,20160213,20160214,20160215,20160216,20160217,20160218,20160222,20160223,20160224,20160225,20160226,20160227,20160228,20160229,20160302 
Number is 73 
G.2.1_index_5_VS_G.6.2_index_1 [22] 
20160221,20160222,20160223,20160224,20160225,20160226,20160227 
G.5.1_index_3_VS_G.4.1_index_2 [23] 
20160212,20160213,20160215,20160216,20160217,20160222,20160223,20160224,20160225,20160226,20160227,20160229,20160302 
Number is 82 
G.2.2_index_3_VS_G.3.5_index_2 [24] PLUS 1 
20160212,20160213,20160216,20160219,20160221,20160222,20160223,20160224,20160225,20160226,20160227,20160228,20160301 
Number is 84 
G.2.2_index_1_VS_G.3.3_index_2 [25] PLUS 1 
20160211,20160212,20160215,20160216,20160221,20160222,20160223,20160224,20160225,20160226,20160227,20160228 
Number is 87 
G.2.2_index_1_VS_G.4.3_index_4 [26] 
20160213,20160215,20160216,20160222,20160223,20160224,20160225,20160226,20160227,20160301 
Number is 89 
G.2.2_index_1_VS_G.6.3_index_2 [27] 
20160212,20160214,20160215,20160216,20160218,20160220,20160221,20160222,20160223,20160224,20160225,20160226,20160227,20160229,20160302 
