======== Current: 20131101 ========= 
Number is 02 
G.2.1_index_1_VS_G.4.1_index_1 [1] 
20131025,20131026,20131027,20131028,20131029,20131030,20131031,20131103,20131105 
G.5.1_index_2_VS_G.3.6_index_5 [2] 
20131024,20131025,20131026,20131027,20131028,20131029,20131030,20131031,20131103,20131105 
Number is 09 
G.3.4_index_5_VS_G.1.1_index_1 [3] PLUS 1 
20131021,20131022,20131023,20131026,20131027,20131028,20131029,20131030,20131031,20131101,20131103,20131104,20131106 
Number is 11 
G.5.1_index_4_VS_G.2.2_index_3 [4] 
20131026,20131027,20131028,20131029,20131030,20131031,20131102,20131106 
Number is 13 
G.2.2_index_3_VS_G.3.1_index_2 [5] PLUS 1 
20131020,20131023,20131025,20131026,20131027,20131028,20131029,20131030,20131031,20131101,20131102 
Number is 16 
G.5.3_index_2_VS_G.3.4_index_4 [6] 
20131021,20131026,20131027,20131028,20131029,20131030,20131031,20131105,20131107 
Number is 24 
G.3.1_index_4_VS_G.3.2_index_1 [7] 
20131020,20131022,20131026,20131027,20131028,20131029,20131030,20131031,20131104,20131105 
Number is 28 
G.5.5_index_1_VS_G.6.1_index_1 [8] PLUS 1 
20131026,20131027,20131028,20131029,20131030,20131031,20131101,20131102,20131105,20131106 
Number is 29 
G.3.6_index_5_VS_G.1.1_index_1 [9] PLUS 1 
20131020,20131026,20131027,20131028,20131029,20131030,20131031,20131101,20131104,20131105,20131107 
Number is 40 
G.2.2_index_1_VS_G.4.4_index_2 [10] PLUS 1 
20131020,20131022,20131023,20131026,20131027,20131028,20131029,20131030,20131031,20131101,20131103,20131105,20131106,20131107 
Number is 53 
G.5.5_index_4_VS_G.6.2_index_3 [11] 
20131020,20131023,20131026,20131027,20131028,20131029,20131030,20131031,20131102,20131103,20131104,20131106 
Number is 58 
G.3.3_index_2_VS_G.1.1_index_5 [12] 
20131020,20131021,20131023,20131025,20131026,20131027,20131028,20131029,20131030,20131031,20131102,20131107 
Number is 62 
G.DB_index_3_VS_G.5.5_index_1 [13] 
20131020,20131021,20131024,20131025,20131026,20131027,20131028,20131029,20131030,20131031,20131102,20131104,20131105,20131106 
Number is 65 
G.DB_index_3_VS_G.5.5_index_4 [14] PLUS 1 
20131021,20131022,20131023,20131025,20131026,20131027,20131028,20131029,20131030,20131031,20131101,20131102,20131104,20131106,20131107 
Number is 74 
G.3.5_index_5_VS_G.5.4_index_4 [15] PLUS 1 
20131020,20131021,20131022,20131023,20131026,20131027,20131028,20131029,20131030,20131031,20131101,20131104,20131107 
Number is 85 
G.5.1_index_3_VS_G.3.3_index_5 [16] 
20131024,20131025,20131026,20131027,20131028,20131029,20131030,20131031,20131104,20131106 
Number is 95 
G.DB_index_2_VS_G.5.5_index_4 [17] 
20131020,20131023,20131026,20131027,20131028,20131029,20131030,20131031,20131104,20131107 
