======== Current: 20131111 ========= 
Number is 03 
G.2.1_index_1_VS_G.7.1_index_1 [1] 
20131021,20131028,20131104,20131105,20131106,20131107,20131108,20131109,20131110 
Number is 05 
G.5.2_index_4_VS_G.3.5_index_3 [2] PLUS 1 
20131022,20131024,20131025,20131029,20131031,20131101,20131104,20131105,20131106,20131107,20131108,20131109,20131110,20131111 
Number is 06 
G.3.1_index_5_VS_G.5.6_index_4 [3] 
20131023,20131024,20131025,20131027,20131029,20131031,20131101,20131102,20131103,20131104,20131105,20131106,20131107,20131108,20131109,20131110 
Number is 09 
G.3.1_index_5_VS_G.2.2_index_1 [4] 
20131021,20131026,20131027,20131029,20131030,20131102,20131103,20131104,20131105,20131106,20131107,20131108,20131109,20131110 
Number is 11 
G.5.1_index_3_VS_G.6.3_index_2 [5] PLUS 1 
20131025,20131026,20131027,20131029,20131101,20131102,20131103,20131104,20131105,20131106,20131107,20131108,20131109,20131110,20131111 
Number is 14 
G.6.3_index_2_VS_G.5.1_index_2 [6] 
20131020,20131022,20131024,20131028,20131031,20131105,20131106,20131107,20131108,20131109,20131110 
Number is 17 
G.6.3_index_2_VS_G.1.1_index_3 [7] 
20131023,20131026,20131027,20131029,20131103,20131105,20131106,20131107,20131108,20131109,20131110 
Number is 22 
G.5.6_index_3_VS_G.5.3_index_1 [8] 
20131021,20131025,20131030,20131101,20131105,20131106,20131107,20131108,20131109,20131110 
Number is 23 
G.5.6_index_3_VS_G.3.1_index_1 [9] PLUS 1 
20131020,20131021,20131024,20131027,20131028,20131031,20131101,20131105,20131106,20131107,20131108,20131109,20131110,20131111 
Number is 27 
G.5.4_index_2_VS_G.3.6_index_5 [10] PLUS 1 
20131022,20131023,20131024,20131025,20131031,20131102,20131105,20131106,20131107,20131108,20131109,20131110,20131111 
Number is 29 
G.5.6_index_3_VS_G.3.5_index_2 [11] PLUS 1 
20131024,20131025,20131026,20131028,20131031,20131101,20131103,20131105,20131106,20131107,20131108,20131109,20131110,20131111 
Number is 49 
G.3.3_index_4_VS_G.3.4_index_1 [12] PLUS 1 
20131022,20131023,20131027,20131031,20131102,20131105,20131106,20131107,20131108,20131109,20131110,20131111 
Number is 51 
G.5.5_index_1_VS_G.6.3_index_2 [13] PLUS 1 
20131020,20131022,20131025,20131027,20131103,20131104,20131105,20131106,20131107,20131108,20131109,20131110,20131111 
Number is 61 
G.6.2_index_1_VS_G.4.3_index_3 [14] PLUS 1 
20131020,20131022,20131024,20131028,20131105,20131106,20131107,20131108,20131109,20131110,20131111 
Number is 72 
G.5.2_index_1_VS_G.3.5_index_1 [15] PLUS 1 
20131020,20131021,20131022,20131023,20131102,20131103,20131104,20131105,20131106,20131107,20131108,20131109,20131110,20131111 
Number is 74 
G.5.2_index_1_VS_G.4.1_index_4 [16] PLUS 1 
20131020,20131021,20131022,20131025,20131027,20131028,20131102,20131103,20131104,20131105,20131106,20131107,20131108,20131109,20131110,20131111 
Number is 75 
G.2.1_index_3_VS_G.4.2_index_1 [17] 
20131020,20131022,20131023,20131024,20131025,20131031,20131102,20131105,20131106,20131107,20131108,20131109,20131110 
Number is 88 
G.3.1_index_2_VS_G.3.3_index_2 [18] 
20131021,20131023,20131024,20131025,20131026,20131027,20131030,20131102,20131103,20131104,20131105,20131106,20131107,20131108,20131109,20131110 
Number is 90 
G.2.2_index_1_VS_G.7.2_index_2 [19] 
20131020,20131022,20131026,20131105,20131106,20131107,20131108,20131109,20131110 
