======== Current: 20131123 ========= 
Number is 06 
G.5.5_index_1_VS_G.1.1_index_3 [1] 
20131020,20131021,20131024,20131026,20131103,20131104,20131105,20131108,20131109,20131112,20131115,20131117,20131118,20131119,20131120,20131121,20131122 
Number is 12 
G.3.2_index_3_VS_G.5.2_index_3 [2] 
20131021,20131025,20131026,20131101,20131102,20131104,20131114,20131115,20131116,20131117,20131118,20131119,20131120,20131121,20131122 
Number is 14 
G.6.2_index_2_VS_G.5.4_index_1 [3] 
20131020,20131021,20131023,20131025,20131028,20131029,20131030,20131101,20131102,20131106,20131108,20131111,20131112,20131116,20131117,20131118,20131119,20131120,20131121,20131122 
Number is 16 
G.3.6_index_1_VS_G.3.3_index_3 [4] 
20131022,20131023,20131026,20131027,20131031,20131103,20131105,20131106,20131107,20131110,20131112,20131113,20131116,20131117,20131118,20131119,20131120,20131121,20131122 
Number is 17 
G.6.2_index_2_VS_G.4.3_index_1 [5] 
20131021,20131022,20131026,20131028,20131029,20131030,20131031,20131104,20131107,20131108,20131111,20131112,20131117,20131118,20131119,20131120,20131121,20131122 
G.6.2_index_2_VS_G.4.3_index_3 [6] 
20131023,20131025,20131026,20131028,20131031,20131106,20131109,20131110,20131115,20131117,20131118,20131119,20131120,20131121,20131122 
Number is 21 
G.3.2_index_5_VS_G.6.2_index_2 [7] 
20131028,20131029,20131102,20131103,20131104,20131107,20131108,20131109,20131111,20131112,20131114,20131115,20131117,20131118,20131119,20131120,20131121,20131122 
Number is 23 
G.2.2_index_3_VS_G.4.1_index_3 [8] PLUS 1 
20131023,20131025,20131027,20131028,20131030,20131105,20131106,20131107,20131108,20131113,20131117,20131118,20131119,20131120,20131121,20131122,20131123 
Number is 24 
G.5.2_index_3_VS_G.7.3_index_2 [9] 
20131020,20131021,20131024,20131025,20131026,20131027,20131030,20131101,20131102,20131104,20131106,20131109,20131110,20131111,20131113,20131115,20131116,20131117,20131118,20131119,20131120,20131121,20131122 
Number is 29 
G.2.2_index_3_VS_G.3.3_index_4 [10] PLUS 1 
20131025,20131027,20131029,20131103,20131106,20131108,20131109,20131112,20131113,20131117,20131118,20131119,20131120,20131121,20131122,20131123 
Number is 62 
G.3.3_index_3_VS_G.3.2_index_5 [11] 
20131021,20131022,20131031,20131101,20131105,20131107,20131109,20131111,20131112,20131115,20131117,20131118,20131119,20131120,20131121,20131122 
Number is 65 
G.1.1_index_4_VS_G.5.3_index_3 [12] 
20131023,20131026,20131101,20131102,20131104,20131106,20131108,20131110,20131111,20131117,20131118,20131119,20131120,20131121,20131122 
Number is 77 
G.6.1_index_1_VS_G.5.4_index_2 [13] 
20131021,20131023,20131024,20131027,20131031,20131102,20131104,20131105,20131117,20131118,20131119,20131120,20131121,20131122 
Number is 78 
G.6.1_index_1_VS_G.7.2_index_2 [14] PLUS 1 
20131022,20131025,20131028,20131029,20131103,20131104,20131107,20131110,20131111,20131113,20131115,20131117,20131118,20131119,20131120,20131121,20131122,20131123 
Number is 79 
G.2.2_index_1_VS_G.2.2_index_5 [15] 
20131020,20131021,20131022,20131023,20131024,20131030,20131103,20131104,20131105,20131110,20131111,20131117,20131118,20131119,20131120,20131121,20131122 
Number is 97 
G.3.6_index_4_VS_G.2.2_index_1 [16] 
20131020,20131022,20131023,20131025,20131026,20131029,20131030,20131102,20131103,20131105,20131106,20131109,20131110,20131111,20131112,20131113,20131115,20131116,20131117,20131118,20131119,20131120,20131121,20131122 
Number is 98 
G.4.1_index_1_VS_G.7.2_index_2 [17] 
20131021,20131025,20131026,20131028,20131030,20131031,20131101,20131103,20131105,20131107,20131108,20131110,20131112,20131113,20131114,20131117,20131118,20131119,20131120,20131121,20131122 
Number is 99 
G.4.3_index_4_VS_G.3.3_index_4 [18] PLUS 1 
20131028,20131102,20131103,20131105,20131107,20131111,20131113,20131115,20131117,20131118,20131119,20131120,20131121,20131122,20131123 
