======== Current: 20131126 ========= 
Number is 00 
G.2.1_index_4_VS_G.6.2_index_1 [1] 
20131024,20131028,20131101,20131102,20131106,20131111,20131113,20131114,20131116,20131117,20131120,20131121,20131122,20131123,20131124,20131125 
Number is 04 
G.3.1_index_1_VS_G.6.1_index_1 [2] 
20131021,20131022,20131023,20131027,20131028,20131029,20131030,20131103,20131105,20131107,20131110,20131111,20131113,20131115,20131119,20131120,20131121,20131122,20131123,20131124,20131125 
G.6.1_index_2_VS_G.6.1_index_1 [3] 
20131022,20131025,20131027,20131028,20131030,20131101,20131102,20131103,20131111,20131113,20131120,20131121,20131122,20131123,20131124,20131125 
Number is 06 
G.4.1_index_1_VS_G.1.1_index_4 [4] 
20131020,20131023,20131025,20131027,20131101,20131104,20131106,20131107,20131108,20131112,20131117,20131120,20131121,20131122,20131123,20131124,20131125 
Number is 07 
G.6.2_index_1_VS_G.4.1_index_2 [5] 
20131024,20131028,20131103,20131104,20131105,20131106,20131110,20131113,20131119,20131120,20131121,20131122,20131123,20131124,20131125 
G.6.2_index_1_VS_G.3.6_index_4 [6] 
20131021,20131022,20131025,20131028,20131103,20131106,20131109,20131110,20131111,20131116,20131117,20131120,20131121,20131122,20131123,20131124,20131125 
Number is 15 
G.3.3_index_3_VS_G.5.1_index_2 [7] 
20131028,20131030,20131031,20131105,20131107,20131108,20131111,20131116,20131118,20131120,20131121,20131122,20131123,20131124,20131125 
Number is 24 
G.4.1_index_4_VS_G.4.2_index_1 [8] 
20131020,20131021,20131023,20131024,20131027,20131030,20131031,20131101,20131102,20131106,20131108,20131109,20131110,20131111,20131113,20131120,20131121,20131122,20131123,20131124,20131125 
Number is 28 
G.3.5_index_3_VS_G.6.3_index_1 [9] 
20131021,20131023,20131026,20131102,20131106,20131107,20131108,20131111,20131112,20131113,20131120,20131121,20131122,20131123,20131124,20131125 
Number is 33 
G.3.4_index_5_VS_G.5.1_index_1 [10] 
20131020,20131021,20131025,20131026,20131027,20131028,20131031,20131103,20131106,20131108,20131111,20131114,20131117,20131119,20131120,20131121,20131122,20131123,20131124,20131125 
Number is 35 
G.2.2_index_1_VS_G.4.2_index_3 [11] 
20131023,20131026,20131027,20131029,20131030,20131105,20131108,20131112,20131113,20131115,20131117,20131119,20131120,20131121,20131122,20131123,20131124,20131125 
Number is 37 
G.3.4_index_5_VS_G.3.4_index_4 [12] 
20131021,20131022,20131023,20131024,20131026,20131027,20131108,20131111,20131112,20131113,20131114,20131117,20131120,20131121,20131122,20131123,20131124,20131125 
G.5.1_index_1_VS_G.3.3_index_2 [13] 
20131021,20131023,20131024,20131025,20131027,20131030,20131101,20131102,20131103,20131104,20131105,20131106,20131107,20131109,20131115,20131120,20131121,20131122,20131123,20131124,20131125 
Number is 42 
G.DB_index_2_VS_G.5.4_index_2 [14] 
20131021,20131022,20131024,20131027,20131028,20131031,20131101,20131102,20131107,20131109,20131110,20131111,20131112,20131114,20131116,20131119,20131120,20131121,20131122,20131123,20131124,20131125 
Number is 44 
G.4.3_index_3_VS_G.6.2_index_3 [15] 
20131023,20131025,20131027,20131030,20131031,20131102,20131106,20131107,20131108,20131109,20131110,20131112,20131115,20131116,20131119,20131120,20131121,20131122,20131123,20131124,20131125 
Number is 47 
G.4.2_index_1_VS_G.3.6_index_2 [16] 
20131020,20131021,20131023,20131027,20131029,20131031,20131101,20131103,20131104,20131106,20131113,20131115,20131116,20131117,20131120,20131121,20131122,20131123,20131124,20131125 
Number is 58 
G.4.2_index_3_VS_G.2.1_index_5 [17] 
20131024,20131028,20131030,20131101,20131104,20131108,20131109,20131111,20131112,20131115,20131119,20131120,20131121,20131122,20131123,20131124,20131125 
Number is 60 
G.3.2_index_1_VS_G.6.2_index_1 [18] 
20131021,20131023,20131024,20131027,20131028,20131030,20131101,20131105,20131106,20131107,20131109,20131110,20131111,20131112,20131114,20131116,20131117,20131120,20131121,20131122,20131123,20131124,20131125 
Number is 83 
G.3.4_index_1_VS_G.5.1_index_1 [19] 
20131020,20131023,20131024,20131026,20131030,20131031,20131103,20131106,20131110,20131111,20131112,20131117,20131118,20131120,20131121,20131122,20131123,20131124,20131125 
G.7.2_index_2_VS_G.5.1_index_1 [20] 
20131024,20131030,20131031,20131102,20131104,20131105,20131106,20131108,20131117,20131119,20131120,20131121,20131122,20131123,20131124,20131125 
G.1.1_index_2_VS_G.3.4_index_5 [21] 
20131020,20131021,20131022,20131023,20131025,20131026,20131028,20131101,20131102,20131107,20131108,20131112,20131113,20131117,20131118,20131120,20131121,20131122,20131123,20131124,20131125 
Number is 88 
G.2.1_index_5_VS_G.7.2_index_2 [22] 
20131020,20131022,20131026,20131104,20131106,20131108,20131109,20131111,20131114,20131120,20131121,20131122,20131123,20131124,20131125 
Number is 89 
G.2.1_index_5_VS_G.2.2_index_3 [23] 
20131022,20131026,20131028,20131029,20131030,20131031,20131101,20131106,20131111,20131112,20131113,20131120,20131121,20131122,20131123,20131124,20131125 
Number is 93 
G.4.4_index_1_VS_G.5.1_index_1 [24] 
20131021,20131022,20131027,20131028,20131031,20131103,20131105,20131106,20131109,20131110,20131111,20131119,20131120,20131121,20131122,20131123,20131124,20131125 
