======== Current: 20131127 ========= 
Number is 02 
G.2.2_index_1_VS_G.7.3_index_2 [1] PLUS 1 
20131020,20131021,20131022,20131023,20131024,20131026,20131027,20131029,20131030,20131102,20131106,20131107,20131108,20131111,20131113,20131114,20131117,20131118,20131119,20131121,20131122,20131123,20131124,20131125,20131126,20131127 
Number is 04 
G.2.2_index_1_VS_G.4.2_index_3 [2] 
20131023,20131026,20131027,20131029,20131030,20131105,20131108,20131112,20131113,20131115,20131117,20131119,20131120,20131121,20131122,20131123,20131124,20131125,20131126 
Number is 13 
G.3.3_index_3_VS_G.5.1_index_2 [3] 
20131028,20131030,20131031,20131105,20131107,20131108,20131111,20131116,20131118,20131120,20131121,20131122,20131123,20131124,20131125,20131126 
Number is 17 
G.6.1_index_3_VS_G.7.2_index_1 [4] PLUS 1 
20131025,20131026,20131101,20131102,20131103,20131105,20131106,20131109,20131110,20131111,20131112,20131113,20131119,20131121,20131122,20131123,20131124,20131125,20131126,20131127 
Number is 21 
G.2.2_index_2_VS_G.5.3_index_1 [5] 
20131021,20131022,20131023,20131029,20131103,20131105,20131106,20131107,20131108,20131110,20131115,20131117,20131121,20131122,20131123,20131124,20131125,20131126 
Number is 39 
G.3.4_index_1_VS_G.5.1_index_1 [6] 
20131020,20131023,20131024,20131026,20131030,20131031,20131103,20131106,20131110,20131111,20131112,20131117,20131118,20131120,20131121,20131122,20131123,20131124,20131125,20131126 
G.7.2_index_2_VS_G.5.1_index_1 [7] 
20131024,20131030,20131031,20131102,20131104,20131105,20131106,20131108,20131117,20131119,20131120,20131121,20131122,20131123,20131124,20131125,20131126 
Number is 41 
G.DB_index_5_VS_G.6.3_index_2 [8] PLUS 1 
20131022,20131024,20131027,20131028,20131101,20131103,20131104,20131105,20131111,20131117,20131121,20131122,20131123,20131124,20131125,20131126,20131127 
Number is 57 
G.4.3_index_4_VS_G.6.2_index_1 [9] 
20131020,20131025,20131028,20131102,20131105,20131109,20131110,20131111,20131112,20131113,20131115,20131121,20131122,20131123,20131124,20131125,20131126 
Number is 59 
G.1.1_index_2_VS_G.3.4_index_5 [10] 
20131020,20131021,20131022,20131023,20131025,20131026,20131028,20131101,20131102,20131107,20131108,20131112,20131113,20131117,20131118,20131120,20131121,20131122,20131123,20131124,20131125,20131126 
Number is 69 
G.4.4_index_1_VS_G.5.1_index_1 [11] PLUS 1 
20131021,20131022,20131027,20131028,20131031,20131103,20131105,20131106,20131109,20131110,20131111,20131119,20131120,20131121,20131122,20131123,20131124,20131125,20131126,20131127 
Number is 71 
G.6.2_index_1_VS_G.4.1_index_2 [12] PLUS 1 
20131024,20131028,20131103,20131104,20131105,20131106,20131110,20131113,20131119,20131120,20131121,20131122,20131123,20131124,20131125,20131126,20131127 
G.3.1_index_1_VS_G.6.1_index_1 [13] PLUS 1 
20131021,20131022,20131023,20131027,20131028,20131029,20131030,20131103,20131105,20131107,20131110,20131111,20131113,20131115,20131119,20131120,20131121,20131122,20131123,20131124,20131125,20131126,20131127 
G.6.1_index_2_VS_G.6.1_index_1 [14] PLUS 1 
20131022,20131025,20131027,20131028,20131030,20131101,20131102,20131103,20131111,20131113,20131120,20131121,20131122,20131123,20131124,20131125,20131126,20131127 
Number is 75 
G.6.2_index_1_VS_G.3.6_index_4 [15] 
20131021,20131022,20131025,20131028,20131103,20131106,20131109,20131110,20131111,20131116,20131117,20131120,20131121,20131122,20131123,20131124,20131125,20131126 
Number is 77 
G.5.2_index_4_VS_G.4.2_index_1 [16] 
20131022,20131023,20131024,20131027,20131031,20131101,20131102,20131103,20131105,20131108,20131109,20131110,20131111,20131113,20131121,20131122,20131123,20131124,20131125,20131126 
Number is 89 
G.2.1_index_5_VS_G.2.2_index_3 [17] PLUS 1 
20131022,20131026,20131028,20131029,20131030,20131031,20131101,20131106,20131111,20131112,20131113,20131120,20131121,20131122,20131123,20131124,20131125,20131126,20131127 
Number is 93 
G.5.1_index_1_VS_G.3.3_index_2 [18] 
20131021,20131023,20131024,20131025,20131027,20131030,20131101,20131102,20131103,20131104,20131105,20131106,20131107,20131109,20131115,20131120,20131121,20131122,20131123,20131124,20131125,20131126 
Number is 95 
G.5.3_index_4_VS_G.5.3_index_3 [19] 
20131021,20131022,20131028,20131030,20131102,20131106,20131109,20131111,20131112,20131117,20131118,20131121,20131122,20131123,20131124,20131125,20131126 
Number is 97 
G.3.4_index_5_VS_G.3.4_index_4 [20] PLUS 1 
20131021,20131022,20131023,20131024,20131026,20131027,20131108,20131111,20131112,20131113,20131114,20131117,20131120,20131121,20131122,20131123,20131124,20131125,20131126,20131127 
Number is 99 
G.3.4_index_5_VS_G.2.1_index_1 [21] 
20131020,20131021,20131022,20131023,20131024,20131026,20131028,20131029,20131030,20131103,20131106,20131108,20131112,20131113,20131114,20131118,20131121,20131122,20131123,20131124,20131125,20131126 
