======== Current: 20131129 ========= 
Number is 07 
G.5.2_index_3_VS_G.2.1_index_5 [1] 
20131020,20131021,20131022,20131025,20131026,20131029,20131103,20131104,20131105,20131107,20131108,20131113,20131115,20131122,20131123,20131124,20131125,20131126,20131127,20131128 
Number is 10 
G.3.4_index_5_VS_G.2.1_index_2 [2] PLUS 1 
20131021,20131024,20131025,20131027,20131104,20131106,20131108,20131112,20131113,20131114,20131115,20131117,20131123,20131124,20131125,20131126,20131127,20131128,20131129 
Number is 11 
G.3.4_index_5_VS_G.3.4_index_4 [3] 
20131021,20131022,20131023,20131024,20131026,20131027,20131108,20131111,20131112,20131113,20131114,20131117,20131120,20131121,20131122,20131123,20131124,20131125,20131126,20131127,20131128 
G.7.1_index_1_VS_G.3.3_index_5 [4] 
20131022,20131023,20131024,20131027,20131028,20131029,20131031,20131102,20131103,20131104,20131107,20131108,20131109,20131113,20131119,20131120,20131122,20131123,20131124,20131125,20131126,20131127,20131128 
Number is 12 
G.3.3_index_5_VS_G.5.1_index_4 [5] 
20131021,20131027,20131030,20131101,20131102,20131110,20131111,20131112,20131113,20131119,20131122,20131123,20131124,20131125,20131126,20131127,20131128 
G.3.3_index_5_VS_G.4.2_index_3 [6] 
20131021,20131023,20131026,20131027,20131101,20131102,20131105,20131106,20131108,20131109,20131110,20131112,20131115,20131119,20131120,20131122,20131123,20131124,20131125,20131126,20131127,20131128 
Number is 15 
G.3.6_index_4_VS_G.3.4_index_3 [7] PLUS 1 
20131023,20131025,20131026,20131029,20131101,20131104,20131109,20131112,20131113,20131115,20131122,20131123,20131124,20131125,20131126,20131127,20131128,20131129 
Number is 16 
G.3.4_index_5_VS_G.4.4_index_1 [8] PLUS 1 
20131021,20131022,20131026,20131028,20131029,20131101,20131106,20131108,20131109,20131112,20131114,20131117,20131118,20131123,20131124,20131125,20131126,20131127,20131128,20131129 
G.4.3_index_1_VS_G.4.4_index_1 [9] PLUS 1 
20131020,20131021,20131022,20131027,20131031,20131102,20131103,20131104,20131105,20131109,20131121,20131123,20131124,20131125,20131126,20131127,20131128,20131129 
Number is 19 
G.3.3_index_5_VS_G.7.3_index_2 [10] PLUS 1 
20131023,20131024,20131025,20131027,20131028,20131030,20131102,20131106,20131107,20131108,20131109,20131110,20131113,20131119,20131122,20131123,20131124,20131125,20131126,20131127,20131128,20131129 
Number is 31 
G.5.6_index_3_VS_G.3.6_index_4 [11] 
20131022,20131023,20131024,20131025,20131026,20131028,20131029,20131030,20131101,20131103,20131105,20131106,20131108,20131109,20131110,20131112,20131115,20131118,20131119,20131123,20131124,20131125,20131126,20131127,20131128 
Number is 35 
G.3.5_index_2_VS_G.3.4_index_3 [12] PLUS 1 
20131022,20131025,20131103,20131104,20131105,20131111,20131113,20131115,20131116,20131122,20131123,20131124,20131125,20131126,20131127,20131128,20131129 
Number is 38 
G.2.1_index_1_VS_G.6.3_index_3 [13] 
20131022,20131025,20131026,20131102,20131105,20131107,20131113,20131114,20131118,20131119,20131123,20131124,20131125,20131126,20131127,20131128 
Number is 61 
G.5.2_index_2_VS_G.4.3_index_1 [14] PLUS 1 
20131021,20131022,20131025,20131026,20131027,20131029,20131030,20131031,20131103,20131104,20131105,20131107,20131108,20131109,20131113,20131116,20131117,20131120,20131121,20131123,20131124,20131125,20131126,20131127,20131128,20131129 
Number is 62 
G.5.2_index_2_VS_G.2.2_index_5 [15] 
20131020,20131021,20131024,20131028,20131031,20131103,20131114,20131116,20131123,20131124,20131125,20131126,20131127,20131128 
Number is 68 
G.4.4_index_1_VS_G.6.3_index_2 [16] 
20131023,20131029,20131031,20131101,20131102,20131106,20131107,20131108,20131109,20131110,20131111,20131113,20131123,20131124,20131125,20131126,20131127,20131128 
Number is 71 
G.3.3_index_2_VS_G.7.1_index_1 [17] PLUS 1 
20131022,20131024,20131025,20131027,20131028,20131102,20131105,20131107,20131108,20131110,20131111,20131112,20131113,20131114,20131115,20131118,20131120,20131123,20131124,20131125,20131126,20131127,20131128,20131129 
Number is 76 
G.2.1_index_5_VS_G.4.4_index_1 [18] PLUS 1 
20131020,20131022,20131023,20131028,20131109,20131111,20131113,20131121,20131123,20131124,20131125,20131126,20131127,20131128,20131129 
Number is 77 
G.2.1_index_5_VS_G.7.1_index_2 [19] 
20131020,20131021,20131022,20131025,20131028,20131029,20131101,20131106,20131108,20131111,20131114,20131117,20131120,20131122,20131123,20131124,20131125,20131126,20131127,20131128 
Number is 84 
G.5.4_index_2_VS_G.DB_index_4 [20] 
20131020,20131021,20131022,20131023,20131024,20131027,20131029,20131030,20131102,20131103,20131107,20131108,20131111,20131112,20131120,20131121,20131123,20131124,20131125,20131126,20131127,20131128 
Number is 96 
G.3.2_index_1_VS_G.4.2_index_4 [21] PLUS 1 
20131020,20131022,20131026,20131101,20131102,20131103,20131107,20131108,20131112,20131113,20131115,20131116,20131121,20131123,20131124,20131125,20131126,20131127,20131128,20131129 
Number is 97 
G.5.3_index_1_VS_G.2.2_index_1 [22] PLUS 1 
20131021,20131023,20131025,20131026,20131029,20131102,20131106,20131107,20131109,20131111,20131113,20131114,20131118,20131121,20131123,20131124,20131125,20131126,20131127,20131128,20131129 
G.6.1_index_2_VS_G.6.1_index_1 [23] PLUS 1 
20131022,20131025,20131027,20131028,20131030,20131101,20131102,20131103,20131111,20131113,20131120,20131121,20131122,20131123,20131124,20131125,20131126,20131127,20131128,20131129 
