======== Current: 20130605 ========= 
Number is 01 
G.4.1_index_1_VS_G.4.3_index_2 [1] 
20130527,20130530,20130531,20130601,20130602,20130603,20130604,20130607,20130608,20130615,20130616,20130618,20130619,20130620,20130623,20130625,20130626,20130627,20130629,20130701 
Number is 08 
G.7.1_index_2_VS_G.DB_index_1 [2] PLUS 1 
20130524,20130525,20130526,20130527,20130529,20130530,20130531,20130601,20130602,20130603,20130604,20130605,20130609,20130612,20130615,20130616,20130619,20130620,20130622,20130624,20130701 
Number is 09 
G.4.2_index_4_VS_G.3.4_index_1 [3] 
20130524,20130525,20130527,20130529,20130530,20130531,20130601,20130602,20130603,20130604,20130606,20130607,20130608,20130612,20130614,20130616,20130619,20130622,20130624,20130628,20130629,20130630 
G.4.1_index_1_VS_G.3.4_index_1 [4] 
20130525,20130528,20130530,20130531,20130601,20130602,20130603,20130604,20130606,20130607,20130609,20130610,20130613,20130616,20130617,20130618,20130620,20130622,20130627 
Number is 16 
G.3.1_index_2_VS_G.5.4_index_4 [5] PLUS 1 
20130524,20130525,20130527,20130529,20130530,20130531,20130601,20130602,20130603,20130604,20130605,20130607,20130608,20130611,20130613,20130614,20130615,20130616,20130620,20130621,20130623,20130627,20130630 
Number is 25 
G.3.5_index_3_VS_G.3.3_index_3 [6] 
20130524,20130526,20130529,20130530,20130531,20130601,20130602,20130603,20130604,20130608,20130609,20130610,20130612,20130613,20130620,20130621,20130627,20130630 
Number is 32 
G.5.2_index_4_VS_G.1.1_index_1 [7] 
20130525,20130526,20130527,20130528,20130530,20130531,20130601,20130602,20130603,20130604,20130607,20130609,20130610,20130611,20130612,20130613,20130616,20130618,20130619,20130620,20130622,20130623,20130630 
G.3.2_index_3_VS_G.1.1_index_5 [8] 
20130524,20130526,20130527,20130528,20130529,20130530,20130531,20130601,20130602,20130603,20130604,20130609,20130610,20130614,20130615,20130616,20130617,20130618,20130619,20130621,20130622,20130625,20130629,20130701 
G.5.2_index_4_VS_G.5.4_index_1 [9] 
20130524,20130525,20130527,20130528,20130530,20130531,20130601,20130602,20130603,20130604,20130609,20130613,20130614,20130615,20130616,20130617,20130618,20130620,20130621,20130623,20130624,20130629,20130701 
Number is 37 
G.3.6_index_4_VS_G.5.5_index_4 [10] PLUS 1 
20130525,20130526,20130527,20130529,20130530,20130531,20130601,20130602,20130603,20130604,20130605,20130608,20130614,20130615,20130616,20130618,20130619,20130620,20130625,20130626,20130627,20130628 
Number is 49 
G.5.3_index_1_VS_G.2.2_index_4 [11] PLUS 1 
20130525,20130526,20130530,20130531,20130601,20130602,20130603,20130604,20130605,20130607,20130608,20130610,20130611,20130612,20130613,20130623,20130624,20130626,20130627,20130630 
Number is 53 
G.7.4_index_2_VS_G.2.1_index_1 [12] 
20130527,20130528,20130530,20130531,20130601,20130602,20130603,20130604,20130606,20130607,20130608,20130609,20130613,20130614,20130616,20130619,20130620,20130622,20130623,20130627,20130628,20130701 
Number is 55 
G.5.2_index_2_VS_G.5.3_index_4 [13] 
20130529,20130530,20130531,20130601,20130602,20130603,20130604,20130607,20130608,20130612,20130613,20130614,20130615,20130621,20130622,20130623,20130624,20130625,20130626,20130630,20130701 
Number is 59 
G.3.3_index_3_VS_G.2.2_index_4 [14] 
20130525,20130526,20130527,20130528,20130530,20130531,20130601,20130602,20130603,20130604,20130607,20130611,20130616,20130620,20130621,20130623,20130624,20130625,20130627,20130628,20130629 
Number is 66 
G.4.4_index_2_VS_G.3.1_index_1 [15] 
20130524,20130527,20130528,20130529,20130530,20130531,20130601,20130602,20130603,20130604,20130611,20130615,20130617,20130618,20130619,20130622,20130623,20130625,20130629,20130630,20130701 
Number is 68 
G.4.1_index_3_VS_G.7.1_index_1 [16] 
20130530,20130531,20130601,20130602,20130603,20130604,20130607,20130609,20130611,20130612,20130613,20130616,20130622,20130624,20130626,20130628 
Number is 81 
G.DB_index_1_VS_G.4.3_index_2 [17] PLUS 1 
20130527,20130528,20130530,20130531,20130601,20130602,20130603,20130604,20130605,20130606,20130607,20130608,20130610,20130611,20130612,20130617,20130619,20130620,20130624,20130628,20130701 
Number is 82 
G.6.3_index_3_VS_G.5.4_index_1 [18] 
20130525,20130528,20130530,20130531,20130601,20130602,20130603,20130604,20130607,20130608,20130612,20130613,20130615,20130619,20130624,20130625,20130629 
Number is 83 
G.3.6_index_5_VS_G.5.2_index_4 [19] 
20130525,20130526,20130527,20130529,20130530,20130531,20130601,20130602,20130603,20130604,20130606,20130608,20130610,20130611,20130613,20130615,20130617,20130619,20130620,20130621,20130622,20130623,20130624,20130630 
Number is 90 
G.7.3_index_1_VS_G.3.3_index_2 [20] 
20130526,20130529,20130530,20130531,20130601,20130602,20130603,20130604,20130608,20130610,20130611,20130614,20130616,20130617,20130620,20130621,20130623,20130624,20130627,20130629,20130630,20130701 
Number is 91 
G.3.6_index_1_VS_G.4.3_index_2 [21] 
20130527,20130529,20130530,20130531,20130601,20130602,20130603,20130604,20130606,20130609,20130610,20130611,20130614,20130616,20130618,20130619,20130621,20130623,20130624,20130628,20130630,20130701 
