======== Current: 20130606 ========= 
Number is 01 
G.4.1_index_2_VS_G.4.2_index_4 [1] 
20130524,20130528,20130531,20130601,20130602,20130603,20130604,20130605,20130608,20130609,20130611,20130612,20130614,20130619,20130621,20130622,20130626,20130627,20130630,20130701 
Number is 08 
G.6.2_index_3_VS_G.1.1_index_2 [2] PLUS 1 
20130524,20130525,20130531,20130601,20130602,20130603,20130604,20130605,20130606,20130607,20130613,20130614,20130615,20130616,20130620,20130625,20130630,20130701 
Number is 15 
G.5.2_index_4_VS_G.5.2_index_3 [3] 
20130525,20130526,20130527,20130528,20130529,20130531,20130601,20130602,20130603,20130604,20130605,20130607,20130608,20130609,20130610,20130612,20130613,20130614,20130619,20130620,20130623,20130626,20130627,20130629,20130630,20130701 
G.5.3_index_1_VS_G.2.2_index_4 [4] 
20130525,20130526,20130530,20130531,20130601,20130602,20130603,20130604,20130605,20130607,20130608,20130610,20130611,20130612,20130613,20130623,20130624,20130626,20130627,20130630 
Number is 16 
G.5.2_index_4_VS_G.3.2_index_2 [5] 
20130526,20130528,20130529,20130531,20130601,20130602,20130603,20130604,20130605,20130608,20130609,20130610,20130612,20130614,20130617,20130618,20130620,20130623,20130628,20130701 
G.4.1_index_1_VS_G.DB_index_5 [6] 
20130525,20130527,20130531,20130601,20130602,20130603,20130604,20130605,20130609,20130610,20130611,20130612,20130617,20130618,20130620,20130622,20130623,20130626,20130630 
Number is 17 
G.7.3_index_1_VS_G.3.2_index_3 [7] PLUS 1 
20130527,20130529,20130531,20130601,20130602,20130603,20130604,20130605,20130606,20130607,20130610,20130611,20130612,20130613,20130614,20130618,20130619,20130621,20130624,20130628 
Number is 18 
G.3.1_index_3_VS_G.3.3_index_4 [8] 
20130526,20130527,20130531,20130601,20130602,20130603,20130604,20130605,20130607,20130611,20130616,20130617,20130620,20130621,20130624,20130625,20130701 
Number is 19 
G.3.1_index_2_VS_G.5.4_index_4 [9] 
20130524,20130525,20130527,20130529,20130530,20130531,20130601,20130602,20130603,20130604,20130605,20130607,20130608,20130611,20130613,20130614,20130615,20130616,20130620,20130621,20130623,20130627,20130630 
Number is 24 
G.3.6_index_4_VS_G.5.5_index_4 [10] 
20130525,20130526,20130527,20130529,20130530,20130531,20130601,20130602,20130603,20130604,20130605,20130608,20130614,20130615,20130616,20130618,20130619,20130620,20130625,20130626,20130627,20130628 
Number is 38 
G.7.1_index_2_VS_G.DB_index_1 [11] 
20130524,20130525,20130526,20130527,20130529,20130530,20130531,20130601,20130602,20130603,20130604,20130605,20130609,20130612,20130615,20130616,20130619,20130620,20130622,20130624,20130701 
Number is 41 
G.2.2_index_2_VS_G.4.2_index_4 [12] PLUS 1 
20130525,20130527,20130528,20130531,20130601,20130602,20130603,20130604,20130605,20130606,20130609,20130614,20130616,20130618,20130620,20130622,20130623,20130626,20130629,20130630 
G.6.1_index_2_VS_G.5.2_index_4 [13] PLUS 1 
20130525,20130528,20130529,20130531,20130601,20130602,20130603,20130604,20130605,20130606,20130607,20130608,20130612,20130613,20130616,20130620,20130624,20130625,20130630 
Number is 48 
G.2.2_index_3_VS_G.3.3_index_4 [14] 
20130531,20130601,20130602,20130603,20130604,20130605,20130611,20130615,20130616,20130617,20130618,20130620,20130623,20130627 
Number is 51 
G.2.1_index_2_VS_G.4.2_index_4 [15] 
20130524,20130531,20130601,20130602,20130603,20130604,20130605,20130609,20130610,20130611,20130616,20130617,20130624,20130625,20130626,20130629 
Number is 52 
G.4.3_index_1_VS_G.3.1_index_1 [16] 
20130527,20130528,20130529,20130531,20130601,20130602,20130603,20130604,20130605,20130609,20130610,20130613,20130616,20130617,20130618,20130621,20130628,20130701 
Number is 57 
G.3.2_index_4_VS_G.5.1_index_2 [17] 
20130524,20130525,20130528,20130529,20130531,20130601,20130602,20130603,20130604,20130605,20130608,20130610,20130612,20130613,20130615,20130616,20130618,20130619,20130624,20130630 
Number is 65 
G.4.3_index_2_VS_G.3.4_index_4 [18] 
20130524,20130531,20130601,20130602,20130603,20130604,20130605,20130607,20130608,20130610,20130612,20130615,20130617,20130619,20130621,20130627,20130629,20130630,20130701 
G.6.1_index_3_VS_G.5.6_index_3 [19] 
20130526,20130528,20130529,20130531,20130601,20130602,20130603,20130604,20130605,20130607,20130608,20130609,20130610,20130612,20130614,20130615,20130620,20130621,20130623,20130624,20130626,20130627 
Number is 69 
G.4.4_index_3_VS_G.5.4_index_4 [20] PLUS 1 
20130524,20130531,20130601,20130602,20130603,20130604,20130605,20130606,20130608,20130614,20130615,20130617,20130618,20130620,20130625,20130626,20130629,20130630,20130701 
Number is 71 
G.7.1_index_1_VS_G.3.1_index_2 [21] PLUS 1 
20130524,20130531,20130601,20130602,20130603,20130604,20130605,20130606,20130607,20130608,20130615,20130616,20130618,20130619,20130620,20130621,20130622,20130628,20130701 
Number is 76 
G.3.4_index_1_VS_G.7.3_index_2 [22] 
20130525,20130526,20130529,20130531,20130601,20130602,20130603,20130604,20130605,20130608,20130610,20130611,20130612,20130613,20130616,20130620,20130622,20130627,20130630 
Number is 78 
G.5.1_index_2_VS_G.3.3_index_4 [23] 
20130525,20130527,20130529,20130531,20130601,20130602,20130603,20130604,20130605,20130607,20130611,20130613,20130616,20130620,20130621,20130627,20130701 
Number is 84 
G.5.4_index_3_VS_G.2.2_index_2 [24] 
20130525,20130528,20130531,20130601,20130602,20130603,20130604,20130605,20130608,20130609,20130611,20130613,20130614,20130616,20130619,20130621,20130627,20130628,20130629,20130701 
Number is 86 
G.DB_index_1_VS_G.4.3_index_2 [25] PLUS 1 
20130527,20130528,20130530,20130531,20130601,20130602,20130603,20130604,20130605,20130606,20130607,20130608,20130610,20130611,20130612,20130617,20130619,20130620,20130624,20130628,20130701 
G.1.1_index_3_VS_G.4.4_index_3 [26] PLUS 1 
20130524,20130525,20130526,20130527,20130531,20130601,20130602,20130603,20130604,20130605,20130606,20130607,20130613,20130616,20130617,20130618,20130621,20130623,20130625,20130626,20130627,20130628,20130629,20130701 
