======== Current: 20130610 ========= 
Number is 02 
G.4.2_index_2_VS_G.4.4_index_2 [1] 
20130525,20130527,20130528,20130530,20130601,20130602,20130603,20130604,20130605,20130606,20130607,20130608,20130609,20130625,20130626,20130630 
Number is 03 
G.4.4_index_3_VS_G.3.2_index_1 [2] 
20130525,20130527,20130530,20130602,20130603,20130604,20130605,20130606,20130607,20130608,20130609,20130615,20130616,20130625,20130629,20130701 
Number is 05 
G.4.2_index_2_VS_G.3.3_index_1 [3] 
20130524,20130525,20130530,20130601,20130604,20130605,20130606,20130607,20130608,20130609,20130612,20130615,20130616,20130617,20130619,20130622,20130623,20130625,20130629,20130630 
Number is 11 
G.2.2_index_2_VS_G.5.2_index_3 [4] 
20130524,20130528,20130601,20130603,20130604,20130605,20130606,20130607,20130608,20130609,20130613,20130615,20130616,20130619,20130621,20130622,20130623,20130626,20130627,20130628,20130630 
Number is 13 
G.2.2_index_2_VS_G.5.1_index_3 [5] 
20130524,20130525,20130527,20130531,20130603,20130604,20130605,20130606,20130607,20130608,20130609,20130615,20130616,20130618,20130621,20130623,20130625,20130626,20130627,20130628,20130630 
Number is 17 
G.4.1_index_2_VS_G.DB_index_4 [6] PLUS 1 
20130524,20130528,20130529,20130602,20130603,20130604,20130605,20130606,20130607,20130608,20130609,20130610,20130611,20130612,20130614,20130620,20130701 
Number is 18 
G.4.1_index_2_VS_G.6.1_index_1 [7] 
20130526,20130529,20130530,20130602,20130604,20130605,20130606,20130607,20130608,20130609,20130614,20130619,20130620,20130626 
Number is 26 
G.1.1_index_1_VS_G.DB_index_2 [8] 
20130525,20130527,20130529,20130531,20130604,20130605,20130606,20130607,20130608,20130609,20130614,20130615,20130618,20130619,20130624,20130625,20130627,20130629,20130630 
Number is 29 
G.2.1_index_2_VS_G.5.6_index_2 [9] PLUS 1 
20130524,20130526,20130531,20130602,20130604,20130605,20130606,20130607,20130608,20130609,20130610,20130611,20130612,20130614,20130616,20130618,20130620,20130621,20130622,20130623,20130624,20130625,20130626,20130628,20130629 
Number is 31 
G.3.1_index_4_VS_G.1.1_index_5 [10] 
20130525,20130526,20130528,20130604,20130605,20130606,20130607,20130608,20130609,20130612,20130614,20130616,20130620,20130621,20130627,20130629 
Number is 35 
G.4.2_index_4_VS_G.7.1_index_1 [11] PLUS 1 
20130524,20130525,20130526,20130529,20130601,20130602,20130603,20130604,20130605,20130606,20130607,20130608,20130609,20130610,20130616,20130619,20130622,20130624,20130625,20130626,20130701 
Number is 38 
G.3.3_index_5_VS_G.7.1_index_2 [12] PLUS 1 
20130524,20130525,20130527,20130528,20130529,20130601,20130602,20130604,20130605,20130606,20130607,20130608,20130609,20130610,20130614,20130618,20130620,20130624,20130625,20130627,20130628 
Number is 39 
G.3.1_index_4_VS_G.5.2_index_4 [13] PLUS 1 
20130524,20130525,20130528,20130529,20130530,20130531,20130601,20130604,20130605,20130606,20130607,20130608,20130609,20130610,20130611,20130618,20130623,20130625,20130627,20130701 
Number is 46 
G.3.4_index_5_VS_G.4.2_index_3 [14] 
20130524,20130530,20130531,20130603,20130604,20130605,20130606,20130607,20130608,20130609,20130613,20130616,20130619,20130623,20130624,20130625 
Number is 56 
G.7.3_index_2_VS_G.4.3_index_4 [15] 
20130524,20130525,20130529,20130603,20130604,20130605,20130606,20130607,20130608,20130609,20130613,20130615,20130616,20130617,20130621,20130622,20130627,20130630 
Number is 66 
G.5.5_index_3_VS_G.4.3_index_2 [16] 
20130529,20130601,20130604,20130605,20130606,20130607,20130608,20130609,20130613,20130614,20130618,20130620,20130622,20130629,20130701 
Number is 72 
G.DB_index_4_VS_G.3.6_index_4 [17] 
20130529,20130602,20130604,20130605,20130606,20130607,20130608,20130609,20130611,20130612,20130616,20130618,20130619,20130620,20130621,20130622,20130624,20130625,20130626,20130627,20130628,20130701 
Number is 81 
G.7.1_index_2_VS_G.2.2_index_2 [18] 
20130525,20130530,20130604,20130605,20130606,20130607,20130608,20130609,20130614,20130616,20130618,20130619,20130620,20130622,20130627 
G.7.1_index_2_VS_G.5.5_index_4 [19] 
20130524,20130525,20130526,20130527,20130529,20130530,20130602,20130603,20130604,20130605,20130606,20130607,20130608,20130609,20130616,20130617,20130618,20130619,20130620,20130624,20130627 
Number is 82 
G.6.1_index_1_VS_G.6.2_index_3 [20] 
20130526,20130527,20130528,20130530,20130531,20130602,20130604,20130605,20130606,20130607,20130608,20130609,20130611,20130616,20130619,20130620 
Number is 85 
G.2.1_index_1_VS_G.2.1_index_3 [21] PLUS 1 
20130524,20130528,20130529,20130530,20130531,20130604,20130605,20130606,20130607,20130608,20130609,20130610,20130613,20130614,20130620,20130621,20130623,20130625,20130627 
Number is 90 
G.6.1_index_3_VS_G.5.4_index_1 [22] 
20130525,20130527,20130528,20130529,20130530,20130603,20130604,20130605,20130606,20130607,20130608,20130609,20130611,20130612,20130614,20130615,20130618,20130620,20130621,20130624,20130626,20130628,20130630,20130701 
Number is 91 
G.5.6_index_4_VS_G.2.2_index_5 [23] PLUS 1 
20130525,20130530,20130602,20130604,20130605,20130606,20130607,20130608,20130609,20130610,20130614,20130617,20130619,20130622,20130626,20130627,20130629,20130630,20130701 
G.3.4_index_4_VS_G.3.5_index_2 [24] PLUS 1 
20130524,20130525,20130526,20130527,20130529,20130530,20130601,20130604,20130605,20130606,20130607,20130608,20130609,20130610,20130612,20130614,20130615,20130616,20130619,20130620,20130621,20130623,20130624,20130627,20130630 
Number is 97 
G.5.3_index_3_VS_G.DB_index_4 [25] PLUS 1 
20130524,20130525,20130527,20130531,20130603,20130604,20130605,20130606,20130607,20130608,20130609,20130610,20130613,20130616,20130617,20130618,20130621,20130622,20130623,20130624,20130625,20130626,20130630 
Number is 99 
G.3.4_index_4_VS_G.3.3_index_2 [26] PLUS 1 
20130524,20130528,20130529,20130530,20130601,20130604,20130605,20130606,20130607,20130608,20130609,20130610,20130616,20130619,20130622,20130623,20130624,20130629,20130630 
