======== Current: 20130611 ========= 
Number is 05 
G.3.3_index_2_VS_G.7.4_index_1 [1] PLUS 1 
20130526,20130527,20130529,20130601,20130605,20130606,20130607,20130608,20130609,20130610,20130611,20130616,20130619,20130620,20130623,20130625,20130629,20130630 
Number is 07 
G.3.3_index_2_VS_G.5.1_index_4 [2] PLUS 1 
20130526,20130530,20130602,20130605,20130606,20130607,20130608,20130609,20130610,20130611,20130614,20130620,20130621,20130623,20130626,20130628,20130629,20130701 
Number is 11 
G.3.1_index_5_VS_G.DB_index_3 [3] 
20130524,20130527,20130528,20130529,20130603,20130605,20130606,20130607,20130608,20130609,20130610,20130612,20130613,20130617,20130619,20130620,20130621,20130624,20130627 
Number is 17 
G.3.2_index_3_VS_G.3.1_index_4 [4] PLUS 1 
20130525,20130526,20130527,20130530,20130531,20130601,20130605,20130606,20130607,20130608,20130609,20130610,20130611,20130613,20130614,20130616,20130618,20130620,20130623,20130624,20130627 
Number is 20 
G.3.4_index_4_VS_G.3.3_index_2 [5] 
20130524,20130528,20130529,20130530,20130601,20130604,20130605,20130606,20130607,20130608,20130609,20130610,20130616,20130619,20130622,20130623,20130624,20130629,20130630 
Number is 29 
G.3.4_index_4_VS_G.2.2_index_2 [6] 
20130525,20130601,20130602,20130605,20130606,20130607,20130608,20130609,20130610,20130613,20130619,20130623,20130626,20130629 
G.3.4_index_4_VS_G.3.5_index_2 [7] 
20130524,20130525,20130526,20130527,20130529,20130530,20130601,20130604,20130605,20130606,20130607,20130608,20130609,20130610,20130612,20130614,20130615,20130616,20130619,20130620,20130621,20130623,20130624,20130627,20130630 
Number is 30 
G.2.1_index_2_VS_G.3.3_index_2 [8] PLUS 1 
20130524,20130526,20130528,20130530,20130602,20130603,20130605,20130606,20130607,20130608,20130609,20130610,20130611,20130613,20130615,20130616,20130623,20130624,20130628,20130629 
Number is 31 
G.2.1_index_2_VS_G.5.6_index_2 [9] PLUS 1 
20130524,20130526,20130531,20130602,20130604,20130605,20130606,20130607,20130608,20130609,20130610,20130611,20130612,20130614,20130616,20130618,20130620,20130621,20130622,20130623,20130624,20130625,20130626,20130628,20130629 
Number is 33 
G.2.2_index_4_VS_G.7.2_index_2 [10] 
20130529,20130601,20130603,20130605,20130606,20130607,20130608,20130609,20130610,20130613,20130615,20130616,20130617,20130619,20130620,20130622,20130623,20130624,20130630 
Number is 37 
G.3.2_index_1_VS_G.2.1_index_1 [11] PLUS 1 
20130524,20130526,20130527,20130531,20130602,20130605,20130606,20130607,20130608,20130609,20130610,20130611,20130614,20130615,20130616,20130618,20130622,20130624,20130625,20130627,20130629,20130701 
Number is 38 
G.4.1_index_2_VS_G.DB_index_4 [12] PLUS 1 
20130524,20130528,20130529,20130602,20130603,20130604,20130605,20130606,20130607,20130608,20130609,20130610,20130611,20130612,20130614,20130620,20130701 
Number is 39 
G.3.5_index_4_VS_G.6.1_index_1 [13] 
20130524,20130605,20130606,20130607,20130608,20130609,20130610,20130612,20130614,20130615,20130616,20130619,20130620,20130621,20130622,20130623,20130627,20130701 
Number is 48 
G.6.2_index_3_VS_G.4.3_index_1 [14] 
20130524,20130529,20130530,20130602,20130603,20130605,20130606,20130607,20130608,20130609,20130610,20130612,20130613,20130617,20130618,20130622,20130625,20130628,20130629,20130701 
Number is 59 
G.5.2_index_3_VS_G.3.2_index_5 [15] 
20130524,20130525,20130602,20130605,20130606,20130607,20130608,20130609,20130610,20130613,20130614,20130615,20130616,20130617,20130620,20130621,20130623,20130628,20130629,20130630 
Number is 60 
G.1.1_index_4_VS_G.3.3_index_2 [16] 
20130528,20130529,20130605,20130606,20130607,20130608,20130609,20130610,20130613,20130616,20130620,20130621,20130623,20130624,20130625,20130627,20130630 
Number is 61 
G.1.1_index_4_VS_G.5.6_index_2 [17] PLUS 1 
20130524,20130527,20130528,20130605,20130606,20130607,20130608,20130609,20130610,20130611,20130613,20130614,20130617,20130619,20130623,20130625,20130626,20130628,20130629,20130630 
Number is 71 
G.6.3_index_2_VS_G.3.1_index_5 [18] PLUS 1 
20130527,20130528,20130529,20130530,20130601,20130602,20130605,20130606,20130607,20130608,20130609,20130610,20130611,20130612,20130613,20130615,20130616,20130621,20130623,20130626,20130628,20130630,20130701 
Number is 72 
G.3.3_index_5_VS_G.7.1_index_2 [19] 
20130524,20130525,20130527,20130528,20130529,20130601,20130602,20130604,20130605,20130606,20130607,20130608,20130609,20130610,20130614,20130618,20130620,20130624,20130625,20130627,20130628 
Number is 73 
G.3.3_index_5_VS_G.5.5_index_3 [20] PLUS 1 
20130524,20130525,20130527,20130530,20130601,20130605,20130606,20130607,20130608,20130609,20130610,20130611,20130612,20130616,20130622,20130623,20130624,20130625,20130627 
G.3.3_index_1_VS_G.7.2_index_2 [21] PLUS 1 
20130524,20130525,20130526,20130529,20130531,20130603,20130605,20130606,20130607,20130608,20130609,20130610,20130611,20130612,20130614,20130618,20130622,20130624,20130630 
G.3.1_index_4_VS_G.5.2_index_4 [22] PLUS 1 
20130524,20130525,20130528,20130529,20130530,20130531,20130601,20130604,20130605,20130606,20130607,20130608,20130609,20130610,20130611,20130618,20130623,20130625,20130627,20130701 
G.3.3_index_5_VS_G.3.3_index_4 [23] PLUS 1 
20130601,20130602,20130605,20130606,20130607,20130608,20130609,20130610,20130611,20130615,20130616,20130617,20130620,20130621,20130622,20130624,20130625,20130630,20130701 
Number is 77 
G.3.3_index_1_VS_G.2.1_index_1 [24] 
20130530,20130605,20130606,20130607,20130608,20130609,20130610,20130614,20130615,20130616,20130618,20130619,20130624,20130627,20130701 
Number is 78 
G.5.6_index_4_VS_G.2.2_index_5 [25] 
20130525,20130530,20130602,20130604,20130605,20130606,20130607,20130608,20130609,20130610,20130614,20130617,20130619,20130622,20130626,20130627,20130629,20130630,20130701 
G.6.3_index_1_VS_G.DB_index_4 [26] 
20130524,20130525,20130527,20130530,20130531,20130603,20130605,20130606,20130607,20130608,20130609,20130610,20130613,20130616,20130619,20130620,20130628 
Number is 79 
G.2.1_index_1_VS_G.2.1_index_3 [27] 
20130524,20130528,20130529,20130530,20130531,20130604,20130605,20130606,20130607,20130608,20130609,20130610,20130613,20130614,20130620,20130621,20130623,20130625,20130627 
Number is 87 
G.DB_index_4_VS_G.2.1_index_1 [28] 
20130526,20130529,20130530,20130605,20130606,20130607,20130608,20130609,20130610,20130612,20130614,20130616,20130618,20130622,20130624,20130628,20130701 
Number is 88 
G.3.1_index_3_VS_G.3.6_index_5 [29] 
20130524,20130525,20130526,20130527,20130530,20130531,20130602,20130605,20130606,20130607,20130608,20130609,20130610,20130620,20130621,20130622,20130627,20130630 
G.5.3_index_3_VS_G.DB_index_4 [30] 
20130524,20130525,20130527,20130531,20130603,20130604,20130605,20130606,20130607,20130608,20130609,20130610,20130613,20130616,20130617,20130618,20130621,20130622,20130623,20130624,20130625,20130626,20130630 
Number is 89 
G.4.2_index_4_VS_G.7.1_index_1 [31] 
20130524,20130525,20130526,20130529,20130601,20130602,20130603,20130604,20130605,20130606,20130607,20130608,20130609,20130610,20130616,20130619,20130622,20130624,20130625,20130626,20130701 
