======== Current: 20130623 ========= 
Number is 06 
G.2.1_index_3_VS_G.3.1_index_1 [1] 
20130524,20130526,20130527,20130528,20130529,20130530,20130601,20130602,20130603,20130605,20130607,20130609,20130612,20130613,20130617,20130618,20130619,20130620,20130621,20130622,20130628,20130701 
Number is 08 
G.2.1_index_3_VS_G.7.1_index_1 [2] PLUS 1 
20130524,20130526,20130529,20130530,20130601,20130604,20130605,20130613,20130615,20130616,20130617,20130618,20130619,20130620,20130621,20130622,20130623,20130625,20130626,20130627,20130628,20130630,20130701 
Number is 15 
G.4.3_index_2_VS_G.5.5_index_4 [3] 
20130524,20130525,20130527,20130529,20130531,20130601,20130603,20130604,20130608,20130609,20130613,20130617,20130618,20130619,20130620,20130621,20130622,20130626,20130629 
G.3.1_index_2_VS_G.7.3_index_2 [4] 
20130524,20130526,20130530,20130604,20130605,20130608,20130613,20130614,20130616,20130617,20130618,20130619,20130620,20130621,20130622,20130624,20130628,20130629,20130701 
Number is 19 
G.3.1_index_2_VS_G.3.6_index_4 [5] PLUS 1 
20130524,20130526,20130529,20130530,20130601,20130602,20130604,20130605,20130607,20130612,20130615,20130616,20130617,20130618,20130619,20130620,20130621,20130622,20130623,20130625,20130628 
Number is 22 
G.6.2_index_1_VS_G.3.3_index_5 [6] 
20130524,20130526,20130527,20130530,20130601,20130602,20130604,20130606,20130608,20130609,20130610,20130611,20130612,20130617,20130618,20130619,20130620,20130621,20130622,20130627,20130628,20130629,20130630,20130701 
Number is 30 
G.3.2_index_5_VS_G.5.3_index_4 [7] 
20130525,20130529,20130530,20130602,20130606,20130609,20130611,20130614,20130615,20130617,20130618,20130619,20130620,20130621,20130622,20130624,20130629,20130630,20130701 
Number is 32 
G.3.2_index_5_VS_G.3.5_index_3 [8] PLUS 1 
20130525,20130526,20130529,20130530,20130602,20130603,20130604,20130608,20130609,20130610,20130612,20130614,20130615,20130616,20130617,20130618,20130619,20130620,20130621,20130622,20130623,20130625,20130627,20130628,20130629 
Number is 41 
G.4.1_index_1_VS_G.4.1_index_3 [9] PLUS 1 
20130525,20130527,20130528,20130530,20130603,20130608,20130611,20130613,20130616,20130617,20130618,20130619,20130620,20130621,20130622,20130623,20130624,20130626,20130628,20130630 
Number is 42 
G.5.4_index_4_VS_G.3.5_index_3 [10] PLUS 1 
20130529,20130601,20130603,20130605,20130607,20130608,20130609,20130610,20130611,20130612,20130613,20130614,20130615,20130617,20130618,20130619,20130620,20130621,20130622,20130623,20130625,20130629,20130630 
Number is 46 
G.4.1_index_1_VS_G.3.6_index_2 [11] 
20130531,20130605,20130609,20130610,20130611,20130612,20130614,20130617,20130618,20130619,20130620,20130621,20130622,20130624,20130625,20130626,20130628,20130629 
Number is 50 
G.5.1_index_4_VS_G.7.2_index_1 [12] 
20130525,20130528,20130602,20130605,20130606,20130608,20130609,20130610,20130616,20130617,20130618,20130619,20130620,20130621,20130622,20130625,20130627,20130630,20130701 
Number is 51 
G.5.5_index_4_VS_G.3.1_index_2 [13] 
20130526,20130527,20130530,20130602,20130603,20130606,20130608,20130613,20130614,20130616,20130617,20130618,20130619,20130620,20130621,20130622,20130627,20130628,20130630 
Number is 62 
G.1.1_index_5_VS_G.3.5_index_3 [14] 
20130527,20130530,20130531,20130602,20130609,20130612,20130615,20130616,20130617,20130618,20130619,20130620,20130621,20130622,20130625,20130626,20130627,20130629 
Number is 63 
G.3.1_index_1_VS_G.2.2_index_2 [15] PLUS 1 
20130525,20130528,20130530,20130602,20130603,20130604,20130608,20130613,20130616,20130617,20130618,20130619,20130620,20130621,20130622,20130623,20130630 
Number is 68 
G.2.1_index_4_VS_G.3.4_index_1 [16] 
20130526,20130530,20130531,20130602,20130603,20130607,20130611,20130614,20130616,20130617,20130618,20130619,20130620,20130621,20130622,20130624 
G.1.1_index_5_VS_G.7.2_index_2 [17] 
20130527,20130529,20130530,20130531,20130602,20130606,20130607,20130608,20130610,20130612,20130614,20130615,20130616,20130617,20130618,20130619,20130620,20130621,20130622,20130625,20130626,20130627,20130701 
Number is 80 
G.2.1_index_2_VS_G.5.4_index_3 [18] PLUS 1 
20130524,20130526,20130527,20130531,20130601,20130603,20130604,20130606,20130608,20130611,20130615,20130616,20130617,20130618,20130619,20130620,20130621,20130622,20130623,20130624,20130628,20130629,20130630 
Number is 90 
G.4.3_index_3_VS_G.2.1_index_5 [19] PLUS 1 
20130524,20130601,20130605,20130606,20130608,20130613,20130617,20130618,20130619,20130620,20130621,20130622,20130623,20130626 
Number is 94 
G.3.6_index_4_VS_G.4.1_index_4 [20] PLUS 1 
20130526,20130602,20130604,20130606,20130611,20130612,20130613,20130615,20130617,20130618,20130619,20130620,20130621,20130622,20130623,20130624,20130625,20130626,20130627,20130630,20130701 
Number is 95 
G.4.3_index_3_VS_G.5.5_index_4 [21] 
20130524,20130525,20130526,20130530,20130531,20130601,20130602,20130606,20130607,20130614,20130617,20130618,20130619,20130620,20130621,20130622,20130624,20130626,20130627,20130628,20130629 
Number is 98 
G.DB_index_5_VS_G.3.3_index_4 [22] 
20130527,20130528,20130530,20130531,20130601,20130603,20130604,20130606,20130608,20130610,20130617,20130618,20130619,20130620,20130621,20130622,20130624,20130625,20130627 
