======== Current: 20130625 ========= 
Number is 02 
G.6.1_index_1_VS_G.5.5_index_3 [1] 
20130524,20130525,20130528,20130530,20130531,20130601,20130602,20130603,20130605,20130606,20130609,20130610,20130614,20130616,20130619,20130620,20130621,20130622,20130623,20130624,20130626,20130701 
Number is 10 
G.7.3_index_1_VS_G.DB_index_2 [2] 
20130529,20130604,20130606,20130607,20130608,20130609,20130610,20130611,20130618,20130619,20130620,20130621,20130622,20130623,20130624,20130629 
Number is 12 
G.5.2_index_2_VS_G.4.1_index_4 [3] PLUS 1 
20130528,20130601,20130602,20130603,20130606,20130608,20130609,20130611,20130612,20130613,20130617,20130619,20130620,20130621,20130622,20130623,20130624,20130625,20130626 
Number is 18 
G.5.2_index_2_VS_G.5.4_index_1 [4] 
20130526,20130602,20130604,20130607,20130608,20130609,20130613,20130614,20130619,20130620,20130621,20130622,20130623,20130624 
Number is 19 
G.5.3_index_3_VS_G.5.4_index_4 [5] PLUS 1 
20130524,20130530,20130604,20130607,20130608,20130610,20130614,20130615,20130619,20130620,20130621,20130622,20130623,20130624,20130625,20130626,20130627,20130630 
G.7.3_index_1_VS_G.5.6_index_1 [6] PLUS 1 
20130524,20130531,20130601,20130602,20130603,20130610,20130611,20130612,20130614,20130618,20130619,20130620,20130621,20130622,20130623,20130624,20130625,20130626,20130628,20130629,20130630 
Number is 21 
G.4.1_index_4_VS_G.5.3_index_3 [7] PLUS 1 
20130528,20130530,20130604,20130607,20130608,20130609,20130615,20130619,20130620,20130621,20130622,20130623,20130624,20130625,20130627,20130630 
Number is 25 
G.5.2_index_4_VS_G.6.2_index_3 [8] PLUS 1 
20130524,20130530,20130531,20130602,20130605,20130608,20130609,20130610,20130611,20130612,20130613,20130616,20130617,20130619,20130620,20130621,20130622,20130623,20130624,20130625,20130628,20130630 
Number is 26 
G.4.1_index_4_VS_G.3.6_index_5 [9] 
20130527,20130601,20130602,20130603,20130604,20130609,20130618,20130619,20130620,20130621,20130622,20130623,20130624,20130626,20130627,20130701 
Number is 42 
G.2.1_index_2_VS_G.5.4_index_3 [10] 
20130524,20130526,20130527,20130531,20130601,20130603,20130604,20130606,20130608,20130611,20130615,20130616,20130617,20130618,20130619,20130620,20130621,20130622,20130623,20130624,20130628,20130629,20130630 
Number is 43 
G.5.3_index_4_VS_G.5.1_index_1 [11] PLUS 1 
20130527,20130528,20130601,20130604,20130605,20130606,20130608,20130609,20130611,20130614,20130615,20130619,20130620,20130621,20130622,20130623,20130624,20130625,20130701 
Number is 45 
G.3.4_index_4_VS_G.3.2_index_4 [12] PLUS 1 
20130524,20130525,20130526,20130529,20130602,20130605,20130607,20130610,20130611,20130612,20130613,20130614,20130616,20130617,20130619,20130620,20130621,20130622,20130623,20130624,20130625,20130701 
Number is 47 
G.3.1_index_5_VS_G.2.2_index_1 [13] 
20130524,20130530,20130601,20130603,20130605,20130607,20130609,20130617,20130619,20130620,20130621,20130622,20130623,20130624,20130626,20130627,20130701 
G.5.2_index_3_VS_G.2.2_index_1 [14] 
20130524,20130525,20130527,20130531,20130601,20130603,20130607,20130608,20130611,20130612,20130614,20130615,20130619,20130620,20130621,20130622,20130623,20130624,20130626,20130629,20130701 
Number is 49 
G.5.2_index_3_VS_G.3.6_index_1 [15] 
20130524,20130525,20130529,20130530,20130602,20130606,20130607,20130613,20130615,20130619,20130620,20130621,20130622,20130623,20130624,20130627,20130628 
Number is 52 
G.3.6_index_4_VS_G.4.1_index_4 [16] PLUS 1 
20130526,20130602,20130604,20130606,20130611,20130612,20130613,20130615,20130617,20130618,20130619,20130620,20130621,20130622,20130623,20130624,20130625,20130626,20130627,20130630,20130701 
Number is 57 
G.6.1_index_2_VS_G.6.2_index_2 [17] PLUS 1 
20130525,20130527,20130528,20130531,20130601,20130603,20130608,20130611,20130612,20130614,20130615,20130616,20130619,20130620,20130621,20130622,20130623,20130624,20130625,20130630 
G.DB_index_4_VS_G.3.6_index_3 [18] PLUS 1 
20130527,20130602,20130605,20130607,20130608,20130609,20130610,20130611,20130613,20130614,20130615,20130619,20130620,20130621,20130622,20130623,20130624,20130625,20130626,20130628,20130629,20130630 
Number is 59 
G.3.4_index_5_VS_G.3.6_index_1 [19] 
20130524,20130527,20130530,20130531,20130601,20130605,20130606,20130607,20130608,20130609,20130611,20130613,20130614,20130616,20130618,20130619,20130620,20130621,20130622,20130623,20130624,20130628,20130630,20130701 
Number is 62 
G.3.6_index_5_VS_G.5.2_index_4 [20] 
20130525,20130526,20130527,20130529,20130530,20130531,20130601,20130602,20130603,20130604,20130606,20130608,20130610,20130611,20130613,20130615,20130617,20130619,20130620,20130621,20130622,20130623,20130624,20130630 
Number is 64 
G.4.3_index_3_VS_G.5.2_index_3 [21] 
20130525,20130526,20130529,20130530,20130601,20130606,20130607,20130613,20130616,20130617,20130619,20130620,20130621,20130622,20130623,20130624,20130626,20130627,20130628,20130630 
Number is 66 
G.3.6_index_5_VS_G.4.3_index_3 [22] 
20130529,20130601,20130605,20130606,20130609,20130617,20130619,20130620,20130621,20130622,20130623,20130624,20130626,20130628,20130629,20130630 
Number is 67 
G.5.2_index_1_VS_G.4.1_index_3 [23] 
20130524,20130531,20130602,20130606,20130607,20130609,20130613,20130614,20130617,20130619,20130620,20130621,20130622,20130623,20130624,20130627,20130628,20130630,20130701 
Number is 68 
G.3.3_index_2_VS_G.3.3_index_3 [24] PLUS 1 
20130525,20130526,20130527,20130528,20130531,20130605,20130608,20130609,20130610,20130614,20130615,20130617,20130619,20130620,20130621,20130622,20130623,20130624,20130625,20130629 
Number is 73 
G.2.2_index_1_VS_G.6.3_index_3 [25] 
20130525,20130527,20130529,20130601,20130603,20130604,20130605,20130606,20130607,20130610,20130614,20130617,20130619,20130620,20130621,20130622,20130623,20130624,20130626,20130628 
Number is 75 
G.2.2_index_1_VS_G.3.3_index_5 [26] PLUS 1 
20130524,20130525,20130527,20130530,20130531,20130601,20130607,20130609,20130610,20130614,20130615,20130617,20130619,20130620,20130621,20130622,20130623,20130624,20130625,20130626,20130627,20130628,20130701 
Number is 76 
G.5.5_index_1_VS_G.2.2_index_3 [27] 
20130526,20130527,20130529,20130601,20130602,20130606,20130607,20130610,20130614,20130615,20130619,20130620,20130621,20130622,20130623,20130624,20130626,20130628,20130630 
Number is 77 
G.3.1_index_2_VS_G.DB_index_5 [28] PLUS 1 
20130526,20130529,20130531,20130601,20130602,20130603,20130604,20130608,20130609,20130610,20130616,20130619,20130620,20130621,20130622,20130623,20130624,20130625,20130629 
Number is 79 
G.6.2_index_2_VS_G.5.4_index_4 [29] 
20130525,20130526,20130528,20130529,20130530,20130531,20130604,20130606,20130607,20130608,20130610,20130612,20130614,20130619,20130620,20130621,20130622,20130623,20130624,20130626,20130630 
G.2.2_index_1_VS_G.7.1_index_1 [30] 
20130524,20130527,20130529,20130530,20130601,20130605,20130614,20130617,20130619,20130620,20130621,20130622,20130623,20130624,20130627,20130628,20130629,20130630,20130701 
Number is 81 
G.1.1_index_1_VS_G.5.2_index_2 [31] 
20130524,20130527,20130528,20130529,20130604,20130608,20130612,20130613,20130614,20130615,20130619,20130620,20130621,20130622,20130623,20130624,20130627,20130628,20130630 
Number is 87 
G.4.1_index_1_VS_G.5.6_index_3 [32] 
20130525,20130527,20130528,20130529,20130604,20130605,20130609,20130610,20130614,20130616,20130618,20130619,20130620,20130621,20130622,20130623,20130624,20130626,20130627,20130630 
G.4.1_index_1_VS_G.4.1_index_3 [33] 
20130525,20130527,20130528,20130530,20130603,20130608,20130611,20130613,20130616,20130617,20130618,20130619,20130620,20130621,20130622,20130623,20130624,20130626,20130628,20130630 
Number is 89 
G.4.4_index_2_VS_G.5.6_index_1 [34] 
20130524,20130525,20130530,20130602,20130603,20130604,20130607,20130608,20130611,20130614,20130615,20130618,20130619,20130620,20130621,20130622,20130623,20130624 
Number is 94 
G.1.1_index_4_VS_G.5.5_index_4 [35] 
20130524,20130527,20130603,20130607,20130608,20130611,20130613,20130619,20130620,20130621,20130622,20130623,20130624,20130626,20130627,20130628,20130629,20130630 
G.3.6_index_1_VS_G.3.4_index_4 [36] 
20130526,20130527,20130529,20130530,20130531,20130604,20130606,20130607,20130613,20130616,20130617,20130619,20130620,20130621,20130622,20130623,20130624,20130628 
Number is 97 
G.3.5_index_3_VS_G.5.3_index_1 [37] 
20130525,20130526,20130529,20130530,20130531,20130601,20130603,20130604,20130607,20130608,20130609,20130612,20130615,20130618,20130619,20130620,20130621,20130622,20130623,20130624,20130627 
Number is 99 
G.5.6_index_1_VS_G.1.1_index_4 [38] PLUS 1 
20130525,20130526,20130527,20130528,20130529,20130530,20130603,20130604,20130605,20130611,20130615,20130619,20130620,20130621,20130622,20130623,20130624,20130625,20130626,20130628,20130629 
