======== Current: 20120605 ========= 
Number is 07 
G.5.5_index_1_VS_G.7.2_index_2 [1] 
20120521,20120523,20120525,20120529,20120530,20120531,20120601,20120602,20120603,20120604,20120606,20120612,20120614,20120615,20120618,20120620,20120622,20120626,20120627 
Number is 10 
G.2.2_index_4_VS_G.5.1_index_3 [2] 
20120521,20120530,20120531,20120601,20120602,20120603,20120604,20120611,20120613,20120615,20120616,20120617,20120625,20120626,20120629,20120630 
Number is 14 
G.3.4_index_5_VS_G.2.1_index_5 [3] PLUS 1 
20120520,20120521,20120522,20120524,20120525,20120526,20120527,20120530,20120531,20120601,20120602,20120603,20120604,20120605,20120606,20120607,20120608,20120609,20120611,20120614,20120620,20120622,20120623,20120624,20120629 
Number is 17 
G.2.2_index_3_VS_G.3.6_index_1 [4] PLUS 1 
20120522,20120526,20120528,20120530,20120531,20120601,20120602,20120603,20120604,20120605,20120606,20120607,20120610,20120614,20120619,20120620,20120624,20120626,20120628,20120630,20120701 
Number is 22 
G.3.5_index_5_VS_G.3.5_index_5 [5] 
20120524,20120525,20120526,20120529,20120530,20120531,20120601,20120602,20120603,20120604,20120609,20120612,20120614,20120616,20120618,20120619,20120625,20120629,20120701 
Number is 40 
G.2.1_index_5_VS_G.DB_index_4 [6] PLUS 1 
20120520,20120521,20120525,20120527,20120528,20120530,20120531,20120601,20120602,20120603,20120604,20120605,20120606,20120608,20120612,20120614,20120619,20120621,20120625,20120627,20120629,20120630 
Number is 41 
G.2.2_index_1_VS_G.2.2_index_3 [7] PLUS 1 
20120520,20120521,20120522,20120525,20120527,20120528,20120530,20120531,20120601,20120602,20120603,20120604,20120605,20120606,20120607,20120609,20120611,20120613,20120614,20120617,20120619,20120621,20120623,20120626,20120630 
Number is 48 
G.5.4_index_4_VS_G.3.6_index_4 [8] PLUS 1 
20120523,20120529,20120530,20120531,20120601,20120602,20120603,20120604,20120605,20120607,20120619,20120622,20120623,20120629,20120701 
Number is 49 
G.7.4_index_1_VS_G.6.1_index_1 [9] 
20120520,20120521,20120522,20120523,20120524,20120525,20120530,20120531,20120601,20120602,20120603,20120604,20120608,20120609,20120614,20120615,20120619,20120623,20120624,20120627,20120629,20120630 
Number is 60 
G.4.2_index_4_VS_G.DB_index_4 [10] 
20120522,20120523,20120525,20120528,20120529,20120530,20120531,20120601,20120602,20120603,20120604,20120606,20120607,20120612,20120613,20120616,20120621,20120622,20120626,20120629,20120630 
Number is 70 
G.4.3_index_3_VS_G.5.5_index_1 [11] 
20120520,20120530,20120531,20120601,20120602,20120603,20120604,20120611,20120613,20120614,20120618,20120627 
Number is 72 
G.7.2_index_2_VS_G.4.4_index_3 [12] PLUS 1 
20120523,20120529,20120530,20120531,20120601,20120602,20120603,20120604,20120605,20120606,20120609,20120610,20120616,20120620,20120622,20120623,20120628,20120701 
Number is 73 
G.7.2_index_2_VS_G.5.4_index_2 [13] 
20120521,20120522,20120530,20120531,20120601,20120602,20120603,20120604,20120609,20120610,20120611,20120615,20120616,20120617,20120618,20120620,20120623,20120626,20120629,20120701 
Number is 74 
G.7.2_index_2_VS_G.5.4_index_4 [14] 
20120520,20120522,20120523,20120529,20120530,20120531,20120601,20120602,20120603,20120604,20120606,20120608,20120609,20120610,20120611,20120618,20120620,20120629 
Number is 75 
G.7.2_index_2_VS_G.3.1_index_3 [15] 
20120523,20120525,20120529,20120530,20120531,20120601,20120602,20120603,20120604,20120608,20120611,20120613,20120617,20120618,20120627,20120629 
G.4.2_index_1_VS_G.7.1_index_2 [16] 
20120521,20120523,20120527,20120529,20120530,20120531,20120601,20120602,20120603,20120604,20120610,20120611,20120615,20120617,20120619,20120620,20120621,20120624,20120627,20120629,20120701 
Number is 84 
G.3.6_index_4_VS_G.2.2_index_1 [17] PLUS 1 
20120529,20120530,20120531,20120601,20120602,20120603,20120604,20120605,20120609,20120614,20120619,20120628,20120629,20120701 
Number is 87 
G.3.6_index_4_VS_G.3.6_index_1 [18] PLUS 1 
20120525,20120526,20120527,20120530,20120531,20120601,20120602,20120603,20120604,20120605,20120609,20120614,20120616,20120618,20120620,20120623,20120624,20120629,20120630,20120701 
Number is 89 
G.3.3_index_5_VS_G.4.2_index_2 [19] 
20120520,20120522,20120523,20120528,20120530,20120531,20120601,20120602,20120603,20120604,20120609,20120613,20120615,20120618,20120621,20120622,20120626,20120630 
