======== Current: 20120606 ========= 
Number is 01 
G.2.2_index_3_VS_G.7.1_index_2 [1] PLUS 1 
20120523,20120531,20120601,20120602,20120603,20120604,20120605,20120606,20120609,20120613,20120614,20120620,20120621,20120628,20120630 
Number is 06 
G.2.2_index_3_VS_G.3.6_index_1 [2] PLUS 1 
20120522,20120526,20120528,20120530,20120531,20120601,20120602,20120603,20120604,20120605,20120606,20120607,20120610,20120614,20120619,20120620,20120624,20120626,20120628,20120630,20120701 
Number is 07 
G.3.5_index_1_VS_G.DB_index_3 [3] PLUS 1 
20120522,20120527,20120528,20120529,20120531,20120601,20120602,20120603,20120604,20120605,20120606,20120608,20120610,20120614,20120615,20120620,20120623,20120624,20120628,20120629,20120630 
Number is 08 
G.3.5_index_1_VS_G.6.1_index_1 [4] 
20120525,20120527,20120529,20120531,20120601,20120602,20120603,20120604,20120605,20120608,20120610,20120614,20120615,20120619,20120626,20120627,20120629,20120701 
Number is 13 
G.7.2_index_2_VS_G.4.4_index_3 [5] PLUS 1 
20120523,20120529,20120530,20120531,20120601,20120602,20120603,20120604,20120605,20120606,20120609,20120610,20120616,20120620,20120622,20120623,20120628,20120701 
Number is 16 
G.7.1_index_2_VS_G.4.4_index_2 [6] 
20120523,20120525,20120526,20120527,20120531,20120601,20120602,20120603,20120604,20120605,20120608,20120613,20120615,20120616,20120617,20120621,20120624,20120626,20120628 
Number is 20 
G.2.2_index_1_VS_G.2.2_index_3 [7] PLUS 1 
20120520,20120521,20120522,20120525,20120527,20120528,20120530,20120531,20120601,20120602,20120603,20120604,20120605,20120606,20120607,20120609,20120611,20120613,20120614,20120617,20120619,20120621,20120623,20120626,20120630 
Number is 32 
G.2.1_index_5_VS_G.3.6_index_2 [8] PLUS 1 
20120522,20120524,20120526,20120527,20120531,20120601,20120602,20120603,20120604,20120605,20120606,20120607,20120608,20120614,20120615,20120616,20120617,20120621,20120622,20120623,20120624,20120626,20120627,20120630 
G.2.1_index_5_VS_G.DB_index_4 [9] PLUS 1 
20120520,20120521,20120525,20120527,20120528,20120530,20120531,20120601,20120602,20120603,20120604,20120605,20120606,20120608,20120612,20120614,20120619,20120621,20120625,20120627,20120629,20120630 
Number is 34 
G.6.2_index_1_VS_G.5.5_index_1 [10] PLUS 1 
20120523,20120525,20120526,20120527,20120529,20120531,20120601,20120602,20120603,20120604,20120605,20120606,20120611,20120612,20120614,20120615,20120617,20120618,20120622,20120623,20120626,20120628,20120629 
Number is 43 
G.5.5_index_1_VS_G.2.1_index_5 [11] PLUS 1 
20120521,20120524,20120525,20120527,20120529,20120531,20120601,20120602,20120603,20120604,20120605,20120606,20120611,20120615,20120617,20120618,20120625,20120627,20120629,20120701 
Number is 45 
G.5.4_index_4_VS_G.3.6_index_4 [12] 
20120523,20120529,20120530,20120531,20120601,20120602,20120603,20120604,20120605,20120607,20120619,20120622,20120623,20120629,20120701 
Number is 47 
G.5.4_index_4_VS_G.DB_index_3 [13] 
20120522,20120523,20120531,20120601,20120602,20120603,20120604,20120605,20120607,20120608,20120609,20120610,20120614,20120617,20120620,20120630,20120701 
Number is 52 
G.3.6_index_4_VS_G.2.2_index_1 [14] 
20120529,20120530,20120531,20120601,20120602,20120603,20120604,20120605,20120609,20120614,20120619,20120628,20120629,20120701 
Number is 54 
G.5.4_index_3_VS_G.3.4_index_2 [15] 
20120521,20120522,20120531,20120601,20120602,20120603,20120604,20120605,20120607,20120611,20120612,20120614,20120618,20120620,20120624,20120628 
Number is 56 
G.3.6_index_4_VS_G.3.6_index_1 [16] 
20120525,20120526,20120527,20120530,20120531,20120601,20120602,20120603,20120604,20120605,20120609,20120614,20120616,20120618,20120620,20120623,20120624,20120629,20120630,20120701 
Number is 59 
G.DB_index_2_VS_G.3.2_index_5 [17] 
20120521,20120522,20120523,20120524,20120527,20120531,20120601,20120602,20120603,20120604,20120605,20120607,20120612,20120613,20120614,20120615,20120617,20120618,20120621,20120622,20120627 
Number is 83 
G.3.4_index_5_VS_G.2.1_index_5 [18] PLUS 1 
20120520,20120521,20120522,20120524,20120525,20120526,20120527,20120530,20120531,20120601,20120602,20120603,20120604,20120605,20120606,20120607,20120608,20120609,20120611,20120614,20120620,20120622,20120623,20120624,20120629 
