======== Current: 20120607 ========= 
Number is 00 
G.2.1_index_5_VS_G.DB_index_4 [1] 
20120520,20120521,20120525,20120527,20120528,20120530,20120531,20120601,20120602,20120603,20120604,20120605,20120606,20120608,20120612,20120614,20120619,20120621,20120625,20120627,20120629,20120630 
Number is 02 
G.2.2_index_3_VS_G.7.1_index_2 [2] 
20120523,20120531,20120601,20120602,20120603,20120604,20120605,20120606,20120609,20120613,20120614,20120620,20120621,20120628,20120630 
Number is 03 
G.5.6_index_1_VS_G.3.1_index_5 [3] 
20120521,20120522,20120524,20120601,20120602,20120603,20120604,20120605,20120606,20120609,20120613,20120614,20120617,20120620,20120621,20120624,20120628,20120630,20120701 
Number is 04 
G.DB_index_1_VS_G.7.2_index_2 [4] 
20120522,20120601,20120602,20120603,20120604,20120605,20120606,20120612,20120615,20120617,20120622,20120624,20120626,20120627,20120628,20120701 
Number is 05 
G.2.1_index_5_VS_G.3.6_index_2 [5] PLUS 1 
20120522,20120524,20120526,20120527,20120531,20120601,20120602,20120603,20120604,20120605,20120606,20120607,20120608,20120614,20120615,20120616,20120617,20120621,20120622,20120623,20120624,20120626,20120627,20120630 
Number is 08 
G.2.2_index_3_VS_G.3.6_index_1 [6] PLUS 1 
20120522,20120526,20120528,20120530,20120531,20120601,20120602,20120603,20120604,20120605,20120606,20120607,20120610,20120614,20120619,20120620,20120624,20120626,20120628,20120630,20120701 
Number is 10 
G.3.3_index_1_VS_G.3.2_index_2 [7] PLUS 1 
20120522,20120526,20120527,20120528,20120529,20120601,20120602,20120603,20120604,20120605,20120606,20120607,20120611,20120613,20120614,20120615,20120621,20120628 
G.3.4_index_5_VS_G.2.1_index_5 [8] PLUS 1 
20120520,20120521,20120522,20120524,20120525,20120526,20120527,20120530,20120531,20120601,20120602,20120603,20120604,20120605,20120606,20120607,20120608,20120609,20120611,20120614,20120620,20120622,20120623,20120624,20120629 
Number is 11 
G.3.4_index_3_VS_G.2.2_index_2 [9] 
20120521,20120527,20120529,20120530,20120601,20120602,20120603,20120604,20120605,20120606,20120609,20120618,20120620,20120621,20120623,20120628,20120629 
G.2.2_index_2_VS_G.5.3_index_1 [10] 
20120522,20120523,20120524,20120527,20120530,20120601,20120602,20120603,20120604,20120605,20120606,20120610,20120614,20120615,20120616,20120617,20120621,20120622,20120624,20120625,20120626,20120628,20120701 
Number is 15 
G.3.3_index_1_VS_G.7.4_index_2 [11] 
20120520,20120524,20120527,20120528,20120601,20120602,20120603,20120604,20120605,20120606,20120609,20120615,20120622,20120624,20120625,20120626,20120629 
Number is 26 
G.4.3_index_3_VS_G.5.6_index_2 [12] 
20120520,20120522,20120526,20120601,20120602,20120603,20120604,20120605,20120606,20120609,20120610,20120611,20120612,20120613,20120614,20120618,20120620,20120626,20120629,20120630,20120701 
G.3.5_index_1_VS_G.DB_index_3 [13] 
20120522,20120527,20120528,20120529,20120531,20120601,20120602,20120603,20120604,20120605,20120606,20120608,20120610,20120614,20120615,20120620,20120623,20120624,20120628,20120629,20120630 
Number is 27 
G.2.1_index_1_VS_G.4.4_index_1 [14] 
20120522,20120524,20120525,20120526,20120527,20120529,20120530,20120601,20120602,20120603,20120604,20120605,20120606,20120611,20120614,20120615,20120616,20120618,20120625,20120626,20120627 
Number is 39 
G.3.1_index_5_VS_G.3.4_index_2 [15] PLUS 1 
20120521,20120522,20120525,20120526,20120529,20120601,20120602,20120603,20120604,20120605,20120606,20120607,20120613,20120614,20120617,20120618,20120619,20120622,20120624,20120628,20120701 
Number is 42 
G.3.5_index_5_VS_G.3.3_index_2 [16] 
20120520,20120524,20120601,20120602,20120603,20120604,20120605,20120606,20120612,20120613,20120614,20120615,20120616,20120617,20120619,20120622,20120626,20120627,20120628,20120630,20120701 
Number is 44 
G.5.3_index_2_VS_G.3.5_index_5 [17] 
20120524,20120525,20120526,20120527,20120601,20120602,20120603,20120604,20120605,20120606,20120611,20120615,20120617,20120619,20120622,20120626,20120627,20120630 
Number is 47 
G.7.2_index_2_VS_G.4.4_index_3 [18] 
20120523,20120529,20120530,20120531,20120601,20120602,20120603,20120604,20120605,20120606,20120609,20120610,20120616,20120620,20120622,20120623,20120628,20120701 
Number is 49 
G.6.2_index_1_VS_G.5.5_index_1 [19] 
20120523,20120525,20120526,20120527,20120529,20120531,20120601,20120602,20120603,20120604,20120605,20120606,20120611,20120612,20120614,20120615,20120617,20120618,20120622,20120623,20120626,20120628,20120629 
Number is 52 
G.3.6_index_3_VS_G.7.1_index_2 [20] 
20120521,20120523,20120524,20120525,20120601,20120602,20120603,20120604,20120605,20120606,20120610,20120614,20120616,20120617,20120621,20120622,20120623,20120625,20120626,20120627 
Number is 54 
G.5.5_index_2_VS_G.6.1_index_1 [21] 
20120522,20120527,20120528,20120601,20120602,20120603,20120604,20120605,20120606,20120608,20120610,20120615,20120619,20120623,20120625 
Number is 61 
G.5.5_index_4_VS_G.4.3_index_1 [22] 
20120525,20120526,20120527,20120528,20120529,20120601,20120602,20120603,20120604,20120605,20120606,20120609,20120610,20120614,20120616,20120617,20120620,20120622,20120626,20120627,20120628 
Number is 70 
G.2.2_index_1_VS_G.2.2_index_3 [23] PLUS 1 
20120520,20120521,20120522,20120525,20120527,20120528,20120530,20120531,20120601,20120602,20120603,20120604,20120605,20120606,20120607,20120609,20120611,20120613,20120614,20120617,20120619,20120621,20120623,20120626,20120630 
Number is 71 
G.5.5_index_3_VS_G.2.2_index_2 [24] PLUS 1 
20120526,20120527,20120601,20120602,20120603,20120604,20120605,20120606,20120607,20120609,20120610,20120611,20120616,20120617,20120620,20120623,20120624,20120629,20120630,20120701 
G.3.6_index_4_VS_G.2.2_index_2 [25] PLUS 1 
20120527,20120530,20120601,20120602,20120603,20120604,20120605,20120606,20120607,20120618,20120619,20120622,20120626,20120628,20120629,20120630,20120701 
Number is 72 
G.5.5_index_3_VS_G.4.3_index_3 [26] 
20120520,20120524,20120525,20120526,20120529,20120601,20120602,20120603,20120604,20120605,20120606,20120610,20120611,20120614,20120616,20120617,20120619,20120620,20120622,20120623,20120624,20120625,20120626,20120628,20120629 
Number is 74 
G.4.1_index_1_VS_G.6.1_index_1 [27] 
20120526,20120527,20120528,20120601,20120602,20120603,20120604,20120605,20120606,20120608,20120613,20120614,20120621,20120625,20120628,20120630,20120701 
Number is 77 
G.5.1_index_1_VS_G.7.4_index_1 [28] 
20120520,20120521,20120522,20120524,20120527,20120601,20120602,20120603,20120604,20120605,20120606,20120611,20120618,20120623,20120624,20120626,20120629 
Number is 81 
G.3.2_index_1_VS_G.2.2_index_2 [29] PLUS 1 
20120524,20120526,20120529,20120601,20120602,20120603,20120604,20120605,20120606,20120607,20120608,20120611,20120612,20120616,20120620,20120621,20120623,20120624,20120625,20120626 
Number is 88 
G.3.4_index_4_VS_G.4.3_index_4 [30] 
20120520,20120521,20120522,20120524,20120525,20120529,20120601,20120602,20120603,20120604,20120605,20120606,20120608,20120609,20120610,20120611,20120613,20120615,20120619,20120623,20120624,20120625,20120626,20120628,20120629 
Number is 90 
G.5.5_index_1_VS_G.2.1_index_5 [31] 
20120521,20120524,20120525,20120527,20120529,20120531,20120601,20120602,20120603,20120604,20120605,20120606,20120611,20120615,20120617,20120618,20120625,20120627,20120629,20120701 
Number is 98 
G.3.2_index_3_VS_G.1.1_index_4 [32] PLUS 1 
20120522,20120524,20120528,20120530,20120601,20120602,20120603,20120604,20120605,20120606,20120607,20120609,20120611,20120614,20120621,20120628 
