======== Current: 20120608 ========= 
Number is 00 
G.7.4_index_2_VS_G.6.1_index_2 [1] 
20120522,20120526,20120528,20120530,20120531,20120602,20120603,20120604,20120605,20120606,20120607,20120609,20120611,20120615,20120616,20120622,20120624,20120626,20120629,20120701 
Number is 02 
G.7.4_index_2_VS_G.5.2_index_1 [2] 
20120520,20120521,20120522,20120526,20120528,20120602,20120603,20120604,20120605,20120606,20120607,20120614,20120620,20120621,20120626,20120628,20120630 
Number is 03 
G.DB_index_4_VS_G.3.6_index_2 [3] 
20120520,20120521,20120524,20120528,20120529,20120530,20120531,20120602,20120603,20120604,20120605,20120606,20120607,20120611,20120612,20120616,20120617,20120619,20120620,20120623,20120626,20120627,20120628,20120701 
Number is 04 
G.2.2_index_3_VS_G.3.6_index_1 [4] 
20120522,20120526,20120528,20120530,20120531,20120601,20120602,20120603,20120604,20120605,20120606,20120607,20120610,20120614,20120619,20120620,20120624,20120626,20120628,20120630,20120701 
Number is 09 
G.6.2_index_3_VS_G.4.4_index_1 [5] 
20120520,20120525,20120526,20120527,20120530,20120531,20120602,20120603,20120604,20120605,20120606,20120607,20120612,20120613,20120614,20120615,20120617,20120620,20120621,20120627,20120629 
G.7.4_index_2_VS_G.5.1_index_2 [6] 
20120522,20120525,20120526,20120529,20120531,20120602,20120603,20120604,20120605,20120606,20120607,20120611,20120615,20120616,20120617,20120620,20120623,20120629,20120630 
Number is 16 
G.4.3_index_4_VS_G.DB_index_2 [7] 
20120521,20120522,20120527,20120529,20120602,20120603,20120604,20120605,20120606,20120607,20120617,20120618,20120619,20120624,20120625,20120626,20120630 
Number is 18 
G.4.4_index_2_VS_G.DB_index_1 [8] 
20120524,20120526,20120528,20120530,20120602,20120603,20120604,20120605,20120606,20120607,20120609,20120614,20120616,20120617,20120623,20120628,20120701 
Number is 31 
G.3.5_index_4_VS_G.4.3_index_1 [9] PLUS 1 
20120521,20120522,20120523,20120527,20120529,20120530,20120602,20120603,20120604,20120605,20120606,20120607,20120608,20120609,20120610,20120612,20120613,20120614,20120616,20120622,20120626,20120628,20120630,20120701 
Number is 32 
G.3.1_index_3_VS_G.3.4_index_2 [10] 
20120520,20120522,20120526,20120528,20120530,20120531,20120602,20120603,20120604,20120605,20120606,20120607,20120613,20120615,20120618,20120619,20120622,20120625,20120630 
G.3.1_index_5_VS_G.3.4_index_2 [11] 
20120521,20120522,20120525,20120526,20120529,20120601,20120602,20120603,20120604,20120605,20120606,20120607,20120613,20120614,20120617,20120618,20120619,20120622,20120624,20120628,20120701 
Number is 37 
G.3.4_index_5_VS_G.5.5_index_3 [12] PLUS 1 
20120521,20120524,20120526,20120602,20120603,20120604,20120605,20120606,20120607,20120608,20120611,20120614,20120617,20120619,20120620,20120624,20120625,20120628,20120701 
Number is 38 
G.2.1_index_4_VS_G.DB_index_1 [13] PLUS 1 
20120522,20120523,20120526,20120529,20120602,20120603,20120604,20120605,20120606,20120607,20120608,20120611,20120615,20120616,20120618,20120619,20120621,20120625,20120628,20120629 
G.3.4_index_5_VS_G.2.1_index_5 [14] PLUS 1 
20120520,20120521,20120522,20120524,20120525,20120526,20120527,20120530,20120531,20120601,20120602,20120603,20120604,20120605,20120606,20120607,20120608,20120609,20120611,20120614,20120620,20120622,20120623,20120624,20120629 
Number is 39 
G.3.2_index_1_VS_G.2.2_index_2 [15] PLUS 1 
20120524,20120526,20120529,20120601,20120602,20120603,20120604,20120605,20120606,20120607,20120608,20120611,20120612,20120616,20120620,20120621,20120623,20120624,20120625,20120626 
Number is 43 
G.4.4_index_3_VS_G.3.6_index_2 [16] PLUS 1 
20120521,20120526,20120527,20120602,20120603,20120604,20120605,20120606,20120607,20120608,20120610,20120614,20120615,20120617,20120628,20120629,20120701 
Number is 44 
G.3.6_index_1_VS_G.3.4_index_3 [17] 
20120521,20120523,20120527,20120529,20120530,20120602,20120603,20120604,20120605,20120606,20120607,20120609,20120618,20120624,20120626 
Number is 51 
G.3.5_index_1_VS_G.5.1_index_3 [18] 
20120524,20120527,20120531,20120602,20120603,20120604,20120605,20120606,20120607,20120615,20120619,20120622,20120623,20120624,20120626,20120629 
Number is 54 
G.3.3_index_4_VS_G.3.4_index_4 [19] PLUS 1 
20120522,20120523,20120528,20120602,20120603,20120604,20120605,20120606,20120607,20120608,20120610,20120611,20120616,20120617,20120618,20120620,20120621,20120622,20120623,20120701 
Number is 57 
G.5.5_index_4_VS_G.5.5_index_3 [20] 
20120522,20120524,20120526,20120528,20120530,20120602,20120603,20120604,20120605,20120606,20120607,20120610,20120611,20120612,20120614,20120616,20120620,20120625,20120630,20120701 
Number is 60 
G.2.2_index_1_VS_G.2.2_index_3 [21] 
20120520,20120521,20120522,20120525,20120527,20120528,20120530,20120531,20120601,20120602,20120603,20120604,20120605,20120606,20120607,20120609,20120611,20120613,20120614,20120617,20120619,20120621,20120623,20120626,20120630 
Number is 63 
G.3.5_index_3_VS_G.3.4_index_5 [22] 
20120520,20120522,20120527,20120530,20120531,20120602,20120603,20120604,20120605,20120606,20120607,20120609,20120611,20120612,20120614,20120618,20120619,20120621,20120622,20120623,20120625,20120627,20120628,20120629,20120630 
Number is 70 
G.3.2_index_3_VS_G.1.1_index_4 [23] 
20120522,20120524,20120528,20120530,20120601,20120602,20120603,20120604,20120605,20120606,20120607,20120609,20120611,20120614,20120621,20120628 
Number is 79 
G.3.3_index_1_VS_G.3.2_index_2 [24] 
20120522,20120526,20120527,20120528,20120529,20120601,20120602,20120603,20120604,20120605,20120606,20120607,20120611,20120613,20120614,20120615,20120621,20120628 
G.5.5_index_3_VS_G.2.2_index_2 [25] 
20120526,20120527,20120601,20120602,20120603,20120604,20120605,20120606,20120607,20120609,20120610,20120611,20120616,20120617,20120620,20120623,20120624,20120629,20120630,20120701 
G.3.2_index_3_VS_G.4.4_index_1 [26] 
20120520,20120522,20120524,20120525,20120527,20120528,20120529,20120530,20120602,20120603,20120604,20120605,20120606,20120607,20120609,20120611,20120616,20120617,20120618,20120621,20120627,20120628,20120630,20120701 
Number is 83 
G.2.1_index_5_VS_G.3.6_index_2 [27] PLUS 1 
20120522,20120524,20120526,20120527,20120531,20120601,20120602,20120603,20120604,20120605,20120606,20120607,20120608,20120614,20120615,20120616,20120617,20120621,20120622,20120623,20120624,20120626,20120627,20120630 
Number is 99 
G.3.6_index_4_VS_G.2.2_index_2 [28] 
20120527,20120530,20120601,20120602,20120603,20120604,20120605,20120606,20120607,20120618,20120619,20120622,20120626,20120628,20120629,20120630,20120701 
