======== Current: 20120609 ========= 
Number is 01 
G.5.2_index_1_VS_G.3.4_index_1 [1] PLUS 1 
20120521,20120522,20120523,20120528,20120529,20120530,20120601,20120603,20120604,20120605,20120606,20120607,20120608,20120609,20120612,20120616,20120620,20120625,20120629,20120630 
Number is 21 
G.3.4_index_5_VS_G.5.5_index_3 [2] 
20120521,20120524,20120526,20120602,20120603,20120604,20120605,20120606,20120607,20120608,20120611,20120614,20120617,20120619,20120620,20120624,20120625,20120628,20120701 
Number is 23 
G.3.4_index_5_VS_G.2.1_index_5 [3] PLUS 1 
20120520,20120521,20120522,20120524,20120525,20120526,20120527,20120530,20120531,20120601,20120602,20120603,20120604,20120605,20120606,20120607,20120608,20120609,20120611,20120614,20120620,20120622,20120623,20120624,20120629 
Number is 33 
G.2.1_index_5_VS_G.4.4_index_1 [4] 
20120520,20120521,20120524,20120525,20120530,20120603,20120604,20120605,20120606,20120607,20120608,20120613,20120615,20120617,20120618,20120619,20120620,20120621,20120622,20120624,20120627 
Number is 35 
G.2.1_index_5_VS_G.3.6_index_2 [5] 
20120522,20120524,20120526,20120527,20120531,20120601,20120602,20120603,20120604,20120605,20120606,20120607,20120608,20120614,20120615,20120616,20120617,20120621,20120622,20120623,20120624,20120626,20120627,20120630 
Number is 47 
G.2.1_index_4_VS_G.DB_index_1 [6] 
20120522,20120523,20120526,20120529,20120602,20120603,20120604,20120605,20120606,20120607,20120608,20120611,20120615,20120616,20120618,20120619,20120621,20120625,20120628,20120629 
G.5.6_index_4_VS_G.5.5_index_1 [7] 
20120521,20120522,20120523,20120525,20120527,20120530,20120601,20120603,20120604,20120605,20120606,20120607,20120608,20120611,20120612,20120613,20120618,20120620,20120629 
Number is 56 
G.5.3_index_1_VS_G.3.2_index_1 [8] 
20120527,20120531,20120603,20120604,20120605,20120606,20120607,20120608,20120610,20120613,20120614,20120615,20120616,20120617,20120618,20120620,20120621,20120622,20120623,20120626,20120629,20120701 
Number is 65 
G.4.4_index_3_VS_G.3.6_index_2 [9] 
20120521,20120526,20120527,20120602,20120603,20120604,20120605,20120606,20120607,20120608,20120610,20120614,20120615,20120617,20120628,20120629,20120701 
G.3.2_index_1_VS_G.2.2_index_2 [10] 
20120524,20120526,20120529,20120601,20120602,20120603,20120604,20120605,20120606,20120607,20120608,20120611,20120612,20120616,20120620,20120621,20120623,20120624,20120625,20120626 
G.DB_index_3_VS_G.4.2_index_3 [11] 
20120524,20120525,20120531,20120603,20120604,20120605,20120606,20120607,20120608,20120610,20120614,20120617,20120620,20120626,20120628,20120629,20120630 
Number is 69 
G.3.5_index_4_VS_G.4.3_index_1 [12] PLUS 1 
20120521,20120522,20120523,20120527,20120529,20120530,20120602,20120603,20120604,20120605,20120606,20120607,20120608,20120609,20120610,20120612,20120613,20120614,20120616,20120622,20120626,20120628,20120630,20120701 
Number is 73 
G.3.4_index_4_VS_G.7.2_index_1 [13] 
20120521,20120603,20120604,20120605,20120606,20120607,20120608,20120611,20120614,20120616,20120619,20120620,20120622,20120625,20120626,20120629 
Number is 77 
G.3.3_index_4_VS_G.3.4_index_4 [14] 
20120522,20120523,20120528,20120602,20120603,20120604,20120605,20120606,20120607,20120608,20120610,20120611,20120616,20120617,20120618,20120620,20120621,20120622,20120623,20120701 
Number is 78 
G.3.5_index_1_VS_G.3.4_index_3 [15] PLUS 1 
20120520,20120522,20120527,20120528,20120601,20120603,20120604,20120605,20120606,20120607,20120608,20120609,20120617,20120618,20120619,20120623,20120629,20120701 
Number is 80 
G.3.4_index_2_VS_G.5.1_index_1 [16] PLUS 1 
20120520,20120521,20120523,20120525,20120528,20120529,20120603,20120604,20120605,20120606,20120607,20120608,20120609,20120615,20120619,20120621,20120625,20120628,20120701 
Number is 89 
G.3.4_index_3_VS_G.7.1_index_1 [17] 
20120520,20120522,20120525,20120527,20120529,20120531,20120601,20120603,20120604,20120605,20120606,20120607,20120608,20120614,20120615,20120618,20120619,20120620,20120624,20120626,20120627 
Number is 92 
G.7.3_index_2_VS_G.3.4_index_5 [18] PLUS 1 
20120521,20120523,20120525,20120527,20120528,20120530,20120531,20120601,20120603,20120604,20120605,20120606,20120607,20120608,20120609,20120614,20120617,20120624,20120625,20120626,20120628 
Number is 95 
G.7.1_index_1_VS_G.2.2_index_2 [19] 
20120522,20120527,20120529,20120530,20120601,20120603,20120604,20120605,20120606,20120607,20120608,20120616,20120617,20120619,20120620,20120621,20120623,20120624,20120626,20120628,20120701 
