======== Current: 20150801 ========= 
Number is 07 
G.7.1_index_1_VS_G.1.1_index_2 [1] 
20150716,20150717,20150723,20150725,20150726,20150727,20150728,20150729,20150730,20150731,20150802,20150804,20150806,20150808,20150809,20150812,20150816,20150817,20150818,20150819,20150823,20150824,20150826,20150830,20150831,20150901,20150902 
Number is 12 
G.7.4_index_2_VS_G.1.1_index_5 [2] 
20150715,20150716,20150717,20150719,20150721,20150723,20150724,20150726,20150727,20150728,20150729,20150730,20150731,20150802,20150807,20150814,20150815,20150823,20150826,20150827,20150830,20150902 
Number is 13 
G.2.2_index_2_VS_G.5.3_index_2 [3] PLUS 1 
20150717,20150718,20150719,20150720,20150721,20150725,20150726,20150727,20150728,20150729,20150730,20150731,20150801,20150803,20150807,20150808,20150810,20150816,20150819,20150820,20150821,20150822,20150825,20150826,20150830 
Number is 24 
G.3.5_index_2_VS_G.3.3_index_3 [4] PLUS 1 
20150716,20150717,20150718,20150720,20150721,20150723,20150726,20150727,20150728,20150729,20150730,20150731,20150801,20150803,20150804,20150805,20150806,20150809,20150811,20150815,20150816,20150817,20150818,20150820,20150821,20150826,20150827,20150829,20150831 
Number is 27 
G.6.3_index_1_VS_G.5.1_index_4 [5] 
20150716,20150726,20150727,20150728,20150729,20150730,20150731,20150802,20150804,20150814,20150825,20150828,20150831,20150902 
Number is 28 
G.6.3_index_1_VS_G.4.3_index_1 [6] 
20150718,20150721,20150722,20150724,20150726,20150727,20150728,20150729,20150730,20150731,20150802,20150804,20150815,20150819,20150820,20150825,20150828,20150829,20150831 
Number is 29 
G.3.5_index_2_VS_G.2.1_index_5 [7] PLUS 1 
20150716,20150718,20150719,20150721,20150726,20150727,20150728,20150729,20150730,20150731,20150801,20150806,20150807,20150808,20150809,20150814,20150816,20150823,20150826,20150827,20150831,20150901 
Number is 32 
G.5.3_index_2_VS_G.7.3_index_1 [8] 
20150717,20150719,20150720,20150726,20150727,20150728,20150729,20150730,20150731,20150806,20150808,20150812,20150814,20150815,20150817,20150818,20150819,20150821,20150825,20150826,20150830 
G.3.2_index_3_VS_G.3.1_index_5 [9] 
20150715,20150716,20150717,20150721,20150723,20150726,20150727,20150728,20150729,20150730,20150731,20150806,20150808,20150809,20150810,20150812,20150813,20150815,20150822,20150824,20150826,20150828,20150829,20150831,20150901 
Number is 34 
G.4.4_index_3_VS_G.5.4_index_2 [10] PLUS 1 
20150716,20150721,20150726,20150727,20150728,20150729,20150730,20150731,20150801,20150802,20150808,20150809,20150810,20150812,20150816,20150817,20150818,20150820,20150821,20150823,20150825,20150830,20150902 
Number is 37 
G.6.3_index_2_VS_G.4.1_index_3 [11] PLUS 1 
20150715,20150719,20150720,20150722,20150723,20150725,20150726,20150727,20150728,20150729,20150730,20150731,20150801,20150802,20150803,20150809,20150812,20150819,20150821,20150824,20150828 
Number is 44 
G.3.3_index_3_VS_G.5.4_index_2 [12] PLUS 1 
20150718,20150720,20150721,20150725,20150726,20150727,20150728,20150729,20150730,20150731,20150801,20150806,20150807,20150811,20150817,20150818,20150819,20150827,20150901,20150902 
Number is 50 
G.5.5_index_1_VS_G.2.1_index_3 [13] PLUS 1 
20150724,20150726,20150727,20150728,20150729,20150730,20150731,20150801,20150802,20150806,20150814,20150815,20150823,20150824,20150827,20150828,20150830,20150831,20150901 
Number is 56 
G.5.5_index_1_VS_G.3.4_index_2 [14] 
20150716,20150721,20150725,20150726,20150727,20150728,20150729,20150730,20150731,20150804,20150807,20150808,20150810,20150811,20150813,20150815,20150818,20150820,20150826,20150827,20150831,20150901 
Number is 63 
G.3.5_index_3_VS_G.6.3_index_2 [15] 
20150715,20150716,20150718,20150721,20150724,20150725,20150726,20150727,20150728,20150729,20150730,20150731,20150803,20150805,20150806,20150808,20150809,20150810,20150812,20150815,20150818,20150820,20150821,20150822,20150824,20150826,20150827,20150830,20150831 
Number is 66 
G.5.5_index_4_VS_G.4.2_index_3 [16] 
20150715,20150716,20150724,20150726,20150727,20150728,20150729,20150730,20150731,20150803,20150805,20150806,20150811,20150812,20150814,20150815,20150818,20150819,20150824,20150825,20150830,20150901,20150902 
Number is 67 
G.3.1_index_2_VS_G.4.1_index_1 [17] PLUS 1 
20150715,20150716,20150717,20150721,20150726,20150727,20150728,20150729,20150730,20150731,20150801,20150802,20150807,20150809,20150810,20150814,20150816,20150818,20150819,20150820,20150821,20150822,20150827,20150829 
Number is 68 
G.3.4_index_2_VS_G.5.3_index_4 [18] PLUS 1 
20150720,20150721,20150723,20150726,20150727,20150728,20150729,20150730,20150731,20150801,20150802,20150803,20150805,20150808,20150815,20150816,20150818,20150824,20150826,20150829,20150830,20150831,20150901 
Number is 74 
G.5.2_index_1_VS_G.DB_index_4 [19] 
20150717,20150719,20150720,20150722,20150723,20150726,20150727,20150728,20150729,20150730,20150731,20150803,20150808,20150810,20150812,20150814,20150816,20150817,20150820,20150821,20150822,20150824,20150826,20150827,20150830,20150831 
Number is 82 
G.2.2_index_1_VS_G.3.3_index_2 [20] 
20150717,20150720,20150721,20150722,20150725,20150726,20150727,20150728,20150729,20150730,20150731,20150802,20150809,20150813,20150815,20150816,20150817,20150822,20150824,20150829,20150831 
Number is 83 
G.4.3_index_1_VS_G.1.1_index_3 [21] 
20150715,20150716,20150718,20150719,20150721,20150724,20150725,20150726,20150727,20150728,20150729,20150730,20150731,20150802,20150803,20150804,20150806,20150808,20150813,20150814,20150815,20150816,20150820,20150821,20150822,20150825,20150826,20150827,20150828,20150829 
Number is 85 
G.4.3_index_1_VS_G.1.1_index_4 [22] PLUS 1 
20150718,20150721,20150722,20150725,20150726,20150727,20150728,20150729,20150730,20150731,20150801,20150805,20150809,20150811,20150812,20150815,20150816,20150820,20150826,20150830 
G.3.4_index_4_VS_G.3.2_index_1 [23] PLUS 1 
20150715,20150716,20150717,20150718,20150719,20150720,20150722,20150724,20150726,20150727,20150728,20150729,20150730,20150731,20150801,20150805,20150807,20150812,20150816,20150818,20150819,20150821,20150822,20150826,20150829,20150831 
Number is 86 
G.3.4_index_4_VS_G.7.1_index_2 [24] PLUS 1 
20150717,20150723,20150724,20150725,20150726,20150727,20150728,20150729,20150730,20150731,20150801,20150804,20150805,20150807,20150810,20150812,20150814,20150817,20150819,20150822,20150823,20150829,20150901 
Number is 87 
G.2.2_index_1_VS_G.2.1_index_4 [25] 
20150715,20150717,20150721,20150725,20150726,20150727,20150728,20150729,20150730,20150731,20150805,20150808,20150812,20150813,20150814,20150816,20150823,20150825,20150827,20150828,20150830 
Number is 93 
G.4.4_index_4_VS_G.6.1_index_1 [26] 
20150715,20150721,20150722,20150726,20150727,20150728,20150729,20150730,20150731,20150802,20150807,20150809,20150811,20150813,20150815,20150816,20150817,20150820,20150821,20150822,20150825,20150901,20150902 
G.5.3_index_3_VS_G.5.1_index_2 [27] 
20150717,20150718,20150720,20150721,20150722,20150725,20150726,20150727,20150728,20150729,20150730,20150731,20150804,20150805,20150807,20150809,20150814,20150816,20150822,20150823,20150825,20150826 
