======== Current: 20150803 ========= 
Number is 02 
G.5.1_index_2_VS_G.2.2_index_3 [1] 
20150718,20150720,20150721,20150725,20150727,20150728,20150729,20150730,20150731,20150801,20150802,20150804,20150807,20150808,20150812,20150814,20150816,20150819 
Number is 04 
G.1.1_index_3_VS_G.1.1_index_2 [2] 
20150715,20150716,20150717,20150718,20150720,20150721,20150723,20150728,20150729,20150730,20150731,20150801,20150802,20150804,20150805,20150806,20150807,20150808,20150811,20150815,20150818,20150820,20150821,20150822,20150823,20150825,20150827,20150828,20150830,20150901,20150902 
Number is 06 
G.3.4_index_3_VS_G.4.3_index_1 [3] PLUS 1 
20150716,20150722,20150724,20150728,20150729,20150730,20150731,20150801,20150802,20150803,20150804,20150805,20150806,20150807,20150812,20150814,20150817,20150820,20150822,20150826,20150829,20150901 
G.5.3_index_2_VS_G.4.1_index_2 [4] PLUS 1 
20150716,20150717,20150718,20150723,20150724,20150726,20150728,20150729,20150730,20150731,20150801,20150802,20150803,20150806,20150807,20150809,20150811,20150812,20150814,20150815,20150816,20150822,20150824,20150825,20150827,20150828 
Number is 07 
G.5.1_index_2_VS_G.5.1_index_4 [5] 
20150717,20150719,20150721,20150722,20150724,20150725,20150726,20150728,20150729,20150730,20150731,20150801,20150802,20150805,20150807,20150808,20150813,20150814,20150817,20150819,20150820,20150827,20150831 
G.1.1_index_3_VS_G.1.1_index_1 [6] 
20150715,20150719,20150720,20150721,20150722,20150724,20150728,20150729,20150730,20150731,20150801,20150802,20150804,20150809,20150812,20150821,20150822,20150824,20150825,20150826,20150828,20150829,20150901,20150902 
Number is 10 
G.3.6_index_2_VS_G.1.1_index_3 [7] 
20150715,20150720,20150721,20150722,20150724,20150725,20150728,20150729,20150730,20150731,20150801,20150802,20150805,20150807,20150813,20150815,20150821,20150822,20150826,20150827,20150828,20150901 
Number is 21 
G.5.2_index_3_VS_G.2.2_index_5 [8] 
20150716,20150717,20150718,20150721,20150722,20150725,20150728,20150729,20150730,20150731,20150801,20150802,20150805,20150808,20150812,20150819,20150823,20150824,20150827,20150901 
Number is 22 
G.3.4_index_4_VS_G.5.2_index_3 [9] 
20150715,20150716,20150717,20150721,20150722,20150724,20150725,20150728,20150729,20150730,20150731,20150801,20150802,20150806,20150807,20150808,20150812,20150816,20150817,20150818,20150819,20150820,20150821,20150822,20150823,20150825,20150828,20150829 
Number is 25 
G.3.3_index_1_VS_G.DB_index_5 [10] PLUS 1 
20150720,20150723,20150725,20150728,20150729,20150730,20150731,20150801,20150802,20150803,20150806,20150807,20150816,20150817,20150823,20150825,20150826,20150827,20150828,20150829 
Number is 27 
G.3.2_index_2_VS_G.3.4_index_2 [11] PLUS 1 
20150716,20150717,20150720,20150723,20150725,20150728,20150729,20150730,20150731,20150801,20150802,20150803,20150810,20150811,20150813,20150815,20150816,20150817,20150818,20150822,20150824,20150826,20150828,20150829,20150831,20150901,20150902 
Number is 29 
G.5.6_index_2_VS_G.5.4_index_1 [12] 
20150715,20150716,20150717,20150727,20150728,20150729,20150730,20150731,20150801,20150802,20150807,20150809,20150810,20150813,20150814,20150815,20150820,20150822,20150823,20150828,20150830,20150901 
G.4.3_index_3_VS_G.5.5_index_1 [13] 
20150718,20150721,20150722,20150728,20150729,20150730,20150731,20150801,20150802,20150804,20150808,20150811,20150812,20150813,20150814,20150815,20150817,20150824,20150826,20150827,20150828,20150830,20150831,20150901 
Number is 40 
G.1.1_index_4_VS_G.5.1_index_2 [14] 
20150721,20150722,20150725,20150727,20150728,20150729,20150730,20150731,20150801,20150802,20150805,20150806,20150808,20150809,20150817,20150818,20150820,20150823,20150826,20150829 
Number is 42 
G.1.1_index_4_VS_G.7.4_index_1 [15] 
20150716,20150718,20150719,20150725,20150728,20150729,20150730,20150731,20150801,20150802,20150805,20150807,20150813,20150820,20150824,20150826,20150828,20150830,20150831,20150901 
Number is 47 
G.4.2_index_4_VS_G.5.3_index_4 [16] PLUS 1 
20150717,20150718,20150726,20150728,20150729,20150730,20150731,20150801,20150802,20150803,20150805,20150807,20150811,20150813,20150814,20150815 
Number is 57 
G.4.4_index_3_VS_G.5.4_index_2 [17] 
20150716,20150721,20150726,20150727,20150728,20150729,20150730,20150731,20150801,20150802,20150808,20150809,20150810,20150812,20150816,20150817,20150818,20150820,20150821,20150823,20150825,20150830,20150902 
Number is 59 
G.3.5_index_4_VS_G.6.3_index_1 [18] 
20150721,20150722,20150725,20150727,20150728,20150729,20150730,20150731,20150801,20150802,20150804,20150806,20150808,20150811,20150813,20150814,20150825,20150828,20150830,20150831 
Number is 62 
G.5.1_index_1_VS_G.5.6_index_2 [19] 
20150717,20150719,20150721,20150723,20150725,20150726,20150728,20150729,20150730,20150731,20150801,20150802,20150805,20150807,20150810,20150811,20150812,20150814,20150815,20150817,20150823,20150824,20150826,20150827,20150829,20150830,20150901 
Number is 65 
G.4.4_index_2_VS_G.5.6_index_4 [20] 
20150716,20150720,20150721,20150723,20150725,20150728,20150729,20150730,20150731,20150801,20150802,20150806,20150809,20150810,20150815,20150819,20150823,20150824,20150826,20150828,20150829,20150830,20150831 
Number is 70 
G.3.1_index_4_VS_G.1.1_index_3 [21] 
20150719,20150721,20150722,20150723,20150724,20150725,20150728,20150729,20150730,20150731,20150801,20150802,20150804,20150806,20150811,20150814,20150817,20150821,20150822,20150824,20150825,20150830 
Number is 71 
G.4.1_index_1_VS_G.3.6_index_4 [22] PLUS 1 
20150715,20150718,20150722,20150728,20150729,20150730,20150731,20150801,20150802,20150803,20150804,20150805,20150808,20150810,20150811,20150812,20150815,20150816,20150821,20150822,20150825,20150830,20150902 
Number is 72 
G.5.3_index_4_VS_G.3.4_index_4 [23] PLUS 1 
20150715,20150716,20150717,20150718,20150720,20150721,20150724,20150725,20150726,20150728,20150729,20150730,20150731,20150801,20150802,20150803,20150804,20150805,20150808,20150809,20150812,20150820,20150821,20150822,20150825,20150828,20150829 
Number is 74 
G.3.2_index_3_VS_G.1.1_index_2 [24] PLUS 1 
20150716,20150726,20150728,20150729,20150730,20150731,20150801,20150802,20150803,20150805,20150807,20150808,20150810,20150815,20150817,20150819,20150822,20150826,20150827,20150830,20150831,20150901 
G.6.3_index_2_VS_G.4.1_index_3 [25] PLUS 1 
20150715,20150719,20150720,20150722,20150723,20150725,20150726,20150727,20150728,20150729,20150730,20150731,20150801,20150802,20150803,20150809,20150812,20150819,20150821,20150824,20150828 
Number is 76 
G.3.4_index_2_VS_G.4.3_index_1 [26] PLUS 1 
20150716,20150721,20150724,20150725,20150726,20150728,20150729,20150730,20150731,20150801,20150802,20150803,20150805,20150810,20150811,20150812,20150813,20150815,20150820,20150822,20150827,20150831 
Number is 77 
G.3.4_index_2_VS_G.5.3_index_4 [27] PLUS 1 
20150720,20150721,20150723,20150726,20150727,20150728,20150729,20150730,20150731,20150801,20150802,20150803,20150805,20150808,20150815,20150816,20150818,20150824,20150826,20150829,20150830,20150831,20150901 
Number is 80 
G.3.3_index_3_VS_G.5.1_index_2 [28] PLUS 1 
20150715,20150718,20150720,20150721,20150724,20150726,20150728,20150729,20150730,20150731,20150801,20150802,20150803,20150805,20150807,20150808,20150816,20150818,20150820,20150823,20150901,20150902 
Number is 87 
G.3.1_index_2_VS_G.4.1_index_1 [29] 
20150715,20150716,20150717,20150721,20150726,20150727,20150728,20150729,20150730,20150731,20150801,20150802,20150807,20150809,20150810,20150814,20150816,20150818,20150819,20150820,20150821,20150822,20150827,20150829 
Number is 89 
G.3.3_index_3_VS_G.6.3_index_1 [30] PLUS 1 
20150715,20150717,20150718,20150727,20150728,20150729,20150730,20150731,20150801,20150802,20150803,20150806,20150808,20150813,20150817,20150819,20150820,20150825,20150827,20150828,20150830,20150831,20150901 
Number is 90 
G.4.1_index_4_VS_G.5.3_index_2 [31] PLUS 1 
20150716,20150719,20150720,20150721,20150727,20150728,20150729,20150730,20150731,20150801,20150802,20150803,20150805,20150807,20150812,20150815,20150822,20150824,20150825 
G.5.4_index_1_VS_G.3.4_index_3 [32] PLUS 1 
20150715,20150717,20150722,20150724,20150728,20150729,20150730,20150731,20150801,20150802,20150803,20150805,20150807,20150810,20150819,20150820,20150822,20150827,20150830,20150902 
Number is 92 
G.5.2_index_4_VS_G.5.2_index_3 [33] 
20150715,20150720,20150722,20150725,20150726,20150728,20150729,20150730,20150731,20150801,20150802,20150805,20150807,20150808,20150815,20150816,20150819,20150820,20150823,20150824,20150825,20150827 
Number is 99 
G.5.5_index_1_VS_G.2.1_index_3 [34] 
20150724,20150726,20150727,20150728,20150729,20150730,20150731,20150801,20150802,20150806,20150814,20150815,20150823,20150824,20150827,20150828,20150830,20150831,20150901 
