======== Current: 20150807 ========= 
Number is 00 
G.6.1_index_3_VS_G.1.1_index_3 [1] 
20150716,20150720,20150728,20150729,20150731,20150801,20150802,20150803,20150804,20150805,20150806,20150812,20150815,20150820,20150821,20150822,20150823,20150824,20150827 
Number is 05 
G.2.2_index_1_VS_G.5.4_index_3 [2] 
20150715,20150717,20150723,20150726,20150730,20150801,20150802,20150803,20150804,20150805,20150806,20150809,20150813,20150815,20150817,20150818,20150821,20150823,20150824,20150825,20150826,20150827,20150828,20150831,20150901,20150902 
G.3.3_index_3_VS_G.5.4_index_3 [3] 
20150717,20150718,20150720,20150723,20150724,20150725,20150727,20150728,20150729,20150731,20150801,20150802,20150803,20150804,20150805,20150806,20150811,20150815,20150816,20150818,20150823,20150828,20150902 
G.5.6_index_1_VS_G.2.2_index_3 [4] 
20150715,20150717,20150719,20150720,20150721,20150728,20150729,20150730,20150801,20150802,20150803,20150804,20150805,20150806,20150808,20150810,20150811,20150816,20150818,20150824,20150827,20150829,20150831 
Number is 06 
G.3.3_index_3_VS_G.4.3_index_3 [5] 
20150718,20150720,20150721,20150725,20150726,20150727,20150729,20150731,20150801,20150802,20150803,20150804,20150805,20150806,20150808,20150809,20150811,20150812,20150815,20150823,20150831 
Number is 09 
G.3.3_index_5_VS_G.5.3_index_4 [6] 
20150717,20150718,20150720,20150721,20150723,20150725,20150726,20150729,20150730,20150801,20150802,20150803,20150804,20150805,20150806,20150808,20150812,20150813,20150818,20150821,20150822,20150829,20150830,20150831 
Number is 10 
G.DB_index_2_VS_G.4.3_index_2 [7] PLUS 1 
20150718,20150721,20150724,20150727,20150730,20150801,20150802,20150803,20150804,20150805,20150806,20150807,20150809,20150812,20150814,20150815,20150816,20150825,20150828,20150902 
Number is 14 
G.2.1_index_1_VS_G.4.3_index_1 [8] 
20150715,20150716,20150719,20150720,20150721,20150724,20150725,20150726,20150727,20150729,20150730,20150801,20150802,20150803,20150804,20150805,20150806,20150810,20150811,20150812,20150814,20150816,20150817,20150819,20150825,20150828 
Number is 15 
G.6.3_index_2_VS_G.5.1_index_1 [9] 
20150716,20150718,20150722,20150723,20150725,20150726,20150727,20150730,20150801,20150802,20150803,20150804,20150805,20150806,20150809,20150812,20150814,20150818,20150821,20150823,20150824 
G.3.2_index_1_VS_G.5.4_index_4 [10] 
20150716,20150720,20150721,20150722,20150723,20150729,20150801,20150802,20150803,20150804,20150805,20150806,20150808,20150809,20150812,20150816,20150817,20150818,20150819,20150820,20150821,20150822,20150823,20150828,20150829,20150830,20150831,20150902 
G.3.2_index_1_VS_G.6.2_index_2 [11] 
20150715,20150720,20150721,20150723,20150801,20150802,20150803,20150804,20150805,20150806,20150811,20150812,20150813,20150814,20150815,20150817,20150818,20150826,20150827,20150901 
Number is 16 
G.3.4_index_2_VS_G.2.2_index_4 [12] PLUS 1 
20150720,20150721,20150722,20150725,20150727,20150730,20150731,20150801,20150802,20150803,20150804,20150805,20150806,20150807,20150808,20150815,20150828,20150829,20150831,20150901 
G.DB_index_2_VS_G.2.1_index_3 [13] PLUS 1 
20150716,20150718,20150723,20150724,20150725,20150729,20150801,20150802,20150803,20150804,20150805,20150806,20150807,20150808,20150812,20150814,20150817,20150818,20150819,20150821,20150822,20150823,20150825,20150826,20150827,20150828,20150830,20150831,20150902 
Number is 18 
G.2.1_index_1_VS_G.5.5_index_4 [14] PLUS 1 
20150718,20150727,20150731,20150801,20150802,20150803,20150804,20150805,20150806,20150807,20150809,20150811,20150812,20150813,20150820,20150823,20150825,20150827,20150829,20150831,20150901 
Number is 21 
G.3.6_index_3_VS_G.7.4_index_1 [15] 
20150720,20150721,20150723,20150725,20150727,20150729,20150730,20150801,20150802,20150803,20150804,20150805,20150806,20150808,20150809,20150810,20150811,20150812,20150815,20150816,20150817,20150819,20150822,20150824,20150825,20150826,20150828,20150829,20150901,20150902 
Number is 23 
G.7.4_index_2_VS_G.5.6_index_3 [16] PLUS 1 
20150716,20150719,20150721,20150723,20150726,20150801,20150802,20150803,20150804,20150805,20150806,20150807,20150810,20150815,20150816,20150818,20150819,20150825,20150827 
Number is 30 
G.3.5_index_1_VS_G.3.1_index_5 [17] 
20150715,20150716,20150719,20150720,20150721,20150724,20150731,20150801,20150802,20150803,20150804,20150805,20150806,20150808,20150810,20150811,20150814,20150815,20150819,20150822,20150824,20150825,20150828,20150829,20150831,20150902 
G.4.1_index_4_VS_G.1.1_index_3 [18] 
20150716,20150717,20150724,20150726,20150728,20150729,20150730,20150801,20150802,20150803,20150804,20150805,20150806,20150810,20150813,20150817,20150818,20150821,20150822,20150825,20150827 
Number is 32 
G.1.1_index_1_VS_G.5.6_index_2 [19] PLUS 1 
20150716,20150718,20150722,20150729,20150730,20150801,20150802,20150803,20150804,20150805,20150806,20150807,20150808,20150809,20150816,20150817,20150818,20150820,20150822,20150826,20150828,20150829,20150830,20150901 
Number is 33 
G.3.4_index_4_VS_G.1.1_index_1 [20] PLUS 1 
20150716,20150718,20150720,20150724,20150728,20150731,20150801,20150802,20150803,20150804,20150805,20150806,20150807,20150808,20150809,20150811,20150817,20150818,20150819,20150821,20150822,20150823,20150825,20150901 
Number is 39 
G.3.5_index_1_VS_G.5.3_index_4 [21] 
20150716,20150717,20150720,20150722,20150726,20150727,20150728,20150729,20150731,20150801,20150802,20150803,20150804,20150805,20150806,20150809,20150812,20150817,20150818,20150825,20150830,20150901 
Number is 41 
G.4.3_index_1_VS_G.DB_index_2 [22] 
20150716,20150723,20150724,20150729,20150730,20150731,20150801,20150802,20150803,20150804,20150805,20150806,20150808,20150809,20150811,20150812,20150813,20150814,20150815,20150816,20150817,20150820,20150825,20150826,20150827,20150829,20150901 
Number is 44 
G.5.3_index_3_VS_G.6.3_index_1 [23] 
20150716,20150717,20150718,20150719,20150720,20150721,20150723,20150724,20150726,20150727,20150728,20150730,20150801,20150802,20150803,20150804,20150805,20150806,20150808,20150810,20150811,20150813,20150814,20150819,20150822,20150824,20150825,20150827,20150828,20150829,20150830,20150831,20150901 
Number is 50 
G.5.1_index_1_VS_G.2.2_index_1 [24] 
20150717,20150718,20150721,20150724,20150726,20150727,20150730,20150801,20150802,20150803,20150804,20150805,20150806,20150809,20150812,20150815,20150816,20150817,20150818,20150821,20150822,20150823,20150824,20150826,20150827,20150829,20150831,20150901,20150902 
Number is 59 
G.2.2_index_5_VS_G.5.3_index_4 [25] 
20150715,20150716,20150717,20150721,20150727,20150728,20150729,20150801,20150802,20150803,20150804,20150805,20150806,20150808,20150812,20150814,20150820,20150821,20150822,20150823,20150827,20150829,20150830,20150901 
Number is 61 
G.3.1_index_1_VS_G.6.3_index_2 [26] PLUS 1 
20150716,20150722,20150729,20150801,20150802,20150803,20150804,20150805,20150806,20150807,20150808,20150809,20150811,20150812,20150815,20150818,20150821,20150823,20150826,20150828,20150830,20150901 
Number is 62 
G.2.1_index_3_VS_G.5.1_index_2 [27] 
20150715,20150721,20150722,20150726,20150727,20150728,20150729,20150801,20150802,20150803,20150804,20150805,20150806,20150812,20150817,20150818,20150819,20150820,20150822,20150823,20150824,20150825,20150827,20150831,20150901,20150902 
G.3.4_index_3_VS_G.2.2_index_2 [28] 
20150715,20150717,20150725,20150730,20150801,20150802,20150803,20150804,20150805,20150806,20150808,20150810,20150813,20150815,20150816,20150819,20150821,20150827,20150831,20150901 
Number is 63 
G.2.1_index_3_VS_G.7.1_index_2 [29] PLUS 1 
20150715,20150716,20150719,20150723,20150724,20150726,20150727,20150801,20150802,20150803,20150804,20150805,20150806,20150807,20150809,20150811,20150812,20150814,20150817,20150819,20150820,20150821,20150822,20150825,20150826,20150827,20150831,20150901,20150902 
Number is 64 
G.3.4_index_3_VS_G.4.3_index_1 [30] PLUS 1 
20150716,20150722,20150724,20150728,20150729,20150730,20150731,20150801,20150802,20150803,20150804,20150805,20150806,20150807,20150812,20150814,20150817,20150820,20150822,20150826,20150829,20150901 
G.6.1_index_2_VS_G.4.3_index_1 [31] PLUS 1 
20150715,20150716,20150727,20150728,20150731,20150801,20150802,20150803,20150804,20150805,20150806,20150807,20150810,20150811,20150812,20150816,20150817,20150822,20150823,20150825,20150826,20150828,20150829,20150830,20150831,20150902 
Number is 67 
G.3.4_index_3_VS_G.5.5_index_3 [32] 
20150719,20150722,20150723,20150724,20150725,20150801,20150802,20150803,20150804,20150805,20150806,20150808,20150809,20150810,20150813,20150815,20150816,20150818,20150819,20150820,20150821,20150825,20150826,20150827,20150902 
G.6.1_index_2_VS_G.7.2_index_1 [33] 
20150716,20150718,20150720,20150724,20150727,20150729,20150801,20150802,20150803,20150804,20150805,20150806,20150808,20150813,20150816,20150817,20150822,20150824,20150825,20150827,20150830 
Number is 70 
G.DB_index_3_VS_G.6.3_index_3 [34] PLUS 1 
20150715,20150720,20150731,20150801,20150802,20150803,20150804,20150805,20150806,20150807,20150808,20150813,20150814,20150815,20150817,20150822,20150827,20150828,20150830,20150901 
Number is 72 
G.7.3_index_2_VS_G.3.6_index_3 [35] PLUS 1 
20150716,20150720,20150724,20150725,20150727,20150730,20150731,20150801,20150802,20150803,20150804,20150805,20150806,20150807,20150808,20150810,20150811,20150813,20150814,20150816,20150818,20150819,20150825,20150826,20150828,20150830,20150902 
Number is 73 
G.DB_index_3_VS_G.5.2_index_4 [36] 
20150715,20150717,20150718,20150720,20150721,20150724,20150727,20150731,20150801,20150802,20150803,20150804,20150805,20150806,20150812,20150813,20150814,20150815,20150818,20150823,20150828 
Number is 75 
G.3.1_index_2_VS_G.5.1_index_1 [37] PLUS 1 
20150716,20150719,20150724,20150725,20150726,20150728,20150730,20150801,20150802,20150803,20150804,20150805,20150806,20150807,20150814,20150816,20150818,20150820,20150821,20150822,20150823,20150826,20150902 
Number is 81 
G.DB_index_4_VS_G.4.4_index_4 [38] PLUS 1 
20150715,20150716,20150717,20150720,20150723,20150725,20150726,20150728,20150731,20150801,20150802,20150803,20150804,20150805,20150806,20150807,20150810,20150811,20150812,20150813,20150816,20150817,20150819,20150820,20150822,20150827,20150828,20150830,20150831 
Number is 83 
G.2.1_index_5_VS_G.1.1_index_1 [39] PLUS 1 
20150715,20150717,20150721,20150723,20150724,20150726,20150727,20150730,20150801,20150802,20150803,20150804,20150805,20150806,20150807,20150809,20150814,20150817,20150818,20150821,20150827,20150830,20150901,20150902 
Number is 91 
G.5.3_index_4_VS_G.2.1_index_1 [40] 
20150720,20150721,20150726,20150729,20150730,20150731,20150801,20150802,20150803,20150804,20150805,20150806,20150810,20150813,20150815,20150816,20150820,20150822,20150826,20150829,20150830 
Number is 92 
G.5.3_index_4_VS_G.2.2_index_2 [41] PLUS 1 
20150715,20150716,20150717,20150719,20150722,20150727,20150729,20150801,20150802,20150803,20150804,20150805,20150806,20150807,20150810,20150820,20150821,20150822,20150823,20150826,20150830 
Number is 96 
G.5.3_index_1_VS_G.2.1_index_3 [42] 
20150716,20150719,20150721,20150722,20150724,20150727,20150731,20150801,20150802,20150803,20150804,20150805,20150806,20150808,20150809,20150810,20150811,20150812,20150814,20150815,20150818,20150821,20150822,20150823,20150901 
