======== Current: 20150809 ========= 
Number is 09 
G.6.2_index_1_VS_G.7.3_index_1 [1] PLUS 1 
20150716,20150717,20150718,20150720,20150722,20150723,20150725,20150731,20150803,20150804,20150805,20150806,20150807,20150808,20150809,20150811,20150812,20150813,20150814,20150816,20150818,20150823,20150826,20150827,20150828,20150830,20150902 
Number is 18 
G.5.3_index_3_VS_G.6.1_index_2 [2] 
20150716,20150718,20150719,20150720,20150725,20150727,20150729,20150801,20150803,20150804,20150805,20150806,20150807,20150808,20150810,20150813,20150815,20150816,20150818,20150822,20150823,20150825,20150827,20150828,20150830,20150831,20150902 
Number is 21 
G.3.3_index_4_VS_G.3.1_index_4 [3] PLUS 1 
20150716,20150718,20150719,20150720,20150722,20150724,20150725,20150726,20150729,20150730,20150803,20150804,20150805,20150806,20150807,20150808,20150809,20150811,20150813,20150814,20150816,20150818,20150819,20150820,20150821,20150827,20150828 
G.3.1_index_1_VS_G.5.3_index_3 [4] PLUS 1 
20150718,20150720,20150721,20150722,20150723,20150724,20150726,20150730,20150803,20150804,20150805,20150806,20150807,20150808,20150809,20150811,20150816,20150818,20150820,20150821,20150822,20150823,20150825 
Number is 27 
G.3.1_index_1_VS_G.6.3_index_2 [5] PLUS 1 
20150716,20150722,20150729,20150801,20150802,20150803,20150804,20150805,20150806,20150807,20150808,20150809,20150811,20150812,20150815,20150818,20150821,20150823,20150826,20150828,20150830,20150901 
G.5.1_index_1_VS_G.3.6_index_2 [6] PLUS 1 
20150715,20150716,20150719,20150720,20150725,20150726,20150728,20150730,20150731,20150803,20150804,20150805,20150806,20150807,20150808,20150809,20150811,20150813,20150814,20150817,20150818,20150823,20150827,20150830,20150831 
Number is 28 
G.6.2_index_3_VS_G.4.2_index_2 [7] 
20150716,20150721,20150722,20150727,20150730,20150803,20150804,20150805,20150806,20150807,20150808,20150811,20150814,20150816,20150818,20150821,20150824,20150901 
Number is 33 
G.7.1_index_1_VS_G.DB_index_4 [8] 
20150717,20150720,20150723,20150725,20150730,20150731,20150801,20150803,20150804,20150805,20150806,20150807,20150808,20150812,20150813,20150814,20150819,20150826,20150831 
Number is 39 
G.7.1_index_1_VS_G.4.3_index_1 [9] 
20150717,20150719,20150722,20150723,20150725,20150726,20150729,20150730,20150731,20150802,20150803,20150804,20150805,20150806,20150807,20150808,20150810,20150812,20150814,20150815,20150817,20150822,20150825,20150826,20150827,20150829,20150830,20150831 
Number is 44 
G.5.5_index_2_VS_G.6.1_index_1 [10] 
20150715,20150720,20150725,20150729,20150730,20150801,20150803,20150804,20150805,20150806,20150807,20150808,20150811,20150812,20150813,20150815,20150820,20150822,20150826,20150831 
Number is 46 
G.3.6_index_5_VS_G.7.3_index_2 [11] 
20150715,20150716,20150717,20150721,20150725,20150726,20150727,20150729,20150730,20150803,20150804,20150805,20150806,20150807,20150808,20150810,20150811,20150814,20150820,20150821,20150822,20150824,20150826,20150828,20150829 
Number is 50 
G.DB_index_3_VS_G.6.3_index_3 [12] 
20150715,20150720,20150731,20150801,20150802,20150803,20150804,20150805,20150806,20150807,20150808,20150813,20150814,20150815,20150817,20150822,20150827,20150828,20150830,20150901 
Number is 59 
G.2.2_index_5_VS_G.2.2_index_2 [13] PLUS 1 
20150720,20150724,20150725,20150726,20150801,20150803,20150804,20150805,20150806,20150807,20150808,20150809,20150810,20150811,20150812,20150817,20150818,20150820,20150822,20150823,20150827,20150829,20150830 
Number is 62 
G.7.3_index_2_VS_G.3.6_index_3 [14] 
20150716,20150720,20150724,20150725,20150727,20150730,20150731,20150801,20150802,20150803,20150804,20150805,20150806,20150807,20150808,20150810,20150811,20150813,20150814,20150816,20150818,20150819,20150825,20150826,20150828,20150830,20150902 
Number is 68 
G.4.1_index_1_VS_G.5.6_index_2 [15] 
20150715,20150716,20150717,20150719,20150721,20150725,20150726,20150727,20150729,20150802,20150803,20150804,20150805,20150806,20150807,20150808,20150811,20150812,20150815,20150822,20150827,20150830,20150901 
G.1.1_index_2_VS_G.4.3_index_4 [16] 
20150716,20150717,20150718,20150721,20150722,20150725,20150727,20150729,20150731,20150802,20150803,20150804,20150805,20150806,20150807,20150808,20150810,20150811,20150816,20150817,20150819,20150820,20150822,20150823,20150826,20150828,20150830,20150831 
Number is 70 
G.3.6_index_2_VS_G.6.2_index_1 [17] PLUS 1 
20150719,20150720,20150723,20150724,20150725,20150729,20150731,20150802,20150803,20150804,20150805,20150806,20150807,20150808,20150809,20150810,20150818,20150819,20150820,20150822,20150826,20150830,20150902 
Number is 72 
G.3.2_index_1_VS_G.6.2_index_3 [18] PLUS 1 
20150716,20150718,20150721,20150723,20150724,20150725,20150726,20150727,20150801,20150803,20150804,20150805,20150806,20150807,20150808,20150809,20150812,20150814,20150817,20150818,20150820,20150822,20150826,20150827,20150828,20150829,20150831 
Number is 73 
G.DB_index_2_VS_G.2.1_index_3 [19] 
20150716,20150718,20150723,20150724,20150725,20150729,20150801,20150802,20150803,20150804,20150805,20150806,20150807,20150808,20150812,20150814,20150817,20150818,20150819,20150821,20150822,20150823,20150825,20150826,20150827,20150828,20150830,20150831,20150902 
Number is 86 
G.7.4_index_2_VS_G.7.3_index_2 [20] 
20150717,20150721,20150722,20150724,20150727,20150728,20150731,20150801,20150803,20150804,20150805,20150806,20150807,20150808,20150810,20150811,20150820,20150821,20150826,20150827,20150829 
Number is 88 
G.1.1_index_1_VS_G.1.1_index_1 [21] PLUS 1 
20150731,20150802,20150803,20150804,20150805,20150806,20150807,20150808,20150809,20150810,20150817,20150819,20150826,20150828,20150830 
G.1.1_index_1_VS_G.5.6_index_2 [22] PLUS 1 
20150716,20150718,20150722,20150729,20150730,20150801,20150802,20150803,20150804,20150805,20150806,20150807,20150808,20150809,20150816,20150817,20150818,20150820,20150822,20150826,20150828,20150829,20150830,20150901 
G.3.4_index_4_VS_G.1.1_index_1 [23] PLUS 1 
20150716,20150718,20150720,20150724,20150728,20150731,20150801,20150802,20150803,20150804,20150805,20150806,20150807,20150808,20150809,20150811,20150817,20150818,20150819,20150821,20150822,20150823,20150825,20150901 
Number is 92 
G.3.4_index_2_VS_G.2.2_index_4 [24] 
20150720,20150721,20150722,20150725,20150727,20150730,20150731,20150801,20150802,20150803,20150804,20150805,20150806,20150807,20150808,20150815,20150828,20150829,20150831,20150901 
Number is 94 
G.6.1_index_3_VS_G.2.1_index_1 [25] 
20150716,20150721,20150722,20150802,20150803,20150804,20150805,20150806,20150807,20150808,20150812,20150813,20150819,20150821,20150825,20150829,20150901 
