======== Current: 20150810 ========= 
Number is 01 
G.6.3_index_2_VS_G.5.3_index_2 [1] 
20150718,20150721,20150724,20150727,20150728,20150731,20150804,20150805,20150806,20150807,20150808,20150809,20150812,20150818,20150821,20150822 
Number is 02 
G.6.3_index_2_VS_G.6.2_index_1 [2] PLUS 1 
20150715,20150718,20150723,20150724,20150726,20150727,20150801,20150804,20150805,20150806,20150807,20150808,20150809,20150810,20150811,20150812,20150813,20150818,20150820,20150821,20150827,20150828 
Number is 07 
G.4.4_index_2_VS_G.5.6_index_2 [3] PLUS 1 
20150716,20150718,20150723,20150725,20150728,20150729,20150731,20150804,20150805,20150806,20150807,20150808,20150809,20150810,20150815,20150816,20150819,20150820,20150822,20150825,20150826,20150829,20150830 
Number is 12 
G.5.1_index_3_VS_G.2.1_index_5 [4] PLUS 1 
20150715,20150716,20150721,20150731,20150804,20150805,20150806,20150807,20150808,20150809,20150810,20150812,20150815,20150817,20150818,20150826 
G.5.1_index_2_VS_G.3.6_index_2 [5] PLUS 1 
20150717,20150719,20150720,20150722,20150725,20150727,20150728,20150729,20150801,20150804,20150805,20150806,20150807,20150808,20150809,20150810,20150814,20150815,20150817,20150818,20150823,20150825,20150827,20150901,20150902 
Number is 13 
G.2.2_index_5_VS_G.7.3_index_2 [6] 
20150715,20150716,20150717,20150719,20150721,20150725,20150727,20150729,20150731,20150801,20150804,20150805,20150806,20150807,20150808,20150809,20150813,20150814,20150816,20150817,20150820,20150821,20150823,20150826,20150828,20150902 
Number is 15 
G.2.2_index_5_VS_G.7.3_index_1 [7] 
20150715,20150718,20150720,20150723,20150725,20150804,20150805,20150806,20150807,20150808,20150809,20150812,20150814,20150815,20150816,20150819,20150821,20150822,20150823,20150826,20150829,20150830 
Number is 17 
G.2.2_index_5_VS_G.3.4_index_5 [8] PLUS 1 
20150715,20150716,20150717,20150718,20150720,20150722,20150725,20150726,20150729,20150801,20150804,20150805,20150806,20150807,20150808,20150809,20150810,20150811,20150815,20150816,20150818,20150821,20150822,20150825,20150826,20150829,20150831,20150901,20150902 
G.2.2_index_5_VS_G.2.2_index_2 [9] PLUS 1 
20150720,20150724,20150725,20150726,20150801,20150803,20150804,20150805,20150806,20150807,20150808,20150809,20150810,20150811,20150812,20150817,20150818,20150820,20150822,20150823,20150827,20150829,20150830 
Number is 22 
G.3.5_index_1_VS_G.3.5_index_1 [10] PLUS 1 
20150720,20150726,20150727,20150802,20150804,20150805,20150806,20150807,20150808,20150809,20150810,20150813,20150816,20150817,20150824,20150826,20150830,20150901 
G.3.6_index_2_VS_G.6.2_index_1 [11] PLUS 1 
20150719,20150720,20150723,20150724,20150725,20150729,20150731,20150802,20150803,20150804,20150805,20150806,20150807,20150808,20150809,20150810,20150818,20150819,20150820,20150822,20150826,20150830,20150902 
Number is 25 
G.6.2_index_1_VS_G.7.3_index_1 [12] 
20150716,20150717,20150718,20150720,20150722,20150723,20150725,20150731,20150803,20150804,20150805,20150806,20150807,20150808,20150809,20150811,20150812,20150813,20150814,20150816,20150818,20150823,20150826,20150827,20150828,20150830,20150902 
Number is 32 
G.5.1_index_1_VS_G.3.6_index_2 [13] 
20150715,20150716,20150719,20150720,20150725,20150726,20150728,20150730,20150731,20150803,20150804,20150805,20150806,20150807,20150808,20150809,20150811,20150813,20150814,20150817,20150818,20150823,20150827,20150830,20150831 
Number is 47 
G.5.5_index_3_VS_G.2.2_index_2 [14] 
20150716,20150718,20150721,20150722,20150725,20150801,20150802,20150804,20150805,20150806,20150807,20150808,20150809,20150811,20150813,20150818,20150821,20150824,20150825,20150827,20150828,20150830,20150901 
Number is 52 
G.3.1_index_3_VS_G.2.1_index_5 [15] 
20150715,20150718,20150721,20150722,20150731,20150802,20150804,20150805,20150806,20150807,20150808,20150809,20150811,20150812,20150818,20150820,20150821,20150828,20150830,20150831 
Number is 60 
G.3.1_index_1_VS_G.6.3_index_2 [16] 
20150716,20150722,20150729,20150801,20150802,20150803,20150804,20150805,20150806,20150807,20150808,20150809,20150811,20150812,20150815,20150818,20150821,20150823,20150826,20150828,20150830,20150901 
Number is 62 
G.3.3_index_4_VS_G.3.1_index_4 [17] 
20150716,20150718,20150719,20150720,20150722,20150724,20150725,20150726,20150729,20150730,20150803,20150804,20150805,20150806,20150807,20150808,20150809,20150811,20150813,20150814,20150816,20150818,20150819,20150820,20150821,20150827,20150828 
Number is 63 
G.3.1_index_1_VS_G.5.3_index_3 [18] 
20150718,20150720,20150721,20150722,20150723,20150724,20150726,20150730,20150803,20150804,20150805,20150806,20150807,20150808,20150809,20150811,20150816,20150818,20150820,20150821,20150822,20150823,20150825 
Number is 66 
G.1.1_index_1_VS_G.1.1_index_1 [19] PLUS 1 
20150731,20150802,20150803,20150804,20150805,20150806,20150807,20150808,20150809,20150810,20150817,20150819,20150826,20150828,20150830 
Number is 67 
G.1.1_index_1_VS_G.5.6_index_2 [20] 
20150716,20150718,20150722,20150729,20150730,20150801,20150802,20150803,20150804,20150805,20150806,20150807,20150808,20150809,20150816,20150817,20150818,20150820,20150822,20150826,20150828,20150829,20150830,20150901 
Number is 68 
G.3.2_index_4_VS_G.3.2_index_1 [21] PLUS 1 
20150715,20150718,20150720,20150721,20150722,20150727,20150728,20150729,20150730,20150804,20150805,20150806,20150807,20150808,20150809,20150810,20150815,20150816,20150817,20150821,20150827 
Number is 76 
G.6.1_index_2_VS_G.1.1_index_1 [22] 
20150715,20150716,20150718,20150719,20150721,20150725,20150729,20150802,20150804,20150805,20150806,20150807,20150808,20150809,20150812,20150813,20150814,20150815,20150821,20150822,20150823,20150825,20150826,20150827,20150828,20150829,20150830,20150901 
Number is 79 
G.5.6_index_2_VS_G.3.4_index_4 [23] PLUS 1 
20150715,20150717,20150719,20150720,20150725,20150728,20150729,20150804,20150805,20150806,20150807,20150808,20150809,20150810,20150812,20150816,20150818,20150819,20150822,20150824,20150825,20150826,20150828,20150829,20150901 
Number is 88 
G.3.2_index_1_VS_G.6.2_index_3 [24] 
20150716,20150718,20150721,20150723,20150724,20150725,20150726,20150727,20150801,20150803,20150804,20150805,20150806,20150807,20150808,20150809,20150812,20150814,20150817,20150818,20150820,20150822,20150826,20150827,20150828,20150829,20150831 
G.6.2_index_3_VS_G.1.1_index_4 [25] 
20150716,20150721,20150722,20150723,20150725,20150730,20150731,20150801,20150802,20150804,20150805,20150806,20150807,20150808,20150809,20150811,20150814,20150818,20150819,20150820,20150823,20150827,20150828,20150829,20150902 
Number is 91 
G.3.4_index_4_VS_G.5.1_index_3 [26] 
20150717,20150718,20150722,20150727,20150730,20150731,20150801,20150804,20150805,20150806,20150807,20150808,20150809,20150813,20150815,20150816,20150817,20150821,20150822,20150823,20150825,20150828,20150902 
Number is 96 
G.3.4_index_4_VS_G.1.1_index_1 [27] 
20150716,20150718,20150720,20150724,20150728,20150731,20150801,20150802,20150803,20150804,20150805,20150806,20150807,20150808,20150809,20150811,20150817,20150818,20150819,20150821,20150822,20150823,20150825,20150901 
