======== Current: 20150814 ========= 
Number is 04 
G.3.3_index_2_VS_G.3.1_index_4 [1] 
20150715,20150721,20150722,20150723,20150724,20150728,20150729,20150730,20150804,20150808,20150809,20150810,20150811,20150812,20150813,20150817,20150818,20150824,20150825,20150826,20150828 
Number is 07 
G.3.3_index_2_VS_G.5.6_index_1 [2] PLUS 1 
20150722,20150724,20150725,20150727,20150728,20150729,20150806,20150808,20150809,20150810,20150811,20150812,20150813,20150814,20150816,20150819,20150823,20150825,20150826,20150827,20150829,20150830,20150831,20150901,20150902 
Number is 14 
G.3.6_index_3_VS_G.5.4_index_1 [3] 
20150715,20150719,20150721,20150724,20150725,20150729,20150730,20150731,20150801,20150802,20150804,20150806,20150807,20150808,20150809,20150810,20150811,20150812,20150813,20150815,20150820,20150825,20150830,20150902 
Number is 18 
G.3.2_index_5_VS_G.DB_index_3 [4] 
20150715,20150721,20150725,20150726,20150727,20150728,20150730,20150801,20150802,20150803,20150804,20150806,20150808,20150809,20150810,20150811,20150812,20150813,20150815,20150816,20150817,20150819,20150822,20150823,20150824,20150825,20150828,20150829,20150901 
Number is 19 
G.5.5_index_3_VS_G.3.4_index_1 [5] PLUS 1 
20150715,20150716,20150717,20150719,20150721,20150722,20150723,20150724,20150725,20150727,20150728,20150731,20150804,20150806,20150808,20150809,20150810,20150811,20150812,20150813,20150814,20150816,20150821,20150823,20150824,20150825,20150826,20150827,20150828,20150830,20150902 
Number is 24 
G.5.3_index_3_VS_G.5.2_index_1 [6] 
20150715,20150717,20150718,20150720,20150721,20150722,20150724,20150726,20150727,20150804,20150805,20150806,20150808,20150809,20150810,20150811,20150812,20150813,20150821,20150822,20150823,20150824,20150826,20150830,20150831 
Number is 26 
G.5.2_index_4_VS_G.3.2_index_3 [7] PLUS 1 
20150721,20150728,20150730,20150801,20150806,20150808,20150809,20150810,20150811,20150812,20150813,20150814,20150815,20150819,20150822,20150826,20150827,20150830 
Number is 41 
G.6.3_index_2_VS_G.6.2_index_1 [8] 
20150715,20150718,20150723,20150724,20150726,20150727,20150801,20150804,20150805,20150806,20150807,20150808,20150809,20150810,20150811,20150812,20150813,20150818,20150820,20150821,20150827,20150828 
G.3.3_index_3_VS_G.1.1_index_1 [9] 
20150715,20150716,20150717,20150720,20150726,20150727,20150729,20150730,20150731,20150802,20150805,20150806,20150808,20150809,20150810,20150811,20150812,20150813,20150816,20150820,20150827,20150829 
Number is 48 
G.5.1_index_1_VS_G.3.3_index_5 [10] PLUS 1 
20150719,20150722,20150724,20150728,20150802,20150805,20150808,20150809,20150810,20150811,20150812,20150813,20150814,20150815,20150819,20150820,20150822,20150823,20150829,20150901 
G.5.2_index_1_VS_G.2.1_index_1 [11] PLUS 1 
20150715,20150718,20150720,20150721,20150724,20150725,20150726,20150731,20150804,20150807,20150808,20150809,20150810,20150811,20150812,20150813,20150814,20150816,20150817,20150819,20150821,20150822,20150823,20150825,20150827,20150829,20150830 
Number is 49 
G.7.4_index_2_VS_G.5.2_index_2 [12] PLUS 1 
20150715,20150716,20150717,20150718,20150721,20150723,20150724,20150726,20150801,20150805,20150808,20150809,20150810,20150811,20150812,20150813,20150814,20150816,20150817,20150818,20150819,20150821 
Number is 58 
G.3.2_index_1_VS_G.2.1_index_1 [13] 
20150715,20150716,20150717,20150721,20150723,20150726,20150727,20150731,20150801,20150805,20150806,20150807,20150808,20150809,20150810,20150811,20150812,20150813,20150815,20150817,20150819,20150821,20150824,20150825,20150830,20150901 
Number is 62 
G.1.1_index_2_VS_G.DB_index_1 [14] PLUS 1 
20150720,20150722,20150724,20150727,20150801,20150802,20150805,20150806,20150808,20150809,20150810,20150811,20150812,20150813,20150814,20150816,20150817,20150820,20150822,20150823,20150824,20150826,20150828,20150831,20150901 
Number is 64 
G.3.2_index_3_VS_G.3.1_index_2 [15] 
20150716,20150720,20150721,20150722,20150727,20150728,20150730,20150805,20150806,20150807,20150808,20150809,20150810,20150811,20150812,20150813,20150816,20150819,20150821,20150822,20150823,20150824 
Number is 74 
G.7.2_index_1_VS_G.5.2_index_1 [16] PLUS 1 
20150715,20150716,20150717,20150718,20150726,20150728,20150801,20150802,20150803,20150804,20150805,20150808,20150809,20150810,20150811,20150812,20150813,20150814,20150815,20150816,20150822,20150826,20150830 
Number is 76 
G.7.2_index_1_VS_G.3.5_index_4 [17] 
20150716,20150717,20150718,20150719,20150723,20150727,20150728,20150731,20150801,20150804,20150808,20150809,20150810,20150811,20150812,20150813,20150815,20150817,20150819,20150820,20150822,20150824,20150827,20150828,20150831,20150901,20150902 
Number is 80 
G.7.4_index_1_VS_G.5.5_index_4 [18] 
20150716,20150725,20150726,20150729,20150801,20150802,20150805,20150806,20150807,20150808,20150809,20150810,20150811,20150812,20150813,20150816,20150818,20150820,20150824,20150825,20150826,20150827,20150828 
Number is 82 
G.3.3_index_5_VS_G.DB_index_1 [19] PLUS 1 
20150716,20150721,20150722,20150727,20150730,20150808,20150809,20150810,20150811,20150812,20150813,20150814,20150815,20150816,20150822,20150827,20150830,20150831,20150902 
Number is 86 
G.7.4_index_1_VS_G.3.2_index_3 [20] 
20150716,20150718,20150720,20150721,20150724,20150726,20150729,20150731,20150802,20150803,20150805,20150806,20150808,20150809,20150810,20150811,20150812,20150813,20150815,20150817,20150820,20150822,20150828,20150901 
Number is 88 
G.3.4_index_4_VS_G.2.1_index_1 [21] 
20150716,20150718,20150721,20150724,20150725,20150726,20150728,20150730,20150801,20150802,20150804,20150805,20150807,20150808,20150809,20150810,20150811,20150812,20150813,20150815,20150817,20150818,20150819,20150821,20150822,20150823,20150825,20150826,20150828,20150830,20150901 
Number is 89 
G.DB_index_3_VS_G.2.1_index_4 [22] PLUS 1 
20150716,20150717,20150721,20150727,20150728,20150731,20150802,20150803,20150806,20150808,20150809,20150810,20150811,20150812,20150813,20150814,20150815,20150816,20150820,20150825,20150826,20150902 
Number is 90 
G.4.1_index_2_VS_G.4.3_index_2 [23] PLUS 1 
20150718,20150722,20150724,20150725,20150726,20150727,20150729,20150731,20150801,20150806,20150807,20150808,20150809,20150810,20150811,20150812,20150813,20150814,20150816,20150817,20150819,20150825,20150826,20150828,20150830,20150831 
Number is 91 
G.5.2_index_2_VS_G.5.3_index_1 [24] PLUS 1 
20150715,20150717,20150721,20150723,20150727,20150728,20150729,20150731,20150801,20150802,20150807,20150808,20150809,20150810,20150811,20150812,20150813,20150814,20150816,20150817,20150818,20150819,20150820,20150821,20150823,20150825,20150827,20150828,20150829,20150830,20150901 
Number is 94 
G.3.6_index_5_VS_G.7.4_index_2 [25] PLUS 1 
20150717,20150723,20150724,20150729,20150730,20150802,20150803,20150804,20150807,20150808,20150809,20150810,20150811,20150812,20150813,20150814,20150819,20150820,20150821,20150823,20150824,20150825,20150826,20150828,20150901 
Number is 96 
G.7.1_index_1_VS_G.4.4_index_2 [26] 
20150716,20150717,20150718,20150719,20150720,20150722,20150723,20150724,20150729,20150730,20150731,20150803,20150804,20150806,20150807,20150808,20150809,20150810,20150811,20150812,20150813,20150815,20150817,20150818,20150820,20150821,20150826,20150830,20150831,20150902 
Number is 99 
G.2.1_index_4_VS_G.3.4_index_1 [27] 
20150716,20150717,20150718,20150721,20150727,20150731,20150801,20150802,20150803,20150808,20150809,20150810,20150811,20150812,20150813,20150815,20150816,20150818,20150820,20150822,20150827,20150828,20150830,20150831,20150901 
