======== Current: 20150817 ========= 
Number is 02 
G.2.1_index_2_VS_G.5.6_index_4 [1] 
20150715,20150716,20150717,20150722,20150723,20150724,20150728,20150729,20150730,20150731,20150801,20150805,20150807,20150810,20150811,20150812,20150813,20150814,20150815,20150816,20150819,20150821,20150822,20150823,20150824,20150826,20150827,20150828,20150831,20150901,20150902 
Number is 04 
G.3.5_index_3_VS_G.4.3_index_1 [2] 
20150718,20150721,20150725,20150726,20150727,20150730,20150801,20150803,20150806,20150811,20150812,20150813,20150814,20150815,20150816,20150818,20150820,20150821,20150822,20150828,20150829,20150901 
Number is 05 
G.3.6_index_4_VS_G.2.2_index_1 [3] PLUS 1 
20150717,20150718,20150722,20150727,20150728,20150730,20150806,20150809,20150810,20150811,20150812,20150813,20150814,20150815,20150816,20150817,20150818,20150821,20150822,20150825,20150830,20150902 
Number is 12 
G.7.1_index_1_VS_G.5.6_index_4 [4] PLUS 1 
20150717,20150718,20150721,20150723,20150724,20150727,20150729,20150730,20150801,20150803,20150805,20150806,20150811,20150812,20150813,20150814,20150815,20150816,20150817,20150818,20150819,20150821,20150823,20150824,20150826,20150827,20150831,20150901,20150902 
Number is 16 
G.DB_index_5_VS_G.5.4_index_2 [5] PLUS 1 
20150721,20150723,20150725,20150727,20150730,20150801,20150806,20150808,20150811,20150812,20150813,20150814,20150815,20150816,20150817,20150823,20150827,20150831 
Number is 24 
G.5.5_index_3_VS_G.4.2_index_3 [6] PLUS 1 
20150715,20150717,20150719,20150720,20150721,20150724,20150725,20150730,20150731,20150801,20150803,20150804,20150807,20150811,20150812,20150813,20150814,20150815,20150816,20150817,20150820,20150822,20150825,20150827,20150828,20150830,20150901,20150902 
Number is 26 
G.5.1_index_2_VS_G.4.2_index_4 [7] 
20150717,20150722,20150723,20150727,20150729,20150731,20150801,20150805,20150806,20150807,20150811,20150812,20150813,20150814,20150815,20150816,20150818,20150820,20150826 
Number is 28 
G.3.6_index_1_VS_G.3.4_index_3 [8] 
20150717,20150721,20150724,20150728,20150730,20150802,20150804,20150806,20150808,20150809,20150811,20150812,20150813,20150814,20150815,20150816,20150819,20150821,20150824,20150827,20150829 
Number is 31 
G.1.1_index_3_VS_G.7.1_index_1 [9] 
20150716,20150717,20150719,20150720,20150721,20150723,20150725,20150726,20150727,20150729,20150801,20150802,20150804,20150805,20150806,20150809,20150811,20150812,20150813,20150814,20150815,20150816,20150819,20150820,20150821,20150824,20150826,20150828,20150830 
Number is 33 
G.3.3_index_5_VS_G.4.1_index_2 [10] 
20150715,20150718,20150723,20150724,20150726,20150727,20150729,20150730,20150802,20150807,20150811,20150812,20150813,20150814,20150815,20150816,20150818,20150819,20150822,20150823,20150824,20150825 
Number is 34 
G.5.4_index_3_VS_G.6.2_index_1 [11] 
20150715,20150717,20150720,20150721,20150724,20150725,20150728,20150802,20150808,20150810,20150811,20150812,20150813,20150814,20150815,20150816,20150818,20150823,20150826,20150828,20150902 
Number is 36 
G.3.3_index_5_VS_G.DB_index_1 [12] 
20150716,20150721,20150722,20150727,20150730,20150808,20150809,20150810,20150811,20150812,20150813,20150814,20150815,20150816,20150822,20150827,20150830,20150831,20150902 
G.3.3_index_5_VS_G.5.4_index_2 [13] 
20150719,20150721,20150723,20150727,20150730,20150802,20150803,20150807,20150810,20150811,20150812,20150813,20150814,20150815,20150816,20150819,20150820,20150822,20150826,20150830,20150831 
Number is 38 
G.5.4_index_3_VS_G.5.4_index_4 [14] 
20150716,20150717,20150720,20150721,20150722,20150725,20150726,20150728,20150801,20150806,20150811,20150812,20150813,20150814,20150815,20150816,20150821,20150824,20150826,20150827,20150901 
Number is 43 
G.3.4_index_4_VS_G.5.4_index_1 [15] 
20150715,20150717,20150719,20150720,20150722,20150724,20150725,20150728,20150730,20150801,20150807,20150809,20150810,20150811,20150812,20150813,20150814,20150815,20150816,20150821,20150822,20150825,20150827,20150828,20150902 
Number is 44 
G.4.3_index_1_VS_G.4.1_index_3 [16] 
20150720,20150721,20150722,20150725,20150726,20150727,20150730,20150731,20150805,20150806,20150808,20150809,20150811,20150812,20150813,20150814,20150815,20150816,20150819,20150821,20150822,20150826,20150827,20150828,20150829,20150830 
Number is 45 
G.3.5_index_4_VS_G.2.2_index_1 [17] 
20150719,20150720,20150723,20150725,20150728,20150801,20150804,20150806,20150811,20150812,20150813,20150814,20150815,20150816,20150820,20150821,20150825,20150831,20150902 
G.4.3_index_1_VS_G.7.4_index_1 [18] 
20150715,20150720,20150721,20150722,20150725,20150729,20150730,20150801,20150802,20150805,20150806,20150809,20150811,20150812,20150813,20150814,20150815,20150816,20150826,20150827,20150828,20150829,20150831,20150902 
Number is 47 
G.2.1_index_3_VS_G.2.2_index_5 [19] 
20150717,20150725,20150726,20150727,20150729,20150802,20150803,20150804,20150806,20150808,20150809,20150811,20150812,20150813,20150814,20150815,20150816,20150818,20150820,20150822,20150823,20150825,20150826,20150827,20150829,20150902 
Number is 48 
G.4.3_index_1_VS_G.DB_index_2 [20] PLUS 1 
20150716,20150723,20150724,20150729,20150730,20150731,20150801,20150802,20150803,20150804,20150805,20150806,20150808,20150809,20150811,20150812,20150813,20150814,20150815,20150816,20150817,20150820,20150825,20150826,20150827,20150829,20150901 
Number is 51 
G.3.2_index_1_VS_G.7.1_index_1 [21] 
20150715,20150717,20150718,20150720,20150722,20150723,20150724,20150725,20150728,20150729,20150730,20150801,20150806,20150807,20150808,20150811,20150812,20150813,20150814,20150815,20150816,20150820,20150821,20150822,20150823,20150901 
Number is 54 
G.3.4_index_1_VS_G.1.1_index_4 [22] 
20150716,20150717,20150721,20150723,20150725,20150728,20150731,20150801,20150808,20150809,20150811,20150812,20150813,20150814,20150815,20150816,20150819,20150822,20150824,20150825,20150826,20150828,20150901 
Number is 55 
G.3.4_index_1_VS_G.3.1_index_4 [23] PLUS 1 
20150716,20150717,20150718,20150719,20150723,20150724,20150725,20150730,20150801,20150804,20150805,20150806,20150808,20150811,20150812,20150813,20150814,20150815,20150816,20150817,20150818,20150822,20150824,20150825,20150831 
Number is 56 
G.3.1_index_4_VS_G.DB_index_3 [24] PLUS 1 
20150715,20150716,20150717,20150724,20150725,20150728,20150731,20150805,20150808,20150809,20150811,20150812,20150813,20150814,20150815,20150816,20150817,20150819,20150824,20150826,20150828,20150830,20150901 
Number is 58 
G.4.4_index_1_VS_G.3.4_index_3 [25] PLUS 1 
20150715,20150716,20150717,20150718,20150720,20150723,20150724,20150730,20150801,20150802,20150806,20150808,20150811,20150812,20150813,20150814,20150815,20150816,20150817,20150819,20150820,20150822,20150826,20150829,20150901 
G.7.4_index_1_VS_G.6.1_index_1 [26] PLUS 1 
20150715,20150716,20150718,20150721,20150723,20150726,20150728,20150729,20150730,20150802,20150807,20150808,20150809,20150811,20150812,20150813,20150814,20150815,20150816,20150817,20150820,20150822,20150824,20150901 
G.2.2_index_3_VS_G.6.1_index_1 [27] PLUS 1 
20150715,20150719,20150721,20150724,20150728,20150801,20150802,20150804,20150806,20150811,20150812,20150813,20150814,20150815,20150816,20150817,20150818,20150821,20150822,20150901 
Number is 65 
G.4.2_index_4_VS_G.3.3_index_2 [28] PLUS 1 
20150717,20150718,20150719,20150720,20150723,20150725,20150726,20150728,20150729,20150730,20150731,20150805,20150811,20150812,20150813,20150814,20150815,20150816,20150817,20150819,20150826,20150827,20150829,20150830 
G.2.1_index_1_VS_G.2.2_index_3 [29] PLUS 1 
20150720,20150721,20150725,20150726,20150727,20150730,20150731,20150801,20150802,20150804,20150808,20150810,20150811,20150812,20150813,20150814,20150815,20150816,20150817,20150819,20150820,20150821,20150825,20150901 
Number is 67 
G.DB_index_1_VS_G.2.2_index_5 [30] 
20150715,20150717,20150718,20150719,20150720,20150721,20150722,20150723,20150725,20150726,20150728,20150729,20150731,20150801,20150803,20150808,20150811,20150812,20150813,20150814,20150815,20150816,20150820,20150822,20150828,20150830,20150902 
G.DB_index_3_VS_G.2.1_index_4 [31] 
20150716,20150717,20150721,20150727,20150728,20150731,20150802,20150803,20150806,20150808,20150809,20150810,20150811,20150812,20150813,20150814,20150815,20150816,20150820,20150825,20150826,20150902 
Number is 68 
G.DB_index_3_VS_G.3.1_index_3 [32] PLUS 1 
20150715,20150718,20150723,20150726,20150727,20150728,20150806,20150811,20150812,20150813,20150814,20150815,20150816,20150817,20150822,20150826,20150827,20150829,20150901,20150902 
G.3.6_index_3_VS_G.5.4_index_4 [33] PLUS 1 
20150715,20150716,20150717,20150720,20150721,20150725,20150730,20150806,20150807,20150811,20150812,20150813,20150814,20150815,20150816,20150817,20150818,20150820,20150824,20150826,20150828,20150902 
Number is 70 
G.3.1_index_2_VS_G.3.2_index_2 [34] 
20150715,20150718,20150719,20150720,20150721,20150723,20150801,20150802,20150803,20150806,20150808,20150810,20150811,20150812,20150813,20150814,20150815,20150816,20150829,20150830,20150902 
Number is 76 
G.5.2_index_4_VS_G.3.6_index_3 [35] 
20150717,20150720,20150721,20150723,20150724,20150725,20150728,20150730,20150731,20150802,20150804,20150807,20150808,20150811,20150812,20150813,20150814,20150815,20150816,20150818,20150820,20150827,20150830,20150902 
G.5.2_index_4_VS_G.DB_index_1 [36] 
20150716,20150719,20150720,20150721,20150722,20150727,20150731,20150801,20150807,20150808,20150810,20150811,20150812,20150813,20150814,20150815,20150816,20150823,20150826,20150828,20150829,20150830,20150901,20150902 
Number is 80 
G.7.2_index_1_VS_G.5.2_index_1 [37] 
20150715,20150716,20150717,20150718,20150726,20150728,20150801,20150802,20150803,20150804,20150805,20150808,20150809,20150810,20150811,20150812,20150813,20150814,20150815,20150816,20150822,20150826,20150830 
Number is 84 
G.3.1_index_3_VS_G.3.6_index_2 [38] PLUS 1 
20150715,20150716,20150719,20150721,20150723,20150724,20150725,20150728,20150729,20150731,20150804,20150805,20150808,20150811,20150812,20150813,20150814,20150815,20150816,20150817,20150820,20150822,20150826,20150827,20150830,20150831,20150902 
Number is 94 
G.3.6_index_5_VS_G.4.2_index_3 [39] PLUS 1 
20150715,20150717,20150719,20150721,20150722,20150723,20150724,20150728,20150730,20150731,20150802,20150807,20150808,20150809,20150811,20150812,20150813,20150814,20150815,20150816,20150817,20150822,20150824,20150827,20150901,20150902 
