======== Current: 20150818 ========= 
Number is 02 
G.3.4_index_4_VS_G.3.5_index_2 [1] PLUS 1 
20150715,20150717,20150719,20150720,20150721,20150722,20150724,20150729,20150731,20150805,20150807,20150809,20150810,20150812,20150813,20150814,20150815,20150816,20150817,20150818,20150819,20150821,20150822,20150823,20150828,20150829,20150901 
Number is 03 
G.3.1_index_4_VS_G.DB_index_3 [2] 
20150715,20150716,20150717,20150724,20150725,20150728,20150731,20150805,20150808,20150809,20150811,20150812,20150813,20150814,20150815,20150816,20150817,20150819,20150824,20150826,20150828,20150830,20150901 
Number is 04 
G.3.4_index_4_VS_G.7.1_index_1 [3] PLUS 1 
20150717,20150720,20150722,20150723,20150729,20150730,20150731,20150804,20150805,20150807,20150808,20150809,20150812,20150813,20150814,20150815,20150816,20150817,20150818,20150819,20150821,20150823,20150826,20150827,20150829,20150901,20150902 
Number is 05 
G.2.1_index_4_VS_G.5.2_index_4 [4] 
20150716,20150718,20150724,20150727,20150729,20150731,20150804,20150807,20150808,20150809,20150812,20150813,20150814,20150815,20150816,20150817,20150819,20150823,20150825,20150826,20150830 
Number is 06 
G.3.4_index_4_VS_G.4.3_index_4 [5] PLUS 1 
20150718,20150720,20150721,20150729,20150730,20150731,20150801,20150803,20150804,20150806,20150809,20150810,20150812,20150813,20150814,20150815,20150816,20150817,20150818,20150819,20150821,20150822,20150828,20150829,20150901,20150902 
G.3.4_index_4_VS_G.DB_index_1 [6] PLUS 1 
20150717,20150720,20150721,20150722,20150724,20150725,20150726,20150730,20150801,20150806,20150807,20150808,20150812,20150813,20150814,20150815,20150816,20150817,20150818,20150820,20150821,20150822,20150824,20150825,20150827,20150828,20150829,20150902 
Number is 09 
G.5.3_index_1_VS_G.2.2_index_1 [7] 
20150717,20150719,20150721,20150724,20150727,20150728,20150731,20150805,20150806,20150808,20150810,20150812,20150813,20150814,20150815,20150816,20150817,20150821,20150822,20150823,20150827,20150829,20150901 
G.3.1_index_4_VS_G.5.2_index_1 [8] 
20150717,20150718,20150720,20150721,20150722,20150725,20150728,20150730,20150731,20150807,20150808,20150809,20150812,20150813,20150814,20150815,20150816,20150817,20150819,20150822,20150824,20150826,20150828,20150830,20150901,20150902 
Number is 24 
G.3.6_index_5_VS_G.4.2_index_3 [9] 
20150715,20150717,20150719,20150721,20150722,20150723,20150724,20150728,20150730,20150731,20150802,20150807,20150808,20150809,20150811,20150812,20150813,20150814,20150815,20150816,20150817,20150822,20150824,20150827,20150901,20150902 
Number is 26 
G.DB_index_5_VS_G.5.4_index_2 [10] 
20150721,20150723,20150725,20150727,20150730,20150801,20150806,20150808,20150811,20150812,20150813,20150814,20150815,20150816,20150817,20150823,20150827,20150831 
Number is 32 
G.2.2_index_3_VS_G.6.1_index_1 [11] PLUS 1 
20150715,20150719,20150721,20150724,20150728,20150801,20150802,20150804,20150806,20150811,20150812,20150813,20150814,20150815,20150816,20150817,20150818,20150821,20150822,20150901 
Number is 34 
G.DB_index_3_VS_G.3.1_index_3 [12] 
20150715,20150718,20150723,20150726,20150727,20150728,20150806,20150811,20150812,20150813,20150814,20150815,20150816,20150817,20150822,20150826,20150827,20150829,20150901,20150902 
G.DB_index_3_VS_G.4.2_index_3 [13] 
20150715,20150718,20150719,20150721,20150722,20150726,20150728,20150802,20150803,20150804,20150806,20150807,20150810,20150812,20150813,20150814,20150815,20150816,20150817,20150819,20150822,20150823,20150824,20150827,20150828,20150829,20150902 
Number is 35 
G.5.1_index_3_VS_G.6.2_index_2 [14] PLUS 1 
20150715,20150716,20150717,20150719,20150721,20150725,20150726,20150802,20150804,20150805,20150806,20150808,20150809,20150812,20150813,20150814,20150815,20150816,20150817,20150818,20150819,20150820,20150821,20150826,20150827,20150828,20150829,20150902 
Number is 36 
G.5.1_index_3_VS_G.4.2_index_4 [15] 
20150715,20150716,20150717,20150719,20150721,20150725,20150730,20150731,20150802,20150805,20150808,20150812,20150813,20150814,20150815,20150816,20150817,20150820,20150821,20150824,20150830,20150902 
Number is 42 
G.7.4_index_1_VS_G.6.1_index_1 [16] 
20150715,20150716,20150718,20150721,20150723,20150726,20150728,20150729,20150730,20150802,20150807,20150808,20150809,20150811,20150812,20150813,20150814,20150815,20150816,20150817,20150820,20150822,20150824,20150901 
Number is 44 
G.5.5_index_3_VS_G.4.2_index_3 [17] 
20150715,20150717,20150719,20150720,20150721,20150724,20150725,20150730,20150731,20150801,20150803,20150804,20150807,20150811,20150812,20150813,20150814,20150815,20150816,20150817,20150820,20150822,20150825,20150827,20150828,20150830,20150901,20150902 
G.3.1_index_3_VS_G.3.6_index_2 [18] 
20150715,20150716,20150719,20150721,20150723,20150724,20150725,20150728,20150729,20150731,20150804,20150805,20150808,20150811,20150812,20150813,20150814,20150815,20150816,20150817,20150820,20150822,20150826,20150827,20150830,20150831,20150902 
Number is 45 
G.7.1_index_1_VS_G.5.6_index_4 [19] PLUS 1 
20150717,20150718,20150721,20150723,20150724,20150727,20150729,20150730,20150801,20150803,20150805,20150806,20150811,20150812,20150813,20150814,20150815,20150816,20150817,20150818,20150819,20150821,20150823,20150824,20150826,20150827,20150831,20150901,20150902 
Number is 48 
G.7.1_index_1_VS_G.4.3_index_2 [20] PLUS 1 
20150715,20150716,20150717,20150721,20150725,20150727,20150730,20150802,20150803,20150804,20150805,20150806,20150809,20150810,20150812,20150813,20150814,20150815,20150816,20150817,20150818,20150823,20150824,20150825,20150826,20150827,20150828,20150830,20150831,20150902 
Number is 49 
G.3.6_index_4_VS_G.2.2_index_1 [21] PLUS 1 
20150717,20150718,20150722,20150727,20150728,20150730,20150806,20150809,20150810,20150811,20150812,20150813,20150814,20150815,20150816,20150817,20150818,20150821,20150822,20150825,20150830,20150902 
Number is 54 
G.4.1_index_3_VS_G.7.1_index_1 [22] PLUS 1 
20150715,20150716,20150717,20150718,20150719,20150721,20150722,20150725,20150727,20150807,20150812,20150813,20150814,20150815,20150816,20150817,20150818,20150819,20150822,20150824,20150825,20150826,20150828,20150830,20150831,20150902 
Number is 60 
G.3.4_index_1_VS_G.3.1_index_4 [23] PLUS 1 
20150716,20150717,20150718,20150719,20150723,20150724,20150725,20150730,20150801,20150804,20150805,20150806,20150808,20150811,20150812,20150813,20150814,20150815,20150816,20150817,20150818,20150822,20150824,20150825,20150831 
Number is 63 
G.DB_index_1_VS_G.DB_index_3 [24] 
20150715,20150716,20150718,20150719,20150720,20150722,20150723,20150724,20150727,20150728,20150729,20150731,20150803,20150804,20150806,20150808,20150812,20150813,20150814,20150815,20150816,20150817,20150819,20150821,20150824,20150828,20150830,20150901 
G.DB_index_1_VS_G.2.2_index_3 [25] 
20150716,20150717,20150720,20150724,20150727,20150728,20150730,20150731,20150801,20150802,20150806,20150810,20150812,20150813,20150814,20150815,20150816,20150817,20150823,20150826,20150827,20150829 
Number is 65 
G.4.3_index_1_VS_G.DB_index_2 [26] 
20150716,20150723,20150724,20150729,20150730,20150731,20150801,20150802,20150803,20150804,20150805,20150806,20150808,20150809,20150811,20150812,20150813,20150814,20150815,20150816,20150817,20150820,20150825,20150826,20150827,20150829,20150901 
Number is 68 
G.4.2_index_4_VS_G.3.3_index_2 [27] 
20150717,20150718,20150719,20150720,20150723,20150725,20150726,20150728,20150729,20150730,20150731,20150805,20150811,20150812,20150813,20150814,20150815,20150816,20150817,20150819,20150826,20150827,20150829,20150830 
Number is 70 
G.3.6_index_3_VS_G.6.3_index_3 [28] PLUS 1 
20150715,20150716,20150717,20150720,20150724,20150727,20150728,20150730,20150802,20150805,20150807,20150812,20150813,20150814,20150815,20150816,20150817,20150818,20150819,20150822,20150824,20150827,20150830,20150831,20150901,20150902 
Number is 71 
G.3.6_index_3_VS_G.1.1_index_5 [29] PLUS 1 
20150715,20150716,20150717,20150719,20150720,20150723,20150724,20150726,20150728,20150731,20150802,20150807,20150808,20150810,20150812,20150813,20150814,20150815,20150816,20150817,20150818,20150819,20150823,20150826,20150828,20150829,20150902 
Number is 72 
G.3.6_index_3_VS_G.3.5_index_2 [30] PLUS 1 
20150715,20150717,20150719,20150720,20150722,20150723,20150725,20150727,20150728,20150729,20150730,20150805,20150808,20150812,20150813,20150814,20150815,20150816,20150817,20150818,20150819,20150820,20150823,20150824,20150827,20150831 
Number is 73 
G.3.6_index_3_VS_G.5.1_index_3 [31] 
20150718,20150720,20150801,20150802,20150804,20150812,20150813,20150814,20150815,20150816,20150817,20150823,20150830 
Number is 76 
G.3.2_index_1_VS_G.4.2_index_4 [32] PLUS 1 
20150715,20150720,20150721,20150722,20150723,20150724,20150725,20150726,20150727,20150730,20150731,20150804,20150805,20150806,20150809,20150812,20150813,20150814,20150815,20150816,20150817,20150818,20150819,20150820,20150824,20150826,20150829,20150831 
G.3.6_index_3_VS_G.5.4_index_4 [33] PLUS 1 
20150715,20150716,20150717,20150720,20150721,20150725,20150730,20150806,20150807,20150811,20150812,20150813,20150814,20150815,20150816,20150817,20150818,20150820,20150824,20150826,20150828,20150902 
G.3.2_index_1_VS_G.DB_index_1 [34] PLUS 1 
20150715,20150717,20150718,20150720,20150726,20150803,20150805,20150807,20150808,20150810,20150812,20150813,20150814,20150815,20150816,20150817,20150818,20150820,20150821,20150822,20150823,20150828,20150829,20150830 
Number is 78 
G.3.5_index_3_VS_G.3.3_index_4 [35] 
20150717,20150718,20150719,20150720,20150721,20150724,20150725,20150726,20150803,20150805,20150807,20150812,20150813,20150814,20150815,20150816,20150817,20150819,20150822,20150824,20150830 
Number is 79 
G.3.5_index_3_VS_G.2.2_index_1 [36] 
20150718,20150719,20150721,20150726,20150801,20150803,20150805,20150806,20150808,20150810,20150812,20150813,20150814,20150815,20150816,20150817,20150821,20150822,20150824,20150826,20150828,20150829,20150902 
Number is 82 
G.2.1_index_1_VS_G.7.3_index_1 [37] PLUS 1 
20150716,20150717,20150721,20150723,20150724,20150725,20150730,20150731,20150804,20150805,20150806,20150810,20150812,20150813,20150814,20150815,20150816,20150817,20150818,20150819,20150821,20150823,20150825,20150827,20150829 
Number is 83 
G.2.1_index_1_VS_G.2.2_index_3 [38] 
20150720,20150721,20150725,20150726,20150727,20150730,20150731,20150801,20150802,20150804,20150808,20150810,20150811,20150812,20150813,20150814,20150815,20150816,20150817,20150819,20150820,20150821,20150825,20150901 
Number is 86 
G.4.4_index_1_VS_G.DB_index_1 [39] 
20150717,20150718,20150719,20150720,20150723,20150724,20150725,20150727,20150728,20150803,20150808,20150809,20150810,20150812,20150813,20150814,20150815,20150816,20150817,20150822,20150828,20150831 
Number is 88 
G.4.4_index_1_VS_G.3.4_index_3 [40] 
20150715,20150716,20150717,20150718,20150720,20150723,20150724,20150730,20150801,20150802,20150806,20150808,20150811,20150812,20150813,20150814,20150815,20150816,20150817,20150819,20150820,20150822,20150826,20150829,20150901 
G.3.4_index_3_VS_G.3.3_index_2 [41] 
20150715,20150716,20150721,20150722,20150723,20150724,20150801,20150806,20150807,20150808,20150809,20150812,20150813,20150814,20150815,20150816,20150817,20150820,20150825,20150826,20150829 
G.6.2_index_1_VS_G.3.2_index_4 [42] 
20150715,20150716,20150720,20150721,20150722,20150723,20150725,20150728,20150730,20150803,20150804,20150806,20150807,20150808,20150812,20150813,20150814,20150815,20150816,20150817,20150820,20150821,20150823,20150826,20150827,20150901,20150902 
G.4.3_index_2_VS_G.2.1_index_2 [43] 
20150715,20150717,20150718,20150721,20150722,20150727,20150803,20150804,20150805,20150806,20150812,20150813,20150814,20150815,20150816,20150817,20150822,20150823,20150824,20150827,20150829,20150830,20150901,20150902 
Number is 94 
G.3.4_index_5_VS_G.7.1_index_1 [44] PLUS 1 
20150716,20150720,20150723,20150724,20150725,20150728,20150729,20150730,20150804,20150806,20150808,20150809,20150812,20150813,20150814,20150815,20150816,20150817,20150818,20150820,20150821,20150824,20150825,20150826,20150827,20150831,20150901,20150902 
Number is 95 
G.2.2_index_1_VS_G.DB_index_2 [45] 
20150715,20150717,20150719,20150723,20150724,20150725,20150801,20150806,20150807,20150809,20150812,20150813,20150814,20150815,20150816,20150817,20150819,20150821,20150822,20150825,20150827,20150830,20150901,20150902 
