======== Current: 20150823 ========= 
Number is 00 
G.3.1_index_1_VS_G.3.2_index_2 [1] 
20150716,20150717,20150718,20150719,20150720,20150728,20150806,20150813,20150814,20150816,20150817,20150818,20150819,20150820,20150821,20150822,20150826,20150827,20150828,20150829,20150901 
Number is 01 
G.6.3_index_3_VS_G.5.5_index_3 [2] 
20150715,20150716,20150717,20150720,20150721,20150723,20150726,20150727,20150728,20150731,20150802,20150807,20150814,20150815,20150816,20150817,20150818,20150819,20150820,20150821,20150822,20150824,20150825,20150828,20150829,20150830,20150902 
Number is 03 
G.5.6_index_1_VS_G.3.1_index_5 [3] 
20150717,20150718,20150721,20150723,20150724,20150725,20150727,20150729,20150730,20150802,20150804,20150806,20150809,20150810,20150816,20150817,20150818,20150819,20150820,20150821,20150822,20150827 
Number is 05 
G.3.2_index_1_VS_G.5.4_index_4 [4] PLUS 1 
20150716,20150720,20150721,20150722,20150723,20150729,20150801,20150802,20150803,20150804,20150805,20150806,20150808,20150809,20150812,20150816,20150817,20150818,20150819,20150820,20150821,20150822,20150823,20150828,20150829,20150830,20150831,20150902 
G.6.1_index_2_VS_G.3.5_index_3 [5] PLUS 1 
20150717,20150721,20150726,20150727,20150730,20150731,20150806,20150810,20150811,20150813,20150814,20150815,20150817,20150818,20150819,20150820,20150821,20150822,20150823,20150828,20150830,20150831,20150901 
G.3.1_index_1_VS_G.DB_index_1 [6] PLUS 1 
20150718,20150720,20150721,20150723,20150727,20150729,20150731,20150801,20150806,20150808,20150813,20150817,20150818,20150819,20150820,20150821,20150822,20150823,20150830,20150831 
Number is 08 
G.3.1_index_1_VS_G.DB_index_4 [7] 
20150715,20150716,20150719,20150727,20150729,20150801,20150805,20150807,20150808,20150809,20150812,20150814,20150816,20150817,20150818,20150819,20150820,20150821,20150822,20150826,20150827,20150831 
Number is 11 
G.2.1_index_2_VS_G.4.4_index_3 [8] 
20150716,20150718,20150719,20150723,20150724,20150726,20150727,20150729,20150730,20150731,20150802,20150806,20150807,20150808,20150809,20150810,20150812,20150817,20150818,20150819,20150820,20150821,20150822,20150824,20150825,20150827,20150829,20150831 
Number is 13 
G.3.6_index_5_VS_G.3.4_index_4 [9] 
20150715,20150716,20150717,20150718,20150720,20150721,20150722,20150730,20150731,20150803,20150804,20150809,20150810,20150811,20150812,20150814,20150817,20150818,20150819,20150820,20150821,20150822,20150825,20150829,20150901 
G.5.1_index_1_VS_G.3.5_index_1 [10] 
20150718,20150720,20150724,20150725,20150726,20150727,20150801,20150802,20150812,20150814,20150815,20150816,20150817,20150818,20150819,20150820,20150821,20150822,20150825,20150826,20150901,20150902 
G.4.4_index_3_VS_G.3.2_index_3 [11] 
20150716,20150717,20150718,20150722,20150723,20150805,20150806,20150808,20150810,20150812,20150813,20150817,20150818,20150819,20150820,20150821,20150822,20150825,20150828,20150902 
Number is 15 
G.2.1_index_2_VS_G.3.1_index_4 [12] PLUS 1 
20150716,20150717,20150719,20150722,20150724,20150725,20150801,20150802,20150804,20150805,20150814,20150816,20150817,20150818,20150819,20150820,20150821,20150822,20150823,20150824,20150831,20150902 
Number is 24 
G.6.2_index_3_VS_G.4.3_index_2 [13] 
20150716,20150718,20150720,20150723,20150725,20150727,20150802,20150803,20150806,20150810,20150814,20150816,20150817,20150818,20150819,20150820,20150821,20150822,20150826,20150828,20150901,20150902 
Number is 29 
G.6.2_index_3_VS_G.3.4_index_3 [14] PLUS 1 
20150716,20150725,20150730,20150802,20150803,20150805,20150807,20150808,20150809,20150813,20150815,20150816,20150817,20150818,20150819,20150820,20150821,20150822,20150823,20150827,20150828,20150829,20150830,20150902 
Number is 31 
G.7.3_index_1_VS_G.2.1_index_2 [15] 
20150716,20150717,20150718,20150720,20150721,20150723,20150724,20150725,20150727,20150728,20150804,20150807,20150809,20150810,20150812,20150813,20150816,20150817,20150818,20150819,20150820,20150821,20150822,20150824,20150829,20150830,20150831,20150902 
Number is 32 
G.6.1_index_1_VS_G.5.1_index_3 [16] PLUS 1 
20150716,20150718,20150719,20150721,20150725,20150727,20150802,20150803,20150806,20150807,20150808,20150809,20150812,20150815,20150817,20150818,20150819,20150820,20150821,20150822,20150823,20150827,20150829,20150902 
G.1.1_index_4_VS_G.5.1_index_3 [17] PLUS 1 
20150716,20150717,20150718,20150721,20150722,20150725,20150802,20150807,20150816,20150817,20150818,20150819,20150820,20150821,20150822,20150823,20150828,20150829,20150902 
Number is 33 
G.3.4_index_4_VS_G.3.2_index_3 [18] 
20150716,20150717,20150722,20150725,20150728,20150729,20150731,20150803,20150804,20150805,20150808,20150810,20150811,20150817,20150818,20150819,20150820,20150821,20150822,20150825,20150826 
Number is 35 
G.3.1_index_5_VS_G.4.1_index_1 [19] 
20150716,20150717,20150719,20150721,20150724,20150727,20150729,20150730,20150802,20150809,20150810,20150811,20150814,20150816,20150817,20150818,20150819,20150820,20150821,20150822,20150826,20150827,20150828,20150901 
Number is 36 
G.3.4_index_4_VS_G.5.2_index_3 [20] PLUS 1 
20150715,20150716,20150717,20150721,20150722,20150724,20150725,20150728,20150729,20150730,20150731,20150801,20150802,20150806,20150807,20150808,20150812,20150816,20150817,20150818,20150819,20150820,20150821,20150822,20150823,20150825,20150828,20150829 
Number is 38 
G.5.5_index_2_VS_G.3.6_index_4 [21] PLUS 1 
20150715,20150716,20150717,20150721,20150722,20150726,20150727,20150728,20150729,20150801,20150803,20150805,20150806,20150809,20150810,20150815,20150816,20150817,20150818,20150819,20150820,20150821,20150822,20150823,20150902 
G.3.4_index_4_VS_G.7.2_index_1 [22] PLUS 1 
20150715,20150716,20150718,20150721,20150725,20150726,20150731,20150802,20150804,20150805,20150806,20150808,20150810,20150816,20150817,20150818,20150819,20150820,20150821,20150822,20150823,20150827,20150829,20150831,20150901,20150902 
G.3.4_index_4_VS_G.4.2_index_4 [23] PLUS 1 
20150717,20150720,20150725,20150726,20150801,20150805,20150811,20150812,20150815,20150816,20150817,20150818,20150819,20150820,20150821,20150822,20150823,20150825,20150827,20150829 
Number is 39 
G.3.4_index_4_VS_G.3.4_index_3 [24] 
20150716,20150717,20150719,20150720,20150721,20150722,20150724,20150728,20150730,20150731,20150801,20150802,20150804,20150805,20150806,20150807,20150809,20150812,20150816,20150817,20150818,20150819,20150820,20150821,20150822,20150825,20150826,20150827,20150829 
Number is 42 
G.3.1_index_3_VS_G.4.1_index_3 [25] 
20150715,20150718,20150719,20150723,20150725,20150726,20150727,20150731,20150801,20150805,20150808,20150811,20150812,20150815,20150817,20150818,20150819,20150820,20150821,20150822,20150826,20150827,20150829,20150830,20150831 
Number is 44 
G.3.1_index_3_VS_G.4.4_index_1 [26] 
20150716,20150718,20150719,20150721,20150722,20150724,20150727,20150729,20150731,20150804,20150809,20150811,20150816,20150817,20150818,20150819,20150820,20150821,20150822,20150826,20150827,20150828,20150829,20150830,20150831,20150902 
Number is 53 
G.5.3_index_2_VS_G.3.4_index_4 [27] 
20150719,20150720,20150722,20150725,20150728,20150729,20150730,20150807,20150811,20150812,20150815,20150816,20150817,20150818,20150819,20150820,20150821,20150822,20150825,20150826,20150827 
G.3.3_index_4_VS_G.3.4_index_4 [28] 
20150717,20150720,20150722,20150724,20150725,20150729,20150730,20150731,20150801,20150807,20150811,20150812,20150814,20150816,20150817,20150818,20150819,20150820,20150821,20150822,20150824,20150825,20150826 
Number is 54 
G.4.3_index_1_VS_G.2.2_index_4 [29] 
20150716,20150717,20150720,20150721,20150722,20150724,20150725,20150727,20150728,20150801,20150803,20150805,20150807,20150810,20150815,20150817,20150818,20150819,20150820,20150821,20150822,20150824,20150826,20150829,20150830,20150902 
Number is 55 
G.4.1_index_1_VS_G.3.3_index_4 [30] 
20150716,20150717,20150718,20150726,20150727,20150729,20150731,20150802,20150803,20150807,20150808,20150814,20150815,20150817,20150818,20150819,20150820,20150821,20150822,20150830 
Number is 58 
G.3.3_index_4_VS_G.3.6_index_4 [31] 
20150716,20150718,20150719,20150720,20150722,20150723,20150724,20150725,20150727,20150728,20150729,20150730,20150731,20150803,20150804,20150805,20150807,20150808,20150811,20150814,20150815,20150817,20150818,20150819,20150820,20150821,20150822,20150824,20150828,20150830,20150902 
Number is 59 
G.3.5_index_3_VS_G.5.3_index_1 [32] 
20150716,20150717,20150719,20150722,20150724,20150727,20150728,20150802,20150807,20150808,20150816,20150817,20150818,20150819,20150820,20150821,20150822,20150827,20150830,20150901 
Number is 80 
G.1.1_index_5_VS_G.6.3_index_3 [33] 
20150715,20150716,20150718,20150720,20150725,20150727,20150728,20150730,20150803,20150804,20150805,20150808,20150809,20150810,20150811,20150814,20150815,20150816,20150817,20150818,20150819,20150820,20150821,20150822,20150828,20150829,20150830 
Number is 81 
G.3.6_index_4_VS_G.2.1_index_2 [34] PLUS 1 
20150716,20150717,20150719,20150721,20150722,20150723,20150728,20150731,20150802,20150804,20150805,20150806,20150808,20150813,20150814,20150815,20150817,20150818,20150819,20150820,20150821,20150822,20150823,20150824,20150825,20150827,20150830,20150901,20150902 
Number is 82 
G.1.1_index_5_VS_G.4.2_index_1 [35] 
20150717,20150718,20150720,20150724,20150725,20150726,20150730,20150731,20150802,20150804,20150806,20150809,20150812,20150816,20150817,20150818,20150819,20150820,20150821,20150822,20150825,20150826,20150830,20150831,20150902 
Number is 84 
G.3.2_index_5_VS_G.2.2_index_4 [36] 
20150717,20150719,20150721,20150724,20150725,20150727,20150728,20150729,20150731,20150801,20150802,20150803,20150804,20150805,20150807,20150808,20150812,20150813,20150814,20150817,20150818,20150819,20150820,20150821,20150822,20150826,20150827,20150829,20150830 
Number is 88 
G.3.2_index_5_VS_G.6.2_index_2 [37] PLUS 1 
20150718,20150723,20150727,20150730,20150731,20150801,20150806,20150808,20150810,20150811,20150813,20150815,20150817,20150818,20150819,20150820,20150821,20150822,20150823,20150826,20150827,20150828,20150830 
Number is 89 
G.3.1_index_2_VS_G.5.3_index_3 [38] 
20150716,20150718,20150720,20150721,20150722,20150727,20150730,20150731,20150803,20150805,20150806,20150809,20150817,20150818,20150819,20150820,20150821,20150822,20150828,20150829,20150901 
