======== Current: 20150825 ========= 
Number is 06 
G.3.4_index_4_VS_G.4.2_index_1 [1] 
20150715,20150720,20150722,20150724,20150725,20150726,20150728,20150729,20150730,20150802,20150804,20150805,20150811,20150815,20150816,20150817,20150819,20150820,20150821,20150822,20150823,20150824,20150826,20150828 
Number is 08 
G.3.4_index_1_VS_G.7.1_index_1 [2] 
20150716,20150723,20150725,20150730,20150731,20150801,20150802,20150803,20150804,20150806,20150807,20150808,20150809,20150812,20150813,20150815,20150819,20150820,20150821,20150822,20150823,20150824,20150827,20150828,20150831,20150902 
Number is 12 
G.4.4_index_2_VS_G.2.1_index_3 [3] 
20150716,20150717,20150718,20150720,20150721,20150724,20150725,20150728,20150729,20150731,20150804,20150805,20150807,20150808,20150809,20150813,20150814,20150815,20150816,20150819,20150820,20150821,20150822,20150823,20150824,20150826,20150828,20150830,20150831,20150901 
Number is 15 
G.DB_index_4_VS_G.1.1_index_4 [4] 
20150723,20150725,20150730,20150731,20150802,20150805,20150807,20150808,20150810,20150812,20150815,20150816,20150819,20150820,20150821,20150822,20150823,20150824,20150827,20150901 
Number is 19 
G.3.5_index_5_VS_G.3.4_index_3 [5] 
20150716,20150722,20150724,20150726,20150729,20150731,20150801,20150805,20150806,20150808,20150815,20150816,20150817,20150819,20150820,20150821,20150822,20150823,20150824,20150826,20150828,20150829,20150831,20150901 
Number is 20 
G.2.1_index_2_VS_G.3.4_index_1 [6] PLUS 1 
20150718,20150722,20150723,20150726,20150730,20150808,20150810,20150811,20150813,20150814,20150815,20150817,20150819,20150820,20150821,20150822,20150823,20150824,20150825,20150826,20150827,20150831,20150902 
Number is 22 
G.2.1_index_2_VS_G.2.1_index_3 [7] PLUS 1 
20150715,20150716,20150721,20150725,20150726,20150729,20150730,20150731,20150801,20150803,20150813,20150819,20150820,20150821,20150822,20150823,20150824,20150825,20150826,20150828,20150831,20150901,20150902 
G.3.6_index_4_VS_G.2.1_index_2 [8] PLUS 1 
20150716,20150717,20150719,20150721,20150722,20150723,20150728,20150731,20150802,20150804,20150805,20150806,20150808,20150813,20150814,20150815,20150817,20150818,20150819,20150820,20150821,20150822,20150823,20150824,20150825,20150827,20150830,20150901,20150902 
Number is 25 
G.2.1_index_2_VS_G.4.4_index_1 [9] 
20150715,20150716,20150717,20150718,20150719,20150721,20150728,20150731,20150801,20150803,20150804,20150806,20150817,20150819,20150820,20150821,20150822,20150823,20150824,20150826,20150828,20150831 
G.2.1_index_2_VS_G.DB_index_1 [10] 
20150715,20150716,20150717,20150718,20150719,20150720,20150722,20150723,20150724,20150726,20150802,20150803,20150806,20150811,20150813,20150815,20150816,20150817,20150819,20150820,20150821,20150822,20150823,20150824,20150827,20150831,20150902 
G.2.1_index_2_VS_G.3.1_index_4 [11] 
20150716,20150717,20150719,20150722,20150724,20150725,20150801,20150802,20150804,20150805,20150814,20150816,20150817,20150818,20150819,20150820,20150821,20150822,20150823,20150824,20150831,20150902 
Number is 31 
G.3.6_index_5_VS_G.5.6_index_4 [12] 
20150715,20150720,20150721,20150724,20150725,20150726,20150728,20150729,20150730,20150731,20150801,20150803,20150806,20150807,20150810,20150812,20150814,20150815,20150816,20150819,20150820,20150821,20150822,20150823,20150824,20150826,20150828,20150829,20150831,20150901 
Number is 33 
G.3.2_index_2_VS_G.4.3_index_2 [13] 
20150715,20150718,20150719,20150721,20150726,20150729,20150801,20150802,20150806,20150808,20150810,20150812,20150813,20150814,20150815,20150817,20150819,20150820,20150821,20150822,20150823,20150824,20150826,20150830,20150831,20150901,20150902 
Number is 39 
G.5.1_index_1_VS_G.5.4_index_4 [14] 
20150718,20150720,20150721,20150725,20150728,20150801,20150804,20150806,20150811,20150814,20150819,20150820,20150821,20150822,20150823,20150824,20150826,20150829,20150901 
Number is 42 
G.2.2_index_1_VS_G.2.1_index_2 [15] PLUS 1 
20150722,20150723,20150725,20150726,20150727,20150728,20150730,20150731,20150805,20150806,20150817,20150819,20150820,20150821,20150822,20150823,20150824,20150825,20150826,20150828,20150902 
Number is 53 
G.5.2_index_1_VS_G.3.1_index_5 [16] PLUS 1 
20150717,20150719,20150720,20150721,20150722,20150723,20150728,20150730,20150803,20150804,20150814,20150819,20150820,20150821,20150822,20150823,20150824,20150825,20150826,20150829,20150831,20150902 
Number is 54 
G.5.2_index_2_VS_G.6.1_index_2 [17] PLUS 1 
20150716,20150720,20150725,20150727,20150729,20150730,20150801,20150806,20150807,20150809,20150812,20150813,20150814,20150815,20150817,20150819,20150820,20150821,20150822,20150823,20150824,20150825,20150826,20150829,20150830,20150831,20150901 
Number is 63 
G.4.1_index_1_VS_G.3.6_index_5 [18] 
20150715,20150716,20150717,20150721,20150730,20150731,20150802,20150808,20150814,20150815,20150817,20150819,20150820,20150821,20150822,20150823,20150824,20150827,20150828,20150829,20150901 
Number is 90 
G.5.6_index_1_VS_G.1.1_index_3 [19] PLUS 1 
20150716,20150717,20150722,20150724,20150725,20150729,20150802,20150803,20150806,20150810,20150816,20150818,20150819,20150820,20150821,20150822,20150823,20150824,20150825,20150828,20150831 
Number is 93 
G.5.6_index_1_VS_G.3.5_index_3 [20] 
20150717,20150718,20150722,20150727,20150728,20150731,20150805,20150810,20150813,20150816,20150818,20150819,20150820,20150821,20150822,20150823,20150824,20150827,20150829,20150901 
Number is 99 
G.5.6_index_1_VS_G.1.1_index_1 [21] 
20150716,20150724,20150725,20150727,20150729,20150731,20150802,20150804,20150808,20150812,20150813,20150816,20150817,20150819,20150820,20150821,20150822,20150823,20150824,20150828,20150829,20150830,20150901 
