======== Current: 20150827 ========= 
Number is 01 
G.3.2_index_3_VS_G.7.2_index_1 [1] 
20150716,20150718,20150720,20150724,20150727,20150728,20150804,20150805,20150807,20150812,20150813,20150815,20150816,20150817,20150819,20150821,20150822,20150823,20150824,20150825,20150826,20150828,20150901 
Number is 02 
G.5.3_index_4_VS_G.DB_index_1 [2] 
20150716,20150717,20150718,20150720,20150721,20150722,20150723,20150725,20150728,20150731,20150801,20150802,20150803,20150805,20150810,20150813,20150815,20150816,20150821,20150822,20150823,20150824,20150825,20150826,20150828,20150830,20150901,20150902 
Number is 03 
G.6.2_index_1_VS_G.3.4_index_4 [3] 
20150716,20150719,20150720,20150724,20150725,20150726,20150728,20150729,20150730,20150731,20150801,20150804,20150815,20150818,20150820,20150821,20150822,20150823,20150824,20150825,20150826,20150829,20150901,20150902 
Number is 08 
G.3.5_index_1_VS_G.2.1_index_3 [4] 
20150716,20150719,20150720,20150724,20150726,20150727,20150729,20150802,20150804,20150806,20150807,20150808,20150809,20150811,20150812,20150821,20150822,20150823,20150824,20150825,20150826,20150901 
Number is 09 
G.5.2_index_2_VS_G.6.1_index_2 [5] 
20150716,20150720,20150725,20150727,20150729,20150730,20150801,20150806,20150807,20150809,20150812,20150813,20150814,20150815,20150817,20150819,20150820,20150821,20150822,20150823,20150824,20150825,20150826,20150829,20150830,20150831,20150901 
Number is 10 
G.5.3_index_2_VS_G.3.2_index_1 [6] 
20150715,20150717,20150720,20150721,20150722,20150724,20150725,20150727,20150728,20150729,20150801,20150805,20150807,20150809,20150814,20150815,20150816,20150821,20150822,20150823,20150824,20150825,20150826 
Number is 13 
G.7.4_index_2_VS_G.3.4_index_4 [7] PLUS 1 
20150715,20150717,20150718,20150720,20150724,20150726,20150730,20150801,20150802,20150803,20150805,20150807,20150808,20150809,20150814,20150818,20150821,20150822,20150823,20150824,20150825,20150826,20150827,20150829 
G.4.2_index_2_VS_G.5.5_index_3 [8] PLUS 1 
20150718,20150719,20150720,20150721,20150724,20150727,20150731,20150803,20150805,20150810,20150814,20150817,20150821,20150822,20150823,20150824,20150825,20150826,20150827,20150828,20150830,20150901 
Number is 23 
G.3.6_index_4_VS_G.3.4_index_5 [9] PLUS 1 
20150715,20150717,20150720,20150721,20150724,20150725,20150727,20150728,20150729,20150804,20150806,20150807,20150808,20150810,20150812,20150815,20150817,20150818,20150819,20150821,20150822,20150823,20150824,20150825,20150826,20150827,20150828,20150830,20150901,20150902 
G.2.1_index_2_VS_G.3.4_index_1 [10] PLUS 1 
20150718,20150722,20150723,20150726,20150730,20150808,20150810,20150811,20150813,20150814,20150815,20150817,20150819,20150820,20150821,20150822,20150823,20150824,20150825,20150826,20150827,20150831,20150902 
Number is 25 
G.2.1_index_2_VS_G.5.4_index_2 [11] 
20150721,20150722,20150724,20150729,20150731,20150801,20150804,20150805,20150806,20150807,20150809,20150813,20150815,20150816,20150817,20150819,20150821,20150822,20150823,20150824,20150825,20150826,20150831,20150902 
Number is 28 
G.2.1_index_2_VS_G.2.1_index_3 [12] 
20150715,20150716,20150721,20150725,20150726,20150729,20150730,20150731,20150801,20150803,20150813,20150819,20150820,20150821,20150822,20150823,20150824,20150825,20150826,20150828,20150831,20150901,20150902 
Number is 29 
G.2.1_index_2_VS_G.4.1_index_1 [13] 
20150715,20150720,20150721,20150728,20150730,20150731,20150801,20150811,20150813,20150814,20150815,20150818,20150821,20150822,20150823,20150824,20150825,20150826,20150828,20150902 
Number is 30 
G.3.1_index_5_VS_G.5.1_index_3 [14] 
20150716,20150717,20150718,20150723,20150726,20150727,20150805,20150807,20150808,20150814,20150821,20150822,20150823,20150824,20150825,20150826,20150829,20150902 
G.5.5_index_3_VS_G.6.2_index_1 [15] 
20150715,20150718,20150721,20150722,20150723,20150725,20150726,20150801,20150802,20150804,20150806,20150807,20150808,20150811,20150813,20150815,20150817,20150818,20150820,20150821,20150822,20150823,20150824,20150825,20150826,20150830,20150901,20150902 
Number is 32 
G.3.4_index_5_VS_G.4.4_index_3 [16] PLUS 1 
20150716,20150720,20150721,20150725,20150726,20150729,20150803,20150810,20150812,20150815,20150817,20150821,20150822,20150823,20150824,20150825,20150826,20150827,20150828 
G.1.1_index_5_VS_G.2.1_index_2 [17] PLUS 1 
20150717,20150722,20150723,20150726,20150727,20150728,20150730,20150803,20150806,20150809,20150810,20150812,20150813,20150815,20150818,20150821,20150822,20150823,20150824,20150825,20150826,20150827,20150829,20150830,20150831 
Number is 33 
G.5.4_index_1_VS_G.3.4_index_5 [18] PLUS 1 
20150720,20150724,20150725,20150726,20150729,20150801,20150806,20150807,20150808,20150809,20150810,20150811,20150813,20150815,20150816,20150817,20150819,20150821,20150822,20150823,20150824,20150825,20150826,20150827,20150901,20150902 
G.1.1_index_5_VS_G.3.4_index_5 [19] PLUS 1 
20150715,20150717,20150718,20150719,20150721,20150724,20150728,20150730,20150731,20150807,20150810,20150814,20150818,20150821,20150822,20150823,20150824,20150825,20150826,20150827,20150828,20150830 
Number is 34 
G.5.5_index_3_VS_G.5.2_index_1 [20] 
20150717,20150718,20150720,20150721,20150725,20150730,20150802,20150803,20150808,20150810,20150811,20150812,20150813,20150816,20150818,20150821,20150822,20150823,20150824,20150825,20150826,20150830,20150901 
Number is 35 
G.3.4_index_1_VS_G.6.3_index_3 [21] 
20150715,20150717,20150719,20150721,20150723,20150725,20150730,20150731,20150801,20150802,20150805,20150808,20150813,20150818,20150821,20150822,20150823,20150824,20150825,20150826,20150828,20150830 
Number is 38 
G.3.4_index_4_VS_G.2.1_index_3 [22] 
20150715,20150719,20150720,20150721,20150725,20150726,20150728,20150729,20150731,20150802,20150804,20150805,20150807,20150809,20150812,20150813,20150818,20150820,20150821,20150822,20150823,20150824,20150825,20150826,20150901,20150902 
Number is 43 
G.5.2_index_1_VS_G.3.1_index_5 [23] 
20150717,20150719,20150720,20150721,20150722,20150723,20150728,20150730,20150803,20150804,20150814,20150819,20150820,20150821,20150822,20150823,20150824,20150825,20150826,20150829,20150831,20150902 
Number is 45 
G.5.2_index_4_VS_G.3.2_index_4 [24] PLUS 1 
20150715,20150716,20150725,20150730,20150731,20150803,20150804,20150806,20150807,20150808,20150812,20150814,20150816,20150821,20150822,20150823,20150824,20150825,20150826,20150827,20150828,20150830,20150831,20150902 
G.3.6_index_5_VS_G.4.4_index_1 [25] PLUS 1 
20150715,20150716,20150718,20150719,20150721,20150723,20150725,20150731,20150801,20150804,20150806,20150808,20150813,20150814,20150815,20150818,20150821,20150822,20150823,20150824,20150825,20150826,20150827,20150831 
Number is 53 
G.7.3_index_1_VS_G.3.4_index_5 [26] 
20150716,20150717,20150718,20150720,20150726,20150804,20150806,20150807,20150808,20150810,20150811,20150814,20150815,20150816,20150817,20150819,20150821,20150822,20150823,20150824,20150825,20150826,20150828,20150830,20150831 
Number is 65 
G.DB_index_3_VS_G.3.2_index_4 [27] PLUS 1 
20150716,20150718,20150721,20150724,20150725,20150728,20150731,20150802,20150803,20150805,20150811,20150812,20150813,20150815,20150816,20150817,20150820,20150821,20150822,20150823,20150824,20150825,20150826,20150827,20150828,20150829,20150831,20150901 
Number is 81 
G.1.1_index_3_VS_G.2.2_index_3 [28] 
20150715,20150716,20150717,20150718,20150721,20150722,20150725,20150726,20150728,20150729,20150801,20150804,20150805,20150814,20150816,20150817,20150821,20150822,20150823,20150824,20150825,20150826,20150829 
Number is 92 
G.2.2_index_1_VS_G.2.1_index_2 [29] 
20150722,20150723,20150725,20150726,20150727,20150728,20150730,20150731,20150805,20150806,20150817,20150819,20150820,20150821,20150822,20150823,20150824,20150825,20150826,20150828,20150902 
