======== Current: 20150829 ========= 
Number is 04 
G.5.2_index_4_VS_G.3.2_index_4 [1] 
20150715,20150716,20150725,20150730,20150731,20150803,20150804,20150806,20150807,20150808,20150812,20150814,20150816,20150821,20150822,20150823,20150824,20150825,20150826,20150827,20150828,20150830,20150831,20150902 
Number is 07 
G.5.5_index_4_VS_G.2.1_index_3 [2] 
20150715,20150720,20150722,20150724,20150726,20150729,20150730,20150801,20150802,20150805,20150807,20150808,20150809,20150812,20150813,20150819,20150823,20150824,20150825,20150826,20150827,20150828,20150830,20150831,20150901 
Number is 09 
G.3.4_index_5_VS_G.4.4_index_3 [3] 
20150716,20150720,20150721,20150725,20150726,20150729,20150803,20150810,20150812,20150815,20150817,20150821,20150822,20150823,20150824,20150825,20150826,20150827,20150828 
Number is 24 
G.DB_index_3_VS_G.3.2_index_4 [4] PLUS 1 
20150716,20150718,20150721,20150724,20150725,20150728,20150731,20150802,20150803,20150805,20150811,20150812,20150813,20150815,20150816,20150817,20150820,20150821,20150822,20150823,20150824,20150825,20150826,20150827,20150828,20150829,20150831,20150901 
G.2.1_index_2_VS_G.7.1_index_1 [5] PLUS 1 
20150715,20150716,20150718,20150719,20150725,20150730,20150731,20150801,20150802,20150803,20150804,20150806,20150814,20150815,20150816,20150817,20150818,20150821,20150823,20150824,20150825,20150826,20150827,20150828,20150829,20150831,20150901,20150902 
Number is 35 
G.2.2_index_3_VS_G.5.6_index_4 [6] 
20150717,20150718,20150719,20150724,20150725,20150729,20150730,20150801,20150803,20150805,20150807,20150812,20150814,20150815,20150818,20150820,20150821,20150823,20150824,20150825,20150826,20150827,20150828 
Number is 40 
G.1.1_index_5_VS_G.3.4_index_5 [7] 
20150715,20150717,20150718,20150719,20150721,20150724,20150728,20150730,20150731,20150807,20150810,20150814,20150818,20150821,20150822,20150823,20150824,20150825,20150826,20150827,20150828,20150830 
Number is 44 
G.7.1_index_1_VS_G.4.3_index_2 [8] 
20150715,20150716,20150717,20150721,20150725,20150727,20150730,20150802,20150803,20150804,20150805,20150806,20150809,20150810,20150812,20150813,20150814,20150815,20150816,20150817,20150818,20150823,20150824,20150825,20150826,20150827,20150828,20150830,20150831,20150902 
G.4.2_index_2_VS_G.5.5_index_3 [9] 
20150718,20150719,20150720,20150721,20150724,20150727,20150731,20150803,20150805,20150810,20150814,20150817,20150821,20150822,20150823,20150824,20150825,20150826,20150827,20150828,20150830,20150901 
Number is 47 
G.7.1_index_1_VS_G.5.4_index_3 [10] 
20150715,20150716,20150717,20150719,20150726,20150730,20150801,20150802,20150803,20150805,20150806,20150810,20150812,20150813,20150814,20150816,20150818,20150820,20150821,20150823,20150824,20150825,20150826,20150827,20150828,20150831,20150902 
Number is 48 
G.5.5_index_3_VS_G.3.4_index_1 [11] 
20150715,20150716,20150717,20150719,20150721,20150722,20150723,20150724,20150725,20150727,20150728,20150731,20150804,20150806,20150808,20150809,20150810,20150811,20150812,20150813,20150814,20150816,20150821,20150823,20150824,20150825,20150826,20150827,20150828,20150830,20150902 
Number is 57 
G.3.3_index_1_VS_G.3.5_index_1 [12] PLUS 1 
20150715,20150718,20150723,20150726,20150727,20150731,20150804,20150808,20150811,20150813,20150816,20150817,20150818,20150823,20150824,20150825,20150826,20150827,20150828,20150829,20150902 
Number is 68 
G.7.3_index_1_VS_G.DB_index_2 [13] 
20150716,20150719,20150720,20150721,20150722,20150725,20150730,20150804,20150806,20150809,20150810,20150812,20150814,20150816,20150819,20150820,20150821,20150823,20150824,20150825,20150826,20150827,20150828,20150831 
Number is 70 
G.3.6_index_4_VS_G.3.4_index_5 [14] 
20150715,20150717,20150720,20150721,20150724,20150725,20150727,20150728,20150729,20150804,20150806,20150807,20150808,20150810,20150812,20150815,20150817,20150818,20150819,20150821,20150822,20150823,20150824,20150825,20150826,20150827,20150828,20150830,20150901,20150902 
G.5.5_index_1_VS_G.1.1_index_3 [15] 
20150716,20150717,20150720,20150724,20150726,20150728,20150729,20150730,20150731,20150801,20150803,20150805,20150809,20150813,20150814,20150815,20150819,20150823,20150824,20150825,20150826,20150827,20150828,20150830,20150831 
G.5.4_index_3_VS_G.3.4_index_5 [16] 
20150715,20150720,20150721,20150724,20150726,20150728,20150729,20150801,20150802,20150805,20150806,20150807,20150810,20150811,20150813,20150814,20150816,20150817,20150818,20150822,20150823,20150824,20150825,20150826,20150827,20150828,20150831,20150901,20150902 
Number is 81 
G.4.4_index_1_VS_G.5.1_index_1 [17] PLUS 1 
20150716,20150724,20150725,20150726,20150730,20150801,20150802,20150803,20150805,20150806,20150808,20150809,20150812,20150815,20150817,20150818,20150823,20150824,20150825,20150826,20150827,20150828,20150829,20150830 
Number is 87 
G.2.2_index_1_VS_G.5.4_index_3 [18] 
20150715,20150717,20150723,20150726,20150730,20150801,20150802,20150803,20150804,20150805,20150806,20150809,20150813,20150815,20150817,20150818,20150821,20150823,20150824,20150825,20150826,20150827,20150828,20150831,20150901,20150902 
Number is 88 
G.2.2_index_1_VS_G.3.4_index_1 [19] 
20150723,20150725,20150726,20150727,20150802,20150805,20150813,20150814,20150817,20150820,20150822,20150823,20150824,20150825,20150826,20150827,20150828,20150831,20150902 
Number is 98 
G.4.2_index_3_VS_G.3.4_index_1 [20] PLUS 1 
20150715,20150721,20150727,20150803,20150807,20150808,20150810,20150811,20150812,20150814,20150816,20150822,20150823,20150824,20150825,20150826,20150827,20150828,20150829,20150901,20150902 
