======== Current: 20150830 ========= 
Number is 09 
G.6.3_index_1_VS_G.6.2_index_3 [1] 
20150715,20150716,20150717,20150720,20150721,20150724,20150725,20150730,20150802,20150803,20150805,20150806,20150808,20150811,20150814,20150816,20150817,20150820,20150824,20150825,20150826,20150827,20150828,20150829 
Number is 10 
G.3.6_index_3_VS_G.6.3_index_1 [2] 
20150717,20150719,20150720,20150721,20150724,20150725,20150726,20150728,20150730,20150802,20150804,20150807,20150808,20150810,20150812,20150813,20150814,20150815,20150817,20150824,20150825,20150826,20150827,20150828,20150829,20150831,20150901 
Number is 39 
G.3.3_index_1_VS_G.3.5_index_1 [3] 
20150715,20150718,20150723,20150726,20150727,20150731,20150804,20150808,20150811,20150813,20150816,20150817,20150818,20150823,20150824,20150825,20150826,20150827,20150828,20150829,20150902 
Number is 45 
G.1.1_index_3_VS_G.5.6_index_2 [4] PLUS 1 
20150716,20150717,20150721,20150723,20150727,20150728,20150729,20150801,20150802,20150804,20150806,20150807,20150809,20150810,20150818,20150820,20150822,20150824,20150825,20150826,20150827,20150828,20150829,20150830 
G.1.1_index_3_VS_G.4.4_index_1 [5] PLUS 1 
20150717,20150719,20150723,20150730,20150801,20150804,20150806,20150809,20150811,20150814,20150817,20150821,20150822,20150824,20150825,20150826,20150827,20150828,20150829,20150830,20150831,20150902 
Number is 49 
G.DB_index_3_VS_G.3.2_index_4 [6] 
20150716,20150718,20150721,20150724,20150725,20150728,20150731,20150802,20150803,20150805,20150811,20150812,20150813,20150815,20150816,20150817,20150820,20150821,20150822,20150823,20150824,20150825,20150826,20150827,20150828,20150829,20150831,20150901 
Number is 52 
G.4.4_index_1_VS_G.5.1_index_1 [7] PLUS 1 
20150716,20150724,20150725,20150726,20150730,20150801,20150802,20150803,20150805,20150806,20150808,20150809,20150812,20150815,20150817,20150818,20150823,20150824,20150825,20150826,20150827,20150828,20150829,20150830 
Number is 55 
G.4.4_index_1_VS_G.4.1_index_3 [8] 
20150715,20150720,20150725,20150726,20150727,20150728,20150730,20150802,20150805,20150808,20150812,20150815,20150816,20150819,20150822,20150824,20150825,20150826,20150827,20150828,20150829,20150901,20150902 
Number is 56 
G.DB_index_1_VS_G.3.4_index_5 [9] 
20150716,20150720,20150723,20150801,20150808,20150809,20150810,20150812,20150813,20150814,20150815,20150817,20150819,20150820,20150821,20150822,20150824,20150825,20150826,20150827,20150828,20150829,20150831,20150902 
Number is 62 
G.5.6_index_4_VS_G.5.4_index_3 [10] 
20150715,20150716,20150717,20150723,20150724,20150728,20150729,20150801,20150802,20150804,20150806,20150807,20150811,20150812,20150813,20150814,20150816,20150820,20150821,20150822,20150824,20150825,20150826,20150827,20150828,20150829,20150901 
Number is 63 
G.4.2_index_3_VS_G.3.4_index_1 [11] 
20150715,20150721,20150727,20150803,20150807,20150808,20150810,20150811,20150812,20150814,20150816,20150822,20150823,20150824,20150825,20150826,20150827,20150828,20150829,20150901,20150902 
G.2.1_index_2_VS_G.7.1_index_1 [12] 
20150715,20150716,20150718,20150719,20150725,20150730,20150731,20150801,20150802,20150803,20150804,20150806,20150814,20150815,20150816,20150817,20150818,20150821,20150823,20150824,20150825,20150826,20150827,20150828,20150829,20150831,20150901,20150902 
Number is 68 
G.3.4_index_4_VS_G.7.3_index_2 [13] 
20150716,20150717,20150718,20150725,20150727,20150728,20150801,20150804,20150805,20150808,20150810,20150811,20150812,20150813,20150814,20150818,20150819,20150821,20150824,20150825,20150826,20150827,20150828,20150829,20150902 
Number is 80 
G.1.1_index_4_VS_G.6.3_index_1 [14] PLUS 1 
20150715,20150716,20150717,20150722,20150723,20150724,20150725,20150726,20150727,20150728,20150730,20150802,20150809,20150811,20150818,20150819,20150820,20150824,20150825,20150826,20150827,20150828,20150829,20150830,20150901 
Number is 93 
G.2.2_index_5_VS_G.5.3_index_2 [15] 
20150717,20150718,20150721,20150723,20150724,20150725,20150727,20150728,20150730,20150731,20150806,20150808,20150811,20150812,20150815,20150818,20150822,20150824,20150825,20150826,20150827,20150828,20150829 
G.3.4_index_2_VS_G.3.4_index_1 [16] 
20150718,20150721,20150722,20150724,20150725,20150727,20150728,20150731,20150802,20150808,20150811,20150812,20150815,20150816,20150817,20150824,20150825,20150826,20150827,20150828,20150829,20150831 
Number is 94 
G.7.2_index_2_VS_G.3.1_index_2 [17] 
20150715,20150717,20150719,20150720,20150721,20150722,20150725,20150731,20150801,20150804,20150806,20150813,20150820,20150824,20150825,20150826,20150827,20150828,20150829,20150902 
