======== Current: 20120704 ========= 
Number is 00 
G.3.3_index_2_VS_G.6.1_index_1 [1] 
20120621,20120628,20120629,20120630,20120701,20120702,20120703,20120705,20120706,20120708,20120711,20120713,20120715,20120717,20120718,20120720,20120721,20120729,20120730,20120801 
Number is 09 
G.3.5_index_3_VS_G.3.1_index_2 [2] 
20120621,20120622,20120623,20120628,20120629,20120630,20120701,20120702,20120703,20120705,20120709,20120711,20120713,20120714,20120717,20120720,20120721,20120722,20120725,20120728,20120729,20120730,20120801 
Number is 12 
G.3.4_index_5_VS_G.5.2_index_3 [3] PLUS 1 
20120620,20120621,20120622,20120627,20120628,20120629,20120630,20120701,20120702,20120703,20120704,20120705,20120708,20120710,20120713,20120714,20120719,20120720,20120726,20120731,20120801 
Number is 30 
G.4.1_index_3_VS_G.3.3_index_2 [4] 
20120623,20120627,20120628,20120629,20120630,20120701,20120702,20120703,20120705,20120717,20120719,20120722,20120725,20120729,20120731 
Number is 33 
G.4.4_index_3_VS_G.3.2_index_1 [5] PLUS 1 
20120620,20120623,20120628,20120629,20120630,20120701,20120702,20120703,20120704,20120705,20120709,20120711,20120715,20120716,20120722,20120723,20120724,20120727,20120729,20120731,20120801 
Number is 36 
G.3.3_index_5_VS_G.3.4_index_2 [6] PLUS 1 
20120620,20120621,20120625,20120628,20120629,20120630,20120701,20120702,20120703,20120704,20120708,20120711,20120712,20120714,20120716,20120717,20120721,20120725,20120726,20120728 
Number is 61 
G.7.4_index_2_VS_G.3.4_index_3 [7] PLUS 1 
20120620,20120623,20120624,20120627,20120628,20120629,20120630,20120701,20120702,20120703,20120704,20120705,20120708,20120710,20120714,20120716,20120717,20120719,20120724,20120727,20120731,20120801 
Number is 77 
G.6.2_index_3_VS_G.2.2_index_2 [8] PLUS 1 
20120620,20120621,20120624,20120628,20120629,20120630,20120701,20120702,20120703,20120704,20120711,20120713,20120714,20120717,20120719,20120721,20120724,20120726 
Number is 79 
G.2.1_index_1_VS_G.3.1_index_2 [9] PLUS 1 
20120628,20120629,20120630,20120701,20120702,20120703,20120704,20120705,20120708,20120709,20120713,20120714,20120718,20120719,20120721,20120726,20120727,20120731 
Number is 96 
G.DB_index_4_VS_G.DB_index_5 [10] 
20120621,20120622,20120624,20120627,20120628,20120629,20120630,20120701,20120702,20120703,20120705,20120708,20120709,20120710,20120714,20120715,20120717,20120719,20120721,20120726,20120728,20120729,20120730 
