======== Current: 20120706 ========= 
Number is 01 
G.3.4_index_1_VS_G.DB_index_3 [1] 
20120623,20120627,20120628,20120630,20120701,20120702,20120703,20120704,20120705,20120707,20120708,20120711,20120713,20120715,20120716,20120718,20120720,20120721,20120727,20120728,20120801 
Number is 10 
G.4.4_index_3_VS_G.3.2_index_1 [2] 
20120620,20120623,20120628,20120629,20120630,20120701,20120702,20120703,20120704,20120705,20120709,20120711,20120715,20120716,20120722,20120723,20120724,20120727,20120729,20120731,20120801 
Number is 17 
G.7.4_index_2_VS_G.3.4_index_3 [3] 
20120620,20120623,20120624,20120627,20120628,20120629,20120630,20120701,20120702,20120703,20120704,20120705,20120708,20120710,20120714,20120716,20120717,20120719,20120724,20120727,20120731,20120801 
Number is 19 
G.5.2_index_2_VS_G.3.1_index_2 [4] 
20120628,20120630,20120701,20120702,20120703,20120704,20120705,20120710,20120712,20120713,20120715,20120716,20120718,20120722,20120725,20120728,20120730,20120801 
Number is 20 
G.4.4_index_1_VS_G.5.6_index_4 [5] PLUS 1 
20120620,20120621,20120622,20120624,20120625,20120630,20120701,20120702,20120703,20120704,20120705,20120706,20120707,20120708,20120709,20120713,20120715,20120716,20120718,20120719,20120722,20120724,20120727,20120728,20120730,20120731 
Number is 27 
G.4.4_index_1_VS_G.3.4_index_3 [6] 
20120620,20120622,20120623,20120627,20120629,20120630,20120701,20120702,20120703,20120704,20120705,20120708,20120712,20120715,20120716,20120720,20120721,20120724,20120725,20120801 
Number is 50 
G.4.1_index_1_VS_G.5.4_index_4 [7] PLUS 1 
20120620,20120625,20120627,20120630,20120701,20120702,20120703,20120704,20120705,20120706,20120707,20120708,20120713,20120715,20120726,20120727 
Number is 59 
G.4.2_index_4_VS_G.1.1_index_3 [8] PLUS 1 
20120622,20120624,20120625,20120628,20120630,20120701,20120702,20120703,20120704,20120705,20120706,20120710,20120712,20120713,20120714,20120720,20120721,20120722,20120724,20120725,20120726,20120728,20120730,20120801 
Number is 61 
G.6.3_index_2_VS_G.7.2_index_1 [9] PLUS 1 
20120620,20120627,20120628,20120630,20120701,20120702,20120703,20120704,20120705,20120706,20120708,20120711,20120712,20120718,20120725,20120727,20120801 
Number is 67 
G.3.4_index_5_VS_G.5.2_index_3 [10] 
20120620,20120621,20120622,20120627,20120628,20120629,20120630,20120701,20120702,20120703,20120704,20120705,20120708,20120710,20120713,20120714,20120719,20120720,20120726,20120731,20120801 
Number is 79 
G.2.2_index_5_VS_G.1.1_index_3 [11] 
20120620,20120626,20120630,20120701,20120702,20120703,20120704,20120705,20120708,20120709,20120710,20120720,20120723,20120725,20120729 
Number is 95 
G.3.1_index_2_VS_G.7.1_index_2 [12] PLUS 1 
20120620,20120626,20120627,20120628,20120630,20120701,20120702,20120703,20120704,20120705,20120706,20120709,20120710,20120712,20120715,20120722,20120723,20120724,20120725,20120727,20120728,20120730,20120801 
Number is 97 
G.6.2_index_3_VS_G.3.4_index_3 [13] 
20120620,20120623,20120627,20120629,20120630,20120701,20120702,20120703,20120704,20120705,20120709,20120711,20120717,20120720,20120723,20120724,20120725,20120726,20120728,20120729 
Number is 99 
G.2.1_index_1_VS_G.3.1_index_2 [14] 
20120628,20120629,20120630,20120701,20120702,20120703,20120704,20120705,20120708,20120709,20120713,20120714,20120718,20120719,20120721,20120726,20120727,20120731 
