======== Current: 20120716 ========= 
Number is 03 
G.4.3_index_1_VS_G.5.6_index_2 [1] 
20120622,20120624,20120626,20120630,20120704,20120709,20120710,20120711,20120712,20120713,20120714,20120715,20120717,20120719,20120723,20120727,20120728,20120729,20120731 
Number is 05 
G.3.3_index_1_VS_G.5.4_index_4 [2] PLUS 1 
20120622,20120626,20120627,20120629,20120702,20120704,20120708,20120710,20120711,20120712,20120713,20120714,20120715,20120716,20120718,20120723,20120726,20120801 
Number is 09 
G.3.3_index_1_VS_G.5.2_index_3 [3] PLUS 1 
20120624,20120625,20120627,20120628,20120701,20120704,20120705,20120707,20120708,20120709,20120710,20120711,20120712,20120713,20120714,20120715,20120716,20120718,20120719,20120720,20120723,20120726,20120729,20120730,20120801 
Number is 10 
G.1.1_index_2_VS_G.5.3_index_4 [4] PLUS 1 
20120622,20120625,20120628,20120629,20120705,20120708,20120710,20120711,20120712,20120713,20120714,20120715,20120716,20120717,20120718,20120719,20120724,20120725,20120731 
Number is 11 
G.7.1_index_2_VS_G.3.2_index_5 [5] 
20120620,20120623,20120624,20120627,20120628,20120629,20120702,20120703,20120704,20120705,20120706,20120709,20120710,20120711,20120712,20120713,20120714,20120715,20120721,20120723,20120801 
Number is 19 
G.2.2_index_5_VS_G.3.4_index_5 [6] PLUS 1 
20120620,20120621,20120622,20120628,20120629,20120630,20120704,20120708,20120709,20120710,20120711,20120712,20120713,20120714,20120715,20120716,20120718,20120720,20120721,20120722,20120724,20120728,20120730,20120731,20120801 
Number is 20 
G.3.2_index_2_VS_G.5.3_index_4 [7] 
20120628,20120702,20120705,20120706,20120710,20120711,20120712,20120713,20120714,20120715,20120717,20120719,20120720,20120721,20120723,20120726 
G.2.1_index_3_VS_G.4.3_index_1 [8] 
20120620,20120622,20120624,20120626,20120628,20120630,20120702,20120704,20120705,20120706,20120709,20120710,20120711,20120712,20120713,20120714,20120715,20120717,20120719,20120722,20120726,20120727,20120728,20120801 
Number is 21 
G.2.1_index_3_VS_G.4.3_index_3 [9] 
20120623,20120624,20120626,20120627,20120629,20120630,20120701,20120704,20120705,20120706,20120709,20120710,20120711,20120712,20120713,20120714,20120715,20120721,20120722,20120731,20120801 
Number is 22 
G.3.4_index_2_VS_G.2.1_index_3 [10] 
20120623,20120624,20120701,20120703,20120704,20120705,20120709,20120710,20120711,20120712,20120713,20120714,20120715,20120717,20120718,20120720,20120723,20120727,20120731 
Number is 30 
G.7.1_index_1_VS_G.5.3_index_4 [11] 
20120624,20120627,20120628,20120705,20120708,20120709,20120710,20120711,20120712,20120713,20120714,20120715,20120717,20120719,20120721,20120722,20120727,20120730 
Number is 31 
G.5.6_index_2_VS_G.3.2_index_5 [12] 
20120621,20120626,20120628,20120630,20120703,20120704,20120710,20120711,20120712,20120713,20120714,20120715,20120718,20120719,20120720,20120722,20120723,20120726,20120728,20120729 
Number is 32 
G.3.3_index_5_VS_G.3.2_index_2 [13] PLUS 1 
20120621,20120628,20120702,20120705,20120706,20120708,20120709,20120710,20120711,20120712,20120713,20120714,20120715,20120716,20120723,20120726,20120728,20120801 
Number is 33 
G.3.5_index_4_VS_G.3.3_index_5 [14] 
20120620,20120624,20120625,20120626,20120704,20120707,20120708,20120710,20120711,20120712,20120713,20120714,20120715,20120719,20120721,20120722,20120725,20120730 
Number is 35 
G.7.1_index_1_VS_G.5.4_index_4 [15] 
20120620,20120621,20120624,20120627,20120701,20120702,20120703,20120710,20120711,20120712,20120713,20120714,20120715,20120719,20120721,20120722,20120723,20120725,20120730 
G.5.6_index_2_VS_G.3.5_index_1 [16] 
20120622,20120627,20120629,20120703,20120707,20120710,20120711,20120712,20120713,20120714,20120715,20120718,20120721,20120722,20120725,20120726,20120727,20120729,20120730,20120731 
G.4.1_index_1_VS_G.3.6_index_2 [17] 
20120620,20120621,20120624,20120626,20120627,20120630,20120701,20120703,20120705,20120707,20120708,20120710,20120711,20120712,20120713,20120714,20120715,20120726,20120728,20120731,20120801 
Number is 36 
G.3.5_index_3_VS_G.2.1_index_4 [18] 
20120625,20120628,20120630,20120702,20120703,20120706,20120707,20120710,20120711,20120712,20120713,20120714,20120715,20120720,20120723,20120724,20120726,20120727,20120731,20120801 
Number is 39 
G.3.3_index_5_VS_G.3.4_index_5 [19] PLUS 1 
20120620,20120621,20120622,20120625,20120628,20120630,20120701,20120710,20120711,20120712,20120713,20120714,20120715,20120716,20120717,20120719,20120727,20120728,20120801 
G.1.1_index_5_VS_G.3.4_index_5 [20] PLUS 1 
20120620,20120621,20120625,20120626,20120629,20120701,20120703,20120708,20120710,20120711,20120712,20120713,20120714,20120715,20120716,20120719,20120721,20120723,20120724,20120728,20120730 
Number is 40 
G.3.2_index_1_VS_G.5.3_index_4 [21] 
20120624,20120625,20120627,20120628,20120630,20120701,20120705,20120707,20120708,20120709,20120710,20120711,20120712,20120713,20120714,20120715,20120717,20120720,20120721,20120722,20120729,20120730 
Number is 43 
G.3.2_index_4_VS_G.5.1_index_2 [22] 
20120621,20120624,20120625,20120626,20120627,20120628,20120630,20120701,20120702,20120705,20120710,20120711,20120712,20120713,20120714,20120715,20120720,20120722,20120723,20120725,20120728,20120731 
Number is 45 
G.3.2_index_1_VS_G.5.4_index_4 [23] PLUS 1 
20120620,20120625,20120629,20120704,20120705,20120707,20120708,20120709,20120710,20120711,20120712,20120713,20120714,20120715,20120716,20120720,20120721,20120724,20120725,20120727,20120729,20120730,20120731,20120801 
Number is 51 
G.5.4_index_4_VS_G.2.2_index_5 [24] 
20120620,20120626,20120629,20120630,20120701,20120708,20120709,20120710,20120711,20120712,20120713,20120714,20120715,20120722,20120723,20120725,20120726,20120727,20120730 
Number is 52 
G.5.4_index_4_VS_G.2.2_index_2 [25] PLUS 1 
20120620,20120623,20120625,20120628,20120630,20120702,20120708,20120709,20120710,20120711,20120712,20120713,20120714,20120715,20120716,20120719,20120723,20120724,20120726,20120729,20120730 
Number is 53 
G.5.4_index_4_VS_G.DB_index_4 [26] 
20120620,20120621,20120623,20120624,20120626,20120627,20120629,20120702,20120705,20120708,20120710,20120711,20120712,20120713,20120714,20120715,20120719,20120722,20120723,20120725,20120728,20120729,20120730,20120731,20120801 
Number is 55 
G.5.4_index_4_VS_G.6.3_index_1 [27] PLUS 1 
20120623,20120628,20120701,20120702,20120703,20120704,20120708,20120709,20120710,20120711,20120712,20120713,20120714,20120715,20120716,20120719,20120724,20120729 
G.3.4_index_1_VS_G.5.4_index_4 [28] PLUS 1 
20120620,20120622,20120623,20120624,20120625,20120627,20120628,20120701,20120702,20120704,20120705,20120710,20120711,20120712,20120713,20120714,20120715,20120716,20120718,20120722,20120723,20120726,20120727,20120728,20120730 
Number is 56 
G.5.4_index_4_VS_G.7.4_index_1 [29] 
20120621,20120622,20120624,20120626,20120628,20120629,20120702,20120703,20120704,20120708,20120710,20120711,20120712,20120713,20120714,20120715,20120719,20120721,20120722,20120726,20120729,20120730 
Number is 58 
G.6.3_index_1_VS_G.5.1_index_4 [30] PLUS 1 
20120621,20120622,20120626,20120627,20120629,20120706,20120708,20120709,20120710,20120711,20120712,20120713,20120714,20120715,20120716,20120727,20120728,20120729,20120801 
Number is 62 
G.7.4_index_1_VS_G.3.2_index_2 [31] PLUS 1 
20120621,20120625,20120628,20120701,20120703,20120705,20120707,20120710,20120711,20120712,20120713,20120714,20120715,20120716,20120719,20120721,20120726,20120729,20120730,20120731 
Number is 66 
G.7.3_index_1_VS_G.4.3_index_2 [32] PLUS 1 
20120621,20120622,20120628,20120703,20120706,20120707,20120708,20120710,20120711,20120712,20120713,20120714,20120715,20120716,20120717,20120718,20120721,20120723,20120725 
Number is 68 
G.7.3_index_1_VS_G.5.5_index_3 [33] PLUS 1 
20120620,20120622,20120624,20120630,20120703,20120705,20120706,20120707,20120708,20120710,20120711,20120712,20120713,20120714,20120715,20120716,20120717,20120721,20120724,20120727,20120730,20120801 
Number is 81 
G.5.1_index_4_VS_G.7.1_index_2 [34] 
20120621,20120622,20120626,20120627,20120628,20120705,20120706,20120707,20120710,20120711,20120712,20120713,20120714,20120715,20120720,20120721,20120722,20120723,20120725,20120729,20120731 
Number is 90 
G.3.4_index_5_VS_G.5.3_index_4 [35] PLUS 1 
20120621,20120624,20120625,20120626,20120628,20120629,20120701,20120704,20120705,20120706,20120708,20120710,20120711,20120712,20120713,20120714,20120715,20120716,20120717,20120720,20120721,20120722,20120725,20120727,20120801 
Number is 95 
G.3.4_index_5_VS_G.3.4_index_1 [36] 
20120625,20120627,20120702,20120704,20120706,20120707,20120708,20120710,20120711,20120712,20120713,20120714,20120715,20120720,20120722,20120730 
Number is 96 
G.4.2_index_3_VS_G.7.3_index_1 [37] PLUS 1 
20120624,20120626,20120630,20120705,20120707,20120708,20120709,20120710,20120711,20120712,20120713,20120714,20120715,20120716,20120721,20120722,20120725,20120726,20120727,20120728,20120730,20120731,20120801 
G.3.4_index_5_VS_G.2.1_index_4 [38] PLUS 1 
20120620,20120621,20120625,20120628,20120703,20120706,20120707,20120710,20120711,20120712,20120713,20120714,20120715,20120716,20120718,20120721,20120723,20120726,20120729,20120730,20120731,20120801 
Number is 98 
G.3.4_index_5_VS_G.5.4_index_2 [39] 
20120623,20120625,20120629,20120706,20120708,20120710,20120711,20120712,20120713,20120714,20120715,20120718,20120720,20120723,20120725,20120726,20120728,20120731 
