======== Current: 20120718 ========= 
Number is 00 
G.2.1_index_4_VS_G.4.4_index_4 [1] 
20120620,20120622,20120703,20120706,20120712,20120713,20120714,20120715,20120716,20120717,20120720,20120723,20120730,20120731 
Number is 03 
G.4.4_index_4_VS_G.2.1_index_3 [2] 
20120620,20120622,20120623,20120624,20120627,20120628,20120630,20120701,20120703,20120706,20120707,20120711,20120712,20120713,20120714,20120715,20120716,20120717,20120719,20120721,20120722,20120728,20120731 
G.2.1_index_4_VS_G.5.1_index_4 [3] 
20120628,20120629,20120701,20120702,20120706,20120707,20120708,20120709,20120712,20120713,20120714,20120715,20120716,20120717,20120723,20120726,20120728,20120731 
Number is 04 
G.4.4_index_1_VS_G.7.2_index_1 [4] 
20120625,20120627,20120628,20120701,20120703,20120704,20120705,20120706,20120708,20120709,20120712,20120713,20120714,20120715,20120716,20120717,20120721,20120723,20120725,20120727,20120801 
Number is 29 
G.1.1_index_2_VS_G.5.3_index_4 [5] PLUS 1 
20120622,20120625,20120628,20120629,20120705,20120708,20120710,20120711,20120712,20120713,20120714,20120715,20120716,20120717,20120718,20120719,20120724,20120725,20120731 
Number is 30 
G.3.1_index_5_VS_G.2.1_index_4 [6] 
20120621,20120624,20120628,20120701,20120704,20120705,20120708,20120712,20120713,20120714,20120715,20120716,20120717,20120720,20120721,20120723,20120726,20120730 
Number is 33 
G.3.1_index_5_VS_G.2.1_index_3 [7] 
20120620,20120624,20120625,20120629,20120630,20120702,20120705,20120707,20120712,20120713,20120714,20120715,20120716,20120717,20120719,20120722,20120724,20120726,20120728,20120801 
Number is 34 
G.3.1_index_5_VS_G.3.3_index_2 [8] PLUS 1 
20120621,20120622,20120624,20120627,20120628,20120704,20120705,20120707,20120712,20120713,20120714,20120715,20120716,20120717,20120718,20120722,20120723,20120726,20120730 
Number is 36 
G.3.1_index_5_VS_G.2.1_index_2 [9] PLUS 1 
20120620,20120622,20120624,20120626,20120630,20120703,20120705,20120707,20120708,20120712,20120713,20120714,20120715,20120716,20120717,20120718,20120719,20120721,20120724,20120728,20120730,20120801 
Number is 39 
G.2.1_index_3_VS_G.3.1_index_2 [10] 
20120621,20120624,20120628,20120702,20120703,20120704,20120705,20120712,20120713,20120714,20120715,20120716,20120717,20120719,20120720,20120722,20120723,20120725,20120726,20120727 
Number is 43 
G.4.2_index_3_VS_G.2.1_index_3 [11] PLUS 1 
20120620,20120622,20120623,20120626,20120629,20120630,20120705,20120711,20120712,20120713,20120714,20120715,20120716,20120717,20120718,20120719,20120720,20120721,20120722,20120724,20120725,20120726,20120728,20120729,20120730 
Number is 45 
G.7.2_index_1_VS_G.5.3_index_2 [12] PLUS 1 
20120620,20120622,20120625,20120627,20120628,20120702,20120704,20120707,20120708,20120712,20120713,20120714,20120715,20120716,20120717,20120718,20120719,20120727,20120729,20120730,20120731 
Number is 48 
G.3.2_index_5_VS_G.4.3_index_1 [13] 
20120623,20120624,20120629,20120704,20120712,20120713,20120714,20120715,20120716,20120717,20120719,20120721,20120722,20120728 
G.3.3_index_5_VS_G.3.4_index_5 [14] 
20120620,20120621,20120622,20120625,20120628,20120630,20120701,20120710,20120711,20120712,20120713,20120714,20120715,20120716,20120717,20120719,20120727,20120728,20120801 
Number is 60 
G.3.4_index_2_VS_G.2.1_index_4 [15] PLUS 1 
20120621,20120625,20120628,20120629,20120702,20120704,20120707,20120708,20120710,20120712,20120713,20120714,20120715,20120716,20120717,20120718,20120721,20120723,20120725,20120726,20120731,20120801 
Number is 61 
G.7.3_index_1_VS_G.4.3_index_2 [16] PLUS 1 
20120621,20120622,20120628,20120703,20120706,20120707,20120708,20120710,20120711,20120712,20120713,20120714,20120715,20120716,20120717,20120718,20120721,20120723,20120725 
Number is 62 
G.7.3_index_1_VS_G.5.5_index_3 [17] 
20120620,20120622,20120624,20120630,20120703,20120705,20120706,20120707,20120708,20120710,20120711,20120712,20120713,20120714,20120715,20120716,20120717,20120721,20120724,20120727,20120730,20120801 
Number is 64 
G.2.1_index_2_VS_G.3.2_index_5 [18] 
20120620,20120624,20120627,20120628,20120629,20120630,20120702,20120703,20120704,20120706,20120709,20120711,20120712,20120713,20120714,20120715,20120716,20120717,20120719,20120724,20120725,20120727,20120731,20120801 
Number is 66 
G.3.4_index_2_VS_G.3.5_index_4 [19] 
20120620,20120622,20120623,20120628,20120702,20120704,20120707,20120711,20120712,20120713,20120714,20120715,20120716,20120717,20120723,20120725,20120726,20120727,20120729 
Number is 68 
G.5.4_index_3_VS_G.3.2_index_3 [20] PLUS 1 
20120621,20120622,20120624,20120625,20120701,20120704,20120706,20120707,20120709,20120710,20120712,20120713,20120714,20120715,20120716,20120717,20120718,20120723,20120725,20120726,20120727 
Number is 80 
G.3.4_index_5_VS_G.2.2_index_2 [21] PLUS 1 
20120621,20120623,20120625,20120630,20120701,20120704,20120706,20120710,20120712,20120713,20120714,20120715,20120716,20120717,20120718,20120720,20120724,20120725,20120727,20120729,20120730,20120731 
G.7.2_index_2_VS_G.2.1_index_4 [22] PLUS 1 
20120620,20120624,20120628,20120629,20120701,20120704,20120708,20120712,20120713,20120714,20120715,20120716,20120717,20120718,20120722,20120723,20120725,20120726,20120727,20120728 
Number is 88 
G.3.4_index_5_VS_G.3.2_index_3 [23] 
20120621,20120623,20120626,20120701,20120706,20120707,20120708,20120712,20120713,20120714,20120715,20120716,20120717,20120720,20120722,20120731,20120801 
G.4.1_index_3_VS_G.3.4_index_5 [24] 
20120620,20120621,20120623,20120629,20120630,20120701,20120702,20120705,20120706,20120707,20120710,20120712,20120713,20120714,20120715,20120716,20120717,20120720,20120726,20120728,20120731,20120801 
Number is 89 
G.3.4_index_5_VS_G.5.3_index_4 [25] 
20120621,20120624,20120625,20120626,20120628,20120629,20120701,20120704,20120705,20120706,20120708,20120710,20120711,20120712,20120713,20120714,20120715,20120716,20120717,20120720,20120721,20120722,20120725,20120727,20120801 
Number is 92 
G.3.2_index_2_VS_G.5.5_index_3 [26] PLUS 1 
20120621,20120624,20120628,20120705,20120709,20120711,20120712,20120713,20120714,20120715,20120716,20120717,20120718,20120719,20120720,20120723,20120727,20120728,20120731,20120801 
Number is 94 
G.3.2_index_1_VS_G.4.2_index_3 [27] 
20120620,20120626,20120628,20120630,20120705,20120711,20120712,20120713,20120714,20120715,20120716,20120717,20120721,20120722,20120724,20120726,20120727,20120729,20120730,20120801 
G.3.2_index_2_VS_G.5.6_index_2 [28] 
20120622,20120623,20120625,20120701,20120706,20120707,20120711,20120712,20120713,20120714,20120715,20120716,20120717,20120720,20120722,20120723,20120726,20120728,20120729,20120801 
Number is 96 
G.3.1_index_1_VS_G.3.4_index_2 [29] PLUS 1 
20120620,20120622,20120623,20120624,20120626,20120628,20120702,20120703,20120704,20120706,20120710,20120712,20120713,20120714,20120715,20120716,20120717,20120718,20120720,20120721,20120723,20120724,20120725,20120726,20120727 
Number is 99 
G.3.1_index_1_VS_G.6.3_index_3 [30] 
20120620,20120622,20120625,20120626,20120628,20120701,20120711,20120712,20120713,20120714,20120715,20120716,20120717,20120721,20120722,20120723,20120725,20120726,20120729,20120730,20120731 
