======== Current: 20120722 ========= 
Number is 07 
G.4.2_index_4_VS_G.4.2_index_3 [1] 
20120620,20120622,20120626,20120630,20120705,20120706,20120712,20120714,20120716,20120717,20120718,20120719,20120720,20120721,20120723,20120724,20120725,20120726,20120727,20120728,20120729,20120801 
Number is 11 
G.1.1_index_4_VS_G.3.1_index_5 [2] 
20120621,20120622,20120624,20120626,20120628,20120701,20120702,20120704,20120709,20120710,20120712,20120713,20120716,20120717,20120718,20120719,20120720,20120721,20120723,20120725,20120728,20120730,20120731 
Number is 12 
G.1.1_index_4_VS_G.4.3_index_2 [3] PLUS 1 
20120621,20120622,20120625,20120626,20120628,20120705,20120708,20120709,20120710,20120711,20120716,20120717,20120718,20120719,20120720,20120721,20120722,20120724,20120729,20120801 
Number is 17 
G.4.3_index_4_VS_G.5.6_index_2 [4] PLUS 1 
20120623,20120628,20120630,20120703,20120704,20120705,20120706,20120707,20120709,20120710,20120713,20120716,20120717,20120718,20120719,20120720,20120721,20120722,20120723,20120724,20120726,20120729 
Number is 24 
G.4.3_index_2_VS_G.3.5_index_5 [5] PLUS 1 
20120620,20120622,20120626,20120628,20120629,20120630,20120703,20120704,20120706,20120709,20120710,20120713,20120716,20120717,20120718,20120719,20120720,20120721,20120722,20120728,20120729,20120731 
Number is 42 
G.3.5_index_5_VS_G.5.6_index_4 [6] PLUS 1 
20120621,20120630,20120701,20120704,20120707,20120710,20120711,20120713,20120716,20120717,20120718,20120719,20120720,20120721,20120722,20120725,20120728,20120729,20120731 
Number is 46 
G.3.6_index_2_VS_G.6.2_index_2 [7] 
20120620,20120622,20120624,20120626,20120627,20120628,20120630,20120708,20120710,20120711,20120713,20120716,20120717,20120718,20120719,20120720,20120721,20120723,20120724,20120728,20120729,20120731,20120801 
Number is 64 
G.DB_index_4_VS_G.3.5_index_5 [8] 
20120620,20120621,20120622,20120627,20120628,20120701,20120702,20120703,20120704,20120706,20120707,20120708,20120711,20120713,20120716,20120717,20120718,20120719,20120720,20120721,20120723,20120731 
Number is 68 
G.DB_index_4_VS_G.3.4_index_5 [9] PLUS 1 
20120620,20120621,20120622,20120627,20120628,20120629,20120701,20120702,20120703,20120704,20120707,20120708,20120710,20120711,20120712,20120714,20120715,20120716,20120717,20120718,20120719,20120720,20120721,20120722,20120725,20120726,20120727,20120729,20120730,20120801 
Number is 74 
G.4.2_index_3_VS_G.2.1_index_3 [10] PLUS 1 
20120620,20120622,20120623,20120626,20120629,20120630,20120705,20120711,20120712,20120713,20120714,20120715,20120716,20120717,20120718,20120719,20120720,20120721,20120722,20120724,20120725,20120726,20120728,20120729,20120730 
G.4.2_index_3_VS_G.5.1_index_2 [11] PLUS 1 
20120624,20120626,20120627,20120630,20120703,20120705,20120708,20120712,20120716,20120717,20120718,20120719,20120720,20120721,20120722,20120724,20120726,20120727,20120728,20120801 
G.7.1_index_1_VS_G.3.5_index_5 [12] PLUS 1 
20120620,20120624,20120707,20120708,20120711,20120713,20120715,20120716,20120717,20120718,20120719,20120720,20120721,20120722,20120727,20120728 
Number is 89 
G.7.2_index_1_VS_G.3.3_index_4 [13] 
20120620,20120621,20120622,20120701,20120703,20120705,20120706,20120711,20120716,20120717,20120718,20120719,20120720,20120721,20120723,20120727,20120728,20120729,20120730,20120731,20120801 
