======== Current: 20120724 ========= 
Number is 03 
G.5.3_index_3_VS_G.5.4_index_1 [1] PLUS 1 
20120620,20120621,20120623,20120624,20120626,20120627,20120706,20120715,20120718,20120719,20120720,20120721,20120722,20120723,20120724 
Number is 07 
G.3.1_index_5_VS_G.2.1_index_1 [2] 
20120623,20120625,20120628,20120701,20120708,20120709,20120710,20120713,20120715,20120718,20120719,20120720,20120721,20120722,20120723,20120726,20120728,20120731,20120801 
Number is 13 
G.4.2_index_4_VS_G.3.3_index_4 [3] PLUS 1 
20120621,20120625,20120630,20120701,20120705,20120706,20120711,20120712,20120713,20120718,20120719,20120720,20120721,20120722,20120723,20120724,20120725,20120726,20120730,20120801 
Number is 14 
G.4.1_index_3_VS_G.3.5_index_5 [4] 
20120626,20120627,20120701,20120702,20120705,20120707,20120712,20120717,20120718,20120719,20120720,20120721,20120722,20120723,20120729,20120730 
Number is 18 
G.6.2_index_3_VS_G.3.1_index_4 [5] PLUS 1 
20120622,20120623,20120624,20120628,20120708,20120709,20120710,20120711,20120713,20120715,20120718,20120719,20120720,20120721,20120722,20120723,20120724,20120725,20120726,20120731,20120801 
Number is 22 
G.4.4_index_2_VS_G.7.4_index_1 [6] 
20120623,20120626,20120704,20120707,20120710,20120713,20120715,20120716,20120718,20120719,20120720,20120721,20120722,20120723 
Number is 33 
G.3.3_index_4_VS_G.5.4_index_1 [7] 
20120621,20120622,20120623,20120628,20120629,20120701,20120704,20120706,20120709,20120711,20120713,20120714,20120717,20120718,20120719,20120720,20120721,20120722,20120723,20120725,20120726,20120727,20120730,20120801 
Number is 42 
G.3.5_index_5_VS_G.2.2_index_5 [8] PLUS 1 
20120620,20120623,20120704,20120706,20120708,20120709,20120711,20120712,20120713,20120718,20120719,20120720,20120721,20120722,20120723,20120724,20120726,20120730 
Number is 50 
G.4.3_index_4_VS_G.5.6_index_2 [9] PLUS 1 
20120623,20120628,20120630,20120703,20120704,20120705,20120706,20120707,20120709,20120710,20120713,20120716,20120717,20120718,20120719,20120720,20120721,20120722,20120723,20120724,20120726,20120729 
Number is 52 
G.1.1_index_5_VS_G.6.3_index_3 [10] PLUS 1 
20120621,20120624,20120626,20120701,20120705,20120707,20120708,20120711,20120712,20120713,20120716,20120718,20120719,20120720,20120721,20120722,20120723,20120724,20120728,20120729,20120731,20120801 
Number is 54 
G.3.4_index_3_VS_G.5.5_index_3 [11] PLUS 1 
20120620,20120624,20120629,20120630,20120702,20120703,20120704,20120705,20120707,20120711,20120712,20120714,20120718,20120719,20120720,20120721,20120722,20120723,20120724,20120725,20120727,20120728,20120731 
Number is 56 
G.2.1_index_5_VS_G.5.6_index_4 [12] 
20120621,20120622,20120625,20120627,20120628,20120630,20120703,20120707,20120708,20120709,20120710,20120711,20120714,20120716,20120718,20120719,20120720,20120721,20120722,20120723,20120731 
Number is 57 
G.1.1_index_5_VS_G.4.3_index_3 [13] PLUS 1 
20120623,20120624,20120625,20120627,20120706,20120708,20120712,20120718,20120719,20120720,20120721,20120722,20120723,20120724,20120726,20120728,20120801 
Number is 65 
G.5.2_index_3_VS_G.4.2_index_3 [14] 
20120620,20120622,20120624,20120627,20120628,20120630,20120701,20120702,20120704,20120705,20120706,20120708,20120718,20120719,20120720,20120721,20120722,20120723,20120727,20120801 
Number is 77 
G.3.6_index_5_VS_G.2.1_index_1 [15] PLUS 1 
20120622,20120705,20120706,20120708,20120715,20120718,20120719,20120720,20120721,20120722,20120723,20120724,20120728,20120801 
Number is 85 
G.4.1_index_4_VS_G.4.4_index_3 [16] PLUS 1 
20120621,20120622,20120628,20120629,20120630,20120708,20120709,20120710,20120718,20120719,20120720,20120721,20120722,20120723,20120724,20120725,20120729,20120731 
Number is 90 
G.3.5_index_1_VS_G.3.3_index_5 [17] 
20120620,20120622,20120627,20120707,20120711,20120712,20120713,20120714,20120715,20120718,20120719,20120720,20120721,20120722,20120723,20120725,20120726,20120727,20120729,20120731 
Number is 93 
G.3.5_index_4_VS_G.5.4_index_1 [18] 
20120620,20120622,20120627,20120628,20120706,20120713,20120714,20120718,20120719,20120720,20120721,20120722,20120723,20120726,20120727,20120729,20120731,20120801 
Number is 94 
G.3.5_index_4_VS_G.5.1_index_2 [19] 
20120620,20120625,20120629,20120630,20120703,20120705,20120707,20120708,20120714,20120718,20120719,20120720,20120721,20120722,20120723,20120725,20120727,20120728,20120729 
Number is 97 
G.3.5_index_4_VS_G.4.3_index_3 [20] 
20120623,20120626,20120627,20120629,20120630,20120706,20120707,20120710,20120711,20120713,20120714,20120718,20120719,20120720,20120721,20120722,20120723,20120725,20120726 
