======== Current: 20120725 ========= 
Number is 02 
G.1.1_index_5_VS_G.6.3_index_3 [1] 
20120621,20120624,20120626,20120701,20120705,20120707,20120708,20120711,20120712,20120713,20120716,20120718,20120719,20120720,20120721,20120722,20120723,20120724,20120728,20120729,20120731,20120801 
Number is 04 
G.4.2_index_4_VS_G.3.3_index_4 [2] PLUS 1 
20120621,20120625,20120630,20120701,20120705,20120706,20120711,20120712,20120713,20120718,20120719,20120720,20120721,20120722,20120723,20120724,20120725,20120726,20120730,20120801 
Number is 06 
G.1.1_index_5_VS_G.4.3_index_3 [3] 
20120623,20120624,20120625,20120627,20120706,20120708,20120712,20120718,20120719,20120720,20120721,20120722,20120723,20120724,20120726,20120728,20120801 
Number is 10 
G.5.3_index_3_VS_G.5.4_index_1 [4] 
20120620,20120621,20120623,20120624,20120626,20120627,20120706,20120715,20120718,20120719,20120720,20120721,20120722,20120723,20120724 
Number is 16 
G.2.1_index_5_VS_G.2.2_index_4 [5] PLUS 1 
20120621,20120622,20120623,20120624,20120629,20120704,20120705,20120709,20120712,20120719,20120720,20120721,20120722,20120723,20120724,20120725,20120726,20120729 
Number is 17 
G.2.1_index_5_VS_G.2.1_index_3 [6] PLUS 1 
20120620,20120621,20120627,20120628,20120630,20120701,20120703,20120706,20120711,20120713,20120716,20120719,20120720,20120721,20120722,20120723,20120724,20120725,20120728,20120730,20120731,20120801 
Number is 22 
G.3.4_index_3_VS_G.4.1_index_3 [7] 
20120620,20120623,20120626,20120705,20120707,20120709,20120713,20120714,20120716,20120719,20120720,20120721,20120722,20120723,20120724,20120728,20120731,20120801 
Number is 25 
G.4.1_index_3_VS_G.3.2_index_4 [8] PLUS 1 
20120622,20120623,20120626,20120630,20120702,20120703,20120705,20120707,20120708,20120711,20120712,20120717,20120719,20120720,20120721,20120722,20120723,20120724,20120725,20120729,20120731,20120801 
G.3.4_index_3_VS_G.5.5_index_3 [9] PLUS 1 
20120620,20120624,20120629,20120630,20120702,20120703,20120704,20120705,20120707,20120711,20120712,20120714,20120718,20120719,20120720,20120721,20120722,20120723,20120724,20120725,20120727,20120728,20120731 
Number is 36 
G.3.5_index_5_VS_G.2.2_index_5 [10] 
20120620,20120623,20120704,20120706,20120708,20120709,20120711,20120712,20120713,20120718,20120719,20120720,20120721,20120722,20120723,20120724,20120726,20120730 
Number is 40 
G.2.2_index_1_VS_G.4.4_index_3 [11] PLUS 1 
20120620,20120621,20120625,20120628,20120629,20120701,20120704,20120705,20120713,20120717,20120719,20120720,20120721,20120722,20120723,20120724,20120725,20120726,20120729,20120730 
G.4.1_index_4_VS_G.4.4_index_3 [12] PLUS 1 
20120621,20120622,20120628,20120629,20120630,20120708,20120709,20120710,20120718,20120719,20120720,20120721,20120722,20120723,20120724,20120725,20120729,20120731 
Number is 42 
G.2.1_index_1_VS_G.7.2_index_1 [13] 
20120625,20120626,20120628,20120629,20120704,20120707,20120708,20120711,20120712,20120716,20120719,20120720,20120721,20120722,20120723,20120724,20120726,20120728,20120730,20120731 
Number is 50 
G.3.3_index_5_VS_G.1.1_index_2 [14] 
20120622,20120625,20120627,20120629,20120630,20120705,20120706,20120708,20120710,20120711,20120712,20120714,20120715,20120719,20120720,20120721,20120722,20120723,20120724,20120726,20120731 
Number is 51 
G.6.2_index_3_VS_G.3.1_index_4 [15] PLUS 1 
20120622,20120623,20120624,20120628,20120708,20120709,20120710,20120711,20120713,20120715,20120718,20120719,20120720,20120721,20120722,20120723,20120724,20120725,20120726,20120731,20120801 
Number is 55 
G.4.4_index_1_VS_G.6.1_index_1 [16] PLUS 1 
20120622,20120624,20120625,20120627,20120630,20120701,20120704,20120706,20120713,20120715,20120719,20120720,20120721,20120722,20120723,20120724,20120725,20120726,20120729,20120801 
Number is 67 
G.4.3_index_4_VS_G.5.6_index_2 [17] 
20120623,20120628,20120630,20120703,20120704,20120705,20120706,20120707,20120709,20120710,20120713,20120716,20120717,20120718,20120719,20120720,20120721,20120722,20120723,20120724,20120726,20120729 
Number is 72 
G.3.3_index_3_VS_G.3.4_index_3 [18] 
20120620,20120621,20120623,20120627,20120704,20120707,20120716,20120717,20120719,20120720,20120721,20120722,20120723,20120724,20120727,20120730,20120731 
Number is 84 
G.3.6_index_5_VS_G.2.1_index_1 [19] 
20120622,20120705,20120706,20120708,20120715,20120718,20120719,20120720,20120721,20120722,20120723,20120724,20120728,20120801 
Number is 88 
G.3.2_index_5_VS_G.DB_index_3 [20] 
20120621,20120627,20120628,20120702,20120712,20120713,20120719,20120720,20120721,20120722,20120723,20120724,20120727,20120728,20120729 
