======== Current: 20120905 ========= 
Number is 00 
G.2.1_index_5_VS_G.3.6_index_1 [1] PLUS 1 
20120823,20120824,20120827,20120828,20120830,20120831,20120901,20120902,20120903,20120904,20120905,20120909,20120912,20120913,20120919,20120921,20120922,20120924,20120925,20120926,20120927,20120928,20121001 
Number is 02 
G.2.1_index_4_VS_G.DB_index_1 [2] PLUS 1 
20120820,20120823,20120825,20120830,20120831,20120901,20120902,20120903,20120904,20120905,20120911,20120917,20120918,20120919,20120922,20120924,20120925,20120930,20121001 
Number is 03 
G.2.1_index_3_VS_G.2.2_index_5 [3] PLUS 1 
20120821,20120822,20120830,20120831,20120901,20120902,20120903,20120904,20120905,20120908,20120909,20120912,20120916,20120917,20120925,20120928,20120929,20120930 
Number is 08 
G.3.6_index_1_VS_G.2.2_index_1 [4] 
20120820,20120823,20120827,20120828,20120829,20120830,20120831,20120901,20120902,20120903,20120904,20120906,20120908,20120910,20120913,20120914,20120917,20120921,20120922,20120923,20120926,20120928,20120929,20120930,20121001 
Number is 10 
G.3.6_index_4_VS_G.3.6_index_1 [5] 
20120821,20120824,20120827,20120829,20120830,20120831,20120901,20120902,20120903,20120904,20120910,20120911,20120916,20120917,20120920,20120924,20120926,20120928,20120930,20121001 
G.6.2_index_1_VS_G.5.1_index_4 [6] 
20120821,20120824,20120825,20120826,20120829,20120830,20120831,20120901,20120902,20120903,20120904,20120909,20120914,20120918,20120919,20120921,20120924,20120925,20120928,20120930 
Number is 11 
G.2.1_index_1_VS_G.6.2_index_1 [7] 
20120821,20120823,20120825,20120827,20120828,20120830,20120831,20120901,20120902,20120903,20120904,20120906,20120907,20120908,20120910,20120911,20120914,20120916,20120918,20120919,20120924,20120928 
Number is 13 
G.6.2_index_1_VS_G.4.1_index_2 [8] 
20120822,20120825,20120827,20120829,20120830,20120831,20120901,20120902,20120903,20120904,20120908,20120911,20120912,20120918,20120921,20120922,20120924,20120925,20120926 
Number is 14 
G.3.5_index_2_VS_G.3.1_index_5 [9] PLUS 1 
20120822,20120827,20120830,20120831,20120901,20120902,20120903,20120904,20120905,20120907,20120911,20120912,20120915,20120917,20120926,20120929,20120930 
Number is 16 
G.4.4_index_1_VS_G.5.6_index_2 [10] PLUS 1 
20120822,20120826,20120830,20120831,20120901,20120902,20120903,20120904,20120905,20120908,20120909,20120912,20120913,20120917,20120920,20120921,20120922,20120923,20120926,20120927,20120929,20120930 
Number is 17 
G.2.1_index_1_VS_G.5.4_index_1 [11] 
20120820,20120823,20120825,20120830,20120831,20120901,20120902,20120903,20120904,20120906,20120908,20120911,20120913,20120914,20120915,20120920,20120921,20120922,20120923,20120924,20120926,20120930 
Number is 20 
G.4.3_index_1_VS_G.3.6_index_1 [12] PLUS 1 
20120821,20120824,20120829,20120830,20120831,20120901,20120902,20120903,20120904,20120905,20120908,20120909,20120913,20120919,20120921,20120926,20120927,20120928,20120929 
Number is 22 
G.3.1_index_2_VS_G.DB_index_1 [13] 
20120820,20120821,20120822,20120825,20120828,20120830,20120831,20120901,20120902,20120903,20120904,20120907,20120908,20120910,20120911,20120912,20120914,20120916,20120917,20120918,20120919,20120924,20120926,20120928,20121001 
Number is 28 
G.3.3_index_3_VS_G.5.6_index_1 [14] PLUS 1 
20120822,20120823,20120824,20120828,20120830,20120831,20120901,20120902,20120903,20120904,20120905,20120906,20120910,20120911,20120914,20120915,20120916,20120919,20120920,20120925,20120927,20120929,20120930,20121001 
Number is 44 
G.5.3_index_4_VS_G.7.3_index_1 [15] 
20120822,20120823,20120826,20120828,20120830,20120831,20120901,20120902,20120903,20120904,20120908,20120911,20120912,20120915,20120918,20120919,20120920,20120924,20120926,20120929,20120930 
G.4.3_index_4_VS_G.5.3_index_4 [16] 
20120823,20120825,20120826,20120827,20120828,20120830,20120831,20120901,20120902,20120903,20120904,20120907,20120910,20120911,20120912,20120914,20120915,20120919,20120922,20120923,20120925,20120928 
Number is 45 
G.4.3_index_4_VS_G.3.3_index_4 [17] 
20120821,20120822,20120828,20120829,20120830,20120831,20120901,20120902,20120903,20120904,20120908,20120910,20120911,20120912,20120915,20120917,20120918,20120920,20120921,20120922,20120926,20120929 
Number is 50 
G.4.4_index_4_VS_G.2.2_index_4 [18] PLUS 1 
20120820,20120821,20120822,20120824,20120825,20120829,20120830,20120831,20120901,20120902,20120903,20120904,20120905,20120908,20120911,20120912,20120913,20120918,20120919,20120922,20120925,20120928,20120929,20120930,20121001 
Number is 51 
G.3.5_index_5_VS_G.6.2_index_1 [19] 
20120823,20120826,20120827,20120830,20120831,20120901,20120902,20120903,20120904,20120906,20120907,20120911,20120916,20120918,20120920,20120926,20120927,20120928,20120929 
Number is 54 
G.1.1_index_4_VS_G.3.1_index_5 [20] 
20120824,20120827,20120828,20120829,20120830,20120831,20120901,20120902,20120903,20120904,20120910,20120912,20120919,20120921,20120922,20120923,20120926,20120928,20120930 
Number is 55 
G.DB_index_4_VS_G.4.4_index_4 [21] 
20120821,20120822,20120824,20120826,20120829,20120830,20120831,20120901,20120902,20120903,20120904,20120912,20120916,20120919,20120920,20120921,20120927,20120928,20120929,20120930 
G.DB_index_3_VS_G.1.1_index_4 [22] 
20120820,20120821,20120822,20120824,20120825,20120827,20120828,20120829,20120830,20120831,20120901,20120902,20120903,20120904,20120910,20120911,20120912,20120914,20120915,20120921,20120928 
G.3.3_index_4_VS_G.7.2_index_2 [23] 
20120830,20120831,20120901,20120902,20120903,20120904,20120907,20120908,20120910,20120911,20120914,20120917,20120918,20120919,20120920,20120921,20120926,20121001 
Number is 58 
G.4.4_index_4_VS_G.5.6_index_1 [24] PLUS 1 
20120822,20120825,20120826,20120827,20120829,20120830,20120831,20120901,20120902,20120903,20120904,20120905,20120909,20120910,20120913,20120915,20120922,20120925,20120928 
G.1.1_index_4_VS_G.4.2_index_3 [25] PLUS 1 
20120820,20120824,20120825,20120826,20120830,20120831,20120901,20120902,20120903,20120904,20120905,20120908,20120909,20120910,20120912,20120915,20120918,20120920,20120923,20120925,20120926,20121001 
Number is 70 
G.1.1_index_2_VS_G.2.1_index_4 [26] 
20120822,20120825,20120827,20120829,20120830,20120831,20120901,20120902,20120903,20120904,20120906,20120909,20120910,20120912,20120913,20120919,20120922,20120925,20120926,20120927,20120929,20120930 
Number is 72 
G.2.2_index_3_VS_G.3.1_index_2 [27] PLUS 1 
20120821,20120822,20120823,20120824,20120825,20120826,20120827,20120828,20120830,20120831,20120901,20120902,20120903,20120904,20120905,20120907,20120912,20120914,20120916,20120920,20120923,20120924,20120928,20120929,20121001 
Number is 82 
G.5.5_index_4_VS_G.5.5_index_3 [28] PLUS 1 
20120820,20120821,20120823,20120824,20120826,20120828,20120830,20120831,20120901,20120902,20120903,20120904,20120905,20120908,20120912,20120914,20120918,20120919,20120920,20120922,20120923,20120927,20120930,20121001 
Number is 88 
G.5.4_index_4_VS_G.5.6_index_1 [29] 
20120821,20120823,20120824,20120825,20120826,20120827,20120829,20120830,20120831,20120901,20120902,20120903,20120904,20120906,20120909,20120910,20120911,20120913,20120914,20120922,20120928,20120929 
G.5.6_index_1_VS_G.3.5_index_4 [30] 
20120821,20120823,20120824,20120826,20120827,20120829,20120830,20120831,20120901,20120902,20120903,20120904,20120910,20120911,20120913,20120914,20120915,20120916,20120917,20120918,20120920,20120922,20120924,20120928 
Number is 93 
G.4.3_index_3_VS_G.2.2_index_5 [31] 
20120824,20120830,20120831,20120901,20120902,20120903,20120904,20120906,20120909,20120911,20120912,20120913,20120914,20120915,20120916,20120917,20120920,20120924,20120925,20120927,20120929 
