======== Current: 20120912 ========= 
Number is 00 
G.3.1_index_4_VS_G.6.2_index_1 [1] 
20120820,20120822,20120824,20120826,20120827,20120831,20120902,20120903,20120906,20120907,20120908,20120909,20120910,20120911,20120913,20120919,20120922,20120924,20120925,20120930,20121001 
Number is 12 
G.DB_index_2_VS_G.3.1_index_3 [2] PLUS 1 
20120823,20120825,20120830,20120901,20120903,20120906,20120907,20120908,20120909,20120910,20120911,20120912,20120916,20120917,20120918,20120919,20120922,20120923,20120925,20120928,20120930 
Number is 17 
G.1.1_index_3_VS_G.2.1_index_1 [3] PLUS 1 
20120821,20120826,20120828,20120830,20120831,20120905,20120906,20120907,20120908,20120909,20120910,20120911,20120912,20120913,20120916,20120921,20120922,20120924,20120927,20120930 
Number is 24 
G.5.3_index_1_VS_G.4.2_index_2 [4] 
20120821,20120824,20120826,20120827,20120830,20120831,20120901,20120902,20120903,20120906,20120907,20120908,20120909,20120910,20120911,20120913,20120914,20120918,20120919,20120921,20120922,20120925,20120928 
Number is 25 
G.5.3_index_1_VS_G.2.2_index_4 [5] 
20120820,20120822,20120823,20120825,20120826,20120827,20120828,20120902,20120903,20120905,20120906,20120907,20120908,20120909,20120910,20120911,20120919,20120921,20121001 
Number is 31 
G.7.4_index_2_VS_G.1.1_index_2 [6] PLUS 1 
20120820,20120822,20120824,20120825,20120826,20120827,20120830,20120903,20120904,20120906,20120907,20120908,20120909,20120910,20120911,20120912,20120913,20120915,20120916,20120922,20120923,20120924,20120926,20120927,20120929 
Number is 33 
G.3.2_index_2_VS_G.7.2_index_1 [7] 
20120820,20120821,20120825,20120826,20120828,20120829,20120831,20120902,20120904,20120906,20120907,20120908,20120909,20120910,20120911,20120921,20120922,20120923,20120925,20120930,20121001 
Number is 35 
G.5.6_index_1_VS_G.2.2_index_4 [8] 
20120825,20120826,20120829,20120902,20120904,20120906,20120907,20120908,20120909,20120910,20120911,20120915,20120923,20121001 
Number is 36 
G.2.1_index_2_VS_G.4.2_index_4 [9] 
20120824,20120826,20120901,20120903,20120905,20120906,20120907,20120908,20120909,20120910,20120911,20120914,20120916,20120918,20120923,20120925,20120927,20120928,20121001 
G.7.2_index_1_VS_G.4.2_index_4 [10] 
20120820,20120821,20120830,20120903,20120906,20120907,20120908,20120909,20120910,20120911,20120913,20120919,20120920,20120923,20120928 
Number is 39 
G.7.2_index_1_VS_G.3.3_index_3 [11] 
20120824,20120830,20120902,20120906,20120907,20120908,20120909,20120910,20120911,20120913,20120914,20120916,20120918,20120919,20120925,20120926,20120927 
Number is 40 
G.3.1_index_5_VS_G.6.2_index_1 [12] PLUS 1 
20120821,20120823,20120826,20120827,20120828,20120829,20120830,20120901,20120902,20120903,20120904,20120905,20120906,20120907,20120908,20120909,20120910,20120911,20120912,20120915,20120916,20120918,20120920,20120923,20120924,20120925,20120926,20120930 
G.4.1_index_4_VS_G.5.4_index_1 [13] PLUS 1 
20120821,20120823,20120828,20120829,20120830,20120903,20120906,20120907,20120908,20120909,20120910,20120911,20120912,20120915,20120916,20120917,20120918,20120919,20120921,20120922,20120923,20120926,20120927,20120929,20120930 
Number is 43 
G.1.1_index_1_VS_G.7.2_index_1 [14] PLUS 1 
20120827,20120828,20120829,20120830,20120831,20120904,20120906,20120907,20120908,20120909,20120910,20120911,20120912,20120913,20120914,20120917,20120920,20120923,20120929,20121001 
G.4.2_index_2_VS_G.5.5_index_4 [15] PLUS 1 
20120820,20120826,20120831,20120903,20120905,20120906,20120907,20120908,20120909,20120910,20120911,20120912,20120913,20120915,20120916,20120917,20120919,20120920,20120923,20120925,20120927,20120928,20120930,20121001 
Number is 44 
G.4.1_index_4_VS_G.5.1_index_2 [16] 
20120820,20120824,20120825,20120828,20120829,20120906,20120907,20120908,20120909,20120910,20120911,20120914,20120915,20120917,20120918,20120921,20120922,20120923,20120924,20120926,20120928,20121001 
G.4.1_index_4_VS_G.4.2_index_2 [17] 
20120820,20120831,20120903,20120905,20120906,20120907,20120908,20120909,20120910,20120911,20120913,20120914,20120917,20120920,20120921,20120923,20121001 
Number is 49 
G.4.1_index_4_VS_G.5.6_index_4 [18] 
20120821,20120823,20120829,20120901,20120904,20120906,20120907,20120908,20120909,20120910,20120911,20120913,20120917,20120918,20120922,20120926,20120929,20120930 
Number is 54 
G.3.2_index_1_VS_G.6.1_index_2 [19] 
20120822,20120823,20120825,20120826,20120828,20120829,20120902,20120904,20120906,20120907,20120908,20120909,20120910,20120911,20120913,20120914,20120916,20120917,20120918,20120919,20120922,20120923,20120924,20120929,20120930 
Number is 61 
G.3.6_index_4_VS_G.1.1_index_3 [20] PLUS 1 
20120827,20120831,20120901,20120903,20120905,20120906,20120907,20120908,20120909,20120910,20120911,20120912,20120914,20120915,20120919,20120921,20120922,20120923,20120924,20120925,20120927,20120930 
Number is 62 
G.5.5_index_2_VS_G.3.4_index_1 [21] 
20120820,20120823,20120824,20120825,20120826,20120827,20120829,20120901,20120906,20120907,20120908,20120909,20120910,20120911,20120913,20120918,20120919,20120920,20120924,20120925,20120927,20120928,20120930 
Number is 66 
G.5.4_index_2_VS_G.3.6_index_4 [22] 
20120824,20120827,20120902,20120903,20120906,20120907,20120908,20120909,20120910,20120911,20120915,20120916,20120921,20120924,20120925,20120926,20120927 
Number is 69 
G.3.6_index_4_VS_G.5.6_index_4 [23] PLUS 1 
20120822,20120823,20120824,20120825,20120826,20120827,20120829,20120830,20120831,20120901,20120903,20120906,20120907,20120908,20120909,20120910,20120911,20120912,20120913,20120916,20120918,20120920,20120921,20120922,20120925,20120928,20120930,20121001 
Number is 70 
G.5.1_index_1_VS_G.3.3_index_1 [24] 
20120824,20120825,20120827,20120828,20120829,20120905,20120906,20120907,20120908,20120909,20120910,20120911,20120915,20120916,20120918,20120919,20120920,20120921,20120924,20120925,20120926,20120928,20120929,20120930,20121001 
Number is 73 
G.3.2_index_3_VS_G.7.2_index_1 [25] 
20120820,20120821,20120824,20120828,20120829,20120904,20120906,20120907,20120908,20120909,20120910,20120911,20120913,20120914,20120915,20120917,20120919,20120920,20120921,20120922,20121001 
Number is 81 
G.4.1_index_1_VS_G.5.6_index_3 [26] PLUS 1 
20120821,20120822,20120824,20120825,20120826,20120827,20120829,20120901,20120902,20120903,20120904,20120905,20120906,20120907,20120908,20120909,20120910,20120911,20120912,20120916,20120919,20120922,20120923,20120925,20120928 
Number is 92 
G.6.3_index_2_VS_G.3.1_index_3 [27] 
20120823,20120825,20120826,20120830,20120831,20120902,20120906,20120907,20120908,20120909,20120910,20120911,20120913,20120914,20120916,20120918,20120919,20120921,20120922,20120923,20120925,20120928,20120930 
