======== Current: 20120913 ========= 
Number is 00 
G.3.1_index_4_VS_G.4.3_index_4 [1] 
20120821,20120822,20120823,20120827,20120831,20120902,20120904,20120907,20120908,20120909,20120910,20120911,20120912,20120915,20120918,20120919,20120922,20120923,20120924,20120925,20120926,20120928,20121001 
Number is 01 
G.3.6_index_4_VS_G.5.6_index_4 [2] PLUS 1 
20120822,20120823,20120824,20120825,20120826,20120827,20120829,20120830,20120831,20120901,20120903,20120906,20120907,20120908,20120909,20120910,20120911,20120912,20120913,20120916,20120918,20120920,20120921,20120922,20120925,20120928,20120930,20121001 
G.5.2_index_1_VS_G.5.4_index_3 [3] PLUS 1 
20120824,20120828,20120829,20120902,20120905,20120907,20120908,20120909,20120910,20120911,20120912,20120913,20120914,20120917,20120918,20120919,20120925,20120927,20120929 
Number is 02 
G.3.6_index_4_VS_G.1.1_index_3 [4] 
20120827,20120831,20120901,20120903,20120905,20120906,20120907,20120908,20120909,20120910,20120911,20120912,20120914,20120915,20120919,20120921,20120922,20120923,20120924,20120925,20120927,20120930 
G.DB_index_2_VS_G.3.1_index_3 [5] 
20120823,20120825,20120830,20120901,20120903,20120906,20120907,20120908,20120909,20120910,20120911,20120912,20120916,20120917,20120918,20120919,20120922,20120923,20120925,20120928,20120930 
Number is 03 
G.5.2_index_1_VS_G.5.6_index_1 [6] 
20120821,20120826,20120829,20120901,20120902,20120904,20120907,20120908,20120909,20120910,20120911,20120912,20120914,20120916,20120917,20120918,20120919,20120920,20120925,20120928,20121001 
G.DB_index_2_VS_G.5.3_index_1 [7] 
20120820,20120822,20120825,20120826,20120827,20120828,20120903,20120907,20120908,20120909,20120910,20120911,20120912,20120918,20120919,20120920,20120921,20120922,20120924,20120928,20121001 
Number is 05 
G.5.2_index_1_VS_G.3.2_index_2 [8] PLUS 1 
20120825,20120826,20120903,20120905,20120907,20120908,20120909,20120910,20120911,20120912,20120913,20120916,20120917,20120919,20120923,20120925,20120926,20120929,20120930 
Number is 08 
G.5.2_index_1_VS_G.4.1_index_4 [9] PLUS 1 
20120820,20120828,20120902,20120907,20120908,20120909,20120910,20120911,20120912,20120913,20120916,20120919,20120920,20120923,20120926,20120927,20120928,20120930,20121001 
G.5.2_index_1_VS_G.4.4_index_2 [10] PLUS 1 
20120827,20120829,20120830,20120902,20120907,20120908,20120909,20120910,20120911,20120912,20120913,20120914,20120917,20120918,20120925,20120928,20120929 
Number is 09 
G.DB_index_2_VS_G.5.3_index_4 [11] 
20120825,20120826,20120827,20120828,20120829,20120902,20120903,20120905,20120907,20120908,20120909,20120910,20120911,20120912,20120916,20120917,20120919,20120920,20120921,20120922,20120924,20120925 
G.5.2_index_1_VS_G.7.1_index_2 [12] 
20120822,20120825,20120826,20120827,20120902,20120905,20120907,20120908,20120909,20120910,20120911,20120912,20120914,20120915,20120918,20120920,20120929,20121001 
Number is 11 
G.4.2_index_2_VS_G.5.5_index_4 [13] PLUS 1 
20120820,20120826,20120831,20120903,20120905,20120906,20120907,20120908,20120909,20120910,20120911,20120912,20120913,20120915,20120916,20120917,20120919,20120920,20120923,20120925,20120927,20120928,20120930,20121001 
Number is 19 
G.5.6_index_4_VS_G.5.5_index_3 [14] 
20120822,20120824,20120826,20120830,20120831,20120901,20120907,20120908,20120909,20120910,20120911,20120912,20120915,20120916,20120919,20120921,20120923,20120925,20120927,20120928,20120930 
Number is 20 
G.1.1_index_4_VS_G.4.2_index_4 [15] 
20120821,20120823,20120829,20120831,20120901,20120902,20120903,20120907,20120908,20120909,20120910,20120911,20120912,20120915,20120916,20120918,20120921,20120925,20120927 
Number is 21 
G.4.1_index_1_VS_G.5.4_index_3 [16] PLUS 1 
20120820,20120823,20120825,20120827,20120829,20120831,20120907,20120908,20120909,20120910,20120911,20120912,20120913,20120916,20120919,20120923,20120925,20120927,20120928,20120930 
Number is 23 
G.4.1_index_1_VS_G.5.3_index_1 [17] PLUS 1 
20120820,20120821,20120822,20120823,20120825,20120827,20120828,20120830,20120902,20120903,20120904,20120905,20120907,20120908,20120909,20120910,20120911,20120912,20120913,20120915,20120916,20120925,20120927,20121001 
G.3.5_index_4_VS_G.5.3_index_1 [18] PLUS 1 
20120820,20120821,20120823,20120824,20120825,20120901,20120902,20120903,20120905,20120907,20120908,20120909,20120910,20120911,20120912,20120913,20120915,20120919,20120920,20120921,20120922,20120924,20120930 
Number is 24 
G.4.1_index_1_VS_G.5.6_index_3 [19] 
20120821,20120822,20120824,20120825,20120826,20120827,20120829,20120901,20120902,20120903,20120904,20120905,20120906,20120907,20120908,20120909,20120910,20120911,20120912,20120916,20120919,20120922,20120923,20120925,20120928 
Number is 25 
G.1.1_index_3_VS_G.2.1_index_1 [20] PLUS 1 
20120821,20120826,20120828,20120830,20120831,20120905,20120906,20120907,20120908,20120909,20120910,20120911,20120912,20120913,20120916,20120921,20120922,20120924,20120927,20120930 
Number is 28 
G.4.1_index_1_VS_G.7.3_index_1 [21] PLUS 1 
20120821,20120823,20120824,20120827,20120828,20120831,20120901,20120907,20120908,20120909,20120910,20120911,20120912,20120913,20120919,20120927,20120928 
Number is 29 
G.3.5_index_4_VS_G.5.3_index_4 [22] 
20120821,20120822,20120825,20120826,20120829,20120901,20120903,20120907,20120908,20120909,20120910,20120911,20120912,20120915,20120916,20120922,20120924,20120929 
Number is 30 
G.6.2_index_3_VS_G.5.2_index_1 [23] 
20120820,20120826,20120827,20120828,20120902,20120907,20120908,20120909,20120910,20120911,20120912,20120918,20120923,20120927 
Number is 35 
G.2.2_index_5_VS_G.7.2_index_1 [24] PLUS 1 
20120820,20120821,20120824,20120830,20120901,20120902,20120904,20120907,20120908,20120909,20120910,20120911,20120912,20120913,20120914,20120915,20120916,20120917,20120918,20120920,20120922,20120923,20120925,20120927,20120930,20121001 
Number is 36 
G.5.3_index_1_VS_G.DB_index_4 [25] PLUS 1 
20120820,20120821,20120822,20120823,20120901,20120902,20120904,20120907,20120908,20120909,20120910,20120911,20120912,20120913,20120914,20120916,20120918,20120919,20120920,20120921,20120922,20120925,20120926,20120927,20120928,20120930 
Number is 38 
G.5.3_index_1_VS_G.6.1_index_3 [26] 
20120820,20120821,20120824,20120825,20120826,20120827,20120830,20120907,20120908,20120909,20120910,20120911,20120912,20120914,20120916,20120917,20120921,20120922,20120930 
G.3.4_index_4_VS_G.3.2_index_4 [27] 
20120821,20120822,20120825,20120827,20120901,20120907,20120908,20120909,20120910,20120911,20120912,20120916,20120917,20120921,20120924,20120925,20120929,20121001 
Number is 40 
G.3.1_index_5_VS_G.3.4_index_2 [28] PLUS 1 
20120820,20120822,20120824,20120825,20120826,20120827,20120828,20120901,20120902,20120904,20120905,20120907,20120908,20120909,20120910,20120911,20120912,20120913,20120920,20120921,20120922,20120925,20120926,20120929,20120930 
Number is 44 
G.3.1_index_5_VS_G.6.2_index_1 [29] 
20120821,20120823,20120826,20120827,20120828,20120829,20120830,20120901,20120902,20120903,20120904,20120905,20120906,20120907,20120908,20120909,20120910,20120911,20120912,20120915,20120916,20120918,20120920,20120923,20120924,20120925,20120926,20120930 
G.5.6_index_3_VS_G.2.1_index_3 [30] 
20120821,20120822,20120825,20120826,20120829,20120830,20120831,20120903,20120905,20120907,20120908,20120909,20120910,20120911,20120912,20120914,20120918,20120919,20120920,20120921,20120922,20120926,20120927,20120928,20120929,20120930 
Number is 48 
G.DB_index_3_VS_G.7.3_index_2 [31] 
20120820,20120821,20120828,20120830,20120903,20120907,20120908,20120909,20120910,20120911,20120912,20120914,20120915,20120917,20120919,20120920,20120921,20120923,20120925,20120928,20120929,20120930,20121001 
Number is 50 
G.7.2_index_1_VS_G.4.3_index_4 [32] PLUS 1 
20120821,20120822,20120825,20120828,20120831,20120903,20120904,20120905,20120907,20120908,20120909,20120910,20120911,20120912,20120913,20120914,20120916,20120920,20120923,20120924,20120925,20120926,20120927,20120929,20121001 
Number is 60 
G.5.3_index_2_VS_G.5.2_index_1 [33] 
20120823,20120825,20120826,20120828,20120829,20120830,20120904,20120905,20120907,20120908,20120909,20120910,20120911,20120912,20120914,20120916,20120917,20120921,20120926,20120927,20120930 
Number is 71 
G.7.4_index_2_VS_G.1.1_index_2 [34] PLUS 1 
20120820,20120822,20120824,20120825,20120826,20120827,20120830,20120903,20120904,20120906,20120907,20120908,20120909,20120910,20120911,20120912,20120913,20120915,20120916,20120922,20120923,20120924,20120926,20120927,20120929 
Number is 73 
G.2.1_index_4_VS_G.5.3_index_1 [35] PLUS 1 
20120820,20120823,20120825,20120826,20120828,20120829,20120830,20120905,20120907,20120908,20120909,20120910,20120911,20120912,20120913,20120914,20120915,20120918,20120922,20121001 
Number is 80 
G.4.1_index_4_VS_G.3.3_index_1 [36] PLUS 1 
20120821,20120824,20120827,20120830,20120903,20120905,20120907,20120908,20120909,20120910,20120911,20120912,20120913,20120915,20120918,20120920,20120921,20120923,20120924,20120930 
Number is 82 
G.3.6_index_3_VS_G.4.1_index_1 [37] PLUS 1 
20120823,20120824,20120826,20120829,20120903,20120904,20120907,20120908,20120909,20120910,20120911,20120912,20120913,20120914,20120916,20120917,20120918,20120920,20120929 
Number is 84 
G.5.4_index_1_VS_G.DB_index_3 [38] 
20120820,20120821,20120822,20120825,20120830,20120831,20120901,20120902,20120907,20120908,20120909,20120910,20120911,20120912,20120914,20120915,20120918,20120921,20120922,20120923,20120926,20120929,20120930 
Number is 85 
G.1.1_index_1_VS_G.7.2_index_1 [39] PLUS 1 
20120827,20120828,20120829,20120830,20120831,20120904,20120906,20120907,20120908,20120909,20120910,20120911,20120912,20120913,20120914,20120917,20120920,20120923,20120929,20121001 
Number is 86 
G.5.4_index_1_VS_G.5.1_index_3 [40] PLUS 1 
20120822,20120831,20120901,20120904,20120905,20120907,20120908,20120909,20120910,20120911,20120912,20120913,20120914,20120922,20120924,20120925,20120927,20120930 
Number is 87 
G.3.6_index_3_VS_G.5.5_index_1 [41] PLUS 1 
20120823,20120828,20120830,20120905,20120907,20120908,20120909,20120910,20120911,20120912,20120913,20120914,20120917,20120918,20120920,20120925,20120926 
Number is 88 
G.4.1_index_4_VS_G.2.2_index_2 [42] 
20120820,20120821,20120827,20120829,20120830,20120831,20120901,20120907,20120908,20120909,20120910,20120911,20120912,20120914,20120922,20120923,20120924,20120928,20120930,20121001 
G.4.1_index_4_VS_G.5.4_index_1 [43] 
20120821,20120823,20120828,20120829,20120830,20120903,20120906,20120907,20120908,20120909,20120910,20120911,20120912,20120915,20120916,20120917,20120918,20120919,20120921,20120922,20120923,20120926,20120927,20120929,20120930 
