======== Current: 20120917 ========= 
Number is 04 
G.1.1_index_3_VS_G.6.3_index_3 [1] 
20120821,20120825,20120831,20120903,20120905,20120907,20120908,20120910,20120911,20120912,20120913,20120914,20120915,20120916,20120921,20120924,20120926,20120929,20120930,20121001 
G.7.3_index_1_VS_G.3.4_index_2 [2] 
20120820,20120821,20120822,20120823,20120827,20120828,20120829,20120830,20120905,20120907,20120910,20120911,20120912,20120913,20120914,20120915,20120916,20120918,20120923,20120928,20120930,20121001 
Number is 07 
G.5.6_index_4_VS_G.5.4_index_3 [3] PLUS 1 
20120824,20120829,20120830,20120901,20120904,20120905,20120909,20120910,20120911,20120912,20120913,20120914,20120915,20120916,20120917,20120918,20120919,20120922,20120927,20120928 
G.7.3_index_1_VS_G.4.3_index_2 [4] PLUS 1 
20120821,20120823,20120824,20120826,20120827,20120828,20120830,20120907,20120910,20120911,20120912,20120913,20120914,20120915,20120916,20120917,20120918,20120919,20120922,20120923,20120924,20120928,20121001 
Number is 09 
G.5.2_index_3_VS_G.2.2_index_5 [5] PLUS 1 
20120822,20120825,20120826,20120827,20120831,20120901,20120902,20120905,20120909,20120910,20120911,20120912,20120913,20120914,20120915,20120916,20120917,20120918,20120925,20120927 
Number is 26 
G.3.1_index_2_VS_G.3.2_index_5 [6] PLUS 1 
20120822,20120823,20120824,20120825,20120827,20120829,20120831,20120901,20120905,20120907,20120911,20120912,20120913,20120914,20120915,20120916,20120917,20120923,20120924,20120926,20120927 
Number is 27 
G.5.5_index_4_VS_G.5.5_index_1 [7] PLUS 1 
20120823,20120825,20120826,20120829,20120831,20120901,20120903,20120905,20120908,20120910,20120911,20120912,20120913,20120914,20120915,20120916,20120917,20120919,20120923,20120927,20120928,20120929,20120930 
Number is 30 
G.3.5_index_5_VS_G.1.1_index_3 [8] PLUS 1 
20120824,20120827,20120828,20120830,20120906,20120907,20120909,20120911,20120912,20120913,20120914,20120915,20120916,20120917,20120919,20120925,20120926,20120930,20121001 
Number is 34 
G.6.1_index_3_VS_G.5.1_index_3 [9] 
20120821,20120827,20120829,20120901,20120902,20120905,20120908,20120909,20120910,20120911,20120912,20120913,20120914,20120915,20120916,20120919,20120925,20120930 
Number is 40 
G.1.1_index_2_VS_G.5.6_index_4 [10] 
20120821,20120824,20120827,20120830,20120831,20120904,20120906,20120907,20120909,20120911,20120912,20120913,20120914,20120915,20120916,20120920,20120921,20120922,20120925,20120927,20120929 
Number is 41 
G.4.1_index_2_VS_G.7.3_index_2 [11] PLUS 1 
20120820,20120821,20120823,20120827,20120901,20120904,20120905,20120911,20120912,20120913,20120914,20120915,20120916,20120917,20120918,20120920,20120923,20120925,20120926,20120928,20120930,20121001 
G.1.1_index_2_VS_G.7.3_index_2 [12] PLUS 1 
20120823,20120824,20120827,20120830,20120904,20120906,20120909,20120910,20120911,20120912,20120913,20120914,20120915,20120916,20120917,20120920,20120921,20120924,20120928,20120929,20120930 
Number is 42 
G.4.1_index_1_VS_G.5.5_index_4 [13] 
20120822,20120824,20120827,20120828,20120830,20120831,20120901,20120903,20120908,20120909,20120910,20120911,20120912,20120913,20120914,20120915,20120916,20120919,20120920,20120923,20120930,20121001 
Number is 45 
G.5.1_index_3_VS_G.5.4_index_4 [14] 
20120820,20120826,20120827,20120828,20120829,20120831,20120902,20120903,20120904,20120906,20120909,20120911,20120912,20120913,20120914,20120915,20120916,20120919,20120924,20120928 
G.2.2_index_4_VS_G.7.4_index_1 [15] 
20120825,20120826,20120828,20120831,20120902,20120907,20120911,20120912,20120913,20120914,20120915,20120916,20120918,20120919,20120924,20120929,20121001 
Number is 48 
G.4.1_index_2_VS_G.DB_index_5 [16] 
20120820,20120823,20120825,20120827,20120828,20120829,20120830,20120901,20120903,20120907,20120908,20120911,20120912,20120913,20120914,20120915,20120916,20120918,20120924,20120925,20120927,20120928 
Number is 50 
G.7.4_index_1_VS_G.5.6_index_4 [17] 
20120821,20120825,20120826,20120830,20120831,20120911,20120912,20120913,20120914,20120915,20120916,20120920,20120922,20120929,20121001 
Number is 54 
G.6.3_index_1_VS_G.4.1_index_2 [18] 
20120823,20120830,20120903,20120904,20120906,20120911,20120912,20120913,20120914,20120915,20120916,20120919,20120921,20120925,20120926,20121001 
Number is 59 
G.5.4_index_4_VS_G.2.2_index_5 [19] 
20120820,20120821,20120823,20120824,20120826,20120827,20120901,20120902,20120903,20120904,20120906,20120909,20120911,20120912,20120913,20120914,20120915,20120916,20120918,20120919,20120927,20120929,20120930 
Number is 60 
G.5.6_index_1_VS_G.1.1_index_3 [20] 
20120821,20120822,20120827,20120828,20120830,20120831,20120902,20120904,20120909,20120910,20120911,20120912,20120913,20120914,20120915,20120916,20120924 
Number is 64 
G.4.2_index_2_VS_G.5.2_index_4 [21] 
20120820,20120822,20120823,20120824,20120825,20120826,20120827,20120828,20120830,20120906,20120907,20120911,20120912,20120913,20120914,20120915,20120916,20120918,20120919,20120921,20121001 
Number is 66 
G.2.1_index_1_VS_G.4.3_index_3 [22] PLUS 1 
20120821,20120822,20120825,20120826,20120828,20120831,20120901,20120902,20120906,20120908,20120911,20120912,20120913,20120914,20120915,20120916,20120917,20120918,20120920,20120922,20120923,20120925,20120926,20120927,20120928 
G.4.2_index_2_VS_G.4.4_index_2 [23] PLUS 1 
20120821,20120825,20120826,20120902,20120905,20120908,20120909,20120911,20120912,20120913,20120914,20120915,20120916,20120917,20120918,20120919,20120921,20120923,20120926,20120930 
Number is 68 
G.3.2_index_5_VS_G.1.1_index_4 [24] 
20120822,20120823,20120824,20120827,20120829,20120831,20120902,20120903,20120905,20120910,20120911,20120912,20120913,20120914,20120915,20120916,20120918,20120924,20120927,20120928 
Number is 69 
G.4.2_index_2_VS_G.2.2_index_5 [25] PLUS 1 
20120821,20120824,20120825,20120827,20120831,20120901,20120904,20120905,20120906,20120907,20120908,20120911,20120912,20120913,20120914,20120915,20120916,20120917,20120919,20120920,20120923,20120925,20120929 
G.4.3_index_3_VS_G.2.2_index_5 [26] PLUS 1 
20120824,20120830,20120831,20120901,20120902,20120903,20120904,20120906,20120909,20120911,20120912,20120913,20120914,20120915,20120916,20120917,20120920,20120924,20120925,20120927,20120929 
Number is 71 
G.5.4_index_3_VS_G.7.3_index_2 [27] PLUS 1 
20120821,20120822,20120823,20120828,20120829,20120830,20120901,20120902,20120905,20120907,20120908,20120911,20120912,20120913,20120914,20120915,20120916,20120917,20120920,20120922,20120923,20120925,20120929 
G.4.4_index_1_VS_G.6.1_index_2 [28] PLUS 1 
20120823,20120825,20120826,20120827,20120831,20120901,20120903,20120904,20120907,20120909,20120911,20120912,20120913,20120914,20120915,20120916,20120917,20120919,20120921,20120922,20120923,20120924,20120925,20120927,20120929,20120930 
Number is 79 
G.5.4_index_3_VS_G.7.2_index_2 [29] PLUS 1 
20120821,20120822,20120823,20120824,20120825,20120827,20120828,20120901,20120904,20120905,20120906,20120908,20120911,20120912,20120913,20120914,20120915,20120916,20120917,20120918,20120919,20120921,20120929,20121001 
Number is 85 
G.DB_index_5_VS_G.4.3_index_1 [30] 
20120823,20120825,20120830,20120905,20120908,20120910,20120911,20120912,20120913,20120914,20120915,20120916,20120922,20120924,20120925,20120926,20120930 
Number is 86 
G.1.1_index_4_VS_G.4.2_index_2 [31] 
20120821,20120825,20120827,20120828,20120829,20120831,20120901,20120903,20120909,20120910,20120911,20120912,20120913,20120914,20120915,20120916,20120918,20120919,20120920,20120921,20120923,20120926,20120928,20120930,20121001 
Number is 93 
G.1.1_index_1_VS_G.7.4_index_2 [32] PLUS 1 
20120821,20120824,20120830,20120831,20120901,20120904,20120905,20120906,20120907,20120911,20120912,20120913,20120914,20120915,20120916,20120917,20120921,20120926,20120927,20120930,20121001 
G.2.2_index_3_VS_G.6.1_index_3 [33] PLUS 1 
20120831,20120901,20120902,20120903,20120907,20120908,20120909,20120911,20120912,20120913,20120914,20120915,20120916,20120917,20120920,20120922,20120929,20121001 
Number is 94 
G.5.2_index_1_VS_G.6.3_index_3 [34] 
20120823,20120825,20120826,20120827,20120828,20120829,20120901,20120902,20120910,20120911,20120912,20120913,20120914,20120915,20120916,20120919,20120922,20120928,20120929,20120930 
Number is 96 
G.5.3_index_3_VS_G.3.5_index_4 [35] PLUS 1 
20120826,20120827,20120901,20120902,20120903,20120905,20120906,20120907,20120911,20120912,20120913,20120914,20120915,20120916,20120917,20120918,20120920,20120921,20120928 
G.2.2_index_1_VS_G.4.3_index_3 [36] PLUS 1 
20120821,20120822,20120828,20120831,20120903,20120904,20120906,20120907,20120909,20120911,20120912,20120913,20120914,20120915,20120916,20120917,20120920,20120924,20120926,20120928,20121001 
G.2.2_index_5_VS_G.7.2_index_1 [37] PLUS 1 
20120820,20120821,20120824,20120830,20120901,20120902,20120904,20120907,20120908,20120909,20120910,20120911,20120912,20120913,20120914,20120915,20120916,20120917,20120918,20120920,20120922,20120923,20120925,20120927,20120930,20121001 
Number is 97 
G.2.2_index_1_VS_G.2.1_index_4 [38] PLUS 1 
20120820,20120821,20120822,20120824,20120825,20120828,20120830,20120901,20120904,20120907,20120908,20120909,20120911,20120912,20120913,20120914,20120915,20120916,20120917,20120920,20120923,20120924,20120925,20120927,20120928,20120929,20120930,20121001 
