======== Current: 20120930 ========= 
Number is 09 
G.3.4_index_4_VS_G.3.5_index_2 [1] PLUS 1 
20120821,20120824,20120825,20120826,20120828,20120903,20120905,20120911,20120912,20120913,20120914,20120916,20120919,20120920,20120922,20120924,20120925,20120926,20120927,20120928,20120929,20120930 
Number is 18 
G.3.3_index_5_VS_G.4.3_index_1 [2] 
20120822,20120829,20120903,20120910,20120911,20120914,20120915,20120916,20120918,20120919,20120921,20120924,20120925,20120926,20120927,20120928,20120929,20121001 
Number is 20 
G.6.1_index_2_VS_G.3.4_index_4 [3] 
20120821,20120823,20120824,20120825,20120826,20120902,20120904,20120905,20120906,20120908,20120909,20120913,20120914,20120916,20120917,20120919,20120920,20120921,20120922,20120924,20120925,20120926,20120927,20120928,20120929,20121001 
Number is 44 
G.7.3_index_1_VS_G.5.6_index_2 [4] 
20120822,20120824,20120826,20120828,20120830,20120901,20120903,20120905,20120908,20120909,20120910,20120912,20120913,20120914,20120915,20120923,20120924,20120925,20120926,20120927,20120928,20120929,20121001 
Number is 46 
G.4.1_index_4_VS_G.3.5_index_4 [5] PLUS 1 
20120820,20120823,20120827,20120828,20120830,20120831,20120902,20120903,20120905,20120908,20120909,20120910,20120911,20120912,20120913,20120915,20120916,20120917,20120920,20120923,20120924,20120925,20120926,20120927,20120928,20120929,20120930,20121001 
Number is 47 
G.4.1_index_4_VS_G.3.4_index_3 [6] 
20120822,20120823,20120825,20120827,20120831,20120902,20120903,20120904,20120905,20120906,20120908,20120909,20120910,20120912,20120914,20120917,20120918,20120921,20120923,20120924,20120925,20120926,20120927,20120928,20120929,20121001 
Number is 48 
G.5.1_index_1_VS_G.4.3_index_1 [7] PLUS 1 
20120820,20120822,20120825,20120828,20120830,20120904,20120905,20120906,20120907,20120908,20120913,20120914,20120915,20120918,20120919,20120922,20120923,20120924,20120925,20120926,20120927,20120928,20120929,20120930 
Number is 51 
G.3.5_index_1_VS_G.3.5_index_3 [8] 
20120820,20120821,20120825,20120827,20120828,20120829,20120904,20120908,20120909,20120910,20120911,20120914,20120918,20120923,20120924,20120925,20120926,20120927,20120928,20120929,20121001 
G.4.1_index_1_VS_G.3.3_index_1 [9] 
20120829,20120901,20120903,20120905,20120907,20120912,20120920,20120924,20120925,20120926,20120927,20120928,20120929 
Number is 56 
G.5.4_index_2_VS_G.3.2_index_2 [10] 
20120830,20120831,20120903,20120905,20120906,20120910,20120913,20120916,20120918,20120922,20120923,20120924,20120925,20120926,20120927,20120928,20120929 
G.2.1_index_4_VS_G.3.5_index_5 [11] 
20120821,20120828,20120829,20120830,20120831,20120903,20120905,20120908,20120910,20120912,20120913,20120914,20120917,20120918,20120919,20120922,20120924,20120925,20120926,20120927,20120928,20120929 
Number is 60 
G.4.4_index_4_VS_G.2.1_index_5 [12] 
20120820,20120821,20120823,20120824,20120826,20120830,20120831,20120901,20120903,20120905,20120911,20120912,20120913,20120914,20120916,20120921,20120922,20120924,20120925,20120926,20120927,20120928,20120929 
Number is 63 
G.3.5_index_5_VS_G.2.2_index_5 [13] PLUS 1 
20120821,20120822,20120825,20120830,20120904,20120905,20120912,20120913,20120916,20120917,20120918,20120919,20120920,20120923,20120924,20120925,20120926,20120927,20120928,20120929,20120930 
Number is 68 
G.4.2_index_1_VS_G.6.2_index_1 [14] 
20120820,20120824,20120825,20120826,20120830,20120901,20120903,20120906,20120907,20120908,20120910,20120912,20120914,20120916,20120918,20120920,20120921,20120922,20120924,20120925,20120926,20120927,20120928,20120929 
Number is 77 
G.2.2_index_1_VS_G.5.1_index_2 [15] PLUS 1 
20120820,20120822,20120826,20120828,20120907,20120909,20120910,20120912,20120915,20120917,20120918,20120919,20120923,20120924,20120925,20120926,20120927,20120928,20120929,20120930 
Number is 81 
G.6.2_index_1_VS_G.5.2_index_1 [16] 
20120821,20120822,20120823,20120825,20120826,20120827,20120829,20120831,20120902,20120908,20120911,20120912,20120913,20120914,20120915,20120919,20120920,20120922,20120923,20120924,20120925,20120926,20120927,20120928,20120929 
