======== Current: 20151210 ========= 
Number is 01 
G.5.5_index_3_VS_G.3.2_index_3 [1] 
20151117,20151121,20151123,20151124,20151129,20151130,20151201,20151202,20151203,20151204,20151205,20151206,20151207,20151208,20151209,20151211,20151216,20151219,20151221,20151222,20151223,20151224,20151227,20151231 
Number is 12 
G.7.4_index_2_VS_G.6.3_index_3 [2] 
20151117,20151123,20151124,20151125,20151201,20151204,20151205,20151206,20151207,20151208,20151209,20151211,20151214,20151216,20151217,20151218,20151221,20151226,20151227,20151228,20151230,20151231 
Number is 14 
G.5.3_index_2_VS_G.1.1_index_5 [3] PLUS 1 
20151118,20151120,20151121,20151128,20151129,20151201,20151202,20151204,20151205,20151206,20151207,20151208,20151209,20151210,20151211,20151214,20151215,20151217,20151219,20151222,20151224,20151227 
Number is 15 
G.7.4_index_2_VS_G.3.5_index_4 [4] 
20151117,20151118,20151122,20151123,20151124,20151126,20151129,20151204,20151205,20151206,20151207,20151208,20151209,20151214,20151215,20151216,20151219,20151220,20151221,20151229,20151230,20151231,20160101,20160102 
Number is 17 
G.7.4_index_2_VS_G.3.1_index_2 [5] PLUS 1 
20151123,20151124,20151126,20151127,20151204,20151205,20151206,20151207,20151208,20151209,20151210,20151211,20151214,20151216,20151220,20151223,20151229,20160101,20160102 
Number is 22 
G.6.3_index_2_VS_G.5.3_index_1 [6] 
20151116,20151118,20151119,20151124,20151125,20151127,20151128,20151201,20151203,20151204,20151205,20151206,20151207,20151208,20151209,20151212,20151219,20151221,20151225,20151228,20160101 
Number is 25 
G.3.2_index_5_VS_G.3.5_index_4 [7] PLUS 1 
20151117,20151122,20151127,20151128,20151129,20151201,20151202,20151203,20151204,20151205,20151206,20151207,20151208,20151209,20151210,20151213,20151217,20151219,20151220,20151224,20151225,20151226,20151228,20151229,20160102 
Number is 27 
G.5.3_index_1_VS_G.3.2_index_1 [8] 
20151116,20151118,20151120,20151121,20151122,20151124,20151201,20151204,20151205,20151206,20151207,20151208,20151209,20151219,20151224,20151225,20151226,20151228,20160102 
Number is 31 
G.5.3_index_4_VS_G.7.4_index_2 [9] PLUS 1 
20151118,20151130,20151204,20151205,20151206,20151207,20151208,20151209,20151210,20151218,20151219,20151221,20151223,20151225,20151230,20151231 
Number is 39 
G.3.3_index_5_VS_G.5.4_index_2 [10] 
20151118,20151119,20151121,20151123,20151125,20151126,20151129,20151204,20151205,20151206,20151207,20151208,20151209,20151213,20151215,20151216,20151219,20151224,20151225,20151226,20151229,20151230,20151231 
Number is 47 
G.3.6_index_2_VS_G.5.2_index_1 [11] PLUS 1 
20151116,20151122,20151125,20151129,20151130,20151204,20151205,20151206,20151207,20151208,20151209,20151210,20151212,20151216,20151219,20151224,20151228 
Number is 48 
G.5.2_index_4_VS_G.6.2_index_1 [12] PLUS 1 
20151117,20151118,20151121,20151122,20151128,20151129,20151201,20151202,20151204,20151205,20151206,20151207,20151208,20151209,20151210,20151211,20151213,20151215,20151217,20151223,20151224,20151227,20151228,20151229,20151231 
G.3.2_index_4_VS_G.3.1_index_5 [13] PLUS 1 
20151120,20151123,20151126,20151127,20151128,20151129,20151130,20151202,20151204,20151205,20151206,20151207,20151208,20151209,20151210,20151217,20151219,20151224,20160101,20160102 
Number is 50 
G.3.5_index_4_VS_G.6.3_index_1 [14] PLUS 1 
20151117,20151119,20151120,20151121,20151124,20151126,20151127,20151129,20151130,20151201,20151204,20151205,20151206,20151207,20151208,20151209,20151210,20151211,20151212,20151215,20151217,20151218,20151219,20151220,20151222,20151223,20151225,20151227,20151230,20151231 
Number is 57 
G.3.5_index_4_VS_G.3.6_index_5 [15] 
20151118,20151121,20151122,20151124,20151125,20151126,20151128,20151130,20151204,20151205,20151206,20151207,20151208,20151209,20151211,20151214,20151215,20151217,20151218,20151219,20151224,20151227,20151228,20151231,20160102 
G.6.1_index_2_VS_G.3.1_index_2 [16] 
20151116,20151120,20151123,20151124,20151126,20151129,20151201,20151202,20151204,20151205,20151206,20151207,20151208,20151209,20151212,20151213,20151215,20151216,20151220,20151225,20151230,20151231 
Number is 60 
G.1.1_index_3_VS_G.3.3_index_2 [17] PLUS 1 
20151116,20151119,20151121,20151122,20151125,20151126,20151127,20151129,20151130,20151202,20151203,20151204,20151205,20151206,20151207,20151208,20151209,20151210,20151214,20151217,20151218,20151224,20151226,20151227,20151229,20151231,20160102 
Number is 62 
G.3.5_index_1_VS_G.3.1_index_4 [18] PLUS 1 
20151118,20151120,20151123,20151124,20151128,20151203,20151204,20151205,20151206,20151207,20151208,20151209,20151210,20151211,20151212,20151214,20151215,20151216,20151217,20151220,20151225,20151226,20151229,20160102 
G.DB_index_5_VS_G.5.6_index_2 [19] PLUS 1 
20151116,20151119,20151124,20151126,20151129,20151203,20151204,20151205,20151206,20151207,20151208,20151209,20151210,20151213,20151214,20151215,20151221,20151222,20151223,20151226,20151230 
Number is 63 
G.4.2_index_4_VS_G.3.4_index_1 [20] 
20151118,20151120,20151122,20151123,20151125,20151126,20151128,20151129,20151130,20151203,20151204,20151205,20151206,20151207,20151208,20151209,20151212,20151215,20151217,20151218,20151220,20151222,20151223,20151224,20151226,20151227,20151230,20160102 
Number is 65 
G.4.1_index_4_VS_G.3.5_index_4 [21] PLUS 1 
20151119,20151120,20151121,20151122,20151124,20151125,20151126,20151128,20151129,20151201,20151202,20151204,20151205,20151206,20151207,20151208,20151209,20151210,20151215,20151216,20151220,20151222,20151224,20151226,20151228,20151229,20151230,20160101 
Number is 73 
G.5.2_index_1_VS_G.2.2_index_5 [22] 
20151117,20151118,20151119,20151204,20151205,20151206,20151207,20151208,20151209,20151212,20151213,20151216,20151217,20151221,20151223,20151226,20151230,20151231,20160101,20160102 
Number is 75 
G.4.3_index_2_VS_G.3.4_index_4 [23] 
20151116,20151117,20151118,20151120,20151122,20151123,20151124,20151125,20151126,20151127,20151204,20151205,20151206,20151207,20151208,20151209,20151211,20151213,20151215,20151219,20151220,20151224,20151225,20151227,20151229 
Number is 77 
G.DB_index_2_VS_G.5.5_index_2 [24] PLUS 1 
20151117,20151118,20151119,20151121,20151122,20151128,20151203,20151204,20151205,20151206,20151207,20151208,20151209,20151210,20151211,20151214,20151215,20151217,20151218,20151220,20151221,20151223,20151225,20151227,20151229,20151231 
G.3.1_index_2_VS_G.5.4_index_3 [25] PLUS 1 
20151117,20151119,20151121,20151123,20151124,20151202,20151204,20151205,20151206,20151207,20151208,20151209,20151210,20151213,20151218,20151219,20151220,20151223,20151224,20151229,20160102 
Number is 78 
G.4.3_index_2_VS_G.2.1_index_4 [26] PLUS 1 
20151116,20151118,20151119,20151120,20151121,20151122,20151125,20151127,20151128,20151129,20151201,20151204,20151205,20151206,20151207,20151208,20151209,20151210,20151212,20151213,20151214,20151215,20151217,20151220,20151223,20151227,20151228,20151229 
Number is 79 
G.4.3_index_4_VS_G.5.4_index_2 [27] 
20151119,20151120,20151121,20151122,20151124,20151128,20151129,20151130,20151203,20151204,20151205,20151206,20151207,20151208,20151209,20151215,20151217,20151219,20151220,20151222,20151223,20151224,20151225,20151226,20151228 
Number is 84 
G.7.3_index_1_VS_G.4.1_index_3 [28] PLUS 1 
20151116,20151118,20151120,20151121,20151123,20151125,20151204,20151205,20151206,20151207,20151208,20151209,20151210,20151212,20151214,20151215,20151216,20151217,20151219,20151220,20151223,20151225,20151226,20151229 
Number is 89 
G.3.3_index_1_VS_G.DB_index_3 [29] 
20151117,20151119,20151120,20151121,20151122,20151124,20151127,20151128,20151129,20151130,20151203,20151204,20151205,20151206,20151207,20151208,20151209,20151213,20151214,20151215,20151216,20151221,20151223,20151225,20151226,20151227,20151228,20151229,20151230,20160101 
Number is 90 
G.2.1_index_5_VS_G.3.3_index_4 [30] 
20151116,20151120,20151121,20151122,20151123,20151127,20151128,20151129,20151130,20151201,20151203,20151204,20151205,20151206,20151207,20151208,20151209,20151212,20151216,20151217,20151219,20151220,20151221,20151223,20151227,20151229,20151231 
Number is 91 
G.2.1_index_2_VS_G.3.2_index_3 [31] PLUS 1 
20151119,20151120,20151128,20151130,20151202,20151204,20151205,20151206,20151207,20151208,20151209,20151210,20151223,20151225,20151229 
Number is 94 
G.1.1_index_1_VS_G.5.4_index_1 [32] 
20151116,20151119,20151121,20151122,20151124,20151125,20151128,20151201,20151204,20151205,20151206,20151207,20151208,20151209,20151211,20151212,20151215,20151216,20151219,20151220,20151221,20151224,20151226,20151228,20151229,20151230,20151231 
Number is 96 
G.2.1_index_5_VS_G.3.6_index_1 [33] 
20151120,20151121,20151125,20151126,20151127,20151201,20151204,20151205,20151206,20151207,20151208,20151209,20151212,20151214,20151217,20151220,20151223,20151228,20151230,20160101 
G.3.6_index_3_VS_G.1.1_index_3 [34] 
20151116,20151119,20151120,20151122,20151124,20151127,20151128,20151203,20151204,20151205,20151206,20151207,20151208,20151209,20151213,20151217,20151218,20151219,20151221,20151224,20151225,20151229,20151231,20160101 
Number is 98 
G.2.1_index_2_VS_G.5.2_index_2 [35] 
20151119,20151121,20151122,20151123,20151128,20151130,20151202,20151203,20151204,20151205,20151206,20151207,20151208,20151209,20151211,20151213,20151215,20151216,20151219,20151221,20151229,20160101 
