======== Current: 20151211 ========= 
Number is 04 
G.3.4_index_4_VS_G.5.5_index_3 [1] PLUS 1 
20151121,20151123,20151124,20151130,20151202,20151203,20151205,20151206,20151207,20151208,20151209,20151210,20151211,20151216,20151217,20151223,20151225,20151229 
Number is 07 
G.5.5_index_1_VS_G.2.2_index_2 [2] PLUS 1 
20151117,20151118,20151119,20151120,20151121,20151122,20151128,20151129,20151130,20151202,20151205,20151206,20151207,20151208,20151209,20151210,20151211,20151212,20151213,20151214,20151217,20151221,20151222,20151225,20151226,20151227,20151228,20160102 
Number is 08 
G.3.5_index_1_VS_G.3.1_index_4 [3] PLUS 1 
20151118,20151120,20151123,20151124,20151128,20151203,20151204,20151205,20151206,20151207,20151208,20151209,20151210,20151211,20151212,20151214,20151215,20151216,20151217,20151220,20151225,20151226,20151229,20160102 
Number is 13 
G.3.2_index_5_VS_G.3.5_index_4 [4] 
20151117,20151122,20151127,20151128,20151129,20151201,20151202,20151203,20151204,20151205,20151206,20151207,20151208,20151209,20151210,20151213,20151217,20151219,20151220,20151224,20151225,20151226,20151228,20151229,20160102 
Number is 20 
G.7.4_index_2_VS_G.3.3_index_5 [5] 
20151117,20151123,20151126,20151205,20151206,20151207,20151208,20151209,20151210,20151215,20151219,20151220,20151226,20151230,20160101 
Number is 22 
G.DB_index_2_VS_G.5.5_index_2 [6] PLUS 1 
20151117,20151118,20151119,20151121,20151122,20151128,20151203,20151204,20151205,20151206,20151207,20151208,20151209,20151210,20151211,20151214,20151215,20151217,20151218,20151220,20151221,20151223,20151225,20151227,20151229,20151231 
Number is 23 
G.7.4_index_2_VS_G.DB_index_1 [7] 
20151116,20151119,20151122,20151127,20151205,20151206,20151207,20151208,20151209,20151210,20151212,20151218,20151221,20151222 
Number is 27 
G.7.4_index_2_VS_G.3.1_index_2 [8] PLUS 1 
20151123,20151124,20151126,20151127,20151204,20151205,20151206,20151207,20151208,20151209,20151210,20151211,20151214,20151216,20151220,20151223,20151229,20160101,20160102 
G.7.4_index_2_VS_G.3.2_index_2 [9] PLUS 1 
20151117,20151122,20151128,20151130,20151205,20151206,20151207,20151208,20151209,20151210,20151211,20151212,20151213,20151214,20151215,20151216,20151217,20151219,20151220,20151221,20151223,20151225,20151228,20151230,20160101 
Number is 29 
G.7.4_index_2_VS_G.3.6_index_2 [10] PLUS 1 
20151125,20151205,20151206,20151207,20151208,20151209,20151210,20151211,20151214,20151218,20151219,20151221,20151225,20151231,20160101 
Number is 32 
G.5.3_index_4_VS_G.7.4_index_2 [11] 
20151118,20151130,20151204,20151205,20151206,20151207,20151208,20151209,20151210,20151218,20151219,20151221,20151223,20151225,20151230,20151231 
Number is 34 
G.3.5_index_4_VS_G.6.3_index_1 [12] PLUS 1 
20151117,20151119,20151120,20151121,20151124,20151126,20151127,20151129,20151130,20151201,20151204,20151205,20151206,20151207,20151208,20151209,20151210,20151211,20151212,20151215,20151217,20151218,20151219,20151220,20151222,20151223,20151225,20151227,20151230,20151231 
G.5.3_index_2_VS_G.1.1_index_5 [13] PLUS 1 
20151118,20151120,20151121,20151128,20151129,20151201,20151202,20151204,20151205,20151206,20151207,20151208,20151209,20151210,20151211,20151214,20151215,20151217,20151219,20151222,20151224,20151227 
Number is 36 
G.7.2_index_2_VS_G.3.4_index_5 [14] PLUS 1 
20151118,20151119,20151120,20151121,20151124,20151128,20151129,20151201,20151202,20151205,20151206,20151207,20151208,20151209,20151210,20151211,20151216,20151217,20151218,20151222,20151223,20151228,20151230,20151231 
Number is 46 
G.1.1_index_5_VS_G.3.1_index_5 [15] PLUS 1 
20151119,20151120,20151121,20151128,20151201,20151205,20151206,20151207,20151208,20151209,20151210,20151211,20151213,20151215,20151219,20151221,20151222,20151223,20151226,20151227,20151229,20151230,20160102 
Number is 54 
G.DB_index_5_VS_G.5.5_index_3 [16] PLUS 1 
20151117,20151118,20151119,20151121,20151122,20151124,20151126,20151202,20151205,20151206,20151207,20151208,20151209,20151210,20151211,20151216,20151217,20151219,20151220,20151221,20151223,20151225,20151227,20151229,20151230,20160102 
Number is 57 
G.DB_index_5_VS_G.5.6_index_2 [17] 
20151116,20151119,20151124,20151126,20151129,20151203,20151204,20151205,20151206,20151207,20151208,20151209,20151210,20151213,20151214,20151215,20151221,20151222,20151223,20151226,20151230 
Number is 61 
G.7.3_index_1_VS_G.5.5_index_4 [18] 
20151116,20151118,20151119,20151120,20151123,20151125,20151127,20151129,20151201,20151203,20151205,20151206,20151207,20151208,20151209,20151210,20151212,20151213,20151214,20151215,20151216,20151219,20151226,20151227,20151228,20151229,20160101 
Number is 66 
G.3.1_index_5_VS_G.2.1_index_4 [19] 
20151116,20151117,20151121,20151127,20151128,20151130,20151201,20151203,20151205,20151206,20151207,20151208,20151209,20151210,20151212,20151213,20151214,20151216,20151217,20151219,20151220,20151221,20151222,20151225,20151227,20151228,20151230,20160102 
G.7.3_index_1_VS_G.2.1_index_4 [20] 
20151116,20151117,20151125,20151127,20151130,20151203,20151205,20151206,20151207,20151208,20151209,20151210,20151213,20151215,20151220,20151223,20151224,20151226,20151227,20151231 
Number is 67 
G.3.1_index_5_VS_G.3.1_index_2 [21] 
20151118,20151119,20151120,20151124,20151125,20151126,20151128,20151129,20151201,20151202,20151203,20151205,20151206,20151207,20151208,20151209,20151210,20151213,20151218,20151219,20151220,20151223,20151224,20151225,20151226,20151227,20151230,20160102 
Number is 69 
G.7.3_index_1_VS_G.4.1_index_3 [22] 
20151116,20151118,20151120,20151121,20151123,20151125,20151204,20151205,20151206,20151207,20151208,20151209,20151210,20151212,20151214,20151215,20151216,20151217,20151219,20151220,20151223,20151225,20151226,20151229 
Number is 71 
G.6.3_index_3_VS_G.4.2_index_4 [23] 
20151118,20151121,20151125,20151127,20151128,20151129,20151130,20151201,20151203,20151205,20151206,20151207,20151208,20151209,20151210,20151212,20151213,20151216,20151219,20151224,20151227,20151228,20151229 
Number is 75 
G.5.1_index_1_VS_G.4.3_index_3 [24] 
20151118,20151121,20151124,20151128,20151130,20151201,20151205,20151206,20151207,20151208,20151209,20151210,20151213,20151214,20151217,20151218,20151223,20151227,20151228,20151231,20160101 
Number is 76 
G.3.2_index_4_VS_G.3.1_index_5 [25] 
20151120,20151123,20151126,20151127,20151128,20151129,20151130,20151202,20151204,20151205,20151206,20151207,20151208,20151209,20151210,20151217,20151219,20151224,20160101,20160102 
Number is 79 
G.3.1_index_2_VS_G.5.4_index_3 [26] 
20151117,20151119,20151121,20151123,20151124,20151202,20151204,20151205,20151206,20151207,20151208,20151209,20151210,20151213,20151218,20151219,20151220,20151223,20151224,20151229,20160102 
Number is 81 
G.5.2_index_1_VS_G.4.4_index_3 [27] 
20151118,20151121,20151123,20151127,20151130,20151205,20151206,20151207,20151208,20151209,20151210,20151213,20151216,20151220,20151221,20151222,20151227,20151228,20151229 
Number is 83 
G.3.6_index_4_VS_G.2.2_index_4 [28] 
20151116,20151123,20151124,20151125,20151130,20151201,20151205,20151206,20151207,20151208,20151209,20151210,20151212,20151214,20151216,20151220,20151222,20151223,20151230,20160102 
Number is 86 
G.5.2_index_4_VS_G.6.2_index_1 [29] PLUS 1 
20151117,20151118,20151121,20151122,20151128,20151129,20151201,20151202,20151204,20151205,20151206,20151207,20151208,20151209,20151210,20151211,20151213,20151215,20151217,20151223,20151224,20151227,20151228,20151229,20151231 
Number is 87 
G.5.2_index_4_VS_G.4.2_index_3 [30] 
20151117,20151121,20151125,20151128,20151201,20151202,20151205,20151206,20151207,20151208,20151209,20151210,20151213,20151218,20151219,20151220,20151224,20151225,20151227,20151229,20160102 
Number is 90 
G.4.3_index_2_VS_G.5.5_index_1 [31] PLUS 1 
20151116,20151119,20151121,20151122,20151123,20151124,20151125,20151128,20151129,20151205,20151206,20151207,20151208,20151209,20151210,20151211,20151213,20151214,20151218,20151219,20151220,20151224,20151227,20160102 
Number is 93 
G.4.1_index_4_VS_G.3.5_index_4 [32] 
20151119,20151120,20151121,20151122,20151124,20151125,20151126,20151128,20151129,20151201,20151202,20151204,20151205,20151206,20151207,20151208,20151209,20151210,20151215,20151216,20151220,20151222,20151224,20151226,20151228,20151229,20151230,20160101 
Number is 94 
G.1.1_index_3_VS_G.3.3_index_2 [33] 
20151116,20151119,20151121,20151122,20151125,20151126,20151127,20151129,20151130,20151202,20151203,20151204,20151205,20151206,20151207,20151208,20151209,20151210,20151214,20151217,20151218,20151224,20151226,20151227,20151229,20151231,20160102 
Number is 96 
G.2.1_index_2_VS_G.3.2_index_3 [34] 
20151119,20151120,20151128,20151130,20151202,20151204,20151205,20151206,20151207,20151208,20151209,20151210,20151223,20151225,20151229 
G.4.3_index_2_VS_G.2.1_index_4 [35] 
20151116,20151118,20151119,20151120,20151121,20151122,20151125,20151127,20151128,20151129,20151201,20151204,20151205,20151206,20151207,20151208,20151209,20151210,20151212,20151213,20151214,20151215,20151217,20151220,20151223,20151227,20151228,20151229 
Number is 97 
G.4.1_index_1_VS_G.1.1_index_4 [36] 
20151116,20151119,20151120,20151122,20151124,20151127,20151129,20151203,20151205,20151206,20151207,20151208,20151209,20151210,20151212,20151213,20151214,20151215,20151217,20151221,20151227,20151228,20151229,20151231,20160101 
Number is 98 
G.3.6_index_2_VS_G.5.2_index_1 [37] 
20151116,20151122,20151125,20151129,20151130,20151204,20151205,20151206,20151207,20151208,20151209,20151210,20151212,20151216,20151219,20151224,20151228 
