======== Current: 20151219 ========= 
Number is 03 
G.3.5_index_3_VS_G.4.2_index_4 [1] PLUS 1 
20151117,20151118,20151119,20151126,20151127,20151129,20151130,20151203,20151204,20151206,20151207,20151208,20151210,20151211,20151212,20151213,20151214,20151215,20151216,20151217,20151218,20151219,20151221,20151225,20151228,20151230,20151231,20160102 
Number is 07 
G.6.1_index_3_VS_G.4.1_index_3 [2] 
20151116,20151119,20151120,20151122,20151127,20151130,20151201,20151203,20151204,20151205,20151211,20151213,20151214,20151215,20151216,20151217,20151218,20151220,20151222,20151227,20151228,20151229,20151230,20151231 
Number is 10 
G.4.3_index_2_VS_G.2.1_index_5 [3] 
20151116,20151117,20151120,20151121,20151127,20151204,20151206,20151209,20151213,20151214,20151215,20151216,20151217,20151218,20151220,20151224,20151227,20151230,20151231,20160101,20160102 
Number is 11 
G.3.1_index_4_VS_G.5.4_index_1 [4] 
20151116,20151117,20151120,20151122,20151205,20151207,20151208,20151209,20151210,20151212,20151213,20151214,20151215,20151216,20151217,20151218,20151221,20151224,20151225,20151229,20151230,20151231 
Number is 17 
G.1.1_index_4_VS_G.5.6_index_2 [5] 
20151116,20151118,20151125,20151201,20151203,20151207,20151212,20151213,20151214,20151215,20151216,20151217,20151218,20151229 
G.4.3_index_2_VS_G.4.4_index_3 [6] 
20151116,20151117,20151118,20151119,20151121,20151122,20151125,20151127,20151129,20151201,20151202,20151204,20151205,20151210,20151212,20151213,20151214,20151215,20151216,20151217,20151218,20151220,20151222,20160102 
Number is 18 
G.4.3_index_2_VS_G.2.2_index_5 [7] PLUS 1 
20151116,20151117,20151118,20151122,20151123,20151124,20151125,20151128,20151129,20151201,20151204,20151205,20151206,20151213,20151214,20151215,20151216,20151217,20151218,20151219,20151222,20151227,20151229,20151230,20151231,20160102 
Number is 20 
G.5.1_index_3_VS_G.2.1_index_5 [8] 
20151117,20151119,20151121,20151125,20151126,20151127,20151129,20151201,20151204,20151205,20151209,20151211,20151213,20151214,20151215,20151216,20151217,20151218,20151220,20151221,20151223,20151224,20151225,20151227,20151230,20160101 
Number is 26 
G.5.1_index_3_VS_G.7.3_index_1 [9] PLUS 1 
20151116,20151117,20151118,20151119,20151125,20151127,20151130,20151201,20151202,20151203,20151207,20151211,20151213,20151214,20151215,20151216,20151217,20151218,20151219,20151220,20151221,20151227,20151228,20151229 
G.3.4_index_5_VS_G.7.1_index_2 [10] PLUS 1 
20151116,20151118,20151124,20151127,20151130,20151202,20151203,20151204,20151206,20151207,20151208,20151209,20151211,20151212,20151213,20151214,20151215,20151216,20151217,20151218,20151219,20151220,20151225,20151226,20151230,20151231,20160102 
Number is 27 
G.3.1_index_5_VS_G.4.1_index_3 [11] 
20151118,20151119,20151120,20151121,20151123,20151125,20151127,20151130,20151202,20151205,20151206,20151208,20151209,20151210,20151212,20151213,20151214,20151215,20151216,20151217,20151218,20151220,20151222,20151224,20151229,20151231 
Number is 33 
G.3.3_index_4_VS_G.4.4_index_4 [12] 
20151122,20151125,20151127,20151128,20151206,20151207,20151212,20151213,20151214,20151215,20151216,20151217,20151218,20151221,20151227,20151230,20151231,20160101 
Number is 41 
G.5.3_index_2_VS_G.2.2_index_1 [13] PLUS 1 
20151117,20151123,20151124,20151125,20151126,20151127,20151128,20151202,20151204,20151210,20151212,20151213,20151214,20151215,20151216,20151217,20151218,20151219,20151222,20151224,20151226,20151228,20151229,20151230,20160102 
Number is 47 
G.4.2_index_2_VS_G.4.4_index_3 [14] PLUS 1 
20151118,20151121,20151122,20151123,20151127,20151128,20151201,20151203,20151208,20151212,20151213,20151214,20151215,20151216,20151217,20151218,20151219,20151223,20151224,20160102 
Number is 52 
G.6.1_index_2_VS_G.3.6_index_4 [15] PLUS 1 
20151116,20151118,20151119,20151120,20151124,20151125,20151126,20151202,20151205,20151206,20151209,20151211,20151212,20151213,20151214,20151215,20151216,20151217,20151218,20151219,20151220,20151222,20151231 
Number is 56 
G.3.2_index_2_VS_G.5.3_index_3 [16] 
20151116,20151117,20151121,20151124,20151125,20151126,20151128,20151129,20151201,20151202,20151203,20151205,20151209,20151210,20151212,20151213,20151214,20151215,20151216,20151217,20151218,20151226,20151227,20151228,20151229,20160102 
Number is 61 
G.7.3_index_1_VS_G.5.1_index_2 [17] PLUS 1 
20151116,20151117,20151118,20151119,20151120,20151123,20151201,20151202,20151205,20151209,20151211,20151213,20151214,20151215,20151216,20151217,20151218,20151219,20151220,20151221 
G.7.1_index_2_VS_G.1.1_index_4 [18] PLUS 1 
20151116,20151118,20151119,20151121,20151124,20151125,20151128,20151129,20151130,20151202,20151203,20151206,20151207,20151209,20151210,20151213,20151214,20151215,20151216,20151217,20151218,20151219,20151221,20151223,20151225,20151226,20151228,20151230,20160101 
Number is 63 
G.5.3_index_3_VS_G.4.2_index_4 [19] PLUS 1 
20151117,20151120,20151123,20151128,20151202,20151203,20151204,20151212,20151213,20151214,20151215,20151216,20151217,20151218,20151219,20151221,20151227,20151229,20151230,20160102 
Number is 81 
G.2.2_index_5_VS_G.5.1_index_2 [20] PLUS 1 
20151117,20151119,20151120,20151121,20151125,20151128,20151129,20151201,20151202,20151205,20151206,20151208,20151209,20151210,20151213,20151214,20151215,20151216,20151217,20151218,20151219,20151224,20151230,20151231 
Number is 86 
G.4.4_index_2_VS_G.3.5_index_2 [21] PLUS 1 
20151116,20151117,20151118,20151121,20151122,20151123,20151124,20151125,20151130,20151203,20151206,20151208,20151209,20151213,20151214,20151215,20151216,20151217,20151218,20151219,20151220,20151221,20151224,20151225,20151226,20151228,20151231,20160101 
Number is 96 
G.5.5_index_3_VS_G.7.2_index_1 [22] 
20151118,20151122,20151124,20151129,20151203,20151206,20151207,20151208,20151209,20151211,20151212,20151213,20151214,20151215,20151216,20151217,20151218,20151221,20151222,20151223,20151228,20151229,20151230,20151231,20160102 
