======== Current: 20151227 ========= 
Number is 03 
G.5.6_index_1_VS_G.3.2_index_5 [1] 
20151117,20151118,20151119,20151124,20151125,20151127,20151129,20151201,20151205,20151206,20151215,20151216,20151221,20151222,20151223,20151224,20151225,20151226,20151231 
Number is 04 
G.3.4_index_5_VS_G.5.1_index_3 [2] 
20151117,20151118,20151119,20151130,20151201,20151202,20151203,20151211,20151213,20151216,20151217,20151218,20151221,20151222,20151223,20151224,20151225,20151226,20151229,20151230 
Number is 07 
G.DB_index_3_VS_G.2.2_index_5 [3] 
20151118,20151119,20151122,20151124,20151125,20151128,20151204,20151206,20151209,20151212,20151213,20151214,20151215,20151217,20151218,20151219,20151220,20151221,20151222,20151223,20151224,20151225,20151226,20151229,20151230,20151231,20160102 
Number is 11 
G.5.6_index_4_VS_G.5.2_index_4 [4] PLUS 1 
20151117,20151119,20151120,20151121,20151122,20151129,20151201,20151214,20151216,20151217,20151218,20151220,20151221,20151222,20151223,20151224,20151225,20151226,20151227,20151228,20151230 
Number is 12 
G.5.6_index_4_VS_G.2.2_index_2 [5] 
20151117,20151122,20151128,20151129,20151206,20151209,20151212,20151213,20151216,20151219,20151221,20151222,20151223,20151224,20151225,20151226,20151228,20151230,20160101,20160102 
Number is 24 
G.4.1_index_2_VS_G.4.4_index_1 [6] PLUS 1 
20151120,20151121,20151122,20151126,20151127,20151128,20151130,20151201,20151203,20151204,20151212,20151214,20151216,20151218,20151219,20151220,20151221,20151222,20151223,20151224,20151225,20151226,20151227,20151230,20151231 
Number is 26 
G.4.1_index_2_VS_G.4.1_index_4 [7] PLUS 1 
20151118,20151120,20151121,20151122,20151124,20151125,20151126,20151127,20151128,20151207,20151208,20151210,20151211,20151214,20151217,20151220,20151221,20151222,20151223,20151224,20151225,20151226,20151227,20151228,20160101,20160102 
Number is 29 
G.4.1_index_2_VS_G.DB_index_2 [8] 
20151116,20151118,20151119,20151120,20151121,20151122,20151124,20151125,20151126,20151129,20151202,20151204,20151205,20151206,20151211,20151212,20151220,20151221,20151222,20151223,20151224,20151225,20151226,20151228,20151229,20151231,20160101 
Number is 33 
G.4.4_index_2_VS_G.2.1_index_2 [9] PLUS 1 
20151116,20151117,20151120,20151122,20151123,20151124,20151125,20151126,20151127,20151128,20151130,20151203,20151205,20151208,20151209,20151210,20151212,20151213,20151214,20151215,20151220,20151221,20151222,20151223,20151224,20151225,20151226,20151227,20151228,20151230,20160101,20160102 
Number is 36 
G.6.1_index_1_VS_G.5.5_index_3 [10] 
20151120,20151124,20151126,20151127,20151202,20151203,20151206,20151209,20151210,20151215,20151216,20151218,20151219,20151220,20151221,20151222,20151223,20151224,20151225,20151226,20151228,20151229,20160101 
Number is 41 
G.5.1_index_3_VS_G.5.6_index_4 [11] 
20151117,20151118,20151123,20151125,20151127,20151129,20151130,20151206,20151210,20151214,20151217,20151218,20151219,20151220,20151221,20151222,20151223,20151224,20151225,20151226,20151229,20151230,20160102 
Number is 69 
G.7.3_index_1_VS_G.6.3_index_1 [12] 
20151119,20151120,20151123,20151124,20151130,20151202,20151203,20151208,20151209,20151211,20151213,20151214,20151219,20151220,20151221,20151222,20151223,20151224,20151225,20151226,20151229,20160102 
Number is 76 
G.5.5_index_2_VS_G.5.6_index_3 [13] PLUS 1 
20151118,20151123,20151124,20151127,20151129,20151130,20151208,20151217,20151218,20151219,20151221,20151222,20151223,20151224,20151225,20151226,20151227,20151231,20160101 
Number is 80 
G.5.1_index_2_VS_G.3.6_index_2 [14] PLUS 1 
20151117,20151118,20151119,20151121,20151122,20151124,20151125,20151201,20151202,20151205,20151208,20151209,20151210,20151211,20151214,20151216,20151218,20151219,20151221,20151222,20151223,20151224,20151225,20151226,20151227,20151229 
Number is 84 
G.5.5_index_1_VS_G.4.3_index_4 [15] PLUS 1 
20151116,20151117,20151119,20151120,20151121,20151124,20151125,20151129,20151202,20151203,20151204,20151206,20151208,20151209,20151210,20151217,20151221,20151222,20151223,20151224,20151225,20151226,20151227,20151230 
Number is 91 
G.3.1_index_5_VS_G.5.6_index_4 [16] 
20151117,20151119,20151120,20151121,20151127,20151128,20151129,20151204,20151209,20151212,20151213,20151214,20151218,20151219,20151221,20151222,20151223,20151224,20151225,20151226,20151228,20151230,20160102 
Number is 95 
G.4.1_index_1_VS_G.5.4_index_3 [17] 
20151116,20151118,20151119,20151120,20151121,20151122,20151123,20151125,20151128,20151205,20151207,20151208,20151211,20151212,20151215,20151216,20151217,20151219,20151221,20151222,20151223,20151224,20151225,20151226,20151229,20160102 
