======== Current: 20151228 ========= 
Number is 06 
G.5.1_index_3_VS_G.4.1_index_4 [1] 
20151116,20151117,20151118,20151120,20151121,20151124,20151125,20151127,20151128,20151129,20151130,20151201,20151202,20151203,20151206,20151209,20151210,20151212,20151216,20151218,20151220,20151222,20151223,20151224,20151225,20151226,20151227,20151229,20151231,20160101,20160102 
Number is 20 
G.3.6_index_5_VS_G.3.4_index_1 [2] 
20151117,20151118,20151122,20151124,20151127,20151130,20151202,20151205,20151207,20151208,20151212,20151213,20151214,20151217,20151218,20151222,20151223,20151224,20151225,20151226,20151227,20151231,20160101,20160102 
Number is 23 
G.2.1_index_5_VS_G.1.1_index_2 [3] 
20151116,20151118,20151119,20151122,20151125,20151126,20151128,20151129,20151201,20151203,20151208,20151209,20151211,20151213,20151215,20151216,20151217,20151220,20151222,20151223,20151224,20151225,20151226,20151227,20151229,20151231,20160101,20160102 
Number is 31 
G.4.4_index_2_VS_G.2.1_index_2 [4] PLUS 1 
20151116,20151117,20151120,20151122,20151123,20151124,20151125,20151126,20151127,20151128,20151130,20151203,20151205,20151208,20151209,20151210,20151212,20151213,20151214,20151215,20151220,20151221,20151222,20151223,20151224,20151225,20151226,20151227,20151228,20151230,20160101,20160102 
Number is 33 
G.4.1_index_2_VS_G.5.5_index_1 [5] 
20151118,20151119,20151120,20151121,20151125,20151126,20151127,20151129,20151130,20151202,20151203,20151214,20151217,20151220,20151222,20151223,20151224,20151225,20151226,20151227,20151230 
Number is 34 
G.5.5_index_1_VS_G.4.3_index_4 [6] 
20151116,20151117,20151119,20151120,20151121,20151124,20151125,20151129,20151202,20151203,20151204,20151206,20151208,20151209,20151210,20151217,20151221,20151222,20151223,20151224,20151225,20151226,20151227,20151230 
G.4.1_index_2_VS_G.4.4_index_1 [7] 
20151120,20151121,20151122,20151126,20151127,20151128,20151130,20151201,20151203,20151204,20151212,20151214,20151216,20151218,20151219,20151220,20151221,20151222,20151223,20151224,20151225,20151226,20151227,20151230,20151231 
Number is 36 
G.5.6_index_4_VS_G.5.2_index_4 [8] PLUS 1 
20151117,20151119,20151120,20151121,20151122,20151129,20151201,20151214,20151216,20151217,20151218,20151220,20151221,20151222,20151223,20151224,20151225,20151226,20151227,20151228,20151230 
G.4.1_index_2_VS_G.4.1_index_4 [9] PLUS 1 
20151118,20151120,20151121,20151122,20151124,20151125,20151126,20151127,20151128,20151207,20151208,20151210,20151211,20151214,20151217,20151220,20151221,20151222,20151223,20151224,20151225,20151226,20151227,20151228,20160101,20160102 
Number is 38 
G.3.1_index_3_VS_G.3.3_index_5 [10] 
20151118,20151120,20151121,20151125,20151128,20151201,20151204,20151205,20151211,20151213,20151216,20151219,20151220,20151222,20151223,20151224,20151225,20151226,20151227,20151230,20151231 
Number is 40 
G.1.1_index_4_VS_G.5.1_index_3 [11] PLUS 1 
20151117,20151118,20151121,20151122,20151124,20151126,20151127,20151128,20151130,20151201,20151213,20151214,20151216,20151217,20151220,20151222,20151223,20151224,20151225,20151226,20151227,20151228,20160102 
G.4.3_index_4_VS_G.5.1_index_4 [12] PLUS 1 
20151116,20151117,20151119,20151120,20151121,20151123,20151124,20151127,20151129,20151201,20151203,20151204,20151205,20151208,20151209,20151211,20151215,20151220,20151222,20151223,20151224,20151225,20151226,20151227,20151228,20151230,20151231,20160101 
Number is 42 
G.4.3_index_4_VS_G.2.1_index_5 [13] 
20151120,20151121,20151122,20151125,20151127,20151130,20151201,20151203,20151204,20151207,20151209,20151211,20151213,20151215,20151216,20151218,20151219,20151222,20151223,20151224,20151225,20151226,20151227,20151229,20151231,20160102 
Number is 44 
G.4.3_index_4_VS_G.4.3_index_4 [14] 
20151117,20151118,20151121,20151122,20151123,20151126,20151127,20151130,20151202,20151203,20151204,20151210,20151222,20151223,20151224,20151225,20151226,20151227,20151230,20151231,20160102 
Number is 48 
G.4.3_index_4_VS_G.5.1_index_2 [15] PLUS 1 
20151117,20151119,20151121,20151122,20151124,20151125,20151129,20151130,20151201,20151207,20151210,20151213,20151214,20151215,20151217,20151222,20151223,20151224,20151225,20151226,20151227,20151228,20151231,20160102 
Number is 49 
G.3.6_index_4_VS_G.4.4_index_3 [16] 
20151119,20151122,20151123,20151125,20151202,20151203,20151206,20151210,20151212,20151214,20151215,20151216,20151218,20151222,20151223,20151224,20151225,20151226,20151227 
G.1.1_index_4_VS_G.3.5_index_4 [17] 
20151118,20151119,20151122,20151124,20151127,20151128,20151129,20151201,20151205,20151206,20151211,20151215,20151216,20151217,20151219,20151220,20151222,20151223,20151224,20151225,20151226,20151227,20151230,20151231 
Number is 60 
G.6.3_index_3_VS_G.4.2_index_2 [18] 
20151116,20151118,20151121,20151126,20151127,20151128,20151130,20151202,20151205,20151207,20151208,20151209,20151212,20151213,20151215,20151216,20151219,20151222,20151223,20151224,20151225,20151226,20151227,20151230,20160101 
Number is 63 
G.DB_index_2_VS_G.5.5_index_1 [19] PLUS 1 
20151119,20151120,20151122,20151124,20151125,20151126,20151128,20151130,20151202,20151204,20151205,20151206,20151209,20151210,20151212,20151213,20151218,20151219,20151220,20151222,20151223,20151224,20151225,20151226,20151227,20151228,20151230,20160101,20160102 
Number is 64 
G.5.1_index_1_VS_G.4.3_index_4 [20] PLUS 1 
20151116,20151121,20151122,20151124,20151130,20151201,20151203,20151204,20151206,20151208,20151209,20151210,20151211,20151212,20151217,20151220,20151222,20151223,20151224,20151225,20151226,20151227,20151228,20151231,20160101 
Number is 69 
G.DB_index_2_VS_G.7.2_index_2 [21] PLUS 1 
20151116,20151118,20151119,20151120,20151128,20151201,20151202,20151203,20151204,20151205,20151206,20151207,20151208,20151210,20151213,20151218,20151222,20151223,20151224,20151225,20151226,20151227,20151228,20151231,20160101 
Number is 70 
G.3.2_index_1_VS_G.4.2_index_2 [22] 
20151117,20151118,20151119,20151120,20151121,20151122,20151126,20151127,20151128,20151129,20151130,20151202,20151205,20151206,20151209,20151211,20151215,20151218,20151219,20151222,20151223,20151224,20151225,20151226,20151227,20151231 
Number is 78 
G.3.3_index_2_VS_G.5.1_index_2 [23] 
20151119,20151121,20151122,20151125,20151130,20151201,20151204,20151207,20151211,20151213,20151214,20151222,20151223,20151224,20151225,20151226,20151227 
Number is 83 
G.5.5_index_2_VS_G.5.6_index_3 [24] 
20151118,20151123,20151124,20151127,20151129,20151130,20151208,20151217,20151218,20151219,20151221,20151222,20151223,20151224,20151225,20151226,20151227,20151231,20160101 
Number is 87 
G.5.1_index_2_VS_G.3.6_index_2 [25] 
20151117,20151118,20151119,20151121,20151122,20151124,20151125,20151201,20151202,20151205,20151208,20151209,20151210,20151211,20151214,20151216,20151218,20151219,20151221,20151222,20151223,20151224,20151225,20151226,20151227,20151229 
Number is 90 
G.7.2_index_2_VS_G.3.4_index_1 [26] 
20151116,20151120,20151123,20151124,20151125,20151126,20151128,20151130,20151202,20151206,20151208,20151210,20151215,20151217,20151218,20151222,20151223,20151224,20151225,20151226,20151227,20151229,20151231,20160101 
Number is 93 
G.3.5_index_5_VS_G.2.2_index_5 [27] 
20151116,20151117,20151118,20151119,20151123,20151125,20151128,20151201,20151202,20151203,20151206,20151208,20151209,20151210,20151213,20151214,20151215,20151222,20151223,20151224,20151225,20151226,20151227,20151230,20160102 
