======== Current: 20160303 ========= 
Number is 00 
G.2.1_index_5_VS_G.6.3_index_1 [1] 
20160222,20160225,20160226,20160227,20160228,20160229,20160301,20160302,20160311,20160312,20160318,20160322,20160323 
Number is 06 
G.1.1_index_2_VS_G.4.3_index_1 [2] PLUS 1 
20160218,20160224,20160225,20160226,20160227,20160228,20160229,20160301,20160302,20160303,20160307,20160312,20160315,20160318,20160320,20160321 
Number is 08 
G.2.1_index_5_VS_G.2.1_index_3 [3] 
20160215,20160220,20160221,20160223,20160224,20160226,20160227,20160228,20160229,20160301,20160302,20160304,20160305,20160307,20160308,20160311,20160317,20160320,20160321,20160323 
Number is 15 
G.4.3_index_4_VS_G.4.4_index_3 [4] PLUS 1 
20160216,20160217,20160218,20160220,20160221,20160223,20160225,20160226,20160227,20160228,20160229,20160301,20160302,20160303,20160305,20160306,20160307,20160309,20160311,20160313,20160314,20160315,20160316,20160317,20160318,20160319,20160323 
Number is 16 
G.3.4_index_4_VS_G.4.3_index_1 [5] PLUS 1 
20160215,20160222,20160224,20160226,20160227,20160228,20160229,20160301,20160302,20160303,20160305,20160307,20160308,20160313,20160315,20160318,20160321 
Number is 21 
G.6.3_index_2_VS_G.4.3_index_4 [6] 
20160216,20160220,20160221,20160226,20160227,20160228,20160229,20160301,20160302,20160304,20160308,20160309,20160310,20160312,20160315,20160318,20160320,20160323 
G.3.5_index_5_VS_G.5.1_index_3 [7] 
20160217,20160219,20160221,20160222,20160223,20160226,20160227,20160228,20160229,20160301,20160302,20160304,20160305,20160306,20160309,20160315,20160317,20160320 
Number is 27 
G.3.3_index_2_VS_G.5.6_index_2 [8] PLUS 1 
20160216,20160217,20160219,20160221,20160222,20160225,20160226,20160227,20160228,20160229,20160301,20160302,20160303,20160305,20160308,20160310,20160316,20160317,20160321 
Number is 37 
G.3.6_index_1_VS_G.5.6_index_2 [9] PLUS 1 
20160217,20160219,20160221,20160222,20160226,20160227,20160228,20160229,20160301,20160302,20160303,20160313 
Number is 50 
G.2.1_index_4_VS_G.3.6_index_2 [10] PLUS 1 
20160216,20160220,20160226,20160227,20160228,20160229,20160301,20160302,20160303,20160306,20160309,20160313,20160316,20160317,20160320,20160323 
Number is 60 
G.3.3_index_3_VS_G.6.2_index_1 [11] PLUS 1 
20160216,20160221,20160223,20160226,20160227,20160228,20160229,20160301,20160302,20160303,20160304,20160305,20160307,20160309,20160310,20160311,20160312,20160313,20160317,20160319,20160320,20160321,20160322 
Number is 61 
G.4.2_index_3_VS_G.5.1_index_3 [12] PLUS 1 
20160216,20160217,20160218,20160219,20160222,20160223,20160224,20160226,20160227,20160228,20160229,20160301,20160302,20160303,20160305,20160306,20160308,20160312,20160314,20160317,20160321,20160322 
Number is 86 
G.4.1_index_2_VS_G.5.5_index_1 [13] 
20160216,20160217,20160220,20160223,20160225,20160226,20160227,20160228,20160229,20160301,20160302,20160304,20160305,20160307,20160311,20160312,20160321 
Number is 87 
G.1.1_index_5_VS_G.5.6_index_2 [14] 
20160215,20160218,20160221,20160222,20160223,20160224,20160225,20160226,20160227,20160228,20160229,20160301,20160302,20160305,20160307,20160310,20160312,20160317,20160321,20160322 
G.5.2_index_3_VS_G.5.6_index_2 [15] 
20160215,20160217,20160219,20160220,20160221,20160224,20160225,20160226,20160227,20160228,20160229,20160301,20160302,20160305,20160307,20160309,20160311,20160312,20160313,20160316,20160317,20160321,20160322 
G.4.1_index_2_VS_G.5.4_index_1 [16] 
20160215,20160216,20160218,20160219,20160220,20160221,20160223,20160225,20160226,20160227,20160228,20160229,20160301,20160302,20160306,20160310,20160311,20160313,20160316 
G.3.1_index_4_VS_G.5.6_index_2 [17] 
20160215,20160221,20160222,20160223,20160225,20160226,20160227,20160228,20160229,20160301,20160302,20160305,20160307,20160309,20160312,20160317,20160318,20160321,20160322 
