======== Current: 20160304 ========= 
Number is 08 
G.3.6_index_1_VS_G.5.6_index_2 [1] 
20160217,20160219,20160221,20160222,20160226,20160227,20160228,20160229,20160301,20160302,20160303,20160313 
Number is 12 
G.5.3_index_3_VS_G.5.4_index_4 [2] 
20160217,20160219,20160220,20160224,20160227,20160228,20160229,20160301,20160302,20160303,20160305,20160309,20160311,20160313,20160319,20160320,20160321,20160322 
G.4.2_index_3_VS_G.5.1_index_3 [3] 
20160216,20160217,20160218,20160219,20160222,20160223,20160224,20160226,20160227,20160228,20160229,20160301,20160302,20160303,20160305,20160306,20160308,20160312,20160314,20160317,20160321,20160322 
Number is 15 
G.3.3_index_3_VS_G.6.2_index_1 [4] PLUS 1 
20160216,20160221,20160223,20160226,20160227,20160228,20160229,20160301,20160302,20160303,20160304,20160305,20160307,20160309,20160310,20160311,20160312,20160313,20160317,20160319,20160320,20160321,20160322 
Number is 27 
G.1.1_index_5_VS_G.DB_index_3 [5] 
20160215,20160217,20160219,20160220,20160221,20160223,20160224,20160225,20160227,20160228,20160229,20160301,20160302,20160303,20160310,20160311,20160317,20160321,20160323 
G.5.6_index_3_VS_G.3.3_index_2 [6] 
20160215,20160217,20160220,20160221,20160222,20160225,20160227,20160228,20160229,20160301,20160302,20160303,20160305,20160307,20160310,20160311,20160313,20160316,20160317,20160318,20160320,20160322,20160323 
G.7.4_index_1_VS_G.DB_index_3 [7] 
20160217,20160219,20160220,20160224,20160225,20160227,20160228,20160229,20160301,20160302,20160303,20160306,20160310,20160313,20160315,20160320,20160321,20160322,20160323 
Number is 28 
G.3.4_index_4_VS_G.4.3_index_1 [8] 
20160215,20160222,20160224,20160226,20160227,20160228,20160229,20160301,20160302,20160303,20160305,20160307,20160308,20160313,20160315,20160318,20160321 
Number is 37 
G.3.6_index_2_VS_G.4.3_index_4 [9] PLUS 1 
20160216,20160221,20160222,20160223,20160227,20160228,20160229,20160301,20160302,20160303,20160304,20160305,20160306,20160311,20160312,20160313,20160321,20160323 
Number is 52 
G.3.4_index_2_VS_G.5.1_index_3 [10] PLUS 1 
20160215,20160216,20160219,20160223,20160227,20160228,20160229,20160301,20160302,20160303,20160304,20160305,20160306,20160319,20160320,20160322 
Number is 55 
G.4.2_index_4_VS_G.6.2_index_1 [11] PLUS 1 
20160215,20160216,20160221,20160225,20160227,20160228,20160229,20160301,20160302,20160303,20160304,20160306,20160310,20160311,20160312,20160313,20160317,20160320,20160321,20160322 
Number is 63 
G.2.1_index_4_VS_G.3.6_index_2 [12] 
20160216,20160220,20160226,20160227,20160228,20160229,20160301,20160302,20160303,20160306,20160309,20160313,20160316,20160317,20160320,20160323 
Number is 71 
G.4.3_index_4_VS_G.5.5_index_4 [13] PLUS 1 
20160225,20160227,20160228,20160229,20160301,20160302,20160303,20160304,20160310,20160314,20160317,20160321,20160323 
Number is 75 
G.4.3_index_4_VS_G.4.4_index_3 [14] 
20160216,20160217,20160218,20160220,20160221,20160223,20160225,20160226,20160227,20160228,20160229,20160301,20160302,20160303,20160305,20160306,20160307,20160309,20160311,20160313,20160314,20160315,20160316,20160317,20160318,20160319,20160323 
Number is 78 
G.1.1_index_2_VS_G.4.3_index_1 [15] 
20160218,20160224,20160225,20160226,20160227,20160228,20160229,20160301,20160302,20160303,20160307,20160312,20160315,20160318,20160320,20160321 
G.3.3_index_2_VS_G.5.6_index_2 [16] 
20160216,20160217,20160219,20160221,20160222,20160225,20160226,20160227,20160228,20160229,20160301,20160302,20160303,20160305,20160308,20160310,20160316,20160317,20160321 
Number is 87 
G.4.3_index_1_VS_G.3.1_index_1 [17] 
20160218,20160219,20160221,20160222,20160227,20160228,20160229,20160301,20160302,20160303,20160305,20160306,20160307,20160310,20160311,20160314,20160316,20160319,20160321,20160322 
G.5.5_index_2_VS_G.4.3_index_4 [18] 
20160215,20160216,20160220,20160223,20160227,20160228,20160229,20160301,20160302,20160303,20160305,20160306,20160311,20160312,20160316,20160317,20160320,20160323 
