======== Current: 20160306 ========= 
Number is 11 
G.5.1_index_3_VS_G.4.3_index_2 [1] 
20160217,20160218,20160221,20160223,20160224,20160226,20160227,20160229,20160301,20160302,20160303,20160304,20160305,20160312,20160320,20160321,20160322 
Number is 24 
G.DB_index_1_VS_G.4.3_index_4 [2] PLUS 1 
20160221,20160227,20160229,20160301,20160302,20160303,20160304,20160305,20160306,20160310,20160311,20160312,20160318,20160321,20160322,20160323 
Number is 39 
G.3.3_index_2_VS_G.3.3_index_3 [3] 
20160219,20160221,20160225,20160227,20160229,20160301,20160302,20160303,20160304,20160305,20160308,20160310,20160313,20160316,20160317,20160320,20160323 
Number is 40 
G.4.3_index_4_VS_G.7.1_index_2 [4] 
20160220,20160223,20160224,20160229,20160301,20160302,20160303,20160304,20160305,20160308,20160309,20160312,20160314,20160318,20160320,20160323 
Number is 42 
G.4.1_index_2_VS_G.4.2_index_4 [5] PLUS 1 
20160215,20160217,20160218,20160220,20160223,20160225,20160226,20160228,20160229,20160301,20160302,20160303,20160304,20160305,20160306,20160309,20160311,20160314,20160316,20160321 
Number is 43 
G.4.3_index_4_VS_G.4.4_index_1 [6] PLUS 1 
20160221,20160228,20160229,20160301,20160302,20160303,20160304,20160305,20160306,20160308,20160310,20160311,20160312,20160316,20160317,20160321,20160323 
Number is 51 
G.3.4_index_2_VS_G.5.1_index_3 [7] PLUS 1 
20160215,20160216,20160219,20160223,20160227,20160228,20160229,20160301,20160302,20160303,20160304,20160305,20160306,20160319,20160320,20160322 
Number is 54 
G.3.6_index_2_VS_G.4.3_index_4 [8] PLUS 1 
20160216,20160221,20160222,20160223,20160227,20160228,20160229,20160301,20160302,20160303,20160304,20160305,20160306,20160311,20160312,20160313,20160321,20160323 
Number is 61 
G.3.1_index_3_VS_G.5.1_index_3 [9] 
20160216,20160223,20160225,20160226,20160227,20160229,20160301,20160302,20160303,20160304,20160305,20160308,20160312,20160317,20160318,20160319,20160322 
Number is 66 
G.5.4_index_4_VS_G.1.1_index_5 [10] 
20160220,20160223,20160224,20160228,20160229,20160301,20160302,20160303,20160304,20160305,20160309,20160310,20160311,20160312,20160313,20160317,20160320,20160323 
Number is 74 
G.7.3_index_2_VS_G.5.6_index_1 [11] 
20160215,20160217,20160222,20160223,20160224,20160225,20160229,20160301,20160302,20160303,20160304,20160305,20160308,20160309,20160312,20160313,20160315,20160316,20160317,20160319,20160322 
Number is 81 
G.2.2_index_1_VS_G.4.3_index_2 [12] PLUS 1 
20160215,20160216,20160220,20160223,20160226,20160229,20160301,20160302,20160303,20160304,20160305,20160306,20160307,20160308,20160309,20160310,20160312,20160314,20160316,20160317,20160320,20160322 
Number is 90 
G.3.1_index_1_VS_G.7.1_index_2 [13] 
20160215,20160219,20160220,20160222,20160226,20160228,20160229,20160301,20160302,20160303,20160304,20160305,20160307,20160308,20160310,20160311,20160313,20160315,20160316,20160317 
Number is 93 
G.3.3_index_3_VS_G.6.2_index_1 [14] 
20160216,20160221,20160223,20160226,20160227,20160228,20160229,20160301,20160302,20160303,20160304,20160305,20160307,20160309,20160310,20160311,20160312,20160313,20160317,20160319,20160320,20160321,20160322 
