======== Current: 20160311 ========= 
Number is 00 
G.3.2_index_5_VS_G.4.2_index_1 [1] 
20160215,20160219,20160220,20160221,20160224,20160227,20160301,20160305,20160306,20160307,20160308,20160309,20160310,20160314,20160318,20160320 
G.2.2_index_1_VS_G.4.3_index_2 [2] 
20160215,20160216,20160220,20160223,20160226,20160229,20160301,20160302,20160303,20160304,20160305,20160306,20160307,20160308,20160309,20160310,20160312,20160314,20160316,20160317,20160320,20160322 
Number is 01 
G.5.3_index_2_VS_G.3.5_index_5 [3] 
20160216,20160222,20160223,20160224,20160228,20160229,20160303,20160305,20160306,20160307,20160308,20160309,20160310,20160313,20160315,20160316,20160318,20160321 
Number is 04 
G.4.2_index_1_VS_G.3.4_index_1 [4] 
20160215,20160217,20160219,20160220,20160223,20160227,20160228,20160304,20160305,20160306,20160307,20160308,20160309,20160310,20160314,20160315,20160320 
Number is 10 
G.2.2_index_2_VS_G.3.2_index_5 [5] 
20160215,20160216,20160218,20160219,20160222,20160225,20160227,20160229,20160305,20160306,20160307,20160308,20160309,20160310,20160318,20160321 
Number is 26 
G.7.3_index_1_VS_G.2.1_index_2 [6] 
20160215,20160216,20160217,20160218,20160221,20160222,20160223,20160224,20160225,20160227,20160301,20160303,20160304,20160305,20160306,20160307,20160308,20160309,20160310,20160312,20160313,20160314,20160315,20160316,20160323 
Number is 29 
G.5.3_index_3_VS_G.7.2_index_1 [7] 
20160216,20160217,20160220,20160221,20160228,20160303,20160305,20160306,20160307,20160308,20160309,20160310,20160314,20160316,20160318,20160322,20160323 
Number is 35 
G.7.4_index_1_VS_G.2.1_index_5 [8] 
20160218,20160222,20160223,20160227,20160301,20160303,20160305,20160306,20160307,20160308,20160309,20160310,20160312,20160315,20160321,20160322,20160323 
Number is 43 
G.3.3_index_2_VS_G.7.4_index_1 [9] PLUS 1 
20160217,20160219,20160221,20160223,20160226,20160227,20160302,20160305,20160306,20160307,20160308,20160309,20160310,20160311,20160316,20160319,20160322,20160323 
Number is 48 
G.5.3_index_1_VS_G.5.5_index_4 [10] 
20160216,20160221,20160222,20160223,20160224,20160228,20160301,20160302,20160304,20160305,20160306,20160307,20160308,20160309,20160310,20160313,20160314,20160317,20160321 
Number is 54 
G.4.1_index_2_VS_G.3.3_index_2 [11] PLUS 1 
20160215,20160216,20160217,20160219,20160221,20160222,20160225,20160226,20160301,20160302,20160303,20160305,20160306,20160307,20160308,20160309,20160310,20160311,20160317,20160319,20160320 
Number is 60 
G.3.1_index_4_VS_G.4.3_index_2 [12] 
20160215,20160216,20160217,20160220,20160221,20160223,20160224,20160228,20160305,20160306,20160307,20160308,20160309,20160310,20160312,20160314,20160315,20160317,20160319,20160320,20160321,20160323 
Number is 65 
G.4.2_index_2_VS_G.4.1_index_2 [13] PLUS 1 
20160220,20160222,20160223,20160226,20160229,20160303,20160305,20160306,20160307,20160308,20160309,20160310,20160311,20160313,20160316,20160322 
Number is 92 
G.2.1_index_4_VS_G.6.2_index_1 [14] 
20160216,20160220,20160221,20160222,20160223,20160226,20160228,20160303,20160304,20160305,20160306,20160307,20160308,20160309,20160310,20160314,20160315,20160323 
Number is 96 
G.4.4_index_1_VS_G.5.1_index_2 [15] 
20160216,20160217,20160220,20160224,20160227,20160302,20160303,20160304,20160305,20160306,20160307,20160308,20160309,20160310,20160316,20160318 
