======== Current: 20160312 ========= 
Number is 00 
G.3.6_index_1_VS_G.4.4_index_2 [1] PLUS 1 
20160225,20160226,20160229,20160301,20160306,20160307,20160308,20160309,20160310,20160311,20160312,20160319 
G.2.2_index_2_VS_G.7.3_index_1 [2] PLUS 1 
20160215,20160216,20160217,20160218,20160222,20160224,20160301,20160303,20160304,20160306,20160307,20160308,20160309,20160310,20160311,20160312,20160315,20160320,20160321,20160323 
Number is 02 
G.3.6_index_1_VS_G.3.4_index_3 [3] 
20160217,20160218,20160219,20160221,20160222,20160223,20160226,20160227,20160228,20160304,20160306,20160307,20160308,20160309,20160310,20160311,20160314,20160315,20160317,20160321,20160323 
Number is 03 
G.3.6_index_1_VS_G.3.3_index_3 [4] 
20160215,20160218,20160220,20160222,20160225,20160226,20160227,20160228,20160229,20160303,20160306,20160307,20160308,20160309,20160310,20160311,20160313,20160317,20160319,20160320,20160321 
Number is 04 
G.3.2_index_3_VS_G.4.3_index_1 [5] 
20160221,20160222,20160223,20160224,20160225,20160226,20160302,20160303,20160304,20160306,20160307,20160308,20160309,20160310,20160311,20160313,20160314,20160315,20160318,20160319 
Number is 05 
G.7.3_index_1_VS_G.1.1_index_3 [6] 
20160216,20160217,20160218,20160223,20160224,20160227,20160228,20160301,20160306,20160307,20160308,20160309,20160310,20160311,20160313,20160318,20160320,20160321,20160323 
Number is 14 
G.5.3_index_3_VS_G.4.3_index_1 [7] 
20160216,20160221,20160222,20160224,20160228,20160302,20160306,20160307,20160308,20160309,20160310,20160311,20160313,20160314,20160318,20160321,20160322 
Number is 17 
G.3.5_index_1_VS_G.2.1_index_3 [8] PLUS 1 
20160216,20160218,20160219,20160220,20160225,20160227,20160228,20160301,20160302,20160306,20160307,20160308,20160309,20160310,20160311,20160312,20160321,20160322 
G.3.4_index_1_VS_G.1.1_index_1 [9] PLUS 1 
20160215,20160217,20160221,20160222,20160223,20160226,20160306,20160307,20160308,20160309,20160310,20160311,20160312,20160314,20160315,20160316,20160317,20160318,20160319,20160321,20160323 
G.3.5_index_1_VS_G.3.1_index_4 [10] PLUS 1 
20160217,20160222,20160226,20160304,20160306,20160307,20160308,20160309,20160310,20160311,20160312,20160314,20160315,20160317,20160318,20160321,20160322 
Number is 26 
G.4.2_index_2_VS_G.4.1_index_2 [11] 
20160220,20160222,20160223,20160226,20160229,20160303,20160305,20160306,20160307,20160308,20160309,20160310,20160311,20160313,20160316,20160322 
Number is 27 
G.5.5_index_4_VS_G.5.6_index_4 [12] 
20160215,20160221,20160223,20160224,20160225,20160227,20160301,20160303,20160304,20160306,20160307,20160308,20160309,20160310,20160311,20160315,20160316,20160317,20160321,20160323 
Number is 29 
G.3.3_index_2_VS_G.7.4_index_1 [13] 
20160217,20160219,20160221,20160223,20160226,20160227,20160302,20160305,20160306,20160307,20160308,20160309,20160310,20160311,20160316,20160319,20160322,20160323 
Number is 32 
G.3.3_index_3_VS_G.3.1_index_1 [14] 
20160215,20160216,20160218,20160219,20160220,20160221,20160222,20160223,20160226,20160228,20160229,20160302,20160303,20160304,20160306,20160307,20160308,20160309,20160310,20160311,20160314,20160317,20160318,20160319,20160320,20160321,20160322 
Number is 45 
G.4.1_index_1_VS_G.4.2_index_4 [15] 
20160215,20160217,20160219,20160220,20160221,20160225,20160227,20160303,20160306,20160307,20160308,20160309,20160310,20160311,20160313,20160316,20160317,20160321,20160322 
Number is 50 
G.4.4_index_1_VS_G.4.2_index_1 [16] 
20160219,20160222,20160223,20160227,20160228,20160229,20160302,20160303,20160306,20160307,20160308,20160309,20160310,20160311,20160313,20160315,20160317,20160319 
Number is 52 
G.2.2_index_1_VS_G.2.1_index_4 [17] 
20160216,20160218,20160219,20160220,20160221,20160222,20160225,20160226,20160227,20160228,20160229,20160301,20160303,20160304,20160306,20160307,20160308,20160309,20160310,20160311,20160313,20160314,20160318,20160321,20160323 
Number is 62 
G.4.1_index_2_VS_G.3.3_index_2 [18] 
20160215,20160216,20160217,20160219,20160221,20160222,20160225,20160226,20160301,20160302,20160303,20160305,20160306,20160307,20160308,20160309,20160310,20160311,20160317,20160319,20160320 
Number is 64 
G.3.1_index_2_VS_G.4.3_index_1 [19] PLUS 1 
20160224,20160227,20160228,20160301,20160302,20160306,20160307,20160308,20160309,20160310,20160311,20160312,20160313,20160315,20160320 
Number is 67 
G.4.1_index_2_VS_G.DB_index_1 [20] PLUS 1 
20160215,20160218,20160219,20160220,20160222,20160301,20160306,20160307,20160308,20160309,20160310,20160311,20160312,20160318,20160320,20160321 
Number is 68 
G.3.2_index_1_VS_G.3.5_index_5 [21] 
20160217,20160219,20160221,20160222,20160225,20160229,20160303,20160306,20160307,20160308,20160309,20160310,20160311,20160313,20160315,20160317,20160320,20160321,20160323 
Number is 73 
G.3.5_index_3_VS_G.4.4_index_3 [22] PLUS 1 
20160217,20160220,20160221,20160222,20160225,20160228,20160229,20160302,20160304,20160306,20160307,20160308,20160309,20160310,20160311,20160312,20160313,20160314,20160315,20160317,20160319,20160322,20160323 
Number is 74 
G.3.1_index_3_VS_G.4.1_index_3 [23] PLUS 1 
20160218,20160221,20160223,20160226,20160228,20160229,20160303,20160304,20160306,20160307,20160308,20160309,20160310,20160311,20160312,20160320,20160321,20160323 
Number is 80 
G.3.2_index_5_VS_G.3.6_index_1 [24] 
20160215,20160217,20160218,20160219,20160220,20160222,20160224,20160225,20160303,20160306,20160307,20160308,20160309,20160310,20160311,20160316,20160317,20160321 
Number is 85 
G.5.2_index_1_VS_G.2.2_index_1 [25] PLUS 1 
20160215,20160220,20160221,20160222,20160225,20160226,20160227,20160229,20160301,20160302,20160304,20160306,20160307,20160308,20160309,20160310,20160311,20160312,20160313,20160314,20160317,20160318,20160322,20160323 
Number is 87 
G.7.3_index_2_VS_G.3.5_index_3 [26] PLUS 1 
20160216,20160217,20160223,20160227,20160302,20160303,20160306,20160307,20160308,20160309,20160310,20160311,20160312,20160315,20160319,20160320,20160322,20160323 
Number is 91 
G.4.3_index_2_VS_G.3.5_index_1 [27] PLUS 1 
20160216,20160225,20160227,20160228,20160301,20160306,20160307,20160308,20160309,20160310,20160311,20160312,20160317,20160321,20160322 
