======== Current: 20160314 ========= 
Number is 00 
G.2.1_index_3_VS_G.2.2_index_5 [1] PLUS 1 
20160217,20160218,20160220,20160222,20160223,20160226,20160228,20160302,20160307,20160308,20160309,20160310,20160311,20160312,20160313,20160314,20160317,20160319,20160320,20160323 
Number is 01 
G.2.2_index_5_VS_G.3.1_index_4 [2] 
20160217,20160222,20160223,20160301,20160304,20160307,20160308,20160309,20160310,20160311,20160312,20160313,20160315,20160317,20160318,20160319,20160320 
Number is 02 
G.4.1_index_3_VS_G.DB_index_1 [3] PLUS 1 
20160218,20160221,20160222,20160226,20160227,20160301,20160306,20160308,20160309,20160310,20160311,20160312,20160313,20160314,20160318,20160320,20160321,20160322,20160323 
Number is 03 
G.3.5_index_5_VS_G.3.1_index_3 [4] 
20160216,20160219,20160221,20160223,20160224,20160225,20160227,20160229,20160301,20160303,20160304,20160308,20160309,20160310,20160311,20160312,20160313,20160315,20160317,20160318,20160320,20160321 
Number is 06 
G.7.2_index_1_VS_G.3.3_index_1 [5] PLUS 1 
20160215,20160218,20160221,20160223,20160228,20160308,20160309,20160310,20160311,20160312,20160313,20160314,20160317,20160321,20160322,20160323 
Number is 18 
G.3.4_index_4_VS_G.3.2_index_1 [6] 
20160216,20160219,20160221,20160222,20160225,20160303,20160304,20160305,20160307,20160308,20160309,20160310,20160311,20160312,20160313,20160317,20160323 
Number is 20 
G.3.6_index_5_VS_G.7.4_index_1 [7] PLUS 1 
20160215,20160216,20160219,20160224,20160229,20160305,20160306,20160308,20160309,20160310,20160311,20160312,20160313,20160314,20160318,20160320,20160323 
G.4.3_index_2_VS_G.2.2_index_5 [8] PLUS 1 
20160216,20160217,20160222,20160223,20160224,20160228,20160229,20160303,20160307,20160308,20160309,20160310,20160311,20160312,20160313,20160314,20160317,20160318,20160319,20160323 
Number is 30 
G.3.1_index_3_VS_G.2.2_index_4 [9] 
20160215,20160219,20160221,20160224,20160302,20160308,20160309,20160310,20160311,20160312,20160313,20160315,20160319,20160320,20160322,20160323 
Number is 32 
G.4.1_index_2_VS_G.3.6_index_5 [10] 
20160215,20160218,20160219,20160221,20160222,20160225,20160226,20160227,20160229,20160301,20160305,20160308,20160309,20160310,20160311,20160312,20160313,20160315,20160317,20160319,20160320,20160321,20160323 
Number is 33 
G.4.1_index_4_VS_G.1.1_index_3 [11] 
20160215,20160216,20160217,20160223,20160224,20160228,20160303,20160308,20160309,20160310,20160311,20160312,20160313,20160322,20160323 
Number is 40 
G.5.5_index_1_VS_G.3.5_index_5 [12] 
20160217,20160219,20160221,20160223,20160225,20160226,20160301,20160303,20160304,20160305,20160308,20160309,20160310,20160311,20160312,20160313,20160315,20160323 
Number is 41 
G.5.2_index_1_VS_G.2.2_index_1 [13] PLUS 1 
20160215,20160220,20160221,20160222,20160225,20160226,20160227,20160229,20160301,20160302,20160304,20160306,20160307,20160308,20160309,20160310,20160311,20160312,20160313,20160314,20160317,20160318,20160322,20160323 
Number is 42 
G.5.4_index_4_VS_G.DB_index_1 [14] 
20160215,20160216,20160217,20160218,20160227,20160301,20160303,20160305,20160308,20160309,20160310,20160311,20160312,20160313,20160317,20160319,20160321 
Number is 48 
G.5.2_index_1_VS_G.5.2_index_3 [15] PLUS 1 
20160220,20160226,20160301,20160307,20160308,20160309,20160310,20160311,20160312,20160313,20160314,20160318,20160322,20160323 
Number is 66 
G.5.6_index_4_VS_G.5.3_index_3 [16] 
20160215,20160216,20160224,20160227,20160303,20160304,20160305,20160306,20160308,20160309,20160310,20160311,20160312,20160313,20160316,20160320 
Number is 71 
G.5.3_index_1_VS_G.DB_index_3 [17] 
20160217,20160218,20160224,20160301,20160302,20160304,20160305,20160308,20160309,20160310,20160311,20160312,20160313,20160315,20160318,20160321 
Number is 80 
G.3.1_index_2_VS_G.2.2_index_2 [18] 
20160216,20160219,20160223,20160225,20160303,20160304,20160306,20160308,20160309,20160310,20160311,20160312,20160313,20160315,20160316,20160317,20160318,20160320 
G.3.1_index_2_VS_G.4.3_index_1 [19] 
20160224,20160227,20160228,20160301,20160302,20160306,20160307,20160308,20160309,20160310,20160311,20160312,20160313,20160315,20160320 
Number is 82 
G.3.6_index_1_VS_G.3.2_index_3 [20] PLUS 1 
20160215,20160216,20160217,20160218,20160221,20160222,20160223,20160224,20160225,20160227,20160228,20160301,20160302,20160303,20160304,20160306,20160308,20160309,20160310,20160311,20160312,20160313,20160314,20160317,20160318,20160321,20160323 
Number is 83 
G.3.2_index_4_VS_G.5.1_index_1 [21] 
20160216,20160218,20160221,20160223,20160225,20160226,20160228,20160304,20160306,20160308,20160309,20160310,20160311,20160312,20160313,20160316,20160320 
G.3.6_index_1_VS_G.6.2_index_2 [22] 
20160218,20160220,20160221,20160222,20160226,20160228,20160229,20160301,20160303,20160304,20160306,20160308,20160309,20160310,20160311,20160312,20160313,20160317,20160320,20160321 
Number is 95 
G.3.5_index_3_VS_G.4.4_index_3 [23] PLUS 1 
20160217,20160220,20160221,20160222,20160225,20160228,20160229,20160302,20160304,20160306,20160307,20160308,20160309,20160310,20160311,20160312,20160313,20160314,20160315,20160317,20160319,20160322,20160323 
