======== Current: 20160315 ========= 
Number is 02 
G.3.2_index_1_VS_G.1.1_index_1 [1] 
20160215,20160216,20160219,20160221,20160223,20160225,20160229,20160303,20160304,20160306,20160307,20160309,20160310,20160311,20160312,20160313,20160314,20160316,20160318,20160320,20160321,20160323 
Number is 04 
G.3.6_index_5_VS_G.7.4_index_1 [2] 
20160215,20160216,20160219,20160224,20160229,20160305,20160306,20160308,20160309,20160310,20160311,20160312,20160313,20160314,20160318,20160320,20160323 
Number is 05 
G.3.3_index_1_VS_G.3.1_index_3 [3] PLUS 1 
20160218,20160219,20160223,20160225,20160227,20160229,20160301,20160306,20160309,20160310,20160311,20160312,20160313,20160314,20160315,20160318,20160319,20160320 
Number is 06 
G.3.6_index_5_VS_G.4.3_index_3 [4] PLUS 1 
20160216,20160217,20160218,20160221,20160222,20160224,20160225,20160226,20160228,20160301,20160304,20160305,20160307,20160309,20160310,20160311,20160312,20160313,20160314,20160315,20160321,20160322,20160323 
G.3.3_index_1_VS_G.3.3_index_3 [5] PLUS 1 
20160216,20160218,20160220,20160223,20160228,20160301,20160303,20160309,20160310,20160311,20160312,20160313,20160314,20160315,20160316,20160317,20160318,20160320 
Number is 20 
G.5.1_index_3_VS_G.3.3_index_1 [6] 
20160216,20160217,20160219,20160223,20160227,20160228,20160229,20160301,20160303,20160304,20160306,20160309,20160310,20160311,20160312,20160313,20160314,20160316,20160317,20160321 
G.7.2_index_1_VS_G.3.3_index_1 [7] 
20160215,20160218,20160221,20160223,20160228,20160308,20160309,20160310,20160311,20160312,20160313,20160314,20160317,20160321,20160322,20160323 
Number is 23 
G.4.2_index_1_VS_G.5.6_index_3 [8] 
20160216,20160217,20160219,20160220,20160221,20160224,20160227,20160301,20160303,20160309,20160310,20160311,20160312,20160313,20160314,20160319,20160320,20160321,20160323 
Number is 29 
G.4.1_index_3_VS_G.DB_index_1 [9] 
20160218,20160221,20160222,20160226,20160227,20160301,20160306,20160308,20160309,20160310,20160311,20160312,20160313,20160314,20160318,20160320,20160321,20160322,20160323 
Number is 31 
G.4.3_index_2_VS_G.2.2_index_5 [10] 
20160216,20160217,20160222,20160223,20160224,20160228,20160229,20160303,20160307,20160308,20160309,20160310,20160311,20160312,20160313,20160314,20160317,20160318,20160319,20160323 
Number is 35 
G.DB_index_3_VS_G.3.5_index_2 [11] 
20160215,20160219,20160223,20160226,20160227,20160301,20160305,20160309,20160310,20160311,20160312,20160313,20160314,20160318,20160319 
Number is 40 
G.3.4_index_1_VS_G.3.3_index_1 [12] 
20160215,20160217,20160223,20160226,20160303,20160304,20160306,20160309,20160310,20160311,20160312,20160313,20160314,20160316,20160320,20160322,20160323 
G.3.5_index_3_VS_G.6.3_index_3 [13] 
20160217,20160219,20160221,20160223,20160224,20160227,20160228,20160301,20160305,20160306,20160309,20160310,20160311,20160312,20160313,20160314,20160323 
Number is 41 
G.3.4_index_5_VS_G.5.1_index_4 [14] 
20160215,20160216,20160217,20160218,20160219,20160222,20160226,20160229,20160301,20160306,20160307,20160309,20160310,20160311,20160312,20160313,20160314,20160320 
Number is 43 
G.3.5_index_3_VS_G.4.4_index_3 [15] PLUS 1 
20160217,20160220,20160221,20160222,20160225,20160228,20160229,20160302,20160304,20160306,20160307,20160308,20160309,20160310,20160311,20160312,20160313,20160314,20160315,20160317,20160319,20160322,20160323 
Number is 49 
G.3.5_index_3_VS_G.3.1_index_2 [16] 
20160218,20160219,20160224,20160228,20160301,20160302,20160304,20160305,20160309,20160310,20160311,20160312,20160313,20160314,20160319,20160320,20160322,20160323 
Number is 50 
G.3.5_index_2_VS_G.3.2_index_1 [17] PLUS 1 
20160215,20160216,20160219,20160221,20160224,20160225,20160229,20160301,20160302,20160309,20160310,20160311,20160312,20160313,20160314,20160315,20160317,20160318,20160320,20160323 
Number is 56 
G.3.5_index_2_VS_G.4.3_index_3 [18] 
20160215,20160216,20160217,20160222,20160223,20160226,20160302,20160304,20160305,20160309,20160310,20160311,20160312,20160313,20160314,20160317,20160322 
Number is 58 
G.3.2_index_4_VS_G.4.2_index_3 [19] 
20160216,20160220,20160221,20160224,20160226,20160227,20160228,20160303,20160309,20160310,20160311,20160312,20160313,20160314,20160316,20160318,20160321,20160323 
Number is 59 
G.3.6_index_3_VS_G.7.1_index_2 [20] PLUS 1 
20160215,20160216,20160217,20160218,20160220,20160221,20160224,20160225,20160302,20160303,20160304,20160307,20160309,20160310,20160311,20160312,20160313,20160314,20160315,20160316,20160321 
Number is 60 
G.2.1_index_3_VS_G.3.3_index_1 [21] PLUS 1 
20160217,20160218,20160219,20160220,20160221,20160223,20160301,20160302,20160309,20160310,20160311,20160312,20160313,20160314,20160315,20160316,20160317,20160323 
Number is 61 
G.2.1_index_3_VS_G.2.2_index_5 [22] 
20160217,20160218,20160220,20160222,20160223,20160226,20160228,20160302,20160307,20160308,20160309,20160310,20160311,20160312,20160313,20160314,20160317,20160319,20160320,20160323 
Number is 69 
G.4.3_index_3_VS_G.5.4_index_1 [23] 
20160215,20160218,20160220,20160221,20160222,20160223,20160304,20160306,20160309,20160310,20160311,20160312,20160313,20160314,20160320,20160321 
G.3.6_index_1_VS_G.3.2_index_3 [24] 
20160215,20160216,20160217,20160218,20160221,20160222,20160223,20160224,20160225,20160227,20160228,20160301,20160302,20160303,20160304,20160306,20160308,20160309,20160310,20160311,20160312,20160313,20160314,20160317,20160318,20160321,20160323 
Number is 73 
G.5.2_index_1_VS_G.5.2_index_3 [25] 
20160220,20160226,20160301,20160307,20160308,20160309,20160310,20160311,20160312,20160313,20160314,20160318,20160322,20160323 
Number is 76 
G.5.2_index_1_VS_G.2.2_index_1 [26] 
20160215,20160220,20160221,20160222,20160225,20160226,20160227,20160229,20160301,20160302,20160304,20160306,20160307,20160308,20160309,20160310,20160311,20160312,20160313,20160314,20160317,20160318,20160322,20160323 
G.3.2_index_2_VS_G.2.2_index_1 [27] 
20160216,20160218,20160221,20160222,20160224,20160225,20160226,20160228,20160302,20160303,20160306,20160307,20160309,20160310,20160311,20160312,20160313,20160314,20160316,20160317,20160318,20160320,20160321 
Number is 78 
G.3.2_index_2_VS_G.5.6_index_1 [28] PLUS 1 
20160215,20160218,20160219,20160222,20160223,20160224,20160228,20160229,20160303,20160304,20160307,20160309,20160310,20160311,20160312,20160313,20160314,20160315,20160317,20160318,20160322 
Number is 94 
G.6.1_index_2_VS_G.6.2_index_1 [29] 
20160216,20160220,20160221,20160222,20160223,20160225,20160226,20160303,20160307,20160309,20160310,20160311,20160312,20160313,20160314,20160319,20160320,20160323 
Number is 97 
G.DB_index_1_VS_G.4.3_index_1 [30] PLUS 1 
20160217,20160218,20160219,20160227,20160302,20160303,20160307,20160309,20160310,20160311,20160312,20160313,20160314,20160315,20160318,20160319,20160320,20160321 
Number is 98 
G.3.3_index_4_VS_G.1.1_index_2 [31] PLUS 1 
20160216,20160218,20160226,20160227,20160229,20160304,20160305,20160306,20160309,20160310,20160311,20160312,20160313,20160314,20160315,20160316,20160317,20160318,20160319,20160321,20160323 
