======== Current: 20160319 ========= 
Number is 07 
G.6.1_index_2_VS_G.5.6_index_1 [1] PLUS 1 
20160216,20160217,20160218,20160220,20160224,20160225,20160304,20160306,20160309,20160310,20160312,20160313,20160314,20160315,20160316,20160317,20160318,20160319,20160322,20160323 
Number is 11 
G.5.4_index_2_VS_G.DB_index_1 [2] PLUS 1 
20160215,20160218,20160219,20160222,20160223,20160229,20160304,20160307,20160308,20160312,20160313,20160314,20160315,20160316,20160317,20160318,20160319 
Number is 16 
G.6.2_index_1_VS_G.5.6_index_3 [3] PLUS 1 
20160215,20160218,20160223,20160227,20160301,20160302,20160303,20160304,20160305,20160307,20160308,20160311,20160313,20160314,20160315,20160316,20160317,20160318,20160319,20160320,20160323 
Number is 17 
G.DB_index_4_VS_G.3.6_index_3 [4] 
20160215,20160216,20160218,20160219,20160222,20160307,20160312,20160313,20160314,20160315,20160316,20160317,20160318 
Number is 18 
G.5.2_index_2_VS_G.3.4_index_4 [5] PLUS 1 
20160220,20160223,20160224,20160301,20160304,20160310,20160311,20160312,20160313,20160314,20160315,20160316,20160317,20160318,20160319,20160320,20160321 
Number is 22 
G.4.4_index_4_VS_G.3.6_index_4 [6] 
20160218,20160221,20160222,20160226,20160227,20160229,20160304,20160306,20160313,20160314,20160315,20160316,20160317,20160318,20160322,20160323 
Number is 24 
G.3.6_index_4_VS_G.3.3_index_5 [7] PLUS 1 
20160218,20160220,20160221,20160222,20160226,20160227,20160307,20160308,20160310,20160311,20160313,20160314,20160315,20160316,20160317,20160318,20160319,20160320,20160321,20160322,20160323 
Number is 29 
G.3.6_index_4_VS_G.7.4_index_2 [8] 
20160215,20160220,20160221,20160222,20160223,20160224,20160302,20160307,20160308,20160310,20160311,20160313,20160314,20160315,20160316,20160317,20160318,20160321,20160322,20160323 
Number is 30 
G.3.3_index_4_VS_G.1.1_index_2 [9] PLUS 1 
20160216,20160218,20160226,20160227,20160229,20160304,20160305,20160306,20160309,20160310,20160311,20160312,20160313,20160314,20160315,20160316,20160317,20160318,20160319,20160321,20160323 
G.7.1_index_1_VS_G.6.1_index_2 [10] PLUS 1 
20160216,20160217,20160218,20160219,20160220,20160221,20160226,20160228,20160229,20160302,20160303,20160311,20160313,20160314,20160315,20160316,20160317,20160318,20160319,20160320,20160321,20160322,20160323 
Number is 35 
G.3.2_index_4_VS_G.3.6_index_5 [11] 
20160215,20160216,20160222,20160223,20160224,20160226,20160304,20160310,20160311,20160312,20160313,20160314,20160315,20160316,20160317,20160318 
Number is 48 
G.4.2_index_4_VS_G.3.3_index_1 [12] 
20160215,20160218,20160220,20160221,20160222,20160223,20160228,20160301,20160303,20160304,20160310,20160313,20160314,20160315,20160316,20160317,20160318,20160322,20160323 
Number is 68 
G.1.1_index_4_VS_G.5.6_index_2 [13] 
20160215,20160217,20160219,20160221,20160222,20160224,20160226,20160305,20160306,20160310,20160311,20160312,20160313,20160314,20160315,20160316,20160317,20160318,20160321,20160322 
Number is 70 
G.4.3_index_4_VS_G.4.4_index_3 [14] PLUS 1 
20160216,20160217,20160218,20160220,20160221,20160223,20160225,20160226,20160227,20160228,20160229,20160301,20160302,20160303,20160305,20160306,20160307,20160309,20160311,20160313,20160314,20160315,20160316,20160317,20160318,20160319,20160323 
G.5.5_index_2_VS_G.3.1_index_2 [15] PLUS 1 
20160216,20160218,20160219,20160220,20160221,20160225,20160228,20160301,20160303,20160305,20160306,20160308,20160311,20160312,20160313,20160314,20160315,20160316,20160317,20160318,20160319,20160320,20160321,20160322 
Number is 73 
G.5.5_index_2_VS_G.7.2_index_1 [16] PLUS 1 
20160216,20160217,20160220,20160221,20160223,20160224,20160228,20160302,20160303,20160304,20160305,20160306,20160313,20160314,20160315,20160316,20160317,20160318,20160319,20160321 
Number is 78 
G.5.5_index_2_VS_G.5.1_index_3 [17] 
20160217,20160218,20160219,20160220,20160221,20160222,20160223,20160224,20160227,20160228,20160301,20160302,20160303,20160305,20160306,20160313,20160314,20160315,20160316,20160317,20160318,20160321,20160322 
Number is 85 
G.3.3_index_1_VS_G.3.3_index_3 [18] 
20160216,20160218,20160220,20160223,20160228,20160301,20160303,20160309,20160310,20160311,20160312,20160313,20160314,20160315,20160316,20160317,20160318,20160320 
Number is 86 
G.3.3_index_1_VS_G.DB_index_3 [19] 
20160218,20160219,20160222,20160228,20160229,20160301,20160303,20160309,20160310,20160312,20160313,20160314,20160315,20160316,20160317,20160318,20160320,20160322,20160323 
Number is 87 
G.3.3_index_1_VS_G.5.3_index_4 [20] 
20160215,20160219,20160220,20160221,20160222,20160223,20160225,20160226,20160303,20160305,20160309,20160311,20160312,20160313,20160314,20160315,20160316,20160317,20160318,20160320,20160323 
Number is 99 
G.5.2_index_1_VS_G.7.1_index_2 [21] 
20160215,20160221,20160224,20160227,20160301,20160303,20160306,20160308,20160312,20160313,20160314,20160315,20160316,20160317,20160318,20160323 
