======== Current: 20160320 ========= 
Number is 03 
G.5.3_index_3_VS_G.3.5_index_5 [1] PLUS 1 
20160221,20160222,20160223,20160229,20160301,20160303,20160304,20160306,20160307,20160309,20160310,20160311,20160314,20160315,20160316,20160317,20160318,20160319,20160320,20160321,20160322,20160323 
Number is 08 
G.6.1_index_1_VS_G.3.4_index_3 [2] 
20160216,20160217,20160218,20160219,20160222,20160224,20160225,20160226,20160227,20160307,20160308,20160309,20160311,20160314,20160315,20160316,20160317,20160318,20160319 
G.6.1_index_2_VS_G.5.6_index_1 [3] 
20160216,20160217,20160218,20160220,20160224,20160225,20160304,20160306,20160309,20160310,20160312,20160313,20160314,20160315,20160316,20160317,20160318,20160319,20160322,20160323 
Number is 10 
G.7.1_index_1_VS_G.6.1_index_2 [4] PLUS 1 
20160216,20160217,20160218,20160219,20160220,20160221,20160226,20160228,20160229,20160302,20160303,20160311,20160313,20160314,20160315,20160316,20160317,20160318,20160319,20160320,20160321,20160322,20160323 
Number is 12 
G.4.3_index_4_VS_G.4.4_index_3 [5] 
20160216,20160217,20160218,20160220,20160221,20160223,20160225,20160226,20160227,20160228,20160229,20160301,20160302,20160303,20160305,20160306,20160307,20160309,20160311,20160313,20160314,20160315,20160316,20160317,20160318,20160319,20160323 
Number is 25 
G.5.2_index_2_VS_G.3.4_index_4 [6] PLUS 1 
20160220,20160223,20160224,20160301,20160304,20160310,20160311,20160312,20160313,20160314,20160315,20160316,20160317,20160318,20160319,20160320,20160321 
Number is 28 
G.5.2_index_2_VS_G.5.3_index_1 [7] PLUS 1 
20160216,20160222,20160223,20160224,20160228,20160301,20160303,20160304,20160306,20160308,20160312,20160314,20160315,20160316,20160317,20160318,20160319,20160320,20160321 
Number is 33 
G.3.6_index_4_VS_G.5.3_index_4 [8] PLUS 1 
20160215,20160216,20160219,20160220,20160221,20160224,20160225,20160226,20160228,20160305,20160306,20160307,20160310,20160311,20160314,20160315,20160316,20160317,20160318,20160319,20160320,20160323 
Number is 34 
G.4.1_index_3_VS_G.DB_index_5 [9] 
20160215,20160219,20160220,20160221,20160223,20160224,20160225,20160228,20160306,20160310,20160311,20160314,20160315,20160316,20160317,20160318,20160319,20160321 
Number is 35 
G.3.6_index_4_VS_G.3.3_index_5 [10] PLUS 1 
20160218,20160220,20160221,20160222,20160226,20160227,20160307,20160308,20160310,20160311,20160313,20160314,20160315,20160316,20160317,20160318,20160319,20160320,20160321,20160322,20160323 
Number is 36 
G.3.6_index_4_VS_G.3.6_index_3 [11] 
20160216,20160218,20160220,20160224,20160226,20160228,20160304,20160307,20160314,20160315,20160316,20160317,20160318,20160319,20160322,20160323 
Number is 41 
G.2.1_index_2_VS_G.7.1_index_1 [12] 
20160217,20160218,20160220,20160221,20160222,20160223,20160224,20160225,20160228,20160304,20160309,20160311,20160314,20160315,20160316,20160317,20160318,20160319,20160321 
Number is 42 
G.6.2_index_3_VS_G.5.2_index_2 [13] PLUS 1 
20160215,20160218,20160221,20160227,20160228,20160303,20160306,20160310,20160314,20160315,20160316,20160317,20160318,20160319,20160320,20160321 
Number is 47 
G.DB_index_4_VS_G.4.4_index_4 [14] 
20160217,20160218,20160219,20160220,20160221,20160226,20160302,20160307,20160309,20160311,20160312,20160314,20160315,20160316,20160317,20160318,20160319,20160322 
Number is 50 
G.5.5_index_2_VS_G.7.2_index_1 [15] 
20160216,20160217,20160220,20160221,20160223,20160224,20160228,20160302,20160303,20160304,20160305,20160306,20160313,20160314,20160315,20160316,20160317,20160318,20160319,20160321 
Number is 53 
G.5.5_index_2_VS_G.3.1_index_2 [16] PLUS 1 
20160216,20160218,20160219,20160220,20160221,20160225,20160228,20160301,20160303,20160305,20160306,20160308,20160311,20160312,20160313,20160314,20160315,20160316,20160317,20160318,20160319,20160320,20160321,20160322 
Number is 58 
G.2.2_index_5_VS_G.3.4_index_3 [17] 
20160217,20160221,20160227,20160228,20160229,20160311,20160314,20160315,20160316,20160317,20160318,20160319,20160323 
Number is 62 
G.3.1_index_4_VS_G.5.2_index_2 [18] 
20160215,20160216,20160219,20160220,20160221,20160223,20160224,20160228,20160303,20160304,20160306,20160314,20160315,20160316,20160317,20160318,20160319,20160322 
Number is 63 
G.5.4_index_2_VS_G.DB_index_1 [19] 
20160215,20160218,20160219,20160222,20160223,20160229,20160304,20160307,20160308,20160312,20160313,20160314,20160315,20160316,20160317,20160318,20160319 
Number is 65 
G.5.6_index_4_VS_G.3.2_index_1 [20] PLUS 1 
20160215,20160216,20160217,20160220,20160221,20160222,20160224,20160225,20160226,20160302,20160305,20160309,20160311,20160312,20160314,20160315,20160316,20160317,20160318,20160319,20160320,20160322,20160323 
Number is 73 
G.3.3_index_4_VS_G.1.1_index_2 [21] 
20160216,20160218,20160226,20160227,20160229,20160304,20160305,20160306,20160309,20160310,20160311,20160312,20160313,20160314,20160315,20160316,20160317,20160318,20160319,20160321,20160323 
Number is 83 
G.5.5_index_1_VS_G.3.6_index_4 [22] 
20160218,20160219,20160220,20160225,20160226,20160227,20160228,20160305,20160312,20160314,20160315,20160316,20160317,20160318,20160319,20160322,20160323 
G.3.4_index_3_VS_G.6.1_index_3 [23] 
20160217,20160221,20160222,20160225,20160228,20160306,20160309,20160311,20160314,20160315,20160316,20160317,20160318,20160319,20160321,20160322,20160323 
Number is 91 
G.3.4_index_1_VS_G.5.4_index_4 [24] PLUS 1 
20160215,20160216,20160217,20160219,20160220,20160221,20160222,20160223,20160225,20160301,20160303,20160304,20160305,20160309,20160310,20160314,20160315,20160316,20160317,20160318,20160319,20160320,20160321 
G.6.2_index_1_VS_G.5.4_index_4 [25] PLUS 1 
20160216,20160218,20160221,20160225,20160226,20160228,20160229,20160301,20160302,20160303,20160304,20160311,20160312,20160314,20160315,20160316,20160317,20160318,20160319,20160320,20160322 
G.6.2_index_1_VS_G.5.6_index_3 [26] PLUS 1 
20160215,20160218,20160223,20160227,20160301,20160302,20160303,20160304,20160305,20160307,20160308,20160311,20160313,20160314,20160315,20160316,20160317,20160318,20160319,20160320,20160323 
Number is 93 
G.3.4_index_1_VS_G.1.1_index_1 [27] 
20160215,20160217,20160221,20160222,20160223,20160226,20160306,20160307,20160308,20160309,20160310,20160311,20160312,20160314,20160315,20160316,20160317,20160318,20160319,20160321,20160323 
