======== Current: 20160329 ========= 
Number is 00 
G.1.1_index_1_VS_G.5.4_index_4 [1] PLUS 1 
20160220,20160221,20160226,20160228,20160229,20160301,20160303,20160305,20160309,20160310,20160311,20160312,20160318,20160322,20160323,20160324,20160325,20160326,20160327,20160328,20160329,20160330,20160401 
Number is 06 
G.7.1_index_1_VS_G.4.3_index_3 [2] PLUS 1 
20160215,20160217,20160220,20160221,20160222,20160223,20160227,20160228,20160302,20160304,20160305,20160310,20160312,20160313,20160314,20160317,20160323,20160324,20160325,20160326,20160327,20160328,20160329,20160401 
Number is 08 
G.5.5_index_4_VS_G.4.3_index_1 [3] 
20160221,20160223,20160224,20160225,20160226,20160227,20160302,20160303,20160306,20160307,20160310,20160311,20160315,20160320,20160322,20160323,20160324,20160325,20160326,20160327,20160328,20160402 
Number is 11 
G.5.4_index_1_VS_G.4.4_index_3 [4] 
20160216,20160221,20160224,20160301,20160302,20160303,20160304,20160306,20160309,20160315,20160318,20160321,20160322,20160323,20160324,20160325,20160326,20160327,20160328,20160330,20160331 
Number is 15 
G.5.4_index_1_VS_G.2.1_index_5 [5] PLUS 1 
20160218,20160220,20160221,20160222,20160224,20160226,20160227,20160305,20160311,20160312,20160313,20160315,20160317,20160321,20160322,20160323,20160324,20160325,20160326,20160327,20160328,20160329,20160331 
Number is 16 
G.4.1_index_1_VS_G.4.4_index_2 [6] 
20160218,20160219,20160220,20160222,20160223,20160227,20160228,20160229,20160303,20160304,20160310,20160313,20160316,20160318,20160319,20160320,20160321,20160323,20160324,20160325,20160326,20160327,20160328,20160401,20160402 
Number is 17 
G.7.1_index_2_VS_G.4.2_index_3 [7] PLUS 1 
20160215,20160216,20160217,20160220,20160221,20160222,20160228,20160304,20160308,20160310,20160312,20160315,20160319,20160321,20160323,20160324,20160325,20160326,20160327,20160328,20160329,20160401 
Number is 22 
G.3.4_index_4_VS_G.5.1_index_3 [8] 
20160219,20160222,20160224,20160225,20160226,20160227,20160301,20160302,20160304,20160305,20160309,20160323,20160324,20160325,20160326,20160327,20160328,20160402 
Number is 26 
G.5.6_index_3_VS_G.3.2_index_2 [9] PLUS 1 
20160217,20160218,20160219,20160221,20160222,20160223,20160224,20160227,20160229,20160303,20160308,20160313,20160318,20160323,20160324,20160325,20160326,20160327,20160328,20160329,20160402 
G.5.1_index_3_VS_G.3.6_index_1 [10] PLUS 1 
20160215,20160217,20160219,20160222,20160226,20160227,20160228,20160302,20160303,20160308,20160310,20160311,20160315,20160317,20160318,20160322,20160323,20160324,20160325,20160326,20160327,20160328,20160329,20160330 
Number is 29 
G.5.1_index_3_VS_G.4.2_index_4 [11] PLUS 1 
20160216,20160217,20160219,20160222,20160223,20160224,20160227,20160301,20160304,20160308,20160314,20160315,20160318,20160320,20160321,20160323,20160324,20160325,20160326,20160327,20160328,20160329,20160402 
Number is 31 
G.3.5_index_4_VS_G.6.3_index_3 [12] 
20160216,20160217,20160222,20160223,20160224,20160226,20160304,20160305,20160309,20160310,20160313,20160314,20160315,20160319,20160321,20160323,20160324,20160325,20160326,20160327,20160328 
Number is 35 
G.3.5_index_4_VS_G.2.2_index_5 [13] 
20160215,20160219,20160220,20160221,20160224,20160226,20160301,20160302,20160304,20160307,20160309,20160310,20160311,20160312,20160314,20160317,20160318,20160321,20160323,20160324,20160325,20160326,20160327,20160328,20160330 
Number is 38 
G.3.4_index_2_VS_G.5.1_index_1 [14] PLUS 1 
20160215,20160216,20160222,20160223,20160228,20160302,20160304,20160308,20160309,20160316,20160319,20160320,20160323,20160324,20160325,20160326,20160327,20160328,20160329,20160330 
Number is 40 
G.5.1_index_4_VS_G.5.4_index_4 [15] 
20160215,20160216,20160222,20160228,20160229,20160301,20160302,20160306,20160311,20160312,20160313,20160314,20160315,20160319,20160320,20160323,20160324,20160325,20160326,20160327,20160328,20160331 
Number is 48 
G.5.1_index_4_VS_G.5.4_index_2 [16] PLUS 1 
20160215,20160217,20160219,20160220,20160221,20160222,20160226,20160301,20160302,20160304,20160305,20160307,20160310,20160311,20160312,20160315,20160316,20160317,20160319,20160320,20160321,20160323,20160324,20160325,20160326,20160327,20160328,20160329,20160401 
Number is 50 
G.2.1_index_5_VS_G.6.3_index_2 [17] 
20160218,20160220,20160222,20160225,20160226,20160227,20160228,20160303,20160305,20160308,20160309,20160312,20160317,20160319,20160320,20160321,20160322,20160323,20160324,20160325,20160326,20160327,20160328,20160331,20160402 
Number is 56 
G.2.1_index_5_VS_G.3.2_index_2 [18] 
20160215,20160223,20160225,20160226,20160227,20160228,20160302,20160304,20160305,20160306,20160310,20160312,20160318,20160320,20160321,20160322,20160323,20160324,20160325,20160326,20160327,20160328,20160402 
Number is 62 
G.3.2_index_5_VS_G.3.6_index_4 [19] PLUS 1 
20160216,20160218,20160220,20160222,20160225,20160226,20160304,20160305,20160308,20160311,20160314,20160315,20160316,20160317,20160318,20160320,20160321,20160323,20160324,20160325,20160326,20160327,20160328,20160329,20160331,20160402 
G.3.6_index_5_VS_G.5.1_index_3 [20] PLUS 1 
20160215,20160221,20160222,20160224,20160225,20160226,20160227,20160301,20160302,20160303,20160320,20160322,20160323,20160324,20160325,20160326,20160327,20160328,20160329 
Number is 64 
G.5.4_index_3_VS_G.6.3_index_1 [21] PLUS 1 
20160215,20160218,20160221,20160222,20160223,20160226,20160301,20160302,20160303,20160308,20160310,20160311,20160316,20160318,20160319,20160320,20160321,20160322,20160323,20160324,20160325,20160326,20160327,20160328,20160329,20160331,20160402 
Number is 65 
G.3.6_index_1_VS_G.4.3_index_4 [22] 
20160216,20160217,20160220,20160221,20160226,20160228,20160229,20160301,20160302,20160303,20160305,20160306,20160307,20160309,20160310,20160314,20160315,20160317,20160320,20160323,20160324,20160325,20160326,20160327,20160328,20160331,20160402 
Number is 68 
G.4.3_index_3_VS_G.3.2_index_1 [23] PLUS 1 
20160215,20160216,20160217,20160218,20160219,20160220,20160222,20160301,20160302,20160307,20160310,20160312,20160313,20160315,20160320,20160322,20160323,20160324,20160325,20160326,20160327,20160328,20160329,20160330,20160331,20160402 
Number is 82 
G.5.1_index_1_VS_G.5.1_index_3 [24] 
20160219,20160223,20160224,20160226,20160227,20160228,20160302,20160303,20160305,20160306,20160309,20160312,20160318,20160320,20160322,20160323,20160324,20160325,20160326,20160327,20160328,20160330,20160401 
Number is 83 
G.3.5_index_1_VS_G.3.5_index_4 [25] PLUS 1 
20160215,20160217,20160221,20160225,20160302,20160305,20160306,20160307,20160309,20160310,20160311,20160315,20160321,20160323,20160324,20160325,20160326,20160327,20160328,20160329 
Number is 92 
G.1.1_index_5_VS_G.5.1_index_3 [26] PLUS 1 
20160217,20160221,20160222,20160223,20160224,20160226,20160227,20160229,20160301,20160303,20160304,20160305,20160312,20160320,20160323,20160324,20160325,20160326,20160327,20160328,20160329,20160330,20160402 
Number is 93 
G.2.1_index_1_VS_G.3.5_index_4 [27] 
20160215,20160216,20160217,20160218,20160220,20160221,20160222,20160224,20160226,20160228,20160229,20160302,20160305,20160314,20160317,20160320,20160321,20160323,20160324,20160325,20160326,20160327,20160328,20160402 
