======== Current: 20160330 ========= 
Number is 04 
G.5.5_index_4_VS_G.6.3_index_2 [1] 
20160218,20160221,20160222,20160225,20160226,20160227,20160228,20160310,20160315,20160318,20160319,20160321,20160324,20160325,20160326,20160327,20160328,20160329,20160401 
Number is 08 
G.5.2_index_3_VS_G.3.2_index_5 [2] PLUS 1 
20160215,20160216,20160217,20160222,20160229,20160301,20160303,20160305,20160306,20160307,20160310,20160312,20160318,20160320,20160321,20160322,20160324,20160325,20160326,20160327,20160328,20160329,20160330 
Number is 19 
G.4.3_index_3_VS_G.3.2_index_1 [3] PLUS 1 
20160215,20160216,20160217,20160218,20160219,20160220,20160222,20160301,20160302,20160307,20160310,20160312,20160313,20160315,20160320,20160322,20160323,20160324,20160325,20160326,20160327,20160328,20160329,20160330,20160331,20160402 
Number is 20 
G.2.2_index_2_VS_G.5.5_index_4 [4] PLUS 1 
20160216,20160223,20160228,20160301,20160303,20160305,20160309,20160310,20160315,20160316,20160317,20160320,20160321,20160324,20160325,20160326,20160327,20160328,20160329,20160330,20160331 
Number is 23 
G.1.1_index_1_VS_G.5.4_index_4 [5] PLUS 1 
20160220,20160221,20160226,20160228,20160229,20160301,20160303,20160305,20160309,20160310,20160311,20160312,20160318,20160322,20160323,20160324,20160325,20160326,20160327,20160328,20160329,20160330,20160401 
Number is 24 
G.5.1_index_3_VS_G.6.3_index_2 [6] PLUS 1 
20160215,20160217,20160219,20160222,20160226,20160227,20160228,20160301,20160302,20160305,20160308,20160311,20160315,20160319,20160320,20160322,20160324,20160325,20160326,20160327,20160328,20160329,20160330,20160401 
G.3.3_index_1_VS_G.3.1_index_3 [7] PLUS 1 
20160218,20160219,20160223,20160225,20160227,20160229,20160301,20160306,20160309,20160310,20160311,20160312,20160313,20160314,20160315,20160318,20160319,20160320,20160324,20160325,20160326,20160327,20160328,20160329,20160330,20160401 
G.5.1_index_3_VS_G.4.3_index_2 [8] PLUS 1 
20160217,20160218,20160221,20160223,20160224,20160226,20160227,20160229,20160301,20160302,20160303,20160304,20160305,20160312,20160320,20160321,20160322,20160324,20160325,20160326,20160327,20160328,20160329,20160330,20160331 
G.5.1_index_3_VS_G.3.6_index_1 [9] PLUS 1 
20160215,20160217,20160219,20160222,20160226,20160227,20160228,20160302,20160303,20160308,20160310,20160311,20160315,20160317,20160318,20160322,20160323,20160324,20160325,20160326,20160327,20160328,20160329,20160330 
Number is 26 
G.7.1_index_2_VS_G.4.2_index_3 [10] 
20160215,20160216,20160217,20160220,20160221,20160222,20160228,20160304,20160308,20160310,20160312,20160315,20160319,20160321,20160323,20160324,20160325,20160326,20160327,20160328,20160329,20160401 
Number is 27 
G.5.1_index_3_VS_G.6.3_index_1 [11] PLUS 1 
20160215,20160216,20160220,20160222,20160223,20160226,20160227,20160228,20160301,20160302,20160303,20160305,20160313,20160318,20160320,20160321,20160324,20160325,20160326,20160327,20160328,20160329,20160330,20160401 
Number is 28 
G.5.1_index_3_VS_G.4.2_index_4 [12] 
20160216,20160217,20160219,20160222,20160223,20160224,20160227,20160301,20160304,20160308,20160314,20160315,20160318,20160320,20160321,20160323,20160324,20160325,20160326,20160327,20160328,20160329,20160402 
Number is 31 
G.7.1_index_1_VS_G.5.1_index_2 [13] 
20160215,20160216,20160218,20160223,20160224,20160226,20160228,20160229,20160303,20160304,20160305,20160308,20160309,20160310,20160311,20160313,20160316,20160324,20160325,20160326,20160327,20160328,20160329,20160331 
G.7.1_index_1_VS_G.4.3_index_3 [14] 
20160215,20160217,20160220,20160221,20160222,20160223,20160227,20160228,20160302,20160304,20160305,20160310,20160312,20160313,20160314,20160317,20160323,20160324,20160325,20160326,20160327,20160328,20160329,20160401 
Number is 39 
G.7.1_index_1_VS_G.4.4_index_2 [15] 
20160216,20160218,20160219,20160220,20160221,20160226,20160227,20160228,20160303,20160304,20160314,20160316,20160317,20160318,20160320,20160321,20160324,20160325,20160326,20160327,20160328,20160329,20160401 
G.5.4_index_4_VS_G.4.4_index_2 [16] 
20160215,20160219,20160220,20160225,20160226,20160228,20160229,20160301,20160304,20160305,20160309,20160313,20160317,20160319,20160320,20160321,20160324,20160325,20160326,20160327,20160328,20160329 
Number is 40 
G.3.6_index_1_VS_G.5.5_index_4 [17] 
20160218,20160221,20160222,20160227,20160228,20160301,20160306,20160307,20160310,20160311,20160313,20160314,20160315,20160320,20160321,20160324,20160325,20160326,20160327,20160328,20160329,20160331 
G.6.3_index_3_VS_G.4.2_index_2 [18] 
20160215,20160219,20160221,20160224,20160227,20160228,20160303,20160304,20160310,20160311,20160313,20160315,20160319,20160322,20160324,20160325,20160326,20160327,20160328,20160329 
Number is 42 
G.7.2_index_1_VS_G.7.1_index_2 [19] PLUS 1 
20160217,20160219,20160221,20160301,20160302,20160303,20160305,20160308,20160309,20160311,20160313,20160316,20160318,20160320,20160324,20160325,20160326,20160327,20160328,20160329,20160330,20160401,20160402 
Number is 43 
G.5.4_index_1_VS_G.2.1_index_5 [20] 
20160218,20160220,20160221,20160222,20160224,20160226,20160227,20160305,20160311,20160312,20160313,20160315,20160317,20160321,20160322,20160323,20160324,20160325,20160326,20160327,20160328,20160329,20160331 
Number is 47 
G.5.4_index_3_VS_G.6.3_index_1 [21] 
20160215,20160218,20160221,20160222,20160223,20160226,20160301,20160302,20160303,20160308,20160310,20160311,20160316,20160318,20160319,20160320,20160321,20160322,20160323,20160324,20160325,20160326,20160327,20160328,20160329,20160331,20160402 
Number is 48 
G.4.3_index_2_VS_G.3.4_index_2 [22] 
20160215,20160216,20160221,20160223,20160229,20160301,20160302,20160304,20160305,20160306,20160312,20160313,20160316,20160317,20160320,20160321,20160324,20160325,20160326,20160327,20160328,20160329 
G.5.1_index_4_VS_G.5.4_index_2 [23] 
20160215,20160217,20160219,20160220,20160221,20160222,20160226,20160301,20160302,20160304,20160305,20160307,20160310,20160311,20160312,20160315,20160316,20160317,20160319,20160320,20160321,20160323,20160324,20160325,20160326,20160327,20160328,20160329,20160401 
Number is 62 
G.DB_index_1_VS_G.5.1_index_3 [24] 
20160215,20160216,20160220,20160227,20160301,20160302,20160303,20160305,20160308,20160312,20160313,20160319,20160320,20160321,20160324,20160325,20160326,20160327,20160328,20160329,20160331,20160401,20160402 
Number is 69 
G.6.1_index_3_VS_G.4.4_index_2 [25] PLUS 1 
20160215,20160216,20160219,20160224,20160225,20160226,20160229,20160306,20160318,20160320,20160324,20160325,20160326,20160327,20160328,20160329,20160330,20160401,20160402 
Number is 70 
G.3.2_index_2_VS_G.5.5_index_4 [26] 
20160215,20160222,20160223,20160225,20160227,20160228,20160304,20160309,20160315,20160324,20160325,20160326,20160327,20160328,20160329,20160331,20160401 
Number is 72 
G.1.1_index_5_VS_G.5.1_index_3 [27] PLUS 1 
20160217,20160221,20160222,20160223,20160224,20160226,20160227,20160229,20160301,20160303,20160304,20160305,20160312,20160320,20160323,20160324,20160325,20160326,20160327,20160328,20160329,20160330,20160402 
Number is 80 
G.3.4_index_2_VS_G.5.1_index_1 [28] PLUS 1 
20160215,20160216,20160222,20160223,20160228,20160302,20160304,20160308,20160309,20160316,20160319,20160320,20160323,20160324,20160325,20160326,20160327,20160328,20160329,20160330 
G.4.2_index_4_VS_G.5.5_index_4 [29] PLUS 1 
20160215,20160221,20160222,20160224,20160301,20160302,20160304,20160306,20160313,20160314,20160315,20160317,20160321,20160322,20160324,20160325,20160326,20160327,20160328,20160329,20160330,20160402 
Number is 81 
G.3.2_index_5_VS_G.3.6_index_4 [30] 
20160216,20160218,20160220,20160222,20160225,20160226,20160304,20160305,20160308,20160311,20160314,20160315,20160316,20160317,20160318,20160320,20160321,20160323,20160324,20160325,20160326,20160327,20160328,20160329,20160331,20160402 
Number is 82 
G.3.6_index_5_VS_G.5.1_index_3 [31] 
20160215,20160221,20160222,20160224,20160225,20160226,20160227,20160301,20160302,20160303,20160320,20160322,20160323,20160324,20160325,20160326,20160327,20160328,20160329 
Number is 94 
G.4.4_index_2_VS_G.4.2_index_1 [32] 
20160216,20160222,20160224,20160226,20160227,20160229,20160306,20160307,20160309,20160310,20160311,20160312,20160318,20160320,20160321,20160324,20160325,20160326,20160327,20160328,20160329,20160401 
Number is 97 
G.5.6_index_3_VS_G.3.2_index_2 [33] 
20160217,20160218,20160219,20160221,20160222,20160223,20160224,20160227,20160229,20160303,20160308,20160313,20160318,20160323,20160324,20160325,20160326,20160327,20160328,20160329,20160402 
Number is 99 
G.3.5_index_1_VS_G.3.5_index_4 [34] 
20160215,20160217,20160221,20160225,20160302,20160305,20160306,20160307,20160309,20160310,20160311,20160315,20160321,20160323,20160324,20160325,20160326,20160327,20160328,20160329 
