======== Current: 20160331 ========= 
Number is 02 
G.5.1_index_3_VS_G.6.3_index_2 [1] 
20160215,20160217,20160219,20160222,20160226,20160227,20160228,20160301,20160302,20160305,20160308,20160311,20160315,20160319,20160320,20160322,20160324,20160325,20160326,20160327,20160328,20160329,20160330,20160401 
Number is 03 
G.5.1_index_3_VS_G.4.3_index_2 [2] PLUS 1 
20160217,20160218,20160221,20160223,20160224,20160226,20160227,20160229,20160301,20160302,20160303,20160304,20160305,20160312,20160320,20160321,20160322,20160324,20160325,20160326,20160327,20160328,20160329,20160330,20160331 
Number is 07 
G.5.1_index_3_VS_G.3.6_index_1 [3] 
20160215,20160217,20160219,20160222,20160226,20160227,20160228,20160302,20160303,20160308,20160310,20160311,20160315,20160317,20160318,20160322,20160323,20160324,20160325,20160326,20160327,20160328,20160329,20160330 
Number is 08 
G.5.1_index_3_VS_G.6.3_index_1 [4] 
20160215,20160216,20160220,20160222,20160223,20160226,20160227,20160228,20160301,20160302,20160303,20160305,20160313,20160318,20160320,20160321,20160324,20160325,20160326,20160327,20160328,20160329,20160330,20160401 
G.4.2_index_3_VS_G.4.4_index_3 [5] 
20160215,20160216,20160217,20160221,20160224,20160226,20160228,20160303,20160304,20160306,20160309,20160312,20160314,20160317,20160319,20160320,20160321,20160325,20160326,20160327,20160328,20160329,20160330,20160401,20160402 
Number is 20 
G.5.2_index_3_VS_G.3.2_index_5 [6] 
20160215,20160216,20160217,20160222,20160229,20160301,20160303,20160305,20160306,20160307,20160310,20160312,20160318,20160320,20160321,20160322,20160324,20160325,20160326,20160327,20160328,20160329,20160330 
Number is 23 
G.5.1_index_4_VS_G.4.3_index_2 [7] PLUS 1 
20160216,20160217,20160218,20160221,20160223,20160226,20160229,20160301,20160303,20160305,20160307,20160309,20160310,20160311,20160312,20160317,20160319,20160320,20160321,20160322,20160323,20160325,20160326,20160327,20160328,20160329,20160330,20160331,20160401 
Number is 24 
G.5.4_index_3_VS_G.DB_index_1 [8] 
20160215,20160218,20160222,20160226,20160228,20160229,20160301,20160310,20160311,20160316,20160320,20160321,20160323,20160325,20160326,20160327,20160328,20160329,20160330,20160401 
G.4.2_index_4_VS_G.5.5_index_4 [9] 
20160215,20160221,20160222,20160224,20160301,20160302,20160304,20160306,20160313,20160314,20160315,20160317,20160321,20160322,20160324,20160325,20160326,20160327,20160328,20160329,20160330,20160402 
Number is 37 
G.5.5_index_2_VS_G.2.1_index_5 [10] 
20160216,20160220,20160221,20160223,20160225,20160227,20160228,20160301,20160303,20160305,20160310,20160311,20160314,20160318,20160323,20160325,20160326,20160327,20160328,20160329,20160330 
Number is 46 
G.5.5_index_3_VS_G.7.2_index_2 [11] PLUS 1 
20160215,20160221,20160222,20160226,20160228,20160301,20160303,20160304,20160308,20160310,20160311,20160313,20160315,20160316,20160320,20160325,20160326,20160327,20160328,20160329,20160330,20160331 
G.2.1_index_3_VS_G.4.3_index_3 [12] PLUS 1 
20160215,20160216,20160217,20160218,20160220,20160221,20160223,20160226,20160228,20160301,20160302,20160310,20160311,20160312,20160313,20160320,20160322,20160323,20160325,20160326,20160327,20160328,20160329,20160330,20160331,20160402 
Number is 50 
G.1.1_index_5_VS_G.5.1_index_3 [13] 
20160217,20160221,20160222,20160223,20160224,20160226,20160227,20160229,20160301,20160303,20160304,20160305,20160312,20160320,20160323,20160324,20160325,20160326,20160327,20160328,20160329,20160330,20160402 
Number is 57 
G.3.4_index_2_VS_G.5.1_index_1 [14] 
20160215,20160216,20160222,20160223,20160228,20160302,20160304,20160308,20160309,20160316,20160319,20160320,20160323,20160324,20160325,20160326,20160327,20160328,20160329,20160330 
Number is 61 
G.5.5_index_1_VS_G.5.4_index_4 [15] 
20160217,20160222,20160226,20160228,20160301,20160302,20160303,20160304,20160308,20160309,20160311,20160312,20160325,20160326,20160327,20160328,20160329,20160330,20160402 
Number is 63 
G.5.5_index_1_VS_G.7.1_index_1 [16] 
20160217,20160220,20160221,20160225,20160227,20160228,20160229,20160302,20160304,20160305,20160306,20160308,20160311,20160312,20160313,20160314,20160319,20160323,20160325,20160326,20160327,20160328,20160329,20160330,20160401 
Number is 64 
G.4.3_index_3_VS_G.3.2_index_1 [17] PLUS 1 
20160215,20160216,20160217,20160218,20160219,20160220,20160222,20160301,20160302,20160307,20160310,20160312,20160313,20160315,20160320,20160322,20160323,20160324,20160325,20160326,20160327,20160328,20160329,20160330,20160331,20160402 
G.2.2_index_2_VS_G.5.5_index_4 [18] PLUS 1 
20160216,20160223,20160228,20160301,20160303,20160305,20160309,20160310,20160315,20160316,20160317,20160320,20160321,20160324,20160325,20160326,20160327,20160328,20160329,20160330,20160331 
Number is 70 
G.3.1_index_1_VS_G.5.1_index_3 [19] 
20160215,20160216,20160219,20160221,20160222,20160224,20160226,20160227,20160228,20160302,20160303,20160306,20160308,20160310,20160311,20160314,20160322,20160325,20160326,20160327,20160328,20160329,20160330,20160401,20160402 
Number is 71 
G.1.1_index_1_VS_G.5.4_index_4 [20] 
20160220,20160221,20160226,20160228,20160229,20160301,20160303,20160305,20160309,20160310,20160311,20160312,20160318,20160322,20160323,20160324,20160325,20160326,20160327,20160328,20160329,20160330,20160401 
Number is 76 
G.3.6_index_1_VS_G.3.3_index_2 [21] 
20160217,20160218,20160219,20160220,20160221,20160222,20160225,20160226,20160228,20160229,20160301,20160302,20160306,20160307,20160309,20160310,20160311,20160313,20160314,20160316,20160317,20160319,20160322,20160325,20160326,20160327,20160328,20160329,20160330,20160401 
Number is 80 
G.3.3_index_1_VS_G.3.1_index_3 [22] 
20160218,20160219,20160223,20160225,20160227,20160229,20160301,20160306,20160309,20160310,20160311,20160312,20160313,20160314,20160315,20160318,20160319,20160320,20160324,20160325,20160326,20160327,20160328,20160329,20160330,20160401 
Number is 82 
G.6.1_index_3_VS_G.5.1_index_4 [23] PLUS 1 
20160217,20160220,20160222,20160224,20160303,20160304,20160307,20160308,20160311,20160313,20160314,20160315,20160318,20160319,20160320,20160321,20160322,20160323,20160325,20160326,20160327,20160328,20160329,20160330,20160331,20160402 
Number is 83 
G.3.3_index_1_VS_G.3.3_index_3 [24] 
20160216,20160218,20160220,20160223,20160228,20160301,20160303,20160309,20160310,20160311,20160312,20160313,20160314,20160315,20160316,20160317,20160318,20160320,20160325,20160326,20160327,20160328,20160329,20160330 
Number is 87 
G.6.1_index_3_VS_G.4.4_index_2 [25] 
20160215,20160216,20160219,20160224,20160225,20160226,20160229,20160306,20160318,20160320,20160324,20160325,20160326,20160327,20160328,20160329,20160330,20160401,20160402 
G.6.1_index_3_VS_G.3.6_index_1 [26] 
20160215,20160216,20160217,20160218,20160224,20160303,20160304,20160305,20160306,20160308,20160309,20160310,20160311,20160316,20160317,20160320,20160321,20160323,20160325,20160326,20160327,20160328,20160329,20160330 
Number is 89 
G.6.1_index_3_VS_G.7.2_index_1 [27] 
20160215,20160216,20160217,20160219,20160220,20160221,20160222,20160223,20160225,20160228,20160301,20160305,20160308,20160313,20160316,20160320,20160322,20160323,20160325,20160326,20160327,20160328,20160329,20160330,20160401,20160402 
Number is 95 
G.7.2_index_1_VS_G.6.3_index_3 [28] PLUS 1 
20160215,20160217,20160219,20160221,20160224,20160225,20160226,20160228,20160301,20160303,20160308,20160310,20160316,20160318,20160323,20160325,20160326,20160327,20160328,20160329,20160330,20160331 
Number is 98 
G.7.2_index_1_VS_G.4.4_index_3 [29] 
20160216,20160217,20160219,20160220,20160221,20160222,20160224,20160225,20160226,20160228,20160302,20160303,20160304,20160305,20160306,20160307,20160317,20160318,20160319,20160321,20160323,20160325,20160326,20160327,20160328,20160329,20160330 
G.7.2_index_1_VS_G.7.1_index_2 [30] 
20160217,20160219,20160221,20160301,20160302,20160303,20160305,20160308,20160309,20160311,20160313,20160316,20160318,20160320,20160324,20160325,20160326,20160327,20160328,20160329,20160330,20160401,20160402 
