======== Last: 20130404 ========= 
Number is 00 
G.5.4_index_1_VS_G.2.2_index_3 [1] 
Ngay: 20130225,20130227,20130228,20130301,20130304,20130305,20130306,20130307,20130308,20130309,20130310,20130314,20130317,20130321,20130324,20130331,20130401,20130402 
Number is 01 
G.3.3_index_5_VS_G.DB_index_2 [2] 
Ngay: 20130224,20130304,20130305,20130306,20130307,20130308,20130309,20130310,20130311,20130314,20130315,20130318,20130324,20130326,20130329,20130331,20130402,20130403 
Number is 03 
G.3.2_index_2_VS_G.3.1_index_3 [3] 
Ngay: 20130222,20130223,20130225,20130226,20130227,20130228,20130304,20130305,20130306,20130307,20130308,20130309,20130310,20130311,20130318,20130320,20130322,20130331,20130401,20130403 
Number is 04 
G.7.2_index_2_VS_G.5.1_index_3 [4] 
Ngay: 20130222,20130227,20130228,20130304,20130305,20130306,20130307,20130308,20130309,20130310,20130312,20130314,20130316,20130318,20130319,20130320,20130327,20130329,20130402,20130403 
Number is 05 
G.3.3_index_5_VS_G.7.3_index_2 [5] 
Ngay: 20130226,20130305,20130306,20130307,20130308,20130309,20130310,20130311,20130313,20130314,20130315,20130321,20130325,20130326,20130331,20130401,20130402 
Number is 07 
G.3.2_index_2_VS_G.5.4_index_4 [6] 
Ngay: 20130225,20130226,20130227,20130228,20130301,20130303,20130304,20130305,20130306,20130307,20130308,20130309,20130310,20130316,20130320,20130321,20130323,20130327,20130329,20130331,20130401 
Number is 11 
G.5.4_index_3_VS_G.7.2_index_1 [7] 
Ngay: 20130226,20130227,20130228,20130303,20130305,20130306,20130307,20130308,20130309,20130310,20130311,20130312,20130314,20130316,20130319,20130320,20130321,20130322,20130327,20130328 
Number is 13 
G.2.1_index_1_VS_G.3.1_index_3 [8] 
Ngay: 20130225,20130226,20130228,20130302,20130303,20130305,20130306,20130307,20130308,20130309,20130310,20130313,20130317,20130318,20130319,20130321,20130322,20130323,20130327,20130401,20130403 
Number is 18 
G.6.1_index_1_VS_G.5.2_index_4 [9] 
Ngay: 20130225,20130302,20130305,20130306,20130307,20130308,20130309,20130310,20130314,20130315,20130317,20130402 
Number is 22 
G.5.3_index_1_VS_G.5.1_index_4 [10] 
Ngay: 20130224,20130225,20130228,20130302,20130305,20130306,20130307,20130308,20130309,20130310,20130311,20130312,20130317,20130318,20130320,20130324,20130325,20130326,20130401,20130403 
G.DB_index_5_VS_G.3.5_index_5 [11] 
Ngay: 20130226,20130227,20130228,20130304,20130305,20130306,20130307,20130308,20130309,20130310,20130312,20130314,20130317,20130318,20130321,20130322,20130325,20130326,20130327,20130401 
Number is 24 
G.5.3_index_1_VS_G.5.3_index_3 [12] 
Ngay: 20130222,20130228,20130301,20130304,20130305,20130306,20130307,20130308,20130309,20130310,20130311,20130313,20130317,20130318,20130320,20130321,20130323,20130326,20130328,20130331,20130401,20130403 
Number is 25 
G.DB_index_5_VS_G.7.4_index_2 [13] 
Ngay: 20130222,20130223,20130226,20130228,20130301,20130304,20130305,20130306,20130307,20130308,20130309,20130310,20130311,20130313,20130315,20130318,20130325,20130326,20130328,20130329,20130331 
Number is 27 
G.5.3_index_1_VS_G.5.4_index_4 [14] 
Ngay: 20130224,20130226,20130227,20130302,20130304,20130305,20130306,20130307,20130308,20130309,20130310,20130313,20130319,20130321,20130326,20130327,20130331,20130401,20130403 
G.DB_index_3_VS_G.1.1_index_4 [15] 
Ngay: 20130224,20130228,20130305,20130306,20130307,20130308,20130309,20130310,20130313,20130315,20130318,20130320,20130326,20130401,20130402,20130403 
Number is 28 
G.5.3_index_1_VS_G.3.6_index_3 [16] 
Ngay: 20130224,20130302,20130305,20130306,20130307,20130308,20130309,20130310,20130313,20130318,20130320,20130321,20130323,20130326,20130330,20130331,20130401 
Number is 31 
G.4.4_index_1_VS_G.5.4_index_2 [17] 
Ngay: 20130224,20130226,20130305,20130306,20130307,20130308,20130309,20130310,20130312,20130314,20130315,20130317,20130319,20130322,20130323,20130325,20130326,20130327,20130330,20130331,20130401 
Number is 32 
G.3.1_index_3_VS_G.5.3_index_1 [18] 
Ngay: 20130223,20130224,20130225,20130226,20130227,20130303,20130305,20130306,20130307,20130308,20130309,20130310,20130311,20130313,20130316,20130318,20130319,20130323,20130326,20130327,20130329,20130331,20130403 
Number is 33 
G.3.5_index_3_VS_G.5.3_index_4 [19] 
Ngay: 20130222,20130224,20130226,20130227,20130228,20130303,20130304,20130305,20130306,20130307,20130308,20130309,20130310,20130313,20130318,20130324,20130326,20130328,20130331,20130403 
Number is 38 
G.3.3_index_3_VS_G.4.2_index_3 [20] 
Ngay: 20130223,20130224,20130226,20130227,20130228,20130301,20130302,20130303,20130305,20130306,20130307,20130308,20130309,20130310,20130313,20130314,20130316,20130319,20130320,20130321,20130323,20130326,20130327,20130401,20130403 
Number is 40 
G.2.2_index_5_VS_G.4.4_index_3 [21] 
Ngay: 20130224,20130301,20130303,20130304,20130305,20130306,20130307,20130308,20130309,20130310,20130311,20130316,20130317,20130318,20130321,20130322,20130325,20130329,20130401 
G.6.1_index_2_VS_G.7.2_index_2 [22] 
Ngay: 20130223,20130227,20130228,20130302,20130304,20130305,20130306,20130307,20130308,20130309,20130310,20130316,20130318,20130323,20130326,20130327,20130331,20130402,20130403 
Number is 42 
G.7.4_index_1_VS_G.5.3_index_1 [23] 
Ngay: 20130223,20130224,20130227,20130228,20130301,20130305,20130306,20130307,20130308,20130309,20130310,20130315,20130317,20130318,20130320,20130321,20130322,20130326,20130329,20130331,20130403 
Number is 44 
G.3.2_index_1_VS_G.6.1_index_2 [24] 
Ngay: 20130222,20130225,20130305,20130306,20130307,20130308,20130309,20130310,20130315,20130317,20130318,20130319,20130320,20130321,20130323,20130328,20130331,20130401,20130402 
Number is 52 
G.7.3_index_2_VS_G.6.2_index_3 [25] 
Ngay: 20130225,20130228,20130301,20130305,20130306,20130307,20130308,20130309,20130310,20130311,20130316,20130320,20130323,20130324,20130326,20130327,20130328,20130329,20130330,20130403 
Number is 54 
G.7.3_index_2_VS_G.3.2_index_1 [26] 
Ngay: 20130225,20130227,20130301,20130303,20130304,20130305,20130306,20130307,20130308,20130309,20130310,20130314,20130318,20130320,20130323,20130326,20130329,20130330,20130401,20130402 
Number is 57 
G.7.3_index_2_VS_G.5.5_index_1 [27] 
Ngay: 20130223,20130224,20130225,20130227,20130302,20130305,20130306,20130307,20130308,20130309,20130310,20130313,20130314,20130318,20130319,20130321,20130323,20130324,20130326,20130329,20130330,20130401,20130402 
Number is 62 
G.7.1_index_1_VS_G.DB_index_5 [28] 
Ngay: 20130222,20130223,20130227,20130303,20130305,20130306,20130307,20130308,20130309,20130310,20130311,20130319,20130321,20130322,20130323,20130324,20130326,20130402 
Number is 63 
G.5.5_index_4_VS_G.3.1_index_3 [29] 
Ngay: 20130224,20130301,20130303,20130305,20130306,20130307,20130308,20130309,20130310,20130316,20130317,20130318,20130319,20130323,20130324,20130327,20130330,20130401,20130402 
Number is 66 
G.5.5_index_4_VS_G.3.3_index_2 [30] 
Ngay: 20130227,20130228,20130305,20130306,20130307,20130308,20130309,20130310,20130312,20130313,20130317,20130321,20130324,20130325,20130327,20130330,20130401 
Number is 67 
G.5.5_index_4_VS_G.5.4_index_4 [31] 
Ngay: 20130222,20130223,20130227,20130228,20130301,20130304,20130305,20130306,20130307,20130308,20130309,20130310,20130311,20130312,20130315,20130317,20130319,20130321,20130325,20130326,20130329,20130403 
Number is 72 
G.1.1_index_4_VS_G.2.1_index_4 [32] 
Ngay: 20130222,20130224,20130226,20130228,20130301,20130305,20130306,20130307,20130308,20130309,20130310,20130316,20130319,20130325,20130327,20130330,20130401,20130402,20130403 
Number is 73 
G.3.1_index_4_VS_G.4.1_index_3 [33] 
Ngay: 20130225,20130303,20130305,20130306,20130307,20130308,20130309,20130310,20130313,20130315,20130316,20130320,20130324,20130326,20130329,20130402 
Number is 83 
G.5.2_index_4_VS_G.5.3_index_4 [34] 
Ngay: 20130224,20130225,20130228,20130301,20130302,20130303,20130304,20130305,20130306,20130307,20130308,20130309,20130310,20130312,20130315,20130316,20130317,20130318,20130319,20130320,20130328,20130330,20130403 
