======== Current: 20130311 ========= 
Number is 00 
G.3.2_index_2_VS_G.5.4_index_4 [1] 
Ngay: 20130225,20130226,20130227,20130228,20130301,20130303,20130304,20130305,20130306,20130307,20130308,20130309,20130310,20130316,20130320,20130321,20130323,20130327,20130329,20130331,20130401 
G.DB_index_3_VS_G.1.1_index_4 [2] 
Ngay: 20130224,20130228,20130305,20130306,20130307,20130308,20130309,20130310,20130313,20130315,20130318,20130320,20130326,20130401,20130402,20130403 
Number is 04 
G.3.2_index_2_VS_G.3.1_index_3 [3] PLUS 1 
Ngay: 20130222,20130223,20130225,20130226,20130227,20130228,20130304,20130305,20130306,20130307,20130308,20130309,20130310,20130311,20130318,20130320,20130322,20130331,20130401,20130403 
Number is 05 
G.1.1_index_4_VS_G.2.1_index_4 [4] 
Ngay: 20130222,20130224,20130226,20130228,20130301,20130305,20130306,20130307,20130308,20130309,20130310,20130316,20130319,20130325,20130327,20130330,20130401,20130402,20130403 
Number is 11 
G.3.1_index_4_VS_G.4.1_index_3 [5] 
Ngay: 20130225,20130303,20130305,20130306,20130307,20130308,20130309,20130310,20130313,20130315,20130316,20130320,20130324,20130326,20130329,20130402 
Number is 12 
G.5.2_index_4_VS_G.5.3_index_4 [6] 
Ngay: 20130224,20130225,20130228,20130301,20130302,20130303,20130304,20130305,20130306,20130307,20130308,20130309,20130310,20130312,20130315,20130316,20130317,20130318,20130319,20130320,20130328,20130330,20130403 
Number is 20 
G.5.5_index_4_VS_G.5.4_index_4 [7] PLUS 1 
Ngay: 20130222,20130223,20130227,20130228,20130301,20130304,20130305,20130306,20130307,20130308,20130309,20130310,20130311,20130312,20130315,20130317,20130319,20130321,20130325,20130326,20130329,20130403 
Number is 21 
G.6.1_index_1_VS_G.5.2_index_4 [8] 
Ngay: 20130225,20130302,20130305,20130306,20130307,20130308,20130309,20130310,20130314,20130315,20130317,20130402 
Number is 23 
G.7.2_index_2_VS_G.5.1_index_3 [9] 
Ngay: 20130222,20130227,20130228,20130304,20130305,20130306,20130307,20130308,20130309,20130310,20130312,20130314,20130316,20130318,20130319,20130320,20130327,20130329,20130402,20130403 
Number is 24 
G.5.5_index_4_VS_G.3.3_index_2 [10] 
Ngay: 20130227,20130228,20130305,20130306,20130307,20130308,20130309,20130310,20130312,20130313,20130317,20130321,20130324,20130325,20130327,20130330,20130401 
G.5.5_index_4_VS_G.3.1_index_3 [11] 
Ngay: 20130224,20130301,20130303,20130305,20130306,20130307,20130308,20130309,20130310,20130316,20130317,20130318,20130319,20130323,20130324,20130327,20130330,20130401,20130402 
G.3.2_index_1_VS_G.6.1_index_2 [12] 
Ngay: 20130222,20130225,20130305,20130306,20130307,20130308,20130309,20130310,20130315,20130317,20130318,20130319,20130320,20130321,20130323,20130328,20130331,20130401,20130402 
Number is 26 
G.4.4_index_1_VS_G.5.4_index_2 [13] 
Ngay: 20130224,20130226,20130305,20130306,20130307,20130308,20130309,20130310,20130312,20130314,20130315,20130317,20130319,20130322,20130323,20130325,20130326,20130327,20130330,20130331,20130401 
Number is 40 
G.2.2_index_5_VS_G.4.4_index_3 [14] PLUS 1 
Ngay: 20130224,20130301,20130303,20130304,20130305,20130306,20130307,20130308,20130309,20130310,20130311,20130316,20130317,20130318,20130321,20130322,20130325,20130329,20130401 
Number is 42 
G.6.1_index_2_VS_G.7.2_index_2 [15] 
Ngay: 20130223,20130227,20130228,20130302,20130304,20130305,20130306,20130307,20130308,20130309,20130310,20130316,20130318,20130323,20130326,20130327,20130331,20130402,20130403 
Number is 46 
G.DB_index_5_VS_G.3.5_index_5 [16] 
Ngay: 20130226,20130227,20130228,20130304,20130305,20130306,20130307,20130308,20130309,20130310,20130312,20130314,20130317,20130318,20130321,20130322,20130325,20130326,20130327,20130401 
Number is 48 
G.3.1_index_3_VS_G.5.3_index_1 [17] PLUS 1 
Ngay: 20130223,20130224,20130225,20130226,20130227,20130303,20130305,20130306,20130307,20130308,20130309,20130310,20130311,20130313,20130316,20130318,20130319,20130323,20130326,20130327,20130329,20130331,20130403 
G.5.4_index_3_VS_G.7.2_index_1 [18] PLUS 1 
Ngay: 20130226,20130227,20130228,20130303,20130305,20130306,20130307,20130308,20130309,20130310,20130311,20130312,20130314,20130316,20130319,20130320,20130321,20130322,20130327,20130328 
G.DB_index_5_VS_G.7.4_index_2 [19] PLUS 1 
Ngay: 20130222,20130223,20130226,20130228,20130301,20130304,20130305,20130306,20130307,20130308,20130309,20130310,20130311,20130313,20130315,20130318,20130325,20130326,20130328,20130329,20130331 
Number is 53 
G.3.3_index_3_VS_G.4.2_index_3 [20] 
Ngay: 20130223,20130224,20130226,20130227,20130228,20130301,20130302,20130303,20130305,20130306,20130307,20130308,20130309,20130310,20130313,20130314,20130316,20130319,20130320,20130321,20130323,20130326,20130327,20130401,20130403 
Number is 54 
G.2.1_index_1_VS_G.3.1_index_3 [21] 
Ngay: 20130225,20130226,20130228,20130302,20130303,20130305,20130306,20130307,20130308,20130309,20130310,20130313,20130317,20130318,20130319,20130321,20130322,20130323,20130327,20130401,20130403 
Number is 72 
G.3.5_index_3_VS_G.5.3_index_4 [22] 
Ngay: 20130222,20130224,20130226,20130227,20130228,20130303,20130304,20130305,20130306,20130307,20130308,20130309,20130310,20130313,20130318,20130324,20130326,20130328,20130331,20130403 
Number is 73 
G.3.3_index_5_VS_G.DB_index_2 [23] PLUS 1 
Ngay: 20130224,20130304,20130305,20130306,20130307,20130308,20130309,20130310,20130311,20130314,20130315,20130318,20130324,20130326,20130329,20130331,20130402,20130403 
Number is 77 
G.5.4_index_1_VS_G.2.2_index_3 [24] 
Ngay: 20130225,20130227,20130228,20130301,20130304,20130305,20130306,20130307,20130308,20130309,20130310,20130314,20130317,20130321,20130324,20130331,20130401,20130402 
Number is 79 
G.3.3_index_5_VS_G.7.3_index_2 [25] PLUS 1 
Ngay: 20130226,20130305,20130306,20130307,20130308,20130309,20130310,20130311,20130313,20130314,20130315,20130321,20130325,20130326,20130331,20130401,20130402 
Number is 80 
G.5.3_index_1_VS_G.5.4_index_4 [26] 
Ngay: 20130224,20130226,20130227,20130302,20130304,20130305,20130306,20130307,20130308,20130309,20130310,20130313,20130319,20130321,20130326,20130327,20130331,20130401,20130403 
Number is 84 
G.7.1_index_1_VS_G.DB_index_5 [27] PLUS 1 
Ngay: 20130222,20130223,20130227,20130303,20130305,20130306,20130307,20130308,20130309,20130310,20130311,20130319,20130321,20130322,20130323,20130324,20130326,20130402 
Number is 86 
G.5.3_index_1_VS_G.5.3_index_3 [28] PLUS 1 
Ngay: 20130222,20130228,20130301,20130304,20130305,20130306,20130307,20130308,20130309,20130310,20130311,20130313,20130317,20130318,20130320,20130321,20130323,20130326,20130328,20130331,20130401,20130403 
G.5.3_index_1_VS_G.5.1_index_4 [29] PLUS 1 
Ngay: 20130224,20130225,20130228,20130302,20130305,20130306,20130307,20130308,20130309,20130310,20130311,20130312,20130317,20130318,20130320,20130324,20130325,20130326,20130401,20130403 
Number is 88 
G.7.4_index_1_VS_G.5.3_index_1 [30] 
Ngay: 20130223,20130224,20130227,20130228,20130301,20130305,20130306,20130307,20130308,20130309,20130310,20130315,20130317,20130318,20130320,20130321,20130322,20130326,20130329,20130331,20130403 
G.5.3_index_1_VS_G.3.6_index_3 [31] 
Ngay: 20130224,20130302,20130305,20130306,20130307,20130308,20130309,20130310,20130313,20130318,20130320,20130321,20130323,20130326,20130330,20130331,20130401 
Number is 92 
G.7.3_index_2_VS_G.3.2_index_1 [32] 
Ngay: 20130225,20130227,20130301,20130303,20130304,20130305,20130306,20130307,20130308,20130309,20130310,20130314,20130318,20130320,20130323,20130326,20130329,20130330,20130401,20130402 
G.7.3_index_2_VS_G.5.5_index_1 [33] 
Ngay: 20130223,20130224,20130225,20130227,20130302,20130305,20130306,20130307,20130308,20130309,20130310,20130313,20130314,20130318,20130319,20130321,20130323,20130324,20130326,20130329,20130330,20130401,20130402 
Number is 97 
G.7.3_index_2_VS_G.6.2_index_3 [34] PLUS 1 
Ngay: 20130225,20130228,20130301,20130305,20130306,20130307,20130308,20130309,20130310,20130311,20130316,20130320,20130323,20130324,20130326,20130327,20130328,20130329,20130330,20130403 
