======== Last: 20130404 ========= 
Number is 11 
G.5.4_index_3_VS_G.2.1_index_5 [1] 
Ngay: 20130224,20130228,20130301,20130307,20130309,20130313,20130315,20130316,20130317,20130318,20130319,20130320,20130321,20130322,20130326,20130402,20130403 
Number is 12 
G.5.4_index_3_VS_G.3.1_index_5 [2] 
Ngay: 20130223,20130226,20130301,20130302,20130303,20130308,20130312,20130314,20130315,20130316,20130317,20130318,20130319,20130320,20130324,20130326,20130329,20130330,20130402,20130403 
G.4.4_index_2_VS_G.2.1_index_4 [3] 
Ngay: 20130226,20130228,20130301,20130302,20130305,20130307,20130308,20130315,20130316,20130317,20130318,20130319,20130320,20130321,20130323,20130325,20130329,20130331,20130403 
Number is 15 
G.5.4_index_3_VS_G.3.4_index_3 [4] 
Ngay: 20130223,20130228,20130301,20130303,20130315,20130316,20130317,20130318,20130319,20130320,20130322,20130326,20130330 
Number is 16 
G.5.4_index_2_VS_G.1.1_index_2 [5] 
Ngay: 20130222,20130225,20130301,20130302,20130306,20130313,20130315,20130316,20130317,20130318,20130319,20130320,20130321,20130322,20130323,20130324,20130327,20130329,20130401 
Number is 21 
G.DB_index_4_VS_G.4.4_index_2 [6] 
Ngay: 20130224,20130227,20130228,20130302,20130307,20130315,20130316,20130317,20130318,20130319,20130320,20130321,20130325,20130326,20130328,20130329,20130401 
G.DB_index_4_VS_G.2.2_index_2 [7] 
Ngay: 20130224,20130228,20130301,20130302,20130304,20130312,20130313,20130315,20130316,20130317,20130318,20130319,20130320,20130324,20130330,20130402,20130403 
Number is 27 
G.DB_index_4_VS_G.1.1_index_3 [8] 
Ngay: 20130223,20130225,20130228,20130302,20130304,20130305,20130310,20130314,20130315,20130316,20130317,20130318,20130319,20130320,20130321,20130324,20130327,20130329,20130330,20130401,20130402,20130403 
Number is 42 
G.5.6_index_2_VS_G.3.1_index_5 [9] 
Ngay: 20130223,20130224,20130227,20130228,20130303,20130306,20130310,20130311,20130315,20130316,20130317,20130318,20130319,20130320,20130321,20130323,20130324,20130327,20130329,20130330,20130402 
Number is 44 
G.6.1_index_2_VS_G.6.2_index_1 [10] 
Ngay: 20130222,20130224,20130226,20130227,20130228,20130301,20130302,20130304,20130307,20130309,20130311,20130315,20130316,20130317,20130318,20130319,20130320,20130323,20130328,20130401,20130402 
Number is 47 
G.2.2_index_5_VS_G.1.1_index_4 [11] 
Ngay: 20130224,20130226,20130302,20130305,20130306,20130308,20130309,20130311,20130315,20130316,20130317,20130318,20130319,20130320,20130321,20130325,20130329,20130330,20130403 
G.5.1_index_3_VS_G.6.3_index_1 [12] 
Ngay: 20130302,20130305,20130309,20130310,20130311,20130314,20130315,20130316,20130317,20130318,20130319,20130320,20130323,20130331,20130402 
Number is 64 
G.5.5_index_4_VS_G.5.6_index_2 [13] 
Ngay: 20130226,20130227,20130228,20130304,20130305,20130306,20130308,20130309,20130310,20130314,20130315,20130316,20130317,20130318,20130319,20130320,20130326,20130327,20130328,20130329,20130330,20130401 
Number is 73 
G.3.1_index_4_VS_G.4.3_index_2 [14] 
Ngay: 20130226,20130302,20130303,20130305,20130308,20130312,20130313,20130315,20130316,20130317,20130318,20130319,20130320,20130323,20130324,20130329,20130331,20130402,20130403 
Number is 83 
G.5.2_index_4_VS_G.5.3_index_4 [15] 
Ngay: 20130224,20130225,20130228,20130301,20130302,20130303,20130304,20130305,20130306,20130307,20130308,20130309,20130310,20130312,20130315,20130316,20130317,20130318,20130319,20130320,20130328,20130330,20130403 
Number is 93 
G.5.2_index_2_VS_G.4.2_index_2 [16] 
Ngay: 20130301,20130303,20130304,20130309,20130310,20130313,20130315,20130316,20130317,20130318,20130319,20130320,20130326,20130327,20130330 
Number is 98 
G.5.2_index_2_VS_G.3.5_index_1 [17] 
Ngay: 20130223,20130224,20130226,20130301,20130302,20130305,20130308,20130310,20130314,20130315,20130316,20130317,20130318,20130319,20130320,20130321,20130322,20130323,20130328,20130330,20130401,20130403 
