======== Current: 20130323 ========= 
Number is 02 
G.5.2_index_4_VS_G.4.4_index_2 [1] 
Ngay: 20130227,20130228,20130301,20130302,20130303,20130305,20130306,20130307,20130308,20130310,20130313,20130317,20130318,20130319,20130320,20130321,20130322,20130324,20130328,20130401,20130403 
Number is 04 
G.5.3_index_1_VS_G.4.2_index_2 [2] 
Ngay: 20130223,20130301,20130303,20130304,20130306,20130308,20130310,20130312,20130313,20130316,20130317,20130318,20130319,20130320,20130321,20130322,20130326,20130327,20130328 
Number is 06 
G.5.3_index_1_VS_G.1.1_index_2 [3] 
Ngay: 20130223,20130225,20130228,20130301,20130302,20130305,20130306,20130307,20130308,20130310,20130311,20130312,20130313,20130317,20130318,20130319,20130320,20130321,20130322,20130325,20130326,20130329,20130331,20130401 
Number is 08 
G.5.3_index_4_VS_G.3.3_index_2 [4] 
Ngay: 20130225,20130227,20130228,20130302,20130304,20130309,20130310,20130312,20130313,20130317,20130318,20130319,20130320,20130321,20130322,20130324,20130328,20130329,20130330,20130403 
Number is 09 
G.5.3_index_1_VS_G.7.1_index_1 [5] PLUS 1 
Ngay: 20130223,20130224,20130227,20130301,20130302,20130306,20130307,20130308,20130309,20130313,20130317,20130318,20130319,20130320,20130321,20130322,20130323,20130326,20130401,20130403 
Number is 25 
G.4.1_index_4_VS_G.3.1_index_1 [6] PLUS 1 
Ngay: 20130222,20130223,20130228,20130302,20130305,20130306,20130308,20130310,20130315,20130317,20130318,20130319,20130320,20130321,20130322,20130323,20130327,20130329,20130331,20130401,20130403 
Number is 34 
G.5.4_index_3_VS_G.2.1_index_5 [7] 
Ngay: 20130224,20130228,20130301,20130307,20130309,20130313,20130315,20130316,20130317,20130318,20130319,20130320,20130321,20130322,20130326,20130402,20130403 
G.5.4_index_3_VS_G.6.2_index_1 [8] 
Ngay: 20130224,20130226,20130227,20130228,20130304,20130307,20130309,20130310,20130311,20130315,20130317,20130318,20130319,20130320,20130321,20130322,20130324,20130326,20130327,20130329,20130331,20130403 
Number is 36 
G.5.4_index_3_VS_G.1.1_index_2 [9] 
Ngay: 20130222,20130223,20130224,20130301,20130302,20130305,20130307,20130312,20130317,20130318,20130319,20130320,20130321,20130322,20130331,20130401 
Number is 37 
G.2.2_index_2_VS_G.1.1_index_3 [10] PLUS 1 
Ngay: 20130225,20130226,20130228,20130301,20130306,20130310,20130312,20130313,20130315,20130317,20130318,20130319,20130320,20130321,20130322,20130323,20130329,20130401 
Number is 57 
G.3.3_index_4_VS_G.5.4_index_2 [11] PLUS 1 
Ngay: 20130222,20130224,20130226,20130301,20130304,20130305,20130308,20130310,20130313,20130317,20130318,20130319,20130320,20130321,20130322,20130323,20130326,20130329,20130330,20130401,20130403 
Number is 59 
G.5.4_index_1_VS_G.DB_index_4 [12] 
Ngay: 20130222,20130224,20130227,20130228,20130302,20130303,20130304,20130317,20130318,20130319,20130320,20130321,20130322,20130324,20130328,20130401,20130402 
Number is 62 
G.5.5_index_1_VS_G.3.2_index_1 [13] PLUS 1 
Ngay: 20130227,20130302,20130309,20130310,20130313,20130317,20130318,20130319,20130320,20130321,20130322,20130323,20130324,20130329,20130331,20130401,20130403 
Number is 65 
G.1.1_index_4_VS_G.4.3_index_4 [14] PLUS 1 
Ngay: 20130222,20130223,20130228,20130301,20130302,20130304,20130309,20130310,20130314,20130317,20130318,20130319,20130320,20130321,20130322,20130323,20130328,20130329,20130330,20130331,20130401,20130403 
Number is 68 
G.1.1_index_4_VS_G.3.5_index_5 [15] 
Ngay: 20130224,20130226,20130302,20130306,20130308,20130317,20130318,20130319,20130320,20130321,20130322,20130324,20130327,20130329,20130401,20130403 
Number is 73 
G.3.6_index_5_VS_G.2.2_index_2 [16] PLUS 1 
Ngay: 20130222,20130223,20130225,20130301,20130308,20130311,20130313,20130317,20130318,20130319,20130320,20130321,20130322,20130323,20130327,20130329,20130403 
G.3.6_index_3_VS_G.5.4_index_3 [17] PLUS 1 
Ngay: 20130222,20130223,20130228,20130302,20130304,20130305,20130308,20130309,20130311,20130313,20130314,20130317,20130318,20130319,20130320,20130321,20130322,20130323,20130329,20130401 
Number is 76 
G.5.4_index_2_VS_G.1.1_index_2 [18] PLUS 1 
Ngay: 20130222,20130225,20130301,20130302,20130306,20130313,20130315,20130316,20130317,20130318,20130319,20130320,20130321,20130322,20130323,20130324,20130327,20130329,20130401 
G.3.6_index_3_VS_G.1.1_index_4 [19] PLUS 1 
Ngay: 20130224,20130225,20130226,20130228,20130306,20130307,20130308,20130310,20130314,20130315,20130317,20130318,20130319,20130320,20130321,20130322,20130323,20130326,20130331,20130401,20130403 
Number is 78 
G.5.4_index_2_VS_G.DB_index_1 [20] PLUS 1 
Ngay: 20130223,20130224,20130225,20130227,20130301,20130303,20130310,20130311,20130315,20130317,20130318,20130319,20130320,20130321,20130322,20130323,20130325,20130330,20130331,20130401 
Number is 83 
G.5.2_index_2_VS_G.3.5_index_1 [21] PLUS 1 
Ngay: 20130223,20130224,20130226,20130301,20130302,20130305,20130308,20130310,20130314,20130315,20130316,20130317,20130318,20130319,20130320,20130321,20130322,20130323,20130328,20130330,20130401,20130403 
Number is 85 
G.6.1_index_3_VS_G.3.5_index_3 [22] 
Ngay: 20130224,20130226,20130227,20130301,20130306,20130308,20130311,20130316,20130317,20130318,20130319,20130320,20130321,20130322,20130326,20130328,20130331,20130401,20130403 
Number is 92 
G.5.3_index_3_VS_G.6.3_index_3 [23] 
Ngay: 20130224,20130302,20130303,20130304,20130307,20130310,20130314,20130317,20130318,20130319,20130320,20130321,20130322,20130325,20130326,20130401,20130403 
G.5.3_index_3_VS_G.4.3_index_2 [24] 
Ngay: 20130223,20130225,20130226,20130303,20130304,20130308,20130309,20130313,20130314,20130316,20130317,20130318,20130319,20130320,20130321,20130322,20130328,20130329,20130330,20130331,20130402,20130403 
