======== Current: 20130802 ========= 
Number is 11 
G.4.1_index_2_VS_G.5.6_index_1 [1] 
20130720,20130724,20130725,20130726,20130727,20130728,20130729,20130730,20130731,20130801,20130803,20130804,20130805,20130807,20130808,20130809,20130810,20130811,20130815,20130816,20130819,20130820,20130823,20130824,20130826,20130827,20130831,20130902,20130903 
Number is 14 
G.7.1_index_1_VS_G.3.2_index_4 [2] 
20130720,20130722,20130727,20130728,20130729,20130730,20130731,20130801,20130804,20130805,20130806,20130809,20130810,20130814,20130816,20130823,20130829 
Number is 20 
G.3.3_index_2_VS_G.DB_index_3 [3] PLUS 1 
20130720,20130722,20130723,20130724,20130725,20130726,20130727,20130728,20130729,20130730,20130731,20130801,20130802,20130803,20130804,20130805,20130806,20130808,20130813,20130815,20130819,20130821,20130823,20130824,20130825,20130826,20130828,20130829,20130830,20130901,20130902,20130903 
Number is 29 
G.4.1_index_3_VS_G.2.2_index_4 [4] PLUS 1 
20130720,20130722,20130724,20130727,20130728,20130729,20130730,20130731,20130801,20130802,20130804,20130806,20130808,20130809,20130812,20130814,20130815,20130822,20130825,20130826,20130827,20130901 
Number is 38 
G.3.5_index_4_VS_G.3.1_index_1 [5] PLUS 1 
20130721,20130723,20130726,20130727,20130728,20130729,20130730,20130731,20130801,20130802,20130803,20130804,20130808,20130812,20130813,20130818,20130820,20130821,20130822,20130824,20130825,20130827,20130828,20130829,20130830 
Number is 40 
G.2.1_index_3_VS_G.3.1_index_4 [6] 
20130724,20130727,20130728,20130729,20130730,20130731,20130801,20130803,20130807,20130808,20130809,20130810,20130811,20130814,20130815,20130819,20130820,20130821,20130824,20130827,20130828,20130831 
Number is 42 
G.3.4_index_1_VS_G.3.3_index_3 [7] PLUS 1 
20130721,20130723,20130726,20130727,20130728,20130729,20130730,20130731,20130801,20130802,20130805,20130807,20130808,20130811,20130812,20130815,20130816,20130819,20130822,20130823,20130824,20130825,20130826,20130827,20130829,20130830,20130831,20130902,20130903 
Number is 43 
G.7.2_index_1_VS_G.3.5_index_2 [8] 
20130721,20130722,20130725,20130727,20130728,20130729,20130730,20130731,20130801,20130805,20130806,20130809,20130810,20130814,20130815,20130819,20130822,20130823,20130824,20130828,20130902 
Number is 44 
G.2.1_index_3_VS_G.3.4_index_1 [9] 
20130721,20130722,20130726,20130727,20130728,20130729,20130730,20130731,20130801,20130805,20130808,20130809,20130810,20130811,20130812,20130816,20130817,20130823,20130825,20130829,20130830,20130831,20130902 
Number is 46 
G.2.1_index_3_VS_G.3.2_index_5 [10] PLUS 1 
20130720,20130721,20130727,20130728,20130729,20130730,20130731,20130801,20130802,20130809,20130810,20130811,20130813,20130815,20130817,20130818,20130822,20130823,20130824,20130825,20130828,20130830,20130902 
Number is 58 
G.5.5_index_3_VS_G.5.6_index_2 [11] 
20130720,20130721,20130727,20130728,20130729,20130730,20130731,20130801,20130806,20130807,20130808,20130811,20130812,20130813,20130814,20130815,20130818,20130819,20130820,20130821,20130824,20130827,20130828,20130830,20130902,20130903 
Number is 61 
G.2.2_index_5_VS_G.3.2_index_2 [12] 
20130723,20130724,20130726,20130727,20130728,20130729,20130730,20130731,20130801,20130803,20130804,20130809,20130812,20130814,20130815,20130817,20130821,20130822,20130823,20130824,20130825,20130827,20130828,20130829,20130830,20130902,20130903 
Number is 66 
G.3.3_index_1_VS_G.4.4_index_2 [13] 
20130726,20130727,20130728,20130729,20130730,20130731,20130801,20130804,20130806,20130810,20130812,20130815,20130816,20130822,20130824,20130826,20130828,20130830,20130831,20130903 
Number is 71 
G.1.1_index_4_VS_G.3.2_index_2 [14] PLUS 1 
20130723,20130725,20130726,20130727,20130728,20130729,20130730,20130731,20130801,20130802,20130804,20130805,20130806,20130808,20130809,20130811,20130814,20130816,20130817,20130822,20130824,20130826,20130901,20130903 
Number is 76 
G.1.1_index_4_VS_G.3.6_index_1 [15] 
20130722,20130727,20130728,20130729,20130730,20130731,20130801,20130803,20130806,20130807,20130809,20130810,20130813,20130816,20130817,20130821,20130822,20130823,20130824,20130825,20130826,20130828 
Number is 77 
G.1.1_index_4_VS_G.4.2_index_4 [16] 
20130723,20130724,20130725,20130727,20130728,20130729,20130730,20130731,20130801,20130804,20130807,20130809,20130814,20130816,20130817,20130818,20130820,20130822,20130825,20130827,20130828,20130830 
Number is 81 
G.3.6_index_4_VS_G.7.1_index_1 [17] PLUS 1 
20130720,20130722,20130724,20130726,20130727,20130728,20130729,20130730,20130731,20130801,20130802,20130810,20130811,20130814,20130816,20130819,20130821,20130822,20130823,20130825,20130826,20130902 
Number is 84 
G.3.6_index_4_VS_G.3.4_index_1 [18] PLUS 1 
20130725,20130726,20130727,20130728,20130729,20130730,20130731,20130801,20130802,20130803,20130805,20130806,20130809,20130811,20130812,20130816,20130817,20130820,20130823,20130825,20130826,20130827,20130829,20130902,20130903 
Number is 88 
G.5.3_index_2_VS_G.6.1_index_3 [19] 
20130722,20130724,20130727,20130728,20130729,20130730,20130731,20130801,20130805,20130810,20130811,20130814,20130816,20130817,20130820,20130821,20130824,20130828,20130830 
Number is 91 
G.2.2_index_4_VS_G.4.4_index_3 [20] PLUS 1 
20130722,20130724,20130727,20130728,20130729,20130730,20130731,20130801,20130802,20130803,20130804,20130806,20130813,20130814,20130817,20130820,20130821,20130823,20130825,20130826,20130827,20130829,20130902 
Number is 94 
G.4.3_index_2_VS_G.2.1_index_3 [21] PLUS 1 
20130723,20130724,20130726,20130727,20130728,20130729,20130730,20130731,20130801,20130802,20130810,20130811,20130812,20130816,20130820,20130821,20130823,20130824,20130825,20130826,20130828,20130829,20130830 
