======== Current: 20130808 ========= 
Number is 08 
G.7.3_index_2_VS_G.5.5_index_2 [1] 
20130720,20130722,20130727,20130729,20130730,20130731,20130802,20130803,20130804,20130805,20130806,20130807,20130810,20130812,20130814,20130818,20130819,20130822,20130823,20130825,20130826,20130829,20130901,20130902 
G.5.1_index_4_VS_G.DB_index_1 [2] 
20130721,20130722,20130724,20130727,20130728,20130729,20130731,20130802,20130803,20130804,20130805,20130806,20130807,20130813,20130817,20130819,20130820,20130821,20130823,20130829,20130902 
Number is 13 
G.3.4_index_1_VS_G.3.1_index_2 [3] 
20130723,20130725,20130727,20130728,20130729,20130730,20130801,20130802,20130803,20130804,20130805,20130806,20130807,20130811,20130812,20130814,20130818,20130819,20130820,20130821,20130823,20130824,20130825,20130830,20130903 
Number is 14 
G.4.4_index_1_VS_G.3.6_index_2 [4] PLUS 1 
20130724,20130726,20130729,20130801,20130802,20130803,20130804,20130805,20130806,20130807,20130808,20130809,20130812,20130813,20130814,20130815,20130816,20130817,20130818,20130819,20130820,20130824,20130825,20130827,20130831,20130903 
Number is 19 
G.6.2_index_3_VS_G.3.6_index_5 [5] PLUS 1 
20130721,20130724,20130725,20130802,20130803,20130804,20130805,20130806,20130807,20130808,20130809,20130810,20130812,20130813,20130814,20130817,20130820,20130821,20130822,20130825,20130829,20130902,20130903 
Number is 26 
G.4.2_index_4_VS_G.3.5_index_2 [6] 
20130721,20130723,20130725,20130726,20130729,20130731,20130802,20130803,20130804,20130805,20130806,20130807,20130810,20130812,20130814,20130817,20130820,20130822,20130823,20130824,20130827,20130902 
Number is 29 
G.3.4_index_2_VS_G.2.2_index_4 [7] PLUS 1 
20130721,20130722,20130724,20130725,20130730,20130731,20130802,20130803,20130804,20130805,20130806,20130807,20130808,20130810,20130811,20130813,20130814,20130820,20130821,20130825,20130826,20130827,20130828,20130901 
Number is 31 
G.4.3_index_3_VS_G.3.4_index_1 [8] 
20130724,20130728,20130731,20130801,20130802,20130803,20130804,20130805,20130806,20130807,20130809,20130810,20130812,20130814,20130815,20130816,20130823,20130826,20130827,20130829,20130830,20130903 
Number is 37 
G.1.1_index_2_VS_G.3.2_index_4 [9] 
20130720,20130722,20130727,20130731,20130801,20130802,20130803,20130804,20130805,20130806,20130807,20130809,20130811,20130813,20130814,20130816,20130817,20130820,20130823,20130825,20130829,20130830 
Number is 41 
G.5.4_index_4_VS_G.5.6_index_4 [10] PLUS 1 
20130722,20130724,20130725,20130726,20130728,20130729,20130802,20130803,20130804,20130805,20130806,20130807,20130808,20130812,20130815,20130818,20130824,20130826,20130827,20130830 
Number is 42 
G.3.6_index_2_VS_G.3.4_index_2 [11] 
20130721,20130722,20130724,20130725,20130728,20130731,20130802,20130803,20130804,20130805,20130806,20130807,20130809,20130810,20130811,20130812,20130813,20130814,20130816,20130817,20130824,20130825,20130827,20130829,20130903 
G.3.6_index_2_VS_G.5.2_index_4 [12] 
20130720,20130722,20130724,20130726,20130729,20130731,20130802,20130803,20130804,20130805,20130806,20130807,20130810,20130811,20130812,20130813,20130814,20130818,20130819,20130821,20130827,20130830,20130831,20130902,20130903 
Number is 45 
G.3.6_index_2_VS_G.5.1_index_3 [13] 
20130720,20130721,20130724,20130726,20130727,20130729,20130802,20130803,20130804,20130805,20130806,20130807,20130810,20130812,20130814,20130815,20130816,20130818,20130821,20130831,20130902,20130903 
Number is 61 
G.3.3_index_3_VS_G.6.3_index_1 [14] PLUS 1 
20130720,20130722,20130724,20130728,20130801,20130802,20130803,20130804,20130805,20130806,20130807,20130808,20130809,20130813,20130814,20130816,20130819,20130820,20130822,20130825,20130828,20130829,20130830,20130901 
Number is 71 
G.3.2_index_4_VS_G.5.6_index_4 [15] 
20130721,20130723,20130724,20130726,20130727,20130731,20130802,20130803,20130804,20130805,20130806,20130807,20130809,20130812,20130816,20130819,20130821,20130823,20130824,20130825,20130827 
Number is 72 
G.6.3_index_3_VS_G.4.2_index_4 [16] PLUS 1 
20130722,20130723,20130729,20130730,20130801,20130802,20130803,20130804,20130805,20130806,20130807,20130808,20130814,20130815,20130816,20130817,20130819,20130820,20130824,20130825,20130826,20130827,20130828,20130829,20130902 
Number is 73 
G.2.2_index_1_VS_G.4.2_index_2 [17] 
20130720,20130724,20130726,20130729,20130801,20130802,20130803,20130804,20130805,20130806,20130807,20130813,20130819,20130821,20130822,20130825,20130826,20130828,20130829,20130831,20130903 
Number is 74 
G.3.2_index_4_VS_G.3.3_index_5 [18] 
20130721,20130722,20130726,20130730,20130802,20130803,20130804,20130805,20130806,20130807,20130811,20130814,20130816,20130820,20130821,20130823,20130825 
Number is 76 
G.3.2_index_4_VS_G.5.2_index_3 [19] 
20130720,20130723,20130726,20130728,20130731,20130802,20130803,20130804,20130805,20130806,20130807,20130813,20130816,20130818,20130821,20130823,20130826,20130827,20130829,20130901 
Number is 93 
G.3.6_index_5_VS_G.7.1_index_1 [20] 
20130720,20130727,20130728,20130801,20130802,20130803,20130804,20130805,20130806,20130807,20130810,20130813,20130817,20130823,20130827,20130828,20130829,20130902 
Number is 98 
G.4.3_index_4_VS_G.3.6_index_3 [21] PLUS 1 
20130726,20130729,20130801,20130802,20130803,20130804,20130805,20130806,20130807,20130808,20130812,20130815,20130816,20130819,20130821,20130823,20130824,20130825,20130829,20130901 
