======== Current: 20130813 ========= 
Number is 02 
G.6.3_index_2_VS_G.6.2_index_3 [1] 
20130721,20130723,20130726,20130727,20130729,20130730,20130805,20130806,20130807,20130808,20130809,20130810,20130811,20130812,20130814,20130817,20130818,20130823,20130826,20130901,20130902 
Number is 03 
G.3.5_index_3_VS_G.6.3_index_3 [2] 
20130722,20130723,20130725,20130730,20130801,20130802,20130806,20130807,20130808,20130809,20130810,20130811,20130812,20130815,20130818,20130819,20130823,20130825,20130827,20130828,20130902,20130903 
Number is 10 
G.6.3_index_1_VS_G.3.4_index_2 [3] PLUS 1 
20130725,20130728,20130729,20130731,20130802,20130803,20130805,20130807,20130808,20130809,20130810,20130811,20130812,20130813,20130817,20130818,20130819,20130820,20130827,20130828,20130830,20130902 
Number is 20 
G.5.2_index_2_VS_G.3.5_index_3 [4] 
20130722,20130725,20130726,20130729,20130730,20130801,20130802,20130807,20130808,20130809,20130810,20130811,20130812,20130827,20130828,20130902 
Number is 23 
G.5.5_index_1_VS_G.5.3_index_4 [5] PLUS 1 
20130724,20130728,20130729,20130801,20130804,20130806,20130807,20130808,20130809,20130810,20130811,20130812,20130813,20130814,20130817,20130824,20130825,20130828,20130829,20130830,20130831,20130901 
G.3.6_index_5_VS_G.3.6_index_3 [6] PLUS 1 
20130720,20130721,20130728,20130802,20130807,20130808,20130809,20130810,20130811,20130812,20130813,20130814,20130816,20130822,20130825,20130901 
Number is 29 
G.6.2_index_3_VS_G.2.1_index_5 [7] 
20130720,20130723,20130724,20130727,20130729,20130802,20130803,20130805,20130807,20130808,20130809,20130810,20130811,20130812,20130814,20130815,20130818,20130819,20130820,20130824,20130825,20130826,20130827,20130828,20130830,20130831,20130901 
G.4.3_index_2_VS_G.2.1_index_5 [8] 
20130724,20130725,20130728,20130729,20130730,20130802,20130805,20130806,20130807,20130808,20130809,20130810,20130811,20130812,20130818,20130819,20130821,20130824,20130826,20130828,20130829,20130830,20130831 
Number is 31 
G.DB_index_3_VS_G.6.3_index_1 [9] 
20130720,20130722,20130724,20130725,20130726,20130728,20130731,20130803,20130804,20130807,20130808,20130809,20130810,20130811,20130812,20130816,20130818,20130820,20130825,20130826,20130828,20130830,20130901,20130902 
Number is 35 
G.2.1_index_1_VS_G.4.4_index_1 [10] PLUS 1 
20130720,20130721,20130725,20130728,20130729,20130805,20130807,20130808,20130809,20130810,20130811,20130812,20130813,20130815,20130816,20130819,20130824,20130825,20130901 
G.4.1_index_3_VS_G.5.4_index_1 [11] PLUS 1 
20130725,20130726,20130728,20130802,20130807,20130808,20130809,20130810,20130811,20130812,20130813,20130814,20130816,20130818,20130820,20130821,20130822,20130826,20130829,20130830,20130902 
Number is 39 
G.3.1_index_1_VS_G.2.1_index_5 [12] 
20130721,20130723,20130724,20130726,20130730,20130731,20130801,20130803,20130805,20130807,20130808,20130809,20130810,20130811,20130812,20130820,20130823,20130827,20130829,20130830,20130831,20130901,20130902 
Number is 62 
G.1.1_index_2_VS_G.5.3_index_3 [13] 
20130721,20130722,20130726,20130727,20130731,20130802,20130803,20130807,20130808,20130809,20130810,20130811,20130812,20130814,20130816,20130817,20130818,20130820,20130821,20130824,20130825,20130830 
Number is 63 
G.3.6_index_2_VS_G.1.1_index_3 [14] 
20130723,20130725,20130727,20130730,20130802,20130804,20130806,20130807,20130808,20130809,20130810,20130811,20130812,20130814,20130819,20130821,20130824,20130826,20130827,20130831,20130901,20130902 
Number is 65 
G.1.1_index_2_VS_G.3.6_index_1 [15] PLUS 1 
20130720,20130724,20130725,20130726,20130727,20130728,20130729,20130805,20130807,20130808,20130809,20130810,20130811,20130812,20130813,20130814,20130815,20130816,20130817,20130820,20130823,20130824,20130825,20130829,20130830,20130901 
G.DB_index_4_VS_G.3.5_index_4 [16] PLUS 1 
20130724,20130725,20130726,20130730,20130731,20130802,20130803,20130807,20130808,20130809,20130810,20130811,20130812,20130813,20130814,20130816,20130820,20130821,20130824,20130826,20130827,20130828,20130829,20130831,20130902 
Number is 66 
G.1.1_index_2_VS_G.3.6_index_2 [17] 
20130720,20130724,20130728,20130731,20130804,20130805,20130807,20130808,20130809,20130810,20130811,20130812,20130814,20130816,20130817,20130819,20130820,20130823,20130824,20130825,20130830,20130902,20130903 
Number is 83 
G.5.1_index_3_VS_G.5.3_index_4 [18] 
20130720,20130723,20130727,20130728,20130729,20130731,20130803,20130806,20130807,20130808,20130809,20130810,20130811,20130812,20130815,20130816,20130817,20130821,20130824,20130828,20130829,20130831,20130902 
Number is 85 
G.3.6_index_4_VS_G.3.6_index_1 [19] PLUS 1 
20130720,20130722,20130723,20130724,20130730,20130731,20130805,20130807,20130808,20130809,20130810,20130811,20130812,20130813,20130816,20130817,20130818,20130821,20130824,20130825,20130828,20130901,20130902 
G.1.1_index_4_VS_G.3.5_index_4 [20] PLUS 1 
20130720,20130721,20130723,20130728,20130729,20130801,20130802,20130804,20130807,20130808,20130809,20130810,20130811,20130812,20130813,20130817,20130820,20130822,20130824,20130826,20130827,20130828,20130829,20130830,20130901 
Number is 86 
G.1.1_index_4_VS_G.1.1_index_2 [21] 
20130720,20130722,20130728,20130729,20130731,20130801,20130804,20130807,20130808,20130809,20130810,20130811,20130812,20130814,20130819,20130822,20130823,20130824,20130830 
Number is 95 
G.2.1_index_5_VS_G.3.6_index_1 [22] PLUS 1 
20130720,20130721,20130724,20130730,20130801,20130805,20130807,20130808,20130809,20130810,20130811,20130812,20130813,20130818,20130819,20130820,20130821,20130824,20130827,20130828,20130829,20130830,20130831,20130902 
Number is 96 
G.2.1_index_5_VS_G.7.3_index_1 [23] PLUS 1 
20130722,20130730,20130807,20130808,20130809,20130810,20130811,20130812,20130813,20130819,20130821,20130822,20130823,20130824,20130826,20130828,20130829,20130901,20130902 
