======== Last: 20130904 ========= 
Number is 01 
G.5.3_index_2_VS_G.3.4_index_3 [1] 
Ngay: 20130720,20130721,20130722,20130725,20130803,20130805,20130809,20130812,20130813,20130814,20130815,20130816,20130817,20130825,20130826,20130827 
Number is 02 
G.5.5_index_3_VS_G.7.2_index_2 [2] 
Ngay: 20130720,20130722,20130727,20130801,20130803,20130808,20130810,20130812,20130813,20130814,20130815,20130816,20130817,20130819,20130820,20130824,20130825,20130827,20130828,20130902 
Number is 10 
G.4.4_index_1_VS_G.5.6_index_4 [3] 
Ngay: 20130723,20130724,20130725,20130726,20130729,20130730,20130801,20130803,20130805,20130806,20130807,20130812,20130813,20130814,20130815,20130816,20130817,20130819,20130820,20130825,20130829,20130903 
Number is 11 
G.3.5_index_4_VS_G.3.4_index_3 [4] 
Ngay: 20130720,20130722,20130724,20130727,20130728,20130730,20130801,20130802,20130808,20130809,20130812,20130813,20130814,20130815,20130816,20130817,20130818,20130820,20130822,20130824,20130825,20130826,20130827,20130829,20130903 
G.3.5_index_1_VS_G.5.4_index_2 [5] 
Ngay: 20130720,20130724,20130729,20130802,20130804,20130811,20130812,20130813,20130814,20130815,20130816,20130817,20130818,20130822,20130823,20130825,20130826,20130828,20130901,20130902,20130903 
Number is 12 
G.3.3_index_2_VS_G.7.2_index_2 [6] 
Ngay: 20130721,20130722,20130723,20130725,20130801,20130802,20130805,20130806,20130809,20130810,20130811,20130812,20130813,20130814,20130815,20130816,20130817,20130819,20130821,20130822,20130825,20130826,20130827,20130901,20130902,20130903 
G.4.4_index_1_VS_G.3.2_index_2 [7] 
Ngay: 20130722,20130726,20130729,20130730,20130802,20130806,20130807,20130809,20130811,20130812,20130813,20130814,20130815,20130816,20130817,20130820,20130821,20130822,20130824,20130827,20130828,20130901,20130903 
Number is 15 
G.3.5_index_3_VS_G.3.6_index_1 [8] 
Ngay: 20130722,20130724,20130730,20130801,20130804,20130805,20130807,20130809,20130812,20130813,20130814,20130815,20130816,20130817,20130819,20130821,20130822,20130823,20130825,20130827,20130828,20130829,20130902 
G.3.5_index_1_VS_G.6.1_index_2 [9] 
Ngay: 20130721,20130722,20130728,20130729,20130731,20130801,20130807,20130812,20130813,20130814,20130815,20130816,20130817,20130818,20130819,20130820,20130825,20130826,20130827,20130902,20130903 
G.3.1_index_3_VS_G.3.6_index_1 [10] 
Ngay: 20130720,20130722,20130725,20130726,20130730,20130802,20130806,20130807,20130812,20130813,20130814,20130815,20130816,20130817,20130818,20130821,20130822,20130824,20130827,20130831,20130901 
Number is 16 
G.3.5_index_1_VS_G.4.3_index_1 [11] 
Ngay: 20130720,20130721,20130722,20130725,20130727,20130730,20130731,20130801,20130803,20130806,20130807,20130810,20130812,20130813,20130814,20130815,20130816,20130817,20130821,20130825,20130827,20130829 
Number is 17 
G.3.5_index_4_VS_G.5.4_index_4 [12] 
Ngay: 20130720,20130721,20130722,20130726,20130727,20130728,20130801,20130803,20130808,20130809,20130812,20130813,20130814,20130815,20130816,20130817,20130818,20130820,20130824,20130826,20130827,20130828,20130829,20130901 
Number is 19 
G.4.4_index_1_VS_G.3.6_index_2 [13] 
Ngay: 20130724,20130726,20130729,20130801,20130802,20130803,20130804,20130805,20130806,20130807,20130808,20130809,20130812,20130813,20130814,20130815,20130816,20130817,20130818,20130819,20130820,20130824,20130825,20130827,20130831,20130903 
Number is 21 
G.2.2_index_3_VS_G.3.5_index_1 [14] 
Ngay: 20130720,20130725,20130729,20130730,20130805,20130806,20130808,20130811,20130812,20130813,20130814,20130815,20130816,20130817,20130818,20130821,20130824,20130825,20130826,20130827,20130828,20130829,20130901,20130902 
Number is 25 
G.2.2_index_5_VS_G.6.1_index_2 [15] 
Ngay: 20130721,20130722,20130723,20130725,20130726,20130729,20130731,20130801,20130803,20130804,20130806,20130811,20130812,20130813,20130814,20130815,20130816,20130817,20130818,20130820,20130827,20130830,20130831,20130902,20130903 
G.4.1_index_1_VS_G.7.1_index_2 [16] 
Ngay: 20130720,20130722,20130723,20130726,20130727,20130728,20130730,20130731,20130803,20130808,20130809,20130812,20130813,20130814,20130815,20130816,20130817,20130818,20130823,20130824,20130827,20130902 
Number is 28 
G.4.4_index_3_VS_G.6.3_index_2 [17] 
Ngay: 20130720,20130721,20130722,20130727,20130728,20130730,20130803,20130805,20130807,20130809,20130812,20130813,20130814,20130815,20130816,20130817,20130822,20130823,20130826,20130829,20130831,20130902,20130903 
Number is 38 
G.4.1_index_3_VS_G.5.6_index_2 [18] 
Ngay: 20130721,20130724,20130725,20130726,20130727,20130729,20130803,20130804,20130806,20130812,20130813,20130814,20130815,20130816,20130817,20130818,20130819,20130822,20130826,20130829,20130902,20130903 
Number is 41 
G.6.3_index_3_VS_G.3.4_index_3 [19] 
Ngay: 20130725,20130726,20130730,20130801,20130802,20130803,20130804,20130806,20130807,20130811,20130812,20130813,20130814,20130815,20130816,20130817,20130818,20130819,20130822,20130827,20130828,20130829,20130902,20130903 
Number is 48 
G.2.1_index_3_VS_G.5.6_index_2 [20] 
Ngay: 20130724,20130725,20130726,20130729,20130802,20130805,20130806,20130810,20130812,20130813,20130814,20130815,20130816,20130817,20130819,20130820,20130823,20130824,20130830,20130901,20130902,20130903 
Number is 49 
G.3.5_index_2_VS_G.6.1_index_3 [21] 
Ngay: 20130720,20130721,20130722,20130723,20130725,20130727,20130728,20130729,20130731,20130801,20130802,20130804,20130806,20130808,20130812,20130813,20130814,20130815,20130816,20130817,20130823,20130825,20130829 
Number is 51 
G.DB_index_4_VS_G.3.4_index_3 [22] 
Ngay: 20130720,20130721,20130722,20130725,20130728,20130805,20130806,20130807,20130811,20130812,20130813,20130814,20130815,20130816,20130817,20130819,20130821,20130822,20130825,20130827,20130828,20130831,20130902 
Number is 52 
G.6.1_index_2_VS_G.7.2_index_1 [23] 
Ngay: 20130721,20130723,20130726,20130727,20130728,20130729,20130801,20130805,20130806,20130811,20130812,20130813,20130814,20130815,20130816,20130817,20130819,20130820,20130821,20130829,20130830,20130902,20130903 
Number is 53 
G.5.1_index_3_VS_G.5.4_index_3 [24] 
Ngay: 20130720,20130728,20130731,20130805,20130806,20130811,20130812,20130813,20130814,20130815,20130816,20130817,20130819,20130820,20130822,20130824,20130825,20130826,20130829 
Number is 54 
G.2.1_index_2_VS_G.3.5_index_2 [25] 
Ngay: 20130723,20130726,20130731,20130802,20130807,20130808,20130812,20130813,20130814,20130815,20130816,20130817,20130818,20130819,20130820,20130821,20130822,20130827,20130829,20130831,20130903 
Number is 59 
G.5.1_index_4_VS_G.4.2_index_1 [26] 
Ngay: 20130726,20130728,20130801,20130802,20130804,20130806,20130808,20130812,20130813,20130814,20130815,20130816,20130817,20130818,20130823,20130825,20130828,20130829,20130830,20130903 
Number is 60 
G.1.1_index_2_VS_G.5.6_index_4 [27] 
Ngay: 20130720,20130722,20130724,20130726,20130729,20130731,20130802,20130803,20130804,20130806,20130807,20130809,20130810,20130811,20130812,20130813,20130814,20130815,20130816,20130817,20130819,20130820,20130823,20130825,20130828,20130829,20130830,20130903 
Number is 61 
G.4.2_index_3_VS_G.7.4_index_2 [28] 
Ngay: 20130723,20130726,20130801,20130802,20130804,20130807,20130810,20130812,20130813,20130814,20130815,20130816,20130817,20130818,20130819,20130823,20130824,20130828,20130830,20130903 
G.1.1_index_2_VS_G.4.4_index_1 [29] 
Ngay: 20130720,20130722,20130724,20130726,20130729,20130730,20130731,20130805,20130806,20130807,20130809,20130811,20130812,20130813,20130814,20130815,20130816,20130817,20130818,20130823,20130824,20130830,20130831 
G.4.2_index_3_VS_G.4.4_index_1 [30] 
Ngay: 20130720,20130722,20130725,20130726,20130803,20130804,20130806,20130807,20130808,20130812,20130813,20130814,20130815,20130816,20130817,20130818,20130822,20130824,20130825,20130826,20130830,20130831,20130903 
Number is 63 
G.1.1_index_2_VS_G.4.3_index_4 [31] 
Ngay: 20130720,20130721,20130722,20130724,20130726,20130727,20130728,20130729,20130731,20130802,20130804,20130806,20130807,20130809,20130812,20130813,20130814,20130815,20130816,20130817,20130823,20130825,20130827,20130828,20130829,20130902,20130903 
Number is 65 
G.1.1_index_2_VS_G.3.6_index_1 [32] 
Ngay: 20130720,20130724,20130725,20130726,20130727,20130728,20130729,20130805,20130807,20130808,20130809,20130810,20130811,20130812,20130813,20130814,20130815,20130816,20130817,20130820,20130823,20130824,20130825,20130829,20130830,20130901 
Number is 79 
G.3.3_index_4_VS_G.3.6_index_2 [33] 
Ngay: 20130722,20130723,20130725,20130728,20130729,20130730,20130802,20130804,20130808,20130809,20130810,20130812,20130813,20130814,20130815,20130816,20130817,20130818,20130820,20130821,20130822,20130824,20130825,20130831,20130903 
Number is 81 
G.5.6_index_2_VS_G.3.4_index_3 [34] 
Ngay: 20130721,20130723,20130724,20130725,20130726,20130728,20130729,20130806,20130809,20130812,20130813,20130814,20130815,20130816,20130817,20130820,20130821,20130823,20130824,20130827,20130828,20130829,20130902 
Number is 91 
G.6.2_index_2_VS_G.7.3_index_1 [35] 
Ngay: 20130724,20130726,20130727,20130729,20130730,20130731,20130802,20130808,20130809,20130810,20130812,20130813,20130814,20130815,20130816,20130817,20130824,20130825,20130826,20130829,20130831,20130901,20130902 
Number is 99 
G.3.6_index_2_VS_G.6.2_index_2 [36] 
Ngay: 20130725,20130729,20130802,20130804,20130805,20130808,20130809,20130810,20130812,20130813,20130814,20130815,20130816,20130817,20130818,20130821,20130824,20130825,20130828,20130829,20130831 
