======== Last: 20130904 ========= 
Number is 08 
G.5.5_index_3_VS_G.1.1_index_4 [1] 
Ngay: 20130720,20130724,20130727,20130728,20130729,20130730,20130805,20130808,20130809,20130810,20130814,20130817,20130818,20130819,20130820,20130821,20130822,20130823,20130824,20130825,20130827,20130828,20130830 
Number is 10 
G.3.6_index_3_VS_G.5.5_index_3 [2] 
Ngay: 20130729,20130804,20130806,20130810,20130813,20130814,20130819,20130820,20130821,20130822,20130823,20130824,20130825,20130830 
G.3.3_index_3_VS_G.5.5_index_3 [3] 
Ngay: 20130720,20130721,20130722,20130726,20130728,20130730,20130805,20130806,20130808,20130813,20130814,20130815,20130820,20130821,20130822,20130823,20130824,20130825,20130827,20130828,20130830 
Number is 11 
G.4.2_index_4_VS_G.7.4_index_1 [4] 
Ngay: 20130720,20130721,20130722,20130723,20130725,20130730,20130802,20130803,20130805,20130806,20130807,20130809,20130814,20130816,20130817,20130819,20130820,20130821,20130822,20130823,20130824,20130825,20130826,20130827,20130829,20130831,20130902 
G.3.5_index_4_VS_G.3.6_index_4 [5] 
Ngay: 20130720,20130724,20130726,20130728,20130730,20130802,20130805,20130809,20130810,20130811,20130812,20130813,20130814,20130816,20130819,20130820,20130821,20130822,20130823,20130824,20130825,20130826,20130827,20130828,20130830,20130902,20130903 
Number is 12 
G.7.3_index_1_VS_G.2.2_index_3 [6] 
Ngay: 20130723,20130725,20130726,20130801,20130802,20130803,20130808,20130810,20130811,20130812,20130813,20130814,20130817,20130819,20130820,20130821,20130822,20130823,20130824,20130825,20130826,20130827,20130829,20130902,20130903 
Number is 13 
G.3.3_index_3_VS_G.5.2_index_1 [7] 
Ngay: 20130721,20130724,20130728,20130730,20130731,20130806,20130810,20130812,20130813,20130815,20130818,20130820,20130821,20130822,20130823,20130824,20130825,20130826,20130827,20130828,20130829,20130903 
G.7.4_index_1_VS_G.4.3_index_4 [8] 
Ngay: 20130720,20130801,20130802,20130803,20130806,20130815,20130820,20130821,20130822,20130823,20130824,20130825,20130827,20130830,20130831,20130901,20130903 
G.3.3_index_3_VS_G.5.4_index_3 [9] 
Ngay: 20130720,20130725,20130728,20130730,20130804,20130806,20130810,20130811,20130812,20130815,20130817,20130819,20130820,20130821,20130822,20130823,20130824,20130825,20130902,20130903 
Number is 15 
G.3.3_index_3_VS_G.DB_index_4 [10] 
Ngay: 20130720,20130721,20130724,20130726,20130727,20130801,20130803,20130804,20130805,20130806,20130807,20130810,20130811,20130812,20130813,20130814,20130815,20130816,20130819,20130820,20130821,20130822,20130823,20130824,20130825,20130827,20130828,20130830 
Number is 16 
G.3.3_index_3_VS_G.5.4_index_1 [11] 
Ngay: 20130721,20130728,20130729,20130802,20130807,20130812,20130813,20130814,20130815,20130817,20130819,20130820,20130821,20130822,20130823,20130824,20130825,20130826,20130827,20130828,20130830,20130901 
Number is 17 
G.7.4_index_1_VS_G.3.1_index_5 [12] 
Ngay: 20130724,20130725,20130728,20130729,20130802,20130806,20130809,20130811,20130815,20130819,20130820,20130821,20130822,20130823,20130824,20130825,20130827,20130829,20130830,20130831,20130902 
Number is 19 
G.7.4_index_2_VS_G.4.1_index_4 [13] 
Ngay: 20130726,20130802,20130803,20130809,20130810,20130813,20130815,20130816,20130820,20130821,20130822,20130823,20130824,20130825,20130826,20130827,20130828,20130829,20130830,20130902,20130903 
Number is 21 
G.7.2_index_1_VS_G.3.6_index_4 [14] 
Ngay: 20130720,20130724,20130725,20130726,20130727,20130731,20130801,20130802,20130803,20130806,20130807,20130809,20130811,20130812,20130814,20130819,20130820,20130821,20130822,20130823,20130824,20130825,20130827,20130829,20130902 
G.2.2_index_5_VS_G.3.3_index_3 [15] 
Ngay: 20130721,20130722,20130723,20130724,20130727,20130728,20130803,20130804,20130806,20130808,20130812,20130813,20130815,20130817,20130820,20130821,20130822,20130823,20130824,20130825,20130826,20130827,20130829,20130830 
G.2.2_index_5_VS_G.4.4_index_1 [16] 
Ngay: 20130721,20130724,20130726,20130730,20130803,20130804,20130805,20130806,20130809,20130810,20130813,20130814,20130820,20130821,20130822,20130823,20130824,20130825,20130828,20130829,20130903 
G.4.4_index_3_VS_G.3.3_index_3 [17] 
Ngay: 20130721,20130724,20130726,20130728,20130731,20130804,20130807,20130808,20130810,20130811,20130812,20130813,20130814,20130815,20130818,20130820,20130821,20130822,20130823,20130824,20130825,20130827,20130830 
Number is 22 
G.7.2_index_1_VS_G.4.4_index_3 [18] 
Ngay: 20130720,20130723,20130724,20130725,20130726,20130801,20130803,20130805,20130806,20130807,20130809,20130812,20130814,20130815,20130816,20130817,20130820,20130821,20130822,20130823,20130824,20130825,20130829,20130830,20130902 
G.2.2_index_5_VS_G.7.2_index_1 [19] 
Ngay: 20130720,20130722,20130723,20130725,20130727,20130729,20130730,20130802,20130805,20130806,20130809,20130814,20130815,20130817,20130818,20130820,20130821,20130822,20130823,20130824,20130825,20130830,20130902 
Number is 25 
G.7.2_index_1_VS_G.DB_index_4 [20] 
Ngay: 20130722,20130727,20130728,20130729,20130730,20130731,20130802,20130806,20130808,20130811,20130812,20130815,20130817,20130820,20130821,20130822,20130823,20130824,20130825,20130828,20130829,20130830,20130902 
Number is 29 
G.2.2_index_5_VS_G.5.5_index_1 [21] 
Ngay: 20130722,20130725,20130727,20130729,20130803,20130806,20130809,20130811,20130812,20130814,20130815,20130816,20130820,20130821,20130822,20130823,20130824,20130825,20130826,20130828,20130830,20130902 
Number is 30 
G.5.4_index_3_VS_G.5.3_index_2 [22] 
Ngay: 20130723,20130726,20130727,20130802,20130811,20130814,20130817,20130819,20130820,20130821,20130822,20130823,20130824,20130825,20130826 
Number is 32 
G.5.2_index_1_VS_G.2.2_index_5 [23] 
Ngay: 20130723,20130726,20130729,20130730,20130731,20130801,20130803,20130805,20130806,20130808,20130812,20130814,20130815,20130816,20130818,20130820,20130821,20130822,20130823,20130824,20130825,20130827,20130829,20130830,20130902,20130903 
G.6.2_index_3_VS_G.4.1_index_1 [24] 
Ngay: 20130720,20130721,20130722,20130724,20130725,20130728,20130804,20130806,20130808,20130810,20130812,20130814,20130820,20130821,20130822,20130823,20130824,20130825,20130827,20130901,20130902,20130903 
G.5.2_index_1_VS_G.3.2_index_2 [25] 
Ngay: 20130724,20130726,20130728,20130730,20130731,20130803,20130805,20130808,20130812,20130814,20130817,20130818,20130820,20130821,20130822,20130823,20130824,20130825,20130826,20130828,20130830,20130831,20130902 
Number is 33 
G.6.2_index_3_VS_G.5.2_index_1 [26] 
Ngay: 20130724,20130726,20130727,20130801,20130803,20130804,20130805,20130808,20130809,20130817,20130820,20130821,20130822,20130823,20130824,20130825,20130826,20130902 
Number is 35 
G.6.1_index_1_VS_G.3.3_index_5 [27] 
Ngay: 20130721,20130722,20130725,20130726,20130803,20130807,20130808,20130810,20130814,20130820,20130821,20130822,20130823,20130824,20130825,20130827,20130831 
G.5.2_index_1_VS_G.DB_index_4 [28] 
Ngay: 20130726,20130728,20130730,20130801,20130803,20130805,20130812,20130820,20130821,20130822,20130823,20130824,20130825,20130827,20130829,20130830,20130902 
Number is 36 
G.5.2_index_1_VS_G.1.1_index_2 [29] 
Ngay: 20130722,20130724,20130726,20130728,20130731,20130803,20130804,20130805,20130807,20130808,20130809,20130812,20130814,20130817,20130818,20130820,20130821,20130822,20130823,20130824,20130825,20130826,20130827 
Number is 39 
G.5.4_index_3_VS_G.4.1_index_4 [30] 
Ngay: 20130723,20130727,20130728,20130807,20130808,20130811,20130814,20130816,20130818,20130819,20130820,20130821,20130822,20130823,20130824,20130825,20130826,20130828,20130829,20130830 
Number is 41 
G.3.5_index_2_VS_G.3.5_index_3 [31] 
Ngay: 20130721,20130725,20130726,20130731,20130801,20130802,20130806,20130809,20130811,20130813,20130814,20130817,20130818,20130819,20130820,20130821,20130822,20130823,20130824,20130825,20130827,20130828,20130829,20130903 
Number is 63 
G.1.1_index_1_VS_G.5.2_index_1 [32] 
Ngay: 20130722,20130729,20130803,20130805,20130811,20130820,20130821,20130822,20130823,20130824,20130825,20130826,20130827,20130829,20130830 
Number is 65 
G.1.1_index_2_VS_G.DB_index_4 [33] 
Ngay: 20130721,20130722,20130723,20130728,20130730,20130803,20130807,20130817,20130819,20130820,20130821,20130822,20130823,20130824,20130825,20130828,20130829,20130830,20130831,20130901 
Number is 67 
G.1.1_index_1_VS_G.5.5_index_2 [34] 
Ngay: 20130730,20130802,20130803,20130804,20130805,20130808,20130810,20130811,20130814,20130815,20130817,20130820,20130821,20130822,20130823,20130824,20130825,20130827,20130828,20130902 
Number is 69 
G.7.3_index_2_VS_G.3.6_index_2 [35] 
Ngay: 20130721,20130725,20130727,20130728,20130731,20130806,20130807,20130808,20130809,20130810,20130813,20130814,20130818,20130819,20130820,20130821,20130822,20130823,20130824,20130825,20130901,20130902 
Number is 70 
G.4.4_index_2_VS_G.5.5_index_3 [36] 
Ngay: 20130720,20130723,20130726,20130727,20130728,20130729,20130801,20130803,20130804,20130805,20130808,20130812,20130814,20130815,20130816,20130818,20130819,20130820,20130821,20130822,20130823,20130824,20130825,20130826,20130828,20130830 
Number is 71 
G.5.1_index_1_VS_G.3.3_index_2 [37] 
Ngay: 20130724,20130727,20130728,20130730,20130731,20130801,20130802,20130805,20130806,20130813,20130817,20130820,20130821,20130822,20130823,20130824,20130825,20130829,20130830 
Number is 72 
G.5.2_index_3_VS_G.4.4_index_3 [38] 
Ngay: 20130720,20130721,20130723,20130729,20130730,20130802,20130803,20130806,20130808,20130813,20130814,20130820,20130821,20130822,20130823,20130824,20130825,20130827,20130830,20130902,20130903 
Number is 74 
G.5.3_index_3_VS_G.6.3_index_3 [39] 
Ngay: 20130723,20130724,20130730,20130802,20130803,20130804,20130807,20130810,20130813,20130815,20130816,20130818,20130820,20130821,20130822,20130823,20130824,20130825,20130826,20130827,20130830,20130901,20130902 
Number is 75 
G.4.4_index_2_VS_G.2.1_index_2 [40] 
Ngay: 20130721,20130728,20130729,20130730,20130803,20130804,20130806,20130808,20130811,20130812,20130817,20130818,20130819,20130820,20130821,20130822,20130823,20130824,20130825,20130828,20130830,20130831,20130902,20130903 
Number is 90 
G.4.1_index_4_VS_G.5.5_index_3 [41] 
Ngay: 20130721,20130722,20130726,20130729,20130801,20130808,20130810,20130814,20130818,20130820,20130821,20130822,20130823,20130824,20130825,20130826,20130827,20130902 
Number is 91 
G.4.2_index_2_VS_G.3.3_index_2 [42] 
Ngay: 20130722,20130724,20130731,20130802,20130814,20130820,20130821,20130822,20130823,20130824,20130825,20130826,20130828,20130830,20130902,20130903 
Number is 92 
G.DB_index_1_VS_G.7.2_index_2 [43] 
Ngay: 20130720,20130722,20130723,20130809,20130811,20130820,20130821,20130822,20130823,20130824,20130825,20130827,20130829,20130901,20130902,20130903 
G.4.2_index_1_VS_G.7.2_index_1 [44] 
Ngay: 20130720,20130721,20130724,20130728,20130729,20130801,20130804,20130809,20130812,20130814,20130815,20130818,20130820,20130821,20130822,20130823,20130824,20130825,20130827,20130828,20130829,20130830,20130831,20130903 
G.4.1_index_4_VS_G.3.2_index_3 [45] 
Ngay: 20130720,20130723,20130724,20130725,20130729,20130731,20130802,20130804,20130811,20130812,20130816,20130818,20130820,20130821,20130822,20130823,20130824,20130825,20130826,20130830,20130831,20130902 
Number is 93 
G.4.1_index_4_VS_G.6.1_index_1 [46] 
Ngay: 20130722,20130723,20130724,20130726,20130729,20130802,20130804,20130810,20130811,20130813,20130814,20130815,20130816,20130818,20130820,20130821,20130822,20130823,20130824,20130825,20130826,20130828,20130829,20130831 
Number is 95 
G.5.5_index_1_VS_G.DB_index_4 [47] 
Ngay: 20130720,20130721,20130727,20130728,20130731,20130802,20130803,20130805,20130807,20130811,20130816,20130820,20130821,20130822,20130823,20130824,20130825,20130828,20130830,20130831,20130902,20130903 
Number is 96 
G.4.1_index_4_VS_G.5.4_index_1 [48] 
Ngay: 20130720,20130721,20130723,20130728,20130729,20130803,20130808,20130809,20130810,20130811,20130813,20130814,20130819,20130820,20130821,20130822,20130823,20130824,20130825,20130827,20130828,20130831,20130901,20130902 
Number is 99 
G.4.1_index_4_VS_G.5.5_index_1 [49] 
Ngay: 20130721,20130722,20130725,20130726,20130801,20130804,20130810,20130811,20130815,20130816,20130820,20130821,20130822,20130823,20130824,20130825,20130826,20130829,20130830,20130831,20130902 
