======== Current: 20130830 ========= 
Number is 06 
G.5.1_index_3_VS_G.2.1_index_5 [1] 
20130720,20130723,20130724,20130725,20130726,20130728,20130801,20130807,20130808,20130809,20130810,20130811,20130813,20130815,20130816,20130818,20130821,20130823,20130824,20130825,20130826,20130827,20130828,20130829,20130831,20130902 
Number is 09 
G.5.2_index_2_VS_G.5.2_index_3 [2] 
20130720,20130721,20130722,20130723,20130726,20130727,20130728,20130729,20130730,20130803,20130805,20130806,20130807,20130810,20130811,20130812,20130814,20130820,20130824,20130825,20130826,20130827,20130828,20130829 
Number is 10 
G.3.6_index_1_VS_G.6.2_index_2 [3] 
20130720,20130721,20130722,20130723,20130726,20130727,20130801,20130805,20130807,20130808,20130809,20130812,20130813,20130816,20130817,20130818,20130819,20130820,20130821,20130824,20130825,20130826,20130827,20130828,20130829,20130902 
Number is 14 
G.3.3_index_4_VS_G.4.1_index_4 [4] 
20130722,20130724,20130726,20130728,20130731,20130802,20130803,20130809,20130810,20130813,20130817,20130818,20130823,20130824,20130825,20130826,20130827,20130828,20130829,20130831,20130902,20130903 
Number is 15 
G.DB_index_5_VS_G.5.6_index_1 [5] 
20130720,20130721,20130722,20130723,20130724,20130725,20130727,20130728,20130729,20130731,20130801,20130803,20130805,20130810,20130817,20130818,20130820,20130824,20130825,20130826,20130827,20130828,20130829,20130831,20130902,20130903 
Number is 18 
G.DB_index_5_VS_G.6.3_index_3 [6] 
20130720,20130721,20130723,20130728,20130802,20130803,20130804,20130806,20130808,20130810,20130816,20130817,20130820,20130822,20130824,20130825,20130826,20130827,20130828,20130829 
Number is 20 
G.2.1_index_2_VS_G.5.2_index_2 [7] 
20130720,20130721,20130723,20130725,20130726,20130727,20130802,20130806,20130812,20130814,20130815,20130816,20130817,20130818,20130823,20130824,20130825,20130826,20130827,20130828,20130829,20130902 
Number is 22 
G.3.2_index_3_VS_G.3.3_index_1 [8] 
20130721,20130722,20130724,20130725,20130726,20130731,20130818,20130824,20130825,20130826,20130827,20130828,20130829,20130831,20130901 
G.2.1_index_2_VS_G.3.3_index_1 [9] 
20130724,20130726,20130729,20130801,20130803,20130806,20130809,20130811,20130814,20130815,20130818,20130819,20130820,20130822,20130824,20130825,20130826,20130827,20130828,20130829,20130901,20130903 
Number is 23 
G.3.1_index_5_VS_G.3.4_index_4 [10] PLUS 1 
20130721,20130722,20130725,20130726,20130727,20130728,20130730,20130731,20130801,20130804,20130806,20130808,20130809,20130813,20130818,20130821,20130822,20130824,20130825,20130826,20130827,20130828,20130829,20130830,20130831,20130901,20130902 
G.3.1_index_5_VS_G.DB_index_3 [11] PLUS 1 
20130720,20130722,20130723,20130725,20130729,20130803,20130804,20130805,20130808,20130809,20130813,20130818,20130819,20130824,20130825,20130826,20130827,20130828,20130829,20130830,20130902 
Number is 25 
G.5.6_index_2_VS_G.5.6_index_1 [12] 
20130720,20130724,20130725,20130727,20130730,20130801,20130802,20130805,20130809,20130813,20130815,20130820,20130821,20130823,20130824,20130825,20130826,20130827,20130828,20130829,20130901,20130902 
G.3.2_index_3_VS_G.3.1_index_4 [13] 
20130721,20130723,20130730,20130802,20130804,20130807,20130808,20130811,20130815,20130819,20130820,20130824,20130825,20130826,20130827,20130828,20130829,20130831,20130901,20130902 
Number is 26 
G.3.3_index_1_VS_G.4.3_index_3 [14] PLUS 1 
20130720,20130721,20130722,20130727,20130728,20130731,20130801,20130804,20130807,20130809,20130811,20130818,20130821,20130822,20130824,20130825,20130826,20130827,20130828,20130829,20130830,20130831,20130901,20130902,20130903 
G.3.3_index_1_VS_G.3.3_index_3 [15] PLUS 1 
20130720,20130721,20130726,20130727,20130728,20130730,20130731,20130801,20130810,20130812,20130814,20130815,20130819,20130820,20130821,20130822,20130824,20130825,20130826,20130827,20130828,20130829,20130830,20130831,20130901,20130902,20130903 
Number is 29 
G.3.3_index_1_VS_G.5.2_index_3 [16] PLUS 1 
20130721,20130722,20130724,20130726,20130728,20130729,20130730,20130731,20130801,20130805,20130809,20130813,20130814,20130816,20130819,20130822,20130824,20130825,20130826,20130827,20130828,20130829,20130830,20130831,20130902 
G.3.5_index_5_VS_G.5.4_index_1 [17] PLUS 1 
20130720,20130722,20130727,20130728,20130729,20130730,20130801,20130802,20130806,20130807,20130808,20130809,20130811,20130812,20130813,20130814,20130816,20130819,20130824,20130825,20130826,20130827,20130828,20130829,20130830,20130831,20130902,20130903 
Number is 34 
G.7.4_index_2_VS_G.4.1_index_4 [18] PLUS 1 
20130726,20130802,20130803,20130809,20130810,20130813,20130815,20130816,20130820,20130821,20130822,20130823,20130824,20130825,20130826,20130827,20130828,20130829,20130830,20130902,20130903 
Number is 41 
G.2.2_index_3_VS_G.DB_index_5 [19] 
20130720,20130721,20130723,20130724,20130725,20130726,20130729,20130730,20130801,20130803,20130804,20130806,20130810,20130813,20130814,20130817,20130820,20130823,20130824,20130825,20130826,20130827,20130828,20130829,20130831,20130901,20130902,20130903 
Number is 43 
G.3.4_index_2_VS_G.DB_index_2 [20] PLUS 1 
20130722,20130725,20130731,20130801,20130806,20130810,20130812,20130813,20130816,20130818,20130824,20130825,20130826,20130827,20130828,20130829,20130830,20130903 
Number is 44 
G.4.1_index_4_VS_G.7.1_index_1 [21] PLUS 1 
20130721,20130722,20130724,20130726,20130727,20130728,20130731,20130801,20130805,20130809,20130811,20130812,20130814,20130816,20130818,20130819,20130820,20130823,20130824,20130825,20130826,20130827,20130828,20130829,20130830,20130831,20130902 
Number is 48 
G.2.2_index_3_VS_G.3.5_index_1 [22] 
20130720,20130725,20130729,20130730,20130805,20130806,20130808,20130811,20130812,20130813,20130814,20130815,20130816,20130817,20130818,20130821,20130824,20130825,20130826,20130827,20130828,20130829,20130901,20130902 
Number is 49 
G.3.4_index_2_VS_G.3.5_index_4 [23] 
20130722,20130723,20130724,20130726,20130728,20130730,20130801,20130802,20130803,20130805,20130808,20130812,20130813,20130817,20130822,20130824,20130825,20130826,20130827,20130828,20130829 
Number is 53 
G.3.4_index_5_VS_G.6.3_index_2 [24] 
20130720,20130721,20130726,20130802,20130805,20130806,20130807,20130810,20130812,20130814,20130815,20130817,20130823,20130824,20130825,20130826,20130827,20130828,20130829,20130901,20130902 
Number is 56 
G.2.2_index_4_VS_G.4.4_index_2 [25] 
20130720,20130721,20130723,20130726,20130728,20130730,20130731,20130801,20130807,20130814,20130816,20130817,20130821,20130822,20130824,20130825,20130826,20130827,20130828,20130829,20130902 
Number is 58 
G.3.3_index_5_VS_G.5.2_index_1 [26] 
20130720,20130721,20130724,20130803,20130808,20130812,20130817,20130818,20130821,20130824,20130825,20130826,20130827,20130828,20130829,20130831 
Number is 59 
G.3.2_index_1_VS_G.3.5_index_4 [27] 
20130722,20130723,20130724,20130726,20130728,20130729,20130802,20130809,20130812,20130813,20130816,20130817,20130820,20130824,20130825,20130826,20130827,20130828,20130829,20130902 
Number is 60 
G.3.3_index_3_VS_G.5.2_index_2 [28] 
20130721,20130728,20130729,20130730,20130802,20130811,20130814,20130815,20130820,20130821,20130824,20130825,20130826,20130827,20130828,20130829,20130902,20130903 
Number is 62 
G.4.2_index_4_VS_G.5.3_index_4 [29] PLUS 1 
20130721,20130724,20130729,20130807,20130809,20130812,20130814,20130816,20130820,20130821,20130824,20130825,20130826,20130827,20130828,20130829,20130830,20130831,20130902 
Number is 67 
G.2.1_index_5_VS_G.3.2_index_2 [30] PLUS 1 
20130720,20130722,20130723,20130724,20130729,20130730,20130802,20130807,20130808,20130809,20130811,20130812,20130820,20130823,20130824,20130825,20130826,20130827,20130828,20130829,20130830,20130831,20130901,20130902 
G.4.2_index_4_VS_G.4.4_index_3 [31] PLUS 1 
20130722,20130723,20130727,20130728,20130729,20130802,20130803,20130805,20130806,20130807,20130814,20130820,20130821,20130822,20130824,20130825,20130826,20130827,20130828,20130829,20130830,20130902,20130903 
Number is 68 
G.3.3_index_3_VS_G.5.2_index_1 [32] 
20130721,20130724,20130728,20130730,20130731,20130806,20130810,20130812,20130813,20130815,20130818,20130820,20130821,20130822,20130823,20130824,20130825,20130826,20130827,20130828,20130829,20130903 
Number is 76 
G.5.6_index_4_VS_G.5.2_index_4 [33] PLUS 1 
20130721,20130722,20130724,20130726,20130728,20130729,20130730,20130731,20130803,20130804,20130808,20130809,20130810,20130811,20130812,20130814,20130819,20130824,20130825,20130826,20130827,20130828,20130829,20130830,20130902,20130903 
Number is 82 
G.5.2_index_1_VS_G.5.3_index_1 [34] 
20130720,20130721,20130725,20130726,20130728,20130729,20130730,20130731,20130801,20130803,20130805,20130808,20130812,20130815,20130819,20130820,20130821,20130824,20130825,20130826,20130827,20130828,20130829,20130902 
Number is 83 
G.6.3_index_3_VS_G.5.5_index_1 [35] PLUS 1 
20130725,20130726,20130731,20130801,20130802,20130803,20130807,20130810,20130812,20130813,20130815,20130816,20130817,20130818,20130822,20130824,20130825,20130826,20130827,20130828,20130829,20130830,20130902,20130903 
Number is 85 
G.4.4_index_4_VS_G.5.6_index_1 [36] 
20130722,20130724,20130726,20130728,20130729,20130804,20130805,20130807,20130808,20130809,20130810,20130811,20130814,20130815,20130816,20130817,20130818,20130820,20130821,20130823,20130824,20130825,20130826,20130827,20130828,20130829,20130831,20130903 
G.5.2_index_1_VS_G.5.6_index_1 [37] 
20130721,20130724,20130727,20130731,20130801,20130804,20130805,20130808,20130811,20130812,20130817,20130819,20130823,20130824,20130825,20130826,20130827,20130828,20130829,20130831 
Number is 86 
G.6.3_index_3_VS_G.4.2_index_4 [38] 
20130722,20130723,20130729,20130730,20130801,20130802,20130803,20130804,20130805,20130806,20130807,20130808,20130814,20130815,20130816,20130817,20130819,20130820,20130824,20130825,20130826,20130827,20130828,20130829,20130902 
Number is 87 
G.3.5_index_1_VS_G.5.6_index_4 [39] PLUS 1 
20130720,20130721,20130729,20130811,20130813,20130814,20130817,20130818,20130820,20130824,20130825,20130826,20130827,20130828,20130829,20130830,20130901,20130902 
Number is 94 
G.5.2_index_3_VS_G.3.4_index_2 [40] 
20130721,20130723,20130725,20130727,20130730,20130802,20130803,20130805,20130806,20130807,20130810,20130811,20130813,20130816,20130817,20130818,20130824,20130825,20130826,20130827,20130828,20130829 
Number is 95 
G.5.2_index_3_VS_G.5.6_index_1 [41] 
20130721,20130727,20130728,20130731,20130801,20130802,20130803,20130805,20130807,20130808,20130811,20130815,20130818,20130821,20130824,20130825,20130826,20130827,20130828,20130829,20130901,20130902,20130903 
G.7.3_index_2_VS_G.3.4_index_3 [42] 
20130720,20130721,20130725,20130728,20130729,20130731,20130802,20130809,20130811,20130812,20130813,20130814,20130815,20130817,20130821,20130822,20130824,20130825,20130826,20130827,20130828,20130829,20130831,20130902 
Number is 99 
G.5.2_index_3_VS_G.5.5_index_3 [43] 
20130721,20130723,20130728,20130729,20130803,20130806,20130808,20130812,20130813,20130814,20130816,20130820,20130821,20130824,20130825,20130826,20130827,20130828,20130829,20130903 
G.3.1_index_2_VS_G.3.5_index_4 [44] 
20130720,20130722,20130723,20130726,20130728,20130802,20130804,20130805,20130807,20130810,20130811,20130818,20130820,20130822,20130824,20130825,20130826,20130827,20130828,20130829 
