======== Current: 20140304 ========= 
Number is 06 
G.5.2_index_2_VS_G.5.4_index_4 [1] 
20140226,20140227,20140228,20140301,20140302,20140303,20140305,20140306,20140307,20140309,20140311,20140315,20140316,20140320,20140322,20140324,20140326,20140327,20140331,20140402 
Number is 09 
G.4.2_index_2_VS_G.3.3_index_2 [2] 
20140226,20140227,20140228,20140301,20140302,20140303,20140305,20140308,20140309,20140310,20140312,20140316,20140317,20140323,20140325,20140330,20140402 
Number is 11 
G.2.2_index_5_VS_G.3.4_index_4 [3] 
20140225,20140226,20140227,20140228,20140301,20140302,20140303,20140315,20140322,20140325,20140328,20140329,20140401,20140402 
Number is 19 
G.3.1_index_5_VS_G.3.3_index_3 [4] 
20140221,20140223,20140226,20140227,20140228,20140301,20140302,20140303,20140305,20140306,20140307,20140308,20140311,20140312,20140313,20140319,20140322,20140323,20140325,20140328,20140330 
Number is 20 
G.3.4_index_5_VS_G.5.3_index_1 [5] 
20140221,20140224,20140226,20140227,20140228,20140301,20140302,20140303,20140305,20140307,20140314,20140315,20140319,20140324,20140325,20140326,20140327,20140330 
Number is 25 
G.3.4_index_5_VS_G.2.1_index_5 [6] PLUS 1 
20140221,20140226,20140227,20140228,20140301,20140302,20140303,20140304,20140311,20140312,20140314,20140316,20140322,20140324,20140326,20140327 
Number is 40 
G.3.3_index_5_VS_G.6.1_index_1 [7] PLUS 1 
20140221,20140222,20140224,20140225,20140226,20140227,20140228,20140301,20140302,20140303,20140304,20140305,20140306,20140310,20140312,20140313,20140315,20140319,20140325,20140329,20140331,20140401 
G.4.3_index_3_VS_G.6.1_index_1 [8] PLUS 1 
20140221,20140223,20140224,20140225,20140226,20140227,20140228,20140301,20140302,20140303,20140304,20140309,20140310,20140311,20140312,20140314,20140316,20140320,20140321,20140322,20140323,20140325,20140328,20140329 
Number is 44 
G.4.3_index_3_VS_G.DB_index_3 [9] 
20140221,20140223,20140226,20140227,20140228,20140301,20140302,20140303,20140305,20140306,20140309,20140314,20140315,20140316,20140318,20140322,20140323,20140324,20140325,20140329,20140330,20140401,20140402 
G.DB_index_3_VS_G.5.1_index_1 [10] 
20140221,20140223,20140226,20140227,20140228,20140301,20140302,20140303,20140306,20140307,20140308,20140309,20140313,20140315,20140316,20140317,20140318,20140319,20140324,20140329,20140331 
Number is 49 
G.3.6_index_1_VS_G.4.1_index_3 [11] 
20140221,20140223,20140224,20140225,20140226,20140227,20140228,20140301,20140302,20140303,20140306,20140307,20140310,20140311,20140314,20140315,20140320,20140326,20140328,20140330,20140331 
Number is 56 
G.5.3_index_3_VS_G.7.2_index_2 [12] 
20140222,20140226,20140227,20140228,20140301,20140302,20140303,20140306,20140307,20140308,20140309,20140311,20140312,20140316,20140319,20140323,20140325,20140326,20140328 
Number is 58 
G.5.3_index_3_VS_G.5.1_index_4 [13] 
20140221,20140224,20140225,20140226,20140227,20140228,20140301,20140302,20140303,20140307,20140308,20140309,20140311,20140312,20140314,20140315,20140318,20140321,20140323,20140326,20140327,20140328,20140331 
Number is 60 
G.7.3_index_2_VS_G.6.1_index_1 [14] 
20140221,20140223,20140226,20140227,20140228,20140301,20140302,20140303,20140310,20140313,20140315,20140317,20140319,20140321,20140322,20140327,20140329,20140330,20140402 
Number is 66 
G.2.2_index_3_VS_G.3.2_index_4 [15] 
20140221,20140222,20140225,20140226,20140227,20140228,20140301,20140302,20140303,20140306,20140307,20140309,20140311,20140315,20140316,20140320,20140321,20140323,20140324,20140326,20140328 
Number is 95 
G.6.3_index_1_VS_G.5.4_index_2 [16] 
20140222,20140223,20140225,20140226,20140227,20140228,20140301,20140302,20140303,20140306,20140310,20140315,20140316,20140317,20140318,20140321,20140324,20140325,20140326,20140327,20140328,20140329,20140330 
Number is 97 
G.3.2_index_1_VS_G.2.1_index_1 [17] 
20140225,20140226,20140227,20140228,20140301,20140302,20140303,20140305,20140307,20140308,20140310,20140312,20140313,20140318,20140320,20140321,20140325,20140327,20140329,20140402 
