======== Current: 20140310 ========= 
Number is 03 
G.3.4_index_1_VS_G.2.2_index_3 [1] PLUS 1 
20140221,20140223,20140225,20140301,20140302,20140304,20140305,20140306,20140307,20140308,20140309,20140310,20140312,20140314,20140315,20140321,20140324,20140325,20140328,20140331,20140402 
G.7.4_index_1_VS_G.7.4_index_2 [2] PLUS 1 
20140301,20140302,20140303,20140304,20140305,20140306,20140307,20140308,20140309,20140310,20140312,20140314,20140317,20140319,20140321,20140324,20140326,20140328,20140329,20140402 
Number is 24 
G.5.4_index_1_VS_G.7.2_index_2 [3] 
20140221,20140223,20140228,20140301,20140304,20140305,20140306,20140307,20140308,20140309,20140312,20140316,20140320,20140323,20140328,20140402 
Number is 26 
G.5.3_index_1_VS_G.DB_index_1 [4] 
20140221,20140228,20140301,20140304,20140305,20140306,20140307,20140308,20140309,20140311,20140312,20140318,20140329 
Number is 30 
G.3.3_index_5_VS_G.1.1_index_2 [5] PLUS 1 
20140222,20140224,20140226,20140302,20140304,20140305,20140306,20140307,20140308,20140309,20140310,20140315,20140317,20140319,20140323,20140324,20140326,20140329,20140402 
G.4.1_index_1_VS_G.4.4_index_1 [6] PLUS 1 
20140222,20140224,20140225,20140226,20140228,20140304,20140305,20140306,20140307,20140308,20140309,20140310,20140315,20140318,20140319,20140322,20140326,20140327,20140329,20140402 
Number is 36 
G.1.1_index_3_VS_G.2.1_index_4 [7] 
20140224,20140228,20140304,20140305,20140306,20140307,20140308,20140309,20140311,20140312,20140313,20140315,20140317,20140321,20140322,20140402 
Number is 39 
G.7.4_index_2_VS_G.7.3_index_2 [8] PLUS 1 
20140221,20140222,20140223,20140225,20140301,20140303,20140304,20140305,20140306,20140307,20140308,20140309,20140310,20140312,20140314,20140315,20140319,20140321,20140322,20140324,20140326,20140327,20140328,20140329,20140330 
Number is 40 
G.1.1_index_5_VS_G.4.4_index_1 [9] PLUS 1 
20140221,20140225,20140302,20140304,20140305,20140306,20140307,20140308,20140309,20140310,20140315,20140317,20140318,20140320,20140322,20140324,20140330,20140401 
Number is 44 
G.5.6_index_1_VS_G.1.1_index_5 [10] PLUS 1 
20140221,20140228,20140304,20140305,20140306,20140307,20140308,20140309,20140310,20140316,20140317,20140319,20140320,20140321,20140324,20140327,20140331,20140402 
Number is 52 
G.5.2_index_4_VS_G.4.1_index_4 [11] PLUS 1 
20140223,20140302,20140304,20140305,20140306,20140307,20140308,20140309,20140310,20140311,20140312,20140313,20140317,20140321,20140323,20140324,20140330,20140331,20140401,20140402 
Number is 54 
G.4.2_index_2_VS_G.2.2_index_5 [12] 
20140221,20140226,20140227,20140301,20140303,20140304,20140305,20140306,20140307,20140308,20140309,20140311,20140314,20140316,20140317 
Number is 56 
G.5.2_index_4_VS_G.DB_index_1 [13] 
20140222,20140223,20140225,20140227,20140303,20140304,20140305,20140306,20140307,20140308,20140309,20140311,20140313,20140315,20140320,20140322,20140325,20140326,20140329,20140402 
G.2.1_index_1_VS_G.DB_index_1 [14] 
20140221,20140222,20140303,20140304,20140305,20140306,20140307,20140308,20140309,20140312,20140313,20140318,20140319,20140320,20140321,20140323,20140325,20140326,20140329,20140401 
Number is 57 
G.5.2_index_2_VS_G.4.2_index_3 [15] PLUS 1 
20140221,20140222,20140226,20140228,20140303,20140304,20140305,20140306,20140307,20140308,20140309,20140310,20140318,20140319,20140321,20140322,20140323,20140324,20140328,20140329,20140331,20140402 
Number is 60 
G.5.1_index_1_VS_G.3.2_index_2 [16] 
20140222,20140224,20140303,20140304,20140305,20140306,20140307,20140308,20140309,20140313,20140314,20140315,20140316,20140321,20140322,20140324,20140326,20140327,20140329,20140330,20140401 
Number is 62 
G.5.4_index_2_VS_G.5.4_index_1 [17] 
20140223,20140225,20140228,20140301,20140304,20140305,20140306,20140307,20140308,20140309,20140316,20140322,20140324,20140325,20140327,20140328,20140329,20140330 
Number is 63 
G.3.5_index_2_VS_G.4.1_index_1 [18] 
20140222,20140223,20140302,20140304,20140305,20140306,20140307,20140308,20140309,20140312,20140314,20140315,20140318,20140319,20140322,20140323,20140324,20140325,20140328,20140330,20140331,20140401 
Number is 72 
G.4.2_index_3_VS_G.4.1_index_2 [19] 
20140222,20140304,20140305,20140306,20140307,20140308,20140309,20140312,20140313,20140315,20140316,20140319,20140329,20140331 
Number is 76 
G.4.2_index_3_VS_G.5.4_index_2 [20] 
20140223,20140224,20140228,20140302,20140304,20140305,20140306,20140307,20140308,20140309,20140311,20140312,20140315,20140316,20140321,20140323,20140327,20140328,20140330,20140402 
Number is 77 
G.4.3_index_2_VS_G.4.2_index_3 [21] 
20140223,20140224,20140225,20140302,20140304,20140305,20140306,20140307,20140308,20140309,20140316,20140317,20140318,20140322,20140328,20140330 
Number is 92 
G.3.4_index_2_VS_G.5.4_index_1 [22] PLUS 1 
20140221,20140222,20140304,20140305,20140306,20140307,20140308,20140309,20140310,20140313,20140315,20140325,20140327,20140330,20140331,20140402 
Number is 93 
G.5.5_index_4_VS_G.4.3_index_1 [23] PLUS 1 
20140221,20140222,20140223,20140225,20140227,20140302,20140304,20140305,20140306,20140307,20140308,20140309,20140310,20140312,20140314,20140315,20140317,20140319,20140320,20140322,20140323,20140324,20140327,20140330,20140401,20140402 
