======== Current: 20140312 ========= 
Number is 00 
G.5.3_index_2_VS_G.5.3_index_3 [1] PLUS 1 
20140301,20140305,20140306,20140307,20140308,20140309,20140310,20140311,20140312,20140314,20140315,20140317,20140319,20140320,20140321,20140322,20140323,20140325,20140326,20140327,20140329 
Number is 06 
G.6.1_index_1_VS_G.5.6_index_1 [2] 
20140221,20140226,20140228,20140301,20140306,20140307,20140308,20140309,20140310,20140311,20140314,20140316,20140319,20140321,20140322,20140323,20140325,20140327,20140328,20140329,20140330,20140402 
G.3.5_index_2_VS_G.6.3_index_1 [3] 
20140221,20140222,20140224,20140226,20140228,20140301,20140302,20140303,20140306,20140307,20140308,20140309,20140310,20140311,20140313,20140318,20140319,20140321,20140322,20140323,20140328,20140331,20140402 
Number is 12 
G.6.1_index_2_VS_G.3.4_index_1 [4] 
20140224,20140227,20140228,20140303,20140304,20140306,20140307,20140308,20140309,20140310,20140311,20140314,20140315,20140319,20140320,20140323,20140324,20140325,20140327,20140328,20140330,20140331,20140401,20140402 
Number is 21 
G.5.2_index_3_VS_G.5.6_index_2 [5] 
20140221,20140225,20140227,20140305,20140306,20140307,20140308,20140309,20140310,20140311,20140314,20140315,20140316,20140319,20140320,20140322,20140323,20140325,20140326,20140328,20140401,20140402 
Number is 29 
G.3.2_index_5_VS_G.5.3_index_1 [6] 
20140221,20140222,20140228,20140301,20140303,20140306,20140307,20140308,20140309,20140310,20140311,20140315,20140318,20140320,20140324,20140325,20140328,20140330,20140401 
Number is 30 
G.4.1_index_1_VS_G.5.3_index_2 [7] PLUS 1 
20140221,20140226,20140228,20140305,20140306,20140307,20140308,20140309,20140310,20140311,20140312,20140315,20140316,20140319,20140321,20140323,20140326,20140327,20140328 
Number is 35 
G.3.6_index_2_VS_G.6.3_index_2 [8] 
20140221,20140222,20140223,20140225,20140226,20140304,20140306,20140307,20140308,20140309,20140310,20140311,20140318,20140321,20140322,20140323,20140326,20140328,20140330 
Number is 37 
G.1.1_index_5_VS_G.4.3_index_1 [9] 
20140226,20140227,20140306,20140307,20140308,20140309,20140310,20140311,20140313,20140319,20140325,20140329 
Number is 42 
G.5.5_index_2_VS_G.3.2_index_5 [10] 
20140221,20140223,20140224,20140225,20140226,20140303,20140305,20140306,20140307,20140308,20140309,20140310,20140311,20140313,20140314,20140315,20140318,20140320,20140322,20140324,20140325,20140326,20140328,20140330 
Number is 50 
G.DB_index_5_VS_G.7.2_index_2 [11] 
20140225,20140227,20140302,20140305,20140306,20140307,20140308,20140309,20140310,20140311,20140317,20140319,20140320,20140321,20140325,20140327,20140328,20140331,20140401,20140402 
G.DB_index_5_VS_G.4.3_index_3 [12] 
20140226,20140227,20140228,20140302,20140304,20140306,20140307,20140308,20140309,20140310,20140311,20140318,20140321,20140324,20140327,20140330,20140402 
Number is 54 
G.5.2_index_4_VS_G.4.1_index_4 [13] PLUS 1 
20140223,20140302,20140304,20140305,20140306,20140307,20140308,20140309,20140310,20140311,20140312,20140313,20140317,20140321,20140323,20140324,20140330,20140331,20140401,20140402 
Number is 57 
G.3.1_index_2_VS_G.4.2_index_3 [14] PLUS 1 
20140221,20140222,20140223,20140228,20140304,20140306,20140307,20140308,20140309,20140310,20140311,20140312,20140313,20140314,20140316,20140319,20140321,20140328,20140329,20140330,20140331 
Number is 65 
G.5.6_index_1_VS_G.3.5_index_4 [15] 
20140224,20140225,20140301,20140305,20140306,20140307,20140308,20140309,20140310,20140311,20140314,20140316,20140319,20140321,20140322,20140323,20140324,20140325,20140327,20140402 
Number is 67 
G.5.6_index_1_VS_G.2.1_index_5 [16] 
20140224,20140226,20140301,20140304,20140306,20140307,20140308,20140309,20140310,20140311,20140314,20140316,20140319,20140321,20140323,20140324,20140326,20140328,20140402 
Number is 70 
G.2.1_index_5_VS_G.2.1_index_4 [17] 
20140222,20140223,20140225,20140304,20140306,20140307,20140308,20140309,20140310,20140311,20140316,20140318,20140319,20140323 
Number is 72 
G.3.1_index_4_VS_G.1.1_index_4 [18] PLUS 1 
20140221,20140222,20140224,20140225,20140226,20140306,20140307,20140308,20140309,20140310,20140311,20140312,20140315,20140320,20140324,20140325,20140328,20140329,20140330 
Number is 86 
G.3.6_index_5_VS_G.5.6_index_1 [19] PLUS 1 
20140221,20140223,20140226,20140227,20140228,20140306,20140307,20140308,20140309,20140310,20140311,20140312,20140313,20140318,20140320,20140326,20140329,20140331 
Number is 88 
G.5.5_index_4_VS_G.3.6_index_5 [20] 
20140221,20140223,20140225,20140227,20140228,20140306,20140307,20140308,20140309,20140310,20140311,20140313,20140314,20140316,20140317,20140318,20140319,20140322,20140324,20140325,20140326,20140327,20140401 
Number is 98 
G.4.1_index_3_VS_G.7.1_index_2 [21] 
20140222,20140223,20140226,20140227,20140228,20140302,20140306,20140307,20140308,20140309,20140310,20140311,20140321,20140322,20140325,20140326,20140327,20140330,20140401,20140402 
