======== Current: 20140316 ========= 
Number is 18 
G.1.1_index_2_VS_G.4.2_index_4 [1] PLUS 1 
20140222,20140226,20140306,20140310,20140311,20140312,20140313,20140314,20140315,20140316,20140322,20140324,20140326,20140328,20140330,20140401 
G.3.4_index_1_VS_G.4.3_index_1 [2] PLUS 1 
20140221,20140222,20140228,20140302,20140308,20140310,20140311,20140312,20140313,20140314,20140315,20140316,20140318,20140319,20140326,20140328,20140329,20140330,20140401 
G.4.4_index_3_VS_G.3.1_index_4 [3] PLUS 1 
20140221,20140222,20140224,20140225,20140226,20140228,20140302,20140304,20140310,20140311,20140312,20140313,20140314,20140315,20140316,20140317,20140319,20140321,20140323,20140324,20140326,20140328,20140329,20140401 
Number is 20 
G.3.6_index_5_VS_G.5.4_index_3 [4] PLUS 1 
20140222,20140225,20140228,20140303,20140305,20140307,20140310,20140311,20140312,20140313,20140314,20140315,20140316,20140317,20140323,20140325,20140326,20140327,20140329,20140330,20140401 
Number is 21 
G.5.4_index_4_VS_G.1.1_index_2 [5] PLUS 1 
20140222,20140224,20140228,20140301,20140302,20140309,20140310,20140311,20140312,20140313,20140314,20140315,20140316,20140318,20140319,20140321,20140322,20140323,20140324,20140325,20140326,20140327,20140329,20140330,20140331,20140401,20140402 
Number is 29 
G.5.6_index_4_VS_G.7.1_index_2 [6] 
20140226,20140227,20140302,20140305,20140306,20140310,20140311,20140312,20140313,20140314,20140315,20140319,20140321,20140325,20140327,20140401,20140402 
Number is 37 
G.6.2_index_3_VS_G.2.1_index_5 [7] PLUS 1 
20140221,20140223,20140224,20140225,20140226,20140227,20140303,20140304,20140307,20140310,20140311,20140312,20140313,20140314,20140315,20140316,20140319,20140320,20140322,20140323,20140324,20140330 
G.3.5_index_3_VS_G.4.4_index_2 [8] PLUS 1 
20140221,20140223,20140227,20140301,20140302,20140303,20140304,20140310,20140311,20140312,20140313,20140314,20140315,20140316,20140320,20140321,20140325,20140326,20140328,20140329,20140330,20140401,20140402 
Number is 38 
G.3.2_index_2_VS_G.4.1_index_3 [9] 
20140222,20140223,20140227,20140303,20140305,20140306,20140308,20140309,20140310,20140311,20140312,20140313,20140314,20140315,20140319,20140321,20140324,20140328 
Number is 41 
G.3.1_index_2_VS_G.6.2_index_1 [10] PLUS 1 
20140221,20140223,20140224,20140225,20140302,20140304,20140307,20140308,20140310,20140311,20140312,20140313,20140314,20140315,20140316,20140322,20140325,20140326,20140327,20140329,20140330 
Number is 48 
G.3.1_index_2_VS_G.4.2_index_4 [11] 
20140221,20140222,20140226,20140228,20140306,20140307,20140310,20140311,20140312,20140313,20140314,20140315,20140318,20140319,20140321,20140322,20140323,20140325,20140328,20140329,20140330,20140402 
G.3.1_index_2_VS_G.4.4_index_1 [12] 
20140225,20140226,20140304,20140305,20140307,20140308,20140310,20140311,20140312,20140313,20140314,20140315,20140317,20140318,20140319,20140321,20140326,20140327,20140329,20140330,20140402 
Number is 71 
G.5.3_index_3_VS_G.2.2_index_4 [13] PLUS 1 
20140227,20140302,20140304,20140308,20140310,20140311,20140312,20140313,20140314,20140315,20140316,20140317,20140321,20140322,20140323 
G.2.1_index_5_VS_G.6.2_index_1 [14] PLUS 1 
20140221,20140227,20140303,20140304,20140307,20140308,20140309,20140310,20140311,20140312,20140313,20140314,20140315,20140316,20140317,20140318,20140323,20140326,20140327,20140329,20140331,20140402 
G.6.3_index_2_VS_G.1.1_index_2 [15] PLUS 1 
20140221,20140226,20140302,20140303,20140304,20140310,20140311,20140312,20140313,20140314,20140315,20140316,20140321,20140322,20140325,20140327,20140331 
Number is 72 
G.1.1_index_4_VS_G.3.2_index_4 [16] PLUS 1 
20140221,20140223,20140224,20140225,20140227,20140301,20140303,20140305,20140306,20140308,20140310,20140311,20140312,20140313,20140314,20140315,20140316,20140317,20140318,20140325,20140326,20140329,20140330,20140331 
Number is 82 
G.2.2_index_5_VS_G.3.2_index_4 [17] PLUS 1 
20140221,20140225,20140227,20140301,20140304,20140305,20140306,20140309,20140310,20140311,20140312,20140313,20140314,20140315,20140316,20140319,20140326,20140330,20140331,20140401 
Number is 87 
G.5.5_index_4_VS_G.5.2_index_1 [18] 
20140222,20140223,20140225,20140306,20140307,20140309,20140310,20140311,20140312,20140313,20140314,20140315,20140319,20140321,20140323,20140325,20140327,20140330,20140331,20140402 
Number is 88 
G.3.4_index_2_VS_G.3.1_index_4 [19] 
20140224,20140226,20140303,20140310,20140311,20140312,20140313,20140314,20140315,20140318,20140320,20140321,20140326,20140327,20140328,20140331,20140402 
