======== Current: 20140318 ========= 
Number is 00 
G.3.5_index_2_VS_G.6.1_index_3 [1] PLUS 1 
20140223,20140301,20140302,20140304,20140305,20140306,20140312,20140313,20140314,20140315,20140316,20140317,20140318,20140322,20140325,20140326,20140328,20140329,20140330,20140401 
Number is 01 
G.3.5_index_3_VS_G.5.3_index_1 [2] 
20140223,20140226,20140228,20140301,20140302,20140304,20140305,20140306,20140308,20140311,20140312,20140313,20140314,20140315,20140316,20140317,20140319,20140320,20140325,20140326,20140328,20140330,20140331 
Number is 02 
G.3.5_index_3_VS_G.5.1_index_1 [3] PLUS 1 
20140227,20140228,20140301,20140302,20140303,20140304,20140305,20140309,20140311,20140312,20140313,20140314,20140315,20140316,20140317,20140318,20140321,20140325,20140327,20140402 
Number is 03 
G.7.3_index_2_VS_G.3.6_index_4 [4] 
20140221,20140225,20140227,20140228,20140301,20140302,20140305,20140307,20140308,20140311,20140312,20140313,20140314,20140315,20140316,20140317,20140324,20140327,20140330 
G.3.2_index_4_VS_G.3.3_index_4 [5] 
20140226,20140301,20140306,20140307,20140308,20140310,20140312,20140313,20140314,20140315,20140316,20140317,20140320,20140323,20140325,20140329,20140330 
Number is 08 
G.3.5_index_2_VS_G.4.3_index_2 [6] 
20140221,20140222,20140228,20140304,20140305,20140308,20140309,20140312,20140313,20140314,20140315,20140316,20140317,20140320,20140322,20140325,20140326,20140328,20140330,20140401,20140402 
Number is 15 
G.2.1_index_5_VS_G.6.2_index_1 [7] PLUS 1 
20140221,20140227,20140303,20140304,20140307,20140308,20140309,20140310,20140311,20140312,20140313,20140314,20140315,20140316,20140317,20140318,20140323,20140326,20140327,20140329,20140331,20140402 
Number is 17 
G.7.4_index_1_VS_G.3.1_index_2 [8] PLUS 1 
20140222,20140224,20140305,20140310,20140312,20140313,20140314,20140315,20140316,20140317,20140318,20140321,20140322,20140323,20140326,20140328,20140402 
Number is 21 
G.5.1_index_1_VS_G.5.6_index_1 [9] PLUS 1 
20140224,20140226,20140227,20140301,20140302,20140306,20140307,20140311,20140312,20140313,20140314,20140315,20140316,20140317,20140318,20140319,20140321,20140323,20140328,20140329,20140402 
Number is 25 
G.5.4_index_2_VS_G.1.1_index_2 [10] 
20140221,20140222,20140223,20140225,20140226,20140301,20140302,20140303,20140307,20140308,20140309,20140312,20140313,20140314,20140315,20140316,20140317,20140319,20140321,20140322,20140323,20140325,20140326,20140327,20140328,20140330 
Number is 28 
G.3.6_index_5_VS_G.5.4_index_3 [11] 
20140222,20140225,20140228,20140303,20140305,20140307,20140310,20140311,20140312,20140313,20140314,20140315,20140316,20140317,20140323,20140325,20140326,20140327,20140329,20140330,20140401 
Number is 38 
G.3.3_index_4_VS_G.5.4_index_4 [12] PLUS 1 
20140224,20140226,20140303,20140311,20140312,20140313,20140314,20140315,20140316,20140317,20140318,20140319,20140324,20140330,20140401,20140402 
Number is 39 
G.2.2_index_5_VS_G.7.2_index_1 [13] 
20140221,20140225,20140227,20140301,20140304,20140306,20140308,20140309,20140312,20140313,20140314,20140315,20140316,20140317,20140319,20140325,20140331,20140401,20140402 
Number is 45 
G.2.2_index_2_VS_G.1.1_index_2 [14] PLUS 1 
20140221,20140222,20140224,20140226,20140306,20140307,20140308,20140310,20140312,20140313,20140314,20140315,20140316,20140317,20140318,20140319,20140321,20140322,20140323,20140324,20140325,20140326,20140327,20140328,20140329,20140331 
Number is 47 
G.7.4_index_2_VS_G.3.1_index_4 [15] 
20140222,20140223,20140224,20140225,20140302,20140303,20140304,20140312,20140313,20140314,20140315,20140316,20140317,20140322,20140323,20140324,20140325,20140327,20140328,20140401,20140402 
Number is 52 
G.1.1_index_2_VS_G.4.4_index_1 [16] 
20140221,20140223,20140225,20140302,20140305,20140308,20140310,20140312,20140313,20140314,20140315,20140316,20140317,20140324,20140327,20140331,20140401 
Number is 58 
G.1.1_index_2_VS_G.4.4_index_3 [17] PLUS 1 
20140221,20140222,20140223,20140224,20140225,20140303,20140308,20140309,20140312,20140313,20140314,20140315,20140316,20140317,20140318,20140321,20140323,20140324,20140327,20140329,20140331 
Number is 61 
G.1.1_index_1_VS_G.5.1_index_2 [18] 
20140221,20140224,20140226,20140227,20140302,20140303,20140305,20140306,20140307,20140309,20140311,20140312,20140313,20140314,20140315,20140316,20140317,20140319,20140321,20140324,20140326,20140327,20140331 
Number is 62 
G.6.2_index_3_VS_G.5.4_index_2 [19] 
20140221,20140222,20140223,20140224,20140225,20140226,20140301,20140302,20140304,20140305,20140308,20140309,20140311,20140312,20140313,20140314,20140315,20140316,20140317,20140321,20140323,20140324,20140326,20140328,20140329,20140330 
Number is 64 
G.7.3_index_1_VS_G.3.2_index_2 [20] 
20140224,20140303,20140304,20140305,20140306,20140308,20140310,20140312,20140313,20140314,20140315,20140316,20140317,20140319,20140320,20140321,20140323,20140324,20140325 
Number is 65 
G.7.3_index_1_VS_G.2.1_index_4 [21] 
20140221,20140222,20140224,20140226,20140301,20140302,20140303,20140304,20140305,20140306,20140308,20140312,20140313,20140314,20140315,20140316,20140317,20140319,20140320,20140321,20140329,20140330,20140331,20140402 
Number is 69 
G.5.3_index_3_VS_G.2.2_index_4 [22] 
20140227,20140302,20140304,20140308,20140310,20140311,20140312,20140313,20140314,20140315,20140316,20140317,20140321,20140322,20140323 
Number is 70 
G.1.1_index_4_VS_G.3.2_index_4 [23] PLUS 1 
20140221,20140223,20140224,20140225,20140227,20140301,20140303,20140305,20140306,20140308,20140310,20140311,20140312,20140313,20140314,20140315,20140316,20140317,20140318,20140325,20140326,20140329,20140330,20140331 
Number is 79 
G.6.3_index_1_VS_G.5.5_index_4 [24] PLUS 1 
20140224,20140225,20140227,20140302,20140306,20140308,20140309,20140310,20140312,20140313,20140314,20140315,20140316,20140317,20140318,20140319,20140323,20140324,20140326,20140331 
Number is 80 
G.5.4_index_4_VS_G.7.3_index_2 [25] 
20140223,20140224,20140226,20140301,20140302,20140303,20140306,20140311,20140312,20140313,20140314,20140315,20140316,20140317,20140319,20140321,20140322,20140324,20140325,20140326,20140327,20140330,20140401,20140402 
Number is 81 
G.5.4_index_3_VS_G.3.3_index_1 [26] 
20140226,20140228,20140302,20140306,20140308,20140310,20140312,20140313,20140314,20140315,20140316,20140317,20140325,20140326,20140327,20140328 
Number is 83 
G.4.3_index_2_VS_G.1.1_index_3 [27] PLUS 1 
20140302,20140304,20140309,20140310,20140312,20140313,20140314,20140315,20140316,20140317,20140318,20140319,20140321,20140323,20140325,20140329,20140330 
Number is 87 
G.4.4_index_3_VS_G.5.1_index_3 [28] 
20140221,20140222,20140226,20140228,20140301,20140311,20140312,20140313,20140314,20140315,20140316,20140317,20140319,20140320,20140329,20140331,20140401 
G.4.4_index_3_VS_G.3.1_index_4 [29] 
20140221,20140222,20140224,20140225,20140226,20140228,20140302,20140304,20140310,20140311,20140312,20140313,20140314,20140315,20140316,20140317,20140319,20140321,20140323,20140324,20140326,20140328,20140329,20140401 
Number is 91 
G.5.5_index_4_VS_G.DB_index_5 [30] 
20140223,20140225,20140226,20140227,20140228,20140302,20140304,20140308,20140309,20140312,20140313,20140314,20140315,20140316,20140317,20140319,20140321,20140324,20140327,20140329,20140330 
Number is 99 
G.5.3_index_2_VS_G.5.5_index_4 [31] 
20140225,20140304,20140307,20140311,20140312,20140313,20140314,20140315,20140316,20140317,20140319,20140321,20140322,20140323,20140324,20140327,20140329 
G.2.2_index_4_VS_G.5.5_index_4 [32] 
20140221,20140223,20140225,20140227,20140301,20140302,20140306,20140311,20140312,20140313,20140314,20140315,20140316,20140317,20140321,20140323,20140324,20140330,20140331,20140401,20140402 
