======== Current: 20140322 ========= 
Number is 05 
G.5.1_index_1_VS_G.3.3_index_1 [1] 
20140221,20140225,20140228,20140301,20140302,20140310,20140312,20140314,20140316,20140317,20140318,20140319,20140320,20140321,20140329,20140330,20140401,20140402 
Number is 13 
G.2.2_index_4_VS_G.5.1_index_3 [2] 
20140222,20140225,20140227,20140302,20140304,20140311,20140315,20140316,20140317,20140318,20140319,20140320,20140321,20140323,20140331,20140401,20140402 
Number is 17 
G.5.4_index_2_VS_G.1.1_index_3 [3] PLUS 1 
20140221,20140223,20140225,20140227,20140302,20140304,20140307,20140309,20140314,20140315,20140316,20140317,20140318,20140319,20140320,20140321,20140322,20140327,20140328,20140329,20140330,20140402 
G.7.4_index_2_VS_G.5.2_index_2 [4] PLUS 1 
20140221,20140223,20140224,20140225,20140227,20140228,20140303,20140304,20140306,20140307,20140308,20140309,20140311,20140313,20140314,20140316,20140317,20140318,20140319,20140320,20140321,20140322,20140324,20140325,20140326,20140327,20140329,20140331,20140401 
Number is 24 
G.4.3_index_2_VS_G.5.4_index_4 [5] PLUS 1 
20140222,20140223,20140224,20140302,20140305,20140306,20140309,20140314,20140315,20140316,20140317,20140318,20140319,20140320,20140321,20140322,20140323,20140324,20140327 
Number is 25 
G.2.1_index_3_VS_G.3.3_index_1 [6] PLUS 1 
20140226,20140228,20140305,20140307,20140308,20140310,20140316,20140317,20140318,20140319,20140320,20140321,20140322,20140324,20140401,20140402 
Number is 28 
G.1.1_index_4_VS_G.5.1_index_2 [7] 
20140222,20140224,20140226,20140228,20140301,20140303,20140304,20140306,20140315,20140316,20140317,20140318,20140319,20140320,20140321,20140324,20140401 
Number is 29 
G.1.1_index_4_VS_G.3.4_index_3 [8] PLUS 1 
20140221,20140224,20140226,20140228,20140301,20140303,20140304,20140307,20140308,20140313,20140314,20140315,20140316,20140317,20140318,20140319,20140320,20140321,20140322,20140323,20140324,20140325,20140326,20140329,20140330,20140402 
Number is 30 
G.5.6_index_4_VS_G.4.4_index_3 [9] 
20140221,20140222,20140225,20140226,20140302,20140308,20140312,20140315,20140316,20140317,20140318,20140319,20140320,20140321,20140328,20140329 
G.3.4_index_2_VS_G.3.2_index_1 [10] 
20140228,20140305,20140307,20140308,20140315,20140316,20140317,20140318,20140319,20140320,20140321,20140324,20140325,20140327,20140331,20140401 
Number is 32 
G.3.4_index_2_VS_G.2.1_index_3 [11] PLUS 1 
20140301,20140303,20140304,20140305,20140306,20140307,20140311,20140312,20140313,20140316,20140317,20140318,20140319,20140320,20140321,20140322,20140324,20140326,20140329,20140330,20140331,20140401,20140402 
Number is 35 
G.4.2_index_3_VS_G.3.3_index_1 [12] PLUS 1 
20140221,20140222,20140223,20140225,20140228,20140303,20140305,20140306,20140307,20140308,20140310,20140316,20140317,20140318,20140319,20140320,20140321,20140322,20140323,20140324,20140327,20140330,20140331,20140401,20140402 
Number is 44 
G.3.5_index_4_VS_G.DB_index_2 [13] 
20140221,20140224,20140226,20140303,20140304,20140306,20140307,20140309,20140311,20140312,20140313,20140314,20140316,20140317,20140318,20140319,20140320,20140321,20140323,20140325 
Number is 45 
G.4.3_index_3_VS_G.7.2_index_2 [14] 
20140223,20140225,20140301,20140302,20140304,20140305,20140306,20140311,20140312,20140316,20140317,20140318,20140319,20140320,20140321,20140331 
Number is 49 
G.7.1_index_1_VS_G.5.3_index_3 [15] PLUS 1 
20140223,20140225,20140227,20140228,20140302,20140307,20140308,20140311,20140312,20140315,20140316,20140317,20140318,20140319,20140320,20140321,20140322,20140328,20140330 
Number is 53 
G.6.1_index_3_VS_G.4.2_index_3 [16] PLUS 1 
20140222,20140224,20140225,20140302,20140303,20140304,20140306,20140307,20140309,20140310,20140312,20140316,20140317,20140318,20140319,20140320,20140321,20140322,20140324,20140329,20140330,20140401,20140402 
Number is 60 
G.3.2_index_5_VS_G.3.4_index_1 [17] 
20140221,20140222,20140228,20140302,20140306,20140308,20140309,20140310,20140311,20140313,20140316,20140317,20140318,20140319,20140320,20140321,20140325,20140326,20140327,20140328,20140330,20140331,20140401 
Number is 65 
G.3.1_index_1_VS_G.3.6_index_3 [18] PLUS 1 
20140221,20140225,20140302,20140306,20140309,20140312,20140316,20140317,20140318,20140319,20140320,20140321,20140322,20140325,20140328,20140401,20140402 
Number is 70 
G.5.6_index_1_VS_G.3.4_index_1 [19] 
20140221,20140223,20140226,20140228,20140304,20140305,20140307,20140308,20140309,20140310,20140313,20140314,20140316,20140317,20140318,20140319,20140320,20140321,20140325,20140326,20140328,20140330,20140402 
Number is 72 
G.5.6_index_1_VS_G.3.1_index_5 [20] 
20140221,20140301,20140303,20140304,20140306,20140308,20140312,20140316,20140317,20140318,20140319,20140320,20140321,20140328,20140329,20140330 
G.5.6_index_1_VS_G.2.1_index_3 [21] 
20140221,20140227,20140301,20140303,20140305,20140306,20140309,20140310,20140313,20140316,20140317,20140318,20140319,20140320,20140321,20140327,20140328,20140331,20140402 
Number is 73 
G.5.6_index_1_VS_G.3.4_index_4 [22] PLUS 1 
20140226,20140228,20140302,20140304,20140306,20140307,20140308,20140309,20140312,20140316,20140317,20140318,20140319,20140320,20140321,20140322,20140323,20140325,20140326,20140328,20140329,20140330,20140402 
Number is 87 
G.5.1_index_2_VS_G.1.1_index_3 [23] 
20140221,20140224,20140228,20140301,20140302,20140303,20140304,20140306,20140309,20140311,20140314,20140315,20140316,20140317,20140318,20140319,20140320,20140321,20140324,20140326,20140402 
Number is 88 
G.1.1_index_5_VS_G.2.1_index_2 [24] 
20140221,20140223,20140227,20140228,20140303,20140305,20140306,20140310,20140316,20140317,20140318,20140319,20140320,20140321,20140327,20140401 
Number is 95 
G.5.3_index_3_VS_G.5.6_index_2 [25] 
20140221,20140227,20140228,20140314,20140315,20140316,20140317,20140318,20140319,20140320,20140321,20140323,20140324,20140326,20140328,20140331 
Number is 97 
G.5.3_index_3_VS_G.3.5_index_3 [26] PLUS 1 
20140223,20140226,20140227,20140228,20140302,20140305,20140307,20140310,20140311,20140314,20140315,20140316,20140317,20140318,20140319,20140320,20140321,20140322,20140323,20140325,20140326 
Number is 99 
G.3.2_index_3_VS_G.6.1_index_1 [27] 
20140221,20140222,20140227,20140228,20140302,20140308,20140313,20140316,20140317,20140318,20140319,20140320,20140321,20140323,20140324,20140329 
G.3.1_index_2_VS_G.7.1_index_2 [28] 
20140221,20140224,20140226,20140227,20140307,20140308,20140310,20140312,20140316,20140317,20140318,20140319,20140320,20140321,20140326,20140327,20140330 
