======== Current: 20140323 ========= 
Number is 02 
G.3.6_index_3_VS_G.6.1_index_3 [1] 
20140222,20140224,20140226,20140302,20140304,20140306,20140308,20140310,20140311,20140315,20140317,20140318,20140319,20140320,20140321,20140322,20140325,20140328,20140331,20140401,20140402 
Number is 05 
G.4.4_index_2_VS_G.3.4_index_2 [2] 
20140222,20140302,20140303,20140304,20140306,20140310,20140311,20140313,20140315,20140317,20140318,20140319,20140320,20140321,20140322,20140325,20140327,20140328,20140331,20140401 
Number is 12 
G.3.2_index_5_VS_G.6.1_index_3 [3] 
20140225,20140226,20140302,20140309,20140310,20140311,20140313,20140315,20140317,20140318,20140319,20140320,20140321,20140322,20140328,20140401 
Number is 15 
G.4.2_index_3_VS_G.3.5_index_4 [4] 
20140221,20140222,20140226,20140227,20140228,20140303,20140305,20140308,20140309,20140311,20140312,20140313,20140315,20140317,20140318,20140319,20140320,20140321,20140322,20140324,20140328,20140330,20140331,20140401,20140402 
Number is 19 
G.4.3_index_2_VS_G.5.4_index_4 [5] PLUS 1 
20140222,20140223,20140224,20140302,20140305,20140306,20140309,20140314,20140315,20140316,20140317,20140318,20140319,20140320,20140321,20140322,20140323,20140324,20140327 
G.4.2_index_3_VS_G.3.3_index_1 [6] PLUS 1 
20140221,20140222,20140223,20140225,20140228,20140303,20140305,20140306,20140307,20140308,20140310,20140316,20140317,20140318,20140319,20140320,20140321,20140322,20140323,20140324,20140327,20140330,20140331,20140401,20140402 
Number is 21 
G.6.1_index_3_VS_G.4.2_index_3 [7] 
20140222,20140224,20140225,20140302,20140303,20140304,20140306,20140307,20140309,20140310,20140312,20140316,20140317,20140318,20140319,20140320,20140321,20140322,20140324,20140329,20140330,20140401,20140402 
Number is 29 
G.1.1_index_4_VS_G.3.4_index_3 [8] PLUS 1 
20140221,20140224,20140226,20140228,20140301,20140303,20140304,20140307,20140308,20140313,20140314,20140315,20140316,20140317,20140318,20140319,20140320,20140321,20140322,20140323,20140324,20140325,20140326,20140329,20140330,20140402 
Number is 30 
G.5.1_index_2_VS_G.3.6_index_3 [9] 
20140222,20140225,20140302,20140304,20140305,20140306,20140310,20140313,20140315,20140317,20140318,20140319,20140320,20140321,20140322,20140324,20140327,20140401 
G.2.2_index_3_VS_G.3.6_index_3 [10] 
20140222,20140223,20140224,20140225,20140226,20140302,20140306,20140307,20140310,20140311,20140312,20140317,20140318,20140319,20140320,20140321,20140322,20140324,20140325,20140326,20140402 
Number is 32 
G.1.1_index_3_VS_G.7.2_index_2 [11] 
20140222,20140223,20140225,20140227,20140301,20140302,20140306,20140308,20140309,20140310,20140311,20140312,20140313,20140317,20140318,20140319,20140320,20140321,20140322,20140328,20140329,20140401 
Number is 39 
G.2.1_index_3_VS_G.3.3_index_1 [12] 
20140226,20140228,20140305,20140307,20140308,20140310,20140316,20140317,20140318,20140319,20140320,20140321,20140322,20140324,20140401,20140402 
Number is 40 
G.3.1_index_1_VS_G.3.6_index_3 [13] 
20140221,20140225,20140302,20140306,20140309,20140312,20140316,20140317,20140318,20140319,20140320,20140321,20140322,20140325,20140328,20140401,20140402 
Number is 41 
G.4.3_index_3_VS_G.4.3_index_2 [14] 
20140224,20140226,20140228,20140302,20140303,20140304,20140309,20140310,20140312,20140314,20140315,20140317,20140318,20140319,20140320,20140321,20140322,20140324,20140325,20140326,20140327,20140328,20140331,20140401 
Number is 45 
G.4.3_index_3_VS_G.5.2_index_1 [15] PLUS 1 
20140223,20140225,20140302,20140307,20140309,20140317,20140318,20140319,20140320,20140321,20140322,20140323,20140326,20140327,20140329,20140330,20140401 
G.5.6_index_1_VS_G.3.4_index_4 [16] PLUS 1 
20140226,20140228,20140302,20140304,20140306,20140307,20140308,20140309,20140312,20140316,20140317,20140318,20140319,20140320,20140321,20140322,20140323,20140325,20140326,20140328,20140329,20140330,20140402 
G.2.1_index_4_VS_G.4.1_index_1 [17] PLUS 1 
20140221,20140222,20140224,20140304,20140306,20140308,20140309,20140311,20140312,20140317,20140318,20140319,20140320,20140321,20140322,20140323,20140324,20140326,20140331 
Number is 51 
G.3.5_index_4_VS_G.5.1_index_4 [18] 
20140227,20140304,20140305,20140306,20140310,20140314,20140317,20140318,20140319,20140320,20140321,20140322,20140324,20140401,20140402 
G.3.4_index_4_VS_G.3.5_index_3 [19] 
20140221,20140302,20140304,20140305,20140306,20140309,20140311,20140312,20140315,20140317,20140318,20140319,20140320,20140321,20140322,20140325,20140326,20140327,20140329,20140402 
Number is 53 
G.3.4_index_2_VS_G.2.1_index_3 [20] 
20140301,20140303,20140304,20140305,20140306,20140307,20140311,20140312,20140313,20140316,20140317,20140318,20140319,20140320,20140321,20140322,20140324,20140326,20140329,20140330,20140331,20140401,20140402 
Number is 58 
G.4.1_index_1_VS_G.5.3_index_3 [21] 
20140224,20140226,20140227,20140303,20140304,20140308,20140309,20140311,20140312,20140313,20140314,20140315,20140317,20140318,20140319,20140320,20140321,20140322,20140324,20140326,20140327,20140328 
G.7.1_index_1_VS_G.5.3_index_3 [22] 
20140223,20140225,20140227,20140228,20140302,20140307,20140308,20140311,20140312,20140315,20140316,20140317,20140318,20140319,20140320,20140321,20140322,20140328,20140330 
Number is 67 
G.7.4_index_2_VS_G.5.2_index_2 [23] 
20140221,20140223,20140224,20140225,20140227,20140228,20140303,20140304,20140306,20140307,20140308,20140309,20140311,20140313,20140314,20140316,20140317,20140318,20140319,20140320,20140321,20140322,20140324,20140325,20140326,20140327,20140329,20140331,20140401 
Number is 70 
G.7.3_index_2_VS_G.3.6_index_3 [24] 
20140221,20140222,20140223,20140224,20140301,20140303,20140306,20140308,20140309,20140311,20140313,20140315,20140317,20140318,20140319,20140320,20140321,20140322,20140326,20140327,20140402 
Number is 71 
G.6.2_index_3_VS_G.4.4_index_3 [25] PLUS 1 
20140221,20140222,20140225,20140301,20140304,20140306,20140308,20140309,20140311,20140312,20140313,20140317,20140318,20140319,20140320,20140321,20140322,20140323,20140325,20140328,20140329,20140330,20140331,20140402 
G.5.5_index_3_VS_G.3.2_index_5 [26] PLUS 1 
20140223,20140227,20140306,20140308,20140313,20140315,20140317,20140318,20140319,20140320,20140321,20140322,20140323,20140324,20140325,20140328,20140330 
G.DB_index_2_VS_G.4.2_index_3 [27] PLUS 1 
20140224,20140303,20140304,20140306,20140308,20140309,20140315,20140317,20140318,20140319,20140320,20140321,20140322,20140323,20140324,20140325,20140329,20140331 
Number is 74 
G.5.5_index_3_VS_G.5.6_index_1 [28] PLUS 1 
20140221,20140223,20140226,20140228,20140304,20140306,20140308,20140311,20140317,20140318,20140319,20140320,20140321,20140322,20140323,20140327,20140328,20140330,20140331 
Number is 80 
G.5.3_index_3_VS_G.4.3_index_1 [29] 
20140223,20140227,20140228,20140302,20140303,20140306,20140307,20140308,20140309,20140313,20140314,20140317,20140318,20140319,20140320,20140321,20140322,20140326,20140327,20140328,20140329 
Number is 81 
G.5.3_index_3_VS_G.3.5_index_3 [30] PLUS 1 
20140223,20140226,20140227,20140228,20140302,20140305,20140307,20140310,20140311,20140314,20140315,20140316,20140317,20140318,20140319,20140320,20140321,20140322,20140323,20140325,20140326 
Number is 83 
G.5.4_index_2_VS_G.1.1_index_3 [31] 
20140221,20140223,20140225,20140227,20140302,20140304,20140307,20140309,20140314,20140315,20140316,20140317,20140318,20140319,20140320,20140321,20140322,20140327,20140328,20140329,20140330,20140402 
Number is 85 
G.6.3_index_1_VS_G.7.1_index_2 [32] 
20140221,20140222,20140224,20140226,20140301,20140303,20140306,20140307,20140309,20140310,20140312,20140314,20140317,20140318,20140319,20140320,20140321,20140322,20140325,20140327,20140330 
Number is 90 
G.3.3_index_1_VS_G.3.6_index_3 [33] PLUS 1 
20140221,20140222,20140226,20140228,20140302,20140303,20140305,20140306,20140309,20140310,20140311,20140312,20140313,20140315,20140317,20140318,20140319,20140320,20140321,20140322,20140323,20140324,20140326,20140327,20140401,20140402 
Number is 91 
G.1.1_index_1_VS_G.3.5_index_1 [34] PLUS 1 
20140221,20140223,20140224,20140227,20140302,20140306,20140311,20140314,20140315,20140317,20140318,20140319,20140320,20140321,20140322,20140323,20140325,20140329 
Number is 92 
G.3.3_index_1_VS_G.DB_index_1 [35] PLUS 1 
20140221,20140222,20140227,20140303,20140305,20140310,20140317,20140318,20140319,20140320,20140321,20140322,20140323,20140327 
Number is 94 
G.6.1_index_2_VS_G.4.3_index_3 [36] 
20140221,20140223,20140226,20140227,20140301,20140303,20140317,20140318,20140319,20140320,20140321,20140322,20140325,20140326 
Number is 95 
G.1.1_index_2_VS_G.3.2_index_2 [37] PLUS 1 
20140224,20140226,20140303,20140309,20140310,20140311,20140313,20140314,20140317,20140318,20140319,20140320,20140321,20140322,20140323,20140326,20140328,20140331,20140402 
