======== Current: 20140326 ========= 
Number is 04 
G.5.5_index_4_VS_G.3.3_index_1 [1] PLUS 1 
20140221,20140223,20140226,20140227,20140306,20140307,20140308,20140311,20140313,20140314,20140315,20140316,20140319,20140320,20140321,20140322,20140323,20140324,20140325,20140326,20140329,20140330 
Number is 15 
G.5.2_index_3_VS_G.5.5_index_2 [2] 
20140221,20140222,20140226,20140303,20140305,20140309,20140311,20140313,20140316,20140318,20140319,20140320,20140321,20140322,20140323,20140324,20140325,20140328,20140330,20140402 
Number is 20 
G.DB_index_5_VS_G.5.2_index_1 [3] 
20140221,20140225,20140226,20140227,20140228,20140302,20140303,20140305,20140307,20140308,20140309,20140311,20140312,20140317,20140319,20140320,20140321,20140322,20140323,20140324,20140325,20140328,20140401,20140402 
Number is 23 
G.7.4_index_1_VS_G.3.4_index_2 [4] 
20140221,20140222,20140223,20140225,20140301,20140305,20140306,20140308,20140310,20140312,20140320,20140321,20140322,20140323,20140324,20140325,20140328,20140331 
Number is 25 
G.DB_index_5_VS_G.3.2_index_2 [5] 
20140221,20140223,20140227,20140228,20140302,20140303,20140308,20140313,20140317,20140319,20140320,20140321,20140322,20140323,20140324,20140325,20140327,20140328,20140402 
Number is 38 
G.4.3_index_3_VS_G.5.3_index_4 [6] 
20140223,20140224,20140225,20140301,20140302,20140303,20140306,20140308,20140311,20140312,20140314,20140316,20140320,20140321,20140322,20140323,20140324,20140325,20140327 
Number is 43 
G.3.1_index_3_VS_G.3.4_index_2 [7] 
20140224,20140226,20140227,20140302,20140303,20140304,20140306,20140308,20140310,20140311,20140315,20140316,20140317,20140320,20140321,20140322,20140323,20140324,20140325,20140327,20140328,20140402 
Number is 45 
G.3.5_index_1_VS_G.3.1_index_4 [8] PLUS 1 
20140222,20140224,20140226,20140301,20140302,20140303,20140305,20140315,20140316,20140318,20140319,20140320,20140321,20140322,20140323,20140324,20140325,20140326,20140327,20140328,20140329,20140330,20140402 
Number is 58 
G.DB_index_2_VS_G.4.2_index_3 [9] 
20140224,20140303,20140304,20140306,20140308,20140309,20140315,20140317,20140318,20140319,20140320,20140321,20140322,20140323,20140324,20140325,20140329,20140331 
G.4.2_index_4_VS_G.4.2_index_3 [10] 
20140223,20140225,20140226,20140228,20140303,20140304,20140306,20140308,20140309,20140310,20140311,20140312,20140315,20140317,20140319,20140320,20140321,20140322,20140323,20140324,20140325,20140328,20140330,20140401 
Number is 59 
G.DB_index_2_VS_G.5.5_index_3 [11] 
20140221,20140223,20140227,20140302,20140303,20140305,20140306,20140308,20140309,20140312,20140320,20140321,20140322,20140323,20140324,20140325,20140327,20140401 
Number is 64 
G.6.2_index_2_VS_G.3.5_index_1 [12] 
20140221,20140224,20140301,20140302,20140303,20140306,20140307,20140308,20140310,20140311,20140312,20140315,20140319,20140320,20140321,20140322,20140323,20140324,20140325,20140327,20140329,20140402 
G.1.1_index_2_VS_G.3.5_index_1 [13] 
20140224,20140301,20140303,20140309,20140310,20140311,20140313,20140315,20140318,20140320,20140321,20140322,20140323,20140324,20140325,20140327,20140328,20140330,20140331,20140401 
Number is 70 
G.5.3_index_3_VS_G.5.4_index_3 [14] 
20140225,20140227,20140228,20140302,20140303,20140306,20140307,20140308,20140311,20140312,20140315,20140316,20140318,20140320,20140321,20140322,20140323,20140324,20140325,20140328,20140402 
G.5.3_index_3_VS_G.4.3_index_4 [15] 
20140221,20140226,20140228,20140303,20140308,20140309,20140312,20140315,20140319,20140320,20140321,20140322,20140323,20140324,20140325,20140327,20140328,20140331,20140401,20140402 
Number is 75 
G.5.3_index_3_VS_G.3.1_index_5 [16] 
20140224,20140225,20140226,20140227,20140302,20140303,20140304,20140308,20140310,20140312,20140314,20140319,20140320,20140321,20140322,20140323,20140324,20140325,20140328 
Number is 77 
G.3.3_index_3_VS_G.4.1_index_1 [17] PLUS 1 
20140222,20140225,20140227,20140228,20140301,20140307,20140312,20140315,20140316,20140320,20140321,20140322,20140323,20140324,20140325,20140326,20140327,20140328,20140331 
Number is 83 
G.7.3_index_1_VS_G.3.4_index_2 [18] 
20140226,20140307,20140309,20140311,20140312,20140313,20140315,20140316,20140317,20140319,20140320,20140321,20140322,20140323,20140324,20140325,20140327,20140329,20140331,20140401 
Number is 84 
G.5.2_index_2_VS_G.3.5_index_1 [19] 
20140226,20140227,20140301,20140303,20140305,20140306,20140307,20140311,20140312,20140320,20140321,20140322,20140323,20140324,20140325,20140327,20140329,20140331,20140401 
Number is 87 
G.1.1_index_1_VS_G.5.3_index_3 [20] PLUS 1 
20140221,20140226,20140228,20140302,20140303,20140305,20140306,20140308,20140309,20140311,20140320,20140321,20140322,20140323,20140324,20140325,20140326,20140327,20140328 
Number is 88 
G.3.3_index_5_VS_G.1.1_index_1 [21] 
20140221,20140225,20140226,20140227,20140302,20140307,20140308,20140312,20140313,20140315,20140316,20140319,20140320,20140321,20140322,20140323,20140324,20140325,20140330,20140331,20140402 
Number is 93 
G.1.1_index_4_VS_G.3.4_index_2 [22] PLUS 1 
20140221,20140301,20140303,20140306,20140308,20140311,20140315,20140318,20140319,20140320,20140321,20140322,20140323,20140324,20140325,20140326,20140327,20140331,20140402 
G.3.1_index_2_VS_G.4.3_index_3 [23] PLUS 1 
20140221,20140223,20140225,20140302,20140304,20140307,20140308,20140309,20140311,20140314,20140315,20140320,20140321,20140322,20140323,20140324,20140325,20140326,20140327,20140328,20140330 
Number is 94 
G.1.1_index_4_VS_G.3.4_index_3 [24] PLUS 1 
20140221,20140224,20140226,20140228,20140301,20140303,20140304,20140307,20140308,20140313,20140314,20140315,20140316,20140317,20140318,20140319,20140320,20140321,20140322,20140323,20140324,20140325,20140326,20140329,20140330,20140402 
Number is 96 
G.5.5_index_3_VS_G.3.2_index_5 [25] 
20140223,20140227,20140306,20140308,20140313,20140315,20140317,20140318,20140319,20140320,20140321,20140322,20140323,20140324,20140325,20140328,20140330 
