======== Current: 20140329 ========= 
Number is 01 
G.3.1_index_1_VS_G.5.4_index_3 [1] 
20140221,20140222,20140225,20140228,20140302,20140306,20140310,20140312,20140314,20140315,20140323,20140324,20140325,20140326,20140327,20140328,20140330,20140401,20140402 
Number is 10 
G.5.6_index_1_VS_G.6.3_index_3 [2] 
20140222,20140224,20140225,20140226,20140228,20140301,20140303,20140305,20140306,20140309,20140310,20140311,20140312,20140314,20140316,20140318,20140321,20140322,20140323,20140324,20140325,20140326,20140327,20140328,20140402 
Number is 14 
G.3.3_index_1_VS_G.2.1_index_1 [3] PLUS 1 
20140221,20140223,20140226,20140227,20140228,20140303,20140308,20140311,20140313,20140318,20140321,20140322,20140323,20140324,20140325,20140326,20140327,20140328,20140329,20140330,20140401 
Number is 24 
G.5.1_index_4_VS_G.3.5_index_5 [4] 
20140221,20140222,20140224,20140227,20140307,20140310,20140311,20140314,20140317,20140318,20140319,20140321,20140323,20140324,20140325,20140326,20140327,20140328,20140331,20140401 
Number is 25 
G.6.2_index_2_VS_G.7.4_index_2 [5] 
20140221,20140224,20140225,20140302,20140304,20140306,20140307,20140308,20140309,20140310,20140312,20140317,20140321,20140322,20140323,20140324,20140325,20140326,20140327,20140328,20140402 
Number is 28 
G.5.1_index_4_VS_G.5.4_index_1 [6] PLUS 1 
20140224,20140225,20140301,20140310,20140312,20140313,20140316,20140318,20140320,20140321,20140323,20140324,20140325,20140326,20140327,20140328,20140329,20140330,20140401 
Number is 31 
G.2.2_index_2_VS_G.1.1_index_2 [7] PLUS 1 
20140221,20140222,20140224,20140226,20140306,20140307,20140308,20140310,20140312,20140313,20140314,20140315,20140316,20140317,20140318,20140319,20140321,20140322,20140323,20140324,20140325,20140326,20140327,20140328,20140329,20140331 
Number is 37 
G.1.1_index_1_VS_G.5.3_index_3 [8] 
20140221,20140226,20140228,20140302,20140303,20140305,20140306,20140308,20140309,20140311,20140320,20140321,20140322,20140323,20140324,20140325,20140326,20140327,20140328 
G.3.1_index_2_VS_G.4.3_index_3 [9] 
20140221,20140223,20140225,20140302,20140304,20140307,20140308,20140309,20140311,20140314,20140315,20140320,20140321,20140322,20140323,20140324,20140325,20140326,20140327,20140328,20140330 
Number is 38 
G.3.4_index_2_VS_G.4.3_index_4 [10] 
20140221,20140225,20140227,20140303,20140307,20140308,20140312,20140314,20140317,20140318,20140321,20140323,20140324,20140325,20140326,20140327,20140328 
Number is 43 
G.3.3_index_4_VS_G.3.6_index_2 [11] 
20140221,20140222,20140224,20140228,20140303,20140307,20140309,20140310,20140311,20140313,20140314,20140316,20140317,20140318,20140323,20140324,20140325,20140326,20140327,20140328,20140331 
Number is 49 
G.6.1_index_1_VS_G.2.1_index_3 [12] PLUS 1 
20140221,20140222,20140226,20140227,20140301,20140303,20140304,20140307,20140308,20140310,20140316,20140317,20140318,20140319,20140321,20140322,20140323,20140324,20140325,20140326,20140327,20140328,20140329,20140330,20140402 
Number is 54 
G.6.1_index_2_VS_G.4.4_index_3 [13] 
20140222,20140225,20140303,20140309,20140312,20140315,20140318,20140321,20140323,20140324,20140325,20140326,20140327,20140328,20140401 
Number is 59 
G.3.5_index_3_VS_G.DB_index_3 [14] PLUS 1 
20140301,20140302,20140303,20140304,20140306,20140308,20140309,20140313,20140314,20140316,20140317,20140319,20140323,20140324,20140325,20140326,20140327,20140328,20140329,20140401 
Number is 61 
G.5.5_index_2_VS_G.3.3_index_1 [15] PLUS 1 
20140221,20140223,20140225,20140312,20140313,20140314,20140318,20140319,20140322,20140323,20140324,20140325,20140326,20140327,20140328,20140329,20140330,20140331 
Number is 64 
G.4.1_index_2_VS_G.6.1_index_1 [16] PLUS 1 
20140221,20140224,20140225,20140226,20140313,20140317,20140319,20140322,20140323,20140324,20140325,20140326,20140327,20140328,20140329,20140401 
Number is 65 
G.7.4_index_1_VS_G.3.1_index_3 [17] PLUS 1 
20140221,20140226,20140304,20140307,20140309,20140311,20140313,20140315,20140321,20140323,20140324,20140325,20140326,20140327,20140328,20140329,20140401,20140402 
Number is 67 
G.5.5_index_2_VS_G.5.5_index_1 [18] 
20140223,20140225,20140226,20140302,20140303,20140307,20140308,20140309,20140310,20140312,20140315,20140322,20140323,20140324,20140325,20140326,20140327,20140328,20140330 
Number is 70 
G.2.1_index_5_VS_G.6.3_index_3 [19] 
20140222,20140224,20140303,20140307,20140308,20140309,20140310,20140312,20140318,20140323,20140324,20140325,20140326,20140327,20140328,20140402 
Number is 72 
G.5.3_index_1_VS_G.DB_index_5 [20] 
20140225,20140226,20140227,20140228,20140301,20140302,20140305,20140307,20140308,20140314,20140315,20140316,20140321,20140323,20140324,20140325,20140326,20140327,20140328,20140330 
Number is 73 
G.5.5_index_1_VS_G.3.4_index_2 [21] 
20140228,20140305,20140307,20140309,20140312,20140313,20140315,20140320,20140322,20140323,20140324,20140325,20140326,20140327,20140328,20140331 
G.5.3_index_3_VS_G.3.3_index_2 [22] 
20140223,20140225,20140226,20140227,20140228,20140302,20140303,20140305,20140308,20140310,20140311,20140315,20140316,20140317,20140319,20140320,20140321,20140323,20140324,20140325,20140326,20140327,20140328 
Number is 74 
G.5.3_index_3_VS_G.3.5_index_5 [23] PLUS 1 
20140222,20140224,20140225,20140227,20140228,20140303,20140305,20140307,20140311,20140314,20140315,20140319,20140322,20140323,20140324,20140325,20140326,20140327,20140328,20140329,20140331,20140402 
Number is 77 
G.5.3_index_1_VS_G.3.1_index_4 [24] 
20140221,20140224,20140225,20140227,20140228,20140302,20140308,20140309,20140315,20140316,20140318,20140319,20140320,20140323,20140324,20140325,20140326,20140327,20140328,20140330,20140331 
Number is 80 
G.3.3_index_3_VS_G.3.1_index_1 [25] 
20140225,20140226,20140227,20140308,20140312,20140315,20140320,20140323,20140324,20140325,20140326,20140327,20140328,20140331,20140401 
Number is 82 
G.5.2_index_4_VS_G.3.6_index_1 [26] PLUS 1 
20140224,20140226,20140302,20140304,20140306,20140312,20140313,20140314,20140317,20140320,20140322,20140323,20140324,20140325,20140326,20140327,20140328,20140329,20140402 
Number is 83 
G.5.2_index_2_VS_G.2.2_index_2 [27] 
20140221,20140222,20140223,20140227,20140228,20140303,20140306,20140308,20140314,20140315,20140316,20140317,20140318,20140319,20140320,20140323,20140324,20140325,20140326,20140327,20140328,20140331,20140401 
Number is 85 
G.3.6_index_4_VS_G.7.4_index_2 [28] PLUS 1 
20140223,20140227,20140301,20140306,20140307,20140310,20140312,20140315,20140316,20140323,20140324,20140325,20140326,20140327,20140328,20140329,20140330,20140331,20140401 
Number is 86 
G.3.3_index_3_VS_G.4.1_index_1 [29] 
20140222,20140225,20140227,20140228,20140301,20140307,20140312,20140315,20140316,20140320,20140321,20140322,20140323,20140324,20140325,20140326,20140327,20140328,20140331 
Number is 88 
G.3.3_index_3_VS_G.5.4_index_1 [30] 
20140221,20140225,20140227,20140301,20140307,20140310,20140312,20140313,20140322,20140323,20140324,20140325,20140326,20140327,20140328,20140331,20140402 
Number is 89 
G.3.6_index_5_VS_G.DB_index_3 [31] PLUS 1 
20140221,20140225,20140226,20140227,20140303,20140305,20140306,20140311,20140314,20140316,20140318,20140320,20140323,20140324,20140325,20140326,20140327,20140328,20140329,20140401,20140402 
Number is 90 
G.5.4_index_2_VS_G.7.3_index_2 [32] PLUS 1 
20140221,20140225,20140228,20140301,20140302,20140303,20140305,20140306,20140307,20140309,20140311,20140312,20140313,20140315,20140316,20140318,20140321,20140322,20140323,20140324,20140325,20140326,20140327,20140328,20140329,20140330 
Number is 93 
G.2.1_index_3_VS_G.2.2_index_2 [33] PLUS 1 
20140221,20140222,20140223,20140224,20140226,20140228,20140303,20140304,20140305,20140306,20140307,20140308,20140312,20140315,20140316,20140320,20140323,20140324,20140325,20140326,20140327,20140328,20140329,20140331,20140401,20140402 
Number is 97 
G.3.5_index_1_VS_G.3.1_index_4 [34] PLUS 1 
20140222,20140224,20140226,20140301,20140302,20140303,20140305,20140315,20140316,20140318,20140319,20140320,20140321,20140322,20140323,20140324,20140325,20140326,20140327,20140328,20140329,20140330,20140402 
