======== Current: 20140331 ========= 
Number is 10 
G.3.3_index_1_VS_G.3.5_index_3 [1] 
20140221,20140223,20140226,20140227,20140228,20140303,20140305,20140310,20140311,20140315,20140316,20140321,20140322,20140323,20140325,20140326,20140327,20140328,20140329,20140330,20140402 
Number is 11 
G.2.1_index_3_VS_G.3.3_index_2 [2] 
20140226,20140301,20140302,20140307,20140308,20140310,20140311,20140312,20140313,20140318,20140320,20140321,20140322,20140325,20140326,20140327,20140328,20140329,20140330 
Number is 15 
G.3.3_index_1_VS_G.2.1_index_1 [3] 
20140221,20140223,20140226,20140227,20140228,20140303,20140308,20140311,20140313,20140318,20140321,20140322,20140323,20140324,20140325,20140326,20140327,20140328,20140329,20140330,20140401 
G.3.3_index_1_VS_G.6.1_index_1 [4] 
20140221,20140227,20140303,20140308,20140310,20140312,20140313,20140315,20140316,20140319,20140320,20140321,20140324,20140325,20140326,20140327,20140328,20140329,20140330,20140402 
G.7.3_index_1_VS_G.3.3_index_3 [5] 
20140226,20140227,20140305,20140308,20140311,20140312,20140313,20140314,20140320,20140324,20140325,20140326,20140327,20140328,20140329,20140330,20140401 
Number is 17 
G.7.4_index_2_VS_G.3.2_index_5 [6] 
20140225,20140227,20140306,20140310,20140314,20140315,20140316,20140325,20140326,20140327,20140328,20140329,20140330,20140401,20140402 
Number is 24 
G.3.3_index_4_VS_G.3.6_index_4 [7] PLUS 1 
20140225,20140228,20140301,20140305,20140306,20140308,20140310,20140311,20140312,20140314,20140315,20140316,20140317,20140318,20140322,20140325,20140326,20140327,20140328,20140329,20140330,20140331 
Number is 26 
G.3.3_index_4_VS_G.5.5_index_2 [8] 
20140222,20140223,20140305,20140307,20140308,20140310,20140312,20140313,20140314,20140315,20140318,20140320,20140322,20140325,20140326,20140327,20140328,20140329,20140330 
Number is 27 
G.5.4_index_2_VS_G.7.3_index_2 [9] 
20140221,20140225,20140228,20140301,20140302,20140303,20140305,20140306,20140307,20140309,20140311,20140312,20140313,20140315,20140316,20140318,20140321,20140322,20140323,20140324,20140325,20140326,20140327,20140328,20140329,20140330 
Number is 31 
G.6.2_index_2_VS_G.2.1_index_3 [10] 
20140222,20140224,20140226,20140301,20140302,20140303,20140304,20140305,20140307,20140310,20140311,20140313,20140316,20140318,20140320,20140321,20140325,20140326,20140327,20140328,20140329,20140330,20140402 
Number is 39 
G.4.1_index_1_VS_G.4.2_index_3 [11] PLUS 1 
20140222,20140224,20140226,20140301,20140302,20140305,20140306,20140308,20140309,20140310,20140315,20140318,20140319,20140321,20140322,20140324,20140325,20140326,20140327,20140328,20140329,20140330,20140331,20140401 
Number is 41 
G.3.6_index_4_VS_G.7.4_index_2 [12] PLUS 1 
20140223,20140227,20140301,20140306,20140307,20140310,20140312,20140315,20140316,20140323,20140324,20140325,20140326,20140327,20140328,20140329,20140330,20140331,20140401 
Number is 44 
G.2.2_index_5_VS_G.3.4_index_2 [13] 
20140221,20140227,20140228,20140301,20140303,20140304,20140308,20140309,20140311,20140313,20140314,20140315,20140317,20140320,20140321,20140322,20140325,20140326,20140327,20140328,20140329,20140330,20140402 
Number is 46 
G.6.1_index_3_VS_G.4.4_index_3 [14] PLUS 1 
20140223,20140304,20140305,20140307,20140312,20140313,20140316,20140321,20140325,20140326,20140327,20140328,20140329,20140330,20140331 
Number is 47 
G.DB_index_5_VS_G.3.5_index_1 [15] 
20140221,20140222,20140224,20140227,20140302,20140305,20140306,20140308,20140310,20140313,20140314,20140315,20140317,20140321,20140325,20140326,20140327,20140328,20140329,20140330,20140402 
Number is 51 
G.6.1_index_1_VS_G.2.1_index_3 [16] 
20140221,20140222,20140226,20140227,20140301,20140303,20140304,20140307,20140308,20140310,20140316,20140317,20140318,20140319,20140321,20140322,20140323,20140324,20140325,20140326,20140327,20140328,20140329,20140330,20140402 
Number is 55 
G.5.3_index_1_VS_G.2.1_index_1 [17] 
20140221,20140224,20140226,20140228,20140304,20140307,20140308,20140310,20140312,20140318,20140320,20140321,20140324,20140325,20140326,20140327,20140328,20140329,20140330,20140401 
Number is 60 
G.5.1_index_4_VS_G.5.4_index_1 [18] 
20140224,20140225,20140301,20140310,20140312,20140313,20140316,20140318,20140320,20140321,20140323,20140324,20140325,20140326,20140327,20140328,20140329,20140330,20140401 
Number is 61 
G.5.5_index_2_VS_G.3.3_index_1 [19] PLUS 1 
20140221,20140223,20140225,20140312,20140313,20140314,20140318,20140319,20140322,20140323,20140324,20140325,20140326,20140327,20140328,20140329,20140330,20140331 
Number is 62 
G.2.2_index_2_VS_G.4.2_index_4 [20] 
20140221,20140226,20140303,20140306,20140308,20140311,20140314,20140323,20140325,20140326,20140327,20140328,20140329,20140330,20140401 
Number is 72 
G.7.3_index_2_VS_G.4.3_index_1 [21] 
20140225,20140226,20140305,20140306,20140309,20140310,20140312,20140315,20140319,20140325,20140326,20140327,20140328,20140329,20140330,20140401 
G.3.5_index_1_VS_G.3.1_index_4 [22] 
20140222,20140224,20140226,20140301,20140302,20140303,20140305,20140315,20140316,20140318,20140319,20140320,20140321,20140322,20140323,20140324,20140325,20140326,20140327,20140328,20140329,20140330,20140402 
G.5.1_index_1_VS_G.4.3_index_2 [23] 
20140221,20140225,20140303,20140304,20140305,20140309,20140313,20140314,20140321,20140325,20140326,20140327,20140328,20140329,20140330,20140401 
Number is 75 
G.5.2_index_1_VS_G.5.3_index_1 [24] 
20140224,20140228,20140301,20140306,20140309,20140315,20140316,20140317,20140320,20140325,20140326,20140327,20140328,20140329,20140330,20140401 
Number is 92 
G.6.3_index_1_VS_G.5.4_index_2 [25] 
20140222,20140223,20140225,20140226,20140227,20140228,20140301,20140302,20140303,20140306,20140310,20140315,20140316,20140317,20140318,20140321,20140324,20140325,20140326,20140327,20140328,20140329,20140330 
Number is 97 
G.5.6_index_2_VS_G.3.1_index_5 [26] PLUS 1 
20140221,20140223,20140224,20140225,20140226,20140227,20140301,20140303,20140304,20140305,20140306,20140308,20140310,20140314,20140316,20140318,20140319,20140320,20140322,20140324,20140325,20140326,20140327,20140328,20140329,20140330,20140331,20140401 
