======== Current: 20121105 ========= 
Number is 07 
G.4.2_index_4_VS_G.6.1_index_2 [1] PLUS 1 
20121020,20121027,20121029,20121030,20121031,20121101,20121102,20121103,20121104,20121105,20121107,20121108,20121109,20121110,20121111,20121113,20121116,20121117,20121122,20121126,20121129,20121201 
Number is 09 
G.2.1_index_1_VS_G.4.4_index_1 [2] PLUS 1 
20121021,20121025,20121027,20121029,20121030,20121031,20121101,20121102,20121103,20121104,20121105,20121108,20121110,20121112,20121114,20121116,20121117,20121119,20121120,20121123,20121125,20121126,20121127,20121128,20121129,20121201 
G.4.3_index_1_VS_G.4.4_index_1 [3] PLUS 1 
20121022,20121024,20121025,20121030,20121031,20121101,20121102,20121103,20121104,20121105,20121106,20121107,20121110,20121111,20121114,20121115,20121117,20121119,20121122,20121124,20121128 
Number is 12 
G.2.1_index_4_VS_G.3.6_index_2 [4] 
20121020,20121022,20121024,20121030,20121031,20121101,20121102,20121103,20121104,20121109,20121111,20121112,20121115,20121119,20121121,20121122,20121126,20121129 
Number is 21 
G.DB_index_5_VS_G.5.4_index_1 [5] 
20121020,20121021,20121027,20121029,20121030,20121031,20121101,20121102,20121103,20121104,20121108,20121109,20121110,20121112,20121114,20121115,20121116,20121119,20121122,20121124,20121127,20121128,20121129,20121130,20121201 
Number is 23 
G.3.6_index_4_VS_G.3.4_index_5 [6] 
20121022,20121023,20121025,20121029,20121030,20121031,20121101,20121102,20121103,20121104,20121107,20121116,20121123,20121125,20121127,20121130 
Number is 26 
G.3.6_index_2_VS_G.2.2_index_5 [7] 
20121022,20121023,20121024,20121028,20121030,20121031,20121101,20121102,20121103,20121104,20121107,20121108,20121110,20121111,20121113,20121114,20121117,20121119,20121120,20121122,20121124,20121126,20121127,20121201 
G.3.6_index_2_VS_G.1.1_index_3 [8] 
20121021,20121028,20121029,20121030,20121031,20121101,20121102,20121103,20121104,20121107,20121108,20121109,20121111,20121112,20121121,20121123,20121124,20121126,20121128,20121201 
Number is 31 
G.2.2_index_4_VS_G.5.4_index_1 [9] 
20121023,20121027,20121029,20121030,20121031,20121101,20121102,20121103,20121104,20121107,20121109,20121112,20121114,20121116,20121117,20121119,20121120,20121129,20121130,20121201 
Number is 33 
G.3.4_index_5_VS_G.3.2_index_4 [10] 
20121020,20121022,20121024,20121028,20121030,20121031,20121101,20121102,20121103,20121104,20121108,20121109,20121110,20121112,20121114,20121116,20121121,20121125,20121130 
Number is 34 
G.4.4_index_4_VS_G.4.4_index_3 [11] PLUS 1 
20121023,20121030,20121031,20121101,20121102,20121103,20121104,20121105,20121106,20121108,20121114,20121115,20121118,20121121,20121122,20121123,20121125,20121127,20121201 
Number is 38 
G.3.4_index_5_VS_G.7.4_index_1 [12] PLUS 1 
20121020,20121030,20121031,20121101,20121102,20121103,20121104,20121105,20121108,20121109,20121112,20121113,20121121,20121123,20121125,20121127,20121128,20121129,20121201 
Number is 43 
G.4.4_index_3_VS_G.3.2_index_4 [13] PLUS 1 
20121021,20121022,20121024,20121025,20121027,20121028,20121030,20121031,20121101,20121102,20121103,20121104,20121105,20121106,20121107,20121108,20121109,20121112,20121115,20121118,20121119,20121125,20121130 
Number is 57 
G.DB_index_1_VS_G.6.3_index_1 [14] 
20121021,20121022,20121027,20121030,20121031,20121101,20121102,20121103,20121104,20121107,20121109,20121110,20121112,20121113,20121115,20121116,20121117,20121121,20121124,20121128,20121201 
Number is 63 
G.2.2_index_5_VS_G.3.4_index_5 [15] PLUS 1 
20121020,20121022,20121023,20121027,20121029,20121030,20121031,20121101,20121102,20121103,20121104,20121105,20121106,20121109,20121111,20121112,20121114,20121116,20121117,20121121,20121127,20121129 
G.3.6_index_3_VS_G.3.2_index_4 [16] PLUS 1 
20121021,20121026,20121030,20121031,20121101,20121102,20121103,20121104,20121105,20121108,20121109,20121110,20121115,20121119,20121121,20121127,20121130 
Number is 65 
G.3.6_index_3_VS_G.5.4_index_4 [17] 
20121020,20121021,20121024,20121026,20121028,20121030,20121031,20121101,20121102,20121103,20121104,20121106,20121111,20121112,20121113,20121119,20121123,20121125,20121126,20121128,20121129,20121201 
Number is 71 
G.3.1_index_1_VS_G.6.1_index_1 [18] PLUS 1 
20121030,20121031,20121101,20121102,20121103,20121104,20121105,20121106,20121107,20121108,20121112,20121113,20121119,20121121,20121128,20121130,20121201 
Number is 83 
G.3.3_index_4_VS_G.4.4_index_4 [19] PLUS 1 
20121020,20121021,20121022,20121024,20121028,20121030,20121031,20121101,20121102,20121103,20121104,20121105,20121106,20121109,20121111,20121114,20121119,20121125,20121129,20121201 
Number is 86 
G.DB_index_4_VS_G.6.2_index_2 [20] PLUS 1 
20121022,20121024,20121025,20121030,20121031,20121101,20121102,20121103,20121104,20121105,20121109,20121114,20121120,20121123,20121126,20121129,20121130,20121201 
Number is 88 
G.5.1_index_1_VS_G.4.3_index_3 [21] PLUS 1 
20121021,20121022,20121023,20121024,20121025,20121026,20121030,20121031,20121101,20121102,20121103,20121104,20121105,20121107,20121108,20121109,20121110,20121112,20121113,20121116,20121117,20121119,20121121,20121122,20121123,20121126,20121127,20121201 
Number is 93 
G.3.3_index_1_VS_G.3.4_index_5 [22] 
20121020,20121022,20121024,20121026,20121029,20121030,20121031,20121101,20121102,20121103,20121104,20121106,20121108,20121109,20121112,20121114,20121116,20121117,20121120,20121127,20121128,20121130,20121201 
Number is 96 
G.3.3_index_1_VS_G.3.6_index_3 [23] PLUS 1 
20121021,20121022,20121024,20121026,20121028,20121030,20121031,20121101,20121102,20121103,20121104,20121105,20121106,20121108,20121109,20121111,20121112,20121115,20121117,20121118,20121119,20121120,20121122,20121125,20121127,20121201 
