======== Current: 20121107 ========= 
Number is 15 
G.1.1_index_3_VS_G.3.5_index_2 [1] PLUS 1 
20121026,20121029,20121031,20121101,20121102,20121103,20121104,20121105,20121106,20121107,20121108,20121110,20121111,20121113,20121116,20121118,20121119,20121120,20121121,20121124,20121126,20121127,20121130,20121201 
Number is 41 
G.4.4_index_4_VS_G.2.1_index_3 [2] PLUS 1 
20121020,20121022,20121024,20121027,20121028,20121029,20121030,20121101,20121102,20121103,20121104,20121105,20121106,20121107,20121108,20121115,20121118,20121121,20121129 
Number is 42 
G.3.4_index_5_VS_G.3.4_index_3 [3] 
20121022,20121023,20121026,20121027,20121028,20121029,20121031,20121101,20121102,20121103,20121104,20121105,20121106,20121109,20121113,20121116,20121117,20121120,20121128,20121130 
Number is 44 
G.3.3_index_4_VS_G.4.4_index_4 [4] 
20121020,20121021,20121022,20121024,20121028,20121030,20121031,20121101,20121102,20121103,20121104,20121105,20121106,20121109,20121111,20121114,20121119,20121125,20121129,20121201 
Number is 46 
G.4.4_index_4_VS_G.4.4_index_3 [5] 
20121023,20121030,20121031,20121101,20121102,20121103,20121104,20121105,20121106,20121108,20121114,20121115,20121118,20121121,20121122,20121123,20121125,20121127,20121201 
Number is 51 
G.3.1_index_1_VS_G.6.1_index_1 [6] PLUS 1 
20121030,20121031,20121101,20121102,20121103,20121104,20121105,20121106,20121107,20121108,20121112,20121113,20121119,20121121,20121128,20121130,20121201 
Number is 53 
G.7.3_index_1_VS_G.1.1_index_4 [7] PLUS 1 
20121020,20121024,20121028,20121101,20121102,20121103,20121104,20121105,20121106,20121107,20121112,20121114,20121116,20121117,20121120,20121127,20121129,20121130 
Number is 58 
G.4.1_index_2_VS_G.2.1_index_1 [8] PLUS 1 
20121020,20121021,20121024,20121025,20121026,20121027,20121028,20121029,20121101,20121102,20121103,20121104,20121105,20121106,20121107,20121109,20121112,20121113,20121114,20121117,20121118,20121119,20121121,20121123,20121125,20121201 
Number is 69 
G.4.4_index_3_VS_G.3.2_index_4 [9] PLUS 1 
20121021,20121022,20121024,20121025,20121027,20121028,20121030,20121031,20121101,20121102,20121103,20121104,20121105,20121106,20121107,20121108,20121109,20121112,20121115,20121118,20121119,20121125,20121130 
Number is 71 
G.3.2_index_1_VS_G.5.3_index_4 [10] 
20121021,20121026,20121029,20121101,20121102,20121103,20121104,20121105,20121106,20121110,20121114,20121115,20121118,20121119,20121121,20121122,20121123,20121124,20121125,20121129 
Number is 75 
G.3.6_index_1_VS_G.3.5_index_2 [11] 
20121021,20121025,20121028,20121031,20121101,20121102,20121103,20121104,20121105,20121106,20121112,20121113,20121120,20121125,20121128,20121129,20121130,20121201 
Number is 77 
G.4.3_index_1_VS_G.4.4_index_1 [12] PLUS 1 
20121022,20121024,20121025,20121030,20121031,20121101,20121102,20121103,20121104,20121105,20121106,20121107,20121110,20121111,20121114,20121115,20121117,20121119,20121122,20121124,20121128 
Number is 84 
G.2.2_index_5_VS_G.3.4_index_5 [13] 
20121020,20121022,20121023,20121027,20121029,20121030,20121031,20121101,20121102,20121103,20121104,20121105,20121106,20121109,20121111,20121112,20121114,20121116,20121117,20121121,20121127,20121129 
Number is 87 
G.2.2_index_5_VS_G.3.4_index_2 [14] 
20121024,20121029,20121031,20121101,20121102,20121103,20121104,20121105,20121106,20121108,20121109,20121112,20121114,20121115,20121117,20121119,20121121,20121123,20121124,20121125,20121127,20121128,20121129,20121130,20121201 
Number is 91 
G.2.1_index_2_VS_G.4.1_index_1 [15] PLUS 1 
20121021,20121027,20121029,20121030,20121101,20121102,20121103,20121104,20121105,20121106,20121107,20121108,20121111,20121115,20121122,20121125,20121127,20121130 
Number is 99 
G.3.3_index_1_VS_G.3.6_index_3 [16] 
20121021,20121022,20121024,20121026,20121028,20121030,20121031,20121101,20121102,20121103,20121104,20121105,20121106,20121108,20121109,20121111,20121112,20121115,20121117,20121118,20121119,20121120,20121122,20121125,20121127,20121201 
