======== Current: 20121114 ========= 
Number is 01 
G.2.1_index_1_VS_G.5.4_index_3 [1] 
20121020,20121024,20121025,20121026,20121027,20121029,20121104,20121105,20121107,20121108,20121109,20121110,20121111,20121112,20121113,20121116,20121118,20121119,20121121,20121123,20121127 
Number is 06 
G.2.1_index_1_VS_G.2.1_index_3 [2] PLUS 1 
20121020,20121021,20121022,20121024,20121025,20121026,20121030,20121103,20121107,20121108,20121109,20121110,20121111,20121112,20121113,20121114,20121116,20121119,20121126,20121127,20121128,20121201 
Number is 07 
G.2.1_index_1_VS_G.2.2_index_4 [3] PLUS 1 
20121021,20121024,20121027,20121104,20121107,20121108,20121109,20121110,20121111,20121112,20121113,20121114,20121117,20121121,20121123,20121125,20121127,20121201 
G.2.1_index_1_VS_G.4.2_index_4 [4] PLUS 1 
20121020,20121021,20121024,20121026,20121027,20121102,20121103,20121106,20121108,20121109,20121110,20121111,20121112,20121113,20121114,20121116,20121118,20121119,20121120,20121123,20121126,20121129,20121201 
Number is 08 
G.2.1_index_1_VS_G.3.2_index_3 [5] PLUS 1 
20121026,20121027,20121103,20121108,20121109,20121110,20121111,20121112,20121113,20121114,20121116,20121119,20121122,20121126 
Number is 09 
G.2.1_index_1_VS_G.4.3_index_3 [6] PLUS 1 
20121021,20121024,20121025,20121027,20121101,20121103,20121106,20121107,20121108,20121109,20121110,20121111,20121112,20121113,20121114,20121120,20121123,20121201 
Number is 14 
G.2.2_index_5_VS_G.5.1_index_3 [7] 
20121022,20121023,20121028,20121029,20121030,20121031,20121104,20121107,20121108,20121109,20121110,20121111,20121112,20121113,20121121,20121123,20121125,20121127,20121128 
Number is 15 
G.3.1_index_3_VS_G.2.2_index_1 [8] PLUS 1 
20121026,20121027,20121030,20121103,20121106,20121108,20121109,20121110,20121111,20121112,20121113,20121114,20121115,20121123,20121126,20121127,20121129,20121130 
G.2.2_index_5_VS_G.5.1_index_1 [9] PLUS 1 
20121021,20121022,20121026,20121027,20121030,20121031,20121104,20121105,20121107,20121108,20121109,20121110,20121111,20121112,20121113,20121114,20121118,20121123,20121124,20121126,20121127 
Number is 17 
G.2.2_index_5_VS_G.4.2_index_4 [10] PLUS 1 
20121022,20121024,20121030,20121031,20121102,20121104,20121105,20121106,20121108,20121109,20121110,20121111,20121112,20121113,20121114,20121117,20121118,20121119,20121121,20121122,20121126,20121127,20121128,20121129,20121201 
Number is 38 
G.3.5_index_1_VS_G.7.1_index_2 [11] PLUS 1 
20121021,20121022,20121025,20121027,20121029,20121030,20121102,20121105,20121106,20121108,20121109,20121110,20121111,20121112,20121113,20121114,20121115,20121118,20121119,20121121,20121123,20121125,20121127,20121128,20121130,20121201 
G.5.5_index_2_VS_G.7.1_index_2 [12] PLUS 1 
20121022,20121024,20121025,20121026,20121027,20121029,20121101,20121103,20121108,20121109,20121110,20121111,20121112,20121113,20121114,20121117,20121119,20121121,20121124,20121125,20121127,20121128,20121129 
Number is 39 
G.DB_index_5_VS_G.7.3_index_2 [13] 
20121020,20121021,20121023,20121026,20121027,20121031,20121101,20121102,20121104,20121107,20121108,20121109,20121110,20121111,20121112,20121113,20121120,20121122,20121125,20121128,20121201 
Number is 40 
G.5.1_index_3_VS_G.4.3_index_1 [14] 
20121022,20121025,20121027,20121029,20121031,20121104,20121105,20121108,20121109,20121110,20121111,20121112,20121113,20121116,20121121,20121123,20121127,20121128,20121129,20121130,20121201 
Number is 45 
G.3.5_index_2_VS_G.3.3_index_5 [15] 
20121021,20121026,20121028,20121029,20121031,20121101,20121103,20121107,20121108,20121109,20121110,20121111,20121112,20121113,20121116,20121117,20121119,20121124,20121127,20121130,20121201 
Number is 46 
G.3.5_index_2_VS_G.7.2_index_2 [16] 
20121021,20121022,20121026,20121028,20121029,20121102,20121103,20121104,20121107,20121108,20121109,20121110,20121111,20121112,20121113,20121115,20121120,20121121,20121123,20121125,20121127,20121129,20121130 
G.3.5_index_2_VS_G.3.3_index_2 [17] 
20121028,20121029,20121031,20121105,20121106,20121108,20121109,20121110,20121111,20121112,20121113,20121119,20121120,20121121,20121122,20121125,20121128,20121129,20121130,20121201 
Number is 48 
G.3.5_index_2_VS_G.3.2_index_3 [18] 
20121024,20121026,20121101,20121102,20121104,20121105,20121107,20121108,20121109,20121110,20121111,20121112,20121113,20121116,20121117,20121120,20121121,20121125,20121130,20121201 
Number is 49 
G.3.5_index_2_VS_G.4.3_index_3 [19] 
20121021,20121024,20121029,20121102,20121104,20121105,20121106,20121107,20121108,20121109,20121110,20121111,20121112,20121113,20121115,20121117,20121119,20121122,20121124,20121126,20121128,20121130 
Number is 56 
G.2.2_index_1_VS_G.3.3_index_2 [20] 
20121026,20121027,20121029,20121030,20121101,20121102,20121104,20121105,20121106,20121108,20121109,20121110,20121111,20121112,20121113,20121115,20121116,20121118,20121121,20121122,20121127,20121128 
Number is 61 
G.3.1_index_1_VS_G.5.4_index_3 [21] 
20121020,20121029,20121031,20121101,20121102,20121104,20121105,20121108,20121109,20121110,20121111,20121112,20121113,20121118,20121119,20121123,20121129,20121201 
Number is 67 
G.4.1_index_2_VS_G.3.6_index_2 [22] 
20121023,20121024,20121028,20121031,20121101,20121103,20121104,20121107,20121108,20121109,20121110,20121111,20121112,20121113,20121115,20121121,20121122,20121124,20121126,20121130,20121201 
Number is 69 
G.3.3_index_2_VS_G.6.1_index_1 [23] 
20121020,20121021,20121024,20121027,20121029,20121031,20121101,20121102,20121104,20121107,20121108,20121109,20121110,20121111,20121112,20121113,20121117,20121118,20121119,20121122,20121123,20121125 
Number is 77 
G.4.4_index_4_VS_G.3.6_index_2 [24] 
20121022,20121023,20121024,20121028,20121029,20121104,20121106,20121108,20121109,20121110,20121111,20121112,20121113,20121115,20121118,20121120,20121122,20121123,20121125,20121127,20121129,20121201 
Number is 82 
G.5.3_index_3_VS_G.5.2_index_2 [25] PLUS 1 
20121020,20121025,20121102,20121108,20121109,20121110,20121111,20121112,20121113,20121114,20121119,20121121,20121122,20121125,20121126,20121201 
Number is 89 
G.7.1_index_2_VS_G.6.1_index_1 [26] 
20121020,20121021,20121027,20121030,20121106,20121108,20121109,20121110,20121111,20121112,20121113,20121116,20121118,20121122,20121123,20121124,20121126,20121127,20121128,20121201 
Number is 94 
G.4.4_index_2_VS_G.5.1_index_3 [27] 
20121022,20121023,20121025,20121026,20121029,20121030,20121031,20121101,20121105,20121108,20121109,20121110,20121111,20121112,20121113,20121115,20121118,20121122,20121125,20121127,20121129 
