======== Current: 20121116 ========= 
Number is 09 
G.5.2_index_2_VS_G.5.6_index_3 [1] PLUS 1 
20121021,20121024,20121025,20121026,20121027,20121029,20121031,20121106,20121107,20121110,20121111,20121112,20121113,20121114,20121115,20121116,20121117,20121118,20121119,20121126,20121128,20121129,20121130 
Number is 13 
G.5.1_index_4_VS_G.2.1_index_2 [2] PLUS 1 
20121021,20121027,20121030,20121101,20121102,20121104,20121107,20121108,20121110,20121111,20121112,20121113,20121114,20121115,20121116,20121118,20121121,20121124,20121125,20121129 
Number is 16 
G.1.1_index_3_VS_G.3.3_index_4 [3] 
20121020,20121026,20121031,20121102,20121105,20121107,20121108,20121110,20121111,20121112,20121113,20121114,20121115,20121126,20121127,20121129,20121130,20121201 
Number is 20 
G.1.1_index_2_VS_G.5.2_index_2 [4] PLUS 1 
20121021,20121024,20121025,20121026,20121029,20121031,20121101,20121110,20121111,20121112,20121113,20121114,20121115,20121116,20121120,20121121,20121122,20121125,20121126,20121129 
Number is 21 
G.7.2_index_1_VS_G.4.1_index_3 [5] 
20121024,20121025,20121029,20121031,20121103,20121104,20121105,20121109,20121110,20121111,20121112,20121113,20121114,20121115,20121118,20121124,20121127,20121128,20121129,20121201 
Number is 24 
G.1.1_index_2_VS_G.4.2_index_4 [6] PLUS 1 
20121021,20121024,20121102,20121106,20121108,20121110,20121111,20121112,20121113,20121114,20121115,20121116,20121117,20121119,20121120,20121121,20121123,20121125,20121128,20121201 
Number is 27 
G.2.2_index_1_VS_G.2.1_index_5 [7] 
20121021,20121023,20121026,20121029,20121030,20121102,20121106,20121107,20121108,20121110,20121111,20121112,20121113,20121114,20121115,20121118,20121121,20121125,20121126,20121129,20121201 
Number is 29 
G.1.1_index_2_VS_G.7.2_index_2 [8] PLUS 1 
20121020,20121021,20121029,20121103,20121104,20121108,20121110,20121111,20121112,20121113,20121114,20121115,20121116,20121122,20121125,20121126,20121128,20121201 
Number is 39 
G.3.6_index_4_VS_G.6.1_index_1 [9] 
20121024,20121025,20121026,20121029,20121030,20121103,20121104,20121110,20121111,20121112,20121113,20121114,20121115,20121117,20121122,20121126,20121127 
G.5.3_index_4_VS_G.6.1_index_1 [10] 
20121021,20121023,20121026,20121030,20121102,20121103,20121105,20121110,20121111,20121112,20121113,20121114,20121115,20121117,20121118,20121119,20121120,20121121,20121122,20121126,20121130 
Number is 51 
G.3.5_index_1_VS_G.7.1_index_2 [11] 
20121021,20121022,20121025,20121027,20121029,20121030,20121102,20121105,20121106,20121108,20121109,20121110,20121111,20121112,20121113,20121114,20121115,20121118,20121119,20121121,20121123,20121125,20121127,20121128,20121130,20121201 
Number is 62 
G.3.1_index_3_VS_G.2.2_index_1 [12] 
20121026,20121027,20121030,20121103,20121106,20121108,20121109,20121110,20121111,20121112,20121113,20121114,20121115,20121123,20121126,20121127,20121129,20121130 
Number is 69 
G.5.4_index_3_VS_G.4.2_index_2 [13] 
20121023,20121024,20121025,20121026,20121030,20121101,20121105,20121110,20121111,20121112,20121113,20121114,20121115,20121119,20121124,20121125 
Number is 81 
G.4.2_index_3_VS_G.5.1_index_4 [14] 
20121020,20121026,20121031,20121101,20121102,20121103,20121107,20121109,20121110,20121111,20121112,20121113,20121114,20121115,20121117,20121118,20121119,20121123,20121125,20121127,20121129,20121130 
Number is 93 
G.4.2_index_2_VS_G.1.1_index_1 [15] 
20121022,20121024,20121026,20121031,20121101,20121103,20121104,20121106,20121108,20121110,20121111,20121112,20121113,20121114,20121115,20121121,20121124,20121125,20121127,20121130,20121201 
Number is 98 
G.4.2_index_2_VS_G.5.2_index_4 [16] 
20121020,20121024,20121025,20121030,20121102,20121105,20121109,20121110,20121111,20121112,20121113,20121114,20121115,20121117,20121119,20121120,20121121,20121122,20121125,20121127,20121129,20121130,20121201 
Number is 99 
G.5.6_index_3_VS_G.3.4_index_3 [17] 
20121020,20121022,20121024,20121025,20121026,20121030,20121031,20121101,20121102,20121104,20121106,20121110,20121111,20121112,20121113,20121114,20121115,20121119,20121120,20121121,20121122,20121125,20121129,20121130,20121201 
