======== Current: 20121120 ========= 
Number is 03 
G.4.3_index_3_VS_G.5.2_index_1 [1] 
20121025,20121026,20121027,20121030,20121031,20121105,20121106,20121107,20121112,20121114,20121115,20121116,20121117,20121118,20121119,20121122,20121124,20121125,20121127,20121128 
Number is 05 
G.6.2_index_3_VS_G.5.3_index_2 [2] 
20121020,20121022,20121023,20121026,20121028,20121029,20121104,20121105,20121108,20121110,20121114,20121115,20121116,20121117,20121118,20121119,20121121,20121122,20121123,20121124,20121125,20121127,20121130,20121201 
G.4.3_index_3_VS_G.4.2_index_3 [3] 
20121021,20121022,20121023,20121024,20121027,20121028,20121030,20121101,20121102,20121103,20121109,20121111,20121114,20121115,20121116,20121117,20121118,20121119,20121121,20121122,20121123,20121126,20121128,20121129,20121201 
G.3.1_index_5_VS_G.2.1_index_2 [4] 
20121022,20121024,20121027,20121101,20121103,20121104,20121105,20121107,20121114,20121115,20121116,20121117,20121118,20121119,20121121,20121122,20121123,20121125,20121126,20121127,20121201 
Number is 07 
G.3.1_index_5_VS_G.3.6_index_4 [5] 
20121024,20121025,20121029,20121030,20121104,20121114,20121115,20121116,20121117,20121118,20121119,20121121,20121122,20121123,20121125,20121126 
Number is 11 
G.5.2_index_2_VS_G.5.6_index_3 [6] 
20121021,20121024,20121025,20121026,20121027,20121029,20121031,20121106,20121107,20121110,20121111,20121112,20121113,20121114,20121115,20121116,20121117,20121118,20121119,20121126,20121128,20121129,20121130 
Number is 25 
G.3.6_index_5_VS_G.2.1_index_2 [7] 
20121020,20121021,20121022,20121027,20121028,20121029,20121030,20121031,20121101,20121104,20121108,20121114,20121115,20121116,20121117,20121118,20121119,20121122,20121201 
Number is 29 
G.6.1_index_1_VS_G.4.2_index_4 [8] 
20121020,20121021,20121024,20121027,20121028,20121030,20121102,20121104,20121105,20121106,20121107,20121108,20121110,20121113,20121114,20121115,20121116,20121117,20121118,20121119,20121122,20121123,20121126,20121128,20121129,20121201 
Number is 31 
G.7.2_index_1_VS_G.3.5_index_3 [9] 
20121021,20121025,20121026,20121027,20121028,20121029,20121030,20121101,20121104,20121108,20121114,20121115,20121116,20121117,20121118,20121119,20121122,20121124,20121125,20121201 
Number is 48 
G.5.2_index_3_VS_G.5.3_index_4 [10] PLUS 1 
20121026,20121029,20121102,20121104,20121107,20121110,20121112,20121114,20121115,20121116,20121117,20121118,20121119,20121120,20121121,20121122,20121124,20121130 
G.4.1_index_4_VS_G.5.3_index_4 [11] PLUS 1 
20121021,20121022,20121027,20121029,20121104,20121106,20121107,20121108,20121109,20121112,20121113,20121114,20121115,20121116,20121117,20121118,20121119,20121120,20121122,20121126,20121128,20121130,20121201 
Number is 51 
G.7.1_index_2_VS_G.2.1_index_1 [12] 
20121021,20121025,20121106,20121108,20121112,20121113,20121114,20121115,20121116,20121117,20121118,20121119,20121123,20121125,20121126,20121130,20121201 
Number is 57 
G.7.1_index_2_VS_G.7.1_index_1 [13] 
20121020,20121021,20121022,20121023,20121024,20121027,20121101,20121103,20121105,20121106,20121108,20121114,20121115,20121116,20121117,20121118,20121119,20121121,20121123,20121124,20121126,20121127,20121130 
Number is 64 
G.6.1_index_2_VS_G.5.2_index_3 [14] PLUS 1 
20121020,20121022,20121024,20121027,20121028,20121104,20121106,20121108,20121109,20121112,20121113,20121114,20121115,20121116,20121117,20121118,20121119,20121120,20121122,20121123,20121124,20121130 
Number is 71 
G.7.1_index_1_VS_G.6.2_index_2 [15] 
20121021,20121023,20121024,20121025,20121026,20121027,20121029,20121104,20121108,20121109,20121112,20121114,20121115,20121116,20121117,20121118,20121119,20121122,20121124,20121125,20121126,20121128 
Number is 80 
G.4.2_index_2_VS_G.3.1_index_5 [16] PLUS 1 
20121025,20121026,20121030,20121103,20121106,20121108,20121111,20121113,20121114,20121115,20121116,20121117,20121118,20121119,20121120,20121122,20121130 
Number is 81 
G.5.3_index_4_VS_G.4.1_index_2 [17] PLUS 1 
20121021,20121026,20121029,20121102,20121104,20121105,20121107,20121109,20121110,20121111,20121114,20121115,20121116,20121117,20121118,20121119,20121120,20121121,20121123,20121130 
Number is 82 
G.3.3_index_1_VS_G.3.5_index_4 [18] PLUS 1 
20121020,20121024,20121025,20121026,20121027,20121030,20121031,20121104,20121106,20121107,20121108,20121111,20121112,20121114,20121115,20121116,20121117,20121118,20121119,20121120,20121121,20121122,20121125,20121130 
Number is 86 
G.3.3_index_1_VS_G.DB_index_4 [19] 
20121022,20121024,20121031,20121101,20121102,20121103,20121104,20121106,20121107,20121112,20121114,20121115,20121116,20121117,20121118,20121119,20121122,20121123,20121124,20121125,20121127,20121130 
Number is 88 
G.3.3_index_3_VS_G.5.3_index_4 [20] 
20121026,20121105,20121109,20121113,20121114,20121115,20121116,20121117,20121118,20121119,20121121,20121123,20121125,20121126,20121129 
Number is 89 
G.1.1_index_2_VS_G.3.5_index_1 [21] PLUS 1 
20121021,20121022,20121024,20121028,20121029,20121030,20121031,20121102,20121104,20121105,20121106,20121112,20121113,20121114,20121115,20121116,20121117,20121118,20121119,20121120,20121122,20121125,20121128,20121201 
Number is 92 
G.4.2_index_4_VS_G.3.5_index_4 [22] 
20121021,20121026,20121027,20121029,20121030,20121102,20121103,20121106,20121107,20121108,20121109,20121110,20121111,20121113,20121114,20121115,20121116,20121117,20121118,20121119,20121122,20121130 
