======== Current: 20121122 ========= 
Number is 11 
G.7.2_index_2_VS_G.3.2_index_2 [1] 
20121021,20121026,20121027,20121030,20121104,20121107,20121115,20121116,20121117,20121118,20121119,20121120,20121121,20121123,20121127,20121128 
Number is 15 
G.5.2_index_3_VS_G.4.1_index_1 [2] PLUS 1 
20121021,20121022,20121023,20121102,20121103,20121104,20121107,20121112,20121116,20121117,20121118,20121119,20121120,20121121,20121122,20121123,20121124,20121127,20121128,20121130 
Number is 16 
G.3.2_index_2_VS_G.6.1_index_2 [3] PLUS 1 
20121026,20121027,20121028,20121030,20121031,20121103,20121107,20121108,20121112,20121115,20121116,20121117,20121118,20121119,20121120,20121121,20121122,20121126,20121127,20121201 
G.5.2_index_3_VS_G.5.3_index_4 [4] PLUS 1 
20121026,20121029,20121102,20121104,20121107,20121110,20121112,20121114,20121115,20121116,20121117,20121118,20121119,20121120,20121121,20121122,20121124,20121130 
Number is 23 
G.2.1_index_1_VS_G.5.6_index_4 [5] 
20121025,20121027,20121102,20121103,20121104,20121107,20121108,20121109,20121110,20121111,20121113,20121116,20121117,20121118,20121119,20121120,20121121,20121126,20121127,20121201 
Number is 28 
G.3.4_index_5_VS_G.4.3_index_3 [6] 
20121022,20121025,20121026,20121030,20121103,20121105,20121106,20121107,20121108,20121109,20121116,20121117,20121118,20121119,20121120,20121121,20121126,20121127,20121128,20121130,20121201 
Number is 37 
G.5.6_index_4_VS_G.3.5_index_3 [7] PLUS 1 
20121020,20121023,20121026,20121027,20121028,20121030,20121104,20121105,20121107,20121110,20121111,20121116,20121117,20121118,20121119,20121120,20121121,20121122,20121201 
Number is 46 
G.6.2_index_3_VS_G.3.4_index_2 [8] 
20121020,20121022,20121026,20121028,20121030,20121102,20121104,20121106,20121110,20121113,20121116,20121117,20121118,20121119,20121120,20121121,20121125,20121130,20121201 
Number is 57 
G.5.3_index_1_VS_G.4.2_index_4 [9] 
20121020,20121021,20121023,20121027,20121028,20121029,20121104,20121106,20121107,20121108,20121110,20121116,20121117,20121118,20121119,20121120,20121121,20121126 
Number is 60 
G.6.1_index_3_VS_G.1.1_index_1 [10] 
20121021,20121022,20121025,20121030,20121031,20121104,20121106,20121107,20121109,20121111,20121112,20121116,20121117,20121118,20121119,20121120,20121121,20121124,20121125,20121129 
G.6.1_index_2_VS_G.1.1_index_1 [11] 
20121023,20121028,20121031,20121101,20121107,20121110,20121111,20121113,20121116,20121117,20121118,20121119,20121120,20121121,20121123,20121124,20121126,20121201 
Number is 65 
G.5.3_index_4_VS_G.3.6_index_2 [12] 
20121021,20121022,20121024,20121026,20121028,20121030,20121101,20121102,20121103,20121107,20121112,20121113,20121114,20121116,20121117,20121118,20121119,20121120,20121121,20121123,20121125,20121126,20121129,20121130,20121201 
Number is 67 
G.6.3_index_1_VS_G.3.1_index_5 [13] PLUS 1 
20121020,20121022,20121025,20121026,20121031,20121103,20121104,20121105,20121110,20121116,20121117,20121118,20121119,20121120,20121121,20121122,20121124,20121125,20121126,20121201 
G.6.1_index_2_VS_G.3.5_index_3 [14] PLUS 1 
20121020,20121023,20121024,20121025,20121026,20121030,20121103,20121105,20121106,20121111,20121113,20121114,20121116,20121117,20121118,20121119,20121120,20121121,20121122,20121125,20121128,20121201 
Number is 69 
G.5.3_index_4_VS_G.4.1_index_2 [15] 
20121021,20121026,20121029,20121102,20121104,20121105,20121107,20121109,20121110,20121111,20121114,20121115,20121116,20121117,20121118,20121119,20121120,20121121,20121123,20121130 
G.6.1_index_2_VS_G.5.5_index_4 [16] 
20121020,20121024,20121025,20121027,20121029,20121030,20121031,20121105,20121107,20121111,20121112,20121113,20121115,20121116,20121117,20121118,20121119,20121120,20121121,20121123,20121127,20121201 
Number is 70 
G.4.4_index_2_VS_G.3.2_index_5 [17] PLUS 1 
20121026,20121027,20121101,20121102,20121104,20121105,20121107,20121109,20121110,20121111,20121115,20121116,20121117,20121118,20121119,20121120,20121121,20121122,20121123,20121125,20121129,20121201 
Number is 72 
G.1.1_index_2_VS_G.2.1_index_1 [18] 
20121021,20121024,20121025,20121026,20121103,20121106,20121109,20121110,20121111,20121113,20121114,20121116,20121117,20121118,20121119,20121120,20121121,20121125,20121126,20121201 
Number is 73 
G.3.3_index_1_VS_G.3.5_index_4 [19] PLUS 1 
20121020,20121024,20121025,20121026,20121027,20121030,20121031,20121104,20121106,20121107,20121108,20121111,20121112,20121114,20121115,20121116,20121117,20121118,20121119,20121120,20121121,20121122,20121125,20121130 
Number is 81 
G.3.5_index_2_VS_G.3.2_index_2 [20] 
20121026,20121027,20121029,20121030,20121031,20121101,20121102,20121103,20121105,20121107,20121112,20121113,20121116,20121117,20121118,20121119,20121120,20121121,20121125,20121128,20121129,20121130,20121201 
Number is 82 
G.1.1_index_4_VS_G.3.4_index_3 [21] 
20121022,20121023,20121024,20121025,20121028,20121031,20121104,20121106,20121107,20121110,20121114,20121116,20121117,20121118,20121119,20121120,20121121,20121127,20121128 
Number is 83 
G.7.1_index_1_VS_G.3.2_index_4 [22] PLUS 1 
20121020,20121021,20121024,20121025,20121027,20121029,20121101,20121103,20121105,20121107,20121108,20121109,20121114,20121116,20121117,20121118,20121119,20121120,20121121,20121122,20121125,20121126,20121201 
Number is 90 
G.3.3_index_2_VS_G.2.1_index_4 [23] 
20121020,20121021,20121022,20121024,20121028,20121029,20121031,20121106,20121107,20121109,20121110,20121112,20121113,20121116,20121117,20121118,20121119,20121120,20121121,20121124,20121128,20121201 
Number is 91 
G.3.3_index_2_VS_G.3.2_index_2 [24] PLUS 1 
20121023,20121024,20121026,20121027,20121028,20121030,20121102,20121106,20121107,20121111,20121112,20121116,20121117,20121118,20121119,20121120,20121121,20121122,20121123,20121126,20121201 
Number is 92 
G.3.3_index_2_VS_G.5.1_index_4 [25] 
20121020,20121023,20121024,20121028,20121029,20121031,20121102,20121105,20121107,20121109,20121110,20121111,20121113,20121114,20121116,20121117,20121118,20121119,20121120,20121121,20121123,20121126 
