======== Current: 20121123 ========= 
Number is 01 
G.3.2_index_2_VS_G.6.1_index_2 [1] 
20121026,20121027,20121028,20121030,20121031,20121103,20121107,20121108,20121112,20121115,20121116,20121117,20121118,20121119,20121120,20121121,20121122,20121126,20121127,20121201 
Number is 07 
G.6.2_index_2_VS_G.3.5_index_1 [2] PLUS 1 
20121024,20121027,20121029,20121030,20121101,20121102,20121106,20121107,20121111,20121115,20121117,20121118,20121119,20121120,20121121,20121122,20121123,20121127,20121128,20121129,20121201 
Number is 09 
G.4.3_index_3_VS_G.3.2_index_5 [3] 
20121023,20121024,20121026,20121027,20121028,20121031,20121101,20121105,20121108,20121109,20121115,20121117,20121118,20121119,20121120,20121121,20121122,20121124,20121127,20121129,20121130,20121201 
Number is 13 
G.6.3_index_1_VS_G.3.1_index_5 [4] 
20121020,20121022,20121025,20121026,20121031,20121103,20121104,20121105,20121110,20121116,20121117,20121118,20121119,20121120,20121121,20121122,20121124,20121125,20121126,20121201 
Number is 18 
G.6.1_index_2_VS_G.3.5_index_3 [5] 
20121020,20121023,20121024,20121025,20121026,20121030,20121103,20121105,20121106,20121111,20121113,20121114,20121116,20121117,20121118,20121119,20121120,20121121,20121122,20121125,20121128,20121201 
Number is 24 
G.3.5_index_2_VS_G.2.1_index_4 [6] 
20121021,20121023,20121024,20121025,20121026,20121031,20121103,20121107,20121108,20121109,20121111,20121112,20121113,20121117,20121118,20121119,20121120,20121121,20121122,20121125,20121126,20121129,20121130 
Number is 27 
G.4.2_index_1_VS_G.3.6_index_4 [7] 
20121021,20121023,20121028,20121029,20121030,20121031,20121101,20121104,20121105,20121107,20121108,20121109,20121111,20121113,20121114,20121117,20121118,20121119,20121120,20121121,20121122,20121127,20121130 
Number is 28 
G.7.1_index_1_VS_G.3.2_index_4 [8] 
20121020,20121021,20121024,20121025,20121027,20121029,20121101,20121103,20121105,20121107,20121108,20121109,20121114,20121116,20121117,20121118,20121119,20121120,20121121,20121122,20121125,20121126,20121201 
Number is 41 
G.1.1_index_1_VS_G.7.3_index_2 [9] PLUS 1 
20121020,20121022,20121023,20121026,20121029,20121106,20121107,20121108,20121113,20121117,20121118,20121119,20121120,20121121,20121122,20121123,20121126,20121128 
Number is 42 
G.3.6_index_5_VS_G.4.2_index_2 [10] 
20121025,20121026,20121030,20121031,20121101,20121103,20121109,20121114,20121115,20121117,20121118,20121119,20121120,20121121,20121122,20121125,20121127,20121201 
Number is 45 
G.3.6_index_1_VS_G.7.4_index_1 [11] PLUS 1 
20121021,20121023,20121024,20121028,20121029,20121030,20121031,20121102,20121103,20121105,20121107,20121109,20121114,20121117,20121118,20121119,20121120,20121121,20121122,20121123,20121124,20121127,20121128,20121130,20121201 
Number is 47 
G.3.6_index_1_VS_G.5.5_index_4 [12] 
20121021,20121022,20121024,20121025,20121027,20121028,20121029,20121031,20121102,20121105,20121106,20121108,20121109,20121111,20121112,20121113,20121115,20121117,20121118,20121119,20121120,20121121,20121122,20121126,20121128,20121201 
Number is 48 
G.5.6_index_4_VS_G.3.5_index_3 [13] 
20121020,20121023,20121026,20121027,20121028,20121030,20121104,20121105,20121107,20121110,20121111,20121116,20121117,20121118,20121119,20121120,20121121,20121122,20121201 
Number is 54 
G.5.2_index_3_VS_G.4.1_index_1 [14] PLUS 1 
20121021,20121022,20121023,20121102,20121103,20121104,20121107,20121112,20121116,20121117,20121118,20121119,20121120,20121121,20121122,20121123,20121124,20121127,20121128,20121130 
Number is 57 
G.5.2_index_3_VS_G.5.3_index_4 [15] 
20121026,20121029,20121102,20121104,20121107,20121110,20121112,20121114,20121115,20121116,20121117,20121118,20121119,20121120,20121121,20121122,20121124,20121130 
Number is 59 
G.3.4_index_4_VS_G.3.2_index_5 [16] PLUS 1 
20121021,20121026,20121028,20121029,20121103,20121111,20121117,20121118,20121119,20121120,20121121,20121122,20121123,20121125,20121126,20121130 
Number is 60 
G.3.3_index_2_VS_G.3.2_index_2 [17] PLUS 1 
20121023,20121024,20121026,20121027,20121028,20121030,20121102,20121106,20121107,20121111,20121112,20121116,20121117,20121118,20121119,20121120,20121121,20121122,20121123,20121126,20121201 
Number is 63 
G.5.4_index_1_VS_G.3.1_index_5 [18] 
20121024,20121028,20121031,20121102,20121105,20121106,20121109,20121110,20121111,20121112,20121114,20121117,20121118,20121119,20121120,20121121,20121122,20121128,20121130,20121201 
Number is 65 
G.3.3_index_1_VS_G.5.2_index_3 [19] 
20121022,20121024,20121027,20121030,20121101,20121102,20121107,20121108,20121114,20121115,20121117,20121118,20121119,20121120,20121121,20121122,20121124,20121125,20121128 
Number is 68 
G.6.1_index_3_VS_G.4.4_index_2 [20] 
20121022,20121023,20121103,20121105,20121107,20121109,20121112,20121114,20121117,20121118,20121119,20121120,20121121,20121122,20121125,20121129,20121130 
G.3.3_index_1_VS_G.3.5_index_4 [21] 
20121020,20121024,20121025,20121026,20121027,20121030,20121031,20121104,20121106,20121107,20121108,20121111,20121112,20121114,20121115,20121116,20121117,20121118,20121119,20121120,20121121,20121122,20121125,20121130 
Number is 70 
G.5.1_index_1_VS_G.3.2_index_2 [22] PLUS 1 
20121022,20121024,20121027,20121029,20121030,20121101,20121102,20121105,20121106,20121107,20121110,20121115,20121117,20121118,20121119,20121120,20121121,20121122,20121123,20121124,20121125,20121126,20121129,20121201 
Number is 73 
G.DB_index_2_VS_G.4.2_index_3 [23] PLUS 1 
20121021,20121022,20121023,20121024,20121027,20121029,20121030,20121031,20121102,20121104,20121108,20121113,20121117,20121118,20121119,20121120,20121121,20121122,20121123,20121124,20121126,20121127,20121128,20121130,20121201 
G.3.5_index_1_VS_G.3.3_index_3 [24] PLUS 1 
20121023,20121025,20121027,20121028,20121029,20121030,20121103,20121104,20121105,20121106,20121108,20121109,20121115,20121117,20121118,20121119,20121120,20121121,20121122,20121123,20121125,20121127,20121128,20121129,20121201 
Number is 74 
G.6.1_index_1_VS_G.1.1_index_1 [25] 
20121021,20121024,20121027,20121029,20121031,20121101,20121106,20121108,20121117,20121118,20121119,20121120,20121121,20121122,20121124,20121126,20121128,20121201 
Number is 77 
G.5.3_index_4_VS_G.6.1_index_1 [26] 
20121021,20121023,20121026,20121030,20121102,20121103,20121105,20121110,20121111,20121112,20121113,20121114,20121115,20121117,20121118,20121119,20121120,20121121,20121122,20121126,20121130 
Number is 88 
G.4.4_index_2_VS_G.3.4_index_2 [27] 
20121022,20121023,20121024,20121026,20121027,20121103,20121105,20121107,20121108,20121112,20121117,20121118,20121119,20121120,20121121,20121122,20121124,20121125,20121128,20121130 
Number is 89 
G.4.4_index_2_VS_G.3.2_index_5 [28] PLUS 1 
20121026,20121027,20121101,20121102,20121104,20121105,20121107,20121109,20121110,20121111,20121115,20121116,20121117,20121118,20121119,20121120,20121121,20121122,20121123,20121125,20121129,20121201 
