======== Current: 20121129 ========= 
Number is 14 
G.5.2_index_4_VS_G.4.4_index_3 [1] PLUS 1 
20121025,20121027,20121030,20121102,20121103,20121110,20121112,20121113,20121115,20121119,20121123,20121124,20121125,20121126,20121127,20121128,20121129,20121130,20121201 
Number is 16 
G.2.2_index_5_VS_G.2.2_index_3 [2] 
20121021,20121022,20121023,20121027,20121028,20121029,20121102,20121103,20121104,20121107,20121108,20121115,20121118,20121119,20121122,20121123,20121124,20121125,20121126,20121127,20121128 
Number is 18 
G.3.6_index_3_VS_G.3.4_index_4 [3] PLUS 1 
20121020,20121021,20121023,20121025,20121026,20121029,20121030,20121101,20121102,20121110,20121111,20121112,20121117,20121119,20121123,20121124,20121125,20121126,20121127,20121128,20121129,20121130 
Number is 23 
G.3.1_index_1_VS_G.3.2_index_1 [4] PLUS 1 
20121023,20121029,20121030,20121103,20121104,20121105,20121109,20121113,20121117,20121119,20121120,20121123,20121124,20121125,20121126,20121127,20121128,20121129 
Number is 52 
G.3.6_index_5_VS_G.7.1_index_2 [5] PLUS 1 
20121021,20121022,20121024,20121027,20121029,20121101,20121103,20121105,20121107,20121110,20121118,20121119,20121122,20121123,20121124,20121125,20121126,20121127,20121128,20121129,20121201 
Number is 53 
G.5.4_index_4_VS_G.1.1_index_2 [6] 
20121021,20121022,20121026,20121101,20121104,20121108,20121111,20121113,20121119,20121120,20121123,20121124,20121125,20121126,20121127,20121128,20121201 
Number is 55 
G.3.3_index_5_VS_G.5.4_index_4 [7] 
20121020,20121021,20121023,20121028,20121031,20121107,20121108,20121113,20121118,20121119,20121123,20121124,20121125,20121126,20121127,20121128,20121201 
Number is 65 
G.2.2_index_3_VS_G.7.4_index_2 [8] PLUS 1 
20121021,20121022,20121023,20121024,20121026,20121027,20121031,20121105,20121107,20121108,20121111,20121115,20121116,20121117,20121118,20121123,20121124,20121125,20121126,20121127,20121128,20121129,20121201 
