======== Current: 20141005 ========= 
Number is 08 
G.3.5_index_1_VS_G.4.1_index_1 [1] PLUS 1 
20140917,20140919,20140920,20140924,20140926,20140929,20140930,20141001,20141002,20141003,20141004,20141005,20141009,20141013,20141015,20141016,20141017,20141018,20141019,20141021,20141025,20141028 
Number is 13 
G.3.4_index_5_VS_G.4.3_index_2 [2] 
20140917,20140918,20140929,20140930,20141001,20141002,20141003,20141004,20141007,20141010,20141013,20141014,20141018,20141020,20141022,20141025,20141031,20141101,20141102 
Number is 21 
G.5.1_index_2_VS_G.3.6_index_2 [3] 
20140915,20140916,20140918,20140922,20140929,20140930,20141001,20141002,20141003,20141004,20141007,20141009,20141013,20141015,20141018,20141019,20141020,20141024,20141025,20141027,20141029,20141030,20141102 
Number is 23 
G.2.2_index_1_VS_G.6.1_index_3 [4] PLUS 1 
20140915,20140918,20140920,20140925,20140929,20140930,20141001,20141002,20141003,20141004,20141005,20141006,20141007,20141010,20141012,20141013,20141016,20141019,20141020,20141022,20141028,20141029,20141030 
Number is 24 
G.6.3_index_1_VS_G.5.2_index_1 [5] 
20140916,20140917,20140918,20140919,20140921,20140922,20140924,20140925,20140926,20140927,20140929,20140930,20141001,20141002,20141003,20141004,20141009,20141011,20141012,20141013,20141015,20141016,20141019,20141021,20141022,20141024,20141025,20141031 
Number is 26 
G.4.2_index_1_VS_G.3.3_index_1 [6] 
20140915,20140922,20140923,20140929,20140930,20141001,20141002,20141003,20141004,20141006,20141007,20141009,20141010,20141013,20141014,20141016,20141017,20141018,20141019,20141020,20141022,20141027,20141028,20141029,20141030,20141101,20141102 
Number is 29 
G.6.1_index_2_VS_G.1.1_index_5 [7] PLUS 1 
20140918,20140921,20140922,20140928,20140929,20140930,20141001,20141002,20141003,20141004,20141005,20141010,20141013,20141016,20141019,20141020,20141024,20141025,20141031,20141101,20141102 
Number is 30 
G.4.3_index_2_VS_G.3.5_index_1 [8] PLUS 1 
20140917,20140918,20140921,20140924,20140925,20140929,20140930,20141001,20141002,20141003,20141004,20141005,20141006,20141007,20141011,20141014,20141020,20141021,20141025,20141026 
Number is 32 
G.6.1_index_3_VS_G.6.3_index_1 [9] PLUS 1 
20140915,20140916,20140917,20140920,20140923,20140924,20140925,20140927,20140929,20140930,20141001,20141002,20141003,20141004,20141005,20141008,20141012,20141013,20141014,20141018,20141021,20141024,20141025,20141026,20141102 
Number is 34 
G.5.4_index_4_VS_G.4.2_index_3 [10] 
20140915,20140916,20140918,20140919,20140921,20140923,20140928,20140929,20140930,20141001,20141002,20141003,20141004,20141007,20141008,20141011,20141013,20141014,20141016,20141020,20141021,20141024,20141026,20141027,20141029,20141031,20141101,20141102 
G.2.1_index_2_VS_G.3.3_index_4 [11] 
20140916,20140921,20140924,20140928,20140929,20140930,20141001,20141002,20141003,20141004,20141010,20141012,20141014,20141015,20141016,20141018,20141019,20141020,20141023,20141024,20141031 
Number is 41 
G.6.2_index_2_VS_G.5.6_index_3 [12] PLUS 1 
20140925,20140926,20140928,20140929,20140930,20141001,20141002,20141003,20141004,20141005,20141006,20141007,20141008,20141009,20141011,20141013,20141014,20141017,20141019,20141030,20141101 
Number is 42 
G.3.5_index_2_VS_G.6.3_index_1 [13] 
20140915,20140918,20140920,20140925,20140927,20140929,20140930,20141001,20141002,20141003,20141004,20141006,20141007,20141008,20141016,20141023,20141024,20141026,20141102 
Number is 48 
G.3.3_index_4_VS_G.3.4_index_3 [14] PLUS 1 
20140916,20140923,20140926,20140927,20140929,20140930,20141001,20141002,20141003,20141004,20141005,20141006,20141008,20141010,20141011,20141012,20141016,20141018,20141019,20141020,20141021,20141024,20141025,20141026,20141028,20141029,20141031 
Number is 49 
G.3.3_index_4_VS_G.1.1_index_5 [15] PLUS 1 
20140916,20140918,20140920,20140921,20140922,20140923,20140924,20140926,20140929,20140930,20141001,20141002,20141003,20141004,20141005,20141010,20141011,20141014,20141015,20141016,20141020,20141023,20141026 
Number is 54 
G.3.1_index_4_VS_G.3.6_index_5 [16] 
20140923,20140926,20140928,20140929,20140930,20141001,20141002,20141003,20141004,20141007,20141010,20141011,20141015,20141017,20141019,20141020,20141022,20141023,20141024,20141025,20141027,20141028,20141030,20141101,20141102 
G.4.3_index_3_VS_G.DB_index_2 [17] 
20140917,20140919,20140920,20140921,20140923,20140924,20140926,20140927,20140929,20140930,20141001,20141002,20141003,20141004,20141006,20141007,20141008,20141009,20141012,20141017,20141022,20141024,20141027,20141030 
Number is 63 
G.6.2_index_1_VS_G.1.1_index_3 [18] PLUS 1 
20140915,20140916,20140919,20140921,20140924,20140925,20140927,20140929,20140930,20141001,20141002,20141003,20141004,20141005,20141009,20141013,20141015,20141019,20141020,20141029,20141031 
Number is 65 
G.6.2_index_1_VS_G.5.3_index_4 [19] PLUS 1 
20140915,20140918,20140922,20140924,20140925,20140929,20140930,20141001,20141002,20141003,20141004,20141005,20141006,20141010,20141011,20141021,20141024,20141025,20141030 
Number is 67 
G.DB_index_4_VS_G.5.6_index_1 [20] 
20140917,20140919,20140925,20140928,20140929,20140930,20141001,20141002,20141003,20141004,20141013,20141017,20141018,20141020,20141021,20141024,20141030,20141101 
Number is 72 
G.6.3_index_2_VS_G.6.1_index_2 [21] PLUS 1 
20140917,20140918,20140919,20140922,20140924,20140925,20140926,20140927,20140929,20140930,20141001,20141002,20141003,20141004,20141005,20141006,20141007,20141011,20141012,20141013,20141019,20141020,20141022,20141023,20141024,20141025,20141028,20141029,20141031,20141101 
Number is 78 
G.5.6_index_1_VS_G.4.1_index_1 [22] 
20140915,20140917,20140919,20140920,20140921,20140922,20140924,20140925,20140926,20140928,20140929,20140930,20141001,20141002,20141003,20141004,20141009,20141011,20141013,20141017,20141018,20141019,20141020,20141024,20141029,20141101 
Number is 80 
G.6.2_index_3_VS_G.3.6_index_4 [23] PLUS 1 
20140915,20140916,20140919,20140920,20140924,20140925,20140926,20140928,20140929,20140930,20141001,20141002,20141003,20141004,20141005,20141006,20141007,20141009,20141010,20141011,20141014,20141024,20141025,20141026,20141027,20141029,20141030,20141031,20141102 
Number is 83 
G.4.1_index_1_VS_G.1.1_index_3 [24] 
20140916,20140919,20140921,20140922,20140923,20140924,20140925,20140927,20140928,20140929,20140930,20141001,20141002,20141003,20141004,20141008,20141009,20141013,20141015,20141016,20141017,20141018,20141019,20141020,20141029,20141101 
Number is 86 
G.6.2_index_3_VS_G.3.2_index_4 [25] 
20140915,20140917,20140918,20140919,20140920,20140923,20140924,20140925,20140927,20140928,20140929,20140930,20141001,20141002,20141003,20141004,20141006,20141007,20141009,20141010,20141011,20141014,20141016,20141019,20141022,20141026,20141027,20141031,20141102 
Number is 88 
G.6.2_index_3_VS_G.4.1_index_1 [26] 
20140916,20140918,20140922,20140924,20140928,20140929,20140930,20141001,20141002,20141003,20141004,20141007,20141008,20141014,20141016,20141017,20141024,20141025,20141026,20141028,20141029,20141031 
Number is 89 
G.4.1_index_1_VS_G.3.2_index_1 [27] 
20140917,20140918,20140922,20140924,20140925,20140928,20140929,20140930,20141001,20141002,20141003,20141004,20141007,20141008,20141012,20141013,20141014,20141015,20141016,20141017,20141019,20141020,20141023,20141025,20141029,20141031,20141101 
Number is 90 
G.1.1_index_4_VS_G.3.6_index_4 [28] 
20140915,20140918,20140920,20140924,20140926,20140929,20140930,20141001,20141002,20141003,20141004,20141008,20141010,20141011,20141013,20141015,20141016,20141017,20141022,20141025,20141028,20141101 
Number is 95 
G.3.3_index_2_VS_G.5.6_index_2 [29] 
20140916,20140918,20140919,20140920,20140921,20140922,20140929,20140930,20141001,20141002,20141003,20141004,20141006,20141009,20141012,20141015,20141018,20141019,20141021,20141023,20141024,20141029,20141030,20141031 
Number is 96 
G.1.1_index_4_VS_G.3.3_index_1 [30] PLUS 1 
20140915,20140919,20140920,20140922,20140926,20140927,20140928,20140929,20140930,20141001,20141002,20141003,20141004,20141005,20141006,20141011,20141012,20141014,20141015,20141016,20141018,20141020,20141021,20141101 
Number is 99 
G.1.1_index_5_VS_G.3.2_index_1 [31] PLUS 1 
20140915,20140917,20140926,20140927,20140929,20140930,20141001,20141002,20141003,20141004,20141005,20141008,20141009,20141012,20141014,20141017,20141020,20141023,20141024,20141026,20141031,20141101 
