======== Current: 20141007 ========= 
Number is 01 
G.7.1_index_1_VS_G.5.4_index_4 [1] 
20140915,20140916,20140918,20140919,20140920,20140922,20140923,20140924,20140925,20140926,20140928,20141001,20141002,20141003,20141004,20141005,20141006,20141010,20141012,20141013,20141016,20141017,20141021,20141023,20141024,20141026,20141029,20141030,20141101 
Number is 04 
G.2.2_index_5_VS_G.5.5_index_1 [2] PLUS 1 
20140920,20140926,20140928,20141001,20141002,20141003,20141004,20141005,20141006,20141007,20141010,20141013,20141014,20141015,20141016,20141017,20141021,20141022,20141026,20141027,20141029,20141030 
Number is 05 
G.6.2_index_3_VS_G.3.6_index_4 [3] PLUS 1 
20140915,20140916,20140919,20140920,20140924,20140925,20140926,20140928,20140929,20140930,20141001,20141002,20141003,20141004,20141005,20141006,20141007,20141009,20141010,20141011,20141014,20141024,20141025,20141026,20141027,20141029,20141030,20141031,20141102 
Number is 06 
G.3.5_index_2_VS_G.5.2_index_3 [4] 
20140915,20140916,20140920,20140922,20140926,20140928,20141001,20141002,20141003,20141004,20141005,20141006,20141008,20141009,20141016,20141017,20141018,20141019,20141026,20141027,20141029,20141030 
Number is 07 
G.6.3_index_2_VS_G.6.1_index_2 [5] PLUS 1 
20140917,20140918,20140919,20140922,20140924,20140925,20140926,20140927,20140929,20140930,20141001,20141002,20141003,20141004,20141005,20141006,20141007,20141011,20141012,20141013,20141019,20141020,20141022,20141023,20141024,20141025,20141028,20141029,20141031,20141101 
Number is 13 
G.6.2_index_2_VS_G.5.6_index_3 [6] PLUS 1 
20140925,20140926,20140928,20140929,20140930,20141001,20141002,20141003,20141004,20141005,20141006,20141007,20141008,20141009,20141011,20141013,20141014,20141017,20141019,20141030,20141101 
Number is 15 
G.4.3_index_2_VS_G.3.5_index_1 [7] PLUS 1 
20140917,20140918,20140921,20140924,20140925,20140929,20140930,20141001,20141002,20141003,20141004,20141005,20141006,20141007,20141011,20141014,20141020,20141021,20141025,20141026 
Number is 20 
G.3.3_index_4_VS_G.2.2_index_5 [8] PLUS 1 
20140916,20140917,20140920,20140921,20140922,20140928,20141001,20141002,20141003,20141004,20141005,20141006,20141007,20141014,20141016,20141022,20141026,20141029,20141030 
Number is 26 
G.3.3_index_4_VS_G.3.4_index_3 [9] 
20140916,20140923,20140926,20140927,20140929,20140930,20141001,20141002,20141003,20141004,20141005,20141006,20141008,20141010,20141011,20141012,20141016,20141018,20141019,20141020,20141021,20141024,20141025,20141026,20141028,20141029,20141031 
Number is 29 
G.3.3_index_4_VS_G.2.2_index_2 [10] PLUS 1 
20140917,20140918,20140919,20140926,20140928,20140930,20141001,20141002,20141003,20141004,20141005,20141006,20141007,20141010,20141012,20141015,20141016,20141023,20141024,20141026,20141029 
Number is 32 
G.3.2_index_5_VS_G.4.3_index_1 [11] 
20140915,20140918,20140919,20140925,20140927,20140929,20141001,20141002,20141003,20141004,20141005,20141006,20141008,20141009,20141010,20141013,20141016,20141017,20141019,20141020,20141021,20141022,20141023,20141024,20141025,20141031 
G.5.6_index_4_VS_G.3.3_index_4 [12] 
20140919,20140920,20140921,20140925,20140926,20140928,20141001,20141002,20141003,20141004,20141005,20141006,20141010,20141013,20141014,20141016,20141020,20141021,20141025,20141026,20141027,20141029,20141030,20141101 
Number is 33 
G.4.3_index_4_VS_G.3.5_index_5 [13] 
20140916,20140917,20140918,20140920,20140921,20140922,20140923,20140926,20140927,20140928,20140929,20141001,20141002,20141003,20141004,20141005,20141006,20141008,20141009,20141010,20141013,20141017,20141022,20141026,20141027,20141028,20141029,20141030,20141031,20141101,20141102 
Number is 34 
G.4.4_index_3_VS_G.5.5_index_1 [14] PLUS 1 
20140915,20140916,20140918,20140924,20140928,20140930,20141001,20141002,20141003,20141004,20141005,20141006,20141007,20141008,20141012,20141014,20141016,20141021,20141022,20141025,20141026,20141029,20141102 
Number is 35 
G.1.1_index_4_VS_G.3.3_index_1 [15] 
20140915,20140919,20140920,20140922,20140926,20140927,20140928,20140929,20140930,20141001,20141002,20141003,20141004,20141005,20141006,20141011,20141012,20141014,20141015,20141016,20141018,20141020,20141021,20141101 
Number is 37 
G.4.1_index_1_VS_G.2.1_index_3 [16] PLUS 1 
20140916,20140917,20140920,20140922,20140923,20140924,20140925,20140928,20140930,20141001,20141002,20141003,20141004,20141005,20141006,20141007,20141009,20141014,20141015,20141017,20141023,20141025,20141026,20141029,20141101 
Number is 40 
G.4.1_index_2_VS_G.3.5_index_2 [17] PLUS 1 
20140918,20140921,20140922,20140930,20141001,20141002,20141003,20141004,20141005,20141006,20141007,20141008,20141009,20141011,20141014,20141015,20141017,20141024,20141027,20141101 
G.3.3_index_5_VS_G.2.2_index_5 [18] PLUS 1 
20140915,20140916,20140918,20140920,20140921,20140925,20140926,20140927,20140928,20141001,20141002,20141003,20141004,20141005,20141006,20141007,20141008,20141009,20141010,20141011,20141012,20141015,20141017,20141019,20141020,20141022,20141025,20141026,20141030 
Number is 44 
G.6.2_index_1_VS_G.5.5_index_1 [19] PLUS 1 
20140915,20140917,20140919,20140924,20140927,20140928,20140929,20141001,20141002,20141003,20141004,20141005,20141006,20141007,20141009,20141013,20141014,20141016,20141021,20141024,20141026,20141027,20141029,20141030 
Number is 48 
G.6.2_index_1_VS_G.5.3_index_4 [20] 
20140915,20140918,20140922,20140924,20140925,20140929,20140930,20141001,20141002,20141003,20141004,20141005,20141006,20141010,20141011,20141021,20141024,20141025,20141030 
Number is 53 
G.2.1_index_2_VS_G.DB_index_4 [21] 
20140917,20140919,20140920,20140922,20140923,20140925,20140926,20140929,20141001,20141002,20141003,20141004,20141005,20141006,20141008,20141012,20141013,20141014,20141015,20141016,20141019,20141024,20141025,20141030 
G.3.6_index_5_VS_G.5.6_index_3 [22] 
20140923,20140925,20140927,20140930,20141001,20141002,20141003,20141004,20141005,20141006,20141008,20141013,20141014,20141015,20141017,20141018,20141020,20141024,20141025,20141027,20141028,20141030 
Number is 56 
G.2.1_index_2_VS_G.4.1_index_3 [23] 
20140916,20140917,20140918,20140920,20140921,20140922,20140928,20140929,20141001,20141002,20141003,20141004,20141005,20141006,20141012,20141017,20141020,20141021,20141024,20141025,20141026,20141028 
Number is 59 
G.3.6_index_4_VS_G.5.4_index_1 [24] PLUS 1 
20140915,20140917,20140923,20140924,20140926,20140927,20140929,20141001,20141002,20141003,20141004,20141005,20141006,20141007,20141008,20141009,20141011,20141014,20141015,20141017,20141025,20141029,20141030,20141031,20141101 
G.2.2_index_1_VS_G.6.1_index_3 [25] PLUS 1 
20140915,20140918,20140920,20140925,20140929,20140930,20141001,20141002,20141003,20141004,20141005,20141006,20141007,20141010,20141012,20141013,20141016,20141019,20141020,20141022,20141028,20141029,20141030 
Number is 77 
G.3.1_index_3_VS_G.3.3_index_2 [26] 
20140916,20140918,20140920,20140926,20140927,20140928,20141001,20141002,20141003,20141004,20141005,20141006,20141009,20141010,20141011,20141012,20141014,20141021,20141023,20141024,20141029 
Number is 85 
G.3.4_index_4_VS_G.3.5_index_1 [27] 
20140915,20140916,20140918,20140919,20140920,20140921,20140925,20140926,20140927,20140928,20141001,20141002,20141003,20141004,20141005,20141006,20141010,20141012,20141013,20141015,20141016,20141018,20141021,20141022,20141024,20141026,20141027,20141029,20141102 
Number is 90 
G.6.1_index_3_VS_G.2.1_index_5 [28] PLUS 1 
20140916,20140920,20140922,20140923,20140924,20140926,20140930,20141001,20141002,20141003,20141004,20141005,20141006,20141007,20141008,20141017,20141018,20141019,20141020,20141024,20141025,20141029,20141030,20141101 
