======== Current: 20141010 ========= 
Number is 07 
G.3.6_index_4_VS_G.5.4_index_1 [1] 
20140915,20140917,20140923,20140924,20140926,20140927,20140929,20141001,20141002,20141003,20141004,20141005,20141006,20141007,20141008,20141009,20141011,20141014,20141015,20141017,20141025,20141029,20141030,20141031,20141101 
Number is 09 
G.3.2_index_5_VS_G.5.3_index_1 [2] PLUS 1 
20140921,20140923,20140925,20140926,20140927,20140928,20141004,20141005,20141006,20141007,20141008,20141009,20141010,20141013,20141014,20141017,20141019,20141020,20141021,20141022,20141023,20141027,20141028,20141029,20141030,20141031,20141102 
Number is 11 
G.4.4_index_2_VS_G.3.5_index_2 [3] PLUS 1 
20140915,20140916,20140917,20140918,20140919,20140922,20140923,20140926,20140927,20140929,20141004,20141005,20141006,20141007,20141008,20141009,20141010,20141011,20141014,20141022,20141024,20141027,20141029 
G.7.1_index_2_VS_G.DB_index_2 [4] PLUS 1 
20140915,20140917,20140918,20140919,20140920,20140922,20140923,20140927,20141002,20141004,20141005,20141006,20141007,20141008,20141009,20141010,20141012,20141014,20141016,20141017,20141018,20141019,20141020,20141022,20141023,20141024,20141029,20141030,20141031,20141101 
Number is 13 
G.6.2_index_2_VS_G.4.4_index_4 [5] 
20140922,20140923,20140924,20140926,20140927,20140928,20140929,20140930,20141004,20141005,20141006,20141007,20141008,20141009,20141014,20141015,20141017,20141018,20141021,20141022,20141025,20141027,20141028,20141029,20141030,20141102 
G.4.4_index_2_VS_G.DB_index_5 [6] 
20140916,20140918,20140919,20140920,20140921,20140923,20140924,20140926,20140928,20140929,20141004,20141005,20141006,20141007,20141008,20141009,20141011,20141012,20141013,20141014,20141018,20141022,20141023,20141025,20141027,20141028,20141102 
Number is 14 
G.7.1_index_2_VS_G.6.1_index_3 [7] 
20140917,20140919,20140920,20140922,20140923,20140925,20140929,20141002,20141004,20141005,20141006,20141007,20141008,20141009,20141015,20141019,20141020,20141021,20141024,20141025,20141026,20141030,20141031 
Number is 17 
G.6.2_index_2_VS_G.5.6_index_3 [8] 
20140925,20140926,20140928,20140929,20140930,20141001,20141002,20141003,20141004,20141005,20141006,20141007,20141008,20141009,20141011,20141013,20141014,20141017,20141019,20141030,20141101 
Number is 24 
G.3.1_index_3_VS_G.4.1_index_1 [9] 
20140915,20140916,20140919,20140922,20140924,20140925,20140927,20140930,20141001,20141003,20141004,20141005,20141006,20141007,20141008,20141009,20141012,20141015,20141017,20141019,20141020,20141021,20141024,20141028,20141101 
Number is 27 
G.3.6_index_2_VS_G.6.3_index_2 [10] 
20140918,20140919,20140920,20140921,20140924,20140925,20141001,20141004,20141005,20141006,20141007,20141008,20141009,20141011,20141014,20141016,20141022,20141023,20141027,20141028,20141030,20141102 
Number is 31 
G.5.4_index_4_VS_G.4.4_index_2 [11] 
20140916,20140917,20140919,20140920,20140922,20140925,20140930,20141002,20141003,20141004,20141005,20141006,20141007,20141008,20141009,20141013,20141017,20141021,20141024,20141025,20141026,20141027,20141028,20141101,20141102 
Number is 32 
G.7.4_index_2_VS_G.5.6_index_4 [12] PLUS 1 
20140916,20140920,20140922,20140926,20140928,20141002,20141004,20141005,20141006,20141007,20141008,20141009,20141010,20141011,20141013,20141014,20141016,20141018,20141023,20141024,20141025,20141101 
Number is 33 
G.5.2_index_2_VS_G.4.1_index_3 [13] 
20140916,20140917,20140919,20140922,20140925,20141002,20141003,20141004,20141005,20141006,20141007,20141008,20141009,20141011,20141012,20141013,20141014,20141015,20141016,20141017,20141020,20141023,20141025,20141026,20141027,20141030,20141031,20141101,20141102 
Number is 35 
G.DB_index_5_VS_G.3.6_index_1 [14] 
20140915,20140919,20140920,20140921,20140926,20140930,20141001,20141002,20141004,20141005,20141006,20141007,20141008,20141009,20141013,20141014,20141018,20141019,20141020,20141021,20141022,20141024,20141027,20141029,20141031,20141102 
Number is 41 
G.6.1_index_3_VS_G.4.4_index_2 [15] 
20140915,20140917,20140918,20140919,20140922,20140925,20140926,20140927,20140929,20140930,20141003,20141004,20141005,20141006,20141007,20141008,20141009,20141011,20141014,20141017,20141020,20141022,20141023,20141024,20141026,20141029,20141031 
Number is 43 
G.DB_index_3_VS_G.4.3_index_1 [16] 
20140917,20140919,20140920,20140922,20140924,20140925,20140929,20141001,20141004,20141005,20141006,20141007,20141008,20141009,20141012,20141014,20141016,20141019,20141021,20141022,20141023,20141024,20141101 
Number is 46 
G.7.3_index_2_VS_G.3.3_index_2 [17] 
20140917,20140918,20140920,20140922,20140924,20140925,20140927,20140929,20140930,20141001,20141003,20141004,20141005,20141006,20141007,20141008,20141009,20141014,20141016,20141019,20141020,20141023,20141026,20141029 
Number is 47 
G.5.2_index_4_VS_G.5.4_index_1 [18] 
20140918,20140920,20140923,20140927,20141001,20141002,20141004,20141005,20141006,20141007,20141008,20141009,20141011,20141013,20141015,20141018,20141023,20141025,20141029,20141031,20141101 
Number is 49 
G.4.1_index_1_VS_G.5.3_index_1 [19] PLUS 1 
20140917,20140918,20140919,20140922,20140923,20140924,20140930,20141001,20141002,20141004,20141005,20141006,20141007,20141008,20141009,20141010,20141011,20141012,20141013,20141015,20141018,20141021,20141023,20141028,20141029,20141031,20141101 
Number is 52 
G.3.2_index_4_VS_G.2.2_index_3 [20] 
20140918,20140922,20140923,20140926,20140927,20140928,20140930,20141002,20141004,20141005,20141006,20141007,20141008,20141009,20141012,20141013,20141014,20141018,20141019,20141020,20141021,20141022,20141023,20141025,20141026,20141028,20141030,20141101,20141102 
Number is 54 
G.3.3_index_5_VS_G.2.2_index_5 [21] PLUS 1 
20140915,20140916,20140918,20140920,20140921,20140925,20140926,20140927,20140928,20141001,20141002,20141003,20141004,20141005,20141006,20141007,20141008,20141009,20141010,20141011,20141012,20141015,20141017,20141019,20141020,20141022,20141025,20141026,20141030 
Number is 58 
G.5.5_index_1_VS_G.3.5_index_3 [22] 
20140915,20140916,20140921,20140924,20140928,20141002,20141004,20141005,20141006,20141007,20141008,20141009,20141013,20141017,20141019,20141023,20141024,20141026,20141101,20141102 
Number is 61 
G.4.1_index_2_VS_G.3.5_index_2 [23] 
20140918,20140921,20140922,20140930,20141001,20141002,20141003,20141004,20141005,20141006,20141007,20141008,20141009,20141011,20141014,20141015,20141017,20141024,20141027,20141101 
Number is 74 
G.5.4_index_1_VS_G.5.1_index_3 [24] 
20140918,20140919,20140921,20140924,20140927,20140928,20140929,20141001,20141004,20141005,20141006,20141007,20141008,20141009,20141011,20141015,20141017,20141021,20141023,20141025,20141027,20141029,20141101 
G.5.4_index_3_VS_G.4.2_index_1 [25] 
20140915,20140919,20140921,20140922,20140926,20140927,20140930,20141001,20141004,20141005,20141006,20141007,20141008,20141009,20141011,20141012,20141013,20141015,20141016,20141017,20141020,20141021,20141025,20141026,20141102 
Number is 80 
G.3.1_index_1_VS_G.3.2_index_5 [26] 
20140917,20140918,20140921,20140923,20140929,20141001,20141003,20141004,20141005,20141006,20141007,20141008,20141009,20141012,20141019,20141022,20141023,20141026,20141027,20141029,20141030,20141102 
Number is 81 
G.3.1_index_1_VS_G.7.1_index_2 [27] PLUS 1 
20140918,20140919,20140921,20140923,20140925,20140927,20140928,20141004,20141005,20141006,20141007,20141008,20141009,20141010,20141012,20141013,20141016,20141017,20141019,20141020,20141024,20141030,20141031,20141101 
Number is 83 
G.3.5_index_3_VS_G.7.4_index_2 [28] 
20140915,20140918,20140919,20140921,20140923,20140926,20140928,20141004,20141005,20141006,20141007,20141008,20141009,20141012,20141015,20141017,20141019,20141022,20141023,20141024,20141025 
Number is 90 
G.3.1_index_4_VS_G.3.6_index_4 [29] PLUS 1 
20140916,20140917,20140918,20140919,20140923,20140927,20141002,20141003,20141004,20141005,20141006,20141007,20141008,20141009,20141010,20141012,20141013,20141014,20141015,20141016,20141017,20141018,20141024,20141025,20141026,20141102 
