======== Current: 20141011 ========= 
Number is 00 
G.3.1_index_4_VS_G.3.6_index_4 [1] 
20140916,20140917,20140918,20140919,20140923,20140927,20141002,20141003,20141004,20141005,20141006,20141007,20141008,20141009,20141010,20141012,20141013,20141014,20141015,20141016,20141017,20141018,20141024,20141025,20141026,20141102 
Number is 04 
G.4.4_index_2_VS_G.3.5_index_2 [2] PLUS 1 
20140915,20140916,20140917,20140918,20140919,20140922,20140923,20140926,20140927,20140929,20141004,20141005,20141006,20141007,20141008,20141009,20141010,20141011,20141014,20141022,20141024,20141027,20141029 
Number is 13 
G.4.1_index_1_VS_G.5.3_index_1 [3] PLUS 1 
20140917,20140918,20140919,20140922,20140923,20140924,20140930,20141001,20141002,20141004,20141005,20141006,20141007,20141008,20141009,20141010,20141011,20141012,20141013,20141015,20141018,20141021,20141023,20141028,20141029,20141031,20141101 
G.7.4_index_2_VS_G.5.6_index_4 [4] PLUS 1 
20140916,20140920,20140922,20140926,20140928,20141002,20141004,20141005,20141006,20141007,20141008,20141009,20141010,20141011,20141013,20141014,20141016,20141018,20141023,20141024,20141025,20141101 
Number is 15 
G.3.1_index_1_VS_G.7.1_index_2 [5] 
20140918,20140919,20140921,20140923,20140925,20140927,20140928,20141004,20141005,20141006,20141007,20141008,20141009,20141010,20141012,20141013,20141016,20141017,20141019,20141020,20141024,20141030,20141031,20141101 
Number is 25 
G.6.2_index_3_VS_G.2.1_index_3 [6] PLUS 1 
20140915,20140916,20140920,20140923,20140926,20140929,20141003,20141005,20141006,20141007,20141008,20141009,20141010,20141011,20141012,20141016,20141021,20141026,20141027,20141028,20141029,20141031,20141102 
Number is 49 
G.3.5_index_2_VS_G.5.3_index_3 [7] 
20140915,20140916,20140919,20140920,20140922,20140923,20140926,20141002,20141003,20141005,20141006,20141007,20141008,20141009,20141010,20141012,20141014,20141015,20141016,20141017,20141021,20141026,20141030 
Number is 53 
G.3.2_index_5_VS_G.5.3_index_1 [8] 
20140921,20140923,20140925,20140926,20140927,20140928,20141004,20141005,20141006,20141007,20141008,20141009,20141010,20141013,20141014,20141017,20141019,20141020,20141021,20141022,20141023,20141027,20141028,20141029,20141030,20141031,20141102 
Number is 55 
G.7.1_index_2_VS_G.2.2_index_2 [9] 
20140915,20140916,20140919,20140922,20140924,20140925,20140929,20140930,20141005,20141006,20141007,20141008,20141009,20141010,20141012,20141014,20141016,20141018,20141021,20141024,20141030 
Number is 57 
G.7.1_index_2_VS_G.4.2_index_3 [10] 
20140917,20140921,20140923,20140925,20140927,20141001,20141005,20141006,20141007,20141008,20141009,20141010,20141015,20141018,20141019,20141022,20141027,20141029,20141030 
G.7.1_index_2_VS_G.DB_index_2 [11] 
20140915,20140917,20140918,20140919,20140920,20140922,20140923,20140927,20141002,20141004,20141005,20141006,20141007,20141008,20141009,20141010,20141012,20141014,20141016,20141017,20141018,20141019,20141020,20141022,20141023,20141024,20141029,20141030,20141031,20141101 
Number is 60 
G.3.3_index_5_VS_G.2.2_index_5 [12] PLUS 1 
20140915,20140916,20140918,20140920,20140921,20140925,20140926,20140927,20140928,20141001,20141002,20141003,20141004,20141005,20141006,20141007,20141008,20141009,20141010,20141011,20141012,20141015,20141017,20141019,20141020,20141022,20141025,20141026,20141030 
Number is 81 
G.6.2_index_2_VS_G.3.5_index_1 [13] 
20140920,20140924,20140926,20140927,20140928,20141001,20141002,20141003,20141005,20141006,20141007,20141008,20141009,20141010,20141012,20141013,20141015,20141018,20141020,20141028,20141029,20141030,20141031 
