======== Current: 20141015 ========= 
Number is 02 
G.5.5_index_1_VS_G.3.2_index_1 [1] 
20140915,20140917,20140918,20140919,20140924,20140928,20140930,20141003,20141005,20141006,20141009,20141010,20141011,20141012,20141013,20141014,20141017,20141018,20141020,20141024,20141026,20141031,20141101 
Number is 03 
G.5.5_index_1_VS_G.6.2_index_3 [2] PLUS 1 
20140916,20140917,20140918,20140919,20140921,20140922,20140924,20140925,20140926,20140928,20141001,20141006,20141007,20141009,20141010,20141011,20141012,20141013,20141014,20141015,20141026,20141029,20141031,20141102 
G.6.2_index_2_VS_G.5.5_index_4 [3] PLUS 1 
20140928,20141002,20141003,20141004,20141005,20141009,20141010,20141011,20141012,20141013,20141014,20141015,20141016,20141019,20141021,20141022,20141026,20141029,20141030,20141102 
Number is 14 
G.5.1_index_3_VS_G.3.2_index_3 [4] PLUS 1 
20140916,20140919,20140921,20140924,20140927,20140928,20140929,20141002,20141003,20141004,20141007,20141009,20141010,20141011,20141012,20141013,20141014,20141015,20141016,20141017,20141018,20141020,20141021,20141022,20141024,20141027,20141029,20141031,20141101 
G.2.2_index_3_VS_G.7.4_index_1 [5] PLUS 1 
20140915,20140916,20140918,20140921,20140924,20141002,20141004,20141008,20141009,20141010,20141011,20141012,20141013,20141014,20141015,20141018,20141019,20141021,20141022,20141023,20141028,20141029,20141101 
Number is 27 
G.3.4_index_3_VS_G.4.1_index_3 [6] 
20140918,20140923,20140926,20141004,20141005,20141009,20141010,20141011,20141012,20141013,20141014,20141016,20141020,20141023,20141024,20141028,20141102 
Number is 31 
G.1.1_index_5_VS_G.6.2_index_1 [7] 
20140915,20140917,20140918,20140919,20140920,20140922,20140923,20140924,20140928,20141002,20141003,20141005,20141009,20141010,20141011,20141012,20141013,20141014,20141016,20141019,20141021,20141024,20141026,20141028,20141029,20141030,20141031,20141102 
Number is 32 
G.5.5_index_3_VS_G.3.6_index_2 [8] 
20140915,20140918,20140919,20140920,20140923,20140925,20140930,20141006,20141009,20141010,20141011,20141012,20141013,20141014,20141020,20141021,20141022,20141028,20141029,20141030 
G.3.3_index_2_VS_G.5.1_index_4 [9] 
20140925,20140928,20141001,20141002,20141003,20141004,20141005,20141007,20141008,20141009,20141010,20141011,20141012,20141013,20141014,20141017,20141020,20141021,20141022,20141023,20141026,20141030,20141102 
Number is 36 
G.5.5_index_4_VS_G.5.2_index_2 [10] PLUS 1 
20140915,20140916,20140917,20140922,20140929,20141005,20141008,20141009,20141010,20141011,20141012,20141013,20141014,20141015,20141016,20141018,20141019,20141023,20141025,20141026,20141027,20141101,20141102 
Number is 38 
G.6.2_index_3_VS_G.2.1_index_2 [11] 
20140916,20140918,20140919,20140920,20140921,20140922,20140924,20140928,20140929,20141002,20141007,20141009,20141010,20141011,20141012,20141013,20141014,20141016,20141017,20141018,20141021,20141023,20141024,20141027,20141028 
Number is 42 
G.7.4_index_1_VS_G.3.1_index_4 [12] PLUS 1 
20140917,20140919,20140921,20140922,20140923,20140924,20141006,20141009,20141010,20141011,20141012,20141013,20141014,20141015,20141018,20141019,20141021,20141023,20141025,20141028,20141031,20141102 
Number is 45 
G.3.6_index_1_VS_G.6.3_index_3 [13] PLUS 1 
20140918,20140920,20140922,20140923,20140924,20140925,20140926,20140929,20141001,20141005,20141007,20141009,20141010,20141011,20141012,20141013,20141014,20141015,20141017,20141018,20141020,20141022,20141024,20141025,20141027,20141029,20141030,20141101 
Number is 52 
G.5.6_index_4_VS_G.3.4_index_3 [14] PLUS 1 
20140919,20141001,20141004,20141005,20141009,20141010,20141011,20141012,20141013,20141014,20141015,20141018,20141019,20141020,20141023,20141028,20141029 
Number is 56 
G.4.1_index_1_VS_G.2.2_index_5 [15] 
20140919,20140920,20140922,20140928,20140930,20141002,20141004,20141005,20141007,20141009,20141010,20141011,20141012,20141013,20141014,20141019,20141020,20141024,20141025,20141027,20141028,20141030 
Number is 61 
G.3.2_index_2_VS_G.6.2_index_1 [16] PLUS 1 
20140918,20140919,20140920,20140924,20140925,20140928,20140930,20141002,20141003,20141006,20141009,20141010,20141011,20141012,20141013,20141014,20141015,20141016,20141024,20141025,20141026,20141028,20141030 
Number is 66 
G.3.2_index_5_VS_G.5.2_index_2 [17] 
20140917,20140918,20140922,20140925,20140927,20140929,20140930,20141001,20141002,20141003,20141007,20141008,20141009,20141010,20141011,20141012,20141013,20141014,20141016,20141018,20141019,20141021,20141022,20141023,20141024,20141025,20141031,20141102 
