======== Current: 20141017 ========= 
Number is 00 
G.5.1_index_3_VS_G.4.1_index_3 [1] PLUS 1 
20140919,20140921,20140922,20140923,20140926,20140927,20140929,20141003,20141007,20141008,20141011,20141012,20141013,20141014,20141015,20141016,20141017,20141019,20141021,20141022,20141023,20141024,20141025,20141026,20141027,20141028,20141101,20141102 
Number is 02 
G.5.1_index_3_VS_G.3.2_index_3 [2] PLUS 1 
20140916,20140919,20140921,20140924,20140927,20140928,20140929,20141002,20141003,20141004,20141007,20141009,20141010,20141011,20141012,20141013,20141014,20141015,20141016,20141017,20141018,20141020,20141021,20141022,20141024,20141027,20141029,20141031,20141101 
Number is 08 
G.5.1_index_3_VS_G.3.2_index_5 [3] 
20140916,20140921,20140922,20140929,20141007,20141008,20141009,20141011,20141012,20141013,20141014,20141015,20141016,20141025,20141026,20141027 
Number is 12 
G.3.3_index_4_VS_G.7.3_index_2 [4] 
20140915,20140918,20140919,20140921,20140922,20140926,20140927,20140928,20141003,20141011,20141012,20141013,20141014,20141015,20141016,20141019,20141023,20141024,20141027,20141028,20141030,20141101,20141102 
Number is 13 
G.2.1_index_5_VS_G.3.2_index_2 [5] PLUS 1 
20140923,20140924,20140927,20140930,20141007,20141009,20141011,20141012,20141013,20141014,20141015,20141016,20141017,20141019,20141020,20141022,20141025,20141027,20141028,20141030,20141031 
Number is 14 
G.5.6_index_3_VS_G.5.3_index_4 [6] 
20140918,20140924,20140926,20140929,20141002,20141003,20141004,20141007,20141011,20141012,20141013,20141014,20141015,20141016,20141018,20141020,20141022,20141029,20141102 
Number is 15 
G.2.1_index_5_VS_G.3.5_index_5 [7] 
20140916,20140917,20140918,20140923,20140926,20140930,20141001,20141002,20141006,20141007,20141008,20141011,20141012,20141013,20141014,20141015,20141016,20141018,20141022,20141025,20141101,20141102 
G.2.2_index_5_VS_G.5.5_index_3 [8] 
20140915,20140916,20140918,20140923,20140925,20140926,20140928,20140929,20140930,20141006,20141007,20141011,20141012,20141013,20141014,20141015,20141016,20141019,20141021,20141022,20141023,20141024,20141026,20141027,20141029,20141030,20141102 
Number is 16 
G.5.6_index_3_VS_G.DB_index_3 [9] PLUS 1 
20140916,20140917,20140919,20140920,20140925,20140927,20140928,20141002,20141007,20141011,20141012,20141013,20141014,20141015,20141016,20141017,20141020,20141022,20141025,20141030,20141102 
Number is 17 
G.5.6_index_3_VS_G.7.2_index_2 [10] 
20140918,20140921,20140927,20140928,20140929,20141007,20141008,20141011,20141012,20141013,20141014,20141015,20141016,20141020,20141022,20141023 
Number is 18 
G.5.6_index_3_VS_G.7.3_index_1 [11] PLUS 1 
20140918,20140919,20140921,20140923,20140924,20140925,20140927,20141001,20141003,20141004,20141006,20141007,20141008,20141011,20141012,20141013,20141014,20141015,20141016,20141017,20141021 
Number is 19 
G.3.5_index_4_VS_G.5.3_index_2 [12] 
20140915,20140916,20140918,20140921,20140922,20140924,20140928,20141001,20141005,20141008,20141009,20141011,20141012,20141013,20141014,20141015,20141016,20141021,20141025,20141027,20141029 
Number is 21 
G.5.6_index_2_VS_G.3.4_index_3 [13] 
20140915,20140917,20140923,20140926,20140928,20140929,20140930,20141001,20141002,20141004,20141005,20141006,20141010,20141011,20141012,20141013,20141014,20141015,20141016,20141018,20141019,20141021,20141025,20141028 
G.4.4_index_3_VS_G.3.3_index_4 [14] 
20140915,20140918,20140921,20140922,20140923,20140926,20140928,20140929,20140930,20141001,20141003,20141010,20141011,20141012,20141013,20141014,20141015,20141016,20141023,20141025,20141026,20141027,20141029,20141102 
G.3.2_index_3_VS_G.4.4_index_4 [15] 
20140915,20140916,20140917,20140921,20140922,20140923,20140926,20140928,20140929,20141001,20141002,20141004,20141006,20141009,20141011,20141012,20141013,20141014,20141015,20141016,20141020,20141021,20141022,20141023,20141024,20141027,20141029,20141031 
Number is 27 
G.2.1_index_2_VS_G.5.2_index_2 [16] 
20140915,20140919,20140920,20140924,20140926,20140929,20141004,20141005,20141006,20141008,20141011,20141012,20141013,20141014,20141015,20141016,20141018,20141022,20141023,20141024,20141026,20141028 
G.5.5_index_4_VS_G.5.2_index_2 [17] 
20140915,20140916,20140917,20140922,20140929,20141005,20141008,20141009,20141010,20141011,20141012,20141013,20141014,20141015,20141016,20141018,20141019,20141023,20141025,20141026,20141027,20141101,20141102 
Number is 35 
G.3.2_index_2_VS_G.2.2_index_2 [18] PLUS 1 
20140917,20140922,20140924,20140926,20140928,20140930,20141001,20141003,20141006,20141007,20141011,20141012,20141013,20141014,20141015,20141016,20141017,20141018,20141019,20141020,20141021,20141024,20141028,20141102 
Number is 37 
G.3.2_index_2_VS_G.6.2_index_1 [19] 
20140918,20140919,20140920,20140924,20140925,20140928,20140930,20141002,20141003,20141006,20141009,20141010,20141011,20141012,20141013,20141014,20141015,20141016,20141024,20141025,20141026,20141028,20141030 
Number is 38 
G.3.2_index_2_VS_G.4.1_index_2 [20] 
20140917,20140919,20140923,20140924,20140925,20140927,20141002,20141004,20141008,20141010,20141011,20141012,20141013,20141014,20141015,20141016,20141018,20141019,20141021,20141025,20141028 
Number is 39 
G.3.2_index_4_VS_G.6.3_index_1 [21] 
20140915,20140917,20140918,20140919,20140920,20140922,20140923,20140927,20140928,20141003,20141004,20141006,20141008,20141011,20141012,20141013,20141014,20141015,20141016,20141019,20141021,20141022,20141029,20141030,20141031 
Number is 41 
G.3.1_index_2_VS_G.4.4_index_4 [22] 
20140915,20140917,20140921,20140924,20140929,20140930,20141002,20141004,20141007,20141008,20141011,20141012,20141013,20141014,20141015,20141016,20141019,20141021,20141024,20141026,20141027,20141029,20141101,20141102 
Number is 59 
G.2.2_index_2_VS_G.5.3_index_2 [23] 
20140916,20140921,20140922,20140924,20140926,20140930,20141002,20141005,20141006,20141007,20141008,20141011,20141012,20141013,20141014,20141015,20141016,20141019,20141029,20141030,20141031 
Number is 61 
G.5.2_index_3_VS_G.5.3_index_1 [24] PLUS 1 
20140915,20140916,20140918,20140921,20140922,20140924,20140925,20140926,20140927,20140928,20141002,20141003,20141005,20141011,20141012,20141013,20141014,20141015,20141016,20141017,20141019,20141022,20141023,20141025,20141029,20141030,20141101 
Number is 66 
G.4.1_index_4_VS_G.DB_index_3 [25] PLUS 1 
20140917,20140920,20140926,20140928,20140929,20141001,20141002,20141007,20141010,20141011,20141012,20141013,20141014,20141015,20141016,20141017,20141018,20141020,20141022,20141023,20141026,20141028,20141030,20141101,20141102 
Number is 70 
G.5.2_index_2_VS_G.4.1_index_3 [26] PLUS 1 
20140916,20140917,20140919,20140922,20140925,20141002,20141003,20141004,20141005,20141006,20141007,20141008,20141009,20141011,20141012,20141013,20141014,20141015,20141016,20141017,20141020,20141023,20141025,20141026,20141027,20141030,20141031,20141101,20141102 
Number is 78 
G.5.2_index_4_VS_G.3.2_index_1 [27] 
20140919,20140920,20140921,20140922,20140925,20140928,20141002,20141005,20141006,20141009,20141011,20141012,20141013,20141014,20141015,20141016,20141019,20141020,20141024,20141026,20141028,20141031,20141101 
Number is 79 
G.3.4_index_5_VS_G.7.2_index_1 [28] PLUS 1 
20140915,20140916,20140917,20140922,20140926,20140927,20140929,20140930,20141001,20141002,20141006,20141007,20141008,20141011,20141012,20141013,20141014,20141015,20141016,20141017,20141019,20141021,20141023,20141024,20141025,20141026 
Number is 81 
G.3.6_index_5_VS_G.5.3_index_1 [29] PLUS 1 
20140915,20140916,20140917,20140919,20140924,20140925,20140926,20140930,20141001,20141002,20141003,20141010,20141011,20141012,20141013,20141014,20141015,20141016,20141017,20141021,20141022,20141025,20141029,20141031 
Number is 82 
G.6.2_index_2_VS_G.5.5_index_4 [30] 
20140928,20141002,20141003,20141004,20141005,20141009,20141010,20141011,20141012,20141013,20141014,20141015,20141016,20141019,20141021,20141022,20141026,20141029,20141030,20141102 
Number is 85 
G.3.2_index_1_VS_G.5.4_index_4 [31] PLUS 1 
20140923,20140928,20141002,20141005,20141008,20141011,20141012,20141013,20141014,20141015,20141016,20141017,20141023,20141026,20141027,20141029,20141031 
Number is 89 
G.1.1_index_1_VS_G.7.2_index_1 [32] 
20140915,20140918,20140919,20140921,20140922,20140927,20141008,20141011,20141012,20141013,20141014,20141015,20141016,20141019,20141022,20141102 
G.3.4_index_2_VS_G.5.3_index_2 [33] 
20140916,20140917,20140923,20140925,20141001,20141004,20141011,20141012,20141013,20141014,20141015,20141016,20141018,20141019,20141021,20141025,20141026,20141027,20141028,20141029,20141031 
Number is 90 
G.3.6_index_2_VS_G.5.1_index_3 [34] 
20140917,20140920,20140924,20140930,20141007,20141011,20141012,20141013,20141014,20141015,20141016,20141023,20141028,20141030,20141101,20141102 
Number is 91 
G.4.4_index_1_VS_G.5.3_index_1 [35] 
20140915,20140919,20140925,20140926,20140927,20141001,20141009,20141011,20141012,20141013,20141014,20141015,20141016,20141018,20141021,20141022,20141024,20141025,20141029,20141030,20141031,20141101 
Number is 94 
G.6.3_index_1_VS_G.4.3_index_3 [36] PLUS 1 
20140917,20140918,20140919,20140922,20140923,20140925,20140926,20140927,20140929,20141002,20141006,20141008,20141009,20141011,20141012,20141013,20141014,20141015,20141016,20141017,20141019,20141023,20141024,20141029,20141031,20141102 
Number is 96 
G.7.2_index_1_VS_G.5.2_index_1 [37] 
20140918,20140922,20140924,20140926,20140927,20140928,20140930,20141001,20141002,20141003,20141005,20141009,20141011,20141012,20141013,20141014,20141015,20141016,20141018,20141019,20141020,20141021,20141022,20141023,20141025,20141027,20141029 
Number is 98 
G.5.3_index_2_VS_G.2.1_index_3 [38] 
20140915,20140918,20140920,20140925,20140926,20140928,20140930,20141002,20141009,20141011,20141012,20141013,20141014,20141015,20141016,20141019,20141020,20141024,20141026,20141027,20141028,20141029,20141030,20141031,20141102 
G.6.3_index_1_VS_G.4.1_index_2 [39] 
20140915,20140916,20140920,20140921,20140922,20140923,20140925,20140928,20140929,20140930,20141002,20141004,20141007,20141008,20141009,20141011,20141012,20141013,20141014,20141015,20141016,20141021,20141022,20141023,20141025,20141027,20141031,20141102 
Number is 99 
G.4.4_index_1_VS_G.3.6_index_2 [40] 
20140916,20140920,20140924,20140926,20140928,20140929,20140930,20141004,20141005,20141011,20141012,20141013,20141014,20141015,20141016,20141018,20141021,20141026,20141027,20141028,20141029,20141102 
G.3.3_index_3_VS_G.6.3_index_2 [41] 
20140917,20140921,20140925,20140926,20140928,20140929,20141002,20141004,20141005,20141011,20141012,20141013,20141014,20141015,20141016,20141019,20141022,20141025,20141026,20141027,20141028,20141101,20141102 
