======== Current: 20141021 ========= 
Number is 11 
G.3.1_index_1_VS_G.1.1_index_3 [1] 
20140915,20140916,20140919,20140921,20140924,20140927,20140928,20141001,20141006,20141007,20141008,20141012,20141015,20141016,20141017,20141018,20141019,20141020,20141031,20141101,20141102 
Number is 12 
G.6.2_index_2_VS_G.3.3_index_4 [2] PLUS 1 
20140921,20140922,20140923,20140924,20140926,20140927,20140928,20140930,20141001,20141002,20141006,20141007,20141010,20141012,20141013,20141014,20141015,20141016,20141017,20141018,20141019,20141020,20141021,20141023,20141025,20141027,20141029,20141030,20141031,20141101,20141102 
G.1.1_index_3_VS_G.1.1_index_1 [3] PLUS 1 
20140916,20140917,20140919,20140920,20140921,20140923,20140927,20140928,20140929,20141003,20141008,20141013,20141015,20141016,20141017,20141018,20141019,20141020,20141021,20141025,20141031,20141102 
Number is 22 
G.2.2_index_5_VS_G.5.3_index_3 [4] 
20140915,20140921,20140922,20140926,20140927,20140928,20141003,20141006,20141007,20141008,20141009,20141012,20141014,20141015,20141016,20141017,20141018,20141019,20141020,20141022,20141023,20141024,20141026,20141027,20141029,20141031 
G.5.6_index_1_VS_G.5.1_index_2 [5] 
20140915,20140918,20140919,20140921,20140922,20140930,20141001,20141002,20141004,20141005,20141008,20141013,20141014,20141015,20141016,20141017,20141018,20141019,20141020,20141022,20141024,20141025,20141027 
Number is 24 
G.2.2_index_5_VS_G.DB_index_2 [6] PLUS 1 
20140916,20140918,20140919,20140920,20140921,20140927,20140930,20141001,20141002,20141004,20141005,20141007,20141008,20141012,20141013,20141015,20141016,20141017,20141018,20141019,20141020,20141021,20141022,20141024,20141028,20141029 
Number is 27 
G.5.6_index_1_VS_G.1.1_index_4 [7] 
20140916,20140922,20140928,20141006,20141008,20141011,20141014,20141015,20141016,20141017,20141018,20141019,20141020,20141024,20141026,20141030,20141031 
Number is 28 
G.5.1_index_2_VS_G.5.1_index_4 [8] PLUS 1 
20140916,20140918,20140921,20140927,20141001,20141002,20141004,20141013,20141015,20141016,20141017,20141018,20141019,20141020,20141021,20141022,20141023,20141029,20141102 
Number is 42 
G.DB_index_2_VS_G.5.5_index_2 [9] PLUS 1 
20140916,20140917,20140920,20140921,20140922,20140923,20140925,20140930,20141001,20141003,20141010,20141012,20141014,20141015,20141016,20141017,20141018,20141019,20141020,20141021,20141024,20141025,20141031 
Number is 51 
G.4.1_index_1_VS_G.1.1_index_3 [10] 
20140916,20140919,20140921,20140922,20140923,20140924,20140925,20140927,20140928,20140929,20140930,20141001,20141002,20141003,20141004,20141008,20141009,20141013,20141015,20141016,20141017,20141018,20141019,20141020,20141029,20141101 
Number is 55 
G.4.2_index_1_VS_G.3.6_index_3 [11] PLUS 1 
20140919,20140920,20140921,20140923,20140926,20140928,20140930,20141001,20141006,20141009,20141010,20141012,20141014,20141015,20141016,20141017,20141018,20141019,20141020,20141021,20141022,20141027,20141030,20141102 
Number is 57 
G.4.4_index_3_VS_G.3.2_index_2 [12] PLUS 1 
20140915,20140918,20140919,20140920,20140921,20140923,20140924,20140928,20140929,20141001,20141003,20141010,20141015,20141016,20141017,20141018,20141019,20141020,20141021,20141027,20141028 
Number is 60 
G.DB_index_5_VS_G.5.5_index_1 [13] 
20140915,20140919,20140921,20140926,20140927,20141001,20141003,20141005,20141006,20141008,20141012,20141013,20141014,20141015,20141016,20141017,20141018,20141019,20141020,20141022,20141026,20141030,20141102 
Number is 69 
G.4.1_index_2_VS_G.2.2_index_2 [14] PLUS 1 
20140915,20140916,20140917,20140920,20140921,20140922,20140924,20140930,20141001,20141002,20141005,20141006,20141012,20141015,20141016,20141017,20141018,20141019,20141020,20141021,20141024 
Number is 70 
G.5.1_index_1_VS_G.3.5_index_5 [15] 
20140920,20140923,20140924,20140927,20140928,20141002,20141003,20141006,20141007,20141008,20141009,20141010,20141012,20141013,20141015,20141016,20141017,20141018,20141019,20141020,20141026,20141027,20141029,20141030,20141102 
Number is 72 
G.3.3_index_5_VS_G.3.3_index_4 [16] 
20140916,20140920,20140922,20140929,20141002,20141003,20141008,20141009,20141010,20141011,20141015,20141016,20141017,20141018,20141019,20141020,20141023,20141025,20141026,20141101,20141102 
Number is 79 
G.3.2_index_2_VS_G.2.2_index_2 [17] PLUS 1 
20140917,20140922,20140924,20140926,20140928,20140930,20141001,20141003,20141006,20141007,20141011,20141012,20141013,20141014,20141015,20141016,20141017,20141018,20141019,20141020,20141021,20141024,20141028,20141102 
Number is 80 
G.5.1_index_4_VS_G.3.5_index_2 [18] 
20140925,20140926,20140927,20140928,20140930,20141001,20141002,20141004,20141015,20141016,20141017,20141018,20141019,20141020,20141022,20141026,20141102 
Number is 82 
G.2.1_index_1_VS_G.2.2_index_5 [19] PLUS 1 
20140915,20140917,20140918,20140921,20140925,20140926,20140928,20140930,20141001,20141003,20141005,20141006,20141007,20141008,20141011,20141013,20141014,20141015,20141016,20141017,20141018,20141019,20141020,20141021,20141022,20141023,20141024,20141025,20141030,20141031 
Number is 91 
G.2.1_index_3_VS_G.7.1_index_2 [20] PLUS 1 
20140917,20140918,20140919,20140920,20140922,20140923,20140930,20141004,20141005,20141007,20141009,20141010,20141015,20141016,20141017,20141018,20141019,20141020,20141021,20141024,20141027,20141029,20141101,20141102 
