======== Current: 20141023 ========= 
Number is 03 
G.2.1_index_4_VS_G.5.2_index_2 [1] PLUS 1 
20140915,20140917,20140918,20140925,20140926,20140930,20141001,20141003,20141005,20141006,20141009,20141011,20141012,20141015,20141017,20141018,20141019,20141020,20141021,20141022,20141023,20141025,20141028,20141101 
G.4.4_index_2_VS_G.5.4_index_2 [2] PLUS 1 
20140918,20140919,20140922,20140923,20140924,20140925,20140926,20140927,20140929,20140930,20141001,20141004,20141005,20141009,20141010,20141011,20141012,20141013,20141016,20141017,20141018,20141019,20141020,20141021,20141022,20141023,20141025,20141026,20141101,20141102 
Number is 07 
G.2.1_index_4_VS_G.5.2_index_4 [3] PLUS 1 
20140915,20140920,20140925,20140926,20141002,20141009,20141013,20141016,20141017,20141018,20141019,20141020,20141021,20141022,20141023,20141024,20141025,20141101 
Number is 09 
G.5.5_index_4_VS_G.5.6_index_1 [4] PLUS 1 
20140916,20140918,20140919,20140920,20140926,20140929,20140930,20141004,20141007,20141008,20141010,20141013,20141014,20141017,20141018,20141019,20141020,20141021,20141022,20141023,20141024,20141101 
Number is 10 
G.4.2_index_4_VS_G.3.2_index_2 [5] 
20140917,20140918,20140920,20140923,20140924,20140925,20140929,20141005,20141010,20141011,20141012,20141014,20141016,20141017,20141018,20141019,20141020,20141021,20141022,20141024,20141026,20141027,20141028,20141031 
Number is 18 
G.1.1_index_3_VS_G.5.3_index_3 [6] 
20140916,20140917,20140919,20140923,20140925,20141002,20141005,20141009,20141010,20141013,20141015,20141017,20141018,20141019,20141020,20141021,20141022,20141026,20141101 
Number is 24 
G.2.1_index_3_VS_G.DB_index_5 [7] 
20140915,20140918,20140920,20140921,20140922,20140923,20140927,20141001,20141002,20141003,20141004,20141006,20141008,20141010,20141012,20141013,20141016,20141017,20141018,20141019,20141020,20141021,20141022,20141028,20141102 
Number is 25 
G.7.3_index_1_VS_G.4.3_index_1 [8] PLUS 1 
20140915,20140916,20140919,20140921,20140922,20140923,20140924,20140929,20141001,20141006,20141009,20141011,20141012,20141014,20141017,20141018,20141019,20141020,20141021,20141022,20141023,20141025,20141031 
Number is 29 
G.4.1_index_4_VS_G.2.2_index_5 [9] 
20140915,20140916,20140919,20140923,20141002,20141005,20141006,20141010,20141011,20141012,20141014,20141015,20141017,20141018,20141019,20141020,20141021,20141022,20141025,20141026,20141027,20141029,20141030,20141031 
Number is 30 
G.3.3_index_4_VS_G.1.1_index_2 [10] PLUS 1 
20140915,20140916,20140918,20140923,20140927,20140930,20141003,20141006,20141015,20141017,20141018,20141019,20141020,20141021,20141022,20141023,20141025,20141026 
Number is 32 
G.5.4_index_2_VS_G.2.1_index_5 [11] PLUS 1 
20140916,20140922,20140924,20140926,20140927,20141002,20141003,20141004,20141007,20141008,20141012,20141013,20141014,20141017,20141018,20141019,20141020,20141021,20141022,20141023,20141030,20141101,20141102 
Number is 33 
G.3.2_index_4_VS_G.2.2_index_4 [12] 
20140916,20140918,20140922,20140923,20140926,20141001,20141011,20141013,20141014,20141017,20141018,20141019,20141020,20141021,20141022,20141026,20141027,20141029,20141030,20141102 
Number is 36 
G.5.1_index_2_VS_G.5.1_index_4 [13] PLUS 1 
20140916,20140918,20140921,20140927,20141001,20141002,20141004,20141013,20141015,20141016,20141017,20141018,20141019,20141020,20141021,20141022,20141023,20141029,20141102 
Number is 39 
G.5.1_index_2_VS_G.5.5_index_3 [14] 
20140915,20140916,20140918,20140919,20140922,20140926,20141003,20141013,20141016,20141017,20141018,20141019,20141020,20141021,20141022,20141025,20141027,20141028,20141029,20141030,20141031,20141102 
Number is 44 
G.DB_index_5_VS_G.7.4_index_2 [15] 
20140915,20140920,20140921,20140930,20141002,20141003,20141006,20141009,20141013,20141015,20141017,20141018,20141019,20141020,20141021,20141022,20141025,20141028,20141031,20141101 
Number is 47 
G.7.4_index_2_VS_G.5.2_index_3 [16] PLUS 1 
20140916,20140917,20140920,20140921,20140922,20140926,20140929,20140930,20141001,20141002,20141004,20141009,20141013,20141016,20141017,20141018,20141019,20141020,20141021,20141022,20141023,20141024,20141025,20141027 
Number is 49 
G.3.5_index_1_VS_G.5.5_index_3 [17] 
20140915,20140916,20140917,20140924,20140926,20140929,20140930,20141006,20141008,20141012,20141017,20141018,20141019,20141020,20141021,20141022,20141024,20141026,20141027,20141028,20141029,20141102 
Number is 52 
G.4.3_index_3_VS_G.3.2_index_5 [18] PLUS 1 
20140915,20140916,20140925,20140927,20141001,20141002,20141005,20141006,20141007,20141008,20141010,20141013,20141015,20141017,20141018,20141019,20141020,20141021,20141022,20141023,20141024,20141025,20141029,20141030,20141031 
G.3.6_index_1_VS_G.3.4_index_1 [19] PLUS 1 
20140919,20140921,20140926,20141002,20141004,20141007,20141010,20141017,20141018,20141019,20141020,20141021,20141022,20141023,20141027,20141028,20141101,20141102 
Number is 54 
G.4.2_index_1_VS_G.3.6_index_3 [20] 
20140919,20140920,20140921,20140923,20140926,20140928,20140930,20141001,20141006,20141009,20141010,20141012,20141014,20141015,20141016,20141017,20141018,20141019,20141020,20141021,20141022,20141027,20141030,20141102 
Number is 55 
G.4.3_index_1_VS_G.4.2_index_1 [21] 
20140918,20140919,20140921,20140923,20140924,20140926,20140928,20140929,20140930,20141001,20141002,20141003,20141007,20141012,20141014,20141017,20141018,20141019,20141020,20141021,20141022,20141025,20141026 
Number is 60 
G.5.1_index_4_VS_G.5.5_index_4 [22] 
20140917,20140918,20140920,20140926,20140927,20141005,20141007,20141008,20141010,20141011,20141013,20141014,20141017,20141018,20141019,20141020,20141021,20141022,20141024,20141025,20141026,20141027,20141029 
Number is 61 
G.5.4_index_3_VS_G.4.4_index_3 [23] PLUS 1 
20140917,20140921,20140923,20140924,20140926,20140929,20141003,20141004,20141005,20141011,20141012,20141015,20141017,20141018,20141019,20141020,20141021,20141022,20141023,20141026,20141102 
Number is 66 
G.5.6_index_2_VS_G.5.1_index_4 [24] 
20140915,20140917,20140920,20140923,20140929,20140930,20141001,20141003,20141006,20141008,20141010,20141015,20141017,20141018,20141019,20141020,20141021,20141022,20141024,20141028,20141031 
G.4.1_index_2_VS_G.7.1_index_2 [25] 
20140918,20140919,20140920,20140921,20140922,20140923,20140928,20141001,20141004,20141005,20141007,20141008,20141017,20141018,20141019,20141020,20141021,20141022,20141025,20141028,20141101 
G.5.1_index_4_VS_G.2.1_index_2 [26] 
20140917,20140919,20140922,20140924,20140926,20141002,20141003,20141006,20141008,20141011,20141013,20141014,20141016,20141017,20141018,20141019,20141020,20141021,20141022,20141101 
Number is 67 
G.4.1_index_2_VS_G.3.5_index_3 [27] 
20140915,20140919,20140921,20140922,20140923,20140925,20141001,20141007,20141008,20141011,20141017,20141018,20141019,20141020,20141021,20141022,20141027,20141028 
Number is 69 
G.5.6_index_2_VS_G.5.6_index_1 [28] PLUS 1 
20140916,20140918,20140920,20140922,20140923,20140928,20141001,20141002,20141004,20141005,20141008,20141013,20141014,20141017,20141018,20141019,20141020,20141021,20141022,20141023,20141026,20141027,20141028,20141029,20141031,20141101 
G.4.1_index_2_VS_G.2.2_index_5 [29] PLUS 1 
20140916,20140917,20140918,20140922,20140930,20141001,20141002,20141006,20141007,20141008,20141014,20141015,20141017,20141018,20141019,20141020,20141021,20141022,20141023,20141026,20141028,20141030,20141031 
Number is 76 
G.4.2_index_2_VS_G.4.1_index_2 [30] 
20140916,20140917,20140918,20140920,20140921,20140924,20140926,20140930,20141005,20141010,20141013,20141014,20141015,20141017,20141018,20141019,20141020,20141021,20141022,20141028,20141031,20141102 
Number is 79 
G.5.2_index_3_VS_G.5.6_index_1 [31] 
20140916,20140917,20140920,20140929,20140930,20141004,20141005,20141008,20141011,20141014,20141017,20141018,20141019,20141020,20141021,20141022,20141025,20141029 
Number is 80 
G.5.5_index_2_VS_G.3.1_index_4 [32] PLUS 1 
20140916,20140917,20140918,20140919,20140922,20140923,20140924,20140926,20140929,20141002,20141003,20141004,20141007,20141012,20141017,20141018,20141019,20141020,20141021,20141022,20141023,20141024,20141025,20141101 
Number is 82 
G.5.5_index_2_VS_G.4.3_index_4 [33] 
20140916,20140918,20140920,20140921,20140925,20140926,20140929,20141002,20141005,20141008,20141010,20141013,20141014,20141015,20141017,20141018,20141019,20141020,20141021,20141022,20141024,20141026,20141027,20141101,20141102 
Number is 86 
G.5.5_index_2_VS_G.5.6_index_2 [34] 
20140916,20140917,20140918,20140919,20140921,20140923,20140924,20140926,20140927,20140928,20140929,20141007,20141008,20141014,20141017,20141018,20141019,20141020,20141021,20141022,20141025,20141026,20141029,20141031 
Number is 91 
G.2.2_index_5_VS_G.DB_index_2 [35] 
20140916,20140918,20140919,20140920,20140921,20140927,20140930,20141001,20141002,20141004,20141005,20141007,20141008,20141012,20141013,20141015,20141016,20141017,20141018,20141019,20141020,20141021,20141022,20141024,20141028,20141029 
Number is 92 
G.5.5_index_3_VS_G.3.2_index_5 [36] 
20140915,20140917,20140918,20140919,20140921,20140924,20140925,20140927,20140929,20141004,20141006,20141008,20141010,20141011,20141012,20141015,20141017,20141018,20141019,20141020,20141021,20141022,20141028,20141029,20141030,20141102 
G.5.6_index_1_VS_G.3.6_index_4 [37] 
20140915,20140917,20140918,20140920,20140922,20140924,20140926,20140927,20140929,20141002,20141005,20141006,20141008,20141010,20141017,20141018,20141019,20141020,20141021,20141022,20141024,20141025,20141029,20141030,20141031,20141101 
Number is 96 
G.5.5_index_3_VS_G.5.4_index_3 [38] PLUS 1 
20140915,20140916,20140921,20140924,20140926,20140927,20140929,20140930,20141004,20141005,20141006,20141011,20141012,20141017,20141018,20141019,20141020,20141021,20141022,20141023,20141025,20141026,20141031,20141102 
G.3.3_index_1_VS_G.7.1_index_2 [39] PLUS 1 
20140915,20140916,20140919,20140921,20140923,20140924,20140925,20140926,20140928,20141005,20141007,20141013,20141015,20141017,20141018,20141019,20141020,20141021,20141022,20141023,20141025,20141027 
Number is 99 
G.7.4_index_1_VS_G.5.6_index_1 [40] PLUS 1 
20140916,20140920,20140924,20140930,20141002,20141004,20141005,20141008,20141011,20141013,20141015,20141017,20141018,20141019,20141020,20141021,20141022,20141023,20141026,20141027 
G.2.1_index_1_VS_G.2.2_index_5 [41] PLUS 1 
20140915,20140917,20140918,20140921,20140925,20140926,20140928,20140930,20141001,20141003,20141005,20141006,20141007,20141008,20141011,20141013,20141014,20141015,20141016,20141017,20141018,20141019,20141020,20141021,20141022,20141023,20141024,20141025,20141030,20141031 
