======== Current: 20141026 ========= 
Number is 01 
G.4.2_index_1_VS_G.2.1_index_5 [1] 
20140915,20140923,20141008,20141012,20141014,20141015,20141016,20141019,20141020,20141021,20141022,20141023,20141024,20141025,20141028,20141030,20141102 
G.4.1_index_3_VS_G.DB_index_5 [2] 
20140916,20140917,20140919,20140920,20140922,20140926,20141011,20141013,20141020,20141021,20141022,20141023,20141024,20141025,20141028,20141029,20141030,20141102 
Number is 04 
G.4.2_index_1_VS_G.7.1_index_1 [3] PLUS 1 
20140916,20140917,20140920,20140921,20140922,20140925,20140926,20140927,20140928,20140929,20140930,20141005,20141017,20141019,20141020,20141021,20141022,20141023,20141024,20141025,20141026,20141027,20141030 
Number is 07 
G.4.1_index_4_VS_G.4.3_index_1 [4] PLUS 1 
20140918,20140919,20140926,20140928,20140929,20141004,20141005,20141008,20141009,20141011,20141014,20141015,20141019,20141020,20141021,20141022,20141023,20141024,20141025,20141026,20141030,20141101 
Number is 12 
G.4.3_index_3_VS_G.3.2_index_5 [5] 
20140915,20140916,20140925,20140927,20141001,20141002,20141005,20141006,20141007,20141008,20141010,20141013,20141015,20141017,20141018,20141019,20141020,20141021,20141022,20141023,20141024,20141025,20141029,20141030,20141031 
G.5.1_index_2_VS_G.4.2_index_4 [6] 
20140915,20140916,20140918,20140921,20140922,20140927,20141001,20141012,20141017,20141019,20141020,20141021,20141022,20141023,20141024,20141025 
Number is 13 
G.DB_index_5_VS_G.3.5_index_4 [7] 
20140915,20140920,20140924,20140926,20140930,20141002,20141003,20141010,20141014,20141016,20141018,20141020,20141021,20141022,20141023,20141024,20141025 
Number is 15 
G.2.1_index_4_VS_G.5.3_index_4 [8] 
20140917,20140918,20140919,20140922,20140924,20140926,20140930,20141002,20141003,20141004,20141005,20141008,20141012,20141017,20141020,20141021,20141022,20141023,20141024,20141025,20141028,20141030,20141101 
G.2.1_index_4_VS_G.5.2_index_4 [9] 
20140915,20140920,20140925,20140926,20141002,20141009,20141013,20141016,20141017,20141018,20141019,20141020,20141021,20141022,20141023,20141024,20141025,20141101 
Number is 17 
G.DB_index_5_VS_G.4.2_index_3 [10] 
20140915,20140916,20140919,20140921,20140922,20140923,20141003,20141004,20141015,20141020,20141021,20141022,20141023,20141024,20141025,20141030,20141031 
Number is 21 
G.6.3_index_1_VS_G.2.1_index_4 [11] 
20140915,20140917,20140918,20140919,20140925,20140926,20140928,20140929,20140930,20141005,20141006,20141009,20141012,20141013,20141014,20141016,20141018,20141019,20141020,20141021,20141022,20141023,20141024,20141025,20141027,20141102 
Number is 22 
G.7.3_index_2_VS_G.DB_index_2 [12] PLUS 1 
20140915,20140917,20140922,20140924,20140929,20140930,20141002,20141003,20141004,20141012,20141013,20141015,20141016,20141020,20141021,20141022,20141023,20141024,20141025,20141026,20141027,20141029,20141031,20141102 
Number is 23 
G.3.3_index_1_VS_G.3.5_index_4 [13] 
20140915,20140918,20140920,20140921,20140922,20140923,20140924,20140926,20140928,20140930,20141005,20141006,20141008,20141009,20141013,20141015,20141017,20141020,20141021,20141022,20141023,20141024,20141025,20141027,20141030 
Number is 24 
G.2.1_index_1_VS_G.2.2_index_5 [14] 
20140915,20140917,20140918,20140921,20140925,20140926,20140928,20140930,20141001,20141003,20141005,20141006,20141007,20141008,20141011,20141013,20141014,20141015,20141016,20141017,20141018,20141019,20141020,20141021,20141022,20141023,20141024,20141025,20141030,20141031 
Number is 27 
G.3.2_index_5_VS_G.4.3_index_1 [15] 
20140915,20140918,20140919,20140925,20140927,20140929,20141001,20141002,20141003,20141004,20141005,20141006,20141008,20141009,20141010,20141013,20141016,20141017,20141019,20141020,20141021,20141022,20141023,20141024,20141025,20141031 
G.3.3_index_1_VS_G.4.1_index_2 [16] 
20140915,20140916,20140917,20140918,20140920,20140922,20140923,20140924,20140925,20140926,20140928,20141004,20141013,20141014,20141015,20141016,20141017,20141020,20141021,20141022,20141023,20141024,20141025,20141101,20141102 
Number is 29 
G.7.4_index_2_VS_G.5.2_index_3 [17] 
20140916,20140917,20140920,20140921,20140922,20140926,20140929,20140930,20141001,20141002,20141004,20141009,20141013,20141016,20141017,20141018,20141019,20141020,20141021,20141022,20141023,20141024,20141025,20141027 
Number is 30 
G.5.2_index_1_VS_G.7.2_index_2 [18] 
20140915,20140916,20140922,20140927,20140929,20141003,20141006,20141008,20141009,20141013,20141014,20141015,20141016,20141020,20141021,20141022,20141023,20141024,20141025,20141027,20141029,20141031,20141102 
Number is 33 
G.5.2_index_1_VS_G.3.4_index_1 [19] 
20140915,20140916,20140918,20140921,20140922,20140924,20140927,20140930,20141005,20141009,20141011,20141013,20141014,20141017,20141018,20141020,20141021,20141022,20141023,20141024,20141025,20141101,20141102 
Number is 34 
G.5.2_index_1_VS_G.3.2_index_1 [20] PLUS 1 
20140916,20140917,20140918,20140919,20140922,20140924,20140925,20140928,20141002,20141003,20141004,20141005,20141011,20141012,20141013,20141015,20141016,20141017,20141020,20141021,20141022,20141023,20141024,20141025,20141026,20141027,20141028,20141029,20141031 
Number is 35 
G.3.6_index_1_VS_G.4.3_index_4 [21] 
20140916,20140917,20140920,20140921,20140926,20140928,20140929,20141003,20141005,20141007,20141008,20141010,20141018,20141020,20141021,20141022,20141023,20141024,20141025,20141027,20141031 
Number is 36 
G.3.2_index_3_VS_G.7.2_index_1 [22] 
20140915,20140916,20140917,20140918,20140921,20140924,20140926,20141003,20141004,20141006,20141009,20141012,20141014,20141015,20141019,20141020,20141021,20141022,20141023,20141024,20141025,20141029,20141031,20141101 
Number is 39 
G.5.4_index_1_VS_G.4.4_index_4 [23] 
20140915,20140916,20140918,20140919,20140921,20140922,20140923,20140924,20140926,20140929,20141004,20141005,20141006,20141007,20141009,20141011,20141012,20141015,20141016,20141018,20141019,20141020,20141021,20141022,20141023,20141024,20141025,20141027,20141028 
Number is 41 
G.5.3_index_3_VS_G.4.3_index_2 [24] PLUS 1 
20140916,20140919,20140921,20140922,20140923,20140925,20140928,20140930,20141002,20141003,20141005,20141007,20141009,20141011,20141015,20141016,20141020,20141021,20141022,20141023,20141024,20141025,20141026,20141030,20141101,20141102 
Number is 42 
G.5.5_index_2_VS_G.3.1_index_4 [25] 
20140916,20140917,20140918,20140919,20140922,20140923,20140924,20140926,20140929,20141002,20141003,20141004,20141007,20141012,20141017,20141018,20141019,20141020,20141021,20141022,20141023,20141024,20141025,20141101 
Number is 43 
G.2.2_index_5_VS_G.3.3_index_3 [26] PLUS 1 
20140921,20140922,20140925,20140926,20141001,20141002,20141004,20141006,20141009,20141012,20141018,20141019,20141020,20141021,20141022,20141023,20141024,20141025,20141026,20141028,20141031 
Number is 47 
G.2.2_index_5_VS_G.4.4_index_2 [27] PLUS 1 
20140915,20140918,20140920,20140922,20140925,20140926,20140927,20140929,20140930,20141002,20141006,20141007,20141008,20141009,20141013,20141014,20141015,20141018,20141019,20141020,20141021,20141022,20141023,20141024,20141025,20141026,20141028 
Number is 54 
G.5.3_index_4_VS_G.5.5_index_2 [28] PLUS 1 
20140916,20140918,20140922,20140923,20140924,20140926,20140928,20140930,20141001,20141004,20141011,20141013,20141014,20141018,20141019,20141020,20141021,20141022,20141023,20141024,20141025,20141026,20141028,20141029,20141031,20141102 
Number is 57 
G.2.2_index_1_VS_G.DB_index_3 [29] PLUS 1 
20140915,20140920,20140923,20140924,20140925,20140928,20140930,20141003,20141007,20141010,20141012,20141013,20141014,20141016,20141020,20141021,20141022,20141023,20141024,20141025,20141026,20141027,20141028,20141030,20141102 
Number is 67 
G.DB_index_1_VS_G.5.6_index_1 [30] 
20140916,20140920,20140927,20141001,20141002,20141005,20141006,20141007,20141015,20141018,20141019,20141020,20141021,20141022,20141023,20141024,20141025,20141027,20141028,20141030,20141031,20141101 
Number is 72 
G.4.2_index_3_VS_G.2.1_index_1 [31] 
20140915,20140921,20140923,20140924,20140925,20141004,20141008,20141015,20141016,20141018,20141020,20141021,20141022,20141023,20141024,20141025,20141027,20141031,20141101,20141102 
G.7.1_index_2_VS_G.4.2_index_4 [32] 
20140918,20140919,20140920,20140923,20140924,20140925,20140928,20141003,20141005,20141007,20141008,20141015,20141018,20141020,20141021,20141022,20141023,20141024,20141025,20141027,20141031,20141101 
Number is 73 
G.4.2_index_3_VS_G.2.2_index_4 [33] PLUS 1 
20140915,20140916,20140917,20140918,20140920,20140921,20140922,20140923,20140926,20140930,20141001,20141005,20141010,20141011,20141019,20141020,20141021,20141022,20141023,20141024,20141025,20141026 
G.DB_index_3_VS_G.5.2_index_1 [34] PLUS 1 
20140915,20140917,20140921,20140925,20140927,20141002,20141005,20141006,20141007,20141009,20141012,20141014,20141015,20141016,20141017,20141018,20141020,20141021,20141022,20141023,20141024,20141025,20141026 
Number is 76 
G.4.4_index_2_VS_G.5.1_index_3 [35] 
20140917,20140918,20140919,20140920,20140922,20140925,20140926,20140928,20140930,20141003,20141007,20141009,20141011,20141016,20141017,20141019,20141020,20141021,20141022,20141023,20141024,20141025,20141028,20141102 
Number is 81 
G.3.1_index_5_VS_G.5.1_index_2 [36] 
20140915,20140917,20140922,20140924,20140925,20141001,20141002,20141005,20141006,20141014,20141019,20141020,20141021,20141022,20141023,20141024,20141025,20141027,20141102 
Number is 87 
G.6.2_index_3_VS_G.4.2_index_3 [37] PLUS 1 
20140918,20140919,20140923,20140925,20140926,20140927,20140928,20141002,20141003,20141005,20141006,20141007,20141009,20141010,20141011,20141013,20141015,20141020,20141021,20141022,20141023,20141024,20141025,20141026,20141029,20141031 
Number is 95 
G.2.1_index_2_VS_G.7.4_index_1 [38] 
20140916,20140917,20140920,20140922,20140926,20140928,20141005,20141014,20141019,20141020,20141021,20141022,20141023,20141024,20141025,20141027,20141102 
Number is 97 
G.5.2_index_3_VS_G.4.2_index_3 [39] 
20140916,20140919,20140920,20140921,20140923,20140926,20140928,20140929,20141005,20141011,20141013,20141020,20141021,20141022,20141023,20141024,20141025,20141029,20141101,20141102 
