======== Current: 20130316 ========= 
Number is 08 
G.5.2_index_2_VS_G.5.6_index_1 [1] 
20130301,20130306,20130307,20130309,20130310,20130311,20130312,20130313,20130314,20130315,20130318,20130319,20130325,20130328,20130329,20130401,20130402,20130403 
Number is 09 
G.6.1_index_1_VS_G.5.5_index_3 [2] PLUS 1 
20130223,20130224,20130225,20130226,20130227,20130303,20130307,20130308,20130310,20130311,20130312,20130313,20130314,20130315,20130316,20130318,20130319,20130323,20130324,20130329,20130330 
Number is 12 
G.4.1_index_2_VS_G.6.3_index_2 [3] PLUS 1 
20130223,20130225,20130226,20130227,20130228,20130301,20130302,20130304,20130305,20130309,20130310,20130311,20130312,20130313,20130314,20130315,20130316,20130320,20130321,20130323,20130325,20130326,20130327,20130330 
Number is 14 
G.3.2_index_5_VS_G.3.4_index_2 [4] PLUS 1 
20130224,20130226,20130227,20130228,20130303,20130310,20130311,20130312,20130313,20130314,20130315,20130316,20130318,20130319,20130320,20130322,20130323,20130324,20130330 
Number is 15 
G.4.4_index_2_VS_G.3.6_index_2 [5] 
20130224,20130225,20130227,20130228,20130301,20130303,20130308,20130310,20130311,20130312,20130313,20130314,20130315,20130317,20130318,20130324,20130328,20130329,20130331,20130401,20130403 
Number is 16 
G.4.2_index_4_VS_G.6.1_index_3 [6] 
20130223,20130224,20130225,20130303,20130305,20130306,20130310,20130311,20130312,20130313,20130314,20130315,20130317,20130318,20130319,20130320,20130324,20130328,20130329,20130403 
G.7.3_index_2_VS_G.5.1_index_3 [7] 
20130222,20130225,20130226,20130227,20130303,20130308,20130309,20130310,20130311,20130312,20130313,20130314,20130315,20130318,20130321,20130325,20130329,20130401,20130402 
G.5.1_index_4_VS_G.5.1_index_3 [8] 
20130225,20130301,20130302,20130304,20130305,20130307,20130310,20130311,20130312,20130313,20130314,20130315,20130318,20130330,20130402 
Number is 21 
G.4.1_index_4_VS_G.4.2_index_4 [9] PLUS 1 
20130222,20130228,20130302,20130304,20130305,20130306,20130308,20130310,20130311,20130312,20130313,20130314,20130315,20130316,20130317,20130321,20130323,20130325,20130329,20130330,20130402,20130403 
Number is 24 
G.7.2_index_2_VS_G.5.4_index_4 [10] 
20130223,20130224,20130225,20130227,20130304,20130305,20130306,20130308,20130309,20130310,20130311,20130312,20130313,20130314,20130315,20130317,20130319,20130321,20130323,20130324,20130327,20130328,20130329,20130330,20130402 
G.7.2_index_2_VS_G.3.4_index_5 [11] 
20130222,20130223,20130224,20130225,20130304,20130306,20130307,20130308,20130309,20130310,20130311,20130312,20130313,20130314,20130315,20130319,20130323,20130328,20130331,20130402,20130403 
Number is 33 
G.1.1_index_3_VS_G.4.4_index_3 [12] 
20130222,20130224,20130225,20130227,20130228,20130303,20130304,20130305,20130306,20130308,20130309,20130310,20130311,20130312,20130313,20130314,20130315,20130317,20130320,20130323,20130324,20130325,20130326,20130329,20130331,20130402,20130403 
Number is 41 
G.3.4_index_5_VS_G.4.2_index_4 [13] PLUS 1 
20130223,20130224,20130303,20130304,20130306,20130309,20130310,20130311,20130312,20130313,20130314,20130315,20130316,20130318,20130323,20130324,20130327,20130330,20130401 
Number is 42 
G.5.4_index_4_VS_G.4.1_index_4 [14] 
20130222,20130224,20130226,20130227,20130228,20130301,20130304,20130307,20130308,20130310,20130311,20130312,20130313,20130314,20130315,20130317,20130319,20130321,20130323,20130324,20130326,20130328,20130329,20130331 
G.7.4_index_2_VS_G.2.1_index_4 [15] 
20130225,20130226,20130228,20130303,20130305,20130306,20130310,20130311,20130312,20130313,20130314,20130315,20130318,20130319,20130321,20130324,20130327,20130328,20130331,20130402,20130403 
Number is 44 
G.7.1_index_1_VS_G.DB_index_4 [16] 
20130223,20130228,20130302,20130307,20130310,20130311,20130312,20130313,20130314,20130315,20130318,20130320,20130321,20130322,20130324,20130326,20130327,20130330,20130401,20130402 
Number is 50 
G.5.4_index_3_VS_G.DB_index_1 [17] 
20130222,20130224,20130301,20130304,20130309,20130310,20130311,20130312,20130313,20130314,20130315,20130317,20130318,20130320,20130323,20130403 
Number is 51 
G.5.4_index_3_VS_G.7.3_index_2 [18] 
20130224,20130301,20130304,20130306,20130307,20130308,20130310,20130311,20130312,20130313,20130314,20130315,20130317,20130318,20130319,20130322,20130323,20130329,20130330 
Number is 53 
G.5.2_index_4_VS_G.4.4_index_3 [19] PLUS 1 
20130222,20130223,20130227,20130228,20130302,20130303,20130306,20130307,20130308,20130309,20130310,20130311,20130312,20130313,20130314,20130315,20130316,20130317,20130318,20130320,20130324,20130331,20130401,20130403 
Number is 61 
G.1.1_index_2_VS_G.7.3_index_2 [20] 
20130224,20130225,20130301,20130302,20130304,20130305,20130307,20130310,20130311,20130312,20130313,20130314,20130315,20130320,20130321,20130323,20130325,20130329,20130401 
Number is 62 
G.7.4_index_1_VS_G.3.1_index_5 [21] PLUS 1 
20130224,20130226,20130302,20130303,20130305,20130308,20130310,20130311,20130312,20130313,20130314,20130315,20130316,20130317,20130321,20130323,20130328,20130329,20130331,20130402 
Number is 64 
G.6.1_index_3_VS_G.2.1_index_2 [22] 
20130223,20130225,20130227,20130306,20130310,20130311,20130312,20130313,20130314,20130315,20130317,20130318,20130321,20130324,20130328,20130402 
Number is 81 
G.5.4_index_2_VS_G.1.1_index_5 [23] 
20130226,20130228,20130303,20130308,20130310,20130311,20130312,20130313,20130314,20130315,20130319,20130321,20130322,20130323,20130329,20130401,20130402 
