======== Current: 20140105 ========= 
Number is 04 
G.6.2_index_3_VS_G.4.1_index_4 [1] PLUS 1 
20131215,20131218,20131219,20131221,20131223,20131225,20131226,20131230,20131231,20140101,20140102,20140103,20140104,20140105,20140106,20140108,20140109,20140110,20140115,20140116,20140118,20140119,20140121,20140123,20140126,20140127,20140128 
Number is 05 
G.5.6_index_1_VS_G.5.1_index_2 [2] 
20131215,20131218,20131219,20131221,20131225,20131226,20131227,20131230,20131231,20140101,20140102,20140103,20140104,20140111,20140113,20140114,20140115,20140117,20140120,20140121,20140125,20140126,20140128 
Number is 15 
G.2.2_index_1_VS_G.4.3_index_2 [3] PLUS 1 
20131218,20131222,20131224,20131225,20131230,20131231,20140101,20140102,20140103,20140104,20140105,20140106,20140110,20140111,20140113,20140114,20140115,20140125,20140126,20140128 
Number is 24 
G.5.3_index_4_VS_G.6.1_index_2 [4] PLUS 1 
20131215,20131217,20131220,20131225,20131228,20131229,20131230,20131231,20140101,20140102,20140103,20140104,20140105,20140108,20140109,20140110,20140112,20140115,20140116,20140117,20140119,20140120,20140121,20140122,20140126 
Number is 25 
G.4.3_index_4_VS_G.7.1_index_1 [5] 
20131215,20131216,20131217,20131220,20131222,20131225,20131227,20131230,20131231,20140101,20140102,20140103,20140104,20140108,20140109,20140112,20140114,20140115,20140118,20140119,20140121,20140123 
Number is 26 
G.4.3_index_4_VS_G.6.2_index_1 [6] 
20131216,20131218,20131220,20131221,20131222,20131225,20131226,20131227,20131228,20131229,20131230,20131231,20140101,20140102,20140103,20140104,20140109,20140119,20140123,20140124,20140127 
Number is 31 
G.6.3_index_1_VS_G.2.1_index_3 [7] 
20131216,20131217,20131221,20131223,20131224,20131230,20131231,20140101,20140102,20140103,20140104,20140107,20140109,20140111,20140124,20140126,20140127,20140128 
Number is 36 
G.3.5_index_2_VS_G.6.2_index_1 [8] 
20131215,20131220,20131221,20131223,20131225,20131226,20131229,20131230,20131231,20140101,20140102,20140103,20140104,20140111,20140112,20140114,20140119,20140120,20140121,20140123,20140124,20140125,20140126,20140127 
Number is 41 
G.4.1_index_4_VS_G.2.2_index_1 [9] 
20131216,20131217,20131219,20131225,20131226,20131228,20131230,20131231,20140101,20140102,20140103,20140104,20140106,20140110,20140111,20140115,20140117,20140119,20140123,20140126,20140128 
G.4.1_index_4_VS_G.3.2_index_5 [10] 
20131215,20131218,20131219,20131225,20131229,20131230,20131231,20140101,20140102,20140103,20140104,20140106,20140110,20140114,20140115,20140117,20140119,20140121,20140123,20140125,20140126,20140128 
Number is 44 
G.3.1_index_3_VS_G.5.1_index_1 [11] 
20131216,20131217,20131227,20131230,20131231,20140101,20140102,20140103,20140104,20140106,20140109,20140115,20140118,20140120,20140124,20140126,20140127 
G.4.2_index_4_VS_G.3.1_index_3 [12] 
20131215,20131218,20131219,20131222,20131225,20131226,20131227,20131229,20131230,20131231,20140101,20140102,20140103,20140104,20140106,20140107,20140110,20140111,20140113,20140114,20140115,20140119,20140120,20140127,20140128 
G.3.2_index_1_VS_G.6.1_index_2 [13] 
20131215,20131217,20131223,20131225,20131226,20131230,20131231,20140101,20140102,20140103,20140104,20140106,20140109,20140110,20140112,20140114,20140115,20140116,20140118,20140119,20140120,20140125,20140127,20140128 
Number is 54 
G.5.1_index_2_VS_G.3.3_index_4 [14] PLUS 1 
20131215,20131216,20131218,20131219,20131220,20131221,20131223,20131226,20131228,20131229,20131230,20131231,20140101,20140102,20140103,20140104,20140105,20140107,20140108,20140112,20140113,20140115,20140116,20140117,20140119,20140120,20140125,20140128 
Number is 73 
G.4.1_index_3_VS_G.3.5_index_5 [15] 
20131220,20131223,20131224,20131225,20131228,20131229,20131230,20131231,20140101,20140102,20140103,20140104,20140109,20140111,20140112,20140113,20140121,20140127,20140128 
Number is 74 
G.DB_index_2_VS_G.4.1_index_4 [16] 
20131215,20131216,20131218,20131229,20131230,20131231,20140101,20140102,20140103,20140104,20140106,20140107,20140111,20140115,20140116,20140117,20140119,20140121,20140123,20140124,20140126,20140128 
Number is 79 
G.5.5_index_2_VS_G.6.2_index_2 [17] 
20131215,20131219,20131221,20131225,20131226,20131227,20131229,20131230,20131231,20140101,20140102,20140103,20140104,20140106,20140107,20140109,20140111,20140114,20140121,20140123,20140125,20140126,20140127,20140128 
Number is 85 
G.1.1_index_5_VS_G.5.1_index_2 [18] 
20131219,20131224,20131226,20131227,20131229,20131230,20131231,20140101,20140102,20140103,20140104,20140109,20140112,20140113,20140114,20140117,20140118,20140120,20140121,20140122,20140125,20140128 
Number is 86 
G.4.4_index_2_VS_G.3.4_index_4 [19] 
20131215,20131216,20131217,20131219,20131221,20131228,20131229,20131230,20131231,20140101,20140102,20140103,20140104,20140108,20140112,20140114,20140115,20140116,20140117,20140118,20140119,20140121,20140122,20140123,20140125,20140128 
Number is 89 
G.2.2_index_4_VS_G.6.3_index_3 [20] PLUS 1 
20131218,20131219,20131220,20131221,20131222,20131224,20131229,20131230,20131231,20140101,20140102,20140103,20140104,20140105,20140113,20140117,20140120 
Number is 90 
G.3.2_index_4_VS_G.5.4_index_2 [21] PLUS 1 
20131218,20131219,20131222,20131223,20131225,20131227,20131228,20131229,20131230,20131231,20140101,20140102,20140103,20140104,20140105,20140108,20140111,20140113,20140114,20140115,20140116,20140122,20140123,20140126 
