======== Current: 20140108 ========= 
Number is 19 
G.4.2_index_3_VS_G.4.4_index_4 [1] PLUS 1 
20131218,20131219,20131221,20131223,20131226,20131227,20131228,20131229,20140102,20140103,20140104,20140105,20140106,20140107,20140108 
Number is 31 
G.3.4_index_5_VS_G.4.2_index_3 [2] 
20131219,20131220,20131221,20131223,20131226,20140102,20140103,20140104,20140105,20140106,20140107 
Number is 37 
G.5.1_index_3_VS_G.1.1_index_3 [3] 
20131215,20131218,20131220,20131221,20131223,20131225,20131227,20131228,20131230,20140101,20140102,20140103,20140104,20140105,20140106,20140107 
Number is 38 
G.1.1_index_5_VS_G.6.3_index_1 [4] PLUS 1 
20131217,20131218,20131220,20131221,20131223,20131224,20131225,20131226,20131227,20140102,20140103,20140104,20140105,20140106,20140107,20140108,20140109 
Number is 43 
G.4.1_index_1_VS_G.1.1_index_4 [5] 
20131218,20131223,20131225,20131226,20140101,20140102,20140103,20140104,20140105,20140106,20140107 
Number is 44 
G.4.3_index_4_VS_G.2.1_index_2 [6] 
20131215,20131219,20131220,20131224,20131227,20131228,20131231,20140102,20140103,20140104,20140105,20140106,20140107,20140109 
Number is 52 
G.DB_index_2_VS_G.5.6_index_4 [7] 
20131215,20131217,20131221,20131222,20131223,20131224,20131225,20131226,20131227,20131228,20131229,20131230,20140101,20140102,20140103,20140104,20140105,20140106,20140107 
Number is 58 
G.3.2_index_3_VS_G.7.3_index_2 [8] 
20131215,20131216,20131218,20131220,20131223,20131224,20131225,20131226,20131227,20131228,20131229,20140102,20140103,20140104,20140105,20140106,20140107,20140109 
Number is 61 
G.1.1_index_1_VS_G.DB_index_5 [9] 
20131216,20131218,20131219,20131221,20131223,20131224,20131225,20131226,20131229,20140101,20140102,20140103,20140104,20140105,20140106,20140107,20140109 
Number is 94 
G.4.4_index_4_VS_G.7.2_index_1 [10] PLUS 1 
20131215,20131217,20131218,20131222,20131223,20131224,20131227,20131229,20140101,20140102,20140103,20140104,20140105,20140106,20140107,20140108 
G.2.1_index_1_VS_G.3.1_index_3 [11] PLUS 1 
20131215,20131216,20131218,20131222,20131223,20131225,20131226,20131227,20140102,20140103,20140104,20140105,20140106,20140107,20140108,20140109 
G.DB_index_4_VS_G.3.4_index_3 [12] PLUS 1 
20131216,20131218,20131220,20131222,20131225,20131228,20140102,20140103,20140104,20140105,20140106,20140107,20140108,20140109 
