======== Current: 20140109 ========= 
Number is 19 
G.4.2_index_3_VS_G.4.4_index_4 [1] 
20131218,20131219,20131221,20131223,20131226,20131227,20131228,20131229,20140102,20140103,20140104,20140105,20140106,20140107,20140108,20140111,20140113,20140114,20140121 
Number is 27 
G.2.1_index_2_VS_G.2.1_index_1 [2] PLUS 1 
20131215,20131216,20131218,20131219,20131221,20131224,20131227,20140103,20140104,20140105,20140106,20140107,20140108,20140109,20140111,20140116,20140119,20140120,20140123,20140125,20140126,20140128 
Number is 57 
G.7.3_index_2_VS_G.1.1_index_5 [3] 
20131218,20131222,20131223,20131226,20131227,20131228,20131229,20131231,20140103,20140104,20140105,20140106,20140107,20140108,20140110,20140111,20140113,20140114,20140119,20140120,20140121,20140123,20140124,20140126 
Number is 77 
G.1.1_index_5_VS_G.6.3_index_1 [4] PLUS 1 
20131217,20131218,20131220,20131221,20131223,20131224,20131225,20131226,20131227,20140102,20140103,20140104,20140105,20140106,20140107,20140108,20140109,20140111,20140112,20140113,20140120,20140123,20140128 
Number is 78 
G.2.1_index_1_VS_G.3.1_index_3 [5] PLUS 1 
20131215,20131216,20131218,20131222,20131223,20131225,20131226,20131227,20140102,20140103,20140104,20140105,20140106,20140107,20140108,20140109,20140111,20140113,20140115,20140117,20140127 
Number is 89 
G.DB_index_4_VS_G.3.4_index_3 [6] PLUS 1 
20131216,20131218,20131220,20131222,20131225,20131228,20140102,20140103,20140104,20140105,20140106,20140107,20140108,20140109,20140111,20140114,20140115,20140117,20140120,20140126 
Number is 91 
G.4.4_index_4_VS_G.7.2_index_1 [7] 
20131215,20131217,20131218,20131222,20131223,20131224,20131227,20131229,20140101,20140102,20140103,20140104,20140105,20140106,20140107,20140108,20140110,20140111,20140113,20140117,20140120,20140125,20140127 
Number is 96 
G.3.4_index_3_VS_G.7.1_index_1 [8] 
20131216,20131217,20131220,20131224,20131227,20131229,20131231,20140101,20140103,20140104,20140105,20140106,20140107,20140108,20140112,20140113,20140114,20140116,20140121,20140125,20140126,20140128 
Number is 99 
G.3.5_index_5_VS_G.3.4_index_3 [9] 
20131215,20131216,20131218,20131220,20131222,20131227,20131229,20140101,20140103,20140104,20140105,20140106,20140107,20140108,20140110,20140111,20140114,20140122,20140128 
