======== Current: 20140112 ========= 
Number is 01 
G.6.2_index_3_VS_G.1.1_index_4 [1] 
20131217,20131218,20131221,20131224,20131230,20140102,20140104,20140105,20140106,20140107,20140108,20140109,20140110,20140111,20140116,20140117,20140119,20140120,20140122,20140125,20140126 
Number is 08 
G.3.2_index_4_VS_G.7.3_index_2 [2] 
20131217,20131222,20131223,20131225,20131227,20131229,20140101,20140106,20140107,20140108,20140109,20140110,20140111,20140113,20140114,20140116,20140119,20140120,20140122,20140124,20140125,20140127 
Number is 10 
G.4.3_index_3_VS_G.4.2_index_1 [3] 
20131215,20131218,20131220,20131221,20131222,20131230,20131231,20140101,20140102,20140103,20140106,20140107,20140108,20140109,20140110,20140111,20140115,20140122,20140126 
Number is 22 
G.2.2_index_3_VS_G.5.6_index_2 [4] 
20131216,20131220,20131221,20131226,20131229,20140102,20140105,20140106,20140107,20140108,20140109,20140110,20140111,20140113,20140114,20140115,20140116,20140124,20140125,20140127,20140128 
G.3.6_index_3_VS_G.3.2_index_5 [5] 
20131215,20131220,20131223,20131225,20131227,20131228,20131229,20131230,20131231,20140102,20140106,20140107,20140108,20140109,20140110,20140111,20140113,20140114,20140115,20140117,20140119,20140120,20140121,20140126,20140128 
Number is 40 
G.DB_index_3_VS_G.5.1_index_4 [6] PLUS 1 
20131215,20131221,20131226,20140105,20140106,20140107,20140108,20140109,20140110,20140111,20140112,20140114,20140116,20140119,20140120,20140121,20140122,20140123,20140124,20140125,20140126,20140127,20140128 
Number is 46 
G.3.1_index_4_VS_G.5.4_index_1 [7] 
20131217,20131219,20131220,20131221,20131223,20131224,20131225,20131227,20131228,20131230,20140101,20140102,20140105,20140106,20140107,20140108,20140109,20140110,20140111,20140114,20140119,20140121,20140122,20140127 
Number is 50 
G.3.2_index_3_VS_G.1.1_index_1 [8] 
20131216,20131218,20131224,20131225,20131226,20131228,20131229,20131230,20131231,20140102,20140103,20140104,20140106,20140107,20140108,20140109,20140110,20140111,20140113,20140118,20140121,20140125,20140126 
Number is 56 
G.1.1_index_3_VS_G.7.2_index_2 [9] PLUS 1 
20131218,20131219,20131222,20131224,20131225,20131226,20131227,20131229,20131231,20140105,20140106,20140107,20140108,20140109,20140110,20140111,20140112,20140118,20140121,20140124,20140125,20140127,20140128 
Number is 68 
G.1.1_index_2_VS_G.7.3_index_2 [10] 
20131217,20131218,20131219,20131220,20131225,20131226,20131227,20131228,20131231,20140103,20140105,20140106,20140107,20140108,20140109,20140110,20140111,20140113,20140114,20140120,20140121,20140122,20140123,20140124,20140125 
Number is 69 
G.1.1_index_2_VS_G.3.1_index_3 [11] PLUS 1 
20131215,20131221,20131223,20131225,20131226,20140103,20140105,20140106,20140107,20140108,20140109,20140110,20140111,20140112,20140115,20140120,20140125 
Number is 70 
G.5.4_index_2_VS_G.5.5_index_2 [12] 
20131215,20131218,20131219,20131221,20131222,20131225,20131230,20140101,20140103,20140106,20140107,20140108,20140109,20140110,20140111,20140114,20140128 
Number is 75 
G.5.4_index_2_VS_G.1.1_index_3 [13] 
20131216,20131217,20131219,20131223,20131227,20131228,20140102,20140103,20140105,20140106,20140107,20140108,20140109,20140110,20140111,20140114,20140116,20140117,20140120,20140121,20140124 
Number is 82 
G.3.1_index_1_VS_G.DB_index_5 [14] 
20131216,20131218,20131219,20131220,20131223,20131225,20131227,20131231,20140101,20140102,20140103,20140105,20140106,20140107,20140108,20140109,20140110,20140111,20140113,20140114,20140116,20140123,20140125,20140126,20140127 
Number is 86 
G.4.1_index_1_VS_G.3.6_index_2 [15] 
20131216,20131218,20131222,20131223,20131226,20140103,20140106,20140107,20140108,20140109,20140110,20140111,20140115,20140117,20140119,20140120,20140122,20140124,20140125 
Number is 88 
G.5.6_index_4_VS_G.1.1_index_5 [16] 
20131216,20131218,20131223,20131224,20131226,20131227,20131231,20140102,20140103,20140104,20140106,20140107,20140108,20140109,20140110,20140111,20140117,20140119,20140121,20140122,20140123,20140125,20140126,20140127,20140128 
Number is 92 
G.5.2_index_4_VS_G.3.2_index_5 [17] PLUS 1 
20131215,20131218,20131219,20131220,20131221,20131222,20131225,20131227,20131228,20131229,20131230,20140103,20140106,20140107,20140108,20140109,20140110,20140111,20140112,20140115,20140119,20140124,20140125,20140126,20140128 
G.3.4_index_3_VS_G.2.2_index_3 [18] PLUS 1 
20131217,20131220,20131222,20131225,20131227,20131228,20131231,20140106,20140107,20140108,20140109,20140110,20140111,20140112,20140113,20140114,20140115,20140118,20140120,20140123,20140124,20140128 
Number is 94 
G.2.2_index_5_VS_G.7.2_index_1 [19] 
20131215,20131217,20131218,20131219,20131224,20140103,20140106,20140107,20140108,20140109,20140110,20140111,20140114,20140116,20140119,20140121,20140122,20140123,20140127,20140128 
