======== Current: 20140113 ========= 
Number is 01 
G.1.1_index_3_VS_G.7.2_index_2 [1] 
20131218,20131219,20131222,20131224,20131225,20131226,20131227,20131229,20131231,20140105,20140106,20140107,20140108,20140109,20140110,20140111,20140112 
Number is 13 
G.5.6_index_4_VS_G.7.1_index_2 [2] 
20131215,20131216,20131222,20131224,20131225,20131227,20131228,20131230,20140101,20140102,20140105,20140107,20140108,20140109,20140110,20140111,20140112 
G.5.5_index_1_VS_G.3.1_index_2 [3] 
20131215,20131216,20131217,20131218,20131220,20131221,20131224,20131225,20131227,20131229,20140101,20140105,20140107,20140108,20140109,20140110,20140111,20140112 
Number is 20 
G.1.1_index_5_VS_G.2.1_index_3 [4] 
20131216,20131217,20131218,20131223,20131224,20131227,20131228,20131231,20140103,20140107,20140108,20140109,20140110,20140111,20140112 
Number is 21 
G.3.5_index_1_VS_G.5.6_index_4 [5] 
20131217,20131219,20131222,20131224,20131225,20131227,20131228,20131231,20140101,20140102,20140107,20140108,20140109,20140110,20140111,20140112 
Number is 22 
G.7.3_index_1_VS_G.3.5_index_1 [6] 
20131219,20131221,20131223,20131225,20131231,20140103,20140105,20140107,20140108,20140109,20140110,20140111,20140112 
G.4.4_index_1_VS_G.7.3_index_1 [7] 
20131217,20131218,20131221,20131222,20131223,20131229,20140103,20140107,20140108,20140109,20140110,20140111,20140112 
Number is 24 
G.3.4_index_4_VS_G.3.5_index_5 [8] PLUS 1 
20131220,20131222,20131223,20131224,20131225,20131229,20140101,20140107,20140108,20140109,20140110,20140111,20140112,20140113 
Number is 30 
G.7.1_index_2_VS_G.1.1_index_1 [9] PLUS 1 
20131215,20131217,20131222,20131224,20131226,20131227,20131228,20131230,20140101,20140105,20140107,20140108,20140109,20140110,20140111,20140112,20140113 
Number is 35 
G.2.1_index_1_VS_G.7.2_index_1 [10] 
20131215,20131222,20131225,20131227,20131229,20140103,20140105,20140107,20140108,20140109,20140110,20140111,20140112 
Number is 39 
G.5.5_index_3_VS_G.3.6_index_1 [11] 
20131216,20131218,20131219,20131225,20140103,20140105,20140107,20140108,20140109,20140110,20140111,20140112 
G.5.4_index_1_VS_G.2.2_index_3 [12] 
20131215,20131216,20131217,20131218,20131221,20131223,20131224,20131226,20131227,20131228,20140103,20140105,20140107,20140108,20140109,20140110,20140111,20140112 
Number is 48 
G.1.1_index_2_VS_G.3.1_index_3 [13] 
20131215,20131221,20131223,20131225,20131226,20140103,20140105,20140106,20140107,20140108,20140109,20140110,20140111,20140112 
G.DB_index_3_VS_G.5.1_index_4 [14] 
20131215,20131221,20131226,20140105,20140106,20140107,20140108,20140109,20140110,20140111,20140112 
G.3.6_index_3_VS_G.3.3_index_5 [15] 
20131216,20131220,20131221,20131223,20131224,20131226,20140102,20140107,20140108,20140109,20140110,20140111,20140112 
Number is 70 
G.6.1_index_2_VS_G.1.1_index_3 [16] 
20131220,20131223,20131225,20131227,20131229,20131230,20140101,20140102,20140103,20140105,20140107,20140108,20140109,20140110,20140111,20140112 
Number is 71 
G.6.1_index_2_VS_G.7.2_index_2 [17] 
20131216,20131219,20131223,20131224,20131225,20131226,20131227,20131230,20131231,20140102,20140107,20140108,20140109,20140110,20140111,20140112 
Number is 72 
G.5.2_index_4_VS_G.3.2_index_5 [18] 
20131215,20131218,20131219,20131220,20131221,20131222,20131225,20131227,20131228,20131229,20131230,20140103,20140106,20140107,20140108,20140109,20140110,20140111,20140112 
Number is 73 
G.3.1_index_1_VS_G.7.1_index_2 [19] 
20131215,20131219,20131220,20131222,20131225,20131228,20131230,20131231,20140101,20140102,20140105,20140107,20140108,20140109,20140110,20140111,20140112 
Number is 83 
G.5.1_index_4_VS_G.7.1_index_2 [20] PLUS 1 
20131215,20131221,20131223,20131224,20131225,20131226,20131230,20131231,20140107,20140108,20140109,20140110,20140111,20140112,20140113 
Number is 99 
G.3.4_index_3_VS_G.2.2_index_3 [21] PLUS 1 
20131217,20131220,20131222,20131225,20131227,20131228,20131231,20140106,20140107,20140108,20140109,20140110,20140111,20140112,20140113 
