======== Current: 20140115 ========= 
Number is 04 
G.7.2_index_1_VS_G.1.1_index_5 [1] 
20131215,20131218,20131220,20131222,20131223,20131224,20131226,20140104,20140107,20140109,20140110,20140111,20140112,20140113,20140114,20140117,20140119,20140120,20140122,20140123,20140125,20140127 
Number is 09 
G.7.2_index_1_VS_G.7.3_index_1 [2] 
20131215,20131217,20131218,20131219,20131224,20131225,20131228,20131231,20140103,20140106,20140107,20140109,20140110,20140111,20140112,20140113,20140114,20140116,20140118,20140120,20140121,20140123,20140125 
Number is 11 
G.5.2_index_3_VS_G.3.6_index_1 [3] 
20131215,20131220,20131225,20131228,20131229,20131230,20140102,20140109,20140110,20140111,20140112,20140113,20140114,20140122,20140125,20140126,20140127 
Number is 12 
G.6.1_index_1_VS_G.4.2_index_2 [4] 
20131215,20131216,20131217,20131219,20131225,20131227,20131230,20131231,20140101,20140105,20140109,20140110,20140111,20140112,20140113,20140114,20140119,20140124,20140125 
Number is 14 
G.3.5_index_5_VS_G.6.1_index_3 [5] 
20131215,20131217,20131218,20131228,20131231,20140105,20140107,20140109,20140110,20140111,20140112,20140113,20140114,20140119,20140121,20140122,20140125,20140126 
Number is 17 
G.3.5_index_5_VS_G.6.1_index_2 [6] PLUS 1 
20131216,20131217,20131218,20131222,20131225,20131226,20131229,20131230,20140102,20140103,20140104,20140105,20140108,20140109,20140110,20140111,20140112,20140113,20140114,20140115,20140117,20140119,20140120,20140121,20140123 
Number is 19 
G.3.5_index_5_VS_G.7.4_index_1 [7] PLUS 1 
20131216,20131217,20131218,20131224,20131226,20131227,20131228,20131230,20131231,20140101,20140102,20140103,20140108,20140109,20140110,20140111,20140112,20140113,20140114,20140115,20140117,20140119,20140127 
Number is 20 
G.4.2_index_2_VS_G.7.1_index_1 [8] 
20131219,20131220,20131222,20131224,20131225,20131227,20131230,20131231,20140102,20140105,20140106,20140107,20140109,20140110,20140111,20140112,20140113,20140114,20140116,20140117,20140118,20140119,20140121,20140125,20140126,20140127,20140128 
Number is 22 
G.4.2_index_2_VS_G.3.4_index_1 [9] 
20131215,20131218,20131219,20131221,20131222,20131223,20131226,20140101,20140102,20140103,20140105,20140109,20140110,20140111,20140112,20140113,20140114,20140116,20140119,20140120,20140125,20140126,20140127 
Number is 28 
G.4.2_index_2_VS_G.4.4_index_2 [10] PLUS 1 
20131216,20131218,20131219,20131223,20131227,20140103,20140105,20140106,20140109,20140110,20140111,20140112,20140113,20140114,20140115,20140121,20140124,20140127 
Number is 37 
G.5.1_index_2_VS_G.3.2_index_5 [11] PLUS 1 
20131215,20131216,20131219,20131221,20131223,20131225,20131226,20131227,20140101,20140103,20140105,20140106,20140107,20140109,20140110,20140111,20140112,20140113,20140114,20140115,20140118,20140119,20140121,20140125,20140126,20140127 
Number is 41 
G.1.1_index_5_VS_G.3.5_index_5 [12] 
20131217,20131219,20131220,20131221,20131223,20131225,20131227,20131228,20131229,20140102,20140103,20140105,20140107,20140109,20140110,20140111,20140112,20140113,20140114,20140117,20140119,20140120,20140121,20140125,20140126,20140128 
Number is 47 
G.3.4_index_3_VS_G.2.2_index_3 [13] PLUS 1 
20131217,20131220,20131222,20131225,20131227,20131228,20131231,20140106,20140107,20140108,20140109,20140110,20140111,20140112,20140113,20140114,20140115,20140118,20140120,20140123,20140124,20140128 
Number is 50 
G.1.1_index_2_VS_G.DB_index_5 [14] 
20131217,20131219,20131220,20131221,20131223,20131228,20131229,20140103,20140104,20140105,20140108,20140109,20140110,20140111,20140112,20140113,20140114,20140120,20140123,20140126 
Number is 56 
G.1.1_index_2_VS_G.4.3_index_4 [15] 
20131215,20131218,20131219,20131223,20131226,20131227,20131228,20131230,20140104,20140108,20140109,20140110,20140111,20140112,20140113,20140114 
Number is 57 
G.5.1_index_4_VS_G.3.2_index_5 [16] PLUS 1 
20131215,20131216,20131217,20131218,20131219,20131220,20131221,20131228,20131229,20131230,20140102,20140103,20140106,20140109,20140110,20140111,20140112,20140113,20140114,20140115,20140121,20140122,20140123,20140128 
Number is 59 
G.1.1_index_2_VS_G.3.2_index_1 [17] PLUS 1 
20131218,20131219,20131224,20131227,20131228,20131229,20131230,20140101,20140104,20140105,20140106,20140108,20140109,20140110,20140111,20140112,20140113,20140114,20140115,20140117,20140122,20140127 
Number is 60 
G.3.1_index_4_VS_G.DB_index_5 [18] PLUS 1 
20131218,20131219,20131220,20131223,20131224,20131225,20131226,20131227,20131228,20131229,20131231,20140101,20140104,20140107,20140109,20140110,20140111,20140112,20140113,20140114,20140115,20140117,20140118,20140119,20140120,20140121,20140122,20140123,20140124,20140125,20140127,20140128 
Number is 64 
G.3.5_index_4_VS_G.3.4_index_3 [19] 
20131215,20131217,20131220,20131222,20131224,20131225,20131227,20131229,20140104,20140106,20140109,20140110,20140111,20140112,20140113,20140114,20140116,20140119,20140123,20140124,20140128 
Number is 70 
G.3.2_index_5_VS_G.7.2_index_1 [20] PLUS 1 
20131215,20131217,20131218,20131220,20131223,20131228,20131229,20131230,20140101,20140102,20140103,20140104,20140106,20140107,20140109,20140110,20140111,20140112,20140113,20140114,20140115,20140118,20140119,20140121,20140124,20140126,20140127 
Number is 71 
G.3.4_index_4_VS_G.3.5_index_5 [21] PLUS 1 
20131220,20131222,20131223,20131224,20131225,20131229,20140101,20140107,20140108,20140109,20140110,20140111,20140112,20140113,20140114,20140115,20140117,20140122,20140123 
Number is 72 
G.4.1_index_1_VS_G.6.3_index_1 [22] 
20131216,20131218,20131222,20131223,20131225,20131226,20131229,20131230,20140102,20140103,20140104,20140106,20140109,20140110,20140111,20140112,20140113,20140114,20140116,20140118,20140123,20140124,20140127 
Number is 73 
G.3.1_index_3_VS_G.5.1_index_3 [23] PLUS 1 
20131215,20131217,20131223,20131226,20131231,20140101,20140102,20140109,20140110,20140111,20140112,20140113,20140114,20140115,20140119,20140120,20140122,20140126,20140127,20140128 
Number is 75 
G.3.4_index_4_VS_G.1.1_index_2 [24] PLUS 1 
20131218,20131223,20131227,20131228,20131229,20131231,20140102,20140105,20140106,20140107,20140109,20140110,20140111,20140112,20140113,20140114,20140115,20140118,20140119,20140121,20140128 
Number is 77 
G.5.5_index_1_VS_G.DB_index_4 [25] 
20131215,20131218,20131220,20131221,20131222,20140101,20140103,20140104,20140105,20140108,20140109,20140110,20140111,20140112,20140113,20140114,20140116,20140120,20140125,20140126 
G.6.1_index_2_VS_G.3.6_index_5 [26] 
20131217,20131223,20131225,20131227,20131228,20131230,20140101,20140102,20140103,20140109,20140110,20140111,20140112,20140113,20140114,20140118,20140119,20140120,20140123 
Number is 78 
G.4.1_index_1_VS_G.4.2_index_3 [27] PLUS 1 
20131216,20131218,20131220,20131221,20131224,20131225,20131228,20131229,20140103,20140106,20140108,20140109,20140110,20140111,20140112,20140113,20140114,20140115,20140116,20140121,20140122,20140124,20140125,20140126,20140128 
Number is 92 
G.7.2_index_2_VS_G.4.2_index_2 [28] 
20131216,20131220,20131222,20131227,20131228,20131230,20131231,20140101,20140103,20140104,20140106,20140109,20140110,20140111,20140112,20140113,20140114,20140116,20140118,20140121,20140122,20140125,20140128 
