======== Current: 20140119 ========= 
Number is 00 
G.3.2_index_4_VS_G.5.1_index_2 [1] 
20131218,20131219,20131220,20131221,20131224,20131226,20131227,20131229,20140110,20140113,20140114,20140115,20140116,20140117,20140118 
Number is 07 
G.5.5_index_2_VS_G.3.2_index_3 [2] PLUS 1 
20131216,20131219,20131221,20131223,20131224,20131229,20131230,20140103,20140105,20140111,20140113,20140114,20140115,20140116,20140117,20140118,20140119 
Number is 08 
G.5.1_index_2_VS_G.5.2_index_1 [3] 
20131215,20131216,20131218,20131221,20131223,20131224,20131229,20131230,20140102,20140103,20140104,20140105,20140108,20140110,20140112,20140113,20140114,20140115,20140116,20140117,20140118 
Number is 11 
G.5.6_index_1_VS_G.3.5_index_1 [4] 
20131219,20131220,20131231,20140109,20140110,20140111,20140113,20140114,20140115,20140116,20140117,20140118 
Number is 16 
G.4.1_index_1_VS_G.5.4_index_3 [5] PLUS 1 
20131216,20131222,20131227,20131231,20140101,20140103,20140104,20140109,20140110,20140112,20140113,20140114,20140115,20140116,20140117,20140118,20140119 
Number is 31 
G.3.2_index_5_VS_G.3.5_index_5 [6] 
20131220,20131221,20131222,20131225,20131226,20131227,20131230,20131231,20140101,20140103,20140104,20140108,20140109,20140110,20140112,20140113,20140114,20140115,20140116,20140117,20140118 
Number is 36 
G.4.4_index_1_VS_G.5.4_index_3 [7] PLUS 1 
20131219,20131222,20131225,20131231,20140103,20140107,20140108,20140109,20140111,20140113,20140114,20140115,20140116,20140117,20140118,20140119 
Number is 39 
G.6.2_index_3_VS_G.5.4_index_2 [8] PLUS 1 
20131217,20131219,20131220,20131221,20131228,20131231,20140103,20140104,20140109,20140110,20140111,20140113,20140114,20140115,20140116,20140117,20140118,20140119 
Number is 43 
G.3.5_index_3_VS_G.3.3_index_2 [9] 
20131216,20131217,20131220,20131222,20131223,20131230,20140103,20140108,20140110,20140113,20140114,20140115,20140116,20140117,20140118 
Number is 44 
G.3.4_index_4_VS_G.5.5_index_4 [10] PLUS 1 
20131217,20131226,20131228,20131229,20131230,20140104,20140105,20140108,20140112,20140113,20140114,20140115,20140116,20140117,20140118,20140119 
Number is 61 
G.5.4_index_3_VS_G.6.2_index_2 [11] PLUS 1 
20131219,20131220,20131221,20131222,20131223,20131224,20131227,20131230,20140101,20140104,20140106,20140109,20140110,20140113,20140114,20140115,20140116,20140117,20140118,20140119 
Number is 78 
G.5.5_index_3_VS_G.1.1_index_4 [12] PLUS 1 
20131216,20131218,20131222,20131223,20131224,20131225,20131227,20131231,20140101,20140107,20140108,20140109,20140113,20140114,20140115,20140116,20140117,20140118,20140119 
Number is 81 
G.7.3_index_1_VS_G.3.5_index_5 [13] 
20131216,20131222,20131224,20131226,20131227,20131229,20131230,20140105,20140107,20140108,20140109,20140110,20140112,20140113,20140114,20140115,20140116,20140117,20140118 
Number is 88 
G.7.3_index_1_VS_G.3.4_index_3 [14] 
20131218,20131219,20131224,20131225,20131229,20140103,20140107,20140109,20140110,20140113,20140114,20140115,20140116,20140117,20140118 
Number is 90 
G.3.5_index_4_VS_G.3.1_index_3 [15] 
20131217,20131218,20131220,20131224,20131225,20131226,20131227,20140101,20140102,20140111,20140112,20140113,20140114,20140115,20140116,20140117,20140118 
Number is 92 
G.3.2_index_1_VS_G.5.1_index_1 [16] 
20131215,20131219,20131222,20131223,20131224,20131225,20131227,20131228,20131229,20131230,20131231,20140106,20140109,20140113,20140114,20140115,20140116,20140117,20140118 
Number is 93 
G.5.4_index_2_VS_G.3.3_index_2 [17] PLUS 1 
20131217,20131218,20131219,20131221,20131224,20131225,20131231,20140101,20140103,20140107,20140110,20140113,20140114,20140115,20140116,20140117,20140118,20140119 
