======== Current: 20140122 ========= 
Number is 11 
G.2.2_index_4_VS_G.DB_index_2 [1] 
20131217,20131219,20131223,20131225,20131227,20131229,20131231,20140102,20140105,20140107,20140108,20140112,20140116,20140117,20140118,20140119,20140120,20140121 
Number is 14 
G.6.2_index_3_VS_G.5.6_index_3 [2] PLUS 1 
20131217,20131219,20131220,20131225,20131226,20131231,20140102,20140104,20140105,20140107,20140111,20140114,20140116,20140117,20140118,20140119,20140120,20140121,20140122,20140123,20140125,20140126,20140128 
Number is 16 
G.5.2_index_3_VS_G.5.3_index_1 [3] 
20131216,20131218,20131221,20131222,20131224,20131225,20131227,20131228,20131230,20140106,20140111,20140112,20140114,20140116,20140117,20140118,20140119,20140120,20140121,20140123,20140125,20140128 
Number is 17 
G.5.2_index_3_VS_G.7.3_index_1 [4] 
20131215,20131216,20131219,20131222,20131225,20131227,20131230,20140101,20140106,20140109,20140112,20140114,20140115,20140116,20140117,20140118,20140119,20140120,20140121 
Number is 18 
G.6.2_index_3_VS_G.3.6_index_5 [5] 
20131215,20131217,20131218,20131221,20131230,20140102,20140110,20140115,20140116,20140117,20140118,20140119,20140120,20140121,20140123 
Number is 19 
G.6.2_index_3_VS_G.DB_index_3 [6] 
20131215,20131218,20131221,20131225,20131231,20140103,20140106,20140108,20140110,20140112,20140114,20140116,20140117,20140118,20140119,20140120,20140121,20140123,20140126 
G.6.2_index_3_VS_G.5.4_index_2 [7] 
20131217,20131219,20131220,20131221,20131228,20131231,20140103,20140104,20140109,20140110,20140111,20140113,20140114,20140115,20140116,20140117,20140118,20140119,20140120,20140121,20140123,20140124,20140125,20140126,20140127 
G.3.1_index_3_VS_G.3.4_index_5 [8] 
20131215,20131217,20131218,20131222,20131224,20131225,20131226,20131230,20131231,20140101,20140102,20140105,20140107,20140109,20140111,20140114,20140115,20140116,20140117,20140118,20140119,20140120,20140121,20140124,20140125,20140128 
Number is 24 
G.5.5_index_3_VS_G.1.1_index_4 [9] PLUS 1 
20131216,20131218,20131222,20131223,20131224,20131225,20131227,20131231,20140101,20140107,20140108,20140109,20140113,20140114,20140115,20140116,20140117,20140118,20140119,20140120,20140121,20140122,20140125,20140126,20140127,20140128 
Number is 35 
G.1.1_index_1_VS_G.7.3_index_2 [10] PLUS 1 
20131216,20131218,20131222,20131228,20131231,20140103,20140105,20140107,20140109,20140110,20140115,20140116,20140117,20140118,20140119,20140120,20140121,20140122,20140124,20140125,20140126,20140127,20140128 
Number is 48 
G.5.6_index_3_VS_G.DB_index_5 [11] 
20131219,20131220,20131223,20131224,20131225,20131227,20131230,20131231,20140101,20140102,20140105,20140107,20140108,20140110,20140112,20140113,20140116,20140117,20140118,20140119,20140120,20140121,20140123,20140127 
Number is 51 
G.3.2_index_1_VS_G.6.2_index_3 [12] 
20131216,20131218,20131220,20131221,20131224,20131226,20131230,20140102,20140105,20140106,20140107,20140109,20140111,20140114,20140115,20140116,20140117,20140118,20140119,20140120,20140121,20140125,20140127,20140128 
G.7.3_index_2_VS_G.6.2_index_3 [13] 
20131215,20131218,20131220,20131221,20131225,20131228,20140102,20140106,20140109,20140116,20140117,20140118,20140119,20140120,20140121,20140126,20140128 
Number is 54 
G.6.2_index_1_VS_G.1.1_index_4 [14] 
20131215,20131216,20131222,20131223,20131224,20131225,20131227,20131231,20140101,20140104,20140105,20140108,20140110,20140116,20140117,20140118,20140119,20140120,20140121,20140124,20140125,20140126,20140127 
Number is 57 
G.5.2_index_4_VS_G.3.5_index_1 [15] PLUS 1 
20131215,20131216,20131219,20131221,20131223,20131224,20131225,20131226,20131227,20131229,20131231,20140101,20140105,20140107,20140108,20140109,20140111,20140116,20140117,20140118,20140119,20140120,20140121,20140122,20140124,20140125,20140126 
Number is 62 
G.5.1_index_2_VS_G.5.5_index_3 [16] 
20131215,20131217,20131218,20131219,20131220,20131223,20131224,20131228,20131231,20140101,20140104,20140105,20140109,20140110,20140112,20140113,20140114,20140116,20140117,20140118,20140119,20140120,20140121,20140126,20140127 
Number is 64 
G.5.6_index_4_VS_G.1.1_index_3 [17] PLUS 1 
20131215,20131218,20131220,20131221,20131222,20131223,20131226,20131227,20131228,20131231,20140105,20140106,20140108,20140110,20140115,20140116,20140117,20140118,20140119,20140120,20140121,20140122,20140123,20140125,20140127 
Number is 65 
G.5.6_index_4_VS_G.3.3_index_3 [18] PLUS 1 
20131217,20131218,20131221,20131224,20131225,20131227,20131228,20131231,20140104,20140106,20140109,20140112,20140113,20140116,20140117,20140118,20140119,20140120,20140121,20140122,20140125,20140126 
G.7.2_index_1_VS_G.4.4_index_3 [19] PLUS 1 
20131217,20131222,20131225,20131227,20131229,20131231,20140105,20140106,20140111,20140114,20140116,20140117,20140118,20140119,20140120,20140121,20140122,20140123,20140126 
Number is 67 
G.4.2_index_3_VS_G.3.3_index_2 [20] 
20131217,20131228,20140105,20140108,20140110,20140114,20140115,20140116,20140117,20140118,20140119,20140120,20140121,20140123 
Number is 71 
G.5.4_index_3_VS_G.6.2_index_2 [21] 
20131219,20131220,20131221,20131222,20131223,20131224,20131227,20131230,20140101,20140104,20140106,20140109,20140110,20140113,20140114,20140115,20140116,20140117,20140118,20140119,20140120,20140121,20140123,20140127,20140128 
G.5.4_index_3_VS_G.6.3_index_1 [22] 
20131216,20131225,20131230,20140104,20140106,20140107,20140108,20140109,20140114,20140116,20140117,20140118,20140119,20140120,20140121,20140124,20140126,20140127,20140128 
Number is 75 
G.4.2_index_4_VS_G.4.1_index_3 [23] PLUS 1 
20131219,20131220,20131222,20131224,20131225,20131227,20131228,20140101,20140103,20140106,20140109,20140110,20140112,20140113,20140114,20140116,20140117,20140118,20140119,20140120,20140121,20140122,20140126,20140127 
Number is 76 
G.4.2_index_4_VS_G.4.2_index_3 [24] 
20131220,20131221,20131225,20131226,20131229,20131231,20140101,20140106,20140107,20140108,20140110,20140112,20140114,20140116,20140117,20140118,20140119,20140120,20140121,20140123,20140126 
Number is 77 
G.5.4_index_3_VS_G.3.1_index_5 [25] 
20131216,20131217,20131218,20131219,20131224,20131225,20131226,20131227,20131228,20131231,20140103,20140104,20140114,20140115,20140116,20140117,20140118,20140119,20140120,20140121,20140123,20140126,20140127 
G.5.2_index_2_VS_G.5.4_index_3 [26] 
20131216,20131219,20131220,20131221,20131222,20131223,20131225,20131227,20131228,20131230,20131231,20140104,20140107,20140109,20140113,20140114,20140116,20140117,20140118,20140119,20140120,20140121,20140125 
Number is 85 
G.2.2_index_5_VS_G.7.3_index_2 [27] 
20131215,20131218,20131219,20131225,20131227,20131228,20140107,20140108,20140109,20140110,20140111,20140114,20140116,20140117,20140118,20140119,20140120,20140121,20140123,20140125,20140127 
Number is 87 
G.7.1_index_2_VS_G.5.4_index_3 [28] 
20131215,20131216,20131218,20131219,20131220,20131221,20131222,20131225,20131226,20131227,20131231,20140101,20140102,20140107,20140109,20140110,20140116,20140117,20140118,20140119,20140120,20140121,20140123,20140124,20140127 
G.4.1_index_1_VS_G.5.4_index_3 [29] 
20131216,20131222,20131227,20131231,20140101,20140103,20140104,20140109,20140110,20140112,20140113,20140114,20140115,20140116,20140117,20140118,20140119,20140120,20140121,20140127,20140128 
G.2.2_index_3_VS_G.3.3_index_2 [30] 
20131215,20131216,20131217,20131224,20131225,20131226,20131228,20140103,20140105,20140108,20140110,20140112,20140115,20140116,20140117,20140118,20140119,20140120,20140121,20140124,20140126,20140127,20140128 
G.2.2_index_5_VS_G.7.3_index_1 [31] 
20131215,20131217,20131219,20131223,20131225,20140102,20140103,20140105,20140107,20140108,20140109,20140114,20140116,20140117,20140118,20140119,20140120,20140121,20140123,20140125,20140126,20140127 
Number is 94 
G.3.4_index_5_VS_G.5.3_index_3 [32] 
20131218,20131221,20131222,20131223,20131224,20131225,20131227,20131228,20131230,20140102,20140103,20140104,20140105,20140110,20140111,20140115,20140116,20140117,20140118,20140119,20140120,20140121,20140125,20140127 
Number is 95 
G.2.1_index_4_VS_G.4.4_index_3 [33] 
20131217,20131218,20131224,20131228,20140103,20140109,20140112,20140114,20140116,20140117,20140118,20140119,20140120,20140121,20140123,20140127 
Number is 97 
G.3.4_index_5_VS_G.2.2_index_2 [34] 
20131215,20131220,20131221,20131224,20131226,20131230,20131231,20140102,20140111,20140113,20140115,20140116,20140117,20140118,20140119,20140120,20140121,20140124,20140128 
Number is 98 
G.3.3_index_5_VS_G.7.4_index_1 [35] PLUS 1 
20131216,20131217,20131219,20131221,20131224,20131226,20131228,20131231,20140101,20140103,20140104,20140105,20140106,20140110,20140111,20140112,20140114,20140115,20140116,20140117,20140118,20140119,20140120,20140121,20140122,20140127 
