======== Current: 20140123 ========= 
Number is 00 
G.5.6_index_1_VS_G.3.4_index_5 [1] 
20131217,20131218,20131219,20131220,20131221,20131225,20140101,20140102,20140109,20140110,20140111,20140114,20140117,20140118,20140119,20140120,20140121,20140122,20140126,20140127,20140128 
Number is 05 
G.1.1_index_1_VS_G.7.3_index_2 [2] 
20131216,20131218,20131222,20131228,20131231,20140103,20140105,20140107,20140109,20140110,20140115,20140116,20140117,20140118,20140119,20140120,20140121,20140122,20140124,20140125,20140126,20140127,20140128 
Number is 09 
G.5.2_index_4_VS_G.3.5_index_1 [3] 
20131215,20131216,20131219,20131221,20131223,20131224,20131225,20131226,20131227,20131229,20131231,20140101,20140105,20140107,20140108,20140109,20140111,20140116,20140117,20140118,20140119,20140120,20140121,20140122,20140124,20140125,20140126 
Number is 20 
G.3.3_index_5_VS_G.7.4_index_1 [4] 
20131216,20131217,20131219,20131221,20131224,20131226,20131228,20131231,20140101,20140103,20140104,20140105,20140106,20140110,20140111,20140112,20140114,20140115,20140116,20140117,20140118,20140119,20140120,20140121,20140122,20140127 
Number is 22 
G.7.2_index_1_VS_G.4.4_index_3 [5] PLUS 1 
20131217,20131222,20131225,20131227,20131229,20131231,20140105,20140106,20140111,20140114,20140116,20140117,20140118,20140119,20140120,20140121,20140122,20140123,20140126 
G.7.2_index_1_VS_G.3.6_index_5 [6] PLUS 1 
20131215,20131217,20131218,20131220,20131221,20131224,20131225,20131227,20131228,20131229,20140107,20140110,20140111,20140113,20140115,20140117,20140118,20140119,20140120,20140121,20140122,20140123,20140124 
Number is 23 
G.5.6_index_4_VS_G.3.3_index_3 [7] 
20131217,20131218,20131221,20131224,20131225,20131227,20131228,20131231,20140104,20140106,20140109,20140112,20140113,20140116,20140117,20140118,20140119,20140120,20140121,20140122,20140125,20140126 
Number is 24 
G.5.3_index_1_VS_G.6.1_index_2 [8] PLUS 1 
20131217,20131224,20131227,20131228,20131229,20131230,20131231,20140102,20140103,20140105,20140106,20140109,20140112,20140114,20140115,20140117,20140118,20140119,20140120,20140121,20140122,20140123,20140125 
Number is 28 
G.2.1_index_4_VS_G.4.2_index_2 [9] 
20131215,20131216,20131219,20131223,20131225,20131227,20140101,20140102,20140103,20140105,20140110,20140111,20140113,20140117,20140118,20140119,20140120,20140121,20140122,20140127 
Number is 29 
G.5.6_index_4_VS_G.1.1_index_3 [10] PLUS 1 
20131215,20131218,20131220,20131221,20131222,20131223,20131226,20131227,20131228,20131231,20140105,20140106,20140108,20140110,20140115,20140116,20140117,20140118,20140119,20140120,20140121,20140122,20140123,20140125,20140127 
G.6.2_index_1_VS_G.5.1_index_2 [11] PLUS 1 
20131215,20131217,20131218,20131223,20131225,20131227,20131228,20131229,20131230,20140105,20140107,20140113,20140117,20140118,20140119,20140120,20140121,20140122,20140123,20140125,20140127,20140128 
Number is 30 
G.4.2_index_4_VS_G.4.1_index_3 [12] 
20131219,20131220,20131222,20131224,20131225,20131227,20131228,20140101,20140103,20140106,20140109,20140110,20140112,20140113,20140114,20140116,20140117,20140118,20140119,20140120,20140121,20140122,20140126,20140127 
Number is 33 
G.5.5_index_3_VS_G.1.1_index_4 [13] 
20131216,20131218,20131222,20131223,20131224,20131225,20131227,20131231,20140101,20140107,20140108,20140109,20140113,20140114,20140115,20140116,20140117,20140118,20140119,20140120,20140121,20140122,20140125,20140126,20140127,20140128 
Number is 52 
G.3.1_index_4_VS_G.DB_index_5 [14] PLUS 1 
20131218,20131219,20131220,20131223,20131224,20131225,20131226,20131227,20131228,20131229,20131231,20140101,20140104,20140107,20140109,20140110,20140111,20140112,20140113,20140114,20140115,20140117,20140118,20140119,20140120,20140121,20140122,20140123,20140124,20140125,20140127,20140128 
Number is 59 
G.6.2_index_3_VS_G.5.6_index_3 [15] PLUS 1 
20131217,20131219,20131220,20131225,20131226,20131231,20140102,20140104,20140105,20140107,20140111,20140114,20140116,20140117,20140118,20140119,20140120,20140121,20140122,20140123,20140125,20140126,20140128 
Number is 60 
G.3.4_index_1_VS_G.5.2_index_4 [16] PLUS 1 
20131215,20131216,20131218,20131219,20131222,20131223,20131226,20131229,20131230,20140105,20140108,20140112,20140117,20140118,20140119,20140120,20140121,20140122,20140123,20140126,20140128 
Number is 62 
G.3.4_index_1_VS_G.DB_index_2 [17] PLUS 1 
20131215,20131216,20131218,20131221,20131222,20131224,20131229,20131230,20140103,20140105,20140108,20140113,20140117,20140118,20140119,20140120,20140121,20140122,20140123,20140126,20140128 
Number is 63 
G.4.1_index_1_VS_G.5.5_index_3 [18] PLUS 1 
20131218,20131221,20131222,20131225,20131229,20140101,20140102,20140103,20140105,20140109,20140110,20140112,20140115,20140117,20140118,20140119,20140120,20140121,20140122,20140123,20140125,20140126,20140127 
Number is 67 
G.DB_index_3_VS_G.2.1_index_3 [19] PLUS 1 
20131215,20131216,20131220,20131225,20131226,20131227,20131230,20140102,20140104,20140105,20140108,20140109,20140110,20140113,20140115,20140117,20140118,20140119,20140120,20140121,20140122,20140123,20140128 
Number is 75 
G.4.2_index_1_VS_G.7.3_index_2 [20] 
20131215,20131219,20131220,20131223,20131225,20131226,20131229,20131230,20131231,20140103,20140104,20140108,20140109,20140113,20140117,20140118,20140119,20140120,20140121,20140122,20140124,20140125,20140127 
Number is 86 
G.5.4_index_1_VS_G.3.4_index_1 [21] 
20131218,20131219,20131220,20131221,20131222,20131227,20140105,20140108,20140110,20140114,20140117,20140118,20140119,20140120,20140121,20140122,20140125 
Number is 97 
G.1.1_index_3_VS_G.2.1_index_3 [22] 
20131215,20131216,20131218,20131220,20131221,20131223,20131224,20131225,20131227,20131229,20131230,20131231,20140102,20140108,20140110,20140117,20140118,20140119,20140120,20140121,20140122 
Number is 99 
G.5.6_index_3_VS_G.6.3_index_2 [23] 
20131217,20131220,20131221,20131222,20131223,20131225,20140102,20140105,20140108,20140111,20140114,20140117,20140118,20140119,20140120,20140121,20140122,20140125,20140128 
