======== Current: 20140125 ========= 
Number is 01 
G.2.1_index_4_VS_G.4.1_index_1 [1] 
20131217,20131218,20131224,20131225,20131228,20131229,20140103,20140108,20140109,20140111,20140114,20140115,20140117,20140119,20140120,20140121,20140122,20140123,20140124 
Number is 04 
G.2.1_index_4_VS_G.DB_index_5 [2] 
20131215,20131216,20131217,20131218,20131219,20131220,20131221,20131223,20131227,20131229,20131231,20140102,20140105,20140108,20140112,20140114,20140116,20140119,20140120,20140121,20140122,20140123,20140124,20140126,20140127,20140128 
Number is 07 
G.5.3_index_2_VS_G.1.1_index_4 [3] 
20131215,20131220,20131227,20140101,20140102,20140105,20140109,20140110,20140116,20140119,20140120,20140121,20140122,20140123,20140124 
Number is 09 
G.5.3_index_1_VS_G.4.4_index_3 [4] 
20131217,20131222,20131225,20131227,20131228,20140101,20140107,20140108,20140111,20140114,20140117,20140119,20140120,20140121,20140122,20140123,20140124,20140126,20140127 
Number is 14 
G.4.1_index_1_VS_G.3.3_index_5 [5] 
20131215,20131216,20131222,20131225,20131226,20131227,20131228,20140101,20140107,20140112,20140113,20140115,20140116,20140119,20140120,20140121,20140122,20140123,20140124,20140127 
Number is 18 
G.4.1_index_1_VS_G.3.4_index_5 [6] 
20131216,20131218,20131221,20131223,20131226,20131227,20131229,20131230,20140102,20140103,20140106,20140109,20140110,20140112,20140113,20140115,20140116,20140119,20140120,20140121,20140122,20140123,20140124 
Number is 19 
G.3.6_index_3_VS_G.5.1_index_3 [7] PLUS 1 
20131215,20131217,20131223,20131225,20131228,20140101,20140102,20140103,20140104,20140106,20140107,20140109,20140110,20140112,20140116,20140119,20140120,20140121,20140122,20140123,20140124,20140125,20140127,20140128 
Number is 22 
G.3.2_index_2_VS_G.6.1_index_2 [8] 
20131217,20131218,20131223,20131226,20131227,20131228,20140102,20140104,20140109,20140110,20140112,20140115,20140116,20140117,20140119,20140120,20140121,20140122,20140123,20140124,20140127 
Number is 31 
G.4.1_index_4_VS_G.6.2_index_1 [9] PLUS 1 
20131215,20131225,20131228,20131231,20140101,20140103,20140104,20140105,20140106,20140108,20140110,20140111,20140112,20140115,20140116,20140119,20140120,20140121,20140122,20140123,20140124,20140125,20140126 
Number is 32 
G.7.3_index_2_VS_G.3.1_index_1 [10] 
20131215,20131216,20131218,20131220,20131222,20131226,20131227,20131228,20131231,20140101,20140103,20140104,20140105,20140107,20140109,20140111,20140113,20140114,20140118,20140119,20140120,20140121,20140122,20140123,20140124,20140127,20140128 
Number is 34 
G.7.3_index_2_VS_G.3.5_index_1 [11] PLUS 1 
20131216,20131217,20131219,20131220,20131223,20131227,20131229,20131230,20140101,20140106,20140107,20140108,20140109,20140112,20140113,20140116,20140117,20140119,20140120,20140121,20140122,20140123,20140124,20140125,20140126 
Number is 35 
G.7.3_index_2_VS_G.5.1_index_2 [12] 
20131215,20131216,20131217,20131218,20131219,20131221,20131223,20131225,20131226,20131229,20131230,20131231,20140103,20140105,20140106,20140109,20140110,20140112,20140115,20140118,20140119,20140120,20140121,20140122,20140123,20140124,20140126,20140127,20140128 
Number is 36 
G.7.3_index_2_VS_G.3.6_index_1 [13] PLUS 1 
20131215,20131218,20131222,20131225,20131226,20131228,20131229,20131231,20140106,20140107,20140108,20140111,20140112,20140114,20140118,20140119,20140120,20140121,20140122,20140123,20140124,20140125,20140126 
Number is 50 
G.3.6_index_5_VS_G.5.3_index_1 [14] PLUS 1 
20131217,20131220,20131221,20131224,20131225,20131227,20140101,20140102,20140103,20140107,20140111,20140113,20140114,20140115,20140117,20140119,20140120,20140121,20140122,20140123,20140124,20140125,20140126,20140127,20140128 
G.DB_index_3_VS_G.5.1_index_4 [15] PLUS 1 
20131215,20131221,20131226,20140105,20140106,20140107,20140108,20140109,20140110,20140111,20140112,20140114,20140116,20140119,20140120,20140121,20140122,20140123,20140124,20140125,20140126,20140127,20140128 
Number is 53 
G.5.2_index_1_VS_G.3.4_index_2 [16] 
20131215,20131220,20131224,20131225,20131227,20131230,20131231,20140102,20140107,20140108,20140110,20140111,20140112,20140113,20140114,20140117,20140119,20140120,20140121,20140122,20140123,20140124,20140126,20140127 
Number is 61 
G.6.3_index_2_VS_G.DB_index_1 [17] PLUS 1 
20131215,20131217,20131223,20131227,20131228,20140102,20140105,20140108,20140111,20140115,20140116,20140119,20140120,20140121,20140122,20140123,20140124,20140125,20140127 
Number is 63 
G.7.4_index_2_VS_G.2.2_index_2 [18] PLUS 1 
20131215,20131217,20131219,20131224,20131226,20131230,20131231,20140105,20140106,20140112,20140113,20140114,20140116,20140118,20140119,20140120,20140121,20140122,20140123,20140124,20140125,20140126,20140127 
Number is 65 
G.7.2_index_1_VS_G.3.6_index_5 [19] 
20131215,20131217,20131218,20131220,20131221,20131224,20131225,20131227,20131228,20131229,20140107,20140110,20140111,20140113,20140115,20140117,20140118,20140119,20140120,20140121,20140122,20140123,20140124 
Number is 70 
G.2.2_index_5_VS_G.2.1_index_4 [20] 
20131215,20131216,20131217,20131218,20131219,20131221,20131223,20131225,20131227,20140103,20140107,20140109,20140112,20140113,20140116,20140119,20140120,20140121,20140122,20140123,20140124,20140126,20140127 
Number is 84 
G.3.1_index_4_VS_G.DB_index_5 [21] PLUS 1 
20131218,20131219,20131220,20131223,20131224,20131225,20131226,20131227,20131228,20131229,20131231,20140101,20140104,20140107,20140109,20140110,20140111,20140112,20140113,20140114,20140115,20140117,20140118,20140119,20140120,20140121,20140122,20140123,20140124,20140125,20140127,20140128 
