======== Current: 20140127 ========= 
Number is 05 
G.7.4_index_2_VS_G.2.2_index_2 [1] PLUS 1 
20131215,20131217,20131219,20131224,20131226,20131230,20131231,20140105,20140106,20140112,20140113,20140114,20140116,20140118,20140119,20140120,20140121,20140122,20140123,20140124,20140125,20140126,20140127 
Number is 12 
G.4.1_index_4_VS_G.6.2_index_1 [2] 
20131215,20131225,20131228,20131231,20140101,20140103,20140104,20140105,20140106,20140108,20140110,20140111,20140112,20140115,20140116,20140119,20140120,20140121,20140122,20140123,20140124,20140125,20140126 
Number is 17 
G.3.6_index_1_VS_G.3.4_index_4 [3] PLUS 1 
20131215,20131218,20131219,20131224,20131228,20131231,20140104,20140105,20140107,20140109,20140112,20140113,20140114,20140115,20140116,20140120,20140121,20140122,20140123,20140124,20140125,20140126,20140127,20140128 
Number is 22 
G.6.2_index_1_VS_G.5.6_index_4 [4] 
20131215,20131216,20131218,20131223,20131224,20131225,20131227,20131228,20140105,20140106,20140112,20140119,20140121,20140122,20140123,20140124,20140125,20140126,20140128 
Number is 26 
G.5.6_index_4_VS_G.4.4_index_3 [5] PLUS 1 
20131224,20131226,20131228,20131231,20140102,20140104,20140106,20140107,20140108,20140111,20140116,20140118,20140119,20140121,20140122,20140123,20140124,20140125,20140126,20140127,20140128 
Number is 31 
G.4.4_index_1_VS_G.6.3_index_3 [6] 
20131215,20131216,20131218,20131221,20131222,20131227,20131231,20140102,20140103,20140105,20140110,20140111,20140114,20140116,20140117,20140119,20140121,20140122,20140123,20140124,20140125,20140126 
G.7.3_index_2_VS_G.3.6_index_1 [7] 
20131215,20131218,20131222,20131225,20131226,20131228,20131229,20131231,20140106,20140107,20140108,20140111,20140112,20140114,20140118,20140119,20140120,20140121,20140122,20140123,20140124,20140125,20140126 
Number is 37 
G.7.3_index_2_VS_G.3.5_index_1 [8] 
20131216,20131217,20131219,20131220,20131223,20131227,20131229,20131230,20140101,20140106,20140107,20140108,20140109,20140112,20140113,20140116,20140117,20140119,20140120,20140121,20140122,20140123,20140124,20140125,20140126 
Number is 40 
G.2.1_index_2_VS_G.5.3_index_3 [9] PLUS 1 
20131221,20131222,20131223,20131224,20131225,20131227,20140101,20140103,20140109,20140110,20140111,20140114,20140116,20140121,20140122,20140123,20140124,20140125,20140126,20140127 
Number is 41 
G.DB_index_3_VS_G.5.1_index_4 [10] PLUS 1 
20131215,20131221,20131226,20140105,20140106,20140107,20140108,20140109,20140110,20140111,20140112,20140114,20140116,20140119,20140120,20140121,20140122,20140123,20140124,20140125,20140126,20140127,20140128 
Number is 46 
G.DB_index_3_VS_G.4.2_index_1 [11] 
20131215,20131216,20131225,20131230,20140102,20140103,20140105,20140106,20140107,20140108,20140111,20140112,20140113,20140115,20140117,20140118,20140119,20140121,20140122,20140123,20140124,20140125,20140126,20140128 
Number is 47 
G.4.3_index_3_VS_G.4.2_index_3 [12] 
20131215,20131217,20131219,20131221,20131224,20131231,20140102,20140106,20140108,20140109,20140110,20140112,20140114,20140115,20140116,20140117,20140121,20140122,20140123,20140124,20140125,20140126 
G.2.1_index_2_VS_G.1.1_index_2 [13] 
20131215,20131218,20131223,20131224,20131229,20131230,20131231,20140104,20140106,20140107,20140108,20140110,20140111,20140112,20140113,20140121,20140122,20140123,20140124,20140125,20140126 
Number is 51 
G.5.2_index_4_VS_G.3.6_index_1 [14] 
20131215,20131218,20131219,20131224,20131226,20131228,20131230,20140102,20140105,20140107,20140109,20140116,20140118,20140119,20140121,20140122,20140123,20140124,20140125,20140126 
Number is 52 
G.5.5_index_2_VS_G.5.5_index_3 [15] PLUS 1 
20131217,20131218,20131222,20131223,20131225,20131227,20131229,20140111,20140113,20140114,20140116,20140117,20140119,20140121,20140122,20140123,20140124,20140125,20140126,20140127 
Number is 55 
G.5.2_index_4_VS_G.5.4_index_3 [16] PLUS 1 
20131215,20131216,20131219,20131222,20131224,20131225,20131226,20131227,20131230,20131231,20140101,20140103,20140107,20140113,20140115,20140118,20140119,20140121,20140122,20140123,20140124,20140125,20140126,20140127 
Number is 63 
G.3.6_index_5_VS_G.5.3_index_1 [17] PLUS 1 
20131217,20131220,20131221,20131224,20131225,20131227,20140101,20140102,20140103,20140107,20140111,20140113,20140114,20140115,20140117,20140119,20140120,20140121,20140122,20140123,20140124,20140125,20140126,20140127,20140128 
Number is 81 
G.DB_index_1_VS_G.4.3_index_1 [18] 
20131217,20131218,20131219,20131225,20140101,20140102,20140103,20140105,20140106,20140107,20140112,20140113,20140121,20140122,20140123,20140124,20140125,20140126 
Number is 82 
G.5.4_index_2_VS_G.5.5_index_3 [19] PLUS 1 
20131216,20131217,20131218,20131219,20131225,20131227,20131229,20131230,20131231,20140101,20140102,20140103,20140105,20140109,20140110,20140112,20140113,20140115,20140116,20140119,20140121,20140122,20140123,20140124,20140125,20140126,20140127 
Number is 87 
G.DB_index_1_VS_G.3.4_index_3 [20] PLUS 1 
20131216,20131217,20131218,20131220,20131223,20131227,20140106,20140108,20140111,20140112,20140116,20140119,20140121,20140122,20140123,20140124,20140125,20140126,20140127,20140128 
Number is 89 
G.3.1_index_4_VS_G.3.3_index_5 [21] PLUS 1 
20131217,20131219,20131222,20131223,20131225,20131227,20131228,20131231,20140107,20140108,20140109,20140111,20140113,20140116,20140118,20140119,20140121,20140122,20140123,20140124,20140125,20140126,20140127 
Number is 93 
G.7.2_index_1_VS_G.7.3_index_2 [22] 
20131215,20131217,20131218,20131225,20131227,20131228,20131231,20140101,20140104,20140106,20140107,20140109,20140111,20140112,20140113,20140118,20140120,20140121,20140122,20140123,20140124,20140125,20140126 
