======== Current: 20140129 ========= 
Number is 02 
G.5.2_index_1_VS_G.3.6_index_3 [1] 
20131215,20131219,20131223,20131224,20131229,20131230,20140101,20140102,20140107,20140108,20140110,20140113,20140114,20140115,20140119,20140120,20140122,20140123,20140124,20140125,20140126,20140127,20140128 
Number is 03 
G.5.2_index_1_VS_G.DB_index_2 [2] 
20131218,20131220,20131225,20131229,20140104,20140107,20140108,20140112,20140119,20140120,20140123,20140124,20140125,20140126,20140127,20140128 
Number is 10 
G.DB_index_1_VS_G.5.2_index_1 [3] 
20131215,20131217,20131223,20131225,20131227,20140103,20140105,20140108,20140111,20140112,20140119,20140120,20140121,20140123,20140124,20140125,20140126,20140127,20140128 
Number is 14 
G.DB_index_1_VS_G.3.4_index_3 [4] 
20131216,20131217,20131218,20131220,20131223,20131227,20140106,20140108,20140111,20140112,20140116,20140119,20140121,20140122,20140123,20140124,20140125,20140126,20140127,20140128 
Number is 27 
G.4.1_index_1_VS_G.5.6_index_2 [5] 
20131216,20131218,20131220,20131222,20131225,20131226,20131229,20131230,20131231,20140101,20140106,20140108,20140109,20140113,20140114,20140115,20140123,20140124,20140125,20140126,20140127,20140128 
Number is 33 
G.3.6_index_5_VS_G.5.3_index_1 [6] 
20131217,20131220,20131221,20131224,20131225,20131227,20140101,20140102,20140103,20140107,20140111,20140113,20140114,20140115,20140117,20140119,20140120,20140121,20140122,20140123,20140124,20140125,20140126,20140127,20140128 
G.DB_index_2_VS_G.6.3_index_1 [7] 
20131217,20131219,20131226,20131227,20131228,20131229,20131231,20140101,20140102,20140103,20140107,20140113,20140117,20140119,20140121,20140123,20140124,20140125,20140126,20140127,20140128 
Number is 47 
G.3.1_index_5_VS_G.3.2_index_5 [8] 
20131215,20131219,20131220,20131221,20131223,20131225,20131227,20131228,20131229,20140102,20140103,20140104,20140106,20140107,20140108,20140111,20140112,20140113,20140115,20140117,20140119,20140121,20140123,20140124,20140125,20140126,20140127,20140128 
Number is 50 
G.3.6_index_1_VS_G.7.1_index_1 [9] 
20131215,20131217,20131218,20131219,20131222,20131225,20131228,20140103,20140104,20140107,20140111,20140113,20140114,20140117,20140121,20140123,20140124,20140125,20140126,20140127,20140128 
Number is 52 
G.5.6_index_1_VS_G.4.1_index_1 [10] 
20131215,20131216,20131218,20131221,20131224,20131226,20131227,20131228,20131229,20131230,20140102,20140103,20140107,20140111,20140113,20140114,20140115,20140116,20140120,20140122,20140123,20140124,20140125,20140126,20140127,20140128 
Number is 56 
G.1.1_index_4_VS_G.6.3_index_3 [11] 
20131215,20131216,20131222,20131229,20140101,20140102,20140104,20140106,20140107,20140110,20140111,20140112,20140118,20140120,20140122,20140123,20140124,20140125,20140126,20140127,20140128 
Number is 59 
G.3.6_index_1_VS_G.3.4_index_4 [12] 
20131215,20131218,20131219,20131224,20131228,20131231,20140104,20140105,20140107,20140109,20140112,20140113,20140114,20140115,20140116,20140120,20140121,20140122,20140123,20140124,20140125,20140126,20140127,20140128 
Number is 65 
G.6.2_index_2_VS_G.5.4_index_4 [13] 
20131216,20131217,20131218,20131223,20131225,20131227,20131230,20140102,20140104,20140106,20140109,20140112,20140116,20140117,20140123,20140124,20140125,20140126,20140127,20140128 
Number is 70 
G.4.4_index_1_VS_G.7.1_index_2 [14] 
20131215,20131221,20131222,20131224,20131225,20131226,20140102,20140107,20140108,20140110,20140119,20140120,20140123,20140124,20140125,20140126,20140127,20140128 
Number is 73 
G.5.5_index_3_VS_G.3.6_index_2 [15] 
20131217,20131218,20131220,20131221,20131223,20131224,20131227,20131228,20131229,20131230,20131231,20140101,20140107,20140108,20140109,20140118,20140119,20140122,20140123,20140124,20140125,20140126,20140127,20140128 
Number is 78 
G.1.1_index_1_VS_G.DB_index_3 [16] 
20131218,20131222,20131223,20131224,20131225,20131226,20131228,20140101,20140102,20140104,20140106,20140107,20140108,20140109,20140111,20140112,20140113,20140116,20140118,20140119,20140122,20140123,20140124,20140125,20140126,20140127,20140128 
Number is 83 
G.6.2_index_1_VS_G.DB_index_2 [17] 
20131215,20131217,20131218,20131220,20131221,20131223,20131225,20131228,20131229,20140103,20140104,20140105,20140106,20140111,20140115,20140119,20140120,20140121,20140123,20140124,20140125,20140126,20140127,20140128 
Number is 88 
G.6.2_index_1_VS_G.DB_index_3 [18] 
20131215,20131228,20140102,20140103,20140104,20140106,20140107,20140108,20140109,20140111,20140113,20140114,20140116,20140117,20140119,20140123,20140124,20140125,20140126,20140127,20140128 
G.DB_index_3_VS_G.5.1_index_4 [19] 
20131215,20131221,20131226,20140105,20140106,20140107,20140108,20140109,20140110,20140111,20140112,20140114,20140116,20140119,20140120,20140121,20140122,20140123,20140124,20140125,20140126,20140127,20140128 
Number is 90 
G.5.6_index_4_VS_G.4.4_index_3 [20] 
20131224,20131226,20131228,20131231,20140102,20140104,20140106,20140107,20140108,20140111,20140116,20140118,20140119,20140121,20140122,20140123,20140124,20140125,20140126,20140127,20140128 
Number is 93 
G.5.6_index_4_VS_G.6.3_index_1 [21] 
20131219,20131220,20131221,20131223,20131224,20131226,20131228,20131231,20140103,20140104,20140107,20140109,20140111,20140112,20140113,20140115,20140116,20140117,20140123,20140124,20140125,20140126,20140127,20140128 
Number is 96 
G.7.4_index_2_VS_G.5.6_index_3 [22] 
20131217,20131221,20131226,20140102,20140107,20140112,20140122,20140123,20140124,20140125,20140126,20140127,20140128 
G.5.6_index_4_VS_G.3.3_index_5 [23] 
20131216,20131217,20131218,20131221,20131222,20131226,20131227,20131228,20131231,20140101,20140102,20140105,20140106,20140110,20140111,20140112,20140113,20140115,20140119,20140120,20140122,20140123,20140124,20140125,20140126,20140127,20140128 
