Last Date = 20131104
Except date ======= 
required date ======= 20131028,20131029,20131030,20131031,20131101,20131102
Number is 08
G.3.2_index_3_VS_G.7.2_index_1 [1] 
Ngay: 20131019,20131026,20131028,20131029,20131030,20131031,20131101,20131102,20131103
Number is 12
G.2.2_index_3_VS_G.3.1_index_2 [2] 
Ngay: 20131016,20131017,20131020,20131023,20131025,20131026,20131027,20131028,20131029,20131030,20131031,20131101,20131102
Number is 19
G.5.3_index_2_VS_G.6.2_index_2 [3] 
Ngay: 20131015,20131018,20131022,20131023,20131024,20131027,20131028,20131029,20131030,20131031,20131101,20131102
Number is 20
G.4.4_index_3_VS_G.5.6_index_2 [4] 
Ngay: 20131015,20131016,20131019,20131028,20131029,20131030,20131031,20131101,20131102,20131103
Number is 23
G.6.1_index_2_VS_G.5.4_index_4 [5] 
Ngay: 20131015,20131016,20131018,20131021,20131023,20131024,20131028,20131029,20131030,20131031,20131101,20131102,20131103
Number is 26
G.5.5_index_4_VS_G.3.5_index_4 [6] 
Ngay: 20131016,20131017,20131019,20131025,20131026,20131028,20131029,20131030,20131031,20131101,20131102
Number is 41
G.DB_index_1_VS_G.2.2_index_3 [7] 
Ngay: 20131018,20131020,20131026,20131028,20131029,20131030,20131031,20131101,20131102
Number is 46
G.5.6_index_3_VS_G.5.3_index_3 [8] 
Ngay: 20131019,20131021,20131022,20131024,20131025,20131026,20131028,20131029,20131030,20131031,20131101,20131102
Number is 47
G.1.1_index_5_VS_G.5.5_index_1 [9] 
Ngay: 20131017,20131020,20131028,20131029,20131030,20131031,20131101,20131102
Number is 54
G.5.2_index_4_VS_G.6.3_index_2 [10] 
Ngay: 20131015,20131016,20131017,20131018,20131019,20131022,20131023,20131024,20131027,20131028,20131029,20131030,20131031,20131101,20131102
Number is 57
G.5.3_index_1_VS_G.5.5_index_2 [11] 
Ngay: 20131019,20131020,20131021,20131025,20131027,20131028,20131029,20131030,20131031,20131101,20131102,20131103
Number is 62
G.DB_index_3_VS_G.5.5_index_4 [12] 
Ngay: 20131016,20131021,20131022,20131023,20131025,20131026,20131027,20131028,20131029,20131030,20131031,20131101,20131102
Number is 69
G.5.3_index_3_VS_G.4.2_index_4 [13] 
Ngay: 20131015,20131020,20131023,20131026,20131028,20131029,20131030,20131031,20131101,20131102,20131103
G.6.2_index_3_VS_G.4.2_index_1 [14] 
Ngay: 20131018,20131020,20131021,20131023,20131025,20131026,20131028,20131029,20131030,20131031,20131101,20131102,20131103
Number is 78
G.5.5_index_1_VS_G.6.1_index_1 [15] 
Ngay: 20131017,20131026,20131027,20131028,20131029,20131030,20131031,20131101,20131102
Number is 89
G.6.1_index_1_VS_G.4.2_index_1 [16] 
Ngay: 20131017,20131020,20131023,20131024,20131025,20131027,20131028,20131029,20131030,20131031,20131101,20131102
Number is 95
G.4.1_index_1_VS_G.5.3_index_1 [17] 
Ngay: 20131015,20131016,20131019,20131020,20131021,20131028,20131029,20131030,20131031,20131101,20131102
