Last Date = 20131105
Except date ======= 
required date ======= 20131030,20131031,20131101,20131102,20131103,20131104
Number is 00
G.3.2_index_3_VS_G.7.2_index_1 [1] 
Ngay: 20131019,20131026,20131028,20131029,20131030,20131031,20131101,20131102,20131103,20131104
Number is 03
G.3.2_index_3_VS_G.6.3_index_1 [2] 
Ngay: 20131018,20131020,20131021,20131026,20131029,20131030,20131031,20131101,20131102,20131103,20131104
Number is 05
G.7.1_index_1_VS_G.3.2_index_2 [3] 
Ngay: 20131015,20131016,20131018,20131021,20131022,20131023,20131024,20131027,20131030,20131031,20131101,20131102,20131103,20131104
Number is 20
G.1.1_index_4_VS_G.4.2_index_4 [4] 
Ngay: 20131021,20131022,20131023,20131025,20131026,20131030,20131031,20131101,20131102,20131103,20131104
Number is 23
G.7.3_index_2_VS_G.6.1_index_2 [5] 
Ngay: 20131017,20131022,20131024,20131030,20131031,20131101,20131102,20131103,20131104
Number is 24
G.5.3_index_1_VS_G.5.5_index_2 [6] 
Ngay: 20131019,20131020,20131021,20131025,20131027,20131028,20131029,20131030,20131031,20131101,20131102,20131103,20131104
Number is 26
G.3.4_index_1_VS_G.5.5_index_4 [7] 
Ngay: 20131019,20131020,20131030,20131031,20131101,20131102,20131103,20131104
Number is 29
G.3.4_index_1_VS_G.1.1_index_3 [8] 
Ngay: 20131016,20131018,20131026,20131030,20131031,20131101,20131102,20131103,20131104
Number is 33
G.4.4_index_3_VS_G.5.6_index_2 [9] 
Ngay: 20131015,20131016,20131019,20131028,20131029,20131030,20131031,20131101,20131102,20131103,20131104
G.6.1_index_2_VS_G.4.4_index_3 [10] 
Ngay: 20131015,20131017,20131019,20131023,20131024,20131026,20131027,20131030,20131031,20131101,20131102,20131103,20131104
Number is 35
G.5.6_index_2_VS_G.3.2_index_5 [11] 
Ngay: 20131016,20131018,20131019,20131022,20131023,20131026,20131030,20131031,20131101,20131102,20131103,20131104
G.3.1_index_2_VS_G.3.6_index_4 [12] 
Ngay: 20131022,20131024,20131026,20131027,20131028,20131030,20131031,20131101,20131102,20131103,20131104
Number is 42
G.3.6_index_1_VS_G.7.3_index_1 [13] 
Ngay: 20131017,20131021,20131027,20131028,20131030,20131031,20131101,20131102,20131103,20131104
Number is 44
G.2.2_index_4_VS_G.4.3_index_4 [14] 
Ngay: 20131015,20131018,20131019,20131020,20131021,20131030,20131031,20131101,20131102,20131103,20131104
Number is 47
G.5.5_index_1_VS_G.1.1_index_1 [15] 
Ngay: 20131015,20131016,20131022,20131026,20131030,20131031,20131101,20131102,20131103,20131104
Number is 48
G.5.5_index_1_VS_G.6.2_index_3 [16] 
Ngay: 20131016,20131019,20131020,20131022,20131024,20131026,20131027,20131028,20131030,20131031,20131101,20131102,20131103,20131104
Number is 50
G.4.1_index_4_VS_G.7.1_index_1 [17] 
Ngay: 20131016,20131017,20131019,20131023,20131024,20131026,20131027,20131030,20131031,20131101,20131102,20131103,20131104
Number is 55
G.3.1_index_4_VS_G.3.4_index_3 [18] 
Ngay: 20131017,20131022,20131023,20131026,20131030,20131031,20131101,20131102,20131103,20131104
Number is 56
G.5.4_index_1_VS_G.DB_index_4 [19] 
Ngay: 20131016,20131018,20131020,20131022,20131023,20131027,20131029,20131030,20131031,20131101,20131102,20131103,20131104
Number is 60
G.DB_index_4_VS_G.3.2_index_3 [20] 
Ngay: 20131020,20131027,20131030,20131031,20131101,20131102,20131103,20131104
Number is 73
G.4.1_index_3_VS_G.3.3_index_2 [21] 
Ngay: 20131015,20131019,20131021,20131025,20131027,20131030,20131031,20131101,20131102,20131103,20131104
Number is 74
G.5.3_index_3_VS_G.5.5_index_2 [22] 
Ngay: 20131018,20131022,20131024,20131025,20131026,20131028,20131030,20131031,20131101,20131102,20131103,20131104
Number is 79
G.3.3_index_1_VS_G.6.1_index_1 [23] 
Ngay: 20131015,20131019,20131022,20131023,20131025,20131027,20131030,20131031,20131101,20131102,20131103,20131104
Number is 81
G.2.2_index_1_VS_G.4.2_index_1 [24] 
Ngay: 20131016,20131017,20131020,20131021,20131023,20131024,20131026,20131027,20131030,20131031,20131101,20131102,20131103,20131104
Number is 86
G.6.2_index_3_VS_G.DB_index_4 [25] 
Ngay: 20131015,20131016,20131017,20131019,20131022,20131024,20131025,20131030,20131031,20131101,20131102,20131103,20131104
Number is 96
G.5.1_index_3_VS_G.4.2_index_2 [26] 
Ngay: 20131017,20131029,20131030,20131031,20131101,20131102,20131103,20131104
Number is 99
G.5.2_index_2_VS_G.5.2_index_1 [27] 
Ngay: 20131017,20131019,20131020,20131021,20131022,20131024,20131025,20131030,20131031,20131101,20131102,20131103,20131104
