======== Last: 20131107 ========= 
Number is 00 
G.2.2_index_1_VS_G.4.2_index_1 [1] 
Ngay: 20131016,20131017,20131020,20131021,20131023,20131024,20131026,20131027,20131030,20131031,20131101,20131102,20131103,20131104,20131105,20131106 
Number is 01 
G.4.4_index_3_VS_G.5.6_index_2 [2] 
Ngay: 20131015,20131016,20131019,20131028,20131029,20131030,20131031,20131101,20131102,20131103,20131104,20131105 
G.2.2_index_1_VS_G.3.5_index_1 [3] 
Ngay: 20131015,20131016,20131017,20131022,20131026,20131029,20131031,20131101,20131102,20131103,20131104,20131105,20131106 
Number is 02 
G.4.2_index_1_VS_G.1.1_index_1 [4] 
Ngay: 20131019,20131020,20131024,20131025,20131026,20131029,20131031,20131101,20131102,20131103,20131104,20131105,20131106 
Number is 05 
G.3.6_index_1_VS_G.7.3_index_1 [5] 
Ngay: 20131017,20131021,20131027,20131028,20131030,20131031,20131101,20131102,20131103,20131104,20131105 
Number is 10 
G.6.1_index_2_VS_G.4.4_index_3 [6] 
Ngay: 20131015,20131017,20131019,20131023,20131024,20131026,20131027,20131030,20131031,20131101,20131102,20131103,20131104,20131105,20131106 
Number is 13 
G.1.1_index_4_VS_G.3.2_index_4 [7] 
Ngay: 20131016,20131026,20131031,20131101,20131102,20131103,20131104,20131105 
Number is 14 
G.1.1_index_4_VS_G.3.6_index_4 [8] 
Ngay: 20131020,20131023,20131025,20131026,20131028,20131031,20131101,20131102,20131103,20131104,20131105 
Number is 15 
G.5.2_index_2_VS_G.4.3_index_2 [9] 
Ngay: 20131015,20131019,20131020,20131021,20131024,20131026,20131027,20131029,20131031,20131101,20131102,20131103,20131104,20131105 
Number is 30 
G.5.3_index_3_VS_G.4.1_index_2 [10] 
Ngay: 20131019,20131023,20131024,20131027,20131028,20131031,20131101,20131102,20131103,20131104,20131105,20131106 
G.3.2_index_3_VS_G.6.3_index_1 [11] 
Ngay: 20131018,20131020,20131021,20131026,20131029,20131030,20131031,20131101,20131102,20131103,20131104,20131105 
Number is 33 
G.5.4_index_1_VS_G.DB_index_4 [12] 
Ngay: 20131016,20131018,20131020,20131022,20131023,20131027,20131029,20131030,20131031,20131101,20131102,20131103,20131104,20131105 
G.3.2_index_4_VS_G.5.4_index_1 [13] 
Ngay: 20131017,20131021,20131023,20131026,20131029,20131031,20131101,20131102,20131103,20131104,20131105 
G.5.3_index_3_VS_G.DB_index_4 [14] 
Ngay: 20131015,20131016,20131018,20131020,20131022,20131023,20131025,20131027,20131031,20131101,20131102,20131103,20131104,20131105 
Number is 35 
G.3.6_index_5_VS_G.5.1_index_3 [15] 
Ngay: 20131019,20131021,20131028,20131029,20131031,20131101,20131102,20131103,20131104,20131105 
G.5.2_index_3_VS_G.5.1_index_3 [16] 
Ngay: 20131016,20131021,20131026,20131031,20131101,20131102,20131103,20131104,20131105,20131106 
Number is 36 
G.3.2_index_4_VS_G.5.5_index_1 [17] 
Ngay: 20131015,20131017,20131020,20131029,20131031,20131101,20131102,20131103,20131104,20131105 
Number is 49 
G.5.2_index_4_VS_G.5.4_index_3 [18] 
Ngay: 20131017,20131019,20131020,20131024,20131025,20131027,20131031,20131101,20131102,20131103,20131104,20131105 
Number is 51 
G.3.4_index_5_VS_G.7.1_index_2 [19] 
Ngay: 20131015,20131017,20131019,20131021,20131023,20131024,20131028,20131029,20131031,20131101,20131102,20131103,20131104,20131105,20131106 
Number is 55 
G.3.2_index_5_VS_G.3.4_index_5 [20] 
Ngay: 20131015,20131019,20131020,20131022,20131023,20131024,20131025,20131027,20131028,20131031,20131101,20131102,20131103,20131104,20131105 
Number is 58 
G.5.1_index_3_VS_G.4.2_index_4 [21] 
Ngay: 20131015,20131019,20131021,20131026,20131029,20131031,20131101,20131102,20131103,20131104,20131105 
Number is 61 
G.5.5_index_1_VS_G.1.1_index_4 [22] 
Ngay: 20131016,20131017,20131019,20131021,20131023,20131025,20131027,20131031,20131101,20131102,20131103,20131104,20131105 
Number is 63 
G.5.5_index_1_VS_G.5.4_index_1 [23] 
Ngay: 20131017,20131019,20131020,20131022,20131029,20131031,20131101,20131102,20131103,20131104,20131105,20131106 
Number is 65 
G.5.5_index_1_VS_G.6.2_index_3 [24] 
Ngay: 20131016,20131019,20131020,20131022,20131024,20131026,20131027,20131028,20131030,20131031,20131101,20131102,20131103,20131104,20131105 
G.3.3_index_2_VS_G.5.1_index_4 [25] 
Ngay: 20131015,20131018,20131021,20131024,20131025,20131026,20131027,20131031,20131101,20131102,20131103,20131104,20131105 
G.7.4_index_2_VS_G.5.1_index_3 [26] 
Ngay: 20131015,20131021,20131028,20131031,20131101,20131102,20131103,20131104,20131105 
Number is 71 
G.5.5_index_2_VS_G.5.6_index_2 [27] 
Ngay: 20131021,20131022,20131024,20131031,20131101,20131102,20131103,20131104,20131105 
Number is 73 
G.5.3_index_1_VS_G.3.2_index_4 [28] 
Ngay: 20131017,20131021,20131024,20131029,20131031,20131101,20131102,20131103,20131104,20131105 
Number is 75 
G.5.5_index_2_VS_G.6.2_index_3 [29] 
Ngay: 20131018,20131019,20131020,20131022,20131023,20131026,20131029,20131031,20131101,20131102,20131103,20131104,20131105,20131106 
Number is 77 
G.5.3_index_1_VS_G.5.5_index_2 [30] 
Ngay: 20131019,20131020,20131021,20131025,20131027,20131028,20131029,20131030,20131031,20131101,20131102,20131103,20131104,20131105,20131106 
Number is 78 
G.3.1_index_5_VS_G.5.6_index_4 [31] 
Ngay: 20131015,20131018,20131023,20131024,20131025,20131027,20131029,20131031,20131101,20131102,20131103,20131104,20131105,20131106 
