======== Current: 20140604 ========= 
Number is 13 
G.3.3_index_5_VS_G.5.2_index_4 [1] 
20140514,20140515,20140517,20140518,20140519,20140520,20140521,20140522,20140525,20140527,20140528,20140529,20140530,20140531,20140601,20140602,20140603,20140606,20140607,20140608,20140610,20140611,20140612,20140614,20140616,20140618,20140619,20140621,20140622,20140625,20140626,20140630,20140702 
Number is 19 
G.DB_index_4_VS_G.2.2_index_5 [2] 
20140521,20140522,20140523,20140526,20140527,20140529,20140530,20140531,20140601,20140602,20140603,20140605,20140607,20140609,20140612,20140614,20140615,20140616,20140618,20140619,20140620,20140622,20140624,20140625,20140628,20140630,20140701 
Number is 20 
G.1.1_index_2_VS_G.4.3_index_3 [3] PLUS 1 
20140514,20140521,20140527,20140529,20140530,20140531,20140601,20140602,20140603,20140604,20140605,20140613,20140614,20140619,20140622,20140628,20140629,20140630,20140701 
Number is 22 
G.2.1_index_5_VS_G.1.1_index_2 [4] 
20140516,20140517,20140518,20140521,20140524,20140525,20140527,20140529,20140530,20140531,20140601,20140602,20140603,20140605,20140607,20140611,20140613,20140614,20140615,20140616,20140618,20140622,20140626,20140629,20140630,20140701 
Number is 23 
G.5.4_index_4_VS_G.7.2_index_1 [5] 
20140516,20140517,20140521,20140522,20140525,20140526,20140527,20140529,20140530,20140531,20140601,20140602,20140603,20140606,20140607,20140610,20140612,20140613,20140616,20140618,20140619,20140625,20140626,20140627,20140628,20140629 
Number is 31 
G.DB_index_3_VS_G.DB_index_4 [6] 
20140521,20140523,20140524,20140525,20140528,20140529,20140530,20140531,20140601,20140602,20140603,20140605,20140607,20140609,20140617,20140621,20140624,20140625,20140627,20140629 
Number is 36 
G.6.2_index_3_VS_G.3.4_index_4 [7] 
20140514,20140515,20140516,20140518,20140522,20140526,20140527,20140528,20140529,20140530,20140531,20140601,20140602,20140603,20140605,20140606,20140612,20140613,20140616,20140621,20140624,20140625,20140626,20140627,20140628,20140629,20140630 
G.3.5_index_5_VS_G.3.4_index_3 [8] 
20140519,20140525,20140529,20140530,20140531,20140601,20140602,20140603,20140605,20140606,20140608,20140609,20140614,20140615,20140618,20140620,20140621,20140622,20140626,20140628,20140629 
G.7.2_index_1_VS_G.3.3_index_2 [9] 
20140517,20140518,20140519,20140520,20140521,20140522,20140528,20140529,20140530,20140531,20140601,20140602,20140603,20140605,20140608,20140614,20140616,20140619,20140621,20140625,20140627,20140628,20140629,20140701,20140702 
Number is 43 
G.1.1_index_3_VS_G.2.1_index_1 [10] 
20140517,20140519,20140523,20140524,20140527,20140529,20140530,20140531,20140601,20140602,20140603,20140605,20140606,20140616,20140617,20140620,20140623,20140629,20140630,20140701,20140702 
Number is 60 
G.3.2_index_3_VS_G.1.1_index_4 [11] 
20140516,20140518,20140519,20140529,20140530,20140531,20140601,20140602,20140603,20140605,20140608,20140610,20140611,20140613,20140616,20140617,20140619,20140620,20140626,20140627,20140629,20140630 
Number is 61 
G.3.4_index_4_VS_G.DB_index_5 [12] 
20140520,20140522,20140524,20140526,20140529,20140530,20140531,20140601,20140602,20140603,20140605,20140608,20140610,20140616,20140623,20140625,20140626,20140628,20140630 
Number is 62 
G.5.2_index_1_VS_G.1.1_index_2 [13] 
20140514,20140516,20140521,20140522,20140523,20140527,20140529,20140530,20140531,20140601,20140602,20140603,20140606,20140607,20140608,20140609,20140610,20140612,20140613,20140614,20140618,20140620,20140621,20140622,20140626,20140627,20140628,20140701 
Number is 63 
G.3.4_index_4_VS_G.7.2_index_1 [14] 
20140516,20140517,20140521,20140522,20140526,20140527,20140529,20140530,20140531,20140601,20140602,20140603,20140609,20140611,20140616,20140621,20140622,20140625,20140628,20140629,20140702 
Number is 68 
G.DB_index_1_VS_G.3.1_index_5 [15] 
20140515,20140517,20140518,20140523,20140524,20140525,20140528,20140529,20140530,20140531,20140601,20140602,20140603,20140605,20140606,20140616,20140617,20140618,20140621,20140622,20140627,20140628,20140702 
Number is 73 
G.3.4_index_1_VS_G.5.2_index_4 [16] PLUS 1 
20140516,20140517,20140519,20140521,20140524,20140525,20140526,20140528,20140529,20140530,20140531,20140601,20140602,20140603,20140604,20140605,20140606,20140607,20140608,20140610,20140611,20140614,20140616,20140618,20140619,20140621,20140622,20140623,20140624,20140625,20140629 
Number is 77 
G.4.3_index_4_VS_G.4.2_index_4 [17] PLUS 1 
20140514,20140516,20140525,20140527,20140529,20140530,20140531,20140601,20140602,20140603,20140604,20140608,20140611,20140613,20140615,20140616,20140618,20140620,20140621,20140622,20140625,20140628 
Number is 96 
G.6.2_index_2_VS_G.3.4_index_2 [18] PLUS 1 
20140517,20140519,20140520,20140522,20140529,20140530,20140531,20140601,20140602,20140603,20140604,20140605,20140612,20140613,20140619,20140621,20140623,20140624,20140625,20140626,20140628 
G.6.2_index_2_VS_G.3.4_index_3 [19] PLUS 1 
20140514,20140515,20140519,20140520,20140522,20140524,20140525,20140528,20140529,20140530,20140531,20140601,20140602,20140603,20140604,20140605,20140606,20140610,20140613,20140614,20140615,20140619,20140620,20140625,20140626,20140628,20140629 
