======== Current: 20140608 ========= 
Number is 06 
G.4.2_index_1_VS_G.4.1_index_3 [1] PLUS 1 
20140517,20140518,20140520,20140521,20140523,20140526,20140528,20140602,20140603,20140604,20140605,20140606,20140607,20140608,20140609,20140611,20140614,20140619,20140620,20140623,20140624,20140702 
Number is 07 
G.3.1_index_5_VS_G.2.2_index_1 [2] PLUS 1 
20140516,20140518,20140519,20140522,20140525,20140529,20140601,20140602,20140603,20140604,20140605,20140606,20140607,20140608,20140611,20140615,20140618,20140619,20140621,20140622,20140623,20140624,20140625,20140628 
Number is 10 
G.7.2_index_2_VS_G.3.1_index_5 [3] 
20140515,20140520,20140522,20140523,20140524,20140526,20140529,20140601,20140602,20140603,20140604,20140605,20140606,20140607,20140612,20140619,20140621,20140623,20140628,20140630 
G.6.3_index_2_VS_G.DB_index_2 [4] 
20140514,20140516,20140521,20140522,20140524,20140525,20140529,20140602,20140603,20140604,20140605,20140606,20140607,20140609,20140610,20140611,20140613,20140616,20140618,20140620,20140622,20140625,20140626,20140629 
Number is 13 
G.3.6_index_5_VS_G.4.2_index_4 [5] 
20140516,20140519,20140520,20140523,20140526,20140527,20140528,20140529,20140602,20140603,20140604,20140605,20140606,20140607,20140612,20140613,20140614,20140617,20140618,20140619,20140620,20140622,20140629,20140630,20140702 
Number is 17 
G.7.2_index_2_VS_G.DB_index_4 [6] 
20140518,20140522,20140525,20140527,20140528,20140529,20140601,20140602,20140603,20140604,20140605,20140606,20140607,20140613,20140614,20140615,20140616,20140620,20140627 
Number is 19 
G.6.1_index_1_VS_G.5.6_index_3 [7] PLUS 1 
20140515,20140517,20140518,20140519,20140521,20140523,20140524,20140527,20140528,20140529,20140530,20140602,20140603,20140604,20140605,20140606,20140607,20140608,20140616,20140617,20140618,20140619,20140621,20140626,20140628,20140629,20140630 
Number is 25 
G.5.2_index_4_VS_G.4.2_index_3 [8] 
20140514,20140519,20140520,20140521,20140522,20140524,20140525,20140527,20140529,20140531,20140601,20140602,20140603,20140604,20140605,20140606,20140607,20140609,20140610,20140611,20140613,20140614,20140616,20140619,20140620,20140621,20140622,20140623,20140625,20140628 
Number is 27 
G.3.2_index_1_VS_G.3.1_index_3 [9] PLUS 1 
20140516,20140517,20140519,20140520,20140521,20140522,20140524,20140525,20140527,20140530,20140531,20140602,20140603,20140604,20140605,20140606,20140607,20140608,20140609,20140615,20140616,20140617,20140624,20140625,20140627,20140628,20140629 
Number is 28 
G.4.4_index_1_VS_G.3.3_index_5 [10] PLUS 1 
20140516,20140519,20140523,20140524,20140525,20140528,20140602,20140603,20140604,20140605,20140606,20140607,20140608,20140611,20140619,20140624,20140625,20140626,20140629,20140630 
Number is 29 
G.4.4_index_1_VS_G.DB_index_5 [11] PLUS 1 
20140514,20140515,20140516,20140517,20140518,20140519,20140524,20140525,20140526,20140529,20140531,20140601,20140602,20140603,20140604,20140605,20140606,20140607,20140608,20140610,20140615,20140624,20140625,20140630,20140701 
Number is 30 
G.4.2_index_4_VS_G.3.4_index_3 [12] PLUS 1 
20140516,20140526,20140529,20140601,20140602,20140603,20140604,20140605,20140606,20140607,20140608,20140611,20140613,20140614,20140615,20140616,20140618,20140619,20140621,20140625,20140626,20140628,20140701,20140702 
Number is 31 
G.4.3_index_3_VS_G.7.2_index_2 [13] 
20140518,20140520,20140522,20140525,20140529,20140531,20140602,20140603,20140604,20140605,20140606,20140607,20140609,20140611,20140612,20140613,20140614,20140615,20140619,20140621,20140622,20140702 
Number is 35 
G.4.2_index_4_VS_G.7.4_index_2 [14] PLUS 1 
20140518,20140520,20140521,20140527,20140530,20140601,20140602,20140603,20140604,20140605,20140606,20140607,20140608,20140611,20140612,20140613,20140614,20140616,20140617,20140618,20140619,20140620,20140621,20140622,20140623,20140625,20140626,20140628,20140629,20140702 
Number is 56 
G.4.2_index_2_VS_G.5.6_index_4 [15] 
20140515,20140516,20140517,20140519,20140521,20140524,20140525,20140526,20140528,20140531,20140601,20140602,20140603,20140604,20140605,20140606,20140607,20140612,20140614,20140615,20140617,20140618,20140619,20140621,20140622,20140625,20140627,20140628 
G.3.5_index_4_VS_G.3.1_index_4 [16] 
20140514,20140515,20140517,20140519,20140522,20140523,20140524,20140527,20140528,20140529,20140531,20140601,20140602,20140603,20140604,20140605,20140606,20140607,20140610,20140613,20140614,20140617,20140622,20140623,20140626,20140627,20140628,20140629,20140630,20140701,20140702 
Number is 61 
G.2.2_index_4_VS_G.5.4_index_3 [17] PLUS 1 
20140516,20140519,20140521,20140522,20140523,20140524,20140525,20140528,20140601,20140602,20140603,20140604,20140605,20140606,20140607,20140608,20140614,20140616,20140617,20140618,20140621,20140622,20140625,20140627 
G.2.2_index_4_VS_G.5.1_index_2 [18] PLUS 1 
20140518,20140521,20140524,20140527,20140530,20140531,20140602,20140603,20140604,20140605,20140606,20140607,20140608,20140612,20140614,20140616,20140619,20140620,20140621,20140622,20140625,20140702 
Number is 65 
G.3.3_index_1_VS_G.7.4_index_2 [19] 
20140516,20140517,20140521,20140529,20140531,20140602,20140603,20140604,20140605,20140606,20140607,20140609,20140612,20140614,20140617,20140618,20140619,20140621,20140622,20140625,20140702 
Number is 66 
G.4.1_index_2_VS_G.3.1_index_4 [20] 
20140515,20140516,20140517,20140518,20140519,20140521,20140527,20140528,20140529,20140602,20140603,20140604,20140605,20140606,20140607,20140614,20140616,20140618,20140619,20140622,20140627,20140628,20140629,20140630 
Number is 68 
G.3.2_index_2_VS_G.3.4_index_1 [21] 
20140515,20140516,20140518,20140521,20140522,20140524,20140525,20140527,20140530,20140531,20140602,20140603,20140604,20140605,20140606,20140607,20140610,20140612,20140613,20140614,20140618,20140619,20140620,20140621,20140623,20140624,20140625,20140628,20140702 
Number is 73 
G.5.2_index_3_VS_G.3.1_index_2 [22] 
20140514,20140519,20140521,20140523,20140525,20140527,20140529,20140531,20140601,20140602,20140603,20140604,20140605,20140606,20140607,20140609,20140613,20140614,20140616,20140618,20140625,20140630,20140701,20140702 
Number is 75 
G.DB_index_4_VS_G.2.1_index_3 [23] PLUS 1 
20140515,20140521,20140522,20140523,20140530,20140531,20140601,20140602,20140603,20140604,20140605,20140606,20140607,20140608,20140612,20140614,20140616,20140624,20140625,20140626,20140628,20140702 
Number is 81 
G.3.3_index_5_VS_G.7.2_index_2 [24] 
20140517,20140518,20140525,20140528,20140529,20140601,20140602,20140603,20140604,20140605,20140606,20140607,20140612,20140615,20140619,20140621,20140622,20140623,20140627,20140628,20140701,20140702 
Number is 82 
G.3.4_index_1_VS_G.5.2_index_4 [25] PLUS 1 
20140516,20140517,20140519,20140521,20140524,20140525,20140526,20140528,20140529,20140530,20140531,20140601,20140602,20140603,20140604,20140605,20140606,20140607,20140608,20140610,20140611,20140614,20140616,20140618,20140619,20140621,20140622,20140623,20140624,20140625,20140629 
Number is 83 
G.7.3_index_1_VS_G.4.3_index_3 [26] 
20140514,20140518,20140522,20140523,20140526,20140528,20140529,20140602,20140603,20140604,20140605,20140606,20140607,20140611,20140615,20140616,20140620,20140624,20140627,20140628,20140702 
Number is 87 
G.3.3_index_5_VS_G.4.1_index_4 [27] PLUS 1 
20140517,20140519,20140521,20140527,20140528,20140602,20140603,20140604,20140605,20140606,20140607,20140608,20140609,20140612,20140614,20140616,20140619,20140620,20140621,20140623,20140625,20140627,20140628,20140629,20140630 
G.3.6_index_1_VS_G.6.3_index_3 [28] PLUS 1 
20140515,20140518,20140519,20140520,20140522,20140531,20140601,20140602,20140603,20140604,20140605,20140606,20140607,20140608,20140610,20140612,20140614,20140615,20140617,20140619,20140623,20140625,20140627 
Number is 88 
G.4.4_index_3_VS_G.7.3_index_1 [29] 
20140516,20140517,20140519,20140529,20140530,20140601,20140602,20140603,20140604,20140605,20140606,20140607,20140609,20140611,20140615,20140616,20140617,20140618,20140624,20140626,20140627,20140629,20140702 
Number is 97 
G.5.6_index_3_VS_G.1.1_index_2 [30] 
20140514,20140516,20140517,20140518,20140519,20140520,20140522,20140523,20140526,20140527,20140529,20140530,20140601,20140602,20140603,20140604,20140605,20140606,20140607,20140610,20140613,20140614,20140615,20140618,20140619,20140621,20140628,20140630 
