======== Current: 20140610 ========= 
Number is 06 
G.3.4_index_5_VS_G.6.2_index_3 [1] 
20140514,20140519,20140522,20140523,20140526,20140527,20140531,20140602,20140604,20140605,20140606,20140607,20140608,20140609,20140612,20140613,20140614,20140616,20140618,20140619,20140621,20140623,20140630,20140702 
Number is 08 
G.5.2_index_3_VS_G.3.1_index_5 [2] 
20140515,20140516,20140519,20140522,20140525,20140526,20140528,20140529,20140531,20140601,20140604,20140605,20140606,20140607,20140608,20140609,20140612,20140615,20140618,20140619,20140623,20140625,20140626,20140627,20140701 
Number is 14 
G.4.3_index_4_VS_G.3.5_index_5 [3] 
20140514,20140519,20140523,20140524,20140528,20140529,20140530,20140601,20140603,20140604,20140605,20140606,20140607,20140608,20140609,20140611,20140613,20140619,20140621,20140625,20140628,20140630,20140701 
Number is 15 
G.5.4_index_2_VS_G.2.2_index_2 [4] PLUS 1 
20140517,20140519,20140523,20140527,20140531,20140604,20140605,20140606,20140607,20140608,20140609,20140610,20140611,20140618,20140619,20140621,20140625,20140626,20140627,20140629 
Number is 16 
G.4.3_index_4_VS_G.5.2_index_4 [5] PLUS 1 
20140514,20140517,20140519,20140521,20140525,20140526,20140528,20140530,20140531,20140604,20140605,20140606,20140607,20140608,20140609,20140610,20140611,20140615,20140616,20140618,20140621,20140622,20140623,20140625,20140626,20140628,20140629 
Number is 17 
G.3.1_index_4_VS_G.4.2_index_1 [6] 
20140514,20140517,20140519,20140521,20140527,20140528,20140529,20140601,20140602,20140604,20140605,20140606,20140607,20140608,20140609,20140619,20140622,20140626,20140627,20140629,20140630 
Number is 27 
G.3.6_index_4_VS_G.4.1_index_4 [7] 
20140515,20140516,20140519,20140520,20140521,20140522,20140525,20140528,20140530,20140531,20140604,20140605,20140606,20140607,20140608,20140609,20140614,20140616,20140619,20140620,20140622,20140626,20140627,20140628,20140629,20140630 
Number is 38 
G.7.3_index_2_VS_G.3.6_index_2 [8] 
20140515,20140516,20140517,20140519,20140521,20140526,20140528,20140531,20140604,20140605,20140606,20140607,20140608,20140609,20140611,20140616,20140618,20140620,20140622,20140625,20140626,20140629,20140701,20140702 
Number is 39 
G.7.4_index_2_VS_G.6.1_index_2 [9] 
20140515,20140516,20140519,20140520,20140524,20140525,20140527,20140528,20140529,20140530,20140601,20140603,20140604,20140605,20140606,20140607,20140608,20140609,20140613,20140614,20140618,20140619,20140621,20140627,20140630,20140702 
Number is 48 
G.6.1_index_1_VS_G.3.6_index_2 [10] 
20140514,20140515,20140516,20140517,20140519,20140520,20140523,20140528,20140604,20140605,20140606,20140607,20140608,20140609,20140612,20140615,20140616,20140617,20140618,20140619,20140620,20140622,20140625,20140626,20140628 
Number is 49 
G.5.4_index_3_VS_G.3.5_index_4 [11] PLUS 1 
20140514,20140517,20140519,20140520,20140522,20140524,20140525,20140527,20140529,20140531,20140601,20140602,20140604,20140605,20140606,20140607,20140608,20140609,20140610,20140611,20140615,20140617,20140619,20140621,20140625,20140628,20140629,20140701 
Number is 55 
G.3.2_index_1_VS_G.3.1_index_3 [12] 
20140516,20140517,20140519,20140520,20140521,20140522,20140524,20140525,20140527,20140530,20140531,20140602,20140603,20140604,20140605,20140606,20140607,20140608,20140609,20140615,20140616,20140617,20140624,20140625,20140627,20140628,20140629 
Number is 59 
G.5.2_index_1_VS_G.6.1_index_2 [13] 
20140515,20140516,20140519,20140523,20140524,20140525,20140526,20140527,20140529,20140602,20140604,20140605,20140606,20140607,20140608,20140609,20140613,20140614,20140615,20140619,20140623,20140626,20140628 
Number is 60 
G.6.3_index_2_VS_G.7.2_index_2 [14] 
20140521,20140522,20140527,20140528,20140601,20140603,20140604,20140605,20140606,20140607,20140608,20140609,20140611,20140612,20140615,20140622,20140624,20140626,20140628 
Number is 63 
G.3.6_index_1_VS_G.7.4_index_2 [15] 
20140514,20140516,20140518,20140519,20140521,20140522,20140527,20140528,20140530,20140531,20140604,20140605,20140606,20140607,20140608,20140609,20140611,20140612,20140622,20140625,20140627,20140629 
Number is 67 
G.6.3_index_2_VS_G.5.1_index_2 [16] 
20140514,20140517,20140519,20140522,20140523,20140524,20140528,20140530,20140531,20140601,20140604,20140605,20140606,20140607,20140608,20140609,20140611,20140612,20140617,20140619,20140623,20140625,20140626,20140629,20140630,20140702 
Number is 70 
G.4.2_index_1_VS_G.1.1_index_2 [17] 
20140516,20140518,20140521,20140523,20140527,20140529,20140602,20140604,20140605,20140606,20140607,20140608,20140609,20140613,20140618,20140619,20140620,20140623,20140626,20140628,20140701 
G.4.2_index_1_VS_G.4.1_index_3 [18] 
20140517,20140518,20140520,20140521,20140523,20140526,20140528,20140602,20140603,20140604,20140605,20140606,20140607,20140608,20140609,20140611,20140614,20140619,20140620,20140623,20140624,20140702 
Number is 71 
G.7.4_index_1_VS_G.3.1_index_4 [19] 
20140514,20140515,20140517,20140518,20140519,20140521,20140522,20140523,20140526,20140527,20140529,20140530,20140602,20140604,20140605,20140606,20140607,20140608,20140609,20140612,20140614,20140615,20140617,20140618,20140619,20140620,20140621,20140622,20140624,20140626,20140628,20140630,20140701 
Number is 78 
G.4.2_index_1_VS_G.2.2_index_4 [20] 
20140518,20140522,20140524,20140528,20140531,20140601,20140603,20140604,20140605,20140606,20140607,20140608,20140609,20140615,20140616,20140619,20140622,20140623,20140624,20140628,20140630,20140702 
Number is 79 
G.4.1_index_4_VS_G.3.5_index_4 [21] PLUS 1 
20140514,20140517,20140523,20140525,20140528,20140529,20140530,20140604,20140605,20140606,20140607,20140608,20140609,20140610,20140612,20140614,20140615,20140616,20140618,20140619,20140622,20140625,20140627,20140628,20140629,20140630,20140702 
G.4.1_index_4_VS_G.7.3_index_1 [22] PLUS 1 
20140517,20140521,20140522,20140523,20140524,20140525,20140528,20140529,20140601,20140602,20140604,20140605,20140606,20140607,20140608,20140609,20140610,20140613,20140614,20140615,20140616,20140618,20140622,20140624,20140625,20140626,20140629,20140701 
Number is 80 
G.3.6_index_2_VS_G.4.1_index_3 [23] 
20140514,20140517,20140519,20140520,20140521,20140523,20140526,20140527,20140529,20140531,20140601,20140603,20140604,20140605,20140606,20140607,20140608,20140609,20140612,20140613,20140616,20140619,20140620,20140621,20140623,20140628,20140701 
Number is 83 
G.4.3_index_3_VS_G.7.4_index_2 [24] 
20140514,20140515,20140520,20140521,20140522,20140524,20140527,20140528,20140529,20140530,20140531,20140604,20140605,20140606,20140607,20140608,20140609,20140614,20140622,20140623,20140628,20140630,20140702 
Number is 87 
G.3.3_index_5_VS_G.4.1_index_4 [25] 
20140517,20140519,20140521,20140527,20140528,20140602,20140603,20140604,20140605,20140606,20140607,20140608,20140609,20140612,20140614,20140616,20140619,20140620,20140621,20140623,20140625,20140627,20140628,20140629,20140630 
G.4.3_index_3_VS_G.4.2_index_1 [26] 
20140514,20140518,20140519,20140520,20140521,20140522,20140524,20140525,20140526,20140527,20140601,20140603,20140604,20140605,20140606,20140607,20140608,20140609,20140613,20140614,20140617,20140619,20140620,20140623,20140624,20140627,20140629,20140630,20140702 
Number is 88 
G.DB_index_4_VS_G.3.1_index_5 [27] 
20140518,20140522,20140525,20140528,20140529,20140530,20140531,20140604,20140605,20140606,20140607,20140608,20140609,20140616,20140617,20140618,20140619,20140620,20140621,20140623,20140625,20140626,20140628,20140629,20140701,20140702 
G.3.6_index_2_VS_G.2.2_index_4 [28] 
20140517,20140529,20140531,20140603,20140604,20140605,20140606,20140607,20140608,20140609,20140611,20140612,20140616,20140617,20140619,20140622,20140623,20140624,20140625,20140630 
Number is 91 
G.3.5_index_4_VS_G.5.4_index_2 [29] PLUS 1 
20140517,20140518,20140523,20140527,20140528,20140529,20140602,20140604,20140605,20140606,20140607,20140608,20140609,20140610,20140617,20140619,20140620,20140622,20140625,20140626,20140627,20140628,20140701,20140702 
Number is 95 
G.6.1_index_2_VS_G.3.4_index_3 [30] 
20140515,20140518,20140522,20140524,20140526,20140530,20140531,20140604,20140605,20140606,20140607,20140608,20140609,20140613,20140614,20140615,20140620,20140621,20140622,20140623,20140625,20140627,20140629,20140701 
G.3.5_index_4_VS_G.3.4_index_3 [31] 
20140516,20140517,20140518,20140521,20140526,20140527,20140529,20140531,20140601,20140602,20140604,20140605,20140606,20140607,20140608,20140609,20140614,20140615,20140619,20140620,20140625 
Number is 97 
G.3.3_index_3_VS_G.5.6_index_2 [32] PLUS 1 
20140516,20140518,20140519,20140520,20140521,20140523,20140524,20140525,20140526,20140527,20140528,20140601,20140604,20140605,20140606,20140607,20140608,20140609,20140610,20140627,20140629,20140630,20140702 
Number is 99 
G.3.3_index_3_VS_G.3.5_index_4 [33] 
20140517,20140518,20140521,20140523,20140525,20140527,20140529,20140531,20140604,20140605,20140606,20140607,20140608,20140609,20140611,20140612,20140613,20140614,20140621,20140623 
