======== Current: 20140613 ========= 
Number is 21 
G.4.4_index_1_VS_G.3.3_index_3 [1] PLUS 1 
20140514,20140516,20140517,20140519,20140524,20140525,20140527,20140529,20140531,20140603,20140604,20140606,20140607,20140608,20140609,20140610,20140611,20140612,20140613,20140614,20140615,20140617,20140621,20140629,20140630,20140701 
Number is 34 
G.4.4_index_2_VS_G.1.1_index_1 [2] PLUS 1 
20140515,20140518,20140601,20140602,20140607,20140608,20140609,20140610,20140611,20140612,20140613,20140616,20140618,20140620,20140621,20140622,20140628,20140702 
Number is 39 
G.5.5_index_3_VS_G.5.2_index_1 [3] PLUS 1 
20140516,20140519,20140521,20140522,20140523,20140524,20140525,20140528,20140601,20140604,20140607,20140608,20140609,20140610,20140611,20140612,20140613,20140615,20140619,20140622,20140623,20140627,20140628 
Number is 44 
G.3.1_index_5_VS_G.3.2_index_2 [4] 
20140514,20140515,20140517,20140518,20140519,20140523,20140524,20140525,20140530,20140602,20140603,20140605,20140607,20140608,20140609,20140610,20140611,20140612,20140615,20140616,20140618,20140619,20140621,20140625,20140628 
Number is 48 
G.2.2_index_1_VS_G.4.2_index_3 [5] 
20140517,20140519,20140520,20140521,20140522,20140526,20140527,20140528,20140529,20140531,20140603,20140604,20140605,20140607,20140608,20140609,20140610,20140611,20140612,20140628 
Number is 49 
G.1.1_index_1_VS_G.5.2_index_1 [6] 
20140515,20140516,20140518,20140519,20140521,20140523,20140526,20140528,20140530,20140601,20140603,20140607,20140608,20140609,20140610,20140611,20140612,20140616,20140618,20140619,20140622,20140625,20140627,20140628,20140629 
Number is 53 
G.3.3_index_5_VS_G.5.5_index_3 [7] 
20140514,20140516,20140519,20140521,20140522,20140525,20140529,20140601,20140602,20140605,20140607,20140608,20140609,20140610,20140611,20140612,20140617,20140619,20140627,20140629,20140630,20140701 
Number is 72 
G.3.6_index_1_VS_G.4.4_index_1 [8] PLUS 1 
20140516,20140519,20140525,20140526,20140527,20140528,20140531,20140602,20140606,20140607,20140608,20140609,20140610,20140611,20140612,20140613,20140614,20140615,20140620,20140621,20140625,20140629,20140630,20140702 
Number is 86 
G.4.2_index_3_VS_G.7.4_index_1 [9] 
20140515,20140518,20140520,20140521,20140522,20140523,20140525,20140527,20140529,20140602,20140603,20140605,20140607,20140608,20140609,20140610,20140611,20140612,20140616,20140619,20140620,20140622,20140624,20140627,20140628,20140629,20140630 
G.3.1_index_3_VS_G.1.1_index_3 [10] 
20140514,20140517,20140518,20140520,20140522,20140523,20140527,20140530,20140531,20140601,20140604,20140606,20140607,20140608,20140609,20140610,20140611,20140612,20140616,20140619,20140621,20140622,20140625,20140627,20140630,20140701,20140702 
Number is 92 
G.5.2_index_1_VS_G.5.2_index_3 [11] PLUS 1 
20140521,20140522,20140523,20140524,20140528,20140602,20140606,20140607,20140608,20140609,20140610,20140611,20140612,20140613,20140617,20140618,20140621,20140622,20140626,20140627,20140702 
Number is 94 
G.2.1_index_3_VS_G.2.2_index_2 [12] 
20140514,20140516,20140517,20140522,20140523,20140526,20140531,20140601,20140602,20140606,20140607,20140608,20140609,20140610,20140611,20140612,20140616,20140621,20140624,20140626,20140629 
Number is 98 
G.3.2_index_5_VS_G.4.2_index_3 [13] 
20140517,20140519,20140520,20140521,20140523,20140525,20140526,20140528,20140529,20140530,20140601,20140606,20140607,20140608,20140609,20140610,20140611,20140612,20140614,20140616,20140618,20140619,20140622,20140624,20140625,20140627,20140628 
Number is 99 
G.2.1_index_5_VS_G.6.3_index_2 [14] PLUS 1 
20140519,20140522,20140525,20140526,20140528,20140530,20140601,20140602,20140605,20140606,20140607,20140608,20140609,20140610,20140611,20140612,20140613,20140614,20140616,20140618,20140622,20140627,20140628,20140629,20140701 
