======== Current: 20140616 ========= 
Number is 02 
G.1.1_index_1_VS_G.5.2_index_2 [1] PLUS 1 
20140517,20140519,20140520,20140521,20140523,20140527,20140609,20140610,20140611,20140612,20140613,20140614,20140615,20140616,20140617,20140618,20140619,20140623,20140625,20140629 
Number is 06 
G.7.3_index_1_VS_G.2.2_index_1 [2] PLUS 1 
20140516,20140528,20140530,20140531,20140601,20140603,20140604,20140605,20140608,20140609,20140610,20140611,20140612,20140613,20140614,20140615,20140616,20140622,20140626,20140627,20140628,20140629,20140630,20140702 
Number is 16 
G.3.6_index_1_VS_G.4.4_index_1 [3] 
20140516,20140519,20140525,20140526,20140527,20140528,20140531,20140602,20140606,20140607,20140608,20140609,20140610,20140611,20140612,20140613,20140614,20140615,20140620,20140621,20140625,20140629,20140630,20140702 
Number is 18 
G.5.3_index_3_VS_G.4.4_index_2 [4] PLUS 1 
20140514,20140515,20140519,20140527,20140529,20140603,20140607,20140609,20140610,20140611,20140612,20140613,20140614,20140615,20140616,20140618,20140619,20140624,20140627,20140628,20140630 
Number is 23 
G.5.3_index_1_VS_G.DB_index_4 [5] PLUS 1 
20140517,20140520,20140522,20140523,20140528,20140529,20140530,20140531,20140602,20140603,20140606,20140608,20140609,20140610,20140611,20140612,20140613,20140614,20140615,20140616,20140618,20140620,20140621,20140626,20140629 
Number is 26 
G.3.2_index_5_VS_G.4.2_index_4 [6] 
20140516,20140518,20140521,20140525,20140526,20140528,20140601,20140603,20140609,20140610,20140611,20140612,20140613,20140614,20140615,20140617,20140621,20140622,20140624,20140627,20140702 
Number is 42 
G.5.6_index_3_VS_G.2.1_index_4 [7] 
20140515,20140517,20140523,20140524,20140528,20140601,20140602,20140603,20140608,20140610,20140611,20140612,20140613,20140614,20140615,20140619,20140620,20140621,20140623,20140624,20140625,20140628,20140629,20140630 
Number is 57 
G.5.6_index_4_VS_G.7.1_index_2 [8] 
20140514,20140516,20140518,20140521,20140525,20140526,20140605,20140608,20140610,20140611,20140612,20140613,20140614,20140615,20140617,20140618,20140621,20140622,20140623,20140624,20140625,20140627 
Number is 64 
G.7.2_index_2_VS_G.3.2_index_3 [9] 
20140514,20140517,20140523,20140524,20140526,20140527,20140528,20140605,20140607,20140610,20140611,20140612,20140613,20140614,20140615,20140618,20140619,20140620,20140622,20140702 
Number is 65 
G.4.4_index_1_VS_G.3.3_index_3 [10] 
20140514,20140516,20140517,20140519,20140524,20140525,20140527,20140529,20140531,20140603,20140604,20140606,20140607,20140608,20140609,20140610,20140611,20140612,20140613,20140614,20140615,20140617,20140621,20140629,20140630,20140701 
Number is 69 
G.4.2_index_4_VS_G.6.3_index_2 [11] 
20140514,20140516,20140529,20140530,20140602,20140605,20140606,20140607,20140610,20140611,20140612,20140613,20140614,20140615,20140617,20140618,20140624,20140625,20140626,20140627,20140628,20140629,20140702 
Number is 72 
G.6.2_index_1_VS_G.5.3_index_4 [12] PLUS 1 
20140514,20140517,20140522,20140523,20140525,20140527,20140528,20140529,20140601,20140602,20140604,20140605,20140610,20140611,20140612,20140613,20140614,20140615,20140616,20140618,20140619,20140623,20140625,20140626,20140628,20140702 
Number is 78 
G.7.1_index_2_VS_G.5.3_index_2 [13] 
20140514,20140515,20140516,20140518,20140519,20140522,20140523,20140528,20140529,20140530,20140531,20140601,20140602,20140605,20140608,20140610,20140611,20140612,20140613,20140614,20140615,20140617,20140622,20140623,20140624,20140625,20140630 
Number is 79 
G.3.2_index_2_VS_G.3.5_index_1 [14] 
20140514,20140519,20140521,20140522,20140526,20140527,20140530,20140531,20140601,20140603,20140605,20140606,20140607,20140610,20140611,20140612,20140613,20140614,20140615,20140617,20140618,20140619,20140620,20140621,20140626,20140627,20140629 
Number is 82 
G.2.1_index_5_VS_G.3.2_index_5 [15] 
20140515,20140517,20140519,20140520,20140522,20140525,20140526,20140531,20140604,20140610,20140611,20140612,20140613,20140614,20140615,20140617,20140619,20140621,20140622,20140624,20140625,20140627,20140628,20140629 
Number is 90 
G.6.3_index_2_VS_G.DB_index_1 [16] PLUS 1 
20140514,20140517,20140521,20140523,20140525,20140527,20140530,20140605,20140606,20140610,20140611,20140612,20140613,20140614,20140615,20140616,20140617,20140618,20140622,20140623,20140626,20140627,20140628 
Number is 91 
G.6.3_index_2_VS_G.5.3_index_3 [17] 
20140518,20140519,20140523,20140525,20140602,20140605,20140608,20140610,20140611,20140612,20140613,20140614,20140615,20140626,20140627 
Number is 97 
G.3.1_index_4_VS_G.3.2_index_2 [18] 
20140517,20140519,20140520,20140521,20140527,20140529,20140531,20140601,20140602,20140604,20140605,20140607,20140610,20140611,20140612,20140613,20140614,20140615,20140617,20140618,20140620,20140623,20140624,20140625,20140626,20140630,20140702 
G.3.5_index_1_VS_G.6.1_index_2 [19] 
20140516,20140520,20140528,20140529,20140530,20140601,20140604,20140605,20140607,20140608,20140610,20140611,20140612,20140613,20140614,20140615,20140618,20140620,20140621,20140624,20140630,20140701,20140702 
G.2.2_index_5_VS_G.3.4_index_3 [20] 
20140516,20140517,20140521,20140522,20140527,20140529,20140531,20140602,20140604,20140608,20140610,20140611,20140612,20140613,20140614,20140615,20140617,20140618,20140624,20140626,20140627,20140701 
