======== Current: 20140617 ========= 
Number is 00 
G.6.1_index_2_VS_G.5.5_index_1 [1] 
20140514,20140525,20140526,20140529,20140530,20140601,20140605,20140606,20140608,20140609,20140611,20140612,20140613,20140614,20140615,20140616,20140618,20140620,20140622,20140624,20140625,20140628,20140629,20140630,20140701,20140702 
G.1.1_index_2_VS_G.3.6_index_2 [2] 
20140516,20140517,20140519,20140521,20140523,20140528,20140529,20140601,20140604,20140605,20140606,20140607,20140609,20140611,20140612,20140613,20140614,20140615,20140616,20140618,20140619,20140620,20140623,20140625,20140629,20140630,20140701 
Number is 02 
G.7.2_index_2_VS_G.5.1_index_3 [3] 
20140515,20140516,20140517,20140518,20140520,20140521,20140527,20140529,20140531,20140602,20140603,20140607,20140611,20140612,20140613,20140614,20140615,20140616,20140623,20140628,20140629,20140701,20140702 
Number is 04 
G.5.3_index_3_VS_G.4.4_index_2 [4] 
20140514,20140515,20140519,20140527,20140529,20140603,20140607,20140609,20140610,20140611,20140612,20140613,20140614,20140615,20140616,20140618,20140619,20140624,20140627,20140628,20140630 
Number is 06 
G.5.3_index_1_VS_G.DB_index_4 [5] 
20140517,20140520,20140522,20140523,20140528,20140529,20140530,20140531,20140602,20140603,20140606,20140608,20140609,20140610,20140611,20140612,20140613,20140614,20140615,20140616,20140618,20140620,20140621,20140626,20140629 
Number is 10 
G.6.2_index_2_VS_G.4.4_index_1 [6] 
20140516,20140519,20140521,20140522,20140523,20140525,20140526,20140531,20140601,20140603,20140604,20140605,20140606,20140608,20140611,20140612,20140613,20140614,20140615,20140616,20140619,20140622,20140623,20140624,20140625,20140627,20140630 
Number is 28 
G.5.3_index_4_VS_G.5.5_index_2 [7] 
20140516,20140517,20140518,20140521,20140528,20140529,20140602,20140606,20140611,20140612,20140613,20140614,20140615,20140616,20140618,20140619,20140621,20140622,20140625,20140628,20140630 
Number is 31 
G.3.6_index_5_VS_G.3.4_index_3 [8] 
20140519,20140521,20140523,20140526,20140527,20140531,20140602,20140603,20140605,20140607,20140611,20140612,20140613,20140614,20140615,20140616,20140618,20140619,20140620,20140621,20140624,20140625,20140628,20140629,20140701,20140702 
Number is 36 
G.3.4_index_1_VS_G.DB_index_1 [9] PLUS 1 
20140515,20140516,20140517,20140520,20140521,20140523,20140524,20140527,20140528,20140530,20140602,20140604,20140605,20140606,20140608,20140611,20140612,20140613,20140614,20140615,20140616,20140617,20140618,20140619,20140620,20140621,20140622,20140623,20140625,20140628,20140630,20140701 
Number is 37 
G.7.4_index_1_VS_G.6.1_index_1 [10] PLUS 1 
20140514,20140519,20140520,20140527,20140529,20140601,20140603,20140604,20140606,20140607,20140608,20140609,20140611,20140612,20140613,20140614,20140615,20140616,20140617,20140618,20140619,20140621,20140624,20140625,20140627,20140629 
Number is 38 
G.3.3_index_5_VS_G.5.4_index_3 [11] 
20140514,20140516,20140517,20140518,20140519,20140521,20140523,20140527,20140528,20140601,20140602,20140604,20140605,20140606,20140607,20140611,20140612,20140613,20140614,20140615,20140616,20140618,20140619,20140621,20140622,20140624,20140701 
Number is 41 
G.4.2_index_4_VS_G.6.2_index_2 [12] 
20140515,20140516,20140521,20140522,20140525,20140527,20140530,20140603,20140604,20140605,20140611,20140612,20140613,20140614,20140615,20140616,20140619,20140620,20140622,20140623,20140626,20140627,20140630 
Number is 53 
G.5.2_index_1_VS_G.3.4_index_1 [13] 
20140519,20140521,20140522,20140524,20140527,20140529,20140531,20140604,20140606,20140608,20140609,20140611,20140612,20140613,20140614,20140615,20140616,20140619,20140624,20140626,20140627,20140701,20140702 
Number is 68 
G.1.1_index_1_VS_G.5.2_index_2 [14] PLUS 1 
20140517,20140519,20140520,20140521,20140523,20140527,20140609,20140610,20140611,20140612,20140613,20140614,20140615,20140616,20140617,20140618,20140619,20140623,20140625,20140629 
Number is 90 
G.7.3_index_1_VS_G.3.6_index_2 [15] 
20140517,20140519,20140522,20140523,20140524,20140529,20140530,20140531,20140601,20140604,20140605,20140606,20140607,20140609,20140611,20140612,20140613,20140614,20140615,20140616,20140618,20140620,20140621,20140623,20140625,20140702 
Number is 92 
G.6.2_index_1_VS_G.5.3_index_4 [16] 
20140514,20140517,20140522,20140523,20140525,20140527,20140528,20140529,20140601,20140602,20140604,20140605,20140610,20140611,20140612,20140613,20140614,20140615,20140616,20140618,20140619,20140623,20140625,20140626,20140628,20140702 
Number is 96 
G.6.3_index_2_VS_G.DB_index_1 [17] PLUS 1 
20140514,20140517,20140521,20140523,20140525,20140527,20140530,20140605,20140606,20140610,20140611,20140612,20140613,20140614,20140615,20140616,20140617,20140618,20140622,20140623,20140626,20140627,20140628 
Number is 98 
G.7.3_index_1_VS_G.2.2_index_1 [18] 
20140516,20140528,20140530,20140531,20140601,20140603,20140604,20140605,20140608,20140609,20140610,20140611,20140612,20140613,20140614,20140615,20140616,20140622,20140626,20140627,20140628,20140629,20140630,20140702 
Number is 99 
G.7.3_index_1_VS_G.3.2_index_2 [19] 
20140514,20140520,20140523,20140524,20140526,20140529,20140531,20140602,20140603,20140604,20140605,20140607,20140611,20140612,20140613,20140614,20140615,20140616,20140618,20140620,20140622,20140623,20140627,20140702 
