======== Current: 20140620 ========= 
Number is 00 
G.7.4_index_1_VS_G.6.1_index_1 [1] 
20140514,20140519,20140520,20140527,20140529,20140601,20140603,20140604,20140606,20140607,20140608,20140609,20140611,20140612,20140613,20140614,20140615,20140616,20140617,20140618,20140619,20140621,20140624,20140625,20140627,20140629 
Number is 03 
G.3.4_index_1_VS_G.1.1_index_1 [2] 
20140516,20140517,20140518,20140523,20140524,20140527,20140528,20140531,20140604,20140605,20140612,20140613,20140614,20140615,20140616,20140617,20140618,20140619,20140626,20140701 
Number is 04 
G.5.2_index_4_VS_G.3.6_index_1 [3] PLUS 1 
20140515,20140517,20140519,20140520,20140522,20140525,20140526,20140528,20140529,20140531,20140602,20140603,20140605,20140606,20140607,20140608,20140613,20140614,20140615,20140616,20140617,20140618,20140619,20140620,20140622,20140623,20140624,20140625,20140629,20140630 
Number is 09 
G.3.4_index_1_VS_G.DB_index_1 [4] PLUS 1 
20140515,20140516,20140517,20140520,20140521,20140523,20140524,20140527,20140528,20140530,20140602,20140604,20140605,20140606,20140608,20140611,20140612,20140613,20140614,20140615,20140616,20140617,20140618,20140619,20140620,20140621,20140622,20140623,20140625,20140628,20140630,20140701 
Number is 19 
G.4.4_index_3_VS_G.3.1_index_4 [5] 
20140514,20140515,20140516,20140517,20140519,20140521,20140523,20140524,20140526,20140527,20140530,20140531,20140601,20140602,20140605,20140607,20140609,20140610,20140613,20140614,20140615,20140616,20140617,20140618,20140619,20140625,20140626,20140628,20140629,20140630,20140702 
Number is 20 
G.3.5_index_4_VS_G.3.5_index_3 [6] 
20140514,20140516,20140517,20140525,20140527,20140529,20140530,20140531,20140603,20140606,20140608,20140614,20140615,20140616,20140617,20140618,20140619,20140625,20140626,20140628,20140701,20140702 
Number is 22 
G.2.1_index_1_VS_G.6.2_index_1 [7] 
20140514,20140518,20140522,20140530,20140601,20140602,20140610,20140613,20140614,20140615,20140616,20140617,20140618,20140619,20140623,20140625,20140628 
Number is 24 
G.3.4_index_2_VS_G.5.1_index_3 [8] 
20140514,20140515,20140516,20140517,20140518,20140527,20140528,20140529,20140602,20140603,20140606,20140607,20140614,20140615,20140616,20140617,20140618,20140619,20140623,20140628,20140701,20140702 
Number is 29 
G.3.5_index_5_VS_G.3.6_index_5 [9] 
20140521,20140523,20140525,20140526,20140527,20140529,20140601,20140602,20140603,20140605,20140606,20140608,20140613,20140614,20140615,20140616,20140617,20140618,20140619,20140625,20140628,20140630,20140701,20140702 
Number is 30 
G.1.1_index_1_VS_G.3.5_index_3 [10] 
20140515,20140516,20140519,20140523,20140526,20140528,20140609,20140611,20140614,20140615,20140616,20140617,20140618,20140619,20140621,20140624,20140625,20140628,20140701 
Number is 37 
G.1.1_index_1_VS_G.5.2_index_2 [11] 
20140517,20140519,20140520,20140521,20140523,20140527,20140609,20140610,20140611,20140612,20140613,20140614,20140615,20140616,20140617,20140618,20140619,20140623,20140625,20140629 
Number is 41 
G.2.2_index_4_VS_G.5.4_index_1 [12] PLUS 1 
20140518,20140520,20140524,20140527,20140530,20140606,20140614,20140615,20140616,20140617,20140618,20140619,20140620,20140621,20140622,20140623,20140628,20140630,20140701,20140702 
Number is 47 
G.5.1_index_3_VS_G.3.3_index_1 [13] 
20140514,20140515,20140516,20140522,20140526,20140527,20140528,20140529,20140603,20140604,20140607,20140610,20140611,20140613,20140614,20140615,20140616,20140617,20140618,20140619,20140623,20140627,20140628,20140630,20140701,20140702 
Number is 48 
G.2.2_index_4_VS_G.4.3_index_3 [14] 
20140514,20140517,20140518,20140522,20140524,20140525,20140527,20140528,20140601,20140604,20140605,20140607,20140614,20140615,20140616,20140617,20140618,20140619,20140628,20140630,20140702 
Number is 52 
G.4.2_index_4_VS_G.3.5_index_4 [15] PLUS 1 
20140517,20140518,20140524,20140527,20140529,20140531,20140601,20140603,20140604,20140605,20140608,20140610,20140611,20140613,20140614,20140615,20140616,20140617,20140618,20140619,20140620,20140621,20140624,20140625,20140628 
Number is 59 
G.7.1_index_1_VS_G.3.1_index_4 [16] PLUS 1 
20140515,20140518,20140519,20140521,20140523,20140526,20140527,20140529,20140601,20140604,20140605,20140606,20140608,20140609,20140614,20140615,20140616,20140617,20140618,20140619,20140620,20140621,20140629,20140630 
Number is 60 
G.5.3_index_2_VS_G.6.1_index_1 [17] 
20140515,20140520,20140525,20140527,20140529,20140530,20140604,20140605,20140606,20140608,20140609,20140611,20140612,20140614,20140615,20140616,20140617,20140618,20140619,20140625,20140626,20140629,20140630,20140702 
Number is 63 
G.5.1_index_4_VS_G.7.1_index_2 [18] 
20140515,20140517,20140518,20140519,20140523,20140525,20140526,20140528,20140529,20140531,20140601,20140602,20140606,20140608,20140611,20140613,20140614,20140615,20140616,20140617,20140618,20140619,20140622,20140628,20140629,20140630,20140701 
Number is 65 
G.5.1_index_4_VS_G.7.1_index_1 [19] 
20140514,20140515,20140517,20140521,20140525,20140526,20140601,20140602,20140608,20140610,20140611,20140614,20140615,20140616,20140617,20140618,20140619,20140627,20140630 
Number is 67 
G.5.1_index_4_VS_G.4.2_index_2 [20] PLUS 1 
20140514,20140516,20140521,20140524,20140526,20140529,20140601,20140604,20140606,20140608,20140610,20140614,20140615,20140616,20140617,20140618,20140619,20140620,20140623,20140624,20140625,20140626,20140628,20140629,20140630 
G.2.1_index_5_VS_G.3.3_index_1 [21] PLUS 1 
20140515,20140518,20140519,20140522,20140524,20140526,20140528,20140531,20140602,20140603,20140604,20140606,20140607,20140608,20140610,20140611,20140614,20140615,20140616,20140617,20140618,20140619,20140620,20140621,20140622,20140623,20140625,20140627,20140628,20140629,20140630 
Number is 70 
G.3.3_index_1_VS_G.3.5_index_3 [22] 
20140516,20140519,20140522,20140525,20140527,20140528,20140531,20140608,20140614,20140615,20140616,20140617,20140618,20140619,20140623,20140625,20140627,20140628,20140702 
G.3.3_index_1_VS_G.DB_index_5 [23] 
20140515,20140519,20140523,20140528,20140529,20140601,20140602,20140608,20140609,20140613,20140614,20140615,20140616,20140617,20140618,20140619,20140621,20140624,20140625,20140626 
Number is 79 
G.5.3_index_1_VS_G.3.2_index_4 [24] PLUS 1 
20140514,20140519,20140522,20140523,20140524,20140527,20140528,20140529,20140602,20140607,20140614,20140615,20140616,20140617,20140618,20140619,20140620,20140621,20140624,20140627 
Number is 90 
G.4.1_index_2_VS_G.6.1_index_1 [25] PLUS 1 
20140514,20140517,20140520,20140522,20140523,20140524,20140527,20140528,20140529,20140601,20140602,20140607,20140608,20140614,20140615,20140616,20140617,20140618,20140619,20140620,20140622,20140626,20140702 
G.3.2_index_4_VS_G.3.5_index_3 [26] PLUS 1 
20140514,20140515,20140517,20140518,20140519,20140521,20140522,20140523,20140527,20140528,20140530,20140601,20140602,20140608,20140612,20140613,20140614,20140615,20140616,20140617,20140618,20140619,20140620,20140622,20140623,20140701 
G.7.3_index_1_VS_G.2.2_index_3 [27] PLUS 1 
20140516,20140517,20140518,20140521,20140525,20140528,20140529,20140605,20140614,20140615,20140616,20140617,20140618,20140619,20140620,20140621,20140622,20140623,20140624,20140626,20140627 
Number is 94 
G.7.3_index_1_VS_G.2.2_index_4 [28] PLUS 1 
20140514,20140528,20140529,20140604,20140605,20140607,20140613,20140614,20140615,20140616,20140617,20140618,20140619,20140620,20140622,20140623,20140624,20140625,20140628,20140701,20140702 
Number is 97 
G.3.2_index_4_VS_G.5.2_index_2 [29] PLUS 1 
20140516,20140518,20140522,20140523,20140526,20140527,20140528,20140602,20140604,20140606,20140607,20140610,20140614,20140615,20140616,20140617,20140618,20140619,20140620,20140621,20140622,20140629 
