======== Current: 20140622 ========= 
Number is 03 
G.4.3_index_1_VS_G.4.2_index_1 [1] 
20140517,20140520,20140521,20140522,20140523,20140525,20140526,20140531,20140607,20140616,20140617,20140618,20140619,20140620,20140621,20140626,20140701,20140702 
G.4.1_index_2_VS_G.DB_index_4 [2] 
20140517,20140520,20140521,20140523,20140524,20140525,20140528,20140531,20140601,20140606,20140607,20140609,20140611,20140612,20140616,20140617,20140618,20140619,20140620,20140621,20140628,20140629 
Number is 07 
G.2.1_index_5_VS_G.3.3_index_1 [3] PLUS 1 
20140515,20140518,20140519,20140522,20140524,20140526,20140528,20140531,20140602,20140603,20140604,20140606,20140607,20140608,20140610,20140611,20140614,20140615,20140616,20140617,20140618,20140619,20140620,20140621,20140622,20140623,20140625,20140627,20140628,20140629,20140630 
Number is 10 
G.2.2_index_4_VS_G.5.4_index_1 [4] PLUS 1 
20140518,20140520,20140524,20140527,20140530,20140606,20140614,20140615,20140616,20140617,20140618,20140619,20140620,20140621,20140622,20140623,20140628,20140630,20140701,20140702 
G.4.2_index_4_VS_G.7.4_index_2 [5] PLUS 1 
20140518,20140520,20140521,20140527,20140530,20140601,20140602,20140603,20140604,20140605,20140606,20140607,20140608,20140611,20140612,20140613,20140614,20140616,20140617,20140618,20140619,20140620,20140621,20140622,20140623,20140625,20140626,20140628,20140629,20140702 
Number is 11 
G.5.3_index_4_VS_G.2.2_index_4 [6] 
20140518,20140520,20140521,20140524,20140525,20140526,20140528,20140603,20140604,20140607,20140613,20140616,20140617,20140618,20140619,20140620,20140621,20140625,20140626,20140627,20140628,20140630,20140701 
G.3.4_index_5_VS_G.2.2_index_4 [7] 
20140516,20140517,20140519,20140522,20140524,20140528,20140530,20140531,20140605,20140606,20140607,20140616,20140617,20140618,20140619,20140620,20140621,20140625,20140628,20140630 
G.4.1_index_1_VS_G.5.3_index_4 [8] 
20140517,20140521,20140522,20140523,20140525,20140526,20140527,20140529,20140603,20140608,20140613,20140616,20140617,20140618,20140619,20140620,20140621,20140623,20140624,20140625,20140628,20140629,20140630 
G.3.4_index_5_VS_G.4.2_index_4 [9] 
20140515,20140522,20140527,20140528,20140529,20140530,20140602,20140604,20140606,20140607,20140608,20140610,20140611,20140612,20140615,20140616,20140617,20140618,20140619,20140620,20140621,20140623,20140625,20140628,20140629,20140630 
Number is 12 
G.4.1_index_1_VS_G.3.2_index_5 [10] PLUS 1 
20140514,20140515,20140517,20140518,20140519,20140521,20140530,20140602,20140605,20140608,20140610,20140611,20140612,20140613,20140616,20140617,20140618,20140619,20140620,20140621,20140622,20140623,20140624,20140626,20140629,20140702 
Number is 14 
G.3.4_index_5_VS_G.2.2_index_3 [11] PLUS 1 
20140514,20140515,20140517,20140518,20140519,20140520,20140521,20140522,20140524,20140525,20140526,20140529,20140530,20140531,20140604,20140605,20140606,20140607,20140609,20140613,20140615,20140616,20140617,20140618,20140619,20140620,20140621,20140622,20140626,20140627,20140628,20140629,20140630,20140702 
Number is 15 
G.4.1_index_1_VS_G.4.4_index_4 [12] 
20140514,20140515,20140519,20140522,20140531,20140601,20140602,20140606,20140608,20140610,20140613,20140616,20140617,20140618,20140619,20140620,20140621,20140624,20140626,20140629,20140702 
Number is 17 
G.4.2_index_4_VS_G.3.5_index_4 [13] 
20140517,20140518,20140524,20140527,20140529,20140531,20140601,20140603,20140604,20140605,20140608,20140610,20140611,20140613,20140614,20140615,20140616,20140617,20140618,20140619,20140620,20140621,20140624,20140625,20140628 
Number is 18 
G.4.2_index_4_VS_G.3.2_index_2 [14] PLUS 1 
20140514,20140516,20140518,20140522,20140524,20140525,20140526,20140528,20140530,20140531,20140604,20140605,20140610,20140611,20140616,20140617,20140618,20140619,20140620,20140621,20140622,20140624,20140626,20140627 
Number is 19 
G.4.1_index_1_VS_G.5.6_index_2 [15] 
20140516,20140518,20140519,20140520,20140522,20140523,20140525,20140526,20140527,20140531,20140601,20140602,20140603,20140605,20140608,20140612,20140614,20140616,20140617,20140618,20140619,20140620,20140621,20140624,20140626,20140628,20140630,20140702 
Number is 21 
G.3.2_index_5_VS_G.5.3_index_4 [16] PLUS 1 
20140515,20140517,20140523,20140524,20140525,20140526,20140603,20140610,20140611,20140613,20140615,20140616,20140617,20140618,20140619,20140620,20140621,20140622,20140624,20140628,20140629,20140701,20140702 
Number is 24 
G.7.3_index_1_VS_G.2.2_index_3 [17] PLUS 1 
20140516,20140517,20140518,20140521,20140525,20140528,20140529,20140605,20140614,20140615,20140616,20140617,20140618,20140619,20140620,20140621,20140622,20140623,20140624,20140626,20140627 
Number is 28 
G.5.1_index_2_VS_G.3.2_index_2 [18] PLUS 1 
20140514,20140519,20140520,20140521,20140522,20140523,20140525,20140526,20140530,20140602,20140606,20140607,20140608,20140611,20140612,20140616,20140617,20140618,20140619,20140620,20140621,20140622,20140623,20140624,20140627 
Number is 31 
G.3.4_index_1_VS_G.2.2_index_4 [19] PLUS 1 
20140515,20140516,20140519,20140520,20140521,20140522,20140524,20140525,20140527,20140528,20140530,20140602,20140606,20140607,20140613,20140616,20140617,20140618,20140619,20140620,20140621,20140622,20140623,20140630,20140701 
Number is 33 
G.DB_index_4_VS_G.3.1_index_5 [20] 
20140518,20140522,20140525,20140528,20140529,20140530,20140531,20140604,20140605,20140606,20140607,20140608,20140609,20140616,20140617,20140618,20140619,20140620,20140621,20140623,20140625,20140626,20140628,20140629,20140701,20140702 
Number is 34 
G.3.4_index_1_VS_G.DB_index_1 [21] PLUS 1 
20140515,20140516,20140517,20140520,20140521,20140523,20140524,20140527,20140528,20140530,20140602,20140604,20140605,20140606,20140608,20140611,20140612,20140613,20140614,20140615,20140616,20140617,20140618,20140619,20140620,20140621,20140622,20140623,20140625,20140628,20140630,20140701 
Number is 36 
G.3.1_index_5_VS_G.2.2_index_2 [22] PLUS 1 
20140515,20140516,20140517,20140519,20140522,20140529,20140531,20140605,20140607,20140608,20140611,20140616,20140617,20140618,20140619,20140620,20140621,20140622,20140623,20140625,20140627,20140628 
G.3.1_index_5_VS_G.3.2_index_1 [23] PLUS 1 
20140515,20140517,20140519,20140521,20140522,20140524,20140525,20140526,20140528,20140530,20140531,20140603,20140606,20140609,20140614,20140616,20140617,20140618,20140619,20140620,20140621,20140622,20140628,20140629,20140701,20140702 
Number is 40 
G.5.4_index_2_VS_G.5.4_index_1 [24] 
20140516,20140517,20140518,20140519,20140520,20140521,20140522,20140524,20140529,20140530,20140531,20140603,20140604,20140610,20140612,20140616,20140617,20140618,20140619,20140620,20140621,20140623,20140625,20140627,20140628,20140630 
Number is 43 
G.1.1_index_4_VS_G.2.1_index_4 [25] PLUS 1 
20140517,20140521,20140528,20140601,20140602,20140606,20140608,20140611,20140616,20140617,20140618,20140619,20140620,20140621,20140622,20140624,20140630 
Number is 48 
G.5.4_index_2_VS_G.3.6_index_5 [26] 
20140516,20140520,20140523,20140524,20140527,20140529,20140601,20140604,20140605,20140608,20140610,20140616,20140617,20140618,20140619,20140620,20140621,20140624,20140625,20140630 
G.DB_index_1_VS_G.DB_index_5 [27] 
20140515,20140517,20140520,20140521,20140523,20140524,20140527,20140529,20140530,20140531,20140602,20140603,20140606,20140608,20140610,20140612,20140616,20140617,20140618,20140619,20140620,20140621,20140624,20140626,20140630 
G.1.1_index_4_VS_G.6.3_index_3 [28] 
20140515,20140517,20140521,20140522,20140523,20140528,20140531,20140601,20140605,20140608,20140609,20140611,20140613,20140615,20140616,20140617,20140618,20140619,20140620,20140621,20140625 
Number is 52 
G.5.1_index_4_VS_G.3.6_index_2 [29] 
20140514,20140520,20140521,20140525,20140529,20140530,20140531,20140601,20140603,20140606,20140612,20140613,20140615,20140616,20140617,20140618,20140619,20140620,20140621,20140623,20140626,20140627,20140628 
Number is 53 
G.5.1_index_4_VS_G.5.1_index_3 [30] 
20140515,20140516,20140517,20140518,20140521,20140527,20140530,20140602,20140603,20140608,20140610,20140613,20140615,20140616,20140617,20140618,20140619,20140620,20140621,20140623,20140626,20140627,20140628,20140630,20140701,20140702 
Number is 56 
G.5.1_index_4_VS_G.3.1_index_4 [31] 
20140517,20140519,20140520,20140526,20140527,20140528,20140530,20140531,20140602,20140604,20140605,20140609,20140610,20140611,20140616,20140617,20140618,20140619,20140620,20140621,20140624,20140626,20140628,20140630,20140701 
Number is 59 
G.5.1_index_4_VS_G.DB_index_2 [32] 
20140515,20140518,20140520,20140521,20140522,20140525,20140526,20140529,20140606,20140608,20140609,20140613,20140614,20140616,20140617,20140618,20140619,20140620,20140621,20140625,20140701 
G.3.5_index_5_VS_G.2.1_index_3 [33] 
20140515,20140524,20140525,20140526,20140528,20140530,20140601,20140606,20140607,20140611,20140613,20140615,20140616,20140617,20140618,20140619,20140620,20140621,20140624,20140625,20140626,20140628,20140629,20140630 
Number is 61 
G.3.1_index_1_VS_G.5.5_index_4 [34] 
20140516,20140517,20140519,20140520,20140521,20140524,20140526,20140528,20140529,20140530,20140602,20140604,20140605,20140606,20140613,20140614,20140616,20140617,20140618,20140619,20140620,20140621,20140625,20140626,20140628,20140701 
G.3.5_index_1_VS_G.4.1_index_1 [35] 
20140514,20140516,20140518,20140519,20140520,20140522,20140523,20140526,20140527,20140604,20140608,20140613,20140616,20140617,20140618,20140619,20140620,20140621,20140627,20140629,20140702 
G.3.2_index_4_VS_G.4.2_index_4 [36] 
20140515,20140522,20140523,20140525,20140527,20140530,20140605,20140606,20140609,20140611,20140612,20140613,20140615,20140616,20140617,20140618,20140619,20140620,20140621,20140623,20140624,20140626,20140627,20140629,20140630,20140702 
Number is 62 
G.3.2_index_4_VS_G.5.6_index_1 [37] PLUS 1 
20140515,20140516,20140518,20140523,20140527,20140528,20140607,20140616,20140617,20140618,20140619,20140620,20140621,20140622,20140623,20140629 
G.2.2_index_5_VS_G.7.3_index_1 [38] PLUS 1 
20140527,20140529,20140530,20140602,20140605,20140606,20140608,20140609,20140610,20140611,20140613,20140615,20140616,20140617,20140618,20140619,20140620,20140621,20140622,20140623,20140625,20140629,20140701,20140702 
Number is 66 
G.4.1_index_4_VS_G.2.2_index_2 [39] 
20140514,20140517,20140518,20140519,20140523,20140524,20140525,20140527,20140531,20140603,20140606,20140608,20140610,20140614,20140616,20140617,20140618,20140619,20140620,20140621,20140625,20140626,20140627,20140629,20140630 
Number is 67 
G.3.6_index_3_VS_G.5.6_index_3 [40] PLUS 1 
20140515,20140517,20140518,20140519,20140521,20140522,20140524,20140525,20140526,20140528,20140603,20140605,20140608,20140615,20140616,20140617,20140618,20140619,20140620,20140621,20140622,20140628,20140701 
G.3.2_index_4_VS_G.5.2_index_2 [41] PLUS 1 
20140516,20140518,20140522,20140523,20140526,20140527,20140528,20140602,20140604,20140606,20140607,20140610,20140614,20140615,20140616,20140617,20140618,20140619,20140620,20140621,20140622,20140629 
Number is 68 
G.2.2_index_2_VS_G.6.3_index_3 [42] 
20140515,20140517,20140518,20140519,20140521,20140522,20140523,20140525,20140529,20140531,20140601,20140603,20140604,20140606,20140607,20140608,20140611,20140613,20140614,20140616,20140617,20140618,20140619,20140620,20140621,20140624,20140625,20140626,20140627,20140629 
Number is 70 
G.3.5_index_4_VS_G.5.4_index_1 [43] PLUS 1 
20140514,20140516,20140517,20140521,20140522,20140527,20140528,20140530,20140531,20140602,20140603,20140604,20140605,20140606,20140616,20140617,20140618,20140619,20140620,20140621,20140622,20140626,20140629,20140630 
Number is 76 
G.5.2_index_2_VS_G.2.2_index_2 [44] PLUS 1 
20140516,20140517,20140521,20140522,20140523,20140524,20140525,20140528,20140530,20140601,20140606,20140607,20140608,20140609,20140611,20140612,20140613,20140616,20140617,20140618,20140619,20140620,20140621,20140622,20140623,20140625,20140628 
Number is 78 
G.6.2_index_3_VS_G.1.1_index_1 [45] 
20140516,20140517,20140518,20140526,20140601,20140609,20140611,20140613,20140616,20140617,20140618,20140619,20140620,20140621,20140624,20140625,20140626,20140627 
Number is 80 
G.1.1_index_1_VS_G.DB_index_3 [46] PLUS 1 
20140516,20140517,20140518,20140519,20140522,20140523,20140524,20140525,20140526,20140601,20140607,20140611,20140614,20140616,20140617,20140618,20140619,20140620,20140621,20140622,20140624,20140625,20140626,20140628,20140629,20140701 
Number is 85 
G.5.2_index_3_VS_G.5.1_index_4 [47] 
20140516,20140517,20140519,20140520,20140521,20140523,20140525,20140528,20140529,20140530,20140531,20140601,20140605,20140606,20140608,20140609,20140610,20140612,20140613,20140616,20140617,20140618,20140619,20140620,20140621,20140624,20140625,20140626,20140627,20140630,20140701 
Number is 86 
G.5.3_index_1_VS_G.3.2_index_4 [48] 
20140514,20140519,20140522,20140523,20140524,20140527,20140528,20140529,20140602,20140607,20140614,20140615,20140616,20140617,20140618,20140619,20140620,20140621,20140624,20140627 
G.3.6_index_5_VS_G.3.6_index_3 [49] 
20140519,20140520,20140521,20140526,20140527,20140529,20140530,20140601,20140603,20140605,20140607,20140608,20140612,20140613,20140616,20140617,20140618,20140619,20140620,20140621,20140623,20140628,20140629,20140702 
Number is 96 
G.7.1_index_1_VS_G.3.1_index_4 [50] 
20140515,20140518,20140519,20140521,20140523,20140526,20140527,20140529,20140601,20140604,20140605,20140606,20140608,20140609,20140614,20140615,20140616,20140617,20140618,20140619,20140620,20140621,20140629,20140630 
G.DB_index_2_VS_G.3.2_index_4 [51] 
20140517,20140519,20140522,20140524,20140528,20140602,20140603,20140604,20140606,20140609,20140611,20140616,20140617,20140618,20140619,20140620,20140621,20140623,20140625,20140629,20140701 
Number is 98 
G.7.1_index_1_VS_G.3.4_index_2 [52] 
20140514,20140515,20140517,20140525,20140526,20140528,20140601,20140602,20140608,20140613,20140616,20140617,20140618,20140619,20140620,20140621,20140628,20140629,20140701 
