======== Current: 20140624 ========= 
Number is 00 
G.3.4_index_1_VS_G.2.2_index_4 [1] 
20140515,20140516,20140519,20140520,20140521,20140522,20140524,20140525,20140527,20140528,20140530,20140602,20140606,20140607,20140613,20140616,20140617,20140618,20140619,20140620,20140621,20140622,20140623,20140630,20140701 
G.5.4_index_3_VS_G.2.2_index_2 [2] 
20140514,20140517,20140519,20140525,20140527,20140531,20140601,20140602,20140606,20140608,20140611,20140612,20140617,20140618,20140619,20140620,20140621,20140622,20140623,20140625,20140626 
G.5.2_index_2_VS_G.2.2_index_2 [3] 
20140516,20140517,20140521,20140522,20140523,20140524,20140525,20140528,20140530,20140601,20140606,20140607,20140608,20140609,20140611,20140612,20140613,20140616,20140617,20140618,20140619,20140620,20140621,20140622,20140623,20140625,20140628 
Number is 02 
G.5.5_index_2_VS_G.4.1_index_1 [4] PLUS 1 
20140516,20140517,20140523,20140525,20140526,20140527,20140528,20140529,20140601,20140618,20140619,20140620,20140621,20140622,20140623,20140624,20140626,20140628,20140630 
Number is 04 
G.2.2_index_4_VS_G.5.4_index_1 [5] 
20140518,20140520,20140524,20140527,20140530,20140606,20140614,20140615,20140616,20140617,20140618,20140619,20140620,20140621,20140622,20140623,20140628,20140630,20140701,20140702 
G.3.4_index_1_VS_G.DB_index_1 [6] 
20140515,20140516,20140517,20140520,20140521,20140523,20140524,20140527,20140528,20140530,20140602,20140604,20140605,20140606,20140608,20140611,20140612,20140613,20140614,20140615,20140616,20140617,20140618,20140619,20140620,20140621,20140622,20140623,20140625,20140628,20140630,20140701 
Number is 10 
G.7.3_index_1_VS_G.2.2_index_3 [7] PLUS 1 
20140516,20140517,20140518,20140521,20140525,20140528,20140529,20140605,20140614,20140615,20140616,20140617,20140618,20140619,20140620,20140621,20140622,20140623,20140624,20140626,20140627 
Number is 14 
G.5.1_index_4_VS_G.DB_index_1 [8] PLUS 1 
20140514,20140520,20140521,20140522,20140523,20140525,20140528,20140531,20140601,20140602,20140603,20140605,20140606,20140610,20140612,20140613,20140616,20140618,20140619,20140620,20140621,20140622,20140623,20140624,20140627,20140628,20140629,20140630,20140701 
Number is 18 
G.3.5_index_1_VS_G.4.1_index_3 [9] 
20140514,20140517,20140521,20140522,20140523,20140525,20140528,20140530,20140601,20140602,20140605,20140606,20140607,20140610,20140613,20140618,20140619,20140620,20140621,20140622,20140623,20140629,20140701,20140702 
Number is 21 
G.3.6_index_1_VS_G.7.3_index_1 [10] 
20140517,20140524,20140525,20140527,20140528,20140530,20140602,20140603,20140604,20140605,20140612,20140613,20140614,20140615,20140616,20140618,20140619,20140620,20140621,20140622,20140623,20140625,20140629 
G.2.2_index_5_VS_G.7.3_index_1 [11] 
20140527,20140529,20140530,20140602,20140605,20140606,20140608,20140609,20140610,20140611,20140613,20140615,20140616,20140617,20140618,20140619,20140620,20140621,20140622,20140623,20140625,20140629,20140701,20140702 
Number is 25 
G.4.1_index_1_VS_G.3.2_index_5 [12] PLUS 1 
20140514,20140515,20140517,20140518,20140519,20140521,20140530,20140602,20140605,20140608,20140610,20140611,20140612,20140613,20140616,20140617,20140618,20140619,20140620,20140621,20140622,20140623,20140624,20140626,20140629,20140702 
Number is 26 
G.3.5_index_3_VS_G.4.2_index_3 [13] 
20140516,20140517,20140519,20140520,20140527,20140528,20140531,20140603,20140604,20140605,20140606,20140608,20140609,20140610,20140612,20140614,20140615,20140616,20140618,20140619,20140620,20140621,20140622,20140623,20140628,20140629 
Number is 27 
G.7.1_index_2_VS_G.6.1_index_2 [14] 
20140515,20140517,20140518,20140520,20140521,20140523,20140528,20140530,20140531,20140604,20140605,20140611,20140615,20140618,20140619,20140620,20140621,20140622,20140623,20140630 
Number is 31 
G.5.5_index_4_VS_G.6.1_index_3 [15] 
20140514,20140515,20140516,20140520,20140524,20140526,20140527,20140528,20140529,20140531,20140601,20140602,20140605,20140606,20140608,20140609,20140612,20140618,20140619,20140620,20140621,20140622,20140623,20140626,20140627,20140629,20140701,20140702 
Number is 35 
G.2.1_index_5_VS_G.3.6_index_3 [16] PLUS 1 
20140514,20140515,20140518,20140521,20140524,20140526,20140602,20140604,20140605,20140608,20140614,20140615,20140617,20140618,20140619,20140620,20140621,20140622,20140623,20140624,20140627,20140629 
Number is 36 
G.2.1_index_5_VS_G.3.2_index_4 [17] 
20140514,20140516,20140517,20140518,20140521,20140527,20140528,20140530,20140531,20140602,20140604,20140606,20140607,20140608,20140612,20140613,20140614,20140617,20140618,20140619,20140620,20140621,20140622,20140623,20140625,20140627,20140629,20140630 
G.DB_index_2_VS_G.4.2_index_3 [18] 
20140514,20140517,20140518,20140521,20140523,20140525,20140526,20140527,20140529,20140530,20140601,20140608,20140611,20140616,20140618,20140619,20140620,20140621,20140622,20140623,20140628 
Number is 37 
G.5.3_index_4_VS_G.7.4_index_2 [19] 
20140515,20140516,20140520,20140522,20140526,20140528,20140530,20140603,20140604,20140608,20140610,20140616,20140618,20140619,20140620,20140621,20140622,20140623,20140625,20140626,20140629,20140701,20140702 
G.2.1_index_5_VS_G.3.3_index_1 [20] 
20140515,20140518,20140519,20140522,20140524,20140526,20140528,20140531,20140602,20140603,20140604,20140606,20140607,20140608,20140610,20140611,20140614,20140615,20140616,20140617,20140618,20140619,20140620,20140621,20140622,20140623,20140625,20140627,20140628,20140629,20140630 
Number is 38 
G.5.3_index_4_VS_G.3.6_index_2 [21] 
20140517,20140518,20140521,20140524,20140527,20140529,20140605,20140606,20140607,20140608,20140613,20140615,20140618,20140619,20140620,20140621,20140622,20140623,20140625,20140626,20140627,20140630,20140701 
G.2.1_index_5_VS_G.5.6_index_2 [22] 
20140514,20140515,20140516,20140518,20140520,20140521,20140523,20140531,20140603,20140606,20140612,20140618,20140619,20140620,20140621,20140622,20140623,20140626,20140628,20140629,20140630 
Number is 40 
G.6.2_index_1_VS_G.4.3_index_3 [23] 
20140516,20140518,20140521,20140523,20140525,20140526,20140527,20140528,20140529,20140531,20140601,20140603,20140606,20140609,20140612,20140613,20140614,20140615,20140618,20140619,20140620,20140621,20140622,20140623,20140626,20140628,20140630,20140701,20140702 
Number is 41 
G.DB_index_1_VS_G.5.5_index_1 [24] PLUS 1 
20140515,20140517,20140518,20140520,20140522,20140526,20140527,20140529,20140530,20140601,20140602,20140606,20140609,20140610,20140611,20140612,20140613,20140615,20140616,20140618,20140619,20140620,20140621,20140622,20140623,20140624,20140628,20140630 
G.5.1_index_2_VS_G.3.6_index_5 [25] PLUS 1 
20140515,20140518,20140520,20140522,20140524,20140526,20140527,20140529,20140531,20140601,20140603,20140608,20140610,20140611,20140613,20140615,20140617,20140618,20140619,20140620,20140621,20140622,20140623,20140624,20140629 
Number is 44 
G.6.2_index_1_VS_G.5.4_index_1 [26] 
20140517,20140518,20140521,20140522,20140524,20140526,20140527,20140528,20140529,20140604,20140605,20140613,20140614,20140616,20140618,20140619,20140620,20140621,20140622,20140623,20140628,20140629,20140630,20140701,20140702 
Number is 45 
G.5.1_index_2_VS_G.3.2_index_2 [27] PLUS 1 
20140514,20140519,20140520,20140521,20140522,20140523,20140525,20140526,20140530,20140602,20140606,20140607,20140608,20140611,20140612,20140616,20140617,20140618,20140619,20140620,20140621,20140622,20140623,20140624,20140627 
Number is 48 
G.1.1_index_2_VS_G.5.6_index_2 [28] 
20140520,20140522,20140526,20140527,20140531,20140605,20140608,20140612,20140613,20140615,20140618,20140619,20140620,20140621,20140622,20140623,20140626,20140628,20140630,20140701 
Number is 50 
G.5.6_index_4_VS_G.2.2_index_4 [29] PLUS 1 
20140516,20140518,20140520,20140522,20140524,20140526,20140529,20140531,20140605,20140607,20140614,20140615,20140618,20140619,20140620,20140621,20140622,20140623,20140624,20140625,20140628,20140701,20140702 
Number is 53 
G.3.2_index_2_VS_G.5.3_index_4 [30] PLUS 1 
20140514,20140521,20140522,20140525,20140527,20140531,20140601,20140604,20140607,20140609,20140610,20140611,20140612,20140613,20140616,20140618,20140619,20140620,20140621,20140622,20140623,20140624,20140625,20140626,20140630 
Number is 54 
G.3.2_index_2_VS_G.5.4_index_1 [31] PLUS 1 
20140525,20140526,20140530,20140531,20140602,20140603,20140606,20140610,20140611,20140614,20140615,20140616,20140618,20140619,20140620,20140621,20140622,20140623,20140624,20140627,20140629 
Number is 57 
G.7.4_index_1_VS_G.6.1_index_2 [32] PLUS 1 
20140515,20140516,20140517,20140520,20140522,20140523,20140525,20140527,20140528,20140529,20140604,20140606,20140607,20140610,20140612,20140613,20140615,20140616,20140618,20140619,20140620,20140621,20140622,20140623,20140624,20140626,20140627,20140630,20140701 
G.3.2_index_5_VS_G.6.1_index_2 [33] PLUS 1 
20140515,20140523,20140525,20140526,20140529,20140530,20140603,20140605,20140606,20140607,20140611,20140613,20140614,20140615,20140616,20140618,20140619,20140620,20140621,20140622,20140623,20140624,20140625,20140627,20140628,20140701,20140702 
Number is 58 
G.3.2_index_2_VS_G.4.3_index_2 [34] PLUS 1 
20140524,20140525,20140526,20140527,20140528,20140606,20140607,20140611,20140612,20140614,20140617,20140618,20140619,20140620,20140621,20140622,20140623,20140624,20140625,20140626,20140627,20140628 
Number is 63 
G.3.2_index_4_VS_G.5.6_index_1 [35] 
20140515,20140516,20140518,20140523,20140527,20140528,20140607,20140616,20140617,20140618,20140619,20140620,20140621,20140622,20140623,20140629 
Number is 67 
G.4.2_index_4_VS_G.7.4_index_2 [36] 
20140518,20140520,20140521,20140527,20140530,20140601,20140602,20140603,20140604,20140605,20140606,20140607,20140608,20140611,20140612,20140613,20140614,20140616,20140617,20140618,20140619,20140620,20140621,20140622,20140623,20140625,20140626,20140628,20140629,20140702 
Number is 71 
G.5.1_index_1_VS_G.4.3_index_1 [37] PLUS 1 
20140515,20140518,20140520,20140522,20140523,20140524,20140525,20140526,20140530,20140531,20140601,20140604,20140605,20140607,20140608,20140612,20140613,20140614,20140615,20140616,20140618,20140619,20140620,20140621,20140622,20140623,20140624,20140626,20140630,20140701,20140702 
Number is 73 
G.3.4_index_5_VS_G.2.1_index_5 [38] 
20140514,20140516,20140517,20140518,20140521,20140526,20140527,20140530,20140607,20140611,20140612,20140615,20140618,20140619,20140620,20140621,20140622,20140623,20140627,20140629,20140630 
G.7.4_index_2_VS_G.5.6_index_1 [39] 
20140514,20140519,20140520,20140521,20140525,20140526,20140528,20140530,20140531,20140604,20140606,20140607,20140608,20140610,20140611,20140614,20140615,20140616,20140618,20140619,20140620,20140621,20140622,20140623,20140625,20140627,20140629,20140630,20140701 
Number is 74 
G.4.3_index_4_VS_G.5.4_index_1 [40] 
20140515,20140518,20140519,20140521,20140525,20140526,20140527,20140530,20140531,20140608,20140609,20140610,20140611,20140615,20140616,20140618,20140619,20140620,20140621,20140622,20140623,20140628 
Number is 77 
G.4.1_index_4_VS_G.3.3_index_1 [41] 
20140514,20140515,20140516,20140517,20140520,20140521,20140522,20140524,20140525,20140527,20140603,20140605,20140606,20140607,20140610,20140616,20140618,20140619,20140620,20140621,20140622,20140623,20140625,20140628,20140630 
Number is 78 
G.3.1_index_4_VS_G.5.2_index_4 [42] 
20140515,20140517,20140519,20140522,20140528,20140529,20140602,20140603,20140604,20140605,20140609,20140610,20140614,20140616,20140618,20140619,20140620,20140621,20140622,20140623,20140626,20140627,20140628,20140630 
G.6.1_index_2_VS_G.5.2_index_4 [43] 
20140514,20140515,20140517,20140518,20140521,20140525,20140527,20140528,20140529,20140530,20140531,20140601,20140604,20140606,20140608,20140614,20140615,20140616,20140618,20140619,20140620,20140621,20140622,20140623,20140625,20140629,20140630,20140702 
Number is 79 
G.3.1_index_4_VS_G.4.2_index_2 [44] 
20140517,20140528,20140531,20140602,20140603,20140604,20140609,20140613,20140615,20140617,20140618,20140619,20140620,20140621,20140622,20140623,20140628,20140629,20140630 
G.5.4_index_4_VS_G.3.1_index_5 [45] 
20140517,20140523,20140525,20140527,20140531,20140604,20140605,20140608,20140611,20140612,20140613,20140614,20140618,20140619,20140620,20140621,20140622,20140623,20140627,20140628,20140701 
G.3.1_index_4_VS_G.5.6_index_3 [46] 
20140516,20140517,20140519,20140527,20140528,20140529,20140602,20140606,20140607,20140608,20140610,20140615,20140618,20140619,20140620,20140621,20140622,20140623,20140626,20140630,20140701 
Number is 83 
G.4.1_index_3_VS_G.4.1_index_2 [47] 
20140514,20140515,20140516,20140517,20140521,20140522,20140523,20140525,20140526,20140527,20140528,20140601,20140604,20140605,20140606,20140607,20140610,20140613,20140614,20140616,20140618,20140619,20140620,20140621,20140622,20140623,20140628,20140701,20140702 
Number is 85 
G.5.2_index_4_VS_G.3.2_index_2 [48] PLUS 1 
20140514,20140519,20140521,20140522,20140525,20140530,20140602,20140603,20140605,20140607,20140611,20140614,20140616,20140618,20140619,20140620,20140621,20140622,20140623,20140624,20140625,20140627,20140628 
G.DB_index_4_VS_G.3.6_index_3 [49] PLUS 1 
20140517,20140518,20140521,20140522,20140525,20140529,20140531,20140602,20140603,20140604,20140605,20140609,20140612,20140613,20140614,20140618,20140619,20140620,20140621,20140622,20140623,20140624,20140625,20140626,20140627,20140628 
Number is 87 
G.4.1_index_3_VS_G.6.1_index_2 [50] 
20140523,20140525,20140526,20140527,20140528,20140529,20140530,20140604,20140605,20140606,20140607,20140610,20140612,20140615,20140618,20140619,20140620,20140621,20140622,20140623,20140625,20140628,20140702 
G.DB_index_4_VS_G.3.1_index_4 [51] 
20140515,20140521,20140523,20140524,20140527,20140528,20140529,20140601,20140602,20140603,20140605,20140606,20140609,20140612,20140613,20140614,20140616,20140618,20140619,20140620,20140621,20140622,20140623,20140626,20140627,20140628,20140630,20140702 
Number is 90 
G.3.1_index_5_VS_G.2.2_index_2 [52] 
20140515,20140516,20140517,20140519,20140522,20140529,20140531,20140605,20140607,20140608,20140611,20140616,20140617,20140618,20140619,20140620,20140621,20140622,20140623,20140625,20140627,20140628 
Number is 92 
G.3.1_index_5_VS_G.3.6_index_4 [53] PLUS 1 
20140514,20140515,20140518,20140519,20140520,20140527,20140529,20140530,20140531,20140604,20140610,20140612,20140615,20140618,20140619,20140620,20140621,20140622,20140623,20140624,20140625,20140627,20140629 
Number is 94 
G.3.2_index_1_VS_G.3.5_index_4 [54] 
20140514,20140516,20140517,20140519,20140521,20140522,20140524,20140525,20140527,20140530,20140602,20140603,20140605,20140612,20140613,20140618,20140619,20140620,20140621,20140622,20140623,20140625,20140627,20140628,20140629 
G.5.6_index_3_VS_G.DB_index_1 [55] 
20140514,20140515,20140516,20140518,20140520,20140521,20140523,20140524,20140529,20140531,20140603,20140606,20140608,20140610,20140612,20140613,20140614,20140616,20140618,20140619,20140620,20140621,20140622,20140623,20140701,20140702 
