======== Current: 20140629 ========= 
Number is 03 
G.4.2_index_4_VS_G.3.6_index_3 [1] PLUS 1 
20140520,20140522,20140524,20140525,20140528,20140605,20140606,20140609,20140611,20140614,20140615,20140617,20140618,20140619,20140620,20140621,20140623,20140624,20140625,20140626,20140627,20140628,20140629,20140702 
G.2.2_index_3_VS_G.5.2_index_4 [2] PLUS 1 
20140516,20140517,20140518,20140520,20140522,20140525,20140526,20140528,20140529,20140531,20140609,20140614,20140615,20140616,20140617,20140618,20140622,20140623,20140624,20140625,20140626,20140627,20140628,20140629,20140630,20140702 
Number is 06 
G.2.2_index_3_VS_G.7.4_index_1 [3] 
20140514,20140515,20140517,20140520,20140521,20140524,20140525,20140526,20140528,20140529,20140531,20140607,20140609,20140612,20140616,20140617,20140621,20140622,20140623,20140624,20140625,20140626,20140627,20140628,20140701 
Number is 10 
G.5.6_index_4_VS_G.4.2_index_4 [4] PLUS 1 
20140518,20140520,20140522,20140527,20140528,20140529,20140602,20140603,20140604,20140605,20140606,20140611,20140613,20140614,20140615,20140617,20140618,20140619,20140622,20140623,20140624,20140625,20140626,20140627,20140628,20140629,20140701 
Number is 16 
G.4.2_index_1_VS_G.7.4_index_1 [5] 
20140514,20140515,20140517,20140518,20140520,20140521,20140523,20140524,20140528,20140529,20140602,20140603,20140604,20140605,20140607,20140616,20140619,20140623,20140624,20140625,20140626,20140627,20140628,20140701 
Number is 17 
G.6.3_index_2_VS_G.3.1_index_3 [6] PLUS 1 
20140516,20140517,20140521,20140523,20140527,20140530,20140603,20140605,20140606,20140607,20140610,20140612,20140614,20140616,20140618,20140620,20140621,20140623,20140624,20140625,20140626,20140627,20140628,20140629 
Number is 21 
G.3.5_index_5_VS_G.5.6_index_4 [7] 
20140516,20140518,20140524,20140525,20140526,20140528,20140529,20140531,20140601,20140605,20140609,20140613,20140614,20140617,20140618,20140622,20140623,20140624,20140625,20140626,20140627,20140628,20140702 
Number is 26 
G.6.2_index_3_VS_G.5.6_index_3 [8] PLUS 1 
20140517,20140518,20140522,20140523,20140526,20140527,20140601,20140602,20140603,20140605,20140606,20140610,20140611,20140613,20140614,20140615,20140616,20140618,20140619,20140621,20140623,20140624,20140625,20140626,20140627,20140628,20140629,20140630 
Number is 32 
G.5.2_index_4_VS_G.4.1_index_1 [9] PLUS 1 
20140515,20140517,20140522,20140524,20140525,20140529,20140601,20140602,20140610,20140611,20140620,20140621,20140622,20140623,20140624,20140625,20140626,20140627,20140628,20140629,20140630,20140701,20140702 
Number is 33 
G.5.2_index_4_VS_G.2.1_index_1 [10] 
20140518,20140519,20140522,20140524,20140526,20140527,20140528,20140529,20140531,20140605,20140607,20140614,20140615,20140616,20140617,20140618,20140622,20140623,20140624,20140625,20140626,20140627,20140628,20140630,20140702 
G.DB_index_4_VS_G.3.6_index_3 [11] 
20140517,20140518,20140521,20140522,20140525,20140529,20140531,20140602,20140603,20140604,20140605,20140609,20140612,20140613,20140614,20140618,20140619,20140620,20140621,20140622,20140623,20140624,20140625,20140626,20140627,20140628 
Number is 34 
G.3.3_index_5_VS_G.3.2_index_5 [12] 
20140517,20140519,20140520,20140521,20140525,20140526,20140528,20140602,20140604,20140605,20140607,20140608,20140610,20140611,20140616,20140617,20140621,20140622,20140623,20140624,20140625,20140626,20140627,20140628,20140702 
Number is 36 
G.3.4_index_2_VS_G.6.2_index_1 [13] 
20140514,20140517,20140518,20140520,20140522,20140523,20140527,20140601,20140603,20140604,20140605,20140606,20140612,20140613,20140616,20140617,20140618,20140619,20140623,20140624,20140625,20140626,20140627,20140628,20140701,20140702 
Number is 39 
G.5.2_index_4_VS_G.5.4_index_2 [14] 
20140516,20140517,20140520,20140524,20140526,20140527,20140529,20140531,20140601,20140602,20140605,20140606,20140610,20140612,20140615,20140616,20140618,20140621,20140622,20140623,20140624,20140625,20140626,20140627,20140628 
Number is 47 
G.5.4_index_3_VS_G.DB_index_3 [15] PLUS 1 
20140514,20140524,20140525,20140527,20140601,20140602,20140606,20140607,20140608,20140609,20140615,20140616,20140618,20140621,20140622,20140623,20140624,20140625,20140626,20140627,20140628,20140629,20140701 
Number is 48 
G.5.4_index_3_VS_G.1.1_index_5 [16] 
20140517,20140518,20140520,20140521,20140522,20140523,20140524,20140527,20140528,20140530,20140531,20140602,20140605,20140606,20140607,20140609,20140610,20140616,20140622,20140623,20140624,20140625,20140626,20140627,20140628,20140701,20140702 
Number is 66 
G.3.3_index_4_VS_G.2.2_index_5 [17] 
20140514,20140520,20140522,20140523,20140527,20140529,20140601,20140604,20140609,20140613,20140614,20140616,20140617,20140618,20140619,20140621,20140622,20140623,20140624,20140625,20140626,20140627,20140628 
Number is 67 
G.5.3_index_2_VS_G.DB_index_3 [18] 
20140523,20140524,20140525,20140526,20140528,20140529,20140530,20140601,20140602,20140608,20140614,20140616,20140619,20140623,20140624,20140625,20140626,20140627,20140628,20140630,20140701,20140702 
Number is 71 
G.DB_index_3_VS_G.DB_index_5 [19] PLUS 1 
20140515,20140516,20140518,20140524,20140529,20140530,20140601,20140606,20140607,20140608,20140610,20140612,20140616,20140621,20140622,20140623,20140624,20140625,20140626,20140627,20140628,20140629,20140702 
Number is 76 
G.3.1_index_5_VS_G.2.1_index_3 [20] 
20140518,20140522,20140528,20140602,20140605,20140606,20140608,20140617,20140619,20140620,20140621,20140623,20140624,20140625,20140626,20140627,20140628 
Number is 78 
G.5.2_index_2_VS_G.5.2_index_1 [21] 
20140514,20140515,20140516,20140523,20140527,20140528,20140530,20140601,20140602,20140606,20140608,20140613,20140614,20140615,20140616,20140617,20140622,20140623,20140624,20140625,20140626,20140627,20140628 
Number is 81 
G.3.2_index_2_VS_G.4.3_index_2 [22] 
20140524,20140525,20140526,20140527,20140528,20140606,20140607,20140611,20140612,20140614,20140617,20140618,20140619,20140620,20140621,20140622,20140623,20140624,20140625,20140626,20140627,20140628 
Number is 83 
G.2.2_index_2_VS_G.3.6_index_3 [23] 
20140514,20140515,20140517,20140522,20140524,20140525,20140526,20140531,20140602,20140605,20140606,20140611,20140612,20140618,20140619,20140620,20140621,20140623,20140624,20140625,20140626,20140627,20140628 
Number is 85 
G.3.2_index_2_VS_G.4.1_index_2 [24] 
20140514,20140515,20140516,20140518,20140519,20140521,20140524,20140525,20140526,20140603,20140604,20140606,20140607,20140610,20140611,20140612,20140615,20140619,20140620,20140621,20140622,20140623,20140624,20140625,20140626,20140627,20140628,20140701 
Number is 86 
G.3.2_index_2_VS_G.5.4_index_4 [25] PLUS 1 
20140518,20140520,20140521,20140522,20140525,20140526,20140603,20140605,20140607,20140609,20140611,20140613,20140618,20140620,20140622,20140623,20140624,20140625,20140626,20140627,20140628,20140629,20140630 
Number is 89 
G.1.1_index_5_VS_G.5.5_index_2 [26] PLUS 1 
20140514,20140516,20140517,20140519,20140521,20140524,20140530,20140531,20140601,20140604,20140606,20140609,20140610,20140611,20140612,20140614,20140615,20140619,20140622,20140623,20140624,20140625,20140626,20140627,20140628,20140629,20140630,20140702 
Number is 94 
G.3.5_index_3_VS_G.3.3_index_2 [27] 
20140516,20140518,20140519,20140528,20140602,20140605,20140606,20140610,20140612,20140614,20140616,20140619,20140621,20140623,20140624,20140625,20140626,20140627,20140628,20140702 
Number is 96 
G.5.5_index_2_VS_G.2.1_index_3 [28] PLUS 1 
20140516,20140521,20140522,20140524,20140525,20140527,20140529,20140601,20140604,20140614,20140615,20140617,20140618,20140620,20140621,20140623,20140624,20140625,20140626,20140627,20140628,20140629,20140701 
Number is 97 
G.3.5_index_3_VS_G.3.1_index_5 [29] 
20140516,20140517,20140518,20140519,20140530,20140601,20140610,20140614,20140616,20140619,20140623,20140624,20140625,20140626,20140627,20140628 
