======== Current: 20131001 ========= 
Number is 00 
G.DB_index_5_VS_G.3.4_index_1 [1] 
20130924,20130925,20130926,20130927,20130928,20130929,20130930,20131004,20131005,20131009,20131010,20131011,20131012,20131013,20131014,20131016,20131020,20131021,20131023,20131024,20131026,20131028,20131029,20131031 
Number is 09 
G.3.4_index_1_VS_G.7.1_index_1 [2] PLUS 1 
20130924,20130925,20130926,20130927,20130928,20130929,20130930,20131001,20131002,20131004,20131007,20131008,20131009,20131011,20131012,20131013,20131014,20131015,20131016,20131017,20131019,20131023,20131025,20131026,20131027,20131028,20131030,20131031 
G.3.5_index_3_VS_G.3.1_index_5 [3] PLUS 1 
20130925,20130926,20130927,20130928,20130929,20130930,20131001,20131002,20131003,20131008,20131017,20131025,20131026,20131027,20131029,20131031 
Number is 12 
G.4.4_index_1_VS_G.7.4_index_1 [4] PLUS 1 
20130925,20130926,20130927,20130928,20130929,20130930,20131001,20131002,20131013,20131014,20131016,20131021,20131022,20131023,20131024,20131027,20131029 
Number is 17 
G.7.3_index_2_VS_G.6.1_index_1 [5] 
20130925,20130926,20130927,20130928,20130929,20130930,20131002,20131008,20131010,20131011,20131014,20131015,20131017,20131019,20131020,20131022,20131024,20131027,20131029,20131031 
Number is 18 
G.5.5_index_3_VS_G.6.2_index_1 [6] PLUS 1 
20130925,20130926,20130927,20130928,20130929,20130930,20131001,20131008,20131011,20131013,20131014,20131015,20131017,20131021,20131023,20131024,20131028,20131029,20131030 
Number is 20 
G.3.5_index_5_VS_G.DB_index_5 [7] 
20130923,20130925,20130926,20130927,20130928,20130929,20130930,20131004,20131005,20131006,20131008,20131009,20131010,20131015,20131024,20131026,20131027,20131028,20131029,20131030 
Number is 25 
G.3.6_index_1_VS_G.5.5_index_1 [8] 
20130924,20130925,20130926,20130927,20130928,20130929,20130930,20131002,20131005,20131008,20131010,20131014,20131016,20131017,20131020,20131022,20131027,20131029,20131031 
Number is 27 
G.2.2_index_4_VS_G.6.1_index_1 [9] PLUS 1 
20130924,20130925,20130926,20130927,20130928,20130929,20130930,20131001,20131006,20131008,20131009,20131011,20131014,20131015,20131016,20131020,20131025,20131028,20131030,20131031 
Number is 34 
G.DB_index_1_VS_G.5.6_index_4 [10] PLUS 1 
20130925,20130926,20130927,20130928,20130929,20130930,20131001,20131002,20131005,20131007,20131011,20131012,20131015,20131016,20131017,20131018,20131020,20131021,20131023,20131025,20131028,20131031 
G.4.4_index_2_VS_G.2.1_index_4 [11] PLUS 1 
20130925,20130926,20130927,20130928,20130929,20130930,20131001,20131004,20131006,20131008,20131009,20131011,20131015,20131020,20131022,20131023,20131026,20131027,20131030 
Number is 37 
G.4.3_index_1_VS_G.6.3_index_1 [12] PLUS 1 
20130923,20130925,20130926,20130927,20130928,20130929,20130930,20131001,20131004,20131008,20131009,20131012,20131013,20131019,20131024,20131026,20131029,20131030 
G.5.1_index_4_VS_G.3.2_index_2 [13] PLUS 1 
20130924,20130925,20130926,20130927,20130928,20130929,20130930,20131001,20131005,20131008,20131013,20131014,20131015,20131016,20131017,20131019,20131024,20131027,20131029,20131030 
Number is 41 
G.3.2_index_4_VS_G.3.4_index_2 [14] 
20130923,20130925,20130926,20130927,20130928,20130929,20130930,20131005,20131006,20131008,20131009,20131011,20131021,20131022,20131023,20131026,20131028,20131031 
Number is 43 
G.2.1_index_4_VS_G.3.4_index_3 [15] PLUS 1 
20130923,20130925,20130926,20130927,20130928,20130929,20130930,20131001,20131002,20131003,20131004,20131011,20131021,20131026,20131031 
Number is 44 
G.5.6_index_4_VS_G.3.2_index_4 [16] 
20130923,20130924,20130925,20130926,20130927,20130928,20130929,20130930,20131003,20131004,20131005,20131007,20131008,20131011,20131012,20131013,20131015,20131016,20131018,20131019,20131022,20131023,20131024,20131025 
Number is 53 
G.1.1_index_2_VS_G.4.3_index_1 [17] 
20130923,20130924,20130925,20130926,20130927,20130928,20130929,20130930,20131007,20131012,20131013,20131019,20131020,20131026,20131027,20131029,20131030,20131031 
Number is 54 
G.3.2_index_1_VS_G.5.1_index_1 [18] PLUS 1 
20130925,20130926,20130927,20130928,20130929,20130930,20131001,20131002,20131005,20131007,20131010,20131016,20131023,20131024,20131025,20131026,20131030,20131031 
G.3.3_index_2_VS_G.5.6_index_4 [19] PLUS 1 
20130925,20130926,20130927,20130928,20130929,20130930,20131001,20131003,20131006,20131009,20131013,20131014,20131015,20131018,20131021,20131022,20131023,20131024,20131025,20131026,20131028,20131029,20131030 
Number is 55 
G.1.1_index_2_VS_G.4.3_index_2 [20] 
20130924,20130925,20130926,20130927,20130928,20130929,20130930,20131002,20131003,20131005,20131007,20131010,20131012,20131014,20131018,20131026,20131027,20131028,20131029 
Number is 56 
G.4.3_index_4_VS_G.5.4_index_3 [21] 
20130923,20130924,20130925,20130926,20130927,20130928,20130929,20130930,20131003,20131008,20131014,20131015,20131019,20131022,20131023,20131024,20131026,20131027,20131028,20131030,20131031 
Number is 57 
G.5.5_index_1_VS_G.6.1_index_1 [22] 
20130925,20130926,20130927,20130928,20130929,20130930,20131003,20131004,20131005,20131008,20131009,20131013,20131017,20131026,20131027,20131028,20131029,20131030,20131031 
Number is 60 
G.5.2_index_4_VS_G.3.5_index_3 [23] 
20130925,20130926,20130927,20130928,20130929,20130930,20131002,20131004,20131005,20131007,20131008,20131009,20131010,20131022,20131024,20131025,20131029,20131031 
Number is 63 
G.5.4_index_3_VS_G.4.4_index_2 [24] PLUS 1 
20130925,20130926,20130927,20130928,20130929,20130930,20131001,20131004,20131006,20131007,20131008,20131009,20131012,20131024,20131027,20131028,20131029,20131030 
Number is 65 
G.5.4_index_3_VS_G.3.2_index_1 [25] 
20130923,20130925,20130926,20130927,20130928,20130929,20130930,20131003,20131007,20131010,20131012,20131013,20131016,20131026,20131028,20131029 
Number is 73 
G.4.1_index_2_VS_G.5.6_index_1 [26] PLUS 1 
20130923,20130925,20130926,20130927,20130928,20130929,20130930,20131001,20131006,20131007,20131008,20131010,20131012,20131017,20131019,20131020,20131024,20131025,20131027,20131028 
Number is 74 
G.3.1_index_3_VS_G.3.6_index_2 [27] 
20130923,20130924,20130925,20130926,20130927,20130928,20130929,20130930,20131005,20131011,20131012,20131013,20131015,20131016,20131020,20131024 
Number is 77 
G.4.1_index_2_VS_G.3.1_index_3 [28] 
20130923,20130924,20130925,20130926,20130927,20130928,20130929,20130930,20131002,20131004,20131006,20131008,20131010,20131012,20131014,20131015,20131021,20131022,20131024,20131025,20131026,20131027,20131028,20131031 
Number is 78 
G.6.2_index_3_VS_G.2.2_index_5 [29] 
20130924,20130925,20130926,20130927,20130928,20130929,20130930,20131002,20131004,20131005,20131009,20131012,20131013,20131018,20131020,20131021,20131027,20131030 
Number is 81 
G.5.2_index_1_VS_G.3.4_index_4 [30] PLUS 1 
20130925,20130926,20130927,20130928,20130929,20130930,20131001,20131002,20131005,20131006,20131008,20131011,20131015,20131017,20131019,20131020,20131024,20131025,20131030 
Number is 82 
G.2.2_index_5_VS_G.3.6_index_1 [31] PLUS 1 
20130924,20130925,20130926,20130927,20130928,20130929,20130930,20131001,20131002,20131004,20131005,20131006,20131011,20131012,20131023,20131024,20131025,20131027,20131029 
G.5.2_index_1_VS_G.7.4_index_1 [32] PLUS 1 
20130925,20130926,20130927,20130928,20130929,20130930,20131001,20131002,20131008,20131009,20131013,20131021,20131022,20131024,20131025,20131029,20131030,20131031 
Number is 83 
G.6.2_index_1_VS_G.3.4_index_3 [33] 
20130923,20130925,20130926,20130927,20130928,20130929,20130930,20131002,20131003,20131004,20131008,20131009,20131010,20131011,20131016,20131017,20131019,20131021,20131028,20131030 
Number is 85 
G.5.2_index_1_VS_G.3.5_index_4 [34] 
20130924,20130925,20130926,20130927,20130928,20130929,20130930,20131002,20131003,20131004,20131005,20131006,20131008,20131012,20131015,20131017,20131019,20131021,20131022,20131024,20131027,20131029,20131030 
Number is 89 
G.5.2_index_1_VS_G.3.1_index_5 [35] PLUS 1 
20130923,20130925,20130926,20130927,20130928,20130929,20130930,20131001,20131004,20131005,20131006,20131016,20131020,20131021,20131023,20131024,20131029 
Number is 92 
G.3.3_index_1_VS_G.7.4_index_1 [36] PLUS 1 
20130923,20130924,20130925,20130926,20130927,20130928,20130929,20130930,20131001,20131006,20131010,20131013,20131014,20131015,20131016,20131017,20131023,20131024,20131026,20131029 
Number is 95 
G.3.1_index_5_VS_G.3.3_index_2 [37] 
20130924,20130925,20130926,20130927,20130928,20130929,20130930,20131004,20131005,20131008,20131009,20131016,20131017,20131018,20131021,20131025,20131026,20131027,20131029,20131031 
G.3.3_index_1_VS_G.5.4_index_4 [38] 
20130923,20130925,20130926,20130927,20130928,20130929,20130930,20131005,20131010,20131012,20131016,20131019,20131021,20131023,20131026,20131028,20131030,20131031 
