======== Current: 20131005 ========= 
Number is 05 
G.1.1_index_3_VS_G.3.1_index_5 [1] 
20130924,20130929,20130930,20131001,20131002,20131003,20131004,20131008,20131010,20131011,20131014,20131023,20131024,20131026,20131027,20131029,20131031 
G.3.6_index_1_VS_G.DB_index_3 [2] 
20130923,20130924,20130926,20130929,20130930,20131001,20131002,20131003,20131004,20131008,20131010,20131014,20131019,20131021,20131023,20131024,20131025,20131028,20131030 
Number is 08 
G.6.1_index_1_VS_G.4.2_index_3 [3] PLUS 1 
20130926,20130928,20130929,20130930,20131001,20131002,20131003,20131004,20131005,20131011,20131014,20131017,20131019,20131023,20131024,20131025,20131027,20131030 
G.3.6_index_1_VS_G.6.3_index_1 [4] PLUS 1 
20130923,20130924,20130926,20130929,20130930,20131001,20131002,20131003,20131004,20131005,20131006,20131014,20131018,20131021,20131023,20131026,20131029 
Number is 09 
G.1.1_index_3_VS_G.7.1_index_1 [5] PLUS 1 
20130924,20130926,20130927,20130928,20130929,20130930,20131001,20131002,20131003,20131004,20131005,20131006,20131007,20131008,20131011,20131016,20131019,20131022,20131023,20131024,20131026,20131027,20131028,20131029,20131031 
Number is 16 
G.3.1_index_4_VS_G.5.4_index_2 [6] PLUS 1 
20130923,20130925,20130926,20130929,20130930,20131001,20131002,20131003,20131004,20131005,20131008,20131009,20131010,20131012,20131013,20131019,20131021,20131022,20131023,20131026,20131030 
G.4.4_index_2_VS_G.5.1_index_1 [7] PLUS 1 
20130923,20130924,20130926,20130928,20130929,20130930,20131001,20131002,20131003,20131004,20131005,20131007,20131008,20131021,20131023,20131024,20131025,20131026,20131027,20131029 
Number is 28 
G.2.1_index_3_VS_G.4.2_index_2 [8] 
20130925,20130927,20130928,20130929,20130930,20131001,20131002,20131003,20131004,20131006,20131008,20131009,20131011,20131012,20131013,20131016,20131017,20131020,20131022,20131026,20131027 
Number is 33 
G.3.5_index_2_VS_G.2.1_index_5 [9] 
20130923,20130924,20130927,20130929,20130930,20131001,20131002,20131003,20131004,20131008,20131009,20131013,20131018,20131025,20131028,20131029 
Number is 35 
G.2.1_index_5_VS_G.DB_index_3 [10] 
20130926,20130927,20130929,20130930,20131001,20131002,20131003,20131004,20131006,20131008,20131011,20131012,20131016,20131020,20131021,20131028,20131029 
Number is 36 
G.3.4_index_3_VS_G.5.1_index_1 [11] 
20130926,20130927,20130929,20130930,20131001,20131002,20131003,20131004,20131007,20131008,20131009,20131012,20131016,20131025,20131028,20131030,20131031 
Number is 37 
G.3.5_index_2_VS_G.3.5_index_5 [12] 
20130923,20130926,20130927,20130929,20130930,20131001,20131002,20131003,20131004,20131007,20131009,20131013,20131015,20131020,20131022,20131026,20131028,20131029 
Number is 39 
G.3.5_index_2_VS_G.5.6_index_4 [13] 
20130926,20130929,20130930,20131001,20131002,20131003,20131004,20131013,20131014,20131016,20131017,20131019,20131023,20131024,20131025,20131028 
G.3.5_index_2_VS_G.3.1_index_2 [14] 
20130923,20130928,20130929,20130930,20131001,20131002,20131003,20131004,20131007,20131013,20131015,20131018,20131019,20131023,20131024,20131027,20131028,20131029 
Number is 41 
G.3.6_index_3_VS_G.4.1_index_3 [15] PLUS 1 
20130924,20130926,20130929,20130930,20131001,20131002,20131003,20131004,20131005,20131009,20131013,20131014,20131015,20131018,20131023,20131025,20131027,20131029,20131030 
Number is 43 
G.4.3_index_3_VS_G.4.2_index_4 [16] 
20130925,20130926,20130927,20130929,20130930,20131001,20131002,20131003,20131004,20131007,20131008,20131009,20131010,20131013,20131014,20131016,20131017,20131023,20131027,20131030 
Number is 49 
G.3.3_index_4_VS_G.7.1_index_1 [17] 
20130924,20130929,20130930,20131001,20131002,20131003,20131004,20131006,20131007,20131008,20131009,20131010,20131012,20131013,20131017,20131024,20131031 
Number is 50 
G.3.1_index_5_VS_G.6.3_index_3 [18] 
20130924,20130929,20130930,20131001,20131002,20131003,20131004,20131006,20131007,20131012,20131021,20131022,20131023,20131024 
Number is 52 
G.DB_index_3_VS_G.5.1_index_4 [19] 
20130924,20130926,20130927,20130928,20130929,20130930,20131001,20131002,20131003,20131004,20131006,20131008,20131012,20131013,20131018,20131019,20131020,20131021,20131026,20131028,20131029,20131030 
Number is 53 
G.2.1_index_4_VS_G.3.4_index_3 [20] 
20130923,20130925,20130926,20130927,20130928,20130929,20130930,20131001,20131002,20131003,20131004,20131011,20131021,20131026,20131031 
Number is 59 
G.DB_index_3_VS_G.5.6_index_4 [21] PLUS 1 
20130926,20130927,20130928,20130929,20130930,20131001,20131002,20131003,20131004,20131005,20131008,20131009,20131012,20131015,20131018,20131021,20131022,20131023,20131024,20131025,20131026 
G.3.1_index_5_VS_G.3.3_index_5 [22] PLUS 1 
20130927,20130928,20130929,20130930,20131001,20131002,20131003,20131004,20131005,20131006,20131008,20131009,20131010,20131012,20131013,20131017,20131018,20131021,20131022,20131023,20131024,20131026,20131027,20131029 
Number is 66 
G.4.3_index_2_VS_G.5.4_index_2 [23] 
20130923,20130926,20130927,20130928,20130929,20130930,20131001,20131002,20131003,20131004,20131009,20131010,20131013,20131015,20131016,20131017,20131019,20131021,20131024,20131026 
Number is 79 
G.4.1_index_2_VS_G.5.6_index_2 [24] 
20130925,20130927,20130929,20130930,20131001,20131002,20131003,20131004,20131006,20131007,20131008,20131010,20131013,20131018,20131022,20131024,20131027,20131030 
G.7.3_index_1_VS_G.5.6_index_2 [25] 
20130924,20130925,20130926,20130927,20130929,20130930,20131001,20131002,20131003,20131004,20131007,20131009,20131010,20131012,20131016,20131018,20131019,20131021,20131022,20131028 
Number is 85 
G.5.1_index_3_VS_G.5.3_index_1 [26] PLUS 1 
20130923,20130925,20130927,20130928,20130929,20130930,20131001,20131002,20131003,20131004,20131005,20131006,20131008,20131009,20131013,20131014,20131015,20131017,20131026,20131029 
Number is 89 
G.3.5_index_4_VS_G.5.6_index_4 [27] 
20130923,20130924,20130925,20130928,20130929,20130930,20131001,20131002,20131003,20131004,20131006,20131007,20131012,20131021,20131025,20131029,20131031 
Number is 90 
G.3.4_index_1_VS_G.6.1_index_1 [28] PLUS 1 
20130923,20130925,20130927,20130928,20130929,20130930,20131001,20131002,20131003,20131004,20131005,20131010,20131011,20131014,20131015,20131018,20131021,20131023,20131024,20131025,20131028 
Number is 95 
G.3.3_index_5_VS_G.DB_index_3 [29] PLUS 1 
20130923,20130926,20130927,20130928,20130929,20130930,20131001,20131002,20131003,20131004,20131005,20131008,20131009,20131010,20131011,20131013,20131018,20131023,20131024,20131025,20131027,20131028,20131030 
