======== Last: 20131101 ========= 
Number is 04 
G.6.1_index_3_VS_G.5.4_index_4 [1] 
Ngay: 20130923,20130925,20130927,20130928,20130929,20130930,20131002,20131003,20131004,20131005,20131006,20131007,20131012,20131014,20131015,20131019,20131022,20131023,20131027,20131028,20131030,20131031 
Number is 06 
G.4.4_index_4_VS_G.DB_index_3 [2] 
Ngay: 20130924,20130929,20131002,20131003,20131004,20131005,20131006,20131007,20131008,20131010,20131011,20131012,20131013,20131018,20131026,20131027,20131028,20131030 
Number is 13 
G.1.1_index_2_VS_G.7.3_index_2 [3] 
Ngay: 20130924,20130925,20130927,20130928,20131001,20131002,20131003,20131004,20131005,20131006,20131007,20131008,20131009,20131010,20131014,20131015,20131018,20131019,20131020,20131022,20131024,20131025,20131028,20131029,20131030 
Number is 20 
G.5.4_index_1_VS_G.7.4_index_2 [4] 
Ngay: 20130925,20130930,20131001,20131002,20131003,20131004,20131005,20131006,20131007,20131008,20131009,20131010,20131012,20131013,20131014,20131016,20131020,20131023,20131025 
Number is 24 
G.5.5_index_1_VS_G.5.4_index_4 [5] 
Ngay: 20130924,20130927,20130929,20131002,20131003,20131004,20131005,20131006,20131007,20131014,20131015,20131016,20131017,20131019,20131024,20131027,20131031 
Number is 26 
G.5.4_index_1_VS_G.5.1_index_1 [6] 
Ngay: 20130925,20130930,20131001,20131002,20131003,20131004,20131005,20131006,20131007,20131008,20131012,20131019,20131021,20131023,20131025,20131029,20131030,20131031 
Number is 35 
G.3.1_index_2_VS_G.6.3_index_3 [7] 
Ngay: 20130923,20130924,20131002,20131003,20131004,20131005,20131006,20131007,20131008,20131011,20131012,20131013,20131017,20131019,20131023,20131025,20131029,20131030,20131031 
Number is 40 
G.2.2_index_5_VS_G.4.4_index_2 [8] 
Ngay: 20130924,20130926,20130928,20130929,20131002,20131003,20131004,20131005,20131006,20131007,20131010,20131011,20131016,20131017,20131020,20131023,20131026,20131028,20131029 
Number is 42 
G.5.4_index_4_VS_G.4.1_index_2 [9] 
Ngay: 20130924,20130925,20130928,20130930,20131002,20131003,20131004,20131005,20131006,20131007,20131010,20131012,20131015,20131016,20131017,20131020,20131023,20131024,20131025,20131028 
Number is 50 
G.4.3_index_3_VS_G.4.4_index_2 [10] 
Ngay: 20130923,20130925,20130926,20130929,20130930,20131002,20131003,20131004,20131005,20131006,20131007,20131010,20131016,20131021,20131024,20131026,20131027,20131029 
Number is 51 
G.3.5_index_3_VS_G.1.1_index_2 [11] 
Ngay: 20130923,20130925,20130926,20130927,20130930,20131002,20131003,20131004,20131005,20131006,20131007,20131011,20131023,20131024,20131026,20131027,20131029 
Number is 52 
G.3.3_index_2_VS_G.DB_index_4 [12] 
Ngay: 20130923,20130924,20130927,20131002,20131003,20131004,20131005,20131006,20131007,20131009,20131011,20131014,20131017,20131018,20131020,20131021,20131023,20131024,20131027,20131030 
Number is 56 
G.4.3_index_1_VS_G.3.6_index_3 [13] 
Ngay: 20130927,20130928,20130930,20131001,20131002,20131003,20131004,20131005,20131006,20131007,20131008,20131009,20131013,20131014,20131015,20131019,20131022,20131024,20131025,20131026,20131028,20131029,20131030 
Number is 57 
G.1.1_index_3_VS_G.7.1_index_1 [14] 
Ngay: 20130924,20130926,20130927,20130928,20130929,20130930,20131001,20131002,20131003,20131004,20131005,20131006,20131007,20131008,20131011,20131016,20131019,20131022,20131023,20131024,20131026,20131027,20131028,20131029,20131031 
Number is 62 
G.2.1_index_4_VS_G.4.1_index_1 [15] 
Ngay: 20130926,20130927,20130929,20130930,20131002,20131003,20131004,20131005,20131006,20131007,20131013,20131015,20131017,20131018,20131020,20131022,20131024,20131028 
Number is 64 
G.DB_index_3_VS_G.2.2_index_5 [16] 
Ngay: 20130923,20130924,20130926,20130927,20130930,20131001,20131002,20131003,20131004,20131005,20131006,20131007,20131008,20131010,20131012,20131016,20131024,20131025,20131028,20131029,20131030 
G.5.1_index_1_VS_G.2.2_index_1 [17] 
Ngay: 20130924,20130926,20130927,20130929,20130930,20131002,20131003,20131004,20131005,20131006,20131007,20131008,20131009,20131016,20131017,20131018,20131020,20131026,20131028,20131031 
G.5.4_index_2_VS_G.5.4_index_4 [18] 
Ngay: 20130925,20130929,20131001,20131002,20131003,20131004,20131005,20131006,20131007,20131009,20131013,20131015,20131018,20131023,20131027,20131030,20131031 
Number is 65 
G.2.2_index_4_VS_G.3.5_index_1 [19] 
Ngay: 20130923,20130925,20130927,20131001,20131002,20131003,20131004,20131005,20131006,20131007,20131014,20131015,20131018,20131020,20131024,20131029,20131030 
G.4.2_index_3_VS_G.3.1_index_1 [20] 
Ngay: 20130923,20130928,20130929,20131002,20131003,20131004,20131005,20131006,20131007,20131008,20131012,20131013,20131015,20131016,20131017,20131024,20131026,20131028,20131029,20131030 
Number is 75 
G.5.6_index_4_VS_G.6.3_index_3 [21] 
Ngay: 20130923,20130926,20130928,20130929,20130930,20131002,20131003,20131004,20131005,20131006,20131007,20131008,20131011,20131012,20131014,20131015,20131016,20131021,20131024,20131027,20131030,20131031 
Number is 76 
G.3.6_index_1_VS_G.3.3_index_3 [22] 
Ngay: 20130924,20130928,20130929,20131001,20131002,20131003,20131004,20131005,20131006,20131007,20131008,20131010,20131011,20131012,20131014,20131015,20131022,20131023,20131026,20131027,20131031 
Number is 81 
G.4.4_index_1_VS_G.5.6_index_1 [23] 
Ngay: 20130923,20130924,20130928,20131002,20131003,20131004,20131005,20131006,20131007,20131013,20131015,20131016,20131017,20131019,20131021,20131022,20131026,20131027,20131031 
Number is 83 
G.6.1_index_1_VS_G.3.1_index_2 [24] 
Ngay: 20130923,20130926,20130927,20130929,20131002,20131003,20131004,20131005,20131006,20131007,20131016,20131017,20131019,20131022,20131023,20131024,20131025,20131026,20131027,20131028 
Number is 84 
G.DB_index_5_VS_G.5.4_index_4 [25] 
Ngay: 20130925,20130926,20130929,20130930,20131002,20131003,20131004,20131005,20131006,20131007,20131011,20131014,20131015,20131017,20131020,20131021,20131023,20131024,20131027,20131028 
Number is 90 
G.5.3_index_1_VS_G.2.1_index_1 [26] 
Ngay: 20130924,20130925,20130926,20130928,20130930,20131002,20131003,20131004,20131005,20131006,20131007,20131008,20131009,20131012,20131017,20131019,20131021,20131024,20131025 
Number is 91 
G.3.6_index_4_VS_G.4.1_index_3 [27] 
Ngay: 20130923,20130925,20130926,20130928,20130929,20131001,20131002,20131003,20131004,20131005,20131006,20131007,20131009,20131014,20131017,20131018,20131019,20131020,20131022,20131025,20131026,20131027,20131028 
Number is 92 
G.4.3_index_2_VS_G.5.4_index_1 [28] 
Ngay: 20131002,20131003,20131004,20131005,20131006,20131007,20131008,20131010,20131012,20131013,20131015,20131017,20131019,20131022,20131023,20131025,20131026,20131028,20131029,20131031 
Number is 95 
G.1.1_index_1_VS_G.4.3_index_3 [29] 
Ngay: 20130927,20130929,20131001,20131002,20131003,20131004,20131005,20131006,20131007,20131008,20131009,20131011,20131012,20131015,20131016,20131019,20131025 
