======== Current: 20131011 ========= 
Number is 00 
G.1.1_index_2_VS_G.4.3_index_4 [1] PLUS 1 
20130923,20130924,20130925,20130926,20130927,20130928,20131003,20131005,20131006,20131007,20131008,20131009,20131010,20131011,20131012,20131014,20131018,20131020,20131021,20131024,20131026 
Number is 03 
G.1.1_index_2_VS_G.7.3_index_2 [2] 
20130924,20130925,20130927,20130928,20131001,20131002,20131003,20131004,20131005,20131006,20131007,20131008,20131009,20131010,20131014,20131015,20131018,20131019,20131020,20131022,20131024,20131025,20131028,20131029,20131030 
Number is 08 
G.4.3_index_4_VS_G.5.5_index_4 [3] 
20130923,20130924,20130925,20131001,20131002,20131005,20131006,20131007,20131008,20131009,20131010,20131012,20131017,20131019,20131023,20131024,20131026,20131027,20131031 
Number is 21 
G.5.4_index_1_VS_G.7.4_index_2 [4] 
20130925,20130930,20131001,20131002,20131003,20131004,20131005,20131006,20131007,20131008,20131009,20131010,20131012,20131013,20131014,20131016,20131020,20131023,20131025 
Number is 23 
G.5.1_index_2_VS_G.3.4_index_1 [5] 
20130923,20130925,20130929,20131002,20131005,20131006,20131007,20131008,20131009,20131010,20131012,20131013,20131017,20131018,20131020,20131023,20131024 
Number is 26 
G.2.1_index_1_VS_G.3.1_index_4 [6] 
20130923,20130926,20131002,20131005,20131006,20131007,20131008,20131009,20131010,20131012,20131014,20131015,20131016,20131017,20131019,20131022,20131024,20131026,20131027,20131029 
Number is 29 
G.3.5_index_5_VS_G.4.3_index_3 [7] 
20130925,20130926,20130929,20130930,20131001,20131003,20131005,20131006,20131007,20131008,20131009,20131010,20131012,20131015,20131018,20131019,20131023,20131024,20131026,20131028,20131030,20131031 
Number is 31 
G.4.3_index_2_VS_G.5.2_index_4 [8] 
20130924,20130930,20131002,20131005,20131006,20131007,20131008,20131009,20131010,20131012,20131014,20131015,20131017,20131019,20131022,20131028 
Number is 32 
G.3.3_index_5_VS_G.5.4_index_1 [9] 
20130925,20130926,20130928,20131001,20131002,20131005,20131006,20131007,20131008,20131009,20131010,20131013,20131017,20131018,20131021,20131024,20131026,20131027 
Number is 33 
G.1.1_index_1_VS_G.6.3_index_3 [10] 
20130926,20130928,20130929,20131001,20131002,20131005,20131006,20131007,20131008,20131009,20131010,20131016,20131020,20131026,20131030,20131031 
G.2.2_index_1_VS_G.4.3_index_2 [11] 
20130925,20130926,20130927,20131001,20131003,20131004,20131005,20131006,20131007,20131008,20131009,20131010,20131015,20131016,20131017,20131020,20131022,20131029 
G.3.1_index_3_VS_G.3.3_index_5 [12] 
20130925,20130926,20130927,20131001,20131005,20131006,20131007,20131008,20131009,20131010,20131012,20131013,20131021,20131023,20131024,20131025 
Number is 69 
G.5.3_index_1_VS_G.4.3_index_1 [13] 
20130923,20130924,20130926,20130927,20130928,20130930,20131001,20131003,20131005,20131006,20131007,20131008,20131009,20131010,20131012,20131014,20131017,20131019,20131024,20131026,20131029,20131030 
Number is 74 
G.4.1_index_1_VS_G.4.4_index_4 [14] 
20130926,20130928,20130929,20130930,20131005,20131006,20131007,20131008,20131009,20131010,20131013,20131015,20131017,20131026 
Number is 77 
G.5.3_index_4_VS_G.5.5_index_2 [15] 
20130927,20131002,20131004,20131005,20131006,20131007,20131008,20131009,20131010,20131013,20131021,20131026,20131028,20131031 
Number is 83 
G.3.3_index_4_VS_G.1.1_index_1 [16] PLUS 1 
20130928,20130929,20130930,20131001,20131002,20131005,20131006,20131007,20131008,20131009,20131010,20131011,20131013,20131015,20131021,20131022,20131028,20131029 
Number is 84 
G.DB_index_5_VS_G.4.4_index_4 [17] PLUS 1 
20130924,20130926,20130929,20130930,20131004,20131005,20131006,20131007,20131008,20131009,20131010,20131011,20131012,20131013,20131018,20131021,20131022,20131024,20131026,20131027 
Number is 87 
G.1.1_index_4_VS_G.3.4_index_2 [18] 
20131003,20131005,20131006,20131007,20131008,20131009,20131010,20131021,20131023,20131025,20131031 
Number is 93 
G.7.1_index_1_VS_G.3.2_index_4 [19] PLUS 1 
20130923,20130926,20131001,20131005,20131006,20131007,20131008,20131009,20131010,20131011,20131013,20131014,20131016,20131018,20131021,20131022,20131024,20131028,20131029 
