======== Current: 20131016 ========= 
Number is 05 
G.3.3_index_5_VS_G.3.3_index_3 [1] 
20130923,20130927,20130929,20131001,20131003,20131006,20131007,20131010,20131011,20131012,20131013,20131014,20131015,20131018,20131022,20131023,20131024,20131027,20131030,20131031 
Number is 06 
G.1.1_index_2_VS_G.5.5_index_2 [2] 
20130923,20130926,20130928,20131004,20131007,20131008,20131009,20131010,20131011,20131012,20131013,20131014,20131015,20131022,20131023,20131024,20131025,20131026,20131028,20131030 
Number is 09 
G.3.3_index_5_VS_G.3.2_index_2 [3] PLUS 1 
20130925,20130926,20130927,20130929,20131001,20131002,20131003,20131006,20131008,20131009,20131010,20131011,20131012,20131013,20131014,20131015,20131016,20131021,20131023,20131024,20131026,20131027,20131030 
Number is 12 
G.3.3_index_1_VS_G.3.1_index_3 [4] 
20130923,20130924,20130928,20131002,20131004,20131005,20131006,20131008,20131009,20131010,20131011,20131012,20131013,20131014,20131015,20131017,20131027,20131028,20131031 
G.3.3_index_1_VS_G.6.2_index_1 [5] 
20130923,20130924,20130925,20130926,20130928,20131001,20131002,20131006,20131010,20131011,20131012,20131013,20131014,20131015,20131017,20131021,20131025,20131028,20131031 
Number is 20 
G.3.6_index_5_VS_G.5.6_index_1 [6] 
20130923,20130924,20130925,20130930,20131001,20131004,20131010,20131011,20131012,20131013,20131014,20131015,20131017,20131020,20131024,20131028 
Number is 26 
G.6.1_index_1_VS_G.5.1_index_3 [7] 
20130927,20130928,20130929,20130930,20131002,20131003,20131004,20131005,20131007,20131010,20131011,20131012,20131013,20131014,20131015,20131027,20131028,20131029,20131030,20131031 
Number is 29 
G.5.3_index_1_VS_G.2.1_index_3 [8] 
20130923,20130924,20130925,20130926,20130927,20130928,20131004,20131008,20131009,20131010,20131011,20131012,20131013,20131014,20131015,20131017,20131021,20131027 
Number is 31 
G.5.1_index_4_VS_G.3.3_index_1 [9] PLUS 1 
20130923,20130925,20130928,20130929,20130930,20131001,20131005,20131008,20131010,20131011,20131012,20131013,20131014,20131015,20131016,20131017,20131018,20131019,20131021,20131025,20131030,20131031 
Number is 32 
G.4.3_index_4_VS_G.5.3_index_1 [10] 
20130923,20130924,20130925,20130926,20130928,20130930,20131006,20131007,20131010,20131011,20131012,20131013,20131014,20131015,20131017,20131029,20131031 
Number is 39 
G.5.1_index_4_VS_G.3.6_index_1 [11] PLUS 1 
20130925,20130927,20130928,20130930,20131002,20131003,20131004,20131005,20131006,20131008,20131010,20131011,20131012,20131013,20131014,20131015,20131016,20131017,20131018,20131024,20131029 
G.5.2_index_4_VS_G.6.3_index_2 [12] PLUS 1 
20130926,20130929,20131001,20131002,20131004,20131005,20131008,20131009,20131010,20131011,20131012,20131013,20131014,20131015,20131016,20131017,20131018,20131019,20131022,20131023,20131024,20131027,20131028,20131029,20131030,20131031 
Number is 56 
G.5.4_index_3_VS_G.5.5_index_2 [13] 
20130926,20130928,20130929,20130930,20131004,20131006,20131008,20131009,20131010,20131011,20131012,20131013,20131014,20131015,20131018,20131019,20131030,20131031 
Number is 66 
G.5.5_index_2_VS_G.4.3_index_1 [14] 
20130927,20130929,20131008,20131009,20131010,20131011,20131012,20131013,20131014,20131015,20131018,20131020,20131021,20131022,20131025,20131026,20131030 
Number is 68 
G.5.1_index_3_VS_G.5.4_index_2 [15] PLUS 1 
20130924,20130925,20130927,20130928,20131002,20131004,20131010,20131011,20131012,20131013,20131014,20131015,20131016,20131019,20131021,20131027,20131028 
Number is 75 
G.4.2_index_3_VS_G.1.1_index_1 [16] PLUS 1 
20130926,20130927,20130929,20130930,20131002,20131004,20131006,20131007,20131009,20131010,20131011,20131012,20131013,20131014,20131015,20131016,20131019,20131025,20131026,20131027,20131028,20131029,20131030 
G.3.4_index_1_VS_G.DB_index_3 [17] PLUS 1 
20130927,20130928,20131001,20131002,20131003,20131004,20131005,20131008,20131010,20131011,20131012,20131013,20131014,20131015,20131016,20131017,20131018,20131020,20131023,20131027,20131028,20131029 
Number is 89 
G.4.1_index_1_VS_G.3.6_index_1 [18] 
20130923,20130925,20130927,20130929,20131002,20131004,20131007,20131009,20131010,20131011,20131012,20131013,20131014,20131015,20131027,20131029,20131031 
Number is 92 
G.2.1_index_3_VS_G.2.2_index_2 [19] 
20130923,20130924,20130925,20130926,20130928,20131004,20131005,20131008,20131010,20131011,20131012,20131013,20131014,20131015,20131021,20131025,20131031 
Number is 96 
G.7.4_index_1_VS_G.5.1_index_3 [20] 
20130923,20130925,20130926,20130927,20131001,20131002,20131005,20131006,20131009,20131010,20131011,20131012,20131013,20131014,20131015,20131024,20131026,20131029 
G.3.2_index_2_VS_G.5.5_index_2 [21] 
20130923,20130925,20130926,20130928,20130929,20130930,20131001,20131004,20131006,20131008,20131010,20131011,20131012,20131013,20131014,20131015,20131018,20131021,20131022,20131023,20131031 
Number is 99 
G.DB_index_4_VS_G.3.1_index_4 [22] PLUS 1 
20130924,20130927,20130928,20130929,20131004,20131006,20131010,20131011,20131012,20131013,20131014,20131015,20131016,20131019,20131021,20131023,20131024,20131025,20131027,20131030 
G.3.2_index_2_VS_G.4.4_index_4 [23] PLUS 1 
20130927,20130928,20130930,20131001,20131002,20131006,20131007,20131008,20131010,20131011,20131012,20131013,20131014,20131015,20131016,20131018,20131020,20131021,20131024,20131026,20131027,20131030 
