======== Current: 20131017 ========= 
Number is 06 
G.5.2_index_4_VS_G.6.3_index_2 [1] PLUS 1 
20130926,20130929,20131001,20131002,20131004,20131005,20131008,20131009,20131010,20131011,20131012,20131013,20131014,20131015,20131016,20131017,20131018,20131019,20131022,20131023,20131024,20131027,20131028,20131029,20131030,20131031 
Number is 08 
G.5.2_index_3_VS_G.3.3_index_4 [2] 
20130928,20131001,20131002,20131003,20131005,20131008,20131009,20131011,20131012,20131013,20131014,20131015,20131016,20131019,20131021,20131025,20131027,20131028,20131031 
Number is 14 
G.4.4_index_4_VS_G.5.6_index_4 [3] 
20130927,20130928,20130929,20131003,20131007,20131008,20131011,20131012,20131013,20131014,20131015,20131016,20131020,20131023,20131025,20131026,20131029 
Number is 20 
G.5.1_index_3_VS_G.5.4_index_2 [4] 
20130924,20130925,20130927,20130928,20131002,20131004,20131010,20131011,20131012,20131013,20131014,20131015,20131016,20131019,20131021,20131027,20131028 
Number is 24 
G.3.3_index_5_VS_G.3.2_index_2 [5] 
20130925,20130926,20130927,20130929,20131001,20131002,20131003,20131006,20131008,20131009,20131010,20131011,20131012,20131013,20131014,20131015,20131016,20131021,20131023,20131024,20131026,20131027,20131030 
Number is 40 
G.5.6_index_4_VS_G.5.2_index_4 [6] PLUS 1 
20130926,20130928,20131007,20131008,20131011,20131012,20131013,20131014,20131015,20131016,20131017,20131018,20131023,20131024,20131026,20131028 
Number is 41 
G.3.2_index_2_VS_G.4.4_index_4 [7] 
20130927,20130928,20130930,20131001,20131002,20131006,20131007,20131008,20131010,20131011,20131012,20131013,20131014,20131015,20131016,20131018,20131020,20131021,20131024,20131026,20131027,20131030 
Number is 42 
G.5.6_index_4_VS_G.3.3_index_5 [8] 
20130923,20130925,20130926,20130927,20130929,20130930,20131001,20131002,20131009,20131011,20131012,20131013,20131014,20131015,20131016,20131021,20131024,20131025,20131028,20131031 
Number is 43 
G.7.4_index_2_VS_G.3.4_index_5 [9] 
20130923,20130924,20130925,20130927,20131002,20131007,20131011,20131012,20131013,20131014,20131015,20131016,20131018,20131023,20131024,20131027,20131028,20131029 
Number is 44 
G.7.4_index_2_VS_G.5.6_index_4 [10] PLUS 1 
20130923,20130926,20130927,20130929,20131001,20131002,20131003,20131008,20131009,20131011,20131012,20131013,20131014,20131015,20131016,20131017,20131019,20131020,20131021,20131022,20131023,20131024,20131025,20131028,20131029 
Number is 53 
G.3.6_index_1_VS_G.2.1_index_3 [11] PLUS 1 
20130924,20130925,20130930,20131004,20131005,20131006,20131007,20131008,20131011,20131012,20131013,20131014,20131015,20131016,20131017,20131019,20131020,20131021,20131022,20131026,20131029 
Number is 54 
G.5.1_index_4_VS_G.3.3_index_1 [12] PLUS 1 
20130923,20130925,20130928,20130929,20130930,20131001,20131005,20131008,20131010,20131011,20131012,20131013,20131014,20131015,20131016,20131017,20131018,20131019,20131021,20131025,20131030,20131031 
Number is 55 
G.5.1_index_4_VS_G.3.6_index_1 [13] PLUS 1 
20130925,20130927,20130928,20130930,20131002,20131003,20131004,20131005,20131006,20131008,20131010,20131011,20131012,20131013,20131014,20131015,20131016,20131017,20131018,20131024,20131029 
Number is 64 
G.6.3_index_2_VS_G.7.4_index_2 [14] 
20130923,20130925,20130927,20130928,20131001,20131002,20131004,20131005,20131008,20131011,20131012,20131013,20131014,20131015,20131016,20131020,20131026,20131027,20131028,20131029,20131031 
Number is 70 
G.DB_index_4_VS_G.3.1_index_4 [15] 
20130924,20130927,20130928,20130929,20131004,20131006,20131010,20131011,20131012,20131013,20131014,20131015,20131016,20131019,20131021,20131023,20131024,20131025,20131027,20131030 
Number is 72 
G.3.4_index_1_VS_G.7.1_index_1 [16] PLUS 1 
20130924,20130925,20130926,20130927,20130928,20130929,20130930,20131001,20131002,20131004,20131007,20131008,20131009,20131011,20131012,20131013,20131014,20131015,20131016,20131017,20131019,20131023,20131025,20131026,20131027,20131028,20131030,20131031 
G.3.4_index_1_VS_G.DB_index_3 [17] PLUS 1 
20130927,20130928,20131001,20131002,20131003,20131004,20131005,20131008,20131010,20131011,20131012,20131013,20131014,20131015,20131016,20131017,20131018,20131020,20131023,20131027,20131028,20131029 
Number is 80 
G.6.3_index_3_VS_G.4.1_index_3 [18] 
20130925,20130927,20130930,20131002,20131008,20131011,20131012,20131013,20131014,20131015,20131016,20131019,20131023,20131024,20131030 
Number is 81 
G.4.2_index_3_VS_G.1.1_index_1 [19] 
20130926,20130927,20130929,20130930,20131002,20131004,20131006,20131007,20131009,20131010,20131011,20131012,20131013,20131014,20131015,20131016,20131019,20131025,20131026,20131027,20131028,20131029,20131030 
G.4.2_index_3_VS_G.5.3_index_3 [20] 
20130926,20130927,20130928,20130929,20131002,20131004,20131007,20131008,20131009,20131011,20131012,20131013,20131014,20131015,20131016,20131020,20131022,20131026,20131027,20131028 
Number is 83 
G.5.3_index_1_VS_G.3.4_index_4 [21] PLUS 1 
20130923,20130926,20130928,20131001,20131003,20131004,20131005,20131006,20131009,20131011,20131012,20131013,20131014,20131015,20131016,20131017,20131030 
Number is 87 
G.3.3_index_4_VS_G.2.2_index_4 [22] 
20130925,20130928,20131001,20131003,20131009,20131011,20131012,20131013,20131014,20131015,20131016,20131020,20131021,20131029 
Number is 92 
G.3.1_index_2_VS_G.5.1_index_3 [23] PLUS 1 
20130923,20130926,20130927,20131002,20131003,20131006,20131009,20131011,20131012,20131013,20131014,20131015,20131016,20131017,20131027 
Number is 94 
G.3.5_index_4_VS_G.3.1_index_3 [24] 
20130924,20130925,20130926,20130928,20130930,20131002,20131003,20131004,20131005,20131008,20131011,20131012,20131013,20131014,20131015,20131016,20131023,20131024,20131025,20131026,20131028 
Number is 96 
G.3.1_index_2_VS_G.DB_index_2 [25] PLUS 1 
20130926,20130927,20131002,20131004,20131005,20131007,20131011,20131012,20131013,20131014,20131015,20131016,20131017,20131019,20131023,20131024,20131025,20131026,20131027,20131029,20131031 
Number is 99 
G.3.1_index_2_VS_G.7.3_index_2 [26] 
20130926,20130927,20130929,20131002,20131007,20131008,20131011,20131012,20131013,20131014,20131015,20131016,20131018,20131020,20131022,20131024,20131026,20131028,20131031 
