======== Current: 20131018 ========= 
Number is 05 
G.5.1_index_4_VS_G.3.3_index_1 [1] PLUS 1 
20130923,20130925,20130928,20130929,20130930,20131001,20131005,20131008,20131010,20131011,20131012,20131013,20131014,20131015,20131016,20131017,20131018,20131019,20131021,20131025,20131030,20131031 
Number is 07 
G.5.6_index_4_VS_G.5.2_index_4 [2] PLUS 1 
20130926,20130928,20131007,20131008,20131011,20131012,20131013,20131014,20131015,20131016,20131017,20131018,20131023,20131024,20131026,20131028 
G.5.1_index_4_VS_G.3.6_index_1 [3] PLUS 1 
20130925,20130927,20130928,20130930,20131002,20131003,20131004,20131005,20131006,20131008,20131010,20131011,20131012,20131013,20131014,20131015,20131016,20131017,20131018,20131024,20131029 
Number is 09 
G.DB_index_4_VS_G.3.4_index_5 [4] 
20130925,20130926,20130927,20130929,20131003,20131004,20131008,20131009,20131012,20131013,20131014,20131015,20131016,20131017,20131019,20131021,20131022,20131024,20131030,20131031 
Number is 17 
G.4.4_index_1_VS_G.5.4_index_1 [5] PLUS 1 
20130924,20130925,20130930,20131002,20131003,20131004,20131005,20131006,20131012,20131013,20131014,20131015,20131016,20131017,20131018,20131019,20131021,20131022,20131023,20131025,20131026,20131027 
Number is 24 
G.3.4_index_1_VS_G.7.1_index_1 [6] 
20130924,20130925,20130926,20130927,20130928,20130929,20130930,20131001,20131002,20131004,20131007,20131008,20131009,20131011,20131012,20131013,20131014,20131015,20131016,20131017,20131019,20131023,20131025,20131026,20131027,20131028,20131030,20131031 
Number is 25 
G.3.4_index_1_VS_G.DB_index_3 [7] PLUS 1 
20130927,20130928,20131001,20131002,20131003,20131004,20131005,20131008,20131010,20131011,20131012,20131013,20131014,20131015,20131016,20131017,20131018,20131020,20131023,20131027,20131028,20131029 
Number is 26 
G.3.1_index_4_VS_G.5.6_index_1 [8] 
20130923,20130924,20130925,20130926,20130928,20131002,20131003,20131007,20131008,20131009,20131010,20131012,20131013,20131014,20131015,20131016,20131017,20131020,20131021,20131022,20131023,20131024,20131026,20131030,20131031 
Number is 30 
G.4.1_index_4_VS_G.5.1_index_4 [9] PLUS 1 
20130925,20130926,20130928,20130929,20130930,20131007,20131008,20131009,20131012,20131013,20131014,20131015,20131016,20131017,20131018,20131021,20131022,20131027,20131030 
Number is 38 
G.4.1_index_4_VS_G.6.3_index_2 [10] PLUS 1 
20130923,20130925,20130927,20130928,20131006,20131007,20131009,20131010,20131012,20131013,20131014,20131015,20131016,20131017,20131018,20131019,20131020,20131026,20131027,20131028,20131031 
Number is 39 
G.4.1_index_4_VS_G.6.1_index_2 [11] 
20130923,20130925,20130926,20130927,20131001,20131006,20131012,20131013,20131014,20131015,20131016,20131017,20131022,20131024,20131027,20131028,20131030 
Number is 43 
G.3.1_index_2_VS_G.5.1_index_3 [12] 
20130923,20130926,20130927,20131002,20131003,20131006,20131009,20131011,20131012,20131013,20131014,20131015,20131016,20131017,20131027 
Number is 44 
G.3.1_index_2_VS_G.DB_index_2 [13] 
20130926,20130927,20131002,20131004,20131005,20131007,20131011,20131012,20131013,20131014,20131015,20131016,20131017,20131019,20131023,20131024,20131025,20131026,20131027,20131029,20131031 
Number is 60 
G.7.4_index_2_VS_G.5.6_index_4 [14] 
20130923,20130926,20130927,20130929,20131001,20131002,20131003,20131008,20131009,20131011,20131012,20131013,20131014,20131015,20131016,20131017,20131019,20131020,20131021,20131022,20131023,20131024,20131025,20131028,20131029 
Number is 61 
G.7.4_index_2_VS_G.3.2_index_2 [15] 
20130923,20130924,20130927,20131001,20131002,20131006,20131008,20131009,20131010,20131012,20131013,20131014,20131015,20131016,20131017,20131019,20131020,20131025 
Number is 67 
G.7.4_index_2_VS_G.5.2_index_3 [16] 
20130925,20130926,20130927,20130930,20131002,20131003,20131005,20131008,20131009,20131010,20131012,20131013,20131014,20131015,20131016,20131017,20131020,20131023,20131025 
G.5.4_index_4_VS_G.5.4_index_1 [17] 
20130925,20130926,20130927,20130928,20131002,20131003,20131004,20131006,20131012,20131013,20131014,20131015,20131016,20131017,20131020,20131027,20131031 
G.2.2_index_1_VS_G.4.3_index_4 [18] 
20130923,20130926,20130927,20130930,20131001,20131003,20131005,20131006,20131007,20131008,20131010,20131012,20131013,20131014,20131015,20131016,20131017,20131025,20131027,20131028 
Number is 72 
G.5.3_index_1_VS_G.3.4_index_4 [19] 
20130923,20130926,20130928,20131001,20131003,20131004,20131005,20131006,20131009,20131011,20131012,20131013,20131014,20131015,20131016,20131017,20131030 
Number is 76 
G.3.5_index_1_VS_G.5.5_index_3 [20] 
20130924,20130927,20130930,20131001,20131004,20131008,20131009,20131012,20131013,20131014,20131015,20131016,20131017,20131019,20131022,20131023,20131024,20131028,20131030 
Number is 77 
G.4.3_index_4_VS_G.5.4_index_1 [21] 
20130923,20130924,20130925,20130926,20130930,20131004,20131007,20131008,20131010,20131012,20131013,20131014,20131015,20131016,20131017,20131020,20131022,20131023,20131025,20131026,20131027,20131029 
Number is 78 
G.4.3_index_4_VS_G.3.2_index_1 [22] PLUS 1 
20130923,20130924,20130925,20130927,20130929,20131003,20131004,20131005,20131007,20131012,20131013,20131014,20131015,20131016,20131017,20131018,20131020,20131021,20131022,20131023,20131024 
G.5.2_index_4_VS_G.6.3_index_2 [23] PLUS 1 
20130926,20130929,20131001,20131002,20131004,20131005,20131008,20131009,20131010,20131011,20131012,20131013,20131014,20131015,20131016,20131017,20131018,20131019,20131022,20131023,20131024,20131027,20131028,20131029,20131030,20131031 
Number is 79 
G.3.6_index_1_VS_G.2.1_index_3 [24] 
20130924,20130925,20130930,20131004,20131005,20131006,20131007,20131008,20131011,20131012,20131013,20131014,20131015,20131016,20131017,20131019,20131020,20131021,20131022,20131026,20131029 
Number is 96 
G.3.1_index_3_VS_G.6.1_index_3 [25] PLUS 1 
20130923,20130924,20130929,20130930,20131005,20131008,20131009,20131012,20131013,20131014,20131015,20131016,20131017,20131018,20131019,20131020,20131023,20131024,20131026,20131028 
Number is 97 
G.2.1_index_3_VS_G.5.2_index_4 [26] 
20130927,20130928,20131002,20131004,20131005,20131007,20131008,20131009,20131010,20131012,20131013,20131014,20131015,20131016,20131017,20131023,20131027 
