======== Current: 20131023 ========= 
Number is 02 
G.7.1_index_1_VS_G.7.3_index_2 [1] PLUS 1 
20130923,20130925,20130926,20130927,20130928,20131002,20131003,20131007,20131011,20131013,20131014,20131015,20131017,20131018,20131019,20131020,20131021,20131022,20131023,20131024,20131028,20131030 
Number is 08 
G.4.4_index_1_VS_G.5.3_index_1 [2] 
20130924,20130925,20130928,20131001,20131002,20131003,20131004,20131005,20131011,20131012,20131013,20131015,20131017,20131018,20131019,20131020,20131021,20131022,20131029 
Number is 13 
G.2.2_index_2_VS_G.5.2_index_1 [3] 
20130924,20130925,20130928,20130929,20131001,20131006,20131008,20131011,20131012,20131014,20131016,20131017,20131018,20131019,20131020,20131021,20131022,20131025,20131028,20131029,20131031 
Number is 15 
G.DB_index_4_VS_G.3.2_index_5 [4] 
20130923,20130925,20130927,20130929,20131002,20131003,20131006,20131014,20131016,20131017,20131018,20131019,20131020,20131021,20131022,20131025,20131026,20131027,20131029,20131031 
Number is 28 
G.6.1_index_3_VS_G.5.4_index_2 [5] PLUS 1 
20130924,20130925,20130926,20130927,20130929,20131003,20131004,20131005,20131006,20131011,20131012,20131013,20131015,20131017,20131018,20131019,20131020,20131021,20131022,20131023,20131025,20131027,20131028 
Number is 31 
G.4.3_index_1_VS_G.7.2_index_2 [6] 
20130928,20131003,20131006,20131009,20131012,20131013,20131014,20131017,20131018,20131019,20131020,20131021,20131022,20131024,20131026,20131030,20131031 
Number is 33 
G.4.1_index_1_VS_G.3.4_index_4 [7] 
20130927,20131001,20131003,20131005,20131007,20131008,20131009,20131011,20131012,20131013,20131015,20131017,20131018,20131019,20131020,20131021,20131022,20131025,20131030,20131031 
Number is 34 
G.5.2_index_1_VS_G.4.1_index_4 [8] 
20131002,20131007,20131008,20131011,20131012,20131017,20131018,20131019,20131020,20131021,20131022,20131025,20131027,20131028 
Number is 50 
G.DB_index_5_VS_G.3.3_index_4 [9] PLUS 1 
20130924,20130926,20130929,20130930,20131002,20131004,20131005,20131008,20131012,20131013,20131017,20131018,20131019,20131020,20131021,20131022,20131023,20131027,20131028,20131029,20131031 
Number is 52 
G.7.2_index_1_VS_G.6.2_index_3 [10] 
20130923,20130930,20131002,20131004,20131007,20131013,20131016,20131017,20131018,20131019,20131020,20131021,20131022,20131027,20131028,20131029 
Number is 71 
G.1.1_index_3_VS_G.7.2_index_2 [11] PLUS 1 
20130925,20130927,20130928,20130929,20131002,20131012,20131014,20131016,20131017,20131018,20131019,20131020,20131021,20131022,20131023,20131024,20131025,20131026,20131030,20131031 
Number is 80 
G.3.1_index_1_VS_G.3.4_index_3 [12] 
20130923,20130925,20130926,20130929,20131002,20131004,20131006,20131011,20131012,20131013,20131015,20131017,20131018,20131019,20131020,20131021,20131022,20131025,20131027,20131028,20131029 
Number is 81 
G.7.1_index_2_VS_G.2.2_index_2 [13] PLUS 1 
20130923,20130924,20130925,20130927,20130929,20131002,20131008,20131012,20131013,20131014,20131016,20131017,20131018,20131019,20131020,20131021,20131022,20131023,20131031 
