======== Last: 20131101 ========= 
Number is 01 
G.4.4_index_4_VS_G.5.3_index_2 [1] 
Ngay: 20130924,20130930,20131001,20131002,20131005,20131006,20131007,20131010,20131013,20131014,20131016,20131018,20131022,20131023,20131024,20131025,20131026,20131027,20131028,20131031 
Number is 05 
G.5.5_index_3_VS_G.1.1_index_3 [2] 
Ngay: 20130925,20130927,20131002,20131007,20131008,20131011,20131012,20131013,20131014,20131016,20131021,20131022,20131023,20131024,20131025,20131026,20131027,20131030 
G.3.4_index_5_VS_G.4.3_index_1 [3] 
Ngay: 20130923,20130924,20130925,20131001,20131002,20131005,20131007,20131009,20131011,20131012,20131013,20131015,20131016,20131018,20131021,20131022,20131023,20131024,20131025,20131026,20131027,20131028,20131029,20131031 
G.6.1_index_3_VS_G.3.5_index_3 [4] 
Ngay: 20130923,20130928,20131001,20131002,20131003,20131005,20131010,20131016,20131019,20131020,20131022,20131023,20131024,20131025,20131026,20131027,20131031 
Number is 06 
G.6.3_index_2_VS_G.5.4_index_2 [5] 
Ngay: 20130924,20130925,20130927,20130928,20130929,20131006,20131008,20131009,20131011,20131015,20131017,20131019,20131021,20131022,20131023,20131024,20131025,20131026,20131027,20131028,20131030 
Number is 07 
G.4.4_index_2_VS_G.3.5_index_5 [6] 
Ngay: 20130926,20130928,20131003,20131004,20131014,20131015,20131018,20131019,20131020,20131022,20131023,20131024,20131025,20131026,20131027,20131028,20131029,20131030 
Number is 09 
G.5.5_index_3_VS_G.4.3_index_2 [7] 
Ngay: 20130923,20130924,20130925,20130927,20130929,20131001,20131002,20131004,20131007,20131008,20131012,20131013,20131015,20131019,20131022,20131023,20131024,20131025,20131026,20131027 
Number is 14 
G.4.1_index_3_VS_G.4.1_index_4 [8] 
Ngay: 20130925,20130927,20130929,20131006,20131008,20131011,20131014,20131015,20131017,20131019,20131021,20131022,20131023,20131024,20131025,20131026,20131027,20131029 
Number is 20 
G.5.2_index_2_VS_G.4.2_index_4 [9] 
Ngay: 20130923,20130925,20130926,20130927,20130929,20131001,20131002,20131004,20131007,20131008,20131009,20131010,20131011,20131013,20131017,20131018,20131022,20131023,20131024,20131025,20131026,20131027,20131030 
Number is 24 
G.5.2_index_2_VS_G.2.2_index_1 [10] 
Ngay: 20130923,20130924,20130925,20130926,20130927,20130929,20131004,20131007,20131008,20131011,20131016,20131017,20131022,20131023,20131024,20131025,20131026,20131027,20131028,20131029,20131030 
Number is 39 
G.3.1_index_2_VS_G.5.3_index_3 [11] 
Ngay: 20130924,20130926,20130927,20130928,20131004,20131005,20131015,20131021,20131022,20131023,20131024,20131025,20131026,20131027,20131028,20131030,20131031 
Number is 41 
G.3.1_index_5_VS_G.3.4_index_1 [12] 
Ngay: 20130924,20130927,20130928,20130929,20131001,20131002,20131003,20131004,20131005,20131006,20131008,20131010,20131012,20131014,20131015,20131017,20131022,20131023,20131024,20131025,20131026,20131027 
Number is 45 
G.3.2_index_1_VS_G.DB_index_1 [13] 
Ngay: 20130923,20130926,20130929,20131005,20131006,20131007,20131008,20131010,20131012,20131017,20131018,20131021,20131022,20131023,20131024,20131025,20131026,20131027,20131030 
Number is 50 
G.1.1_index_3_VS_G.2.1_index_3 [14] 
Ngay: 20130923,20130924,20130925,20130927,20130928,20130929,20131004,20131005,20131008,20131009,20131013,20131014,20131016,20131018,20131019,20131020,20131022,20131023,20131024,20131025,20131026,20131027,20131031 
Number is 51 
G.3.1_index_1_VS_G.3.4_index_1 [15] 
Ngay: 20130925,20130927,20130928,20131003,20131004,20131005,20131008,20131009,20131010,20131011,20131012,20131016,20131017,20131022,20131023,20131024,20131025,20131026,20131027,20131028 
G.3.3_index_5_VS_G.5.6_index_1 [16] 
Ngay: 20130925,20130926,20130927,20130928,20131002,20131005,20131008,20131010,20131011,20131012,20131013,20131014,20131016,20131017,20131022,20131023,20131024,20131025,20131026,20131027,20131031 
Number is 52 
G.3.3_index_5_VS_G.4.1_index_2 [17] 
Ngay: 20130925,20130927,20130928,20131001,20131007,20131008,20131017,20131018,20131022,20131023,20131024,20131025,20131026,20131027,20131028 
Number is 53 
G.3.5_index_3_VS_G.3.1_index_2 [18] 
Ngay: 20130926,20130927,20131001,20131002,20131003,20131005,20131007,20131009,20131012,20131013,20131016,20131017,20131018,20131021,20131022,20131023,20131024,20131025,20131026,20131027,20131030 
Number is 56 
G.3.3_index_5_VS_G.2.1_index_4 [19] 
Ngay: 20130923,20130926,20130927,20130928,20130929,20130930,20131001,20131003,20131005,20131006,20131007,20131009,20131010,20131011,20131013,20131014,20131016,20131021,20131022,20131023,20131024,20131025,20131026,20131027,20131029,20131030,20131031 
Number is 58 
G.1.1_index_3_VS_G.5.6_index_2 [20] 
Ngay: 20130924,20130927,20130929,20131003,20131005,20131006,20131010,20131014,20131016,20131019,20131020,20131022,20131023,20131024,20131025,20131026,20131027,20131030 
Number is 60 
G.3.3_index_3_VS_G.4.2_index_1 [21] 
Ngay: 20130923,20130928,20130930,20131001,20131005,20131007,20131011,20131014,20131015,20131019,20131021,20131022,20131023,20131024,20131025,20131026,20131027 
Number is 65 
G.3.3_index_3_VS_G.1.1_index_3 [22] 
Ngay: 20130924,20130925,20130929,20131002,20131003,20131005,20131007,20131008,20131010,20131018,20131022,20131023,20131024,20131025,20131026,20131027,20131030 
Number is 75 
G.3.6_index_1_VS_G.3.3_index_5 [23] 
Ngay: 20130924,20130925,20131002,20131005,20131013,20131014,20131016,20131018,20131019,20131021,20131022,20131023,20131024,20131025,20131026,20131027 
Number is 77 
G.7.1_index_1_VS_G.5.6_index_4 [24] 
Ngay: 20130924,20130927,20130929,20130930,20131001,20131004,20131007,20131008,20131010,20131012,20131015,20131016,20131022,20131023,20131024,20131025,20131026,20131027 
Number is 83 
G.6.1_index_1_VS_G.3.1_index_2 [25] 
Ngay: 20130923,20130926,20130927,20130929,20131002,20131003,20131004,20131005,20131006,20131007,20131016,20131017,20131019,20131022,20131023,20131024,20131025,20131026,20131027,20131028 
Number is 90 
G.DB_index_2_VS_G.4.4_index_4 [26] 
Ngay: 20131001,20131002,20131004,20131005,20131007,20131011,20131012,20131013,20131015,20131016,20131019,20131022,20131023,20131024,20131025,20131026,20131027,20131031 
G.3.6_index_4_VS_G.3.4_index_5 [27] 
Ngay: 20130925,20130926,20130927,20130928,20130930,20131006,20131007,20131008,20131009,20131011,20131012,20131015,20131016,20131018,20131019,20131020,20131021,20131022,20131023,20131024,20131025,20131026,20131027,20131028,20131029,20131030 
Number is 91 
G.3.6_index_4_VS_G.5.3_index_2 [28] 
Ngay: 20130925,20130928,20130930,20131001,20131002,20131012,20131014,20131016,20131020,20131022,20131023,20131024,20131025,20131026,20131027,20131028,20131029,20131031 
Number is 94 
G.3.2_index_5_VS_G.3.2_index_1 [29] 
Ngay: 20130923,20130925,20131002,20131004,20131007,20131008,20131010,20131013,20131021,20131022,20131023,20131024,20131025,20131026,20131027 
