======== Current: 20131030 ========= 
Number is 05 
G.7.2_index_2_VS_G.6.2_index_3 [1] 
20130927,20130928,20130929,20130930,20131001,20131008,20131014,20131015,20131016,20131019,20131020,20131024,20131025,20131026,20131027,20131028,20131029 
Number is 06 
G.1.1_index_5_VS_G.2.1_index_1 [2] PLUS 1 
20131004,20131005,20131006,20131007,20131008,20131009,20131018,20131020,20131024,20131025,20131026,20131027,20131028,20131029,20131030 
Number is 15 
G.3.6_index_4_VS_G.3.4_index_5 [3] PLUS 1 
20130925,20130926,20130927,20130928,20130930,20131006,20131007,20131008,20131009,20131011,20131012,20131015,20131016,20131018,20131019,20131020,20131021,20131022,20131023,20131024,20131025,20131026,20131027,20131028,20131029,20131030 
Number is 16 
G.3.5_index_3_VS_G.7.1_index_1 [4] 
20130927,20130929,20130930,20131001,20131002,20131005,20131007,20131008,20131009,20131010,20131011,20131018,20131019,20131022,20131024,20131025,20131026,20131027,20131028,20131029 
G.3.6_index_4_VS_G.7.1_index_1 [5] 
20130924,20130925,20130930,20131004,20131005,20131006,20131007,20131010,20131011,20131016,20131019,20131020,20131021,20131023,20131024,20131025,20131026,20131027,20131028,20131029 
G.3.6_index_4_VS_G.2.1_index_1 [6] 
20130924,20130925,20130926,20131004,20131005,20131009,20131012,20131013,20131014,20131016,20131024,20131025,20131026,20131027,20131028,20131029 
Number is 17 
G.3.6_index_4_VS_G.5.3_index_2 [7] 
20130925,20130928,20130930,20131001,20131002,20131012,20131014,20131016,20131020,20131022,20131023,20131024,20131025,20131026,20131027,20131028,20131029,20131031 
Number is 31 
G.5.1_index_1_VS_G.DB_index_5 [8] 
20130924,20130926,20130928,20130929,20131001,20131003,20131004,20131005,20131006,20131008,20131009,20131011,20131016,20131018,20131019,20131021,20131024,20131025,20131026,20131027,20131028,20131029 
G.5.1_index_1_VS_G.3.6_index_1 [9] 
20130924,20130925,20130926,20130927,20130929,20131001,20131002,20131003,20131004,20131006,20131008,20131009,20131010,20131017,20131021,20131023,20131024,20131025,20131026,20131027,20131028,20131029,20131031 
G.6.3_index_2_VS_G.3.6_index_4 [10] 
20130923,20130925,20130928,20131001,20131002,20131004,20131006,20131008,20131010,20131011,20131015,20131016,20131019,20131024,20131025,20131026,20131027,20131028,20131029 
Number is 39 
G.4.3_index_1_VS_G.3.1_index_1 [11] 
20130923,20130925,20130926,20130927,20130928,20130929,20131005,20131008,20131011,20131012,20131013,20131015,20131019,20131020,20131022,20131024,20131025,20131026,20131027,20131028,20131029,20131031 
Number is 40 
G.7.3_index_2_VS_G.1.1_index_5 [12] 
20130923,20130925,20130928,20130929,20130930,20131002,20131007,20131008,20131009,20131010,20131011,20131013,20131014,20131017,20131018,20131019,20131024,20131025,20131026,20131027,20131028,20131029 
Number is 41 
G.6.1_index_1_VS_G.3.6_index_2 [13] 
20130927,20130928,20130929,20130930,20131002,20131003,20131008,20131015,20131016,20131018,20131024,20131025,20131026,20131027,20131028,20131029 
Number is 45 
G.4.4_index_2_VS_G.3.5_index_5 [14] PLUS 1 
20130926,20130928,20131003,20131004,20131014,20131015,20131018,20131019,20131020,20131022,20131023,20131024,20131025,20131026,20131027,20131028,20131029,20131030 
G.5.1_index_2_VS_G.3.6_index_5 [15] PLUS 1 
20130925,20130927,20131002,20131007,20131016,20131018,20131024,20131025,20131026,20131027,20131028,20131029,20131030,20131031 
Number is 53 
G.3.4_index_5_VS_G.4.3_index_1 [16] 
20130923,20130924,20130925,20131001,20131002,20131005,20131007,20131009,20131011,20131012,20131013,20131015,20131016,20131018,20131021,20131022,20131023,20131024,20131025,20131026,20131027,20131028,20131029,20131031 
G.3.4_index_5_VS_G.3.2_index_1 [17] 
20130928,20130930,20131006,20131008,20131010,20131012,20131015,20131020,20131023,20131024,20131025,20131026,20131027,20131028,20131029 
Number is 54 
G.DB_index_3_VS_G.7.3_index_2 [18] PLUS 1 
20130923,20130924,20130927,20130929,20130930,20131002,20131003,20131005,20131006,20131010,20131011,20131013,20131014,20131015,20131017,20131019,20131024,20131025,20131026,20131027,20131028,20131029,20131030 
Number is 56 
G.4.2_index_4_VS_G.7.1_index_1 [19] PLUS 1 
20130924,20130926,20130927,20130928,20130930,20131001,20131002,20131004,20131008,20131009,20131013,20131018,20131019,20131023,20131024,20131025,20131026,20131027,20131028,20131029,20131030 
G.DB_index_3_VS_G.5.5_index_1 [20] PLUS 1 
20130923,20130926,20130927,20130930,20131002,20131003,20131004,20131005,20131008,20131009,20131012,20131016,20131017,20131020,20131021,20131024,20131025,20131026,20131027,20131028,20131029,20131030,20131031 
Number is 71 
G.5.2_index_2_VS_G.3.6_index_4 [21] 
20130923,20131011,20131012,20131016,20131018,20131020,20131021,20131024,20131025,20131026,20131027,20131028,20131029 
Number is 75 
G.5.2_index_2_VS_G.2.2_index_1 [22] PLUS 1 
20130923,20130924,20130925,20130926,20130927,20130929,20131004,20131007,20131008,20131011,20131016,20131017,20131022,20131023,20131024,20131025,20131026,20131027,20131028,20131029,20131030 
Number is 81 
G.1.1_index_2_VS_G.DB_index_5 [23] 
20130924,20130926,20130927,20130930,20131003,20131004,20131005,20131006,20131007,20131008,20131009,20131022,20131024,20131025,20131026,20131027,20131028,20131029,20131031 
Number is 88 
G.1.1_index_2_VS_G.7.4_index_1 [24] 
20130924,20130925,20130926,20130929,20131002,20131008,20131012,20131013,20131016,20131024,20131025,20131026,20131027,20131028,20131029 
Number is 96 
G.5.1_index_3_VS_G.3.3_index_5 [25] PLUS 1 
20130926,20130927,20131001,20131002,20131003,20131007,20131012,20131013,20131014,20131018,20131024,20131025,20131026,20131027,20131028,20131029,20131030,20131031 
Number is 97 
G.4.3_index_2_VS_G.4.2_index_1 [26] 
20130923,20130925,20130927,20130929,20130930,20131002,20131003,20131004,20131005,20131006,20131009,20131010,20131012,20131013,20131017,20131019,20131023,20131024,20131025,20131026,20131027,20131028,20131029 
