Last Date = 20130801
Number is 01
G.1.1_index_4_VS_G.3.6_index_2 [1] 
Ngay: 20130703,20130705,20130707,20130716,20130717,20130719,20130720,20130723,20130725,20130726,20130727,20130728,20130729,20130730,20130731
Number is 04
G.2.2_index_5_VS_G.3.2_index_2 [2] 
Ngay: 20130701,20130704,20130705,20130706,20130708,20130709,20130711,20130714,20130723,20130724,20130726,20130727,20130728,20130729,20130730,20130731
G.1.1_index_4_VS_G.3.2_index_2 [3] 
Ngay: 20130701,20130706,20130708,20130710,20130713,20130714,20130715,20130718,20130723,20130725,20130726,20130727,20130728,20130729,20130730,20130731
Number is 05
G.3.1_index_1_VS_G.4.3_index_2 [4] 
Ngay: 20130701,20130705,20130707,20130708,20130713,20130714,20130715,20130716,20130717,20130719,20130720,20130721,20130723,20130726,20130727,20130728,20130729,20130730,20130731
G.4.1_index_1_VS_G.6.1_index_1 [5] 
Ngay: 20130703,20130705,20130706,20130708,20130710,20130711,20130717,20130720,20130721,20130722,20130723,20130726,20130727,20130728,20130729,20130730,20130731
Number is 11
G.2.1_index_3_VS_G.3.4_index_1 [6] 
Ngay: 20130705,20130709,20130712,20130713,20130717,20130718,20130721,20130722,20130726,20130727,20130728,20130729,20130730,20130731
Number is 12
G.5.3_index_1_VS_G.4.2_index_4 [7] 
Ngay: 20130705,20130706,20130707,20130710,20130712,20130722,20130723,20130724,20130725,20130726,20130727,20130728,20130729,20130730,20130731
G.DB_index_4_VS_G.3.6_index_1 [8] 
Ngay: 20130701,20130706,20130708,20130711,20130719,20130720,20130722,20130725,20130726,20130727,20130728,20130729,20130730,20130731
Number is 13
G.3.4_index_1_VS_G.3.3_index_3 [9] 
Ngay: 20130702,20130708,20130709,20130712,20130713,20130715,20130716,20130718,20130719,20130721,20130723,20130726,20130727,20130728,20130729,20130730,20130731
Number is 24
G.4.2_index_4_VS_G.3.2_index_2 [10] 
Ngay: 20130701,20130706,20130708,20130710,20130711,20130713,20130714,20130716,20130717,20130718,20130723,20130724,20130726,20130727,20130728,20130729,20130730,20130731
Number is 30
G.5.3_index_3_VS_G.2.2_index_4 [11] 
Ngay: 20130702,20130706,20130707,20130708,20130710,20130711,20130715,20130716,20130717,20130718,20130726,20130727,20130728,20130729,20130730,20130731
Number is 32
G.3.3_index_3_VS_G.1.1_index_2 [12] 
Ngay: 20130701,20130704,20130705,20130709,20130710,20130713,20130717,20130718,20130719,20130720,20130722,20130726,20130727,20130728,20130729,20130730,20130731
Number is 41
G.4.1_index_4_VS_G.3.4_index_1 [13] 
Ngay: 20130702,20130705,20130706,20130708,20130714,20130718,20130719,20130720,20130721,20130723,20130725,20130726,20130727,20130728,20130729,20130730,20130731
G.2.1_index_1_VS_G.2.2_index_3 [14] 
Ngay: 20130701,20130703,20130705,20130706,20130709,20130712,20130714,20130716,20130718,20130725,20130726,20130727,20130728,20130729,20130730,20130731
Number is 42
G.3.5_index_2_VS_G.5.1_index_3 [15] 
Ngay: 20130701,20130706,20130708,20130712,20130715,20130720,20130721,20130726,20130727,20130728,20130729,20130730,20130731
G.2.1_index_1_VS_G.5.5_index_4 [16] 
Ngay: 20130704,20130711,20130712,20130713,20130714,20130715,20130716,20130719,20130726,20130727,20130728,20130729,20130730,20130731
Number is 44
G.4.4_index_2_VS_G.4.4_index_3 [17] 
Ngay: 20130703,20130704,20130705,20130707,20130711,20130713,20130714,20130718,20130719,20130720,20130722,20130723,20130726,20130727,20130728,20130729,20130730,20130731
Number is 45
G.3.2_index_2_VS_G.4.1_index_2 [18] 
Ngay: 20130702,20130703,20130706,20130707,20130709,20130710,20130711,20130712,20130714,20130717,20130723,20130724,20130726,20130727,20130728,20130729,20130730,20130731
Number is 50
G.5.2_index_3_VS_G.6.2_index_1 [19] 
Ngay: 20130703,20130707,20130713,20130714,20130715,20130719,20130721,20130725,20130726,20130727,20130728,20130729,20130730,20130731
Number is 51
G.4.3_index_2_VS_G.2.1_index_3 [20] 
Ngay: 20130702,20130703,20130704,20130709,20130710,20130711,20130717,20130723,20130724,20130726,20130727,20130728,20130729,20130730,20130731
Number is 58
G.4.1_index_2_VS_G.5.6_index_1 [21] 
Ngay: 20130701,20130704,20130705,20130707,20130709,20130711,20130712,20130719,20130720,20130724,20130725,20130726,20130727,20130728,20130729,20130730,20130731
Number is 65
G.5.5_index_1_VS_G.5.4_index_1 [22] 
Ngay: 20130704,20130705,20130707,20130708,20130709,20130711,20130712,20130713,20130714,20130715,20130717,20130721,20130722,20130725,20130726,20130727,20130728,20130729,20130730,20130731
Number is 71
G.3.6_index_4_VS_G.3.4_index_1 [23] 
Ngay: 20130706,20130710,20130714,20130715,20130716,20130725,20130726,20130727,20130728,20130729,20130730,20130731
Number is 76
G.3.6_index_4_VS_G.7.1_index_1 [24] 
Ngay: 20130701,20130702,20130703,20130704,20130705,20130706,20130711,20130713,20130714,20130720,20130722,20130724,20130726,20130727,20130728,20130729,20130730,20130731
Number is 84
G.3.3_index_1_VS_G.4.4_index_2 [25] 
Ngay: 20130702,20130704,20130711,20130712,20130713,20130716,20130719,20130726,20130727,20130728,20130729,20130730,20130731
G.3.3_index_2_VS_G.DB_index_3 [26] 
Ngay: 20130706,20130708,20130710,20130712,20130714,20130715,20130720,20130722,20130723,20130724,20130725,20130726,20130727,20130728,20130729,20130730,20130731
Number is 90
G.3.5_index_4_VS_G.3.1_index_1 [27] 
Ngay: 20130702,20130705,20130712,20130714,20130715,20130716,20130717,20130719,20130721,20130723,20130726,20130727,20130728,20130729,20130730,20130731
Number is 93
G.3.2_index_4_VS_G.6.3_index_1 [28] 
Ngay: 20130701,20130702,20130709,20130710,20130718,20130720,20130721,20130726,20130727,20130728,20130729,20130730,20130731
Number is 94
G.4.2_index_3_VS_G.3.2_index_2 [29] 
Ngay: 20130704,20130705,20130706,20130708,20130709,20130710,20130713,20130714,20130721,20130722,20130724,20130725,20130726,20130727,20130728,20130729,20130730,20130731
Number is 99
G.3.5_index_4_VS_G.6.3_index_3 [30] 
Ngay: 20130703,20130705,20130707,20130710,20130711,20130712,20130715,20130720,20130723,20130724,20130726,20130727,20130728,20130729,20130730,20130731
