Last Date = 20130813
Number is 25
G.5.5_index_1_VS_G.5.4_index_1 [22] 
Ngay: 20130714,20130715,20130717,20130721,20130722,20130725,20130726,20130727,20130728,20130729,20130730,20130731,20130807,20130809,20130810,20130811,20130812
Number is 39
G.2.1_index_1_VS_G.5.5_index_4 [16] 
Ngay: 20130714,20130715,20130716,20130719,20130726,20130727,20130728,20130729,20130730,20130731,20130805,20130806,20130811
Number is 65
G.DB_index_4_VS_G.3.6_index_1 [8] 
Ngay: 20130711,20130719,20130720,20130722,20130725,20130726,20130727,20130728,20130729,20130730,20130731,20130805,20130806,20130807,20130811,20130812
Number is 70
G.4.1_index_4_VS_G.3.4_index_1 [13] 
Ngay: 20130714,20130718,20130719,20130720,20130721,20130723,20130725,20130726,20130727,20130728,20130729,20130730,20130731,20130808,20130810
