Last Date = 20130820
Number is 11
G.5.1_index_1_VS_G.6.2_index_2 [22] 
Ngay: 20130704,20130705,20130706,20130707,20130713,20130714,20130716,20130718,20130729,20130802,20130809,20130810,20130811,20130812,20130813,20130814,20130815
Number is 82
G.3.4_index_4_VS_G.5.5_index_2 [12] 
Ngay: 20130701,20130702,20130704,20130707,20130708,20130712,20130714,20130715,20130717,20130720,20130723,20130725,20130726,20130727,20130730,20130731,20130801,20130803,20130808,20130810,20130811,20130812,20130813,20130814,20130815
Number is 92
G.7.1_index_2_VS_G.5.5_index_1 [30] 
Ngay: 20130703,20130706,20130707,20130708,20130709,20130713,20130714,20130715,20130718,20130720,20130724,20130727,20130802,20130807,20130810,20130811,20130812,20130813,20130814,20130815
