Last Date = 20130821
Number is 17
G.6.1_index_3_VS_G.1.1_index_2 [1] 
Ngay: 20130710,20130713,20130716,20130717,20130723,20130724,20130729,20130731,20130801,20130804,20130810,20130814,20130815,20130816,20130817,20130818,20130819,20130820
Number is 18
G.3.5_index_5_VS_G.3.6_index_1 [2] 
Ngay: 20130712,20130717,20130718,20130719,20130720,20130721,20130728,20130731,20130807,20130810,20130813,20130814,20130815,20130816,20130817,20130818,20130819,20130820
Number is 23
G.DB_index_1_VS_G.3.4_index_3 [3] 
Ngay: 20130710,20130715,20130717,20130720,20130724,20130725,20130726,20130727,20130731,20130801,20130802,20130810,20130811,20130812,20130814,20130815,20130816,20130817,20130818,20130819,20130820
Number is 25
G.3.5_index_2_VS_G.2.2_index_5 [4] 
Ngay: 20130710,20130711,20130712,20130715,20130719,20130720,20130721,20130723,20130730,20130731,20130801,20130802,20130803,20130804,20130808,20130809,20130814,20130815,20130816,20130817,20130818,20130819,20130820
Number is 36
G.5.1_index_2_VS_G.6.1_index_2 [5] 
Ngay: 20130712,20130713,20130718,20130724,20130726,20130729,20130730,20130801,20130806,20130808,20130812,20130813,20130815,20130816,20130817,20130818,20130819,20130820
Number is 38
G.4.4_index_4_VS_G.3.6_index_1 [6] 
Ngay: 20130710,20130712,20130714,20130717,20130718,20130719,20130722,20130730,20130731,20130804,20130808,20130809,20130810,20130813,20130814,20130815,20130816,20130817,20130818,20130819,20130820
Number is 47
G.3.2_index_5_VS_G.1.1_index_2 [7] 
Ngay: 20130710,20130711,20130713,20130714,20130715,20130717,20130719,20130721,20130722,20130726,20130727,20130729,20130731,20130805,20130814,20130815,20130816,20130817,20130818,20130819,20130820
Number is 50
G.7.3_index_1_VS_G.6.3_index_3 [8] 
Ngay: 20130711,20130715,20130722,20130725,20130729,20130730,20130802,20130803,20130805,20130806,20130807,20130810,20130811,20130815,20130816,20130817,20130818,20130819,20130820
Number is 56
G.3.5_index_1_VS_G.6.1_index_2 [9] 
Ngay: 20130712,20130713,20130719,20130721,20130722,20130728,20130729,20130731,20130801,20130807,20130812,20130813,20130814,20130815,20130816,20130817,20130818,20130819,20130820
G.2.2_index_5_VS_G.3.4_index_1 [10] 
Ngay: 20130711,20130714,20130715,20130722,20130725,20130728,20130730,20130802,20130803,20130809,20130810,20130811,20130813,20130814,20130815,20130816,20130817,20130818,20130819,20130820
Number is 66
G.4.2_index_1_VS_G.3.4_index_1 [11] 
Ngay: 20130715,20130718,20130719,20130721,20130723,20130727,20130803,20130804,20130808,20130810,20130811,20130812,20130814,20130815,20130816,20130817,20130818,20130819,20130820
Number is 69
G.4.1_index_2_VS_G.2.2_index_2 [12] 
Ngay: 20130712,20130713,20130716,20130718,20130719,20130723,20130729,20130730,20130731,20130812,20130815,20130816,20130817,20130818,20130819,20130820
Number is 70
G.6.2_index_1_VS_G.6.3_index_3 [13] 
Ngay: 20130713,20130715,20130718,20130719,20130722,20130724,20130725,20130726,20130727,20130728,20130729,20130730,20130801,20130804,20130806,20130807,20130812,20130815,20130816,20130817,20130818,20130819,20130820
Number is 71
G.6.1_index_1_VS_G.5.6_index_2 [14] 
Ngay: 20130710,20130714,20130720,20130721,20130724,20130801,20130802,20130805,20130806,20130808,20130813,20130814,20130815,20130816,20130817,20130818,20130819,20130820
Number is 73
G.4.4_index_1_VS_G.3.6_index_2 [15] 
Ngay: 20130717,20130719,20130724,20130726,20130729,20130801,20130802,20130803,20130804,20130805,20130806,20130807,20130808,20130809,20130812,20130813,20130814,20130815,20130816,20130817,20130818,20130819,20130820
Number is 89
G.3.6_index_1_VS_G.2.2_index_4 [16] 
Ngay: 20130713,20130716,20130718,20130719,20130722,20130725,20130726,20130727,20130729,20130730,20130801,20130808,20130810,20130813,20130814,20130815,20130816,20130817,20130818,20130819,20130820
Number is 92
G.2.1_index_2_VS_G.3.5_index_2 [17] 
Ngay: 20130710,20130712,20130716,20130719,20130723,20130726,20130731,20130802,20130807,20130808,20130812,20130813,20130814,20130815,20130816,20130817,20130818,20130819,20130820
