Last Date = 20130830
Except date ======= 20130826,20130827,20130828,20130829
required date ======= 20130820,20130821,20130822,20130823,20130824,20130825
Number is 64
G.3.3_index_3_VS_G.5.4_index_3 [49] 
Ngay: 20130720,20130725,20130728,20130730,20130804,20130806,20130810,20130811,20130812,20130815,20130817,20130819,20130820,20130821,20130822,20130823,20130824,20130825
Number is 89
G.3.6_index_3_VS_G.5.5_index_3 [35] 
Ngay: 20130729,20130804,20130806,20130810,20130813,20130814,20130819,20130820,20130821,20130822,20130823,20130824,20130825
Number is 96
G.2.2_index_5_VS_G.7.2_index_1 [20] 
Ngay: 20130720,20130722,20130723,20130725,20130727,20130729,20130730,20130802,20130805,20130806,20130809,20130814,20130815,20130817,20130818,20130820,20130821,20130822,20130823,20130824,20130825
Number is 99
G.7.3_index_2_VS_G.3.6_index_2 [8] 
Ngay: 20130721,20130725,20130727,20130728,20130731,20130806,20130807,20130808,20130809,20130810,20130813,20130814,20130818,20130819,20130820,20130821,20130822,20130823,20130824,20130825
