Last Date = 20130817
Number is 37
G.6.2_index_3_VS_G.5.3_index_4 [1] 
Ngay: 20130721,20130723,20130731,20130805,20130806,20130808,20130809,20130810,20130811,20130812,20130813,20130814,20130815,20130816
Number is 45
G.1.1_index_2_VS_G.5.6_index_4 [2] 
Ngay: 20130720,20130722,20130724,20130726,20130729,20130731,20130802,20130803,20130804,20130806,20130807,20130809,20130810,20130811,20130812,20130813,20130814,20130815,20130816
Number is 47
G.1.1_index_2_VS_G.3.6_index_1 [3] 
Ngay: 20130720,20130724,20130725,20130726,20130727,20130728,20130729,20130805,20130807,20130808,20130809,20130810,20130811,20130812,20130813,20130814,20130815,20130816
Number is 59
G.6.3_index_3_VS_G.3.3_index_5 [4] 
Ngay: 20130721,20130728,20130729,20130730,20130731,20130803,20130810,20130811,20130812,20130813,20130814,20130815,20130816
Number is 66
G.3.6_index_3_VS_G.5.5_index_1 [5] 
Ngay: 20130720,20130722,20130730,20130804,20130806,20130807,20130809,20130810,20130811,20130812,20130813,20130814,20130815,20130816
Number is 71
G.3.3_index_2_VS_G.7.2_index_2 [6] 
Ngay: 20130721,20130722,20130723,20130725,20130801,20130802,20130805,20130806,20130809,20130810,20130811,20130812,20130813,20130814,20130815,20130816
Number is 78
G.3.6_index_1_VS_G.3.4_index_1 [7] 
Ngay: 20130720,20130721,20130722,20130727,20130729,20130730,20130802,20130804,20130805,20130807,20130808,20130810,20130811,20130812,20130813,20130814,20130815,20130816
Number is 80
G.3.3_index_3_VS_G.DB_index_4 [8] 
Ngay: 20130720,20130721,20130724,20130726,20130727,20130801,20130803,20130804,20130805,20130806,20130807,20130810,20130811,20130812,20130813,20130814,20130815,20130816
Number is 81
G.4.3_index_1_VS_G.7.2_index_2 [9] 
Ngay: 20130720,20130721,20130722,20130723,20130726,20130728,20130729,20130730,20130801,20130802,20130803,20130804,20130810,20130811,20130812,20130813,20130814,20130815,20130816
