Last Date = 20130827
Number is 04
G.4.4_index_2_VS_G.5.5_index_3 [1] 
Ngay: 20130720,20130723,20130726,20130727,20130728,20130729,20130801,20130803,20130804,20130805,20130808,20130812,20130814,20130815,20130816,20130818,20130819,20130820,20130821,20130822,20130823,20130824,20130825,20130826
Number is 06
G.5.4_index_3_VS_G.5.3_index_2 [2] 
Ngay: 20130723,20130726,20130727,20130802,20130811,20130814,20130817,20130819,20130820,20130821,20130822,20130823,20130824,20130825,20130826
Number is 07
G.5.4_index_3_VS_G.4.1_index_4 [3] 
Ngay: 20130723,20130727,20130728,20130807,20130808,20130811,20130814,20130816,20130818,20130819,20130820,20130821,20130822,20130823,20130824,20130825,20130826
Number is 46
G.3.5_index_4_VS_G.3.6_index_4 [4] 
Ngay: 20130720,20130724,20130726,20130728,20130730,20130802,20130805,20130809,20130810,20130811,20130812,20130813,20130814,20130816,20130819,20130820,20130821,20130822,20130823,20130824,20130825,20130826
Number is 49
G.4.2_index_4_VS_G.7.4_index_1 [5] 
Ngay: 20130720,20130721,20130722,20130723,20130725,20130730,20130802,20130803,20130805,20130806,20130807,20130809,20130814,20130816,20130817,20130819,20130820,20130821,20130822,20130823,20130824,20130825,20130826
Number is 64
G.3.3_index_3_VS_G.5.4_index_1 [6] 
Ngay: 20130721,20130728,20130729,20130802,20130807,20130812,20130813,20130814,20130815,20130817,20130819,20130820,20130821,20130822,20130823,20130824,20130825,20130826
Number is 67
G.7.3_index_1_VS_G.2.2_index_3 [7] 
Ngay: 20130723,20130725,20130726,20130801,20130802,20130803,20130808,20130810,20130811,20130812,20130813,20130814,20130817,20130819,20130820,20130821,20130822,20130823,20130824,20130825,20130826
