Last Date = 20130827
Number is 04
G.4.4_index_2_VS_G.5.5_index_3 [1] 
Ngay: 20130720,20130723,20130726,20130727,20130728,20130729,20130801,20130803,20130804,20130805,20130808,20130812,20130814,20130815,20130816,20130818,20130819,20130820,20130821,20130822,20130823,20130824,20130825,20130826
Number is 06
G.5.4_index_3_VS_G.5.3_index_2 [2] 
Ngay: 20130723,20130726,20130727,20130802,20130811,20130814,20130817,20130819,20130820,20130821,20130822,20130823,20130824,20130825,20130826
Number is 07
G.5.4_index_3_VS_G.4.1_index_4 [3] 
Ngay: 20130723,20130727,20130728,20130807,20130808,20130811,20130814,20130816,20130818,20130819,20130820,20130821,20130822,20130823,20130824,20130825,20130826
Number is 14
G.1.1_index_1_VS_G.5.2_index_1 [4] 
Ngay: 20130722,20130729,20130803,20130805,20130811,20130820,20130821,20130822,20130823,20130824,20130825,20130826
Number is 15
G.2.2_index_5_VS_G.5.5_index_1 [5] 
Ngay: 20130722,20130725,20130727,20130729,20130803,20130806,20130809,20130811,20130812,20130814,20130815,20130816,20130820,20130821,20130822,20130823,20130824,20130825,20130826
Number is 16
G.2.2_index_5_VS_G.3.3_index_3 [6] 
Ngay: 20130721,20130722,20130723,20130724,20130727,20130728,20130803,20130804,20130806,20130808,20130812,20130813,20130815,20130817,20130820,20130821,20130822,20130823,20130824,20130825,20130826
Number is 27
G.7.4_index_2_VS_G.4.1_index_4 [7] 
Ngay: 20130726,20130802,20130803,20130809,20130810,20130813,20130815,20130816,20130820,20130821,20130822,20130823,20130824,20130825,20130826
Number is 34
G.6.2_index_3_VS_G.5.2_index_1 [8] 
Ngay: 20130724,20130726,20130727,20130801,20130803,20130804,20130805,20130808,20130809,20130817,20130820,20130821,20130822,20130823,20130824,20130825,20130826
Number is 43
G.5.2_index_1_VS_G.3.2_index_2 [9] 
Ngay: 20130724,20130726,20130728,20130730,20130731,20130803,20130805,20130808,20130812,20130814,20130817,20130818,20130820,20130821,20130822,20130823,20130824,20130825,20130826
Number is 46
G.3.5_index_4_VS_G.3.6_index_4 [10] 
Ngay: 20130720,20130724,20130726,20130728,20130730,20130802,20130805,20130809,20130810,20130811,20130812,20130813,20130814,20130816,20130819,20130820,20130821,20130822,20130823,20130824,20130825,20130826
Number is 47
G.5.2_index_1_VS_G.1.1_index_2 [11] 
Ngay: 20130722,20130724,20130726,20130728,20130731,20130803,20130804,20130805,20130807,20130808,20130809,20130812,20130814,20130817,20130818,20130820,20130821,20130822,20130823,20130824,20130825,20130826
Number is 49
G.4.2_index_4_VS_G.7.4_index_1 [12] 
Ngay: 20130720,20130721,20130722,20130723,20130725,20130730,20130802,20130803,20130805,20130806,20130807,20130809,20130814,20130816,20130817,20130819,20130820,20130821,20130822,20130823,20130824,20130825,20130826
Number is 64
G.3.3_index_3_VS_G.5.2_index_1 [13] 
Ngay: 20130721,20130724,20130728,20130730,20130731,20130806,20130810,20130812,20130813,20130815,20130818,20130820,20130821,20130822,20130823,20130824,20130825,20130826
G.3.3_index_3_VS_G.5.4_index_1 [14] 
Ngay: 20130721,20130728,20130729,20130802,20130807,20130812,20130813,20130814,20130815,20130817,20130819,20130820,20130821,20130822,20130823,20130824,20130825,20130826
Number is 67
G.7.3_index_1_VS_G.2.2_index_3 [15] 
Ngay: 20130723,20130725,20130726,20130801,20130802,20130803,20130808,20130810,20130811,20130812,20130813,20130814,20130817,20130819,20130820,20130821,20130822,20130823,20130824,20130825,20130826
Number is 71
G.4.1_index_4_VS_G.3.2_index_3 [16] 
Ngay: 20130720,20130723,20130724,20130725,20130729,20130731,20130802,20130804,20130811,20130812,20130816,20130818,20130820,20130821,20130822,20130823,20130824,20130825,20130826
Number is 73
G.4.2_index_2_VS_G.3.3_index_2 [17] 
Ngay: 20130722,20130724,20130731,20130802,20130814,20130820,20130821,20130822,20130823,20130824,20130825,20130826
Number is 74
G.5.3_index_3_VS_G.6.3_index_3 [18] 
Ngay: 20130723,20130724,20130730,20130802,20130803,20130804,20130807,20130810,20130813,20130815,20130816,20130818,20130820,20130821,20130822,20130823,20130824,20130825,20130826
G.4.1_index_4_VS_G.5.5_index_3 [19] 
Ngay: 20130721,20130722,20130726,20130729,20130801,20130808,20130810,20130814,20130818,20130820,20130821,20130822,20130823,20130824,20130825,20130826
Number is 75
G.4.1_index_4_VS_G.5.5_index_1 [20] 
Ngay: 20130721,20130722,20130725,20130726,20130801,20130804,20130810,20130811,20130815,20130816,20130820,20130821,20130822,20130823,20130824,20130825,20130826
Number is 79
G.4.1_index_4_VS_G.6.1_index_1 [21] 
Ngay: 20130722,20130723,20130724,20130726,20130729,20130802,20130804,20130810,20130811,20130813,20130814,20130815,20130816,20130818,20130820,20130821,20130822,20130823,20130824,20130825,20130826
