Last Date = 20130806
Number is 10
G.3.1_index_1_VS_G.1.1_index_3 [1] 
Ngay: 20130721,20130723,20130726,20130729,20130730,20130731,20130801,20130802,20130803,20130804,20130805
Number is 20
G.2.2_index_4_VS_G.2.2_index_2 [2] 
Ngay: 20130725,20130728,20130729,20130730,20130731,20130801,20130802,20130803,20130804,20130805
Number is 32
G.1.1_index_5_VS_G.6.3_index_3 [3] 
Ngay: 20130721,20130730,20130731,20130801,20130802,20130803,20130804,20130805
Number is 40
G.2.2_index_5_VS_G.3.2_index_4 [4] 
Ngay: 20130723,20130724,20130727,20130730,20130731,20130801,20130802,20130803,20130804,20130805
Number is 61
G.5.5_index_1_VS_G.3.6_index_5 [5] 
Ngay: 20130723,20130725,20130730,20130731,20130801,20130802,20130803,20130804,20130805
Number is 87
G.3.3_index_2_VS_G.DB_index_3 [6] 
Ngay: 20130720,20130722,20130723,20130724,20130725,20130726,20130727,20130728,20130729,20130730,20130731,20130801,20130802,20130803,20130804,20130805
