======== Last: 20130202 ========= 
Number is 00 
G.4.1_index_2_VS_G.1.1_index_1 [1] 
Ngay: 20121220,20121222,20121224,20121225,20121226,20121227,20121228,20121229,20121230,20121231,20130102,20130104,20130107,20130110,20130113,20130114,20130115,20130118,20130124,20130126,20130130,20130131 
Number is 01 
G.5.3_index_2_VS_G.5.2_index_1 [2] 
Ngay: 20121220,20121221,20121223,20121225,20121226,20121227,20121228,20121229,20121230,20121231,20130102,20130103,20130104,20130106,20130107,20130109,20130110,20130113,20130114,20130115,20130116,20130117,20130118,20130119,20130123,20130124,20130125,20130127,20130128,20130130,20130201 
G.1.1_index_1_VS_G.4.3_index_2 [3] 
Ngay: 20121220,20121222,20121225,20121226,20121227,20121228,20121229,20121230,20121231,20130101,20130103,20130104,20130105,20130108,20130109,20130112,20130114,20130115,20130118,20130121,20130124,20130127,20130128,20130129,20130130 
Number is 05 
G.4.1_index_2_VS_G.5.5_index_4 [4] 
Ngay: 20121220,20121222,20121224,20121225,20121226,20121227,20121228,20121229,20121230,20121231,20130104,20130105,20130110,20130116,20130117,20130118,20130124,20130125,20130126,20130128 
Number is 09 
G.1.1_index_1_VS_G.5.3_index_3 [5] 
Ngay: 20121220,20121221,20121223,20121224,20121225,20121226,20121227,20121228,20121229,20121230,20121231,20130102,20130104,20130107,20130108,20130109,20130110,20130113,20130114,20130115,20130116,20130124,20130127,20130129 
Number is 11 
G.4.3_index_2_VS_G.5.4_index_3 [6] 
Ngay: 20121221,20121222,20121223,20121225,20121226,20121227,20121228,20121229,20121230,20121231,20130101,20130102,20130108,20130110,20130111,20130114,20130118,20130121,20130122,20130126,20130127,20130131 
Number is 12 
G.3.2_index_4_VS_G.3.6_index_1 [7] 
Ngay: 20121222,20121225,20121226,20121227,20121228,20121229,20121230,20121231,20130105,20130110,20130112,20130118,20130121,20130123,20130127,20130129,20130130 
G.4.1_index_3_VS_G.5.6_index_1 [8] 
Ngay: 20121220,20121222,20121223,20121226,20121227,20121228,20121229,20121230,20121231,20130102,20130103,20130104,20130107,20130108,20130109,20130110,20130111,20130113,20130116,20130117,20130118,20130125,20130127,20130130 
Number is 13 
G.4.3_index_2_VS_G.5.2_index_4 [9] 
Ngay: 20121222,20121223,20121226,20121227,20121228,20121229,20121230,20121231,20130101,20130103,20130107,20130108,20130109,20130110,20130111,20130116,20130121,20130123,20130124,20130125,20130129,20130130 
Number is 15 
G.3.3_index_3_VS_G.5.2_index_2 [10] 
Ngay: 20121220,20121224,20121225,20121226,20121227,20121228,20121229,20121230,20121231,20130102,20130103,20130106,20130108,20130110,20130114,20130118,20130120,20130122,20130124,20130125,20130127,20130128,20130129,20130131 
Number is 17 
G.5.1_index_2_VS_G.6.1_index_2 [11] 
Ngay: 20121221,20121223,20121226,20121227,20121228,20121229,20121230,20121231,20130101,20130105,20130107,20130109,20130110,20130113,20130115,20130121,20130124,20130127,20130128,20130129,20130130 
G.3.2_index_4_VS_G.3.3_index_5 [12] 
Ngay: 20121220,20121224,20121226,20121227,20121228,20121229,20121230,20121231,20130105,20130106,20130110,20130113,20130114,20130116,20130117,20130118,20130124,20130125,20130127,20130128,20130129,20130130 
Number is 18 
G.4.3_index_3_VS_G.5.2_index_3 [13] 
Ngay: 20121220,20121224,20121226,20121227,20121228,20121229,20121230,20121231,20130103,20130105,20130106,20130116,20130118,20130119,20130120,20130122,20130124,20130127,20130128,20130129,20130130 
Number is 30 
G.3.1_index_1_VS_G.1.1_index_1 [14] 
Ngay: 20121220,20121221,20121222,20121226,20121227,20121228,20121229,20121230,20121231,20130101,20130108,20130109,20130115,20130118,20130119,20130121,20130123,20130128,20130129 
Number is 31 
G.3.1_index_3_VS_G.4.3_index_2 [15] 
Ngay: 20121223,20121226,20121227,20121228,20121229,20121230,20121231,20130101,20130104,20130105,20130107,20130108,20130109,20130110,20130111,20130117,20130122,20130125,20130126,20130127,20130129,20130130,20130131 
G.6.2_index_3_VS_G.5.4_index_1 [16] 
Ngay: 20121220,20121221,20121223,20121226,20121227,20121228,20121229,20121230,20121231,20130102,20130103,20130106,20130107,20130108,20130110,20130111,20130112,20130114,20130121,20130122,20130124,20130127,20130130 
Number is 35 
G.3.1_index_3_VS_G.5.2_index_2 [17] 
Ngay: 20121220,20121226,20121227,20121228,20121229,20121230,20121231,20130102,20130103,20130104,20130105,20130108,20130110,20130111,20130113,20130114,20130116,20130118,20130122,20130123,20130125,20130201 
Number is 39 
G.5.2_index_4_VS_G.5.3_index_3 [18] 
Ngay: 20121222,20121226,20121227,20121228,20121229,20121230,20121231,20130101,20130102,20130103,20130104,20130108,20130109,20130114,20130119,20130121,20130123,20130124,20130125,20130126,20130128,20130129 
Number is 51 
G.6.1_index_1_VS_G.5.2_index_1 [19] 
Ngay: 20121221,20121222,20121223,20121224,20121226,20121227,20121228,20121229,20121230,20121231,20130102,20130107,20130110,20130116,20130117,20130119,20130120,20130121,20130122,20130124,20130125,20130126,20130128,20130201 
Number is 52 
G.6.1_index_1_VS_G.5.5_index_3 [20] 
Ngay: 20121223,20121225,20121226,20121227,20121228,20121229,20121230,20121231,20130102,20130107,20130108,20130110,20130112,20130114,20130116,20130127,20130128,20130131,20130201 
Number is 57 
G.3.3_index_2_VS_G.3.6_index_2 [21] 
Ngay: 20121220,20121222,20121225,20121226,20121227,20121228,20121229,20121230,20121231,20130104,20130106,20130107,20130108,20130109,20130111,20130112,20130113,20130114,20130115,20130116,20130121,20130124,20130126,20130128,20130129,20130201 
Number is 60 
G.3.5_index_3_VS_G.5.3_index_2 [22] 
Ngay: 20121220,20121221,20121222,20121223,20121224,20121225,20121226,20121227,20121228,20121229,20121230,20121231,20130105,20130107,20130109,20130113,20130114,20130123,20130124,20130129,20130131 
Number is 77 
G.5.3_index_4_VS_G.6.1_index_2 [23] 
Ngay: 20121220,20121224,20121225,20121226,20121227,20121228,20121229,20121230,20121231,20130101,20130103,20130113,20130117,20130118,20130119,20130120,20130121,20130127,20130128,20130129,20130131,20130201 
Number is 81 
G.4.2_index_3_VS_G.5.1_index_2 [24] 
Ngay: 20121221,20121223,20121224,20121226,20121227,20121228,20121229,20121230,20121231,20130101,20130103,20130108,20130112,20130117,20130125,20130126,20130128,20130129,20130130 
Number is 87 
G.2.1_index_4_VS_G.6.1_index_2 [25] 
Ngay: 20121220,20121225,20121226,20121227,20121228,20121229,20121230,20121231,20130101,20130106,20130107,20130110,20130112,20130113,20130115,20130116,20130120,20130125,20130130 
Number is 91 
G.3.6_index_3_VS_G.4.1_index_3 [26] 
Ngay: 20121220,20121221,20121223,20121224,20121225,20121226,20121227,20121228,20121229,20121230,20121231,20130102,20130110,20130111,20130113,20130114,20130117,20130123,20130127,20130130 
Number is 94 
G.5.3_index_3_VS_G.5.1_index_1 [27] 
Ngay: 20121220,20121222,20121224,20121226,20121227,20121228,20121229,20121230,20121231,20130104,20130105,20130106,20130108,20130114,20130115,20130117,20130118,20130124,20130125,20130127,20130130 
