======== Current: 20130105 ========= 
Number is 05 
G.3.5_index_1_VS_G.4.4_index_3 [1] 
Ngay: 20121221,20121222,20121223,20121224,20121230,20121231,20130101,20130102,20130103,20130104,20130107,20130108,20130123,20130124,20130126,20130128,20130201 
Number is 11 
G.2.1_index_4_VS_G.3.4_index_1 [2] 
Ngay: 20121227,20121230,20121231,20130101,20130102,20130103,20130104,20130107,20130109,20130110,20130116,20130119,20130120,20130122,20130126,20130127,20130129,20130130 
Number is 12 
G.3.5_index_2_VS_G.7.1_index_1 [3] 
Ngay: 20121220,20121221,20121222,20121223,20121224,20121225,20121227,20121229,20121230,20121231,20130101,20130102,20130103,20130104,20130106,20130107,20130109,20130112,20130113,20130116,20130121,20130122,20130127,20130128,20130130,20130201 
Number is 19 
G.1.1_index_3_VS_G.3.3_index_2 [4] PLUS 1 
Ngay: 20121220,20121221,20121223,20121224,20121226,20121228,20121230,20121231,20130101,20130102,20130103,20130104,20130105,20130108,20130109,20130112,20130113,20130114,20130120,20130121,20130123,20130126,20130129,20130130 
Number is 28 
G.7.2_index_2_VS_G.7.4_index_2 [5] 
Ngay: 20121221,20121222,20121223,20121225,20121228,20121230,20121231,20130101,20130102,20130103,20130104,20130107,20130111,20130114,20130115,20130121,20130122,20130124,20130126,20130128,20130129,20130130,20130131 
Number is 30 
G.4.1_index_3_VS_G.4.3_index_2 [6] 
Ngay: 20121222,20121226,20121227,20121229,20121230,20121231,20130101,20130102,20130103,20130104,20130106,20130107,20130108,20130111,20130114,20130116,20130118,20130119,20130120,20130124,20130125,20130127,20130130,20130131 
Number is 37 
G.4.1_index_2_VS_G.4.3_index_3 [7] 
Ngay: 20121220,20121224,20121225,20121228,20121230,20121231,20130101,20130102,20130103,20130104,20130106,20130109,20130111,20130113,20130114,20130117,20130120,20130121,20130122,20130124,20130128,20130129,20130130,20130131 
Number is 38 
G.2.1_index_3_VS_G.5.2_index_2 [8] 
Ngay: 20121220,20121222,20121223,20121224,20121225,20121227,20121229,20121230,20121231,20130101,20130102,20130103,20130104,20130108,20130110,20130111,20130113,20130115,20130120,20130121,20130123 
Number is 39 
G.5.2_index_4_VS_G.5.3_index_3 [9] 
Ngay: 20121222,20121226,20121227,20121228,20121229,20121230,20121231,20130101,20130102,20130103,20130104,20130108,20130109,20130114,20130119,20130121,20130123,20130124,20130125,20130126,20130128,20130129 
Number is 43 
G.6.1_index_1_VS_G.DB_index_3 [10] 
Ngay: 20121221,20121224,20121226,20121230,20121231,20130101,20130102,20130103,20130104,20130107,20130108,20130110,20130115,20130119,20130121,20130123,20130126,20130130 
Number is 51 
G.3.2_index_5_VS_G.1.1_index_3 [11] 
Ngay: 20121228,20121229,20121230,20121231,20130101,20130102,20130103,20130104,20130107,20130109,20130111,20130112,20130113,20130117,20130118,20130120,20130121,20130123,20130124,20130127,20130130,20130201 
Number is 62 
G.2.2_index_2_VS_G.5.1_index_2 [12] PLUS 1 
Ngay: 20121230,20121231,20130101,20130102,20130103,20130104,20130105,20130106,20130109,20130110,20130112,20130114,20130115,20130118,20130122,20130123,20130124,20130125,20130129,20130130,20130131 
Number is 74 
G.3.2_index_3_VS_G.3.3_index_1 [13] PLUS 1 
Ngay: 20121220,20121224,20121228,20121229,20121230,20121231,20130101,20130102,20130103,20130104,20130105,20130108,20130109,20130111,20130114,20130120,20130127,20130128,20130129,20130130,20130131 
Number is 84 
G.5.2_index_2_VS_G.5.4_index_1 [14] 
Ngay: 20121220,20121222,20121226,20121227,20121229,20121230,20121231,20130101,20130102,20130103,20130104,20130106,20130112,20130115,20130116,20130117,20130118,20130124,20130127,20130129,20130130,20130131 
Number is 87 
G.5.2_index_2_VS_G.4.3_index_3 [15] PLUS 1 
Ngay: 20121220,20121224,20121228,20121229,20121230,20121231,20130101,20130102,20130103,20130104,20130105,20130106,20130107,20130113,20130114,20130117,20130119,20130120,20130122,20130123,20130129,20130131 
