======== Last: 20130202 ========= 
Number is 07 
G.1.1_index_1_VS_G.5.5_index_2 [1] 
Ngay: 20121222,20121223,20121224,20121226,20121227,20121231,20130102,20130103,20130104,20130105,20130106,20130107,20130108,20130109,20130110,20130111,20130117,20130119,20130123,20130125,20130127,20130128,20130201 
Number is 08 
G.5.6_index_2_VS_G.5.6_index_4 [2] 
Ngay: 20121220,20121222,20121223,20121227,20130101,20130102,20130103,20130104,20130105,20130106,20130107,20130108,20130110,20130111,20130113,20130114,20130117,20130118,20130119,20130123,20130126,20130127,20130128,20130131 
Number is 28 
G.3.6_index_1_VS_G.4.2_index_3 [3] 
Ngay: 20121221,20121222,20121223,20121226,20121227,20121228,20121229,20130101,20130103,20130104,20130105,20130106,20130107,20130108,20130110,20130111,20130112,20130113,20130114,20130118,20130119,20130125,20130128,20130129,20130130,20130201 
Number is 32 
G.3.1_index_3_VS_G.4.3_index_1 [4] 
Ngay: 20121221,20121223,20121224,20121226,20121227,20121230,20130103,20130104,20130105,20130106,20130107,20130108,20130110,20130111,20130112,20130113,20130116,20130117,20130119,20130122,20130127,20130130,20130131,20130201 
Number is 37 
G.3.1_index_3_VS_G.4.1_index_1 [5] 
Ngay: 20121224,20121229,20130102,20130103,20130104,20130105,20130106,20130107,20130108,20130110,20130113,20130116,20130117,20130119,20130125,20130126,20130129,20130130,20130131,20130201 
Number is 54 
G.5.2_index_2_VS_G.6.3_index_2 [6] 
Ngay: 20121220,20121225,20121228,20121229,20121231,20130101,20130103,20130104,20130105,20130106,20130107,20130108,20130110,20130111,20130115,20130117,20130118,20130119,20130124,20130125,20130131 
Number is 59 
G.5.3_index_1_VS_G.5.3_index_3 [7] 
Ngay: 20121224,20121227,20121228,20121229,20121231,20130103,20130104,20130105,20130106,20130107,20130108,20130109,20130110,20130112,20130124,20130130,20130131,20130201 
Number is 62 
G.2.2_index_2_VS_G.4.4_index_2 [8] 
Ngay: 20121220,20121222,20121228,20121231,20130103,20130104,20130105,20130106,20130107,20130108,20130114,20130116,20130120,20130124,20130127,20130128,20130130 
Number is 63 
G.2.2_index_2_VS_G.5.2_index_4 [9] 
Ngay: 20121224,20121227,20121231,20130103,20130104,20130105,20130106,20130107,20130108,20130109,20130110,20130117,20130120,20130121,20130128,20130130,20130131,20130201 
Number is 73 
G.4.3_index_4_VS_G.2.1_index_1 [10] 
Ngay: 20121221,20121222,20121224,20121225,20121229,20121230,20121231,20130102,20130103,20130104,20130105,20130106,20130107,20130108,20130109,20130110,20130111,20130112,20130115,20130116,20130120,20130123,20130127,20130129 
G.6.1_index_2_VS_G.1.1_index_4 [11] 
Ngay: 20121221,20121223,20121225,20121231,20130103,20130104,20130105,20130106,20130107,20130108,20130110,20130111,20130115,20130116,20130118,20130121,20130126,20130127,20130128,20130129,20130130,20130131,20130201 
Number is 74 
G.5.1_index_3_VS_G.6.3_index_2 [12] 
Ngay: 20121220,20121222,20121223,20121225,20130101,20130103,20130104,20130105,20130106,20130107,20130108,20130111,20130116,20130119,20130121,20130125,20130126,20130127,20130130,20130131 
Number is 77 
G.3.4_index_5_VS_G.3.2_index_3 [13] 
Ngay: 20121222,20121224,20121227,20121228,20121230,20130103,20130104,20130105,20130106,20130107,20130108,20130110,20130111,20130112,20130113,20130114,20130116,20130123,20130124,20130129,20130130,20130201 
Number is 78 
G.3.4_index_5_VS_G.5.2_index_3 [14] 
Ngay: 20121224,20121225,20121226,20121230,20130103,20130104,20130105,20130106,20130107,20130108,20130111,20130112,20130120,20130127,20130130 
Number is 83 
G.5.2_index_3_VS_G.3.1_index_2 [15] 
Ngay: 20121224,20121225,20121226,20121227,20121230,20121231,20130103,20130104,20130105,20130106,20130107,20130108,20130110,20130112,20130115,20130116,20130117,20130118,20130119,20130120,20130122,20130124,20130125,20130130,20130131,20130201 
Number is 90 
G.5.3_index_3_VS_G.4.4_index_4 [16] 
Ngay: 20121221,20121224,20121230,20130102,20130103,20130104,20130105,20130106,20130107,20130108,20130109,20130110,20130119,20130122,20130124,20130125,20130127,20130129,20130131 
Number is 92 
G.5.3_index_3_VS_G.4.3_index_1 [17] 
Ngay: 20121220,20121221,20121223,20121225,20121226,20121230,20130103,20130104,20130105,20130106,20130107,20130108,20130109,20130110,20130112,20130116,20130117,20130118,20130119,20130122,20130123,20130126,20130129,20130131,20130201 
Number is 94 
G.5.3_index_3_VS_G.6.3_index_3 [18] 
Ngay: 20121222,20121228,20121229,20121231,20130101,20130103,20130104,20130105,20130106,20130107,20130108,20130109,20130112,20130117,20130118,20130122,20130123,20130125,20130128,20130129,20130130 
