======== Last: 20130202 ========= 
Number is 00 
G.4.4_index_4_VS_G.5.6_index_2 [1] 
Ngay: 20121220,20121221,20121224,20121230,20130105,20130109,20130110,20130111,20130112,20130113,20130114,20130117,20130118,20130126,20130127,20130128,20130129,20130131 
Number is 08 
G.5.6_index_2_VS_G.5.6_index_3 [2] 
Ngay: 20121221,20121222,20121223,20121224,20121228,20121229,20121230,20130101,20130103,20130105,20130108,20130109,20130110,20130111,20130112,20130113,20130114,20130115,20130116,20130117,20130118,20130119,20130121,20130123,20130125 
G.5.6_index_2_VS_G.6.3_index_1 [3] 
Ngay: 20121220,20121223,20121225,20121226,20130103,20130104,20130105,20130106,20130107,20130109,20130110,20130111,20130112,20130113,20130114,20130115,20130117,20130124 
Number is 10 
G.5.4_index_3_VS_G.4.1_index_2 [4] 
Ngay: 20121222,20121224,20121227,20121228,20121231,20130101,20130102,20130104,20130107,20130109,20130110,20130111,20130112,20130113,20130114,20130115,20130116,20130117,20130118,20130120,20130122,20130126,20130129 
Number is 12 
G.5.2_index_1_VS_G.4.3_index_1 [5] 
Ngay: 20121220,20121221,20121222,20121223,20121225,20121226,20121227,20130102,20130105,20130109,20130110,20130111,20130112,20130113,20130114,20130115,20130117,20130119,20130124,20130125,20130126,20130127,20130201 
Number is 17 
G.7.1_index_1_VS_G.3.3_index_5 [6] 
Ngay: 20121220,20121221,20121222,20121224,20121226,20121228,20121231,20130105,20130106,20130109,20130110,20130111,20130112,20130113,20130114,20130117,20130119,20130122,20130125,20130128,20130129 
Number is 18 
G.7.1_index_1_VS_G.2.1_index_4 [7] 
Ngay: 20121222,20121226,20121227,20121229,20121230,20130103,20130107,20130109,20130110,20130111,20130112,20130113,20130114,20130119,20130120,20130122,20130125,20130126,20130128,20130129 
Number is 22 
G.3.2_index_2_VS_G.4.3_index_1 [8] 
Ngay: 20121221,20121227,20130102,20130103,20130105,20130109,20130110,20130111,20130112,20130113,20130114,20130115,20130122,20130123,20130124,20130126,20130130 
Number is 23 
G.4.3_index_1_VS_G.3.1_index_1 [9] 
Ngay: 20121220,20121222,20121223,20121224,20121226,20121230,20130102,20130104,20130105,20130108,20130109,20130110,20130111,20130112,20130113,20130114,20130117,20130122,20130126,20130127,20130129,20130130 
G.7.4_index_1_VS_G.3.1_index_2 [10] 
Ngay: 20121231,20130101,20130103,20130104,20130106,20130107,20130109,20130110,20130111,20130112,20130113,20130114,20130116,20130120,20130121,20130123,20130124,20130125,20130127,20130129,20130130 
Number is 26 
G.3.2_index_2_VS_G.3.2_index_1 [11] 
Ngay: 20121223,20121224,20121226,20121227,20121230,20130102,20130103,20130104,20130109,20130110,20130111,20130112,20130113,20130114,20130115,20130117,20130121,20130129,20130131 
Number is 27 
G.5.5_index_3_VS_G.3.6_index_2 [12] 
Ngay: 20121222,20121223,20121224,20121230,20121231,20130104,20130109,20130110,20130111,20130112,20130113,20130114,20130116,20130118,20130119,20130124,20130125,20130127,20130131,20130201 
Number is 31 
G.3.1_index_2_VS_G.3.2_index_5 [13] 
Ngay: 20121224,20121225,20130101,20130106,20130107,20130109,20130110,20130111,20130112,20130113,20130114,20130116,20130117,20130120,20130121,20130123,20130125,20130127,20130129,20130130,20130131,20130201 
Number is 37 
G.5.4_index_2_VS_G.2.1_index_5 [14] 
Ngay: 20121220,20121222,20121225,20121226,20130104,20130106,20130108,20130109,20130110,20130111,20130112,20130113,20130114,20130119,20130120,20130124,20130129,20130130,20130131 
G.3.1_index_2_VS_G.5.1_index_3 [15] 
Ngay: 20121220,20121223,20121225,20121229,20121231,20130102,20130104,20130105,20130109,20130110,20130111,20130112,20130113,20130114,20130115,20130116,20130118,20130123,20130124,20130125,20130126,20130129,20130131 
Number is 52 
G.3.1_index_5_VS_G.3.2_index_2 [16] 
Ngay: 20121228,20130102,20130107,20130109,20130110,20130111,20130112,20130113,20130114,20130117,20130118,20130119,20130123,20130125,20130126,20130129,20130131,20130201 
Number is 59 
G.5.3_index_1_VS_G.3.4_index_4 [17] 
Ngay: 20121220,20121221,20121228,20121229,20130101,20130106,20130108,20130109,20130110,20130111,20130112,20130113,20130114,20130118,20130119,20130122,20130124,20130130,20130131,20130201 
Number is 60 
G.2.2_index_2_VS_G.5.6_index_2 [18] 
Ngay: 20121220,20121228,20121230,20130101,20130102,20130103,20130107,20130109,20130110,20130111,20130112,20130113,20130114,20130115,20130116,20130130,20130131 
Number is 69 
G.4.4_index_1_VS_G.7.3_index_1 [19] 
Ngay: 20121221,20121222,20121224,20121225,20121228,20121229,20130102,20130104,20130106,20130109,20130110,20130111,20130112,20130113,20130114,20130115,20130124,20130127,20130201 
Number is 70 
G.3.3_index_5_VS_G.1.1_index_1 [20] 
Ngay: 20121223,20121226,20121227,20121228,20130101,20130102,20130103,20130105,20130106,20130107,20130109,20130110,20130111,20130112,20130113,20130114,20130115,20130116,20130121,20130125,20130126 
G.3.3_index_5_VS_G.5.6_index_2 [21] 
Ngay: 20121221,20121222,20121224,20121226,20121229,20121230,20130101,20130102,20130105,20130109,20130110,20130111,20130112,20130113,20130114,20130115,20130118,20130121,20130126,20130131 
G.2.1_index_5_VS_G.5.6_index_2 [22] 
Ngay: 20121221,20121222,20121223,20121225,20121226,20121230,20121231,20130102,20130109,20130110,20130111,20130112,20130113,20130114,20130116,20130117,20130119,20130123,20130125,20130128,20130130,20130131,20130201 
Number is 71 
G.2.1_index_3_VS_G.5.4_index_1 [23] 
Ngay: 20121222,20121223,20121225,20121226,20130106,20130109,20130110,20130111,20130112,20130113,20130114,20130118,20130120,20130121,20130123,20130124,20130125,20130131 
G.3.3_index_5_VS_G.5.4_index_3 [24] 
Ngay: 20121220,20121221,20121226,20121227,20121228,20130101,20130102,20130106,20130107,20130109,20130110,20130111,20130112,20130113,20130114,20130116,20130117,20130125,20130127,20130131 
Number is 72 
G.3.3_index_5_VS_G.3.2_index_2 [25] 
Ngay: 20121220,20121221,20121226,20121231,20130105,20130109,20130110,20130111,20130112,20130113,20130114,20130115,20130116,20130118,20130119,20130120,20130123,20130126,20130127,20130128,20130130,20130131 
G.3.6_index_2_VS_G.4.3_index_1 [26] 
Ngay: 20121221,20121222,20121227,20121231,20130103,20130104,20130106,20130107,20130108,20130109,20130110,20130111,20130112,20130113,20130114,20130115,20130116,20130117,20130118,20130119,20130121,20130122,20130125,20130126,20130128,20130129,20130130,20130131 
Number is 75 
G.3.3_index_5_VS_G.3.3_index_2 [27] 
Ngay: 20121223,20121224,20121225,20121228,20121229,20130101,20130105,20130108,20130109,20130110,20130111,20130112,20130113,20130114,20130115,20130116,20130120,20130121,20130122,20130129,20130201 
Number is 79 
G.2.1_index_5_VS_G.3.6_index_3 [28] 
Ngay: 20121220,20121221,20121222,20121223,20121225,20121226,20121231,20130103,20130108,20130109,20130110,20130111,20130112,20130113,20130114,20130115,20130116,20130119,20130121,20130122,20130125,20130128,20130131 
Number is 81 
G.5.6_index_3_VS_G.4.3_index_2 [29] 
Ngay: 20121221,20121222,20121224,20121225,20121226,20121227,20121229,20121230,20121231,20130102,20130107,20130108,20130109,20130110,20130111,20130112,20130113,20130114,20130115,20130116,20130118,20130121,20130122,20130125,20130126,20130130 
Number is 92 
G.3.4_index_4_VS_G.4.3_index_1 [30] 
Ngay: 20121223,20121224,20121225,20121227,20130101,20130103,20130109,20130110,20130111,20130112,20130113,20130114,20130117,20130122,20130124,20130129,20130130,20130131 
Number is 93 
G.3.6_index_3_VS_G.1.1_index_4 [31] 
Ngay: 20121221,20121224,20121226,20121229,20130101,20130102,20130103,20130106,20130109,20130110,20130111,20130112,20130113,20130114,20130116,20130118,20130119,20130121,20130122,20130123,20130125,20130126,20130127,20130128,20130129,20130130,20130131 
Number is 97 
G.7.3_index_1_VS_G.4.3_index_4 [32] 
Ngay: 20121223,20121224,20121225,20121227,20121229,20130102,20130103,20130104,20130108,20130109,20130110,20130111,20130112,20130113,20130114,20130115,20130116,20130117,20130118,20130127,20130129 
