======== Current: 20130129 ========= 
Number is 04 
G.5.3_index_2_VS_G.1.1_index_2 [1] PLUS 1 
Ngay: 20121224,20121225,20121227,20121230,20130102,20130104,20130105,20130106,20130115,20130116,20130119,20130122,20130123,20130124,20130125,20130126,20130127,20130128,20130129 
Number is 20 
G.2.2_index_4_VS_G.5.3_index_2 [2] PLUS 1 
Ngay: 20121223,20121224,20121225,20121226,20121227,20130103,20130105,20130107,20130109,20130110,20130111,20130115,20130116,20130119,20130120,20130122,20130123,20130124,20130125,20130126,20130127,20130128,20130129,20130131 
Number is 23 
G.3.1_index_4_VS_G.6.1_index_2 [3] 
Ngay: 20121220,20121221,20121223,20121231,20130104,20130106,20130107,20130108,20130110,20130113,20130120,20130121,20130123,20130124,20130125,20130126,20130127,20130128,20130131,20130201 
G.5.1_index_4_VS_G.DB_index_2 [4] 
Ngay: 20121221,20121223,20121224,20121225,20121228,20130101,20130102,20130103,20130104,20130107,20130111,20130112,20130115,20130119,20130121,20130123,20130124,20130125,20130126,20130127,20130128,20130131 
Number is 24 
G.3.6_index_3_VS_G.3.3_index_2 [5] PLUS 1 
Ngay: 20121220,20121221,20121223,20121225,20121228,20121229,20121231,20130102,20130103,20130105,20130110,20130113,20130116,20130117,20130118,20130121,20130122,20130123,20130124,20130125,20130126,20130127,20130128,20130129,20130131,20130201 
Number is 29 
G.1.1_index_3_VS_G.2.1_index_1 [6] 
Ngay: 20121220,20121228,20121230,20130102,20130103,20130104,20130105,20130107,20130109,20130110,20130111,20130112,20130114,20130115,20130117,20130121,20130122,20130123,20130124,20130125,20130126,20130127,20130128,20130130,20130201 
Number is 32 
G.6.1_index_2_VS_G.5.6_index_2 [7] 
Ngay: 20121221,20121222,20121223,20121225,20121229,20121230,20130101,20130106,20130109,20130110,20130111,20130113,20130115,20130117,20130121,20130122,20130123,20130124,20130125,20130126,20130127,20130128,20130130,20130201 
Number is 33 
G.DB_index_2_VS_G.6.1_index_2 [8] 
Ngay: 20121220,20121221,20121224,20121225,20121226,20121228,20121229,20121230,20130101,20130104,20130107,20130108,20130109,20130113,20130115,20130116,20130117,20130121,20130122,20130123,20130124,20130125,20130126,20130127,20130128,20130131 
Number is 40 
G.4.4_index_4_VS_G.2.2_index_1 [9] PLUS 1 
Ngay: 20121222,20121226,20121229,20130101,20130104,20130106,20130108,20130109,20130110,20130111,20130113,20130116,20130117,20130119,20130120,20130122,20130123,20130124,20130125,20130126,20130127,20130128,20130129 
Number is 61 
G.3.1_index_1_VS_G.4.2_index_1 [10] 
Ngay: 20121221,20121222,20121223,20121227,20121229,20130108,20130109,20130110,20130111,20130116,20130117,20130118,20130121,20130123,20130124,20130125,20130126,20130127,20130128,20130201 
Number is 62 
G.6.2_index_1_VS_G.3.6_index_3 [11] PLUS 1 
Ngay: 20121222,20121224,20121226,20121228,20121229,20121231,20130104,20130117,20130118,20130121,20130122,20130123,20130124,20130125,20130126,20130127,20130128,20130129,20130130 
Number is 64 
G.DB_index_1_VS_G.4.4_index_4 [12] 
Ngay: 20121220,20121221,20121223,20121224,20121226,20121228,20121229,20121230,20130101,20130106,20130110,20130119,20130121,20130123,20130124,20130125,20130126,20130127,20130128,20130130,20130131,20130201 
Number is 72 
G.1.1_index_4_VS_G.5.3_index_3 [13] PLUS 1 
Ngay: 20121220,20121224,20121225,20121226,20121229,20121230,20130102,20130104,20130105,20130108,20130109,20130112,20130115,20130116,20130119,20130122,20130123,20130124,20130125,20130126,20130127,20130128,20130129,20130131 
G.7.2_index_1_VS_G.1.1_index_3 [14] PLUS 1 
Ngay: 20121221,20121224,20121227,20121228,20121229,20121230,20130101,20130102,20130106,20130111,20130113,20130114,20130121,20130122,20130123,20130124,20130125,20130126,20130127,20130128,20130129,20130130 
G.1.1_index_4_VS_G.4.4_index_1 [15] PLUS 1 
Ngay: 20121221,20121226,20130103,20130109,20130111,20130112,20130113,20130121,20130122,20130123,20130124,20130125,20130126,20130127,20130128,20130129,20130131,20130201 
Number is 78 
G.3.5_index_4_VS_G.4.2_index_2 [16] 
Ngay: 20121220,20121221,20121231,20130101,20130105,20130106,20130110,20130111,20130115,20130116,20130121,20130123,20130124,20130125,20130126,20130127,20130128 
Number is 86 
G.2.1_index_3_VS_G.5.4_index_4 [17] PLUS 1 
Ngay: 20121221,20121222,20121224,20121225,20121228,20121230,20130101,20130110,20130111,20130113,20130120,20130121,20130122,20130123,20130124,20130125,20130126,20130127,20130128,20130129 
Number is 96 
G.6.1_index_1_VS_G.5.2_index_4 [18] 
Ngay: 20121220,20121222,20121225,20121226,20121227,20121230,20121231,20130103,20130108,20130115,20130120,20130121,20130123,20130124,20130125,20130126,20130127,20130128,20130131 
