======== Current: 20130130 ========= 
Number is 00 
G.4.4_index_4_VS_G.2.2_index_1 [1] 
Ngay: 20121222,20121226,20121229,20130101,20130104,20130106,20130108,20130109,20130110,20130111,20130113,20130116,20130117,20130119,20130120,20130122,20130123,20130124,20130125,20130126,20130127,20130128,20130129 
Number is 02 
G.5.2_index_4_VS_G.1.1_index_3 [2] PLUS 1 
Ngay: 20121220,20121221,20121222,20121224,20121225,20121230,20130101,20130102,20130106,20130107,20130109,20130110,20130112,20130114,20130118,20130122,20130124,20130125,20130126,20130127,20130128,20130129,20130130 
G.4.4_index_4_VS_G.3.5_index_1 [3] PLUS 1 
Ngay: 20121220,20121221,20121223,20121224,20121230,20121231,20130102,20130105,20130108,20130110,20130111,20130115,20130116,20130122,20130124,20130125,20130126,20130127,20130128,20130129,20130130,20130201 
Number is 08 
G.4.4_index_4_VS_G.3.6_index_4 [4] PLUS 1 
Ngay: 20121221,20121223,20121229,20130102,20130105,20130106,20130109,20130110,20130114,20130115,20130117,20130120,20130122,20130124,20130125,20130126,20130127,20130128,20130129,20130130,20130131,20130201 
Number is 22 
G.4.4_index_2_VS_G.5.4_index_2 [5] 
Ngay: 20121220,20121221,20121224,20121225,20121226,20121228,20130104,20130106,20130108,20130110,20130113,20130118,20130119,20130120,20130124,20130125,20130126,20130127,20130128,20130129 
Number is 36 
G.2.1_index_3_VS_G.5.4_index_4 [6] 
Ngay: 20121221,20121222,20121224,20121225,20121228,20121230,20130101,20130110,20130111,20130113,20130120,20130121,20130122,20130123,20130124,20130125,20130126,20130127,20130128,20130129 
Number is 40 
G.3.6_index_3_VS_G.5.1_index_3 [7] PLUS 1 
Ngay: 20121220,20121223,20121224,20121225,20121226,20121231,20130104,20130105,20130106,20130109,20130110,20130111,20130113,20130117,20130118,20130119,20130121,20130124,20130125,20130126,20130127,20130128,20130129,20130130 
Number is 44 
G.6.2_index_1_VS_G.3.6_index_3 [8] PLUS 1 
Ngay: 20121222,20121224,20121226,20121228,20121229,20121231,20130104,20130117,20130118,20130121,20130122,20130123,20130124,20130125,20130126,20130127,20130128,20130129,20130130 
Number is 45 
G.5.3_index_2_VS_G.1.1_index_2 [9] 
Ngay: 20121224,20121225,20121227,20121230,20130102,20130104,20130105,20130106,20130115,20130116,20130119,20130122,20130123,20130124,20130125,20130126,20130127,20130128,20130129 
G.3.6_index_3_VS_G.3.3_index_2 [10] 
Ngay: 20121220,20121221,20121223,20121225,20121228,20121229,20121231,20130102,20130103,20130105,20130110,20130113,20130116,20130117,20130118,20130121,20130122,20130123,20130124,20130125,20130126,20130127,20130128,20130129,20130131,20130201 
Number is 50 
G.7.4_index_1_VS_G.4.4_index_4 [11] 
Ngay: 20121220,20121221,20121223,20130101,20130102,20130103,20130106,20130109,20130110,20130114,20130119,20130121,20130124,20130125,20130126,20130127,20130128,20130129 
Number is 59 
G.1.1_index_2_VS_G.2.2_index_4 [12] 
Ngay: 20121227,20121228,20121229,20121230,20121231,20130102,20130103,20130105,20130106,20130109,20130110,20130116,20130121,20130124,20130125,20130126,20130127,20130128,20130129,20130131 
Number is 62 
G.7.2_index_1_VS_G.1.1_index_3 [13] PLUS 1 
Ngay: 20121221,20121224,20121227,20121228,20121229,20121230,20130101,20130102,20130106,20130111,20130113,20130114,20130121,20130122,20130123,20130124,20130125,20130126,20130127,20130128,20130129,20130130 
Number is 67 
G.1.1_index_4_VS_G.5.3_index_3 [14] 
Ngay: 20121220,20121224,20121225,20121226,20121229,20121230,20130102,20130104,20130105,20130108,20130109,20130112,20130115,20130116,20130119,20130122,20130123,20130124,20130125,20130126,20130127,20130128,20130129,20130131 
G.1.1_index_4_VS_G.4.4_index_1 [15] 
Ngay: 20121221,20121226,20130103,20130109,20130111,20130112,20130113,20130121,20130122,20130123,20130124,20130125,20130126,20130127,20130128,20130129,20130131,20130201 
Number is 76 
G.4.4_index_1_VS_G.7.2_index_1 [16] 
Ngay: 20121221,20121227,20121231,20130101,20130106,20130111,20130113,20130116,20130117,20130119,20130121,20130122,20130124,20130125,20130126,20130127,20130128,20130129,20130201 
Number is 82 
G.6.3_index_2_VS_G.1.1_index_3 [17] PLUS 1 
Ngay: 20121220,20121221,20121222,20121228,20121231,20130106,20130107,20130109,20130113,20130117,20130118,20130120,20130121,20130124,20130125,20130126,20130127,20130128,20130129,20130130 
Number is 94 
G.2.2_index_4_VS_G.5.3_index_2 [18] 
Ngay: 20121223,20121224,20121225,20121226,20121227,20130103,20130105,20130107,20130109,20130110,20130111,20130115,20130116,20130119,20130120,20130122,20130123,20130124,20130125,20130126,20130127,20130128,20130129,20130131 
