======== Last: 20130202 ========= 
Number is 00 
G.4.4_index_4_VS_G.3.6_index_4 [1] 
Ngay: 20121221,20121223,20121229,20130102,20130105,20130106,20130109,20130110,20130114,20130115,20130117,20130120,20130122,20130124,20130125,20130126,20130127,20130128,20130129,20130130,20130131,20130201 
Number is 02 
G.5.3_index_2_VS_G.1.1_index_2 [2] 
Ngay: 20121224,20121225,20121227,20121230,20130102,20130104,20130105,20130106,20130115,20130116,20130119,20130122,20130123,20130124,20130125,20130126,20130127,20130128,20130129 
G.4.4_index_4_VS_G.2.2_index_1 [3] 
Ngay: 20121222,20121226,20121229,20130101,20130104,20130106,20130108,20130109,20130110,20130111,20130113,20130116,20130117,20130119,20130120,20130122,20130123,20130124,20130125,20130126,20130127,20130128,20130129 
Number is 04 
G.4.4_index_4_VS_G.3.5_index_1 [4] 
Ngay: 20121220,20121221,20121223,20121224,20121230,20121231,20130102,20130105,20130108,20130110,20130111,20130115,20130116,20130122,20130124,20130125,20130126,20130127,20130128,20130129,20130130,20130201 
Number is 20 
G.7.4_index_1_VS_G.4.4_index_4 [5] 
Ngay: 20121220,20121221,20121223,20130101,20130102,20130103,20130106,20130109,20130110,20130114,20130119,20130121,20130124,20130125,20130126,20130127,20130128,20130129 
Number is 23 
G.4.4_index_2_VS_G.5.4_index_2 [6] 
Ngay: 20121220,20121221,20121224,20121225,20121226,20121228,20130104,20130106,20130108,20130110,20130113,20130118,20130119,20130120,20130124,20130125,20130126,20130127,20130128,20130129 
Number is 28 
G.1.1_index_2_VS_G.2.2_index_4 [7] 
Ngay: 20121227,20121228,20121229,20121230,20121231,20130102,20130103,20130105,20130106,20130109,20130110,20130116,20130121,20130124,20130125,20130126,20130127,20130128,20130129,20130131 
Number is 29 
G.6.2_index_1_VS_G.3.6_index_3 [8] 
Ngay: 20121222,20121224,20121226,20121228,20121229,20121231,20130104,20130117,20130118,20130121,20130122,20130123,20130124,20130125,20130126,20130127,20130128,20130129,20130130 
Number is 35 
G.5.2_index_4_VS_G.1.1_index_3 [9] 
Ngay: 20121220,20121221,20121222,20121224,20121225,20121230,20130101,20130102,20130106,20130107,20130109,20130110,20130112,20130114,20130118,20130122,20130124,20130125,20130126,20130127,20130128,20130129,20130130 
Number is 36 
G.1.1_index_4_VS_G.4.4_index_1 [10] 
Ngay: 20121221,20121226,20130103,20130109,20130111,20130112,20130113,20130121,20130122,20130123,20130124,20130125,20130126,20130127,20130128,20130129,20130131,20130201 
Number is 39 
G.1.1_index_4_VS_G.5.3_index_3 [11] 
Ngay: 20121220,20121224,20121225,20121226,20121229,20121230,20130102,20130104,20130105,20130108,20130109,20130112,20130115,20130116,20130119,20130122,20130123,20130124,20130125,20130126,20130127,20130128,20130129,20130131 
Number is 45 
G.6.3_index_2_VS_G.1.1_index_3 [12] 
Ngay: 20121220,20121221,20121222,20121228,20121231,20130106,20130107,20130109,20130113,20130117,20130118,20130120,20130121,20130124,20130125,20130126,20130127,20130128,20130129,20130130 
Number is 68 
G.4.4_index_1_VS_G.7.2_index_1 [13] 
Ngay: 20121221,20121227,20121231,20130101,20130106,20130111,20130113,20130116,20130117,20130119,20130121,20130122,20130124,20130125,20130126,20130127,20130128,20130129,20130201 
Number is 74 
G.2.1_index_3_VS_G.5.4_index_4 [14] 
Ngay: 20121221,20121222,20121224,20121225,20121228,20121230,20130101,20130110,20130111,20130113,20130120,20130121,20130122,20130123,20130124,20130125,20130126,20130127,20130128,20130129 
Number is 80 
G.2.2_index_4_VS_G.5.3_index_2 [15] 
Ngay: 20121223,20121224,20121225,20121226,20121227,20130103,20130105,20130107,20130109,20130110,20130111,20130115,20130116,20130119,20130120,20130122,20130123,20130124,20130125,20130126,20130127,20130128,20130129,20130131 
Number is 85 
G.7.2_index_1_VS_G.1.1_index_3 [16] 
Ngay: 20121221,20121224,20121227,20121228,20121229,20121230,20130101,20130102,20130106,20130111,20130113,20130114,20130121,20130122,20130123,20130124,20130125,20130126,20130127,20130128,20130129,20130130 
Number is 95 
G.3.6_index_3_VS_G.3.3_index_2 [17] 
Ngay: 20121220,20121221,20121223,20121225,20121228,20121229,20121231,20130102,20130103,20130105,20130110,20130113,20130116,20130117,20130118,20130121,20130122,20130123,20130124,20130125,20130126,20130127,20130128,20130129,20130131,20130201 
Number is 97 
G.3.6_index_3_VS_G.5.1_index_3 [18] 
Ngay: 20121220,20121223,20121224,20121225,20121226,20121231,20130104,20130105,20130106,20130109,20130110,20130111,20130113,20130117,20130118,20130119,20130121,20130124,20130125,20130126,20130127,20130128,20130129,20130130 
