======== Current: 20150304 ========= 
Number is 15 
G.3.2_index_1_VS_G.3.2_index_3 [1] PLUS 1 
20150225,20150226,20150227,20150228,20150301,20150302,20150303,20150304,20150309,20150311,20150312,20150315,20150316,20150317,20150319,20150321,20150323,20150324,20150331,20150401 
G.3.3_index_5_VS_G.4.2_index_1 [2] PLUS 1 
20150222,20150226,20150227,20150228,20150301,20150302,20150303,20150304,20150308,20150309,20150311,20150317,20150318,20150328 
Number is 16 
G.3.2_index_1_VS_G.7.1_index_1 [3] 
20150222,20150223,20150225,20150226,20150227,20150228,20150301,20150302,20150303,20150306,20150308,20150311,20150312,20150316,20150317,20150318,20150321,20150322,20150324,20150328,20150401,20150402 
G.3.2_index_1_VS_G.7.2_index_2 [4] 
20150222,20150225,20150226,20150227,20150228,20150301,20150302,20150303,20150305,20150308,20150309,20150310,20150312,20150316,20150318,20150319,20150320,20150329,20150331,20150401 
Number is 18 
G.3.2_index_1_VS_G.7.4_index_1 [5] 
20150225,20150226,20150227,20150228,20150301,20150302,20150303,20150308,20150309,20150312,20150313,20150317,20150319,20150327,20150328,20150330,20150402 
G.3.2_index_1_VS_G.4.4_index_3 [6] 
20150225,20150226,20150227,20150228,20150301,20150302,20150303,20150306,20150307,20150308,20150309,20150310,20150311,20150313,20150314,20150315,20150316,20150317,20150318,20150320,20150321,20150323,20150325,20150326,20150328,20150330 
Number is 21 
G.5.1_index_4_VS_G.3.5_index_5 [7] 
20150224,20150226,20150227,20150228,20150301,20150302,20150303,20150309,20150310,20150311,20150315,20150316,20150320,20150323,20150325,20150326,20150327,20150329,20150401 
Number is 22 
G.5.1_index_1_VS_G.4.3_index_4 [8] 
20150223,20150224,20150225,20150226,20150227,20150228,20150301,20150302,20150303,20150305,20150307,20150308,20150309,20150310,20150312,20150316,20150317,20150318,20150319,20150320,20150323,20150324,20150326,20150327,20150329,20150330,20150401,20150402 
Number is 25 
G.1.1_index_5_VS_G.4.1_index_3 [9] PLUS 1 
20150226,20150227,20150228,20150301,20150302,20150303,20150304,20150306,20150310,20150311,20150313,20150315,20150323,20150324,20150325,20150326,20150402 
Number is 29 
G.1.1_index_5_VS_G.5.6_index_2 [10] 
20150223,20150226,20150227,20150228,20150301,20150302,20150303,20150305,20150306,20150309,20150310,20150311,20150312,20150316,20150317,20150319,20150321,20150322,20150326,20150328,20150329 
Number is 30 
G.6.2_index_2_VS_G.7.3_index_2 [11] 
20150223,20150226,20150227,20150228,20150301,20150302,20150303,20150306,20150311,20150314,20150316,20150319,20150320,20150322,20150323,20150324,20150401,20150402 
Number is 34 
G.6.2_index_2_VS_G.5.2_index_1 [12] PLUS 1 
20150223,20150226,20150227,20150228,20150301,20150302,20150303,20150304,20150305,20150308,20150312,20150313,20150314,20150316,20150330,20150401,20150402 
Number is 38 
G.6.2_index_2_VS_G.7.4_index_1 [13] 
20150223,20150225,20150226,20150227,20150228,20150301,20150302,20150303,20150306,20150308,20150309,20150310,20150313,20150314,20150319,20150321,20150402 
Number is 40 
G.5.2_index_1_VS_G.4.3_index_2 [14] 
20150222,20150223,20150226,20150227,20150228,20150301,20150302,20150303,20150307,20150308,20150310,20150313,20150315,20150317,20150319,20150320,20150322,20150327,20150331,20150401,20150402 
Number is 46 
G.3.2_index_5_VS_G.2.2_index_1 [15] PLUS 1 
20150226,20150227,20150228,20150301,20150302,20150303,20150304,20150308,20150309,20150310,20150316,20150318,20150319,20150325,20150331,20150401 
G.DB_index_2_VS_G.3.2_index_2 [16] PLUS 1 
20150223,20150224,20150225,20150226,20150227,20150228,20150301,20150302,20150303,20150304,20150311,20150312,20150314,20150316,20150318,20150319,20150321,20150323,20150324,20150325,20150326,20150329 
Number is 48 
G.3.6_index_1_VS_G.3.3_index_2 [17] PLUS 1 
20150222,20150223,20150224,20150226,20150227,20150228,20150301,20150302,20150303,20150304,20150306,20150308,20150309,20150310,20150311,20150312,20150313,20150315,20150320,20150322,20150323,20150326,20150329,20150331,20150401 
Number is 50 
G.4.4_index_1_VS_G.7.1_index_2 [18] 
20150222,20150223,20150226,20150227,20150228,20150301,20150302,20150303,20150305,20150310,20150312,20150314,20150316,20150317,20150318,20150320,20150323,20150325,20150328,20150401,20150402 
Number is 51 
G.5.4_index_1_VS_G.6.3_index_1 [19] PLUS 1 
20150226,20150227,20150228,20150301,20150302,20150303,20150304,20150306,20150309,20150310,20150315,20150316,20150320,20150322,20150326,20150327,20150328,20150329,20150402 
G.5.4_index_1_VS_G.4.3_index_1 [20] PLUS 1 
20150222,20150226,20150227,20150228,20150301,20150302,20150303,20150304,20150315,20150317,20150321,20150324,20150330,20150331,20150402 
Number is 53 
G.3.2_index_3_VS_G.3.4_index_1 [21] 
20150226,20150227,20150228,20150301,20150302,20150303,20150305,20150306,20150307,20150309,20150310,20150311,20150312,20150314,20150315,20150316,20150318,20150321,20150323,20150324,20150325,20150327,20150329,20150330 
Number is 61 
G.2.2_index_1_VS_G.5.6_index_4 [22] 
20150222,20150223,20150226,20150227,20150228,20150301,20150302,20150303,20150305,20150308,20150309,20150311,20150312,20150313,20150315,20150321,20150325,20150326,20150327,20150329,20150331 
Number is 69 
G.3.1_index_1_VS_G.5.6_index_2 [23] 
20150225,20150226,20150227,20150228,20150301,20150302,20150303,20150306,20150307,20150309,20150311,20150312,20150314,20150317,20150319,20150320,20150322,20150326,20150329,20150330 
Number is 71 
G.7.3_index_1_VS_G.3.2_index_1 [24] 
20150224,20150225,20150226,20150227,20150228,20150301,20150302,20150303,20150309,20150310,20150312,20150313,20150316,20150317,20150318,20150323,20150324,20150328,20150329,20150331,20150402 
Number is 73 
G.3.4_index_4_VS_G.3.4_index_1 [25] 
20150222,20150223,20150226,20150227,20150228,20150301,20150302,20150303,20150306,20150307,20150312,20150314,20150315,20150316,20150323,20150326,20150329,20150330,20150331,20150402 
Number is 74 
G.2.1_index_3_VS_G.5.4_index_4 [26] 
20150223,20150226,20150227,20150228,20150301,20150302,20150303,20150307,20150308,20150309,20150310,20150311,20150312,20150314,20150316,20150322,20150324,20150326,20150327,20150329,20150401 
G.3.3_index_4_VS_G.5.2_index_4 [27] 
20150223,20150224,20150225,20150226,20150227,20150228,20150301,20150302,20150303,20150306,20150311,20150317,20150319,20150322,20150325,20150326,20150327,20150328,20150330 
Number is 78 
G.4.2_index_4_VS_G.4.4_index_3 [28] PLUS 1 
20150224,20150225,20150226,20150227,20150228,20150301,20150302,20150303,20150304,20150307,20150308,20150309,20150312,20150314,20150315,20150317,20150320,20150325,20150331,20150401,20150402 
G.7.3_index_1_VS_G.4.4_index_3 [29] PLUS 1 
20150224,20150226,20150227,20150228,20150301,20150302,20150303,20150304,20150306,20150307,20150308,20150309,20150311,20150312,20150313,20150315,20150317,20150325,20150326,20150331,20150402 
Number is 81 
G.3.5_index_2_VS_G.3.2_index_1 [30] 
20150223,20150224,20150225,20150226,20150227,20150228,20150301,20150302,20150303,20150312,20150313,20150315,20150319,20150320,20150324,20150325,20150330,20150402 
Number is 84 
G.3.3_index_2_VS_G.DB_index_3 [31] PLUS 1 
20150223,20150226,20150227,20150228,20150301,20150302,20150303,20150304,20150305,20150306,20150309,20150310,20150311,20150313,20150314,20150315,20150316,20150321,20150323,20150324,20150325 
Number is 87 
G.5.5_index_1_VS_G.3.3_index_4 [32] PLUS 1 
20150223,20150224,20150225,20150226,20150227,20150228,20150301,20150302,20150303,20150304,20150307,20150309,20150312,20150313,20150314,20150320,20150325,20150326,20150327,20150328,20150330 
Number is 90 
G.3.6_index_3_VS_G.7.3_index_2 [33] PLUS 1 
20150222,20150224,20150225,20150226,20150227,20150228,20150301,20150302,20150303,20150304,20150307,20150310,20150312,20150314,20150315,20150316,20150323,20150324,20150327,20150330,20150331,20150401,20150402 
Number is 95 
G.5.6_index_2_VS_G.3.2_index_3 [34] 
20150222,20150223,20150225,20150226,20150227,20150228,20150301,20150302,20150303,20150306,20150307,20150309,20150310,20150311,20150312,20150315,20150317,20150321,20150322,20150402 
Number is 98 
G.5.6_index_2_VS_G.5.5_index_1 [35] 
20150222,20150224,20150225,20150226,20150227,20150228,20150301,20150302,20150303,20150305,20150309,20150310,20150311,20150312,20150313,20150315,20150316,20150319,20150320,20150322,20150325,20150401 
Number is 99 
G.1.1_index_1_VS_G.5.6_index_2 [36] 
20150225,20150226,20150227,20150228,20150301,20150302,20150303,20150307,20150309,20150310,20150311,20150314,20150316,20150317,20150319,20150320,20150322,20150325,20150327,20150401 
