======== Current: 20150307 ========= 
Number is 04 
G.4.2_index_4_VS_G.5.5_index_3 [1] 
20150225,20150226,20150227,20150301,20150302,20150303,20150304,20150305,20150306,20150308,20150312,20150314,20150317,20150318,20150319,20150324,20150325,20150331,20150402 
Number is 13 
G.4.2_index_2_VS_G.3.4_index_1 [2] 
20150223,20150224,20150226,20150227,20150301,20150302,20150303,20150304,20150305,20150306,20150309,20150311,20150312,20150313,20150315,20150316,20150321,20150323,20150327 
Number is 32 
G.3.4_index_1_VS_G.2.2_index_3 [3] PLUS 1 
20150222,20150223,20150227,20150228,20150301,20150302,20150303,20150304,20150305,20150306,20150307,20150310,20150312,20150313,20150315,20150318,20150319,20150321,20150325,20150328,20150329,20150402 
Number is 38 
G.3.4_index_1_VS_G.1.1_index_2 [4] 
20150222,20150223,20150225,20150226,20150227,20150301,20150302,20150303,20150304,20150305,20150306,20150308,20150309,20150311,20150313,20150314,20150316,20150323,20150327,20150328,20150329 
Number is 41 
G.1.1_index_5_VS_G.6.2_index_2 [5] 
20150223,20150224,20150301,20150302,20150303,20150304,20150305,20150306,20150311,20150312,20150313,20150317,20150319,20150320,20150321,20150325,20150327,20150402 
Number is 43 
G.3.6_index_5_VS_G.3.3_index_3 [6] PLUS 1 
20150224,20150225,20150228,20150301,20150302,20150303,20150304,20150305,20150306,20150307,20150310,20150321,20150324,20150329,20150331,20150401,20150402 
Number is 47 
G.1.1_index_5_VS_G.2.1_index_2 [7] 
20150226,20150228,20150301,20150302,20150303,20150304,20150305,20150306,20150309,20150311,20150312,20150313,20150315,20150317,20150319,20150321,20150322,20150329,20150401,20150402 
Number is 58 
G.6.3_index_1_VS_G.DB_index_4 [8] PLUS 1 
20150224,20150225,20150228,20150301,20150302,20150303,20150304,20150305,20150306,20150307,20150308,20150309,20150310,20150316,20150317,20150319,20150321,20150322,20150323,20150328,20150330,20150401 
G.6.3_index_2_VS_G.1.1_index_2 [9] PLUS 1 
20150228,20150301,20150302,20150303,20150304,20150305,20150306,20150307,20150311,20150313,20150315,20150316,20150318,20150322,20150323,20150325,20150327,20150329,20150330,20150331,20150401 
Number is 59 
G.3.3_index_4_VS_G.7.3_index_2 [10] 
20150222,20150224,20150227,20150228,20150301,20150302,20150303,20150304,20150305,20150306,20150309,20150312,20150313,20150314,20150316,20150320,20150322,20150323,20150325,20150326,20150327,20150329,20150402 
Number is 71 
G.5.3_index_1_VS_G.7.1_index_1 [11] 
20150222,20150223,20150228,20150301,20150302,20150303,20150304,20150305,20150306,20150308,20150310,20150314,20150315,20150316,20150320,20150321,20150323,20150324,20150326,20150329,20150330,20150402 
Number is 83 
G.5.2_index_1_VS_G.3.2_index_2 [12] 
20150222,20150224,20150301,20150302,20150303,20150304,20150305,20150306,20150315,20150324,20150402 
Number is 89 
G.DB_index_4_VS_G.4.3_index_1 [13] PLUS 1 
20150222,20150301,20150302,20150303,20150304,20150305,20150306,20150307,20150308,20150309,20150311,20150312,20150313,20150318,20150325,20150326,20150327,20150328,20150330,20150401 
Number is 92 
G.3.3_index_2_VS_G.DB_index_3 [14] 
20150223,20150226,20150227,20150228,20150301,20150302,20150303,20150304,20150305,20150306,20150309,20150310,20150311,20150313,20150314,20150315,20150316,20150321,20150323,20150324,20150325 
Number is 98 
G.7.3_index_2_VS_G.3.6_index_4 [15] PLUS 1 
20150223,20150224,20150301,20150302,20150303,20150304,20150305,20150306,20150307,20150310,20150311,20150321,20150322,20150325,20150326,20150329,20150331,20150401,20150402 
G.7.3_index_2_VS_G.5.6_index_2 [16] PLUS 1 
20150222,20150223,20150224,20150227,20150301,20150302,20150303,20150304,20150305,20150306,20150307,20150309,20150310,20150311,20150316,20150317,20150324,20150325,20150326,20150329,20150331,20150401,20150402 
