======== Current: 20150308 ========= 
Number is 06 
G.3.1_index_4_VS_G.2.2_index_4 [1] 
20150226,20150227,20150302,20150303,20150304,20150305,20150306,20150307,20150309,20150311,20150315,20150316,20150317,20150319,20150320,20150322,20150327,20150329,20150401 
Number is 14 
G.3.2_index_2_VS_G.4.3_index_4 [2] 
20150223,20150224,20150227,20150302,20150303,20150304,20150305,20150306,20150307,20150315,20150316,20150319,20150323,20150324,20150325,20150327,20150329,20150330,20150401,20150402 
Number is 15 
G.3.4_index_1_VS_G.2.2_index_3 [3] 
20150222,20150223,20150227,20150228,20150301,20150302,20150303,20150304,20150305,20150306,20150307,20150310,20150312,20150313,20150315,20150318,20150319,20150321,20150325,20150328,20150329,20150402 
Number is 28 
G.3.3_index_1_VS_G.3.1_index_3 [4] PLUS 1 
20150222,20150224,20150302,20150303,20150304,20150305,20150306,20150307,20150308,20150309,20150311,20150318,20150319,20150322,20150323,20150329,20150330,20150402 
G.DB_index_4_VS_G.4.3_index_1 [5] PLUS 1 
20150222,20150301,20150302,20150303,20150304,20150305,20150306,20150307,20150308,20150309,20150311,20150312,20150313,20150318,20150325,20150326,20150327,20150328,20150330,20150401 
Number is 33 
G.5.1_index_1_VS_G.3.6_index_2 [6] PLUS 1 
20150226,20150302,20150303,20150304,20150305,20150306,20150307,20150308,20150310,20150314,20150317,20150318,20150320,20150321,20150327,20150330 
Number is 34 
G.5.5_index_3_VS_G.2.1_index_5 [7] PLUS 1 
20150224,20150227,20150302,20150303,20150304,20150305,20150306,20150307,20150308,20150309,20150310,20150311,20150318,20150324,20150325,20150328,20150329,20150401 
Number is 36 
G.4.4_index_4_VS_G.5.3_index_1 [8] PLUS 1 
20150224,20150302,20150303,20150304,20150305,20150306,20150307,20150308,20150312,20150314,20150315,20150316,20150318,20150326,20150328,20150329,20150331,20150401 
Number is 42 
G.DB_index_3_VS_G.7.4_index_2 [9] 
20150223,20150224,20150225,20150227,20150228,20150302,20150303,20150304,20150305,20150306,20150307,20150310,20150311,20150312,20150313,20150316,20150323,20150324,20150325,20150328,20150402 
Number is 57 
G.2.2_index_3_VS_G.5.2_index_3 [10] PLUS 1 
20150223,20150224,20150228,20150302,20150303,20150304,20150305,20150306,20150307,20150308,20150310,20150311,20150312,20150315,20150317,20150318,20150319,20150321,20150325,20150326,20150329,20150402 
Number is 60 
G.6.3_index_2_VS_G.7.3_index_1 [11] 
20150222,20150224,20150227,20150302,20150303,20150304,20150305,20150306,20150307,20150309,20150310,20150311,20150313,20150316,20150321,20150323,20150324,20150329,20150330,20150331,20150401,20150402 
Number is 62 
G.6.3_index_1_VS_G.DB_index_4 [12] PLUS 1 
20150224,20150225,20150228,20150301,20150302,20150303,20150304,20150305,20150306,20150307,20150308,20150309,20150310,20150316,20150317,20150319,20150321,20150322,20150323,20150328,20150330,20150401 
G.1.1_index_2_VS_G.4.4_index_3 [13] PLUS 1 
20150226,20150227,20150302,20150303,20150304,20150305,20150306,20150307,20150308,20150309,20150310,20150311,20150312,20150313,20150314,20150315,20150317,20150318,20150320,20150325,20150326,20150327,20150329,20150330,20150331 
G.7.2_index_1_VS_G.7.2_index_2 [14] PLUS 1 
20150222,20150223,20150227,20150302,20150303,20150304,20150305,20150306,20150307,20150308,20150309,20150310,20150311,20150312,20150316,20150317,20150318,20150319,20150320,20150325,20150329,20150401,20150402 
Number is 65 
G.2.2_index_4_VS_G.5.2_index_4 [15] 
20150222,20150224,20150225,20150227,20150228,20150302,20150303,20150304,20150305,20150306,20150307,20150312,20150313,20150315,20150316,20150318,20150319,20150322,20150324,20150327,20150328,20150330 
Number is 66 
G.6.3_index_2_VS_G.1.1_index_2 [16] 
20150228,20150301,20150302,20150303,20150304,20150305,20150306,20150307,20150311,20150313,20150315,20150316,20150318,20150322,20150323,20150325,20150327,20150329,20150330,20150331,20150401 
Number is 68 
G.1.1_index_2_VS_G.3.1_index_3 [17] PLUS 1 
20150222,20150225,20150302,20150303,20150304,20150305,20150306,20150307,20150308,20150313,20150316,20150321,20150323,20150328,20150329,20150330,20150402 
Number is 78 
G.6.2_index_1_VS_G.3.6_index_5 [18] 
20150225,20150227,20150228,20150302,20150303,20150304,20150305,20150306,20150307,20150309,20150313,20150316,20150321,20150323,20150324,20150328,20150329,20150331,20150401,20150402 
Number is 80 
G.5.6_index_4_VS_G.3.2_index_3 [19] PLUS 1 
20150223,20150224,20150225,20150226,20150227,20150302,20150303,20150304,20150305,20150306,20150307,20150308,20150311,20150312,20150313,20150315,20150316,20150317,20150318,20150322,20150324,20150329,20150330,20150331 
Number is 83 
G.5.3_index_4_VS_G.3.6_index_2 [20] 
20150227,20150228,20150302,20150303,20150304,20150305,20150306,20150307,20150314,20150315,20150319,20150322,20150323,20150324,20150326,20150328,20150331 
Number is 88 
G.3.6_index_5_VS_G.3.3_index_3 [21] 
20150224,20150225,20150228,20150301,20150302,20150303,20150304,20150305,20150306,20150307,20150310,20150321,20150324,20150329,20150331,20150401,20150402 
Number is 93 
G.4.1_index_3_VS_G.3.3_index_5 [22] 
20150226,20150228,20150302,20150303,20150304,20150305,20150306,20150307,20150309,20150311,20150315,20150316,20150320,20150321,20150323,20150324,20150327,20150329 
Number is 95 
G.7.3_index_2_VS_G.5.6_index_2 [23] 
20150222,20150223,20150224,20150227,20150301,20150302,20150303,20150304,20150305,20150306,20150307,20150309,20150310,20150311,20150316,20150317,20150324,20150325,20150326,20150329,20150331,20150401,20150402 
Number is 96 
G.1.1_index_5_VS_G.7.1_index_2 [24] 
20150222,20150226,20150227,20150302,20150303,20150304,20150305,20150306,20150307,20150310,20150314,20150318,20150319,20150321,20150325,20150329,20150401,20150402 
G.4.3_index_2_VS_G.5.3_index_1 [25] 
20150226,20150302,20150303,20150304,20150305,20150306,20150307,20150310,20150311,20150313,20150314,20150321,20150326,20150331,20150402 
G.7.3_index_2_VS_G.4.2_index_4 [26] 
20150222,20150227,20150302,20150303,20150304,20150305,20150306,20150307,20150310,20150313,20150314,20150320,20150321,20150322,20150325,20150330,20150331,20150401,20150402 
Number is 99 
G.7.3_index_2_VS_G.3.6_index_4 [27] 
20150223,20150224,20150301,20150302,20150303,20150304,20150305,20150306,20150307,20150310,20150311,20150321,20150322,20150325,20150326,20150329,20150331,20150401,20150402 
