======== Current: 20150310 ========= 
Number is 08 
G.7.4_index_2_VS_G.3.1_index_4 [1] 
20150224,20150225,20150226,20150228,20150304,20150305,20150306,20150307,20150308,20150309,20150312,20150318,20150321,20150323,20150325,20150327,20150329,20150330,20150402 
G.7.4_index_2_VS_G.1.1_index_2 [2] 
20150222,20150223,20150224,20150227,20150302,20150304,20150305,20150306,20150307,20150308,20150309,20150311,20150321,20150322,20150323,20150328,20150329 
Number is 12 
G.4.1_index_1_VS_G.4.3_index_2 [3] PLUS 1 
20150224,20150301,20150302,20150304,20150305,20150306,20150307,20150308,20150309,20150310,20150311,20150313,20150314,20150315,20150316,20150317,20150318,20150319,20150321,20150325,20150326,20150328,20150331 
Number is 13 
G.5.3_index_1_VS_G.2.1_index_1 [4] PLUS 1 
20150223,20150228,20150303,20150304,20150305,20150306,20150307,20150308,20150309,20150310,20150311,20150314,20150315,20150317,20150318,20150319,20150320,20150322,20150323,20150324,20150328,20150329,20150330 
Number is 16 
G.3.3_index_3_VS_G.3.5_index_4 [5] 
20150223,20150227,20150301,20150303,20150304,20150305,20150306,20150307,20150308,20150309,20150311,20150312,20150313,20150323,20150327,20150328,20150329,20150330,20150331,20150402 
Number is 23 
G.3.3_index_1_VS_G.3.1_index_3 [6] 
20150222,20150224,20150302,20150303,20150304,20150305,20150306,20150307,20150308,20150309,20150311,20150318,20150319,20150322,20150323,20150329,20150330,20150402 
G.5.4_index_3_VS_G.4.2_index_1 [7] 
20150222,20150225,20150226,20150227,20150228,20150301,20150304,20150305,20150306,20150307,20150308,20150309,20150311,20150315,20150316,20150318,20150323,20150327,20150328,20150329,20150401,20150402 
Number is 33 
G.6.1_index_2_VS_G.2.1_index_1 [8] 
20150224,20150227,20150228,20150302,20150304,20150305,20150306,20150307,20150308,20150309,20150314,20150315,20150319,20150321,20150322,20150323,20150324,20150325,20150326,20150328,20150329,20150401 
Number is 43 
G.7.2_index_2_VS_G.7.1_index_1 [9] 
20150227,20150228,20150301,20150302,20150304,20150305,20150306,20150307,20150308,20150309,20150311,20150312,20150315,20150316,20150319,20150320,20150321,20150323,20150328,20150329,20150331,20150402 
Number is 45 
G.5.5_index_3_VS_G.2.1_index_5 [10] PLUS 1 
20150224,20150227,20150302,20150303,20150304,20150305,20150306,20150307,20150308,20150309,20150310,20150311,20150318,20150324,20150325,20150328,20150329,20150401 
G.7.2_index_2_VS_G.5.1_index_3 [11] PLUS 1 
20150222,20150225,20150226,20150228,20150304,20150305,20150306,20150307,20150308,20150309,20150310,20150312,20150314,20150315,20150317,20150319,20150323,20150330,20150331,20150401 
Number is 50 
G.DB_index_4_VS_G.4.3_index_3 [12] PLUS 1 
20150222,20150223,20150225,20150226,20150301,20150302,20150304,20150305,20150306,20150307,20150308,20150309,20150310,20150311,20150315,20150316,20150317,20150322,20150327,20150328,20150329,20150330,20150401 
Number is 55 
G.6.3_index_1_VS_G.DB_index_4 [13] PLUS 1 
20150224,20150225,20150228,20150301,20150302,20150303,20150304,20150305,20150306,20150307,20150308,20150309,20150310,20150316,20150317,20150319,20150321,20150322,20150323,20150328,20150330,20150401 
Number is 58 
G.DB_index_4_VS_G.3.1_index_4 [14] PLUS 1 
20150222,20150225,20150226,20150227,20150228,20150304,20150305,20150306,20150307,20150308,20150309,20150310,20150316,20150317,20150318,20150319,20150323,20150326,20150329,20150402 
Number is 59 
G.DB_index_4_VS_G.4.3_index_1 [15] 
20150222,20150301,20150302,20150303,20150304,20150305,20150306,20150307,20150308,20150309,20150311,20150312,20150313,20150318,20150325,20150326,20150327,20150328,20150330,20150401 
Number is 60 
G.5.6_index_1_VS_G.3.1_index_1 [16] 
20150301,20150302,20150304,20150305,20150306,20150307,20150308,20150309,20150311,20150313,20150316,20150319,20150320,20150321,20150323,20150324,20150327,20150328,20150329,20150401 
Number is 64 
G.7.2_index_1_VS_G.7.2_index_2 [17] PLUS 1 
20150222,20150223,20150227,20150302,20150303,20150304,20150305,20150306,20150307,20150308,20150309,20150310,20150311,20150312,20150316,20150317,20150318,20150319,20150320,20150325,20150329,20150401,20150402 
Number is 65 
G.3.6_index_4_VS_G.2.1_index_5 [18] 
20150223,20150224,20150227,20150228,20150304,20150305,20150306,20150307,20150308,20150309,20150312,20150316,20150324,20150329,20150330,20150331,20150401 
Number is 72 
G.3.4_index_2_VS_G.6.1_index_3 [19] 
20150224,20150225,20150304,20150305,20150306,20150307,20150308,20150309,20150312,20150314,20150315,20150317,20150318,20150319,20150320,20150324,20150331,20150401,20150402 
G.7.3_index_1_VS_G.4.3_index_2 [20] 
20150222,20150223,20150226,20150227,20150302,20150304,20150305,20150306,20150307,20150308,20150309,20150312,20150315,20150316,20150317,20150326,20150330 
Number is 73 
G.3.6_index_3_VS_G.6.1_index_2 [21] 
20150222,20150224,20150228,20150301,20150303,20150304,20150305,20150306,20150307,20150308,20150309,20150313,20150314,20150316,20150321,20150323,20150324,20150326,20150327,20150328,20150329,20150330,20150331,20150401,20150402 
Number is 77 
G.7.3_index_1_VS_G.5.1_index_2 [22] 
20150222,20150226,20150228,20150302,20150304,20150305,20150306,20150307,20150308,20150309,20150312,20150313,20150314,20150317,20150322,20150323,20150325,20150328,20150331,20150402 
Number is 78 
G.3.4_index_1_VS_G.2.2_index_4 [23] 
20150223,20150228,20150303,20150304,20150305,20150306,20150307,20150308,20150309,20150312,20150313,20150314,20150315,20150316,20150317,20150318,20150325,20150328,20150402 
Number is 82 
G.1.1_index_2_VS_G.4.4_index_3 [24] PLUS 1 
20150226,20150227,20150302,20150303,20150304,20150305,20150306,20150307,20150308,20150309,20150310,20150311,20150312,20150313,20150314,20150315,20150317,20150318,20150320,20150325,20150326,20150327,20150329,20150330,20150331 
Number is 91 
G.3.2_index_3_VS_G.3.5_index_5 [25] 
20150224,20150225,20150226,20150227,20150301,20150303,20150304,20150305,20150306,20150307,20150308,20150309,20150312,20150313,20150315,20150316,20150317,20150318,20150320,20150323,20150327,20150401 
Number is 92 
G.3.2_index_5_VS_G.6.1_index_3 [26] PLUS 1 
20150222,20150225,20150226,20150228,20150301,20150303,20150304,20150305,20150306,20150307,20150308,20150309,20150310,20150311,20150312,20150313,20150314,20150315,20150316,20150318,20150319,20150320,20150323,20150327,20150328,20150330,20150331,20150402 
Number is 94 
G.5.2_index_1_VS_G.7.2_index_2 [27] PLUS 1 
20150222,20150225,20150226,20150227,20150228,20150304,20150305,20150306,20150307,20150308,20150309,20150310,20150315,20150317,20150318,20150319,20150320,20150322,20150401,20150402 
