======== Current: 20150313 ========= 
Number is 04 
G.5.4_index_3_VS_G.DB_index_3 [1] PLUS 1 
20150225,20150226,20150228,20150303,20150307,20150308,20150309,20150310,20150311,20150312,20150313,20150315,20150317,20150319,20150320,20150324,20150329 
Number is 05 
G.5.4_index_3_VS_G.3.2_index_3 [2] PLUS 1 
20150225,20150226,20150227,20150302,20150303,20150304,20150307,20150308,20150309,20150310,20150311,20150312,20150313,20150315,20150316,20150319,20150321,20150323,20150329,20150331,20150401,20150402 
Number is 16 
G.6.2_index_2_VS_G.2.1_index_1 [3] 
20150223,20150228,20150304,20150305,20150307,20150308,20150309,20150310,20150311,20150312,20150316,20150318,20150319,20150320,20150322,20150323,20150325,20150329,20150401,20150402 
Number is 17 
G.1.1_index_2_VS_G.4.4_index_3 [4] PLUS 1 
20150226,20150227,20150302,20150303,20150304,20150305,20150306,20150307,20150308,20150309,20150310,20150311,20150312,20150313,20150314,20150315,20150317,20150318,20150320,20150325,20150326,20150327,20150329,20150330,20150331 
Number is 24 
G.DB_index_4_VS_G.3.4_index_4 [5] 
20150225,20150227,20150228,20150301,20150302,20150306,20150307,20150308,20150309,20150310,20150311,20150312,20150314,20150317,20150319,20150325,20150327,20150402 
Number is 28 
G.5.2_index_3_VS_G.7.3_index_2 [6] 
20150222,20150224,20150227,20150228,20150301,20150302,20150307,20150308,20150309,20150310,20150311,20150312,20150315,20150316,20150318,20150322,20150323,20150324,20150326,20150327,20150331 
Number is 29 
G.2.1_index_3_VS_G.5.4_index_4 [7] 
20150223,20150226,20150227,20150228,20150301,20150302,20150303,20150307,20150308,20150309,20150310,20150311,20150312,20150314,20150316,20150322,20150324,20150326,20150327,20150329,20150401 
Number is 41 
G.4.2_index_4_VS_G.4.4_index_2 [8] 
20150223,20150225,20150226,20150227,20150301,20150307,20150308,20150309,20150310,20150311,20150312,20150314,20150316,20150317,20150319,20150324,20150329,20150401 
Number is 42 
G.7.2_index_1_VS_G.7.2_index_2 [9] 
20150222,20150223,20150227,20150302,20150303,20150304,20150305,20150306,20150307,20150308,20150309,20150310,20150311,20150312,20150316,20150317,20150318,20150319,20150320,20150325,20150329,20150401,20150402 
G.4.2_index_4_VS_G.3.2_index_2 [10] 
20150223,20150224,20150227,20150301,20150304,20150307,20150308,20150309,20150310,20150311,20150312,20150314,20150315,20150319,20150321,20150325,20150326,20150327,20150330,20150401 
Number is 43 
G.DB_index_3_VS_G.4.1_index_3 [11] 
20150226,20150227,20150302,20150303,20150305,20150307,20150308,20150309,20150310,20150311,20150312,20150315,20150316,20150319,20150321,20150326,20150328,20150329 
Number is 44 
G.DB_index_3_VS_G.5.1_index_1 [12] PLUS 1 
20150225,20150226,20150302,20150303,20150305,20150307,20150308,20150309,20150310,20150311,20150312,20150313,20150315,20150319,20150321,20150324,20150328,20150329,20150330,20150331,20150401 
Number is 45 
G.5.1_index_4_VS_G.3.2_index_5 [13] PLUS 1 
20150222,20150226,20150228,20150302,20150307,20150308,20150309,20150310,20150311,20150312,20150313,20150318,20150319,20150323,20150325,20150327,20150330,20150331 
Number is 47 
G.7.4_index_2_VS_G.4.4_index_1 [14] 
20150223,20150224,20150303,20150307,20150308,20150309,20150310,20150311,20150312,20150314,20150318,20150319,20150321,20150322,20150323,20150329,20150330,20150331,20150402 
Number is 49 
G.3.1_index_1_VS_G.DB_index_5 [15] PLUS 1 
20150225,20150228,20150306,20150307,20150308,20150309,20150310,20150311,20150312,20150313,20150316,20150321,20150322,20150324,20150325,20150326,20150329 
Number is 50 
G.4.1_index_1_VS_G.3.3_index_5 [16] PLUS 1 
20150222,20150224,20150226,20150227,20150228,20150306,20150307,20150308,20150309,20150310,20150311,20150312,20150313,20150315,20150317,20150319,20150320,20150321,20150325,20150326,20150327,20150328,20150330,20150331,20150401 
G.4.1_index_1_VS_G.5.4_index_3 [17] PLUS 1 
20150222,20150225,20150303,20150305,20150307,20150308,20150309,20150310,20150311,20150312,20150313,20150315,20150316,20150317,20150319,20150321,20150323,20150325,20150327,20150328,20150330 
Number is 51 
G.3.2_index_3_VS_G.4.3_index_2 [18] PLUS 1 
20150224,20150226,20150227,20150305,20150306,20150307,20150308,20150309,20150310,20150311,20150312,20150313,20150315,20150316,20150317,20150318,20150321,20150324,20150325,20150326,20150401 
Number is 52 
G.4.1_index_1_VS_G.2.1_index_3 [19] 
20150222,20150223,20150224,20150226,20150304,20150306,20150307,20150308,20150309,20150310,20150311,20150312,20150315,20150319,20150321,20150325,20150326,20150329,20150330 
Number is 53 
G.3.2_index_5_VS_G.6.1_index_1 [20] PLUS 1 
20150222,20150225,20150226,20150227,20150301,20150303,20150304,20150306,20150307,20150308,20150309,20150310,20150311,20150312,20150313,20150315,20150318,20150319,20150321,20150323,20150329,20150330,20150402 
Number is 54 
G.3.2_index_5_VS_G.6.1_index_3 [21] PLUS 1 
20150222,20150225,20150226,20150228,20150301,20150303,20150304,20150305,20150306,20150307,20150308,20150309,20150310,20150311,20150312,20150313,20150314,20150315,20150316,20150318,20150319,20150320,20150323,20150327,20150328,20150330,20150331,20150402 
G.3.2_index_3_VS_G.3.1_index_1 [22] PLUS 1 
20150223,20150224,20150225,20150227,20150307,20150308,20150309,20150310,20150311,20150312,20150313,20150315,20150317,20150319,20150320,20150321,20150324,20150328,20150329,20150330,20150331,20150402 
Number is 57 
G.3.2_index_5_VS_G.4.4_index_3 [23] 
20150226,20150227,20150228,20150302,20150303,20150304,20150307,20150308,20150309,20150310,20150311,20150312,20150315,20150319,20150320,20150321,20150325,20150329 
Number is 72 
G.5.6_index_3_VS_G.3.6_index_2 [24] 
20150222,20150226,20150228,20150301,20150305,20150307,20150308,20150309,20150310,20150311,20150312,20150314,20150315,20150318,20150319,20150322,20150323,20150324,20150326,20150328,20150331,20150401 
Number is 73 
G.4.4_index_3_VS_G.3.3_index_3 [25] PLUS 1 
20150225,20150301,20150302,20150305,20150306,20150307,20150308,20150309,20150310,20150311,20150312,20150313,20150315,20150325,20150326,20150328,20150330,20150331,20150402 
Number is 75 
G.4.4_index_3_VS_G.3.2_index_3 [26] 
20150222,20150223,20150225,20150226,20150227,20150303,20150305,20150307,20150308,20150309,20150310,20150311,20150312,20150314,20150315,20150316,20150317,20150325,20150326,20150327,20150331,20150401 
Number is 79 
G.3.6_index_1_VS_G.3.2_index_1 [27] PLUS 1 
20150222,20150225,20150226,20150227,20150228,20150301,20150303,20150306,20150307,20150308,20150309,20150310,20150311,20150312,20150313,20150316,20150317,20150322,20150323,20150328,20150329 
Number is 97 
G.5.5_index_4_VS_G.5.5_index_1 [28] PLUS 1 
20150223,20150224,20150225,20150227,20150228,20150302,20150304,20150307,20150308,20150309,20150310,20150311,20150312,20150313,20150315,20150321,20150322,20150325,20150329,20150402 
G.3.2_index_1_VS_G.3.4_index_1 [29] PLUS 1 
20150222,20150227,20150228,20150301,20150303,20150306,20150307,20150308,20150309,20150310,20150311,20150312,20150313,20150314,20150324,20150325,20150327,20150328,20150331 
Number is 98 
G.4.2_index_3_VS_G.4.2_index_1 [30] PLUS 1 
20150222,20150224,20150226,20150227,20150228,20150304,20150305,20150307,20150308,20150309,20150310,20150311,20150312,20150313,20150314,20150315,20150316,20150317,20150324,20150325,20150327,20150328,20150329,20150401 
Number is 99 
G.3.2_index_1_VS_G.3.3_index_1 [31] 
20150222,20150223,20150224,20150225,20150228,20150301,20150302,20150303,20150306,20150307,20150308,20150309,20150310,20150311,20150312,20150317,20150320,20150321,20150322,20150323,20150401,20150402 
