======== Current: 20150315 ========= 
Number is 07 
G.3.2_index_5_VS_G.6.1_index_3 [1] PLUS 1 
20150222,20150225,20150226,20150228,20150301,20150303,20150304,20150305,20150306,20150307,20150308,20150309,20150310,20150311,20150312,20150313,20150314,20150315,20150316,20150318,20150319,20150320,20150323,20150327,20150328,20150330,20150331,20150402 
Number is 11 
G.3.1_index_5_VS_G.3.4_index_5 [2] 
20150222,20150223,20150227,20150307,20150309,20150310,20150311,20150312,20150313,20150314,20150316,20150319,20150320,20150321,20150325,20150327,20150328,20150331 
Number is 14 
G.3.1_index_5_VS_G.4.3_index_4 [3] 
20150223,20150226,20150227,20150228,20150305,20150306,20150308,20150309,20150310,20150311,20150312,20150313,20150314,20150316,20150320,20150321,20150324,20150328,20150329,20150330,20150331,20150402 
Number is 17 
G.6.2_index_2_VS_G.4.4_index_3 [4] PLUS 1 
20150225,20150226,20150227,20150301,20150302,20150303,20150305,20150308,20150309,20150310,20150311,20150312,20150313,20150314,20150315,20150316,20150317,20150320,20150321,20150325,20150326,20150327,20150329,20150401 
Number is 22 
G.6.2_index_3_VS_G.4.3_index_1 [5] 
20150225,20150226,20150228,20150302,20150305,20150308,20150309,20150310,20150311,20150312,20150313,20150314,20150321,20150324,20150330,20150401 
Number is 25 
G.3.2_index_1_VS_G.3.4_index_1 [6] 
20150222,20150227,20150228,20150301,20150303,20150306,20150307,20150308,20150309,20150310,20150311,20150312,20150313,20150314,20150324,20150325,20150327,20150328,20150331 
Number is 27 
G.4.3_index_1_VS_G.4.4_index_3 [7] PLUS 1 
20150226,20150228,20150302,20150305,20150308,20150309,20150310,20150311,20150312,20150313,20150314,20150315,20150318,20150320,20150324,20150325,20150326,20150327,20150328,20150331,20150401 
Number is 28 
G.3.2_index_1_VS_G.5.3_index_3 [8] 
20150225,20150226,20150227,20150228,20150301,20150302,20150308,20150309,20150310,20150311,20150312,20150313,20150314,20150318,20150319,20150321,20150323,20150324,20150325,20150328,20150331,20150401,20150402 
Number is 40 
G.5.6_index_3_VS_G.3.5_index_3 [9] 
20150222,20150223,20150226,20150228,20150301,20150302,20150304,20150309,20150310,20150311,20150312,20150313,20150314,20150317,20150320,20150321,20150323,20150326 
Number is 41 
G.7.3_index_1_VS_G.4.2_index_4 [10] 
20150222,20150226,20150227,20150228,20150301,20150304,20150306,20150309,20150310,20150311,20150312,20150313,20150314,20150321,20150322,20150324,20150402 
G.2.1_index_5_VS_G.4.2_index_4 [11] 
20150222,20150224,20150225,20150226,20150227,20150301,20150303,20150304,20150306,20150307,20150309,20150310,20150311,20150312,20150313,20150314,20150325,20150331,20150401 
Number is 48 
G.7.3_index_1_VS_G.5.5_index_3 [12] 
20150224,20150227,20150228,20150304,20150305,20150306,20150308,20150309,20150310,20150311,20150312,20150313,20150314,20150317,20150318,20150319,20150324,20150325,20150329,20150331,20150402 
Number is 49 
G.3.4_index_4_VS_G.DB_index_5 [13] 
20150222,20150227,20150228,20150302,20150305,20150306,20150307,20150309,20150310,20150311,20150312,20150313,20150314,20150316,20150319,20150320,20150321,20150323,20150324,20150326,20150328,20150329,20150402 
Number is 52 
G.5.2_index_3_VS_G.4.3_index_1 [14] 
20150225,20150228,20150302,20150306,20150307,20150309,20150310,20150311,20150312,20150313,20150314,20150316,20150317,20150320,20150323,20150325,20150401,20150402 
Number is 54 
G.4.3_index_3_VS_G.4.3_index_4 [15] PLUS 1 
20150222,20150223,20150224,20150227,20150302,20150303,20150305,20150306,20150308,20150309,20150310,20150311,20150312,20150313,20150314,20150315,20150318,20150324,20150330,20150331,20150402 
Number is 64 
G.5.6_index_2_VS_G.5.6_index_3 [16] 
20150222,20150223,20150301,20150303,20150304,20150309,20150310,20150311,20150312,20150313,20150314,20150316,20150317,20150319,20150322,20150328,20150331 
Number is 67 
G.1.1_index_2_VS_G.4.4_index_3 [17] PLUS 1 
20150226,20150227,20150302,20150303,20150304,20150305,20150306,20150307,20150308,20150309,20150310,20150311,20150312,20150313,20150314,20150315,20150317,20150318,20150320,20150325,20150326,20150327,20150329,20150330,20150331 
Number is 70 
G.3.2_index_4_VS_G.5.5_index_4 [18] PLUS 1 
20150222,20150227,20150303,20150308,20150309,20150310,20150311,20150312,20150313,20150314,20150315,20150316,20150317,20150318,20150319,20150320,20150321,20150322,20150326,20150331 
G.DB_index_1_VS_G.5.5_index_4 [19] PLUS 1 
20150303,20150305,20150306,20150309,20150310,20150311,20150312,20150313,20150314,20150315,20150318,20150319,20150322,20150325,20150326,20150327,20150329,20150331,20150402 
Number is 73 
G.4.2_index_3_VS_G.4.1_index_3 [20] PLUS 1 
20150223,20150224,20150228,20150304,20150305,20150307,20150309,20150310,20150311,20150312,20150313,20150314,20150315,20150320,20150321,20150323,20150327,20150328,20150329 
Number is 74 
G.4.2_index_3_VS_G.4.2_index_1 [21] PLUS 1 
20150222,20150224,20150226,20150227,20150228,20150304,20150305,20150307,20150308,20150309,20150310,20150311,20150312,20150313,20150314,20150315,20150316,20150317,20150324,20150325,20150327,20150328,20150329,20150401 
Number is 77 
G.5.4_index_3_VS_G.3.5_index_2 [22] 
20150224,20150225,20150226,20150303,20150305,20150306,20150309,20150310,20150311,20150312,20150313,20150314,20150317,20150320,20150321,20150323,20150327,20150329,20150330,20150401,20150402 
Number is 78 
G.4.4_index_3_VS_G.6.3_index_2 [23] 
20150223,20150226,20150301,20150302,20150303,20150308,20150309,20150310,20150311,20150312,20150313,20150314,20150316,20150317,20150323,20150325,20150326,20150327,20150331 
Number is 79 
G.4.4_index_3_VS_G.5.3_index_2 [24] PLUS 1 
20150302,20150309,20150310,20150311,20150312,20150313,20150314,20150315,20150316,20150317,20150319,20150322,20150323,20150325,20150326,20150328,20150330 
G.4.3_index_2_VS_G.2.1_index_2 [25] PLUS 1 
20150223,20150225,20150302,20150305,20150306,20150307,20150309,20150310,20150311,20150312,20150313,20150314,20150315,20150317,20150318,20150320,20150326,20150327,20150328,20150330,20150402 
Number is 82 
G.5.1_index_3_VS_G.3.6_index_1 [26] 
20150222,20150228,20150301,20150304,20150308,20150309,20150310,20150311,20150312,20150313,20150314,20150319,20150320,20150322,20150323,20150325,20150328,20150331,20150402 
G.5.3_index_3_VS_G.4.3_index_1 [27] 
20150222,20150223,20150225,20150305,20150308,20150309,20150310,20150311,20150312,20150313,20150314,20150316,20150317,20150318,20150320,20150323,20150324,20150325,20150328,20150330,20150401 
Number is 87 
G.2.2_index_3_VS_G.6.1_index_3 [28] 
20150226,20150228,20150303,20150304,20150305,20150306,20150307,20150309,20150310,20150311,20150312,20150313,20150314,20150316,20150319,20150320,20150323,20150327,20150330 
Number is 88 
G.5.2_index_4_VS_G.5.5_index_1 [29] PLUS 1 
20150223,20150224,20150226,20150301,20150303,20150304,20150309,20150310,20150311,20150312,20150313,20150314,20150315,20150316,20150319,20150320,20150322,20150325,20150331,20150402 
G.5.1_index_3_VS_G.5.4_index_4 [30] PLUS 1 
20150222,20150223,20150226,20150304,20150309,20150310,20150311,20150312,20150313,20150314,20150315,20150319,20150324,20150326,20150331,20150401 
Number is 89 
G.5.1_index_1_VS_G.7.3_index_2 [31] PLUS 1 
20150225,20150227,20150301,20150303,20150304,20150305,20150309,20150310,20150311,20150312,20150313,20150314,20150315,20150322,20150323,20150324,20150325,20150327,20150330,20150401 
G.5.5_index_1_VS_G.4.4_index_4 [32] PLUS 1 
20150224,20150225,20150228,20150305,20150307,20150309,20150310,20150311,20150312,20150313,20150314,20150315,20150317,20150318,20150319,20150320,20150325,20150327,20150328,20150329,20150401 
Number is 92 
G.2.2_index_1_VS_G.4.4_index_2 [33] 
20150222,20150227,20150301,20150302,20150305,20150306,20150307,20150309,20150310,20150311,20150312,20150313,20150314,20150317,20150318,20150321,20150322,20150323,20150325,20150326 
Number is 98 
G.DB_index_5_VS_G.5.5_index_1 [34] PLUS 1 
20150222,20150223,20150224,20150225,20150227,20150305,20150308,20150309,20150310,20150311,20150312,20150313,20150314,20150315,20150316,20150320,20150324,20150328,20150329 
