======== Current: 20150316 ========= 
Number is 02 
G.6.3_index_3_VS_G.5.5_index_1 [1] PLUS 1 
20150223,20150224,20150225,20150302,20150304,20150307,20150308,20150310,20150311,20150312,20150313,20150314,20150315,20150316,20150317,20150318,20150320,20150322,20150324,20150325,20150329,20150331,20150401 
G.5.2_index_4_VS_G.5.5_index_1 [2] PLUS 1 
20150223,20150224,20150226,20150301,20150303,20150304,20150309,20150310,20150311,20150312,20150313,20150314,20150315,20150316,20150319,20150320,20150322,20150325,20150331,20150402 
Number is 05 
G.4.3_index_2_VS_G.2.1_index_2 [3] 
20150223,20150225,20150302,20150305,20150306,20150307,20150309,20150310,20150311,20150312,20150313,20150314,20150315,20150317,20150318,20150320,20150326,20150327,20150328,20150330,20150402 
Number is 08 
G.5.4_index_3_VS_G.2.2_index_2 [4] PLUS 1 
20150223,20150225,20150226,20150303,20150305,20150308,20150310,20150311,20150312,20150313,20150314,20150315,20150316,20150317,20150321,20150323,20150328,20150330 
Number is 21 
G.4.2_index_3_VS_G.4.2_index_1 [5] PLUS 1 
20150222,20150224,20150226,20150227,20150228,20150304,20150305,20150307,20150308,20150309,20150310,20150311,20150312,20150313,20150314,20150315,20150316,20150317,20150324,20150325,20150327,20150328,20150329,20150401 
Number is 25 
G.4.2_index_3_VS_G.4.1_index_3 [6] 
20150223,20150224,20150228,20150304,20150305,20150307,20150309,20150310,20150311,20150312,20150313,20150314,20150315,20150320,20150321,20150323,20150327,20150328,20150329 
Number is 27 
G.5.5_index_1_VS_G.4.4_index_4 [7] 
20150224,20150225,20150228,20150305,20150307,20150309,20150310,20150311,20150312,20150313,20150314,20150315,20150317,20150318,20150319,20150320,20150325,20150327,20150328,20150329,20150401 
Number is 30 
G.7.3_index_2_VS_G.6.3_index_3 [8] PLUS 1 
20150222,20150223,20150224,20150226,20150302,20150304,20150306,20150308,20150310,20150311,20150312,20150313,20150314,20150315,20150316,20150318,20150325,20150327,20150329,20150330,20150331,20150401 
Number is 33 
G.3.3_index_3_VS_G.5.5_index_3 [9] 
20150225,20150301,20150306,20150307,20150310,20150311,20150312,20150313,20150314,20150315,20150319,20150324,20150325,20150327,20150329,20150330,20150331,20150402 
Number is 34 
G.1.1_index_2_VS_G.4.4_index_3 [10] 
20150226,20150227,20150302,20150303,20150304,20150305,20150306,20150307,20150308,20150309,20150310,20150311,20150312,20150313,20150314,20150315,20150317,20150318,20150320,20150325,20150326,20150327,20150329,20150330,20150331 
G.DB_index_1_VS_G.5.1_index_2 [11] 
20150222,20150223,20150227,20150301,20150302,20150305,20150306,20150310,20150311,20150312,20150313,20150314,20150315,20150317,20150318,20150319,20150325,20150329,20150401 
G.4.4_index_1_VS_G.5.1_index_2 [12] 
20150222,20150223,20150226,20150301,20150302,20150303,20150308,20150310,20150311,20150312,20150313,20150314,20150315,20150319,20150320,20150325,20150329,20150330,20150331,20150401 
G.DB_index_1_VS_G.5.5_index_4 [13] 
20150303,20150305,20150306,20150309,20150310,20150311,20150312,20150313,20150314,20150315,20150318,20150319,20150322,20150325,20150326,20150327,20150329,20150331,20150402 
Number is 35 
G.4.4_index_1_VS_G.3.4_index_3 [14] PLUS 1 
20150223,20150224,20150226,20150227,20150304,20150305,20150306,20150308,20150310,20150311,20150312,20150313,20150314,20150315,20150316,20150317,20150319,20150320,20150325,20150327,20150329,20150330,20150401,20150402 
G.4.4_index_1_VS_G.4.1_index_3 [15] PLUS 1 
20150222,20150224,20150226,20150228,20150303,20150310,20150311,20150312,20150313,20150314,20150315,20150316,20150320,20150321,20150324,20150325,20150326,20150327,20150330,20150331 
Number is 36 
G.3.2_index_5_VS_G.6.1_index_3 [16] PLUS 1 
20150222,20150225,20150226,20150228,20150301,20150303,20150304,20150305,20150306,20150307,20150308,20150309,20150310,20150311,20150312,20150313,20150314,20150315,20150316,20150318,20150319,20150320,20150323,20150327,20150328,20150330,20150331,20150402 
Number is 39 
G.DB_index_1_VS_G.DB_index_5 [17] 
20150222,20150224,20150226,20150228,20150302,20150304,20150308,20150310,20150311,20150312,20150313,20150314,20150315,20150318,20150319,20150328,20150329,20150401 
Number is 40 
G.5.3_index_1_VS_G.3.1_index_2 [18] 
20150226,20150227,20150228,20150301,20150303,20150306,20150308,20150310,20150311,20150312,20150313,20150314,20150315,20150317,20150321,20150322,20150324,20150326 
Number is 43 
G.3.5_index_3_VS_G.4.4_index_1 [19] 
20150222,20150223,20150227,20150228,20150301,20150302,20150310,20150311,20150312,20150313,20150314,20150315,20150321,20150323,20150324,20150325,20150326,20150327,20150328,20150329,20150331,20150402 
G.5.1_index_1_VS_G.7.3_index_2 [20] 
20150225,20150227,20150301,20150303,20150304,20150305,20150309,20150310,20150311,20150312,20150313,20150314,20150315,20150322,20150323,20150324,20150325,20150327,20150330,20150401 
Number is 45 
G.4.4_index_3_VS_G.5.3_index_2 [21] PLUS 1 
20150302,20150309,20150310,20150311,20150312,20150313,20150314,20150315,20150316,20150317,20150319,20150322,20150323,20150325,20150326,20150328,20150330 
Number is 49 
G.3.5_index_3_VS_G.3.3_index_2 [22] PLUS 1 
20150223,20150224,20150226,20150228,20150306,20150310,20150311,20150312,20150313,20150314,20150315,20150316,20150319,20150320,20150321,20150323,20150324,20150326,20150328,20150329,20150331,20150401,20150402 
Number is 55 
G.3.4_index_3_VS_G.4.3_index_4 [23] 
20150222,20150223,20150224,20150227,20150228,20150302,20150305,20150310,20150311,20150312,20150313,20150314,20150315,20150317,20150321,20150323,20150327,20150328,20150329 
Number is 59 
G.5.3_index_2_VS_G.DB_index_5 [24] 
20150225,20150228,20150306,20150308,20150310,20150311,20150312,20150313,20150314,20150315,20150318,20150319,20150324,20150325,20150326,20150327,20150330 
Number is 62 
G.3.4_index_5_VS_G.4.2_index_3 [25] 
20150303,20150307,20150310,20150311,20150312,20150313,20150314,20150315,20150318,20150320,20150321,20150325,20150326,20150327,20150328,20150329,20150401,20150402 
Number is 63 
G.4.2_index_2_VS_G.5.5_index_3 [26] PLUS 1 
20150224,20150225,20150227,20150228,20150301,20150306,20150310,20150311,20150312,20150313,20150314,20150315,20150316,20150318,20150319,20150327,20150328,20150330,20150331,20150402 
Number is 65 
G.3.4_index_2_VS_G.4.3_index_4 [27] PLUS 1 
20150224,20150225,20150227,20150228,20150305,20150306,20150310,20150311,20150312,20150313,20150314,20150315,20150316,20150317,20150323,20150324,20150325,20150326,20150328,20150331,20150401 
Number is 71 
G.5.5_index_2_VS_G.3.2_index_3 [28] PLUS 1 
20150222,20150225,20150226,20150228,20150303,20150307,20150308,20150310,20150311,20150312,20150313,20150314,20150315,20150316,20150320,20150321,20150322,20150329,20150331,20150401,20150402 
Number is 73 
G.5.6_index_1_VS_G.5.6_index_3 [29] PLUS 1 
20150225,20150226,20150228,20150303,20150306,20150307,20150310,20150311,20150312,20150313,20150314,20150315,20150316,20150321,20150323,20150324,20150326,20150328,20150330,20150331,20150401 
Number is 74 
G.6.2_index_2_VS_G.4.4_index_3 [30] PLUS 1 
20150225,20150226,20150227,20150301,20150302,20150303,20150305,20150308,20150309,20150310,20150311,20150312,20150313,20150314,20150315,20150316,20150317,20150320,20150321,20150325,20150326,20150327,20150329,20150401 
G.6.3_index_2_VS_G.5.1_index_2 [31] PLUS 1 
20150222,20150223,20150224,20150226,20150227,20150302,20150305,20150306,20150308,20150310,20150311,20150312,20150313,20150314,20150315,20150316,20150317,20150322,20150323,20150325,20150328,20150329,20150330,20150331,20150402 
Number is 77 
G.7.1_index_2_VS_G.6.2_index_2 [32] 
20150223,20150226,20150227,20150228,20150305,20150306,20150310,20150311,20150312,20150313,20150314,20150315,20150319,20150320,20150321,20150323,20150325,20150328,20150329,20150401,20150402 
Number is 84 
G.4.3_index_1_VS_G.4.4_index_3 [33] 
20150226,20150228,20150302,20150305,20150308,20150309,20150310,20150311,20150312,20150313,20150314,20150315,20150318,20150320,20150324,20150325,20150326,20150327,20150328,20150331,20150401 
Number is 85 
G.5.1_index_3_VS_G.5.6_index_4 [34] PLUS 1 
20150223,20150224,20150228,20150303,20150308,20150310,20150311,20150312,20150313,20150314,20150315,20150316,20150319,20150320,20150321,20150322,20150324,20150326,20150330,20150331,20150402 
Number is 88 
G.3.1_index_1_VS_G.5.1_index_3 [35] 
20150223,20150224,20150225,20150226,20150228,20150302,20150304,20150310,20150311,20150312,20150313,20150314,20150315,20150319,20150320,20150323,20150324,20150325,20150327,20150329,20150330,20150331 
G.5.1_index_3_VS_G.5.4_index_4 [36] 
20150222,20150223,20150226,20150304,20150309,20150310,20150311,20150312,20150313,20150314,20150315,20150319,20150324,20150326,20150331,20150401 
G.6.1_index_2_VS_G.5.4_index_4 [37] 
20150222,20150223,20150224,20150226,20150303,20150307,20150310,20150311,20150312,20150313,20150314,20150315,20150322,20150324,20150326,20150327,20150328,20150329,20150330,20150331,20150401 
Number is 92 
G.DB_index_5_VS_G.5.5_index_1 [38] PLUS 1 
20150222,20150223,20150224,20150225,20150227,20150305,20150308,20150309,20150310,20150311,20150312,20150313,20150314,20150315,20150316,20150320,20150324,20150328,20150329 
Number is 93 
G.2.1_index_4_VS_G.7.3_index_2 [39] 
20150223,20150224,20150227,20150228,20150301,20150302,20150303,20150304,20150310,20150311,20150312,20150313,20150314,20150315,20150318,20150319,20150320,20150321,20150325,20150327,20150329 
Number is 94 
G.3.2_index_4_VS_G.5.5_index_4 [40] PLUS 1 
20150222,20150227,20150303,20150308,20150309,20150310,20150311,20150312,20150313,20150314,20150315,20150316,20150317,20150318,20150319,20150320,20150321,20150322,20150326,20150331 
Number is 95 
G.3.3_index_2_VS_G.1.1_index_5 [41] 
20150222,20150224,20150227,20150228,20150301,20150302,20150303,20150307,20150310,20150311,20150312,20150313,20150314,20150315,20150317,20150319,20150321,20150322,20150326,20150402 
G.4.3_index_3_VS_G.4.3_index_4 [42] 
20150222,20150223,20150224,20150227,20150302,20150303,20150305,20150306,20150308,20150309,20150310,20150311,20150312,20150313,20150314,20150315,20150318,20150324,20150330,20150331,20150402 
Number is 97 
G.3.3_index_2_VS_G.5.5_index_2 [43] 
20150224,20150227,20150228,20150302,20150303,20150308,20150310,20150311,20150312,20150313,20150314,20150315,20150317,20150322,20150324,20150329 
Number is 98 
G.4.3_index_3_VS_G.5.1_index_3 [44] PLUS 1 
20150227,20150302,20150308,20150310,20150311,20150312,20150313,20150314,20150315,20150316,20150321,20150322,20150324,20150327,20150328,20150329,20150330,20150331,20150401,20150402 
