======== Current: 20150317 ========= 
Number is 03 
G.5.6_index_4_VS_G.3.3_index_5 [1] PLUS 1 
20150222,20150223,20150227,20150228,20150302,20150305,20150311,20150312,20150313,20150314,20150315,20150316,20150317,20150318,20150321,20150322,20150326,20150327,20150331,20150402 
Number is 04 
G.5.4_index_4_VS_G.2.2_index_3 [2] 
20150224,20150302,20150303,20150306,20150309,20150311,20150312,20150313,20150314,20150315,20150316,20150322,20150323,20150326,20150328,20150329,20150330,20150401 
Number is 08 
G.4.1_index_1_VS_G.3.4_index_3 [3] PLUS 1 
20150224,20150226,20150303,20150306,20150311,20150312,20150313,20150314,20150315,20150316,20150317,20150319,20150321,20150325,20150328 
Number is 09 
G.5.4_index_4_VS_G.5.5_index_2 [4] 
20150222,20150228,20150304,20150305,20150307,20150308,20150311,20150312,20150313,20150314,20150315,20150316,20150320,20150329,20150330,20150331 
Number is 10 
G.4.4_index_1_VS_G.5.6_index_4 [5] 
20150223,20150224,20150226,20150227,20150228,20150303,20150304,20150307,20150308,20150311,20150312,20150313,20150314,20150315,20150316,20150321,20150322,20150323,20150327,20150331 
Number is 11 
G.4.4_index_1_VS_G.4.1_index_3 [6] 
20150222,20150224,20150226,20150228,20150303,20150310,20150311,20150312,20150313,20150314,20150315,20150316,20150320,20150321,20150324,20150325,20150326,20150327,20150330,20150331 
G.DB_index_5_VS_G.5.5_index_1 [7] 
20150222,20150223,20150224,20150225,20150227,20150305,20150308,20150309,20150310,20150311,20150312,20150313,20150314,20150315,20150316,20150320,20150324,20150328,20150329 
Number is 13 
G.4.2_index_2_VS_G.5.5_index_3 [8] 
20150224,20150225,20150227,20150228,20150301,20150306,20150310,20150311,20150312,20150313,20150314,20150315,20150316,20150318,20150319,20150327,20150328,20150330,20150331,20150402 
Number is 15 
G.DB_index_5_VS_G.4.4_index_3 [9] PLUS 1 
20150225,20150226,20150228,20150307,20150308,20150311,20150312,20150313,20150314,20150315,20150316,20150317,20150319,20150320,20150323,20150402 
Number is 18 
G.4.4_index_1_VS_G.3.4_index_3 [10] PLUS 1 
20150223,20150224,20150226,20150227,20150304,20150305,20150306,20150308,20150310,20150311,20150312,20150313,20150314,20150315,20150316,20150317,20150319,20150320,20150325,20150327,20150329,20150330,20150401,20150402 
Number is 19 
G.4.2_index_2_VS_G.2.1_index_2 [11] 
20150223,20150224,20150301,20150304,20150308,20150311,20150312,20150313,20150314,20150315,20150316,20150318,20150322,20150330,20150402 
Number is 20 
G.DB_index_1_VS_G.4.3_index_4 [12] 
20150225,20150227,20150301,20150302,20150305,20150307,20150311,20150312,20150313,20150314,20150315,20150316,20150318,20150323,20150325,20150326,20150328,20150402 
Number is 22 
G.6.1_index_3_VS_G.7.3_index_1 [13] 
20150222,20150223,20150224,20150225,20150228,20150305,20150306,20150308,20150309,20150311,20150312,20150313,20150314,20150315,20150316,20150318,20150319,20150320,20150323,20150329,20150330,20150331 
Number is 26 
G.4.3_index_3_VS_G.5.1_index_3 [14] 
20150227,20150302,20150308,20150310,20150311,20150312,20150313,20150314,20150315,20150316,20150321,20150322,20150324,20150327,20150328,20150329,20150330,20150331,20150401,20150402 
Number is 27 
G.3.1_index_1_VS_G.5.4_index_3 [15] PLUS 1 
20150226,20150227,20150302,20150303,20150305,20150307,20150311,20150312,20150313,20150314,20150315,20150316,20150317,20150321,20150323,20150327,20150328,20150330,20150401 
Number is 29 
G.2.1_index_4_VS_G.6.1_index_2 [16] 
20150223,20150224,20150226,20150303,20150304,20150305,20150308,20150309,20150311,20150312,20150313,20150314,20150315,20150316,20150318,20150319,20150320,20150324,20150325,20150327,20150329,20150401 
G.5.3_index_2_VS_G.6.1_index_2 [17] 
20150222,20150223,20150224,20150226,20150302,20150306,20150307,20150309,20150311,20150312,20150313,20150314,20150315,20150316,20150319,20150322,20150323,20150325,20150326,20150328,20150330,20150401 
Number is 33 
G.4.3_index_2_VS_G.3.3_index_5 [18] PLUS 1 
20150227,20150302,20150303,20150305,20150306,20150307,20150309,20150311,20150312,20150313,20150314,20150315,20150316,20150317,20150318,20150320,20150321,20150322 
Number is 34 
G.5.2_index_2_VS_G.3.5_index_5 [19] 
20150222,20150223,20150224,20150228,20150305,20150308,20150309,20150311,20150312,20150313,20150314,20150315,20150316,20150329,20150330,20150401,20150402 
Number is 38 
G.5.1_index_2_VS_G.3.4_index_3 [20] 
20150302,20150304,20150306,20150311,20150312,20150313,20150314,20150315,20150316,20150319,20150321,20150323,20150325,20150327,20150331,20150401,20150402 
Number is 41 
G.5.2_index_4_VS_G.5.5_index_1 [21] 
20150223,20150224,20150226,20150301,20150303,20150304,20150309,20150310,20150311,20150312,20150313,20150314,20150315,20150316,20150319,20150320,20150322,20150325,20150331,20150402 
Number is 42 
G.3.2_index_5_VS_G.6.1_index_3 [22] 
20150222,20150225,20150226,20150228,20150301,20150303,20150304,20150305,20150306,20150307,20150308,20150309,20150310,20150311,20150312,20150313,20150314,20150315,20150316,20150318,20150319,20150320,20150323,20150327,20150328,20150330,20150331,20150402 
Number is 46 
G.3.5_index_2_VS_G.3.4_index_5 [23] 
20150222,20150223,20150225,20150226,20150227,20150301,20150302,20150306,20150311,20150312,20150313,20150314,20150315,20150316,20150319,20150325,20150326,20150327,20150328,20150330 
Number is 50 
G.3.2_index_4_VS_G.5.5_index_4 [24] PLUS 1 
20150222,20150227,20150303,20150308,20150309,20150310,20150311,20150312,20150313,20150314,20150315,20150316,20150317,20150318,20150319,20150320,20150321,20150322,20150326,20150331 
G.3.4_index_2_VS_G.4.3_index_4 [25] PLUS 1 
20150224,20150225,20150227,20150228,20150305,20150306,20150310,20150311,20150312,20150313,20150314,20150315,20150316,20150317,20150323,20150324,20150325,20150326,20150328,20150331,20150401 
Number is 51 
G.3.2_index_1_VS_G.4.4_index_1 [26] PLUS 1 
20150223,20150224,20150226,20150227,20150228,20150304,20150305,20150307,20150311,20150312,20150313,20150314,20150315,20150316,20150317,20150319,20150327,20150329,20150331,20150401 
Number is 52 
G.4.4_index_3_VS_G.5.3_index_2 [27] PLUS 1 
20150302,20150309,20150310,20150311,20150312,20150313,20150314,20150315,20150316,20150317,20150319,20150322,20150323,20150325,20150326,20150328,20150330 
G.3.2_index_1_VS_G.DB_index_1 [28] PLUS 1 
20150224,20150225,20150226,20150228,20150306,20150307,20150311,20150312,20150313,20150314,20150315,20150316,20150317,20150319,20150325,20150401 
Number is 56 
G.4.4_index_3_VS_G.3.3_index_2 [29] 
20150223,20150225,20150227,20150301,20150302,20150303,20150306,20150308,20150309,20150311,20150312,20150313,20150314,20150315,20150316,20150321,20150326,20150329,20150331,20150402 
Number is 58 
G.4.4_index_3_VS_G.3.4_index_3 [30] 
20150224,20150303,20150308,20150309,20150311,20150312,20150313,20150314,20150315,20150316,20150321,20150323,20150325,20150327,20150331,20150401 
Number is 60 
G.5.1_index_3_VS_G.5.6_index_4 [31] 
20150223,20150224,20150228,20150303,20150308,20150310,20150311,20150312,20150313,20150314,20150315,20150316,20150319,20150320,20150321,20150322,20150324,20150326,20150330,20150331,20150402 
Number is 63 
G.3.3_index_2_VS_G.5.1_index_2 [32] PLUS 1 
20150223,20150224,20150306,20150308,20150311,20150312,20150313,20150314,20150315,20150316,20150317,20150321,20150323,20150326,20150329,20150331 
Number is 66 
G.3.5_index_3_VS_G.3.3_index_2 [33] 
20150223,20150224,20150226,20150228,20150306,20150310,20150311,20150312,20150313,20150314,20150315,20150316,20150319,20150320,20150321,20150323,20150324,20150326,20150328,20150329,20150331,20150401,20150402 
Number is 69 
G.4.2_index_3_VS_G.4.2_index_1 [34] PLUS 1 
20150222,20150224,20150226,20150227,20150228,20150304,20150305,20150307,20150308,20150309,20150310,20150311,20150312,20150313,20150314,20150315,20150316,20150317,20150324,20150325,20150327,20150328,20150329,20150401 
G.3.5_index_3_VS_G.6.3_index_2 [35] PLUS 1 
20150222,20150223,20150224,20150302,20150311,20150312,20150313,20150314,20150315,20150316,20150317,20150322,20150323,20150326,20150327,20150328,20150329,20150401 
Number is 72 
G.3.2_index_3_VS_G.1.1_index_2 [36] PLUS 1 
20150222,20150227,20150303,20150305,20150307,20150309,20150311,20150312,20150313,20150314,20150315,20150316,20150317,20150325,20150329 
Number is 75 
G.5.4_index_3_VS_G.2.2_index_2 [37] PLUS 1 
20150223,20150225,20150226,20150303,20150305,20150308,20150310,20150311,20150312,20150313,20150314,20150315,20150316,20150317,20150321,20150323,20150328,20150330 
Number is 81 
G.5.3_index_1_VS_G.DB_index_5 [38] PLUS 1 
20150223,20150228,20150302,20150303,20150304,20150306,20150308,20150311,20150312,20150313,20150314,20150315,20150316,20150317,20150318,20150319,20150320,20150325,20150326,20150329 
G.6.3_index_3_VS_G.5.5_index_1 [39] PLUS 1 
20150223,20150224,20150225,20150302,20150304,20150307,20150308,20150310,20150311,20150312,20150313,20150314,20150315,20150316,20150317,20150318,20150320,20150322,20150324,20150325,20150329,20150331,20150401 
Number is 82 
G.5.3_index_1_VS_G.7.4_index_2 [40] PLUS 1 
20150224,20150227,20150228,20150302,20150303,20150304,20150305,20150306,20150308,20150309,20150311,20150312,20150313,20150314,20150315,20150316,20150317,20150321,20150324,20150325,20150328,20150330,20150401,20150402 
Number is 85 
G.4.4_index_4_VS_G.4.4_index_3 [41] 
20150222,20150301,20150305,20150307,20150308,20150309,20150311,20150312,20150313,20150314,20150315,20150316,20150319,20150323,20150325,20150326,20150328,20150331,20150402 
Number is 89 
G.6.3_index_3_VS_G.6.1_index_2 [42] 
20150223,20150224,20150301,20150304,20150305,20150308,20150311,20150312,20150313,20150314,20150315,20150316,20150322,20150324,20150325,20150326,20150329,20150330 
Number is 90 
G.2.1_index_2_VS_G.5.4_index_4 [43] 
20150222,20150224,20150227,20150304,20150305,20150309,20150311,20150312,20150313,20150314,20150315,20150316,20150326,20150330 
Number is 92 
G.5.5_index_2_VS_G.6.1_index_3 [44] 
20150222,20150225,20150228,20150301,20150304,20150306,20150308,20150309,20150311,20150312,20150313,20150314,20150315,20150316,20150319,20150320,20150323,20150401,20150402 
Number is 93 
G.6.3_index_2_VS_G.5.1_index_2 [45] PLUS 1 
20150222,20150223,20150224,20150226,20150227,20150302,20150305,20150306,20150308,20150310,20150311,20150312,20150313,20150314,20150315,20150316,20150317,20150322,20150323,20150325,20150328,20150329,20150330,20150331,20150402 
G.6.1_index_2_VS_G.1.1_index_5 [46] PLUS 1 
20150224,20150301,20150302,20150303,20150305,20150306,20150307,20150308,20150309,20150311,20150312,20150313,20150314,20150315,20150316,20150317,20150320,20150321,20150324,20150326,20150328 
G.3.5_index_4_VS_G.5.2_index_2 [47] PLUS 1 
20150223,20150225,20150226,20150303,20150305,20150308,20150309,20150311,20150312,20150313,20150314,20150315,20150316,20150317,20150319,20150320,20150323,20150324,20150325,20150326,20150328,20150330,20150401 
Number is 95 
G.6.2_index_2_VS_G.4.4_index_3 [48] PLUS 1 
20150225,20150226,20150227,20150301,20150302,20150303,20150305,20150308,20150309,20150310,20150311,20150312,20150313,20150314,20150315,20150316,20150317,20150320,20150321,20150325,20150326,20150327,20150329,20150401 
G.5.6_index_1_VS_G.3.4_index_2 [49] PLUS 1 
20150224,20150228,20150304,20150305,20150309,20150311,20150312,20150313,20150314,20150315,20150316,20150317,20150318,20150324,20150325,20150326,20150328,20150330,20150331 
Number is 97 
G.5.5_index_2_VS_G.3.2_index_3 [50] 
20150222,20150225,20150226,20150228,20150303,20150307,20150308,20150310,20150311,20150312,20150313,20150314,20150315,20150316,20150320,20150321,20150322,20150329,20150331,20150401,20150402 
Number is 98 
G.7.3_index_2_VS_G.6.3_index_3 [51] 
20150222,20150223,20150224,20150226,20150302,20150304,20150306,20150308,20150310,20150311,20150312,20150313,20150314,20150315,20150316,20150318,20150325,20150327,20150329,20150330,20150331,20150401 
Number is 99 
G.5.6_index_1_VS_G.5.6_index_3 [52] 
20150225,20150226,20150228,20150303,20150306,20150307,20150310,20150311,20150312,20150313,20150314,20150315,20150316,20150321,20150323,20150324,20150326,20150328,20150330,20150331,20150401 
G.7.3_index_2_VS_G.6.3_index_2 [53] 
20150222,20150223,20150224,20150225,20150226,20150302,20150303,20150306,20150311,20150312,20150313,20150314,20150315,20150316,20150321,20150323,20150325,20150330 
