======== Current: 20150318 ========= 
Number is 00 
G.7.1_index_2_VS_G.4.2_index_4 [1] 
20150226,20150227,20150228,20150303,20150304,20150305,20150307,20150312,20150313,20150314,20150315,20150316,20150317,20150328,20150329,20150401 
Number is 04 
G.5.2_index_2_VS_G.5.4_index_4 [2] 
20150223,20150224,20150301,20150304,20150309,20150312,20150313,20150314,20150315,20150316,20150317,20150321,20150323,20150325,20150328,20150330,20150331,20150401 
Number is 07 
G.4.2_index_4_VS_G.5.4_index_3 [3] 
20150224,20150225,20150226,20150227,20150228,20150301,20150303,20150305,20150312,20150313,20150314,20150315,20150316,20150317,20150321,20150323,20150329,20150331,20150401 
Number is 11 
G.2.1_index_2_VS_G.2.2_index_4 [4] 
20150223,20150224,20150228,20150304,20150305,20150312,20150313,20150314,20150315,20150316,20150317,20150321,20150322,20150323,20150324,20150325,20150327 
Number is 14 
G.3.2_index_3_VS_G.1.1_index_2 [5] 
20150222,20150227,20150303,20150305,20150307,20150309,20150311,20150312,20150313,20150314,20150315,20150316,20150317,20150325,20150329 
Number is 15 
G.4.1_index_1_VS_G.3.4_index_3 [6] 
20150224,20150226,20150303,20150306,20150311,20150312,20150313,20150314,20150315,20150316,20150317,20150319,20150321,20150325,20150328 
Number is 26 
G.4.3_index_3_VS_G.5.3_index_1 [7] 
20150222,20150223,20150228,20150302,20150303,20150305,20150306,20150307,20150308,20150312,20150313,20150314,20150315,20150316,20150317,20150322,20150323,20150324,20150326,20150328,20150330,20150401,20150402 
Number is 28 
G.7.4_index_2_VS_G.3.4_index_4 [8] 
20150222,20150228,20150304,20150306,20150307,20150308,20150309,20150310,20150312,20150313,20150314,20150315,20150316,20150317,20150319,20150321,20150322,20150323,20150324,20150330 
Number is 29 
G.4.3_index_2_VS_G.3.3_index_5 [9] PLUS 1 
20150227,20150302,20150303,20150305,20150306,20150307,20150309,20150311,20150312,20150313,20150314,20150315,20150316,20150317,20150318,20150320,20150321,20150322 
Number is 35 
G.3.4_index_2_VS_G.4.3_index_4 [10] 
20150224,20150225,20150227,20150228,20150305,20150306,20150310,20150311,20150312,20150313,20150314,20150315,20150316,20150317,20150323,20150324,20150325,20150326,20150328,20150331,20150401 
Number is 38 
G.DB_index_5_VS_G.4.4_index_3 [11] 
20150225,20150226,20150228,20150307,20150308,20150311,20150312,20150313,20150314,20150315,20150316,20150317,20150319,20150320,20150323,20150402 
Number is 39 
G.5.6_index_4_VS_G.3.3_index_5 [12] PLUS 1 
20150222,20150223,20150227,20150228,20150302,20150305,20150311,20150312,20150313,20150314,20150315,20150316,20150317,20150318,20150321,20150322,20150326,20150327,20150331,20150402 
Number is 45 
G.3.2_index_1_VS_G.4.4_index_1 [13] 
20150223,20150224,20150226,20150227,20150228,20150304,20150305,20150307,20150311,20150312,20150313,20150314,20150315,20150316,20150317,20150319,20150327,20150329,20150331,20150401 
G.6.1_index_2_VS_G.1.1_index_5 [14] 
20150224,20150301,20150302,20150303,20150305,20150306,20150307,20150308,20150309,20150311,20150312,20150313,20150314,20150315,20150316,20150317,20150320,20150321,20150324,20150326,20150328 
Number is 49 
G.5.2_index_1_VS_G.3.2_index_4 [15] 
20150226,20150227,20150302,20150306,20150307,20150310,20150312,20150313,20150314,20150315,20150316,20150317,20150327 
G.3.2_index_1_VS_G.DB_index_1 [16] 
20150224,20150225,20150226,20150228,20150306,20150307,20150311,20150312,20150313,20150314,20150315,20150316,20150317,20150319,20150325,20150401 
Number is 52 
G.3.3_index_4_VS_G.5.4_index_1 [17] PLUS 1 
20150223,20150224,20150227,20150301,20150308,20150309,20150312,20150313,20150314,20150315,20150316,20150317,20150318,20150323,20150325,20150326,20150328,20150330,20150401,20150402 
Number is 53 
G.4.2_index_3_VS_G.4.2_index_1 [18] 
20150222,20150224,20150226,20150227,20150228,20150304,20150305,20150307,20150308,20150309,20150310,20150311,20150312,20150313,20150314,20150315,20150316,20150317,20150324,20150325,20150327,20150328,20150329,20150401 
Number is 55 
G.4.4_index_1_VS_G.3.4_index_3 [19] 
20150223,20150224,20150226,20150227,20150304,20150305,20150306,20150308,20150310,20150311,20150312,20150313,20150314,20150315,20150316,20150317,20150319,20150320,20150325,20150327,20150329,20150330,20150401,20150402 
Number is 57 
G.4.2_index_3_VS_G.4.4_index_2 [20] 
20150226,20150227,20150305,20150312,20150313,20150314,20150315,20150316,20150317,20150321,20150324,20150325,20150328,20150329 
Number is 61 
G.3.4_index_1_VS_G.2.2_index_4 [21] PLUS 1 
20150223,20150228,20150303,20150304,20150305,20150306,20150307,20150308,20150309,20150312,20150313,20150314,20150315,20150316,20150317,20150318,20150325,20150328,20150402 
Number is 62 
G.5.3_index_1_VS_G.7.4_index_2 [22] 
20150224,20150227,20150228,20150302,20150303,20150304,20150305,20150306,20150308,20150309,20150311,20150312,20150313,20150314,20150315,20150316,20150317,20150321,20150324,20150325,20150328,20150330,20150401,20150402 
Number is 63 
G.5.3_index_1_VS_G.DB_index_5 [23] PLUS 1 
20150223,20150228,20150302,20150303,20150304,20150306,20150308,20150311,20150312,20150313,20150314,20150315,20150316,20150317,20150318,20150319,20150320,20150325,20150326,20150329 
G.5.6_index_1_VS_G.3.4_index_2 [24] PLUS 1 
20150224,20150228,20150304,20150305,20150309,20150311,20150312,20150313,20150314,20150315,20150316,20150317,20150318,20150324,20150325,20150326,20150328,20150330,20150331 
Number is 65 
G.6.3_index_3_VS_G.5.5_index_1 [25] PLUS 1 
20150223,20150224,20150225,20150302,20150304,20150307,20150308,20150310,20150311,20150312,20150313,20150314,20150315,20150316,20150317,20150318,20150320,20150322,20150324,20150325,20150329,20150331,20150401 
Number is 67 
G.3.5_index_1_VS_G.6.1_index_3 [26] PLUS 1 
20150222,20150223,20150225,20150226,20150228,20150306,20150308,20150309,20150312,20150313,20150314,20150315,20150316,20150317,20150318,20150322,20150323,20150324,20150329,20150330,20150331,20150402 
G.3.4_index_1_VS_G.3.5_index_4 [27] PLUS 1 
20150223,20150225,20150226,20150303,20150304,20150307,20150309,20150312,20150313,20150314,20150315,20150316,20150317,20150318,20150319,20150323,20150327,20150328,20150329 
Number is 68 
G.6.3_index_3_VS_G.3.3_index_2 [28] 
20150223,20150224,20150301,20150302,20150303,20150304,20150306,20150308,20150310,20150312,20150313,20150314,20150315,20150316,20150317,20150319,20150322,20150324,20150326,20150329,20150331 
Number is 70 
G.5.4_index_3_VS_G.3.1_index_3 [29] 
20150225,20150305,20150306,20150307,20150308,20150312,20150313,20150314,20150315,20150316,20150317,20150321,20150323,20150325,20150327,20150330,20150331,20150401,20150402 
G.3.5_index_4_VS_G.5.2_index_2 [30] 
20150223,20150225,20150226,20150303,20150305,20150308,20150309,20150311,20150312,20150313,20150314,20150315,20150316,20150317,20150319,20150320,20150323,20150324,20150325,20150326,20150328,20150330,20150401 
Number is 74 
G.5.4_index_3_VS_G.3.2_index_1 [31] 
20150222,20150225,20150226,20150227,20150228,20150305,20150310,20150312,20150313,20150314,20150315,20150316,20150317,20150319,20150321,20150327,20150329,20150402 
Number is 75 
G.4.4_index_2_VS_G.4.4_index_1 [32] 
20150222,20150224,20150227,20150301,20150302,20150304,20150308,20150309,20150312,20150313,20150314,20150315,20150316,20150317,20150319,20150321,20150323,20150325,20150327,20150331 
G.3.5_index_3_VS_G.3.4_index_3 [33] 
20150227,20150302,20150305,20150306,20150308,20150312,20150313,20150314,20150315,20150316,20150317,20150321,20150323,20150324,20150328,20150330 
Number is 78 
G.6.2_index_2_VS_G.4.4_index_3 [34] 
20150225,20150226,20150227,20150301,20150302,20150303,20150305,20150308,20150309,20150310,20150311,20150312,20150313,20150314,20150315,20150316,20150317,20150320,20150321,20150325,20150326,20150327,20150329,20150401 
G.4.4_index_2_VS_G.3.3_index_2 [35] 
20150224,20150226,20150227,20150302,20150303,20150306,20150308,20150309,20150312,20150313,20150314,20150315,20150316,20150317,20150319,20150321,20150324,20150330 
G.3.5_index_3_VS_G.6.3_index_2 [36] 
20150222,20150223,20150224,20150302,20150311,20150312,20150313,20150314,20150315,20150316,20150317,20150322,20150323,20150326,20150327,20150328,20150329,20150401 
Number is 79 
G.5.4_index_3_VS_G.2.2_index_2 [37] 
20150223,20150225,20150226,20150303,20150305,20150308,20150310,20150311,20150312,20150313,20150314,20150315,20150316,20150317,20150321,20150323,20150328,20150330 
Number is 82 
G.4.4_index_3_VS_G.6.2_index_1 [38] 
20150225,20150226,20150227,20150228,20150302,20150308,20150312,20150313,20150314,20150315,20150316,20150317,20150325,20150326,20150328,20150330,20150401 
Number is 85 
G.3.3_index_2_VS_G.5.1_index_2 [39] 
20150223,20150224,20150306,20150308,20150311,20150312,20150313,20150314,20150315,20150316,20150317,20150321,20150323,20150326,20150329,20150331 
G.6.3_index_2_VS_G.5.1_index_2 [40] 
20150222,20150223,20150224,20150226,20150227,20150302,20150305,20150306,20150308,20150310,20150311,20150312,20150313,20150314,20150315,20150316,20150317,20150322,20150323,20150325,20150328,20150329,20150330,20150331,20150402 
G.4.4_index_3_VS_G.3.3_index_4 [41] 
20150223,20150302,20150303,20150304,20150305,20150308,20150309,20150310,20150312,20150313,20150314,20150315,20150316,20150317,20150320,20150323,20150325,20150326,20150330 
Number is 86 
G.4.1_index_2_VS_G.6.3_index_3 [42] 
20150223,20150301,20150306,20150312,20150313,20150314,20150315,20150316,20150317,20150319,20150320,20150322,20150323,20150326,20150328,20150329,20150331 
G.4.4_index_3_VS_G.5.3_index_2 [43] 
20150302,20150309,20150310,20150311,20150312,20150313,20150314,20150315,20150316,20150317,20150319,20150322,20150323,20150325,20150326,20150328,20150330 
Number is 87 
G.3.1_index_1_VS_G.5.4_index_3 [44] 
20150226,20150227,20150302,20150303,20150305,20150307,20150311,20150312,20150313,20150314,20150315,20150316,20150317,20150321,20150323,20150327,20150328,20150330,20150401 
Number is 88 
G.4.4_index_3_VS_G.7.1_index_1 [45] 
20150226,20150228,20150301,20150303,20150305,20150308,20150309,20150312,20150313,20150314,20150315,20150316,20150317,20150319,20150320,20150321,20150322,20150323,20150325,20150326,20150330,20150331,20150401 
Number is 91 
G.DB_index_1_VS_G.2.2_index_4 [46] 
20150222,20150224,20150226,20150301,20150305,20150307,20150312,20150313,20150314,20150315,20150316,20150317,20150319,20150323,20150325,20150329,20150330,20150331,20150401,20150402 
G.2.2_index_2_VS_G.2.1_index_2 [47] 
20150222,20150223,20150227,20150304,20150306,20150308,20150312,20150313,20150314,20150315,20150316,20150317,20150319,20150322,20150325,20150326,20150329,20150330 
Number is 92 
G.3.3_index_5_VS_G.4.3_index_3 [48] PLUS 1 
20150227,20150302,20150303,20150306,20150308,20150312,20150313,20150314,20150315,20150316,20150317,20150318,20150319,20150321,20150324,20150326,20150328,20150329,20150331,20150401 
Number is 95 
G.3.2_index_4_VS_G.5.5_index_4 [49] PLUS 1 
20150222,20150227,20150303,20150308,20150309,20150310,20150311,20150312,20150313,20150314,20150315,20150316,20150317,20150318,20150319,20150320,20150321,20150322,20150326,20150331 
