======== Current: 20150324 ========= 
Number is 10 
G.3.6_index_2_VS_G.7.2_index_1 [1] 
20150303,20150305,20150306,20150307,20150308,20150314,20150316,20150318,20150319,20150320,20150321,20150322,20150323,20150326 
Number is 11 
G.3.5_index_4_VS_G.5.3_index_2 [2] PLUS 1 
20150223,20150224,20150226,20150302,20150304,20150306,20150309,20150310,20150313,20150314,20150316,20150318,20150319,20150320,20150321,20150322,20150323,20150324,20150327,20150328,20150329,20150330,20150402 
Number is 12 
G.3.5_index_4_VS_G.5.2_index_4 [3] 
20150223,20150224,20150226,20150302,20150303,20150304,20150306,20150307,20150309,20150312,20150316,20150317,20150318,20150319,20150320,20150321,20150322,20150323,20150325,20150326,20150327,20150329,20150330,20150401,20150402 
Number is 14 
G.5.3_index_2_VS_G.6.1_index_3 [4] 
20150223,20150225,20150304,20150306,20150309,20150310,20150312,20150313,20150315,20150316,20150318,20150319,20150320,20150321,20150322,20150323,20150326,20150329,20150330,20150331,20150401 
G.5.3_index_2_VS_G.3.4_index_3 [5] 
20150223,20150224,20150304,20150308,20150310,20150311,20150315,20150317,20150318,20150319,20150320,20150321,20150322,20150323,20150327,20150328,20150329,20150401 
Number is 15 
G.3.5_index_4_VS_G.6.3_index_1 [6] 
20150222,20150302,20150303,20150305,20150308,20150309,20150315,20150316,20150318,20150319,20150320,20150321,20150322,20150323,20150325,20150326,20150328,20150329,20150330,20150401 
Number is 17 
G.3.6_index_2_VS_G.5.4_index_2 [7] PLUS 1 
20150225,20150313,20150316,20150318,20150319,20150320,20150321,20150322,20150323,20150324,20150325,20150326,20150327,20150329,20150331 
Number is 20 
G.2.1_index_1_VS_G.5.5_index_4 [8] PLUS 1 
20150222,20150304,20150308,20150309,20150310,20150312,20150315,20150318,20150319,20150320,20150321,20150322,20150323,20150324,20150326,20150327,20150328,20150329,20150331 
Number is 23 
G.5.2_index_4_VS_G.6.3_index_3 [9] 
20150223,20150224,20150225,20150226,20150301,20150308,20150310,20150312,20150315,20150318,20150319,20150320,20150321,20150322,20150323,20150326,20150330,20150401 
Number is 25 
G.3.3_index_3_VS_G.6.3_index_1 [10] 
20150224,20150225,20150226,20150301,20150302,20150306,20150308,20150310,20150311,20150312,20150316,20150317,20150318,20150319,20150320,20150321,20150322,20150323,20150327,20150328,20150329 
Number is 30 
G.4.1_index_4_VS_G.5.2_index_3 [11] PLUS 1 
20150223,20150227,20150228,20150301,20150310,20150312,20150314,20150316,20150318,20150319,20150320,20150321,20150322,20150323,20150324,20150326,20150329,20150331 
G.2.1_index_4_VS_G.5.5_index_3 [12] PLUS 1 
20150226,20150304,20150306,20150309,20150315,20150317,20150318,20150319,20150320,20150321,20150322,20150323,20150324,20150325,20150327,20150328,20150329,20150331,20150401 
Number is 38 
G.5.1_index_3_VS_G.3.3_index_4 [13] 
20150222,20150226,20150228,20150304,20150308,20150310,20150313,20150316,20150318,20150319,20150320,20150321,20150322,20150323,20150330,20150331 
G.4.1_index_4_VS_G.3.1_index_3 [14] 
20150228,20150302,20150303,20150305,20150317,20150318,20150319,20150320,20150321,20150322,20150323,20150327,20150328,20150329,20150330 
Number is 40 
G.3.3_index_5_VS_G.5.1_index_4 [15] PLUS 1 
20150302,20150311,20150312,20150313,20150318,20150319,20150320,20150321,20150322,20150323,20150324,20150325,20150326,20150327,20150330,20150401 
G.5.3_index_1_VS_G.5.5_index_4 [16] PLUS 1 
20150222,20150223,20150228,20150306,20150307,20150309,20150313,20150315,20150317,20150318,20150319,20150320,20150321,20150322,20150323,20150324,20150327,20150331,20150401,20150402 
Number is 42 
G.3.4_index_1_VS_G.1.1_index_5 [17] PLUS 1 
20150222,20150226,20150227,20150228,20150301,20150302,20150304,20150306,20150307,20150310,20150311,20150312,20150314,20150317,20150318,20150319,20150320,20150321,20150322,20150323,20150324,20150327,20150328,20150329,20150330,20150331,20150401,20150402 
Number is 44 
G.4.2_index_1_VS_G.5.6_index_1 [18] 
20150222,20150224,20150225,20150226,20150303,20150305,20150306,20150310,20150311,20150315,20150316,20150318,20150319,20150320,20150321,20150322,20150323,20150326,20150328,20150329,20150401,20150402 
Number is 54 
G.7.2_index_2_VS_G.5.6_index_1 [19] 
20150223,20150304,20150305,20150306,20150307,20150308,20150310,20150316,20150318,20150319,20150320,20150321,20150322,20150323,20150329,20150402 
G.4.4_index_1_VS_G.5.3_index_1 [20] 
20150223,20150224,20150228,20150304,20150305,20150307,20150313,20150314,20150317,20150318,20150319,20150320,20150321,20150322,20150323,20150329,20150330,20150331 
Number is 59 
G.6.3_index_1_VS_G.6.2_index_2 [21] 
20150223,20150228,20150301,20150303,20150306,20150310,20150311,20150314,20150318,20150319,20150320,20150321,20150322,20150323,20150325,20150326,20150401 
Number is 63 
G.2.2_index_4_VS_G.6.3_index_3 [22] 
20150222,20150224,20150226,20150228,20150308,20150312,20150313,20150315,20150316,20150318,20150319,20150320,20150321,20150322,20150323,20150327,20150331,20150401 
G.2.2_index_4_VS_G.2.1_index_4 [23] 
20150228,20150301,20150303,20150306,20150310,20150313,20150315,20150317,20150318,20150319,20150320,20150321,20150322,20150323,20150327,20150330 
Number is 65 
G.2.2_index_4_VS_G.7.2_index_2 [24] 
20150223,20150225,20150226,20150303,20150304,20150308,20150309,20150310,20150311,20150312,20150315,20150316,20150318,20150319,20150320,20150321,20150322,20150323,20150327,20150331,20150402 
Number is 68 
G.5.4_index_1_VS_G.5.1_index_2 [25] 
20150222,20150223,20150227,20150228,20150303,20150305,20150308,20150309,20150311,20150313,20150314,20150315,20150317,20150318,20150319,20150320,20150321,20150322,20150323,20150328,20150329,20150401 
Number is 73 
G.5.2_index_2_VS_G.4.1_index_4 [26] 
20150224,20150301,20150306,20150307,20150309,20150312,20150316,20150317,20150318,20150319,20150320,20150321,20150322,20150323,20150325,20150327,20150331,20150401,20150402 
Number is 85 
G.3.3_index_1_VS_G.DB_index_1 [27] 
20150222,20150226,20150228,20150302,20150303,20150307,20150309,20150310,20150312,20150313,20150314,20150315,20150318,20150319,20150320,20150321,20150322,20150323,20150325,20150328,20150329,20150330,20150331,20150401 
Number is 98 
G.2.1_index_2_VS_G.4.4_index_4 [28] 
20150228,20150306,20150307,20150314,20150315,20150318,20150319,20150320,20150321,20150322,20150323,20150325,20150326,20150327,20150328,20150329 
