======== Current: 20150329 ========= 
Number is 05 
G.DB_index_2_VS_G.3.6_index_3 [1] PLUS 1 
20150223,20150224,20150301,20150302,20150309,20150310,20150311,20150314,20150317,20150323,20150324,20150325,20150326,20150327,20150328,20150329,20150331,20150402 
Number is 06 
G.DB_index_3_VS_G.3.4_index_4 [2] PLUS 1 
20150223,20150227,20150228,20150302,20150305,20150306,20150307,20150312,20150313,20150317,20150323,20150324,20150325,20150326,20150327,20150328,20150329,20150402 
Number is 08 
G.5.2_index_4_VS_G.5.4_index_2 [3] 
20150223,20150224,20150225,20150228,20150301,20150302,20150303,20150305,20150311,20150313,20150316,20150319,20150323,20150324,20150325,20150326,20150327,20150328,20150331,20150401 
Number is 09 
G.5.6_index_2_VS_G.3.4_index_1 [4] 
20150223,20150227,20150301,20150303,20150313,20150316,20150317,20150319,20150322,20150323,20150324,20150325,20150326,20150327,20150328,20150330 
Number is 10 
G.4.4_index_3_VS_G.DB_index_3 [5] 
20150222,20150223,20150225,20150226,20150228,20150302,20150304,20150305,20150307,20150310,20150312,20150314,20150315,20150319,20150321,20150323,20150324,20150325,20150326,20150327,20150328,20150331,20150402 
Number is 24 
G.6.1_index_2_VS_G.6.1_index_1 [6] PLUS 1 
20150224,20150225,20150228,20150303,20150304,20150305,20150306,20150309,20150316,20150317,20150319,20150321,20150322,20150323,20150324,20150325,20150326,20150327,20150328,20150329,20150330,20150401 
Number is 25 
G.3.5_index_3_VS_G.4.4_index_1 [7] PLUS 1 
20150222,20150223,20150227,20150228,20150301,20150302,20150310,20150311,20150312,20150313,20150314,20150315,20150321,20150323,20150324,20150325,20150326,20150327,20150328,20150329,20150331,20150402 
Number is 26 
G.6.1_index_2_VS_G.6.2_index_1 [8] 
20150222,20150224,20150228,20150303,20150306,20150310,20150312,20150313,20150314,20150315,20150316,20150319,20150321,20150323,20150324,20150325,20150326,20150327,20150328 
Number is 36 
G.5.5_index_4_VS_G.6.1_index_3 [9] 
20150225,20150228,20150304,20150306,20150307,20150308,20150309,20150313,20150314,20150315,20150319,20150321,20150322,20150323,20150324,20150325,20150326,20150327,20150328,20150331 
Number is 56 
G.3.6_index_5_VS_G.4.3_index_4 [10] PLUS 1 
20150222,20150223,20150227,20150228,20150302,20150303,20150304,20150305,20150307,20150310,20150312,20150316,20150321,20150323,20150324,20150325,20150326,20150327,20150328,20150329,20150330,20150401 
Number is 62 
G.3.4_index_3_VS_G.4.3_index_3 [11] 
20150227,20150313,20150315,20150317,20150318,20150321,20150323,20150324,20150325,20150326,20150327,20150328,20150330,20150331,20150402 
Number is 66 
G.6.2_index_1_VS_G.5.1_index_4 [12] PLUS 1 
20150228,20150305,20150306,20150307,20150309,20150311,20150312,20150313,20150316,20150317,20150319,20150322,20150323,20150324,20150325,20150326,20150327,20150328,20150329,20150331,20150402 
Number is 67 
G.3.5_index_4_VS_G.6.2_index_2 [13] 
20150223,20150225,20150304,20150305,20150308,20150309,20150311,20150312,20150313,20150314,20150316,20150321,20150323,20150324,20150325,20150326,20150327,20150328 
G.3.4_index_4_VS_G.4.1_index_3 [14] 
20150224,20150226,20150302,20150306,20150307,20150308,20150310,20150311,20150314,20150315,20150316,20150320,20150321,20150323,20150324,20150325,20150326,20150327,20150328,20150330,20150402 
Number is 68 
G.5.1_index_4_VS_G.5.4_index_4 [15] 
20150223,20150226,20150305,20150309,20150310,20150311,20150313,20150314,20150317,20150318,20150323,20150324,20150325,20150326,20150327,20150328,20150331,20150401,20150402 
Number is 69 
G.5.1_index_4_VS_G.4.2_index_1 [16] PLUS 1 
20150228,20150301,20150304,20150305,20150306,20150307,20150309,20150311,20150313,20150317,20150323,20150324,20150325,20150326,20150327,20150328,20150329,20150331 
Number is 83 
G.5.4_index_2_VS_G.4.1_index_2 [17] 
20150228,20150301,20150304,20150305,20150311,20150313,20150314,20150316,20150319,20150323,20150324,20150325,20150326,20150327,20150328,20150401 
Number is 85 
G.5.4_index_4_VS_G.6.3_index_2 [18] 
20150222,20150223,20150225,20150226,20150227,20150304,20150305,20150309,20150311,20150313,20150315,20150316,20150318,20150320,20150323,20150324,20150325,20150326,20150327,20150328,20150330 
G.1.1_index_4_VS_G.6.3_index_1 [19] 
20150223,20150226,20150228,20150302,20150305,20150306,20150308,20150310,20150312,20150314,20150316,20150322,20150323,20150324,20150325,20150326,20150327,20150328,20150402 
Number is 86 
G.3.4_index_2_VS_G.6.2_index_1 [20] 
20150223,20150224,20150225,20150228,20150309,20150313,20150317,20150319,20150323,20150324,20150325,20150326,20150327,20150328,20150401,20150402 
Number is 88 
G.1.1_index_4_VS_G.3.4_index_2 [21] 
20150226,20150228,20150306,20150309,20150313,20150314,20150316,20150317,20150319,20150321,20150323,20150324,20150325,20150326,20150327,20150328,20150401 
Number is 89 
G.1.1_index_4_VS_G.DB_index_5 [22] 
20150225,20150226,20150228,20150302,20150307,20150310,20150311,20150314,20150315,20150319,20150320,20150321,20150323,20150324,20150325,20150326,20150327,20150328,20150401,20150402 
G.5.4_index_4_VS_G.5.6_index_1 [23] 
20150225,20150301,20150304,20150307,20150311,20150313,20150314,20150316,20150321,20150322,20150323,20150324,20150325,20150326,20150327,20150328,20150330 
G.4.3_index_2_VS_G.2.1_index_1 [24] 
20150222,20150226,20150228,20150307,20150311,20150316,20150323,20150324,20150325,20150326,20150327,20150328,20150331 
Number is 90 
G.2.1_index_2_VS_G.5.3_index_2 [25] 
20150222,20150225,20150227,20150302,20150304,20150305,20150306,20150311,20150313,20150315,20150318,20150319,20150321,20150323,20150324,20150325,20150326,20150327,20150328,20150330,20150401 
G.4.2_index_1_VS_G.3.5_index_2 [26] 
20150225,20150226,20150227,20150228,20150301,20150302,20150306,20150309,20150310,20150311,20150314,20150315,20150316,20150317,20150320,20150323,20150324,20150325,20150326,20150327,20150328,20150402 
Number is 94 
G.2.1_index_2_VS_G.3.6_index_2 [27] 
20150225,20150227,20150306,20150312,20150313,20150314,20150315,20150319,20150323,20150324,20150325,20150326,20150327,20150328 
Number is 95 
G.4.2_index_1_VS_G.3.2_index_2 [28] PLUS 1 
20150222,20150225,20150226,20150227,20150303,20150306,20150309,20150311,20150314,20150315,20150317,20150318,20150319,20150322,20150323,20150324,20150325,20150326,20150327,20150328,20150329,20150401,20150402 
Number is 96 
G.2.1_index_4_VS_G.5.1_index_4 [29] PLUS 1 
20150222,20150223,20150226,20150301,20150303,20150307,20150311,20150316,20150317,20150319,20150321,20150323,20150324,20150325,20150326,20150327,20150328,20150329,20150401 
Number is 98 
G.2.1_index_1_VS_G.5.4_index_2 [30] 
20150223,20150226,20150227,20150228,20150302,20150305,20150309,20150311,20150312,20150316,20150318,20150320,20150323,20150324,20150325,20150326,20150327,20150328,20150331,20150401 
