======== Current: 20150330 ========= 
Number is 06 
G.5.1_index_1_VS_G.5.1_index_4 [1] PLUS 1 
20150225,20150226,20150227,20150301,20150302,20150306,20150307,20150311,20150313,20150320,20150324,20150325,20150326,20150327,20150328,20150329,20150330,20150401 
Number is 20 
G.1.1_index_5_VS_G.4.3_index_1 [2] 
20150222,20150223,20150224,20150225,20150228,20150301,20150302,20150306,20150307,20150308,20150311,20150312,20150313,20150314,20150316,20150317,20150320,20150324,20150325,20150326,20150327,20150328,20150329,20150402 
Number is 21 
G.2.1_index_1_VS_G.7.2_index_1 [3] 
20150304,20150306,20150307,20150308,20150309,20150310,20150314,20150316,20150318,20150324,20150325,20150326,20150327,20150328,20150329,20150401 
Number is 33 
G.3.5_index_3_VS_G.4.4_index_1 [4] 
20150222,20150223,20150227,20150228,20150301,20150302,20150310,20150311,20150312,20150313,20150314,20150315,20150321,20150323,20150324,20150325,20150326,20150327,20150328,20150329,20150331,20150402 
G.3.5_index_3_VS_G.3.4_index_1 [5] 
20150225,20150226,20150227,20150306,20150311,20150312,20150313,20150316,20150318,20150321,20150324,20150325,20150326,20150327,20150328,20150329,20150331 
Number is 36 
G.6.2_index_1_VS_G.5.1_index_4 [6] 
20150228,20150305,20150306,20150307,20150309,20150311,20150312,20150313,20150316,20150317,20150319,20150322,20150323,20150324,20150325,20150326,20150327,20150328,20150329,20150331,20150402 
Number is 46 
G.4.2_index_1_VS_G.3.2_index_2 [7] 
20150222,20150225,20150226,20150227,20150303,20150306,20150309,20150311,20150314,20150315,20150317,20150318,20150319,20150322,20150323,20150324,20150325,20150326,20150327,20150328,20150329,20150401,20150402 
G.2.1_index_4_VS_G.5.1_index_4 [8] 
20150222,20150223,20150226,20150301,20150303,20150307,20150311,20150316,20150317,20150319,20150321,20150323,20150324,20150325,20150326,20150327,20150328,20150329,20150401 
Number is 47 
G.DB_index_3_VS_G.3.4_index_4 [9] 
20150223,20150227,20150228,20150302,20150305,20150306,20150307,20150312,20150313,20150317,20150323,20150324,20150325,20150326,20150327,20150328,20150329,20150402 
Number is 53 
G.1.1_index_1_VS_G.3.5_index_3 [10] 
20150225,20150227,20150302,20150305,20150306,20150309,20150310,20150312,20150314,20150317,20150324,20150325,20150326,20150327,20150328,20150329,20150401,20150402 
Number is 64 
G.5.1_index_4_VS_G.4.2_index_1 [11] 
20150228,20150301,20150304,20150305,20150306,20150307,20150309,20150311,20150313,20150317,20150323,20150324,20150325,20150326,20150327,20150328,20150329,20150331 
G.3.6_index_5_VS_G.5.6_index_2 [12] 
20150223,20150225,20150227,20150302,20150308,20150311,20150316,20150318,20150319,20150321,20150322,20150324,20150325,20150326,20150327,20150328,20150329,20150401,20150402 
Number is 67 
G.3.6_index_5_VS_G.4.3_index_4 [13] PLUS 1 
20150222,20150223,20150227,20150228,20150302,20150303,20150304,20150305,20150307,20150310,20150312,20150316,20150321,20150323,20150324,20150325,20150326,20150327,20150328,20150329,20150330,20150401 
Number is 75 
G.4.3_index_4_VS_G.2.1_index_2 [14] 
20150227,20150304,20150305,20150312,20150313,20150321,20150322,20150324,20150325,20150326,20150327,20150328,20150329 
Number is 81 
G.5.6_index_1_VS_G.7.2_index_1 [15] PLUS 1 
20150222,20150223,20150225,20150228,20150304,20150305,20150307,20150308,20150310,20150313,20150316,20150318,20150319,20150324,20150325,20150326,20150327,20150328,20150329,20150330,20150402 
Number is 86 
G.6.1_index_2_VS_G.6.1_index_1 [16] PLUS 1 
20150224,20150225,20150228,20150303,20150304,20150305,20150306,20150309,20150316,20150317,20150319,20150321,20150322,20150323,20150324,20150325,20150326,20150327,20150328,20150329,20150330,20150401 
Number is 91 
G.DB_index_2_VS_G.3.6_index_3 [17] 
20150223,20150224,20150301,20150302,20150309,20150310,20150311,20150314,20150317,20150323,20150324,20150325,20150326,20150327,20150328,20150329,20150331,20150402 
