======== Current: 20120710 ========= 
Number is 13 
G.3.3_index_3_VS_G.5.1_index_3 [1] PLUS 1 
20120620,20120621,20120623,20120624,20120627,20120629,20120630,20120703,20120704,20120705,20120706,20120707,20120708,20120709,20120710,20120717,20120721,20120724,20120725,20120726,20120727,20120729,20120730,20120801 
Number is 14 
G.7.3_index_1_VS_G.1.1_index_3 [2] PLUS 1 
20120622,20120625,20120629,20120701,20120704,20120705,20120706,20120707,20120708,20120709,20120710,20120712,20120713,20120718,20120721,20120723,20120724,20120728 
Number is 15 
G.7.3_index_1_VS_G.5.5_index_2 [3] 
20120623,20120626,20120704,20120705,20120706,20120707,20120708,20120709,20120711,20120712,20120713,20120714,20120716,20120718,20120722,20120724,20120727 
Number is 16 
G.3.4_index_4_VS_G.4.1_index_2 [4] 
20120620,20120622,20120625,20120701,20120704,20120705,20120706,20120707,20120708,20120709,20120711,20120722,20120723,20120726,20120727,20120729,20120731,20120801 
Number is 18 
G.6.2_index_1_VS_G.DB_index_2 [5] PLUS 1 
20120622,20120624,20120628,20120630,20120701,20120703,20120704,20120705,20120706,20120707,20120708,20120709,20120710,20120711,20120712,20120714,20120720,20120721,20120722,20120725,20120727 
G.7.3_index_1_VS_G.3.6_index_2 [6] PLUS 1 
20120621,20120623,20120626,20120629,20120630,20120704,20120705,20120706,20120707,20120708,20120709,20120710,20120717,20120718,20120730 
Number is 21 
G.7.4_index_1_VS_G.7.3_index_1 [7] 
20120622,20120623,20120625,20120627,20120628,20120701,20120704,20120705,20120706,20120707,20120708,20120709,20120713,20120716,20120719,20120721,20120723,20120724,20120730 
G.5.3_index_2_VS_G.7.3_index_1 [8] 
20120620,20120621,20120622,20120625,20120627,20120629,20120630,20120704,20120705,20120706,20120707,20120708,20120709,20120712,20120713,20120714,20120716,20120724,20120725,20120727,20120730,20120731,20120801 
Number is 28 
G.6.3_index_2_VS_G.3.6_index_5 [9] 
20120622,20120624,20120627,20120629,20120701,20120704,20120705,20120706,20120707,20120708,20120709,20120713,20120715,20120716,20120722,20120726,20120727,20120730 
Number is 29 
G.5.4_index_4_VS_G.4.2_index_4 [10] PLUS 1 
20120620,20120622,20120623,20120625,20120630,20120701,20120704,20120705,20120706,20120707,20120708,20120709,20120710,20120711,20120712,20120713,20120715,20120716,20120718,20120719,20120721,20120722,20120723,20120727,20120729,20120731 
Number is 35 
G.3.1_index_4_VS_G.DB_index_3 [11] PLUS 1 
20120624,20120625,20120702,20120704,20120705,20120706,20120707,20120708,20120709,20120710,20120713,20120714,20120717,20120719,20120720,20120721,20120724,20120730 
Number is 38 
G.3.5_index_1_VS_G.DB_index_2 [12] PLUS 1 
20120622,20120624,20120625,20120628,20120630,20120702,20120704,20120705,20120706,20120707,20120708,20120709,20120710,20120711,20120712,20120713,20120714,20120716,20120719,20120720,20120722,20120725,20120726,20120729,20120801 
Number is 56 
G.2.1_index_2_VS_G.4.1_index_3 [13] 
20120620,20120621,20120622,20120625,20120629,20120701,20120704,20120705,20120706,20120707,20120708,20120709,20120712,20120713,20120714,20120717,20120718,20120719,20120721,20120724,20120726,20120728,20120729 
Number is 57 
G.5.2_index_2_VS_G.3.4_index_2 [14] PLUS 1 
20120625,20120626,20120628,20120701,20120703,20120704,20120705,20120706,20120707,20120708,20120709,20120710,20120711,20120712,20120715,20120718,20120719,20120725,20120730,20120801 
Number is 59 
G.6.1_index_2_VS_G.6.1_index_3 [15] 
20120620,20120622,20120626,20120704,20120705,20120706,20120707,20120708,20120709,20120711,20120713,20120714,20120717,20120718,20120719,20120723,20120724,20120726,20120801 
Number is 61 
G.4.1_index_2_VS_G.6.3_index_3 [16] 
20120620,20120622,20120624,20120625,20120626,20120630,20120703,20120704,20120705,20120706,20120707,20120708,20120709,20120711,20120713,20120715,20120716,20120721,20120723,20120726,20120729,20120801 
Number is 67 
G.4.4_index_1_VS_G.5.5_index_3 [17] 
20120620,20120624,20120630,20120701,20120704,20120705,20120706,20120707,20120708,20120709,20120711,20120712,20120715,20120716,20120719,20120723,20120725,20120727,20120729,20120731,20120801 
Number is 68 
G.4.4_index_1_VS_G.5.6_index_4 [18] 
20120620,20120621,20120622,20120624,20120625,20120630,20120701,20120702,20120703,20120704,20120705,20120706,20120707,20120708,20120709,20120713,20120715,20120716,20120718,20120719,20120722,20120724,20120727,20120728,20120730,20120731 
Number is 69 
G.4.1_index_2_VS_G.7.1_index_1 [19] 
20120623,20120627,20120704,20120705,20120706,20120707,20120708,20120709,20120711,20120714,20120727,20120728,20120801 
Number is 72 
G.4.1_index_1_VS_G.DB_index_5 [20] 
20120621,20120622,20120626,20120627,20120630,20120701,20120704,20120705,20120706,20120707,20120708,20120709,20120711,20120713,20120715,20120719,20120723,20120725,20120726,20120727,20120729,20120730,20120801 
Number is 87 
G.DB_index_2_VS_G.4.1_index_1 [21] PLUS 1 
20120622,20120624,20120625,20120627,20120628,20120702,20120704,20120705,20120706,20120707,20120708,20120709,20120710,20120712,20120713,20120721,20120722,20120724,20120726,20120727,20120729,20120730,20120801 
Number is 91 
G.3.6_index_3_VS_G.3.2_index_3 [22] 
20120620,20120621,20120624,20120629,20120630,20120701,20120704,20120705,20120706,20120707,20120708,20120709,20120712,20120714,20120717,20120719,20120722,20120725,20120726,20120727,20120728,20120801 
Number is 95 
G.2.2_index_5_VS_G.1.1_index_2 [23] 
20120621,20120622,20120629,20120630,20120701,20120704,20120705,20120706,20120707,20120708,20120709,20120711,20120715,20120722,20120723,20120724,20120726,20120727,20120728,20120801 
Number is 96 
G.3.4_index_1_VS_G.4.4_index_1 [24] 
20120623,20120628,20120704,20120705,20120706,20120707,20120708,20120709,20120711,20120713,20120715,20120716,20120721,20120722,20120728,20120729,20120801 
G.3.3_index_1_VS_G.4.1_index_2 [25] 
20120620,20120622,20120624,20120702,20120704,20120705,20120706,20120707,20120708,20120709,20120711,20120713,20120714,20120715,20120718,20120720,20120722,20120723,20120726,20120730 
Number is 97 
G.7.1_index_1_VS_G.5.4_index_3 [26] 
20120628,20120702,20120704,20120705,20120706,20120707,20120708,20120709,20120711,20120713,20120715,20120716,20120718,20120719,20120723,20120724,20120727,20120729,20120730 
G.5.5_index_4_VS_G.5.4_index_3 [27] 
20120620,20120627,20120628,20120629,20120701,20120703,20120704,20120705,20120706,20120707,20120708,20120709,20120715,20120716,20120718,20120719,20120720,20120724,20120729,20120730 
