======== Current: 20120711 ========= 
Number is 08 
G.2.1_index_5_VS_G.2.1_index_4 [1] PLUS 1 
20120621,20120701,20120703,20120705,20120706,20120707,20120708,20120709,20120710,20120711,20120714,20120716,20120717,20120724,20120726,20120727,20120730,20120731 
Number is 18 
G.3.3_index_3_VS_G.5.1_index_3 [2] 
20120620,20120621,20120623,20120624,20120627,20120629,20120630,20120703,20120704,20120705,20120706,20120707,20120708,20120709,20120710,20120717,20120721,20120724,20120725,20120726,20120727,20120729,20120730,20120801 
Number is 24 
G.7.3_index_1_VS_G.1.1_index_3 [3] 
20120622,20120625,20120629,20120701,20120704,20120705,20120706,20120707,20120708,20120709,20120710,20120712,20120713,20120718,20120721,20120723,20120724,20120728 
G.4.2_index_1_VS_G.4.1_index_3 [4] 
20120622,20120624,20120629,20120630,20120701,20120702,20120705,20120706,20120707,20120708,20120709,20120710,20120713,20120717,20120719,20120721,20120724,20120725,20120726,20120730,20120731,20120801 
Number is 28 
G.3.6_index_5_VS_G.6.3_index_3 [5] PLUS 1 
20120620,20120621,20120622,20120624,20120626,20120630,20120701,20120703,20120705,20120706,20120707,20120708,20120709,20120710,20120711,20120713,20120715,20120721,20120722,20120725,20120726,20120727 
Number is 29 
G.7.3_index_1_VS_G.3.6_index_2 [6] 
20120621,20120623,20120626,20120629,20120630,20120704,20120705,20120706,20120707,20120708,20120709,20120710,20120717,20120718,20120730 
Number is 39 
G.3.1_index_4_VS_G.3.6_index_2 [7] 
20120623,20120624,20120630,20120705,20120706,20120707,20120708,20120709,20120710,20120713,20120719,20120721,20120722,20120723,20120724,20120728,20120731 
G.3.1_index_4_VS_G.DB_index_3 [8] 
20120624,20120625,20120702,20120704,20120705,20120706,20120707,20120708,20120709,20120710,20120713,20120714,20120717,20120719,20120720,20120721,20120724,20120730 
Number is 67 
G.3.5_index_1_VS_G.DB_index_2 [9] PLUS 1 
20120622,20120624,20120625,20120628,20120630,20120702,20120704,20120705,20120706,20120707,20120708,20120709,20120710,20120711,20120712,20120713,20120714,20120716,20120719,20120720,20120722,20120725,20120726,20120729,20120801 
Number is 71 
G.DB_index_2_VS_G.4.1_index_1 [10] 
20120622,20120624,20120625,20120627,20120628,20120702,20120704,20120705,20120706,20120707,20120708,20120709,20120710,20120712,20120713,20120721,20120722,20120724,20120726,20120727,20120729,20120730,20120801 
Number is 74 
G.5.2_index_2_VS_G.3.4_index_2 [11] PLUS 1 
20120625,20120626,20120628,20120701,20120703,20120704,20120705,20120706,20120707,20120708,20120709,20120710,20120711,20120712,20120715,20120718,20120719,20120725,20120730,20120801 
Number is 80 
G.6.3_index_3_VS_G.6.3_index_1 [12] PLUS 1 
20120621,20120622,20120626,20120630,20120701,20120703,20120705,20120706,20120707,20120708,20120709,20120710,20120711,20120713,20120715,20120719,20120722,20120723,20120724,20120725,20120730,20120801 
G.5.4_index_4_VS_G.4.2_index_4 [13] PLUS 1 
20120620,20120622,20120623,20120625,20120630,20120701,20120704,20120705,20120706,20120707,20120708,20120709,20120710,20120711,20120712,20120713,20120715,20120716,20120718,20120719,20120721,20120722,20120723,20120727,20120729,20120731 
Number is 83 
G.3.4_index_4_VS_G.7.2_index_1 [14] PLUS 1 
20120620,20120622,20120625,20120626,20120629,20120702,20120705,20120706,20120707,20120708,20120709,20120710,20120711,20120713,20120716,20120720,20120723,20120724,20120727,20120801 
Number is 85 
G.4.3_index_2_VS_G.5.1_index_2 [15] PLUS 1 
20120627,20120702,20120705,20120706,20120707,20120708,20120709,20120710,20120711,20120712,20120715,20120719,20120721,20120722,20120727,20120731 
Number is 87 
G.6.2_index_3_VS_G.DB_index_2 [16] PLUS 1 
20120623,20120624,20120627,20120629,20120703,20120705,20120706,20120707,20120708,20120709,20120710,20120711,20120713,20120719,20120720,20120721,20120722,20120724,20120726,20120729,20120730,20120801 
Number is 89 
G.4.3_index_2_VS_G.6.1_index_3 [17] 
20120620,20120623,20120624,20120625,20120703,20120705,20120706,20120707,20120708,20120709,20120710,20120713,20120714,20120718,20120719,20120722,20120728,20120731,20120801 
Number is 97 
G.6.2_index_1_VS_G.DB_index_2 [18] PLUS 1 
20120622,20120624,20120628,20120630,20120701,20120703,20120704,20120705,20120706,20120707,20120708,20120709,20120710,20120711,20120712,20120714,20120720,20120721,20120722,20120725,20120727 
