Last Date = 20130531
Number is 08
G.4.4_index_1_VS_G.3.3_index_4 [1] 
Ngay: 20130423,20130425,20130426,20130427,20130428,20130429,20130430,20130501,20130507,20130509,20130510,20130511,20130514,20130516,20130518,20130521,20130525,20130527,20130528,20130530
Number is 18
G.DB_index_4_VS_G.3.6_index_1 [2] 
Ngay: 20130420,20130421,20130422,20130425,20130426,20130427,20130428,20130429,20130430,20130501,20130513,20130517,20130519,20130520,20130521,20130524,20130526,20130527,20130529
Number is 20
G.4.4_index_2_VS_G.2.1_index_5 [3] 
Ngay: 20130426,20130427,20130428,20130429,20130430,20130501,20130502,20130503,20130505,20130511,20130512,20130515,20130517,20130518,20130519,20130521,20130522,20130528,20130530
Number is 22
G.5.5_index_3_VS_G.3.1_index_2 [4] 
Ngay: 20130425,20130426,20130427,20130428,20130429,20130430,20130501,20130504,20130507,20130508,20130510,20130513,20130514,20130516,20130520,20130522,20130526,20130529
G.3.1_index_2_VS_G.3.2_index_2 [5] 
Ngay: 20130420,20130421,20130422,20130423,20130424,20130425,20130426,20130427,20130428,20130429,20130430,20130501,20130503,20130505,20130506,20130510,20130512,20130514,20130516,20130518,20130528,20130530
Number is 25
G.3.1_index_2_VS_G.5.2_index_4 [6] 
Ngay: 20130420,20130421,20130422,20130425,20130426,20130427,20130428,20130429,20130430,20130501,20130512,20130513,20130514,20130515,20130518,20130519,20130521,20130522,20130523,20130528,20130530
Number is 41
G.2.1_index_4_VS_G.DB_index_4 [7] 
Ngay: 20130425,20130426,20130427,20130428,20130429,20130430,20130501,20130502,20130504,20130515,20130516,20130519,20130521,20130523,20130524,20130527,20130529
Number is 42
G.5.3_index_1_VS_G.3.1_index_2 [8] 
Ngay: 20130420,20130425,20130426,20130427,20130428,20130429,20130430,20130501,20130504,20130509,20130510,20130511,20130514,20130521,20130524,20130526
Number is 44
G.4.4_index_4_VS_G.3.3_index_3 [9] 
Ngay: 20130422,20130425,20130426,20130427,20130428,20130429,20130430,20130501,20130503,20130505,20130506,20130507,20130511,20130513,20130515,20130517,20130519,20130522,20130524,20130529
G.3.6_index_2_VS_G.5.3_index_2 [10] 
Ngay: 20130421,20130422,20130425,20130426,20130427,20130428,20130429,20130430,20130501,20130505,20130506,20130507,20130510,20130512,20130515,20130519,20130521,20130523,20130524,20130530
Number is 45
G.4.4_index_4_VS_G.3.5_index_4 [11] 
Ngay: 20130420,20130426,20130427,20130428,20130429,20130430,20130501,20130502,20130504,20130506,20130508,20130510,20130511,20130513,20130514,20130515,20130519,20130523,20130525,20130526,20130527,20130529,20130530
Number is 48
G.4.4_index_4_VS_G.5.4_index_2 [12] 
Ngay: 20130420,20130426,20130427,20130428,20130429,20130430,20130501,20130503,20130504,20130505,20130506,20130517,20130519,20130524,20130525,20130527,20130529
Number is 54
G.1.1_index_2_VS_G.4.2_index_3 [13] 
Ngay: 20130423,20130425,20130426,20130427,20130428,20130429,20130430,20130501,20130502,20130505,20130506,20130507,20130509,20130510,20130511,20130513,20130514,20130516,20130517,20130519,20130522,20130524,20130525,20130528,20130529
Number is 56
G.1.1_index_2_VS_G.5.2_index_2 [14] 
Ngay: 20130420,20130425,20130426,20130427,20130428,20130429,20130430,20130501,20130505,20130508,20130510,20130513,20130514,20130515,20130516,20130519,20130520,20130521,20130523,20130524,20130525,20130529
Number is 57
G.5.2_index_4_VS_G.5.4_index_3 [15] 
Ngay: 20130421,20130426,20130427,20130428,20130429,20130430,20130501,20130505,20130506,20130507,20130509,20130513,20130514,20130515,20130516,20130519,20130520,20130524,20130528,20130529
Number is 58
G.3.5_index_3_VS_G.4.3_index_3 [16] 
Ngay: 20130420,20130423,20130424,20130426,20130427,20130428,20130429,20130430,20130501,20130503,20130506,20130507,20130511,20130513,20130516,20130518,20130524,20130525,20130526,20130530
Number is 62
G.4.4_index_3_VS_G.3.2_index_2 [17] 
Ngay: 20130420,20130421,20130423,20130424,20130425,20130426,20130427,20130428,20130429,20130430,20130501,20130504,20130505,20130507,20130512,20130515,20130519,20130520,20130524,20130525,20130526,20130527,20130530
Number is 64
G.5.5_index_4_VS_G.3.3_index_1 [18] 
Ngay: 20130420,20130425,20130426,20130427,20130428,20130429,20130430,20130501,20130504,20130506,20130508,20130515,20130517,20130520,20130522,20130523,20130525,20130527,20130529
Number is 68
G.4.4_index_3_VS_G.3.3_index_4 [19] 
Ngay: 20130422,20130424,20130426,20130427,20130428,20130429,20130430,20130501,20130507,20130508,20130509,20130511,20130512,20130514,20130515,20130520,20130524,20130526,20130530
Number is 69
G.1.1_index_5_VS_G.DB_index_1 [20] 
Ngay: 20130420,20130423,20130425,20130426,20130427,20130428,20130429,20130430,20130501,20130503,20130504,20130507,20130508,20130511,20130512,20130515,20130516,20130518,20130520,20130522,20130527
Number is 75
G.5.4_index_3_VS_G.6.1_index_1 [21] 
Ngay: 20130421,20130423,20130426,20130427,20130428,20130429,20130430,20130501,20130502,20130504,20130507,20130512,20130515,20130516,20130518,20130521,20130522,20130523,20130524,20130528,20130529
Number is 84
G.4.3_index_3_VS_G.2.1_index_4 [22] 
Ngay: 20130420,20130421,20130426,20130427,20130428,20130429,20130430,20130501,20130502,20130504,20130505,20130506,20130516,20130517,20130518,20130524,20130525,20130529
G.4.3_index_3_VS_G.5.3_index_1 [23] 
Ngay: 20130423,20130424,20130426,20130427,20130428,20130429,20130430,20130501,20130504,20130505,20130510,20130511,20130513,20130514,20130517,20130518,20130525,20130526,20130529
Number is 90
G.3.5_index_2_VS_G.3.3_index_5 [24] 
Ngay: 20130423,20130425,20130426,20130427,20130428,20130429,20130430,20130501,20130502,20130503,20130506,20130510,20130512,20130513,20130514,20130515,20130516,20130519,20130521,20130523,20130524,20130525,20130526,20130527,20130529,20130530
Number is 94
G.3.2_index_5_VS_G.4.2_index_2 [25] 
Ngay: 20130421,20130422,20130426,20130427,20130428,20130429,20130430,20130501,20130503,20130505,20130506,20130509,20130510,20130511,20130512,20130515,20130516,20130518,20130520,20130524,20130525,20130526,20130529
Number is 99
G.7.2_index_1_VS_G.DB_index_1 [26] 
Ngay: 20130420,20130424,20130425,20130426,20130427,20130428,20130429,20130430,20130501,20130502,20130504,20130509,20130511,20130518,20130519,20130520,20130522,20130523,20130528,20130529
