Last Date = 20130503
Number is 02
G.3.4_index_2_VS_G.4.1_index_3 [1] 
Ngay: 20130420,20130422,20130423,20130427,20130428,20130429,20130430,20130501,20130502
Number is 03
G.3.3_index_1_VS_G.5.4_index_1 [2] 
Ngay: 20130420,20130422,20130425,20130427,20130428,20130429,20130430,20130501,20130502
G.DB_index_4_VS_G.3.6_index_2 [3] 
Ngay: 20130420,20130427,20130428,20130429,20130430,20130501,20130502
Number is 05
G.DB_index_4_VS_G.2.2_index_4 [4] 
Ngay: 20130420,20130421,20130423,20130425,20130427,20130428,20130429,20130430,20130501,20130502
Number is 13
G.1.1_index_5_VS_G.6.3_index_3 [5] 
Ngay: 20130420,20130421,20130423,20130425,20130427,20130428,20130429,20130430,20130501,20130502
Number is 14
G.4.4_index_2_VS_G.4.4_index_3 [6] 
Ngay: 20130425,20130427,20130428,20130429,20130430,20130501,20130502
Number is 15
G.4.4_index_2_VS_G.2.1_index_5 [7] 
Ngay: 20130426,20130427,20130428,20130429,20130430,20130501,20130502
Number is 22
G.5.5_index_2_VS_G.5.1_index_1 [8] 
Ngay: 20130420,20130421,20130422,20130427,20130428,20130429,20130430,20130501,20130502
Number is 30
G.3.5_index_2_VS_G.3.3_index_5 [9] 
Ngay: 20130423,20130425,20130426,20130427,20130428,20130429,20130430,20130501,20130502
G.5.3_index_1_VS_G.DB_index_4 [10] 
Ngay: 20130420,20130423,20130424,20130427,20130428,20130429,20130430,20130501,20130502
Number is 32
G.4.4_index_4_VS_G.5.1_index_3 [11] 
Ngay: 20130420,20130427,20130428,20130429,20130430,20130501,20130502
Number is 33
G.4.4_index_4_VS_G.3.5_index_4 [12] 
Ngay: 20130420,20130426,20130427,20130428,20130429,20130430,20130501,20130502
Number is 35
G.3.6_index_2_VS_G.2.2_index_4 [13] 
Ngay: 20130420,20130421,20130423,20130425,20130427,20130428,20130429,20130430,20130501,20130502
Number is 38
G.4.4_index_4_VS_G.7.2_index_1 [14] 
Ngay: 20130420,20130421,20130422,20130423,20130425,20130427,20130428,20130429,20130430,20130501,20130502
Number is 48
G.4.1_index_4_VS_G.6.1_index_1 [15] 
Ngay: 20130420,20130424,20130427,20130428,20130429,20130430,20130501,20130502
G.5.4_index_3_VS_G.6.1_index_1 [16] 
Ngay: 20130421,20130423,20130426,20130427,20130428,20130429,20130430,20130501,20130502
Number is 51
G.3.1_index_5_VS_G.4.4_index_2 [17] 
Ngay: 20130422,20130424,20130427,20130428,20130429,20130430,20130501,20130502
Number is 54
G.3.1_index_5_VS_G.3.2_index_2 [18] 
Ngay: 20130420,20130421,20130427,20130428,20130429,20130430,20130501,20130502
Number is 60
G.2.1_index_4_VS_G.DB_index_4 [19] 
Ngay: 20130425,20130426,20130427,20130428,20130429,20130430,20130501,20130502
Number is 66
G.4.3_index_3_VS_G.2.1_index_4 [20] 
Ngay: 20130420,20130421,20130426,20130427,20130428,20130429,20130430,20130501,20130502
Number is 73
G.1.1_index_2_VS_G.4.2_index_3 [21] 
Ngay: 20130423,20130425,20130426,20130427,20130428,20130429,20130430,20130501,20130502
Number is 80
G.5.5_index_3_VS_G.DB_index_4 [22] 
Ngay: 20130420,20130427,20130428,20130429,20130430,20130501,20130502
Number is 86
G.5.5_index_3_VS_G.4.3_index_3 [23] 
Ngay: 20130422,20130427,20130428,20130429,20130430,20130501,20130502
Number is 87
G.7.2_index_1_VS_G.DB_index_1 [24] 
Ngay: 20130420,20130424,20130425,20130426,20130427,20130428,20130429,20130430,20130501,20130502
Number is 89
G.6.1_index_1_VS_G.3.5_index_3 [25] 
Ngay: 20130421,20130424,20130425,20130427,20130428,20130429,20130430,20130501,20130502
Number is 93
G.3.5_index_3_VS_G.2.1_index_2 [26] 
Ngay: 20130427,20130428,20130429,20130430,20130501,20130502
Number is 95
G.3.3_index_4_VS_G.2.2_index_4 [27] 
Ngay: 20130420,20130424,20130427,20130428,20130429,20130430,20130501,20130502
