Last Date = 20130510
Number is 05
G.3.3_index_4_VS_G.4.4_index_4 [1] 
Ngay: 20130420,20130424,20130428,20130501,20130503,20130504,20130505,20130506,20130507,20130508,20130509
G.3.3_index_4_VS_G.6.2_index_3 [2] 
Ngay: 20130420,20130422,20130423,20130428,20130429,20130430,20130501,20130503,20130504,20130505,20130506,20130507,20130508,20130509
Number is 13
G.DB_index_1_VS_G.4.3_index_1 [3] 
Ngay: 20130420,20130421,20130423,20130425,20130427,20130428,20130430,20130504,20130505,20130506,20130507,20130508,20130509
Number is 24
G.5.2_index_3_VS_G.3.4_index_2 [4] 
Ngay: 20130420,20130421,20130422,20130424,20130502,20130504,20130505,20130506,20130507,20130508,20130509
G.5.2_index_2_VS_G.4.2_index_2 [5] 
Ngay: 20130420,20130425,20130426,20130428,20130430,20130501,20130503,20130504,20130505,20130506,20130507,20130508,20130509
Number is 26
G.3.2_index_1_VS_G.2.2_index_4 [6] 
Ngay: 20130420,20130423,20130424,20130425,20130429,20130430,20130504,20130505,20130506,20130507,20130508,20130509
G.5.3_index_2_VS_G.7.3_index_2 [7] 
Ngay: 20130420,20130421,20130425,20130426,20130430,20130502,20130503,20130504,20130505,20130506,20130507,20130508,20130509
Number is 27
G.1.1_index_2_VS_G.DB_index_5 [8] 
Ngay: 20130423,20130424,20130426,20130427,20130429,20130503,20130504,20130505,20130506,20130507,20130508,20130509
Number is 28
G.7.1_index_2_VS_G.6.2_index_1 [9] 
Ngay: 20130425,20130426,20130427,20130428,20130430,20130502,20130503,20130504,20130505,20130506,20130507,20130508,20130509
Number is 45
G.3.3_index_1_VS_G.4.4_index_4 [10] 
Ngay: 20130420,20130422,20130425,20130426,20130428,20130429,20130501,20130502,20130503,20130504,20130505,20130506,20130507,20130508,20130509
Number is 54
G.DB_index_2_VS_G.4.2_index_2 [11] 
Ngay: 20130424,20130425,20130426,20130430,20130501,20130502,20130503,20130504,20130505,20130506,20130507,20130508,20130509
G.7.2_index_1_VS_G.6.3_index_3 [12] 
Ngay: 20130420,20130422,20130423,20130424,20130425,20130427,20130503,20130504,20130505,20130506,20130507,20130508,20130509
G.3.2_index_5_VS_G.3.4_index_2 [13] 
Ngay: 20130420,20130426,20130501,20130503,20130504,20130505,20130506,20130507,20130508,20130509
Number is 55
G.7.2_index_1_VS_G.6.2_index_3 [14] 
Ngay: 20130421,20130422,20130423,20130425,20130426,20130428,20130504,20130505,20130506,20130507,20130508,20130509
Number is 56
G.1.1_index_5_VS_G.1.1_index_1 [15] 
Ngay: 20130420,20130421,20130423,20130424,20130425,20130426,20130429,20130502,20130504,20130505,20130506,20130507,20130508,20130509
G.5.2_index_4_VS_G.7.3_index_2 [16] 
Ngay: 20130420,20130429,20130430,20130501,20130502,20130504,20130505,20130506,20130507,20130508,20130509
Number is 60
G.4.1_index_4_VS_G.3.1_index_5 [17] 
Ngay: 20130420,20130422,20130424,20130428,20130429,20130503,20130504,20130505,20130506,20130507,20130508,20130509
Number is 61
G.1.1_index_1_VS_G.DB_index_1 [18] 
Ngay: 20130420,20130425,20130428,20130429,20130501,20130504,20130505,20130506,20130507,20130508,20130509
Number is 68
G.1.1_index_1_VS_G.5.1_index_2 [19] 
Ngay: 20130421,20130424,20130425,20130428,20130503,20130504,20130505,20130506,20130507,20130508,20130509
Number is 72
G.3.6_index_5_VS_G.5.3_index_2 [20] 
Ngay: 20130421,20130425,20130426,20130427,20130430,20130502,20130503,20130504,20130505,20130506,20130507,20130508,20130509
Number is 73
G.3.2_index_2_VS_G.3.4_index_3 [21] 
Ngay: 20130422,20130427,20130502,20130503,20130504,20130505,20130506,20130507,20130508,20130509
Number is 92
G.7.1_index_1_VS_G.1.1_index_2 [22] 
Ngay: 20130420,20130428,20130429,20130504,20130505,20130506,20130507,20130508,20130509
