Last Date = 20130511
Number is 02
G.1.1_index_5_VS_G.4.4_index_3 [1] 
Ngay: 20130420,20130423,20130425,20130427,20130430,20130502,20130503,20130505,20130506,20130507,20130508,20130509,20130510
G.3.4_index_2_VS_G.DB_index_2 [2] 
Ngay: 20130421,20130422,20130425,20130501,20130502,20130503,20130505,20130506,20130507,20130508,20130509,20130510
Number is 06
G.3.4_index_2_VS_G.1.1_index_1 [3] 
Ngay: 20130420,20130421,20130425,20130427,20130428,20130429,20130503,20130505,20130506,20130507,20130508,20130509,20130510
Number is 07
G.7.2_index_1_VS_G.6.3_index_3 [4] 
Ngay: 20130420,20130422,20130423,20130424,20130425,20130427,20130503,20130504,20130505,20130506,20130507,20130508,20130509,20130510
Number is 21
G.DB_index_2_VS_G.4.2_index_2 [5] 
Ngay: 20130424,20130425,20130426,20130430,20130501,20130502,20130503,20130504,20130505,20130506,20130507,20130508,20130509,20130510
Number is 22
G.3.3_index_1_VS_G.4.4_index_4 [6] 
Ngay: 20130420,20130422,20130425,20130426,20130428,20130429,20130501,20130502,20130503,20130504,20130505,20130506,20130507,20130508,20130509,20130510
Number is 23
G.3.5_index_5_VS_G.3.6_index_4 [7] 
Ngay: 20130420,20130421,20130422,20130423,20130430,20130505,20130506,20130507,20130508,20130509,20130510
Number is 32
G.1.1_index_2_VS_G.4.4_index_1 [8] 
Ngay: 20130420,20130429,20130430,20130501,20130503,20130505,20130506,20130507,20130508,20130509,20130510
G.3.3_index_4_VS_G.4.4_index_4 [9] 
Ngay: 20130420,20130424,20130428,20130501,20130503,20130504,20130505,20130506,20130507,20130508,20130509,20130510
Number is 34
G.3.3_index_4_VS_G.6.2_index_3 [10] 
Ngay: 20130420,20130422,20130423,20130428,20130429,20130430,20130501,20130503,20130504,20130505,20130506,20130507,20130508,20130509,20130510
Number is 43
G.7.1_index_1_VS_G.1.1_index_2 [11] 
Ngay: 20130420,20130428,20130429,20130504,20130505,20130506,20130507,20130508,20130509,20130510
Number is 47
G.2.1_index_3_VS_G.6.3_index_2 [12] 
Ngay: 20130420,20130422,20130426,20130427,20130501,20130502,20130503,20130505,20130506,20130507,20130508,20130509,20130510
Number is 50
G.5.3_index_1_VS_G.6.3_index_1 [13] 
Ngay: 20130422,20130423,20130427,20130430,20130501,20130502,20130505,20130506,20130507,20130508,20130509,20130510
Number is 62
G.5.1_index_4_VS_G.3.5_index_5 [14] 
Ngay: 20130422,20130428,20130505,20130506,20130507,20130508,20130509,20130510
G.1.1_index_1_VS_G.5.1_index_2 [15] 
Ngay: 20130421,20130424,20130425,20130428,20130503,20130504,20130505,20130506,20130507,20130508,20130509,20130510
Number is 64
G.1.1_index_1_VS_G.3.2_index_2 [16] 
Ngay: 20130420,20130425,20130505,20130506,20130507,20130508,20130509,20130510
Number is 66
G.4.1_index_4_VS_G.3.1_index_5 [17] 
Ngay: 20130420,20130422,20130424,20130428,20130429,20130503,20130504,20130505,20130506,20130507,20130508,20130509,20130510
G.3.2_index_1_VS_G.2.2_index_4 [18] 
Ngay: 20130420,20130423,20130424,20130425,20130429,20130430,20130504,20130505,20130506,20130507,20130508,20130509,20130510
G.3.1_index_5_VS_G.3.6_index_1 [19] 
Ngay: 20130425,20130429,20130501,20130503,20130505,20130506,20130507,20130508,20130509,20130510
Number is 80
G.3.2_index_5_VS_G.3.4_index_2 [20] 
Ngay: 20130420,20130426,20130501,20130503,20130504,20130505,20130506,20130507,20130508,20130509,20130510
Number is 83
G.3.1_index_4_VS_G.3.6_index_4 [21] 
Ngay: 20130420,20130421,20130423,20130425,20130426,20130427,20130429,20130502,20130505,20130506,20130507,20130508,20130509,20130510
Number is 85
G.5.3_index_2_VS_G.7.3_index_2 [22] 
Ngay: 20130420,20130421,20130425,20130426,20130430,20130502,20130503,20130504,20130505,20130506,20130507,20130508,20130509,20130510
Number is 97
G.5.4_index_3_VS_G.6.3_index_2 [23] 
Ngay: 20130420,20130424,20130427,20130501,20130502,20130503,20130505,20130506,20130507,20130508,20130509,20130510
