Last Date = 20130517
Number is 00
G.5.4_index_3_VS_G.3.5_index_4 [1] 
Ngay: 20130420,20130421,20130426,20130501,20130502,20130505,20130506,20130507,20130509,20130511,20130512,20130513,20130514,20130515,20130516
Number is 10
G.DB_index_1_VS_G.5.2_index_1 [2] 
Ngay: 20130420,20130422,20130423,20130425,20130428,20130430,20130503,20130504,20130505,20130507,20130508,20130511,20130512,20130513,20130514,20130515,20130516
Number is 11
G.3.5_index_3_VS_G.5.3_index_2 [3] 
Ngay: 20130420,20130421,20130422,20130426,20130503,20130506,20130507,20130511,20130512,20130513,20130514,20130515,20130516
Number is 19
G.4.4_index_3_VS_G.3.3_index_3 [4] 
Ngay: 20130425,20130426,20130428,20130502,20130505,20130508,20130510,20130511,20130512,20130513,20130514,20130515,20130516
Number is 31
G.2.2_index_2_VS_G.4.2_index_2 [5] 
Ngay: 20130425,20130427,20130428,20130430,20130502,20130506,20130511,20130512,20130513,20130514,20130515,20130516
G.4.1_index_2_VS_G.3.3_index_2 [6] 
Ngay: 20130421,20130422,20130424,20130425,20130427,20130429,20130505,20130506,20130509,20130511,20130512,20130513,20130514,20130515,20130516
Number is 33
G.2.1_index_4_VS_G.5.2_index_4 [7] 
Ngay: 20130420,20130422,20130423,20130428,20130429,20130430,20130501,20130502,20130503,20130511,20130512,20130513,20130514,20130515,20130516
Number is 34
G.5.2_index_4_VS_G.5.1_index_4 [8] 
Ngay: 20130425,20130428,20130429,20130430,20130501,20130504,20130506,20130510,20130511,20130512,20130513,20130514,20130515,20130516
Number is 35
G.2.2_index_2_VS_G.4.3_index_2 [9] 
Ngay: 20130423,20130424,20130425,20130502,20130503,20130511,20130512,20130513,20130514,20130515,20130516
Number is 37
G.4.1_index_4_VS_G.2.1_index_2 [10] 
Ngay: 20130420,20130426,20130428,20130429,20130430,20130502,20130509,20130510,20130511,20130512,20130513,20130514,20130515,20130516
G.3.5_index_2_VS_G.3.2_index_1 [11] 
Ngay: 20130420,20130427,20130429,20130505,20130507,20130508,20130509,20130511,20130512,20130513,20130514,20130515,20130516
Number is 38
G.2.2_index_2_VS_G.6.3_index_3 [12] 
Ngay: 20130420,20130425,20130427,20130428,20130503,20130504,20130505,20130508,20130509,20130511,20130512,20130513,20130514,20130515,20130516
G.5.2_index_4_VS_G.3.5_index_5 [13] 
Ngay: 20130420,20130422,20130425,20130426,20130427,20130428,20130430,20130501,20130504,20130505,20130506,20130507,20130509,20130511,20130512,20130513,20130514,20130515,20130516
Number is 39
G.2.2_index_1_VS_G.7.3_index_2 [14] 
Ngay: 20130421,20130424,20130426,20130429,20130503,20130508,20130509,20130510,20130511,20130512,20130513,20130514,20130515,20130516
Number is 40
G.5.1_index_4_VS_G.5.4_index_3 [15] 
Ngay: 20130420,20130423,20130424,20130427,20130429,20130501,20130502,20130505,20130506,20130507,20130511,20130512,20130513,20130514,20130515,20130516
Number is 52
G.4.3_index_2_VS_G.5.3_index_4 [16] 
Ngay: 20130421,20130422,20130501,20130505,20130507,20130508,20130511,20130512,20130513,20130514,20130515,20130516
Number is 53
G.4.3_index_2_VS_G.2.1_index_4 [17] 
Ngay: 20130420,20130428,20130429,20130501,20130505,20130511,20130512,20130513,20130514,20130515,20130516
Number is 72
G.2.1_index_2_VS_G.5.3_index_4 [18] 
Ngay: 20130425,20130428,20130429,20130430,20130502,20130506,20130507,20130508,20130509,20130510,20130511,20130512,20130513,20130514,20130515,20130516
G.DB_index_2_VS_G.3.1_index_3 [19] 
Ngay: 20130425,20130426,20130430,20130503,20130505,20130506,20130507,20130511,20130512,20130513,20130514,20130515,20130516
Number is 78
G.3.1_index_5_VS_G.6.3_index_3 [20] 
Ngay: 20130422,20130425,20130426,20130427,20130428,20130501,20130505,20130506,20130511,20130512,20130513,20130514,20130515,20130516
G.2.1_index_2_VS_G.6.3_index_3 [21] 
Ngay: 20130425,20130427,20130502,20130504,20130507,20130511,20130512,20130513,20130514,20130515,20130516
Number is 82
G.6.3_index_3_VS_G.3.1_index_3 [22] 
Ngay: 20130420,20130422,20130424,20130425,20130427,20130503,20130506,20130507,20130508,20130509,20130511,20130512,20130513,20130514,20130515,20130516
Number is 85
G.2.1_index_1_VS_G.7.2_index_2 [23] 
Ngay: 20130422,20130427,20130501,20130509,20130510,20130511,20130512,20130513,20130514,20130515,20130516
Number is 98
G.3.4_index_5_VS_G.3.6_index_3 [24] 
Ngay: 20130421,20130424,20130428,20130430,20130501,20130502,20130504,20130506,20130507,20130508,20130509,20130510,20130511,20130512,20130513,20130514,20130515,20130516
