Last Date = 20130531
Number is 01
G.3.3_index_5_VS_G.6.3_index_1 [1] 
Ngay: 20130422,20130425,20130426,20130427,20130503,20130504,20130506,20130507,20130509,20130510,20130511,20130514,20130515,20130516,20130517,20130518,20130519,20130520,20130522,20130523,20130526,20130527
Number is 05
G.3.3_index_5_VS_G.5.2_index_1 [2] 
Ngay: 20130422,20130423,20130427,20130428,20130501,20130504,20130506,20130508,20130509,20130510,20130512,20130513,20130514,20130515,20130516,20130517,20130518,20130519,20130520,20130523,20130524,20130526,20130527,20130529,20130530
Number is 08
G.3.3_index_5_VS_G.4.3_index_1 [3] 
Ngay: 20130422,20130424,20130426,20130427,20130428,20130502,20130503,20130506,20130509,20130512,20130513,20130514,20130515,20130516,20130517,20130518,20130519,20130520,20130522,20130523,20130524,20130525,20130527,20130529
Number is 17
G.6.2_index_1_VS_G.DB_index_3 [4] 
Ngay: 20130425,20130430,20130502,20130507,20130509,20130510,20130511,20130513,20130514,20130515,20130516,20130517,20130518,20130519,20130525,20130527,20130529,20130530
Number is 20
G.4.1_index_3_VS_G.3.3_index_5 [5] 
Ngay: 20130422,20130424,20130425,20130502,20130504,20130506,20130509,20130512,20130514,20130515,20130516,20130517,20130518,20130519,20130521,20130523,20130524,20130526,20130527,20130528,20130530
Number is 22
G.6.3_index_2_VS_G.6.2_index_2 [6] 
Ngay: 20130420,20130421,20130425,20130426,20130503,20130505,20130509,20130510,20130512,20130514,20130515,20130516,20130517,20130518,20130519,20130520,20130525,20130527
G.3.2_index_2_VS_G.4.1_index_3 [7] 
Ngay: 20130420,20130423,20130424,20130430,20130504,20130505,20130506,20130513,20130514,20130515,20130516,20130517,20130518,20130519,20130521,20130530
G.3.2_index_2_VS_G.6.3_index_2 [8] 
Ngay: 20130422,20130426,20130427,20130430,20130502,20130503,20130505,20130506,20130510,20130512,20130514,20130515,20130516,20130517,20130518,20130519,20130520,20130523,20130525,20130526,20130528
Number is 40
G.3.6_index_2_VS_G.3.3_index_5 [9] 
Ngay: 20130420,20130422,20130427,20130501,20130503,20130506,20130507,20130508,20130509,20130511,20130513,20130514,20130515,20130516,20130517,20130518,20130519,20130523,20130524,20130525,20130526,20130527,20130529
Number is 88
G.4.1_index_2_VS_G.2.1_index_2 [10] 
Ngay: 20130423,20130426,20130427,20130428,20130501,20130504,20130506,20130507,20130509,20130512,20130513,20130514,20130515,20130516,20130517,20130518,20130519,20130520,20130522,20130527
G.3.4_index_3_VS_G.5.4_index_2 [11] 
Ngay: 20130422,20130427,20130428,20130429,20130502,20130503,20130505,20130506,20130508,20130509,20130514,20130515,20130516,20130517,20130518,20130519,20130520,20130521,20130523,20130524,20130526,20130528
Number is 90
G.3.2_index_1_VS_G.5.1_index_4 [12] 
Ngay: 20130420,20130421,20130422,20130423,20130428,20130429,20130503,20130504,20130505,20130509,20130514,20130515,20130516,20130517,20130518,20130519,20130521,20130524,20130526,20130528,20130530
G.3.2_index_1_VS_G.6.2_index_3 [13] 
Ngay: 20130420,20130423,20130425,20130426,20130429,20130430,20130501,20130508,20130509,20130511,20130512,20130514,20130515,20130516,20130517,20130518,20130519,20130520,20130521,20130529,20130530
Number is 96
G.3.2_index_1_VS_G.2.2_index_1 [14] 
Ngay: 20130420,20130421,20130424,20130426,20130429,20130430,20130501,20130504,20130508,20130509,20130514,20130515,20130516,20130517,20130518,20130519,20130520,20130521,20130522,20130524,20130526,20130527,20130528,20130530
Number is 99
G.3.2_index_1_VS_G.7.2_index_1 [15] 
Ngay: 20130420,20130425,20130426,20130429,20130430,20130501,20130504,20130506,20130507,20130509,20130512,20130513,20130514,20130515,20130516,20130517,20130518,20130519,20130520,20130521,20130523,20130524,20130525,20130527,20130530
