Last Date = 20130531
Number is 04
G.6.2_index_3_VS_G.3.2_index_4 [1] 
Ngay: 20130420,20130422,20130424,20130425,20130501,20130512,20130515,20130516,20130517,20130518,20130519,20130520,20130521,20130522,20130524,20130525,20130529,20130530
Number is 07
G.3.6_index_4_VS_G.DB_index_3 [2] 
Ngay: 20130421,20130422,20130424,20130501,20130502,20130503,20130504,20130508,20130509,20130512,20130513,20130515,20130516,20130517,20130518,20130519,20130520,20130521,20130525,20130526,20130529
Number is 26
G.6.3_index_2_VS_G.3.1_index_5 [3] 
Ngay: 20130420,20130422,20130426,20130427,20130429,20130501,20130503,20130504,20130505,20130506,20130509,20130510,20130511,20130512,20130516,20130517,20130518,20130519,20130520,20130521,20130522,20130527,20130528,20130529,20130530
Number is 28
G.4.4_index_2_VS_G.2.1_index_2 [4] 
Ngay: 20130422,20130429,20130502,20130506,20130509,20130512,20130515,20130516,20130517,20130518,20130519,20130520,20130521,20130526,20130527,20130528
Number is 31
G.2.2_index_3_VS_G.6.2_index_1 [5] 
Ngay: 20130421,20130422,20130424,20130425,20130427,20130430,20130506,20130507,20130509,20130510,20130515,20130516,20130517,20130518,20130519,20130520,20130521,20130522,20130527,20130528,20130530
Number is 33
G.DB_index_2_VS_G.7.4_index_2 [6] 
Ngay: 20130422,20130425,20130426,20130429,20130430,20130504,20130505,20130509,20130513,20130514,20130516,20130517,20130518,20130519,20130520,20130521,20130523,20130527,20130529,20130530
Number is 46
G.3.2_index_4_VS_G.2.2_index_1 [7] 
Ngay: 20130421,20130422,20130425,20130426,20130502,20130504,20130509,20130515,20130516,20130517,20130518,20130519,20130520,20130521,20130522,20130525,20130527
Number is 48
G.6.1_index_3_VS_G.5.4_index_2 [8] 
Ngay: 20130420,20130424,20130427,20130502,20130503,20130505,20130506,20130510,20130515,20130516,20130517,20130518,20130519,20130520,20130521,20130522,20130524,20130526
Number is 54
G.5.1_index_3_VS_G.3.3_index_1 [9] 
Ngay: 20130422,20130425,20130426,20130430,20130501,20130506,20130507,20130511,20130512,20130513,20130516,20130517,20130518,20130519,20130520,20130521,20130522,20130524,20130528
Number is 56
G.3.2_index_3_VS_G.3.1_index_5 [10] 
Ngay: 20130420,20130421,20130422,20130424,20130425,20130426,20130427,20130429,20130501,20130503,20130508,20130509,20130512,20130516,20130517,20130518,20130519,20130520,20130521,20130523,20130524,20130528
Number is 66
G.1.1_index_5_VS_G.3.1_index_5 [11] 
Ngay: 20130420,20130423,20130428,20130430,20130502,20130503,20130508,20130509,20130510,20130512,20130516,20130517,20130518,20130519,20130520,20130521,20130522,20130523,20130524,20130530
Number is 73
G.DB_index_3_VS_G.1.1_index_4 [12] 
Ngay: 20130420,20130423,20130424,20130426,20130428,20130501,20130502,20130504,20130507,20130510,20130511,20130512,20130513,20130515,20130516,20130517,20130518,20130519,20130520,20130521,20130522
Number is 82
G.3.4_index_3_VS_G.7.4_index_1 [13] 
Ngay: 20130422,20130425,20130429,20130430,20130503,20130507,20130509,20130510,20130512,20130514,20130516,20130517,20130518,20130519,20130520,20130521,20130522,20130523,20130526,20130529
Number is 88
G.3.4_index_3_VS_G.5.4_index_2 [14] 
Ngay: 20130422,20130427,20130428,20130429,20130502,20130503,20130505,20130506,20130508,20130509,20130514,20130515,20130516,20130517,20130518,20130519,20130520,20130521,20130523,20130524,20130526,20130528
Number is 89
G.4.3_index_3_VS_G.3.2_index_1 [15] 
Ngay: 20130420,20130426,20130501,20130502,20130504,20130505,20130509,20130510,20130513,20130516,20130517,20130518,20130519,20130520,20130521,20130524,20130526,20130529
G.5.4_index_2_VS_G.2.2_index_5 [16] 
Ngay: 20130420,20130424,20130428,20130502,20130503,20130505,20130507,20130511,20130512,20130515,20130516,20130517,20130518,20130519,20130520,20130521,20130522,20130523,20130527,20130529
Number is 90
G.3.2_index_1_VS_G.3.3_index_5 [17] 
Ngay: 20130421,20130427,20130428,20130501,20130502,20130503,20130505,20130506,20130508,20130509,20130513,20130515,20130516,20130517,20130518,20130519,20130520,20130521,20130522,20130523,20130525,20130527,20130529
G.3.2_index_1_VS_G.6.2_index_3 [18] 
Ngay: 20130420,20130423,20130425,20130426,20130429,20130430,20130501,20130508,20130509,20130511,20130512,20130514,20130515,20130516,20130517,20130518,20130519,20130520,20130521,20130529,20130530
Number is 96
G.3.2_index_1_VS_G.2.2_index_1 [19] 
Ngay: 20130420,20130421,20130424,20130426,20130429,20130430,20130501,20130504,20130508,20130509,20130514,20130515,20130516,20130517,20130518,20130519,20130520,20130521,20130522,20130524,20130526,20130527,20130528,20130530
Number is 98
G.3.1_index_1_VS_G.3.4_index_3 [20] 
Ngay: 20130422,20130426,20130427,20130501,20130502,20130503,20130516,20130517,20130518,20130519,20130520,20130521,20130522,20130527,20130529
Number is 99
G.3.2_index_1_VS_G.7.2_index_1 [21] 
Ngay: 20130420,20130425,20130426,20130429,20130430,20130501,20130504,20130506,20130507,20130509,20130512,20130513,20130514,20130515,20130516,20130517,20130518,20130519,20130520,20130521,20130523,20130524,20130525,20130527,20130530
