Last Date = 20130531
Number is 00
G.4.2_index_1_VS_G.5.3_index_4 [1] 
Ngay: 20130422,20130426,20130430,20130504,20130506,20130507,20130512,20130513,20130514,20130515,20130516,20130518,20130519,20130520,20130521,20130522,20130523,20130525
Number is 12
G.6.2_index_1_VS_G.3.6_index_5 [2] 
Ngay: 20130422,20130427,20130430,20130504,20130505,20130507,20130508,20130509,20130511,20130513,20130518,20130519,20130520,20130521,20130522,20130523,20130525,20130527,20130528
Number is 18
G.5.6_index_1_VS_G.3.6_index_1 [3] 
Ngay: 20130420,20130425,20130428,20130429,20130503,20130504,20130509,20130510,20130511,20130516,20130518,20130519,20130520,20130521,20130522,20130523,20130524,20130525,20130528,20130529
Number is 20
G.6.1_index_2_VS_G.6.2_index_3 [4] 
Ngay: 20130423,20130424,20130425,20130428,20130429,20130504,20130505,20130506,20130507,20130509,20130515,20130518,20130519,20130520,20130521,20130522,20130523,20130527,20130528,20130529
Number is 22
G.6.3_index_2_VS_G.7.1_index_2 [5] 
Ngay: 20130423,20130426,20130427,20130428,20130501,20130502,20130503,20130505,20130506,20130511,20130515,20130517,20130518,20130519,20130520,20130521,20130522,20130523,20130525,20130527,20130528,20130529
Number is 32
G.1.1_index_4_VS_G.7.4_index_1 [6] 
Ngay: 20130421,20130423,20130424,20130425,20130426,20130427,20130428,20130503,20130507,20130508,20130510,20130512,20130515,20130518,20130519,20130520,20130521,20130522,20130523,20130525,20130527,20130529
Number is 36
G.1.1_index_4_VS_G.3.1_index_5 [7] 
Ngay: 20130422,20130424,20130426,20130428,20130429,20130501,20130503,20130504,20130505,20130506,20130509,20130510,20130512,20130515,20130517,20130518,20130519,20130520,20130521,20130522,20130523,20130528,20130530
Number is 44
G.2.1_index_4_VS_G.3.3_index_3 [8] 
Ngay: 20130420,20130425,20130430,20130501,20130502,20130503,20130504,20130505,20130516,20130518,20130519,20130520,20130521,20130522,20130523,20130525,20130530
Number is 48
G.4.2_index_2_VS_G.3.4_index_5 [9] 
Ngay: 20130424,20130425,20130428,20130430,20130501,20130504,20130506,20130507,20130511,20130513,20130515,20130518,20130519,20130520,20130521,20130522,20130523,20130524,20130525,20130527
Number is 50
G.5.4_index_4_VS_G.4.2_index_1 [10] 
Ngay: 20130420,20130423,20130430,20130502,20130503,20130506,20130508,20130509,20130514,20130518,20130519,20130520,20130521,20130522,20130523,20130527,20130530
Number is 51
G.5.2_index_4_VS_G.DB_index_4 [11] 
Ngay: 20130423,20130425,20130426,20130427,20130429,20130430,20130501,20130503,20130506,20130507,20130509,20130510,20130512,20130513,20130515,20130516,20130518,20130519,20130520,20130521,20130522,20130523,20130528
Number is 52
G.5.1_index_3_VS_G.6.3_index_2 [12] 
Ngay: 20130424,20130426,20130501,20130511,20130512,20130517,20130518,20130519,20130520,20130521,20130522,20130523,20130527,20130530
G.3.5_index_4_VS_G.4.4_index_2 [13] 
Ngay: 20130422,20130424,20130426,20130430,20130502,20130506,20130512,20130514,20130518,20130519,20130520,20130521,20130522,20130523,20130524,20130525,20130527
G.5.2_index_4_VS_G.4.1_index_3 [14] 
Ngay: 20130420,20130421,20130422,20130427,20130428,20130430,20130501,20130503,20130504,20130508,20130517,20130518,20130519,20130520,20130521,20130522,20130523,20130524,20130528,20130530
G.5.6_index_4_VS_G.6.3_index_2 [15] 
Ngay: 20130422,20130424,20130425,20130427,20130501,20130503,20130504,20130506,20130510,20130512,20130514,20130517,20130518,20130519,20130520,20130521,20130522,20130523,20130524,20130525,20130527,20130528,20130529
Number is 54
G.3.2_index_3_VS_G.7.3_index_2 [16] 
Ngay: 20130421,20130424,20130426,20130429,20130503,20130505,20130506,20130507,20130509,20130511,20130514,20130516,20130518,20130519,20130520,20130521,20130522,20130523,20130527,20130530
Number is 57
G.5.2_index_1_VS_G.4.1_index_4 [17] 
Ngay: 20130422,20130424,20130425,20130428,20130503,20130510,20130511,20130516,20130518,20130519,20130520,20130521,20130522,20130523,20130524
Number is 59
G.3.4_index_2_VS_G.3.2_index_1 [18] 
Ngay: 20130420,20130421,20130429,20130430,20130503,20130506,20130507,20130509,20130513,20130515,20130517,20130518,20130519,20130520,20130521,20130522,20130523,20130525,20130528
Number is 60
G.5.2_index_2_VS_G.4.4_index_1 [19] 
Ngay: 20130420,20130426,20130428,20130429,20130430,20130503,20130504,20130506,20130507,20130510,20130511,20130518,20130519,20130520,20130521,20130522,20130523
Number is 61
G.3.1_index_5_VS_G.6.2_index_1 [20] 
Ngay: 20130420,20130422,20130423,20130425,20130426,20130427,20130429,20130430,20130501,20130503,20130506,20130509,20130511,20130514,20130515,20130517,20130518,20130519,20130520,20130521,20130522,20130523,20130527,20130530
Number is 64
G.7.3_index_1_VS_G.5.4_index_1 [21] 
Ngay: 20130421,20130422,20130427,20130501,20130502,20130506,20130512,20130514,20130516,20130518,20130519,20130520,20130521,20130522,20130523,20130527
Number is 65
G.7.3_index_1_VS_G.3.4_index_2 [22] 
Ngay: 20130420,20130422,20130423,20130426,20130428,20130501,20130503,20130504,20130507,20130508,20130512,20130518,20130519,20130520,20130521,20130522,20130523,20130525,20130526,20130528
Number is 66
G.1.1_index_5_VS_G.3.1_index_5 [23] 
Ngay: 20130420,20130423,20130428,20130430,20130502,20130503,20130508,20130509,20130510,20130512,20130516,20130517,20130518,20130519,20130520,20130521,20130522,20130523,20130524,20130530
Number is 69
G.3.1_index_5_VS_G.2.1_index_3 [24] 
Ngay: 20130421,20130424,20130427,20130428,20130429,20130501,20130502,20130505,20130508,20130510,20130511,20130512,20130517,20130518,20130519,20130520,20130521,20130522,20130523,20130524,20130528
Number is 79
G.DB_index_3_VS_G.2.2_index_5 [25] 
Ngay: 20130420,20130421,20130425,20130426,20130502,20130508,20130511,20130517,20130518,20130519,20130520,20130521,20130522,20130523,20130524,20130525,20130527,20130529,20130530
Number is 82
G.3.4_index_3_VS_G.7.4_index_1 [26] 
Ngay: 20130422,20130425,20130429,20130430,20130503,20130507,20130509,20130510,20130512,20130514,20130516,20130517,20130518,20130519,20130520,20130521,20130522,20130523,20130526,20130529
Number is 88
G.3.4_index_5_VS_G.4.3_index_1 [27] 
Ngay: 20130420,20130421,20130422,20130423,20130426,20130428,20130502,20130503,20130505,20130508,20130512,20130513,20130516,20130518,20130519,20130520,20130521,20130522,20130523,20130525,20130527,20130528,20130530
G.3.4_index_1_VS_G.3.4_index_3 [28] 
Ngay: 20130422,20130423,20130426,20130429,20130501,20130502,20130503,20130504,20130505,20130514,20130515,20130517,20130518,20130519,20130520,20130521,20130522,20130523,20130524,20130525
G.3.5_index_1_VS_G.5.4_index_2 [29] 
Ngay: 20130423,20130424,20130427,20130430,20130501,20130503,20130506,20130507,20130510,20130512,20130513,20130517,20130518,20130519,20130520,20130521,20130522,20130523,20130524,20130526,20130527,20130528,20130530
Number is 89
G.5.4_index_2_VS_G.2.2_index_5 [30] 
Ngay: 20130420,20130424,20130428,20130502,20130503,20130505,20130507,20130511,20130512,20130515,20130516,20130517,20130518,20130519,20130520,20130521,20130522,20130523,20130527,20130529
Number is 90
G.3.1_index_3_VS_G.6.2_index_3 [31] 
Ngay: 20130420,20130421,20130422,20130423,20130425,20130426,20130502,20130506,20130507,20130508,20130514,20130515,20130517,20130518,20130519,20130520,20130521,20130522,20130523,20130524,20130525,20130527,20130530
G.3.2_index_1_VS_G.3.3_index_5 [32] 
Ngay: 20130421,20130427,20130428,20130501,20130502,20130503,20130505,20130506,20130508,20130509,20130513,20130515,20130516,20130517,20130518,20130519,20130520,20130521,20130522,20130523,20130525,20130527,20130529
Number is 94
G.DB_index_1_VS_G.3.3_index_3 [33] 
Ngay: 20130420,20130424,20130428,20130429,20130430,20130501,20130507,20130508,20130512,20130513,20130516,20130518,20130519,20130520,20130521,20130522,20130523,20130524,20130526
Number is 98
G.DB_index_1_VS_G.3.4_index_5 [34] 
Ngay: 20130425,20130430,20130501,20130503,20130507,20130509,20130512,20130513,20130518,20130519,20130520,20130521,20130522,20130523,20130525,20130526,20130527
