Last Date = 20130531
Number is 03
G.6.2_index_3_VS_G.4.2_index_4 [1] 
Ngay: 20130420,20130423,20130424,20130429,20130501,20130503,20130509,20130515,20130519,20130520,20130521,20130522,20130523,20130524,20130528
Number is 14
G.5.3_index_3_VS_G.4.4_index_4 [2] 
Ngay: 20130420,20130422,20130425,20130428,20130430,20130501,20130502,20130504,20130506,20130508,20130509,20130513,20130517,20130519,20130520,20130521,20130522,20130523,20130524,20130530
Number is 18
G.5.6_index_1_VS_G.3.6_index_1 [3] 
Ngay: 20130420,20130425,20130428,20130429,20130503,20130504,20130509,20130510,20130511,20130516,20130518,20130519,20130520,20130521,20130522,20130523,20130524,20130525,20130528,20130529
Number is 21
G.4.1_index_3_VS_G.5.6_index_3 [4] 
Ngay: 20130423,20130424,20130425,20130501,20130502,20130506,20130508,20130509,20130512,20130513,20130517,20130519,20130520,20130521,20130522,20130523,20130524,20130530
Number is 24
G.7.4_index_1_VS_G.6.1_index_3 [5] 
Ngay: 20130420,20130422,20130425,20130426,20130427,20130430,20130501,20130503,20130504,20130506,20130512,20130513,20130517,20130519,20130520,20130521,20130522,20130523,20130524,20130526,20130528,20130529
G.7.1_index_2_VS_G.5.4_index_1 [6] 
Ngay: 20130420,20130426,20130427,20130501,20130502,20130504,20130508,20130509,20130510,20130511,20130516,20130519,20130520,20130521,20130522,20130523,20130524,20130525,20130528,20130529,20130530
Number is 40
G.6.1_index_3_VS_G.6.2_index_3 [7] 
Ngay: 20130422,20130423,20130424,20130425,20130426,20130430,20130501,20130504,20130505,20130506,20130511,20130517,20130519,20130520,20130521,20130522,20130523,20130524,20130525,20130527,20130529,20130530
Number is 48
G.4.2_index_2_VS_G.3.4_index_5 [8] 
Ngay: 20130424,20130425,20130428,20130430,20130501,20130504,20130506,20130507,20130511,20130513,20130515,20130518,20130519,20130520,20130521,20130522,20130523,20130524,20130525,20130527
Number is 49
G.2.1_index_4_VS_G.3.1_index_3 [9] 
Ngay: 20130420,20130422,20130425,20130429,20130501,20130502,20130504,20130506,20130507,20130508,20130511,20130516,20130519,20130520,20130521,20130522,20130523,20130524,20130526,20130527,20130530
Number is 51
G.1.1_index_2_VS_G.2.2_index_4 [10] 
Ngay: 20130422,20130424,20130428,20130429,20130430,20130502,20130504,20130507,20130508,20130509,20130510,20130516,20130519,20130520,20130521,20130522,20130523,20130524,20130526
Number is 52
G.3.5_index_4_VS_G.4.4_index_2 [11] 
Ngay: 20130422,20130424,20130426,20130430,20130502,20130506,20130512,20130514,20130518,20130519,20130520,20130521,20130522,20130523,20130524,20130525,20130527
G.5.2_index_4_VS_G.4.1_index_3 [12] 
Ngay: 20130420,20130421,20130422,20130427,20130428,20130430,20130501,20130503,20130504,20130508,20130517,20130518,20130519,20130520,20130521,20130522,20130523,20130524,20130528,20130530
G.5.6_index_4_VS_G.6.3_index_2 [13] 
Ngay: 20130422,20130424,20130425,20130427,20130501,20130503,20130504,20130506,20130510,20130512,20130514,20130517,20130518,20130519,20130520,20130521,20130522,20130523,20130524,20130525,20130527,20130528,20130529
Number is 57
G.5.2_index_1_VS_G.4.1_index_4 [14] 
Ngay: 20130422,20130424,20130425,20130428,20130503,20130510,20130511,20130516,20130518,20130519,20130520,20130521,20130522,20130523,20130524
Number is 61
G.5.5_index_4_VS_G.3.3_index_2 [15] 
Ngay: 20130426,20130428,20130501,20130502,20130505,20130507,20130513,20130516,20130519,20130520,20130521,20130522,20130523,20130524,20130525,20130528,20130529,20130530
Number is 64
G.7.3_index_1_VS_G.2.1_index_4 [16] 
Ngay: 20130421,20130422,20130423,20130425,20130427,20130501,20130506,20130507,20130511,20130512,20130514,20130519,20130520,20130521,20130522,20130523,20130524,20130525,20130527
Number is 66
G.1.1_index_5_VS_G.3.1_index_5 [17] 
Ngay: 20130420,20130423,20130428,20130430,20130502,20130503,20130508,20130509,20130510,20130512,20130516,20130517,20130518,20130519,20130520,20130521,20130522,20130523,20130524,20130530
Number is 69
G.3.1_index_5_VS_G.2.1_index_3 [18] 
Ngay: 20130421,20130424,20130427,20130428,20130429,20130501,20130502,20130505,20130508,20130510,20130511,20130512,20130517,20130518,20130519,20130520,20130521,20130522,20130523,20130524,20130528
Number is 79
G.DB_index_3_VS_G.2.2_index_5 [19] 
Ngay: 20130420,20130421,20130425,20130426,20130502,20130508,20130511,20130517,20130518,20130519,20130520,20130521,20130522,20130523,20130524,20130525,20130527,20130529,20130530
Number is 80
G.3.4_index_1_VS_G.5.1_index_4 [20] 
Ngay: 20130503,20130504,20130505,20130506,20130508,20130509,20130510,20130512,20130514,20130517,20130519,20130520,20130521,20130522,20130523,20130524,20130525
Number is 81
G.3.4_index_5_VS_G.5.3_index_3 [21] 
Ngay: 20130421,20130423,20130427,20130428,20130503,20130504,20130509,20130511,20130512,20130515,20130519,20130520,20130521,20130522,20130523,20130524,20130525,20130526,20130528,20130530
Number is 84
G.4.1_index_1_VS_G.4.4_index_4 [22] 
Ngay: 20130420,20130423,20130429,20130430,20130501,20130502,20130504,20130505,20130507,20130510,20130513,20130516,20130517,20130519,20130520,20130521,20130522,20130523,20130524,20130528
Number is 88
G.3.4_index_1_VS_G.3.4_index_3 [23] 
Ngay: 20130422,20130423,20130426,20130429,20130501,20130502,20130503,20130504,20130505,20130514,20130515,20130517,20130518,20130519,20130520,20130521,20130522,20130523,20130524,20130525
G.3.5_index_1_VS_G.5.4_index_2 [24] 
Ngay: 20130423,20130424,20130427,20130430,20130501,20130503,20130506,20130507,20130510,20130512,20130513,20130517,20130518,20130519,20130520,20130521,20130522,20130523,20130524,20130526,20130527,20130528,20130530
Number is 89
G.4.3_index_2_VS_G.5.6_index_2 [25] 
Ngay: 20130420,20130423,20130426,20130429,20130430,20130503,20130507,20130511,20130513,20130514,20130519,20130520,20130521,20130522,20130523,20130524,20130525,20130528
Number is 90
G.3.1_index_3_VS_G.6.2_index_3 [26] 
Ngay: 20130420,20130421,20130422,20130423,20130425,20130426,20130502,20130506,20130507,20130508,20130514,20130515,20130517,20130518,20130519,20130520,20130521,20130522,20130523,20130524,20130525,20130527,20130530
Number is 93
G.5.6_index_2_VS_G.4.2_index_4 [27] 
Ngay: 20130426,20130430,20130503,20130507,20130514,20130519,20130520,20130521,20130522,20130523,20130524,20130525,20130526,20130528,20130530
Number is 94
G.DB_index_1_VS_G.3.3_index_3 [28] 
Ngay: 20130420,20130424,20130428,20130429,20130430,20130501,20130507,20130508,20130512,20130513,20130516,20130518,20130519,20130520,20130521,20130522,20130523,20130524,20130526
Number is 96
G.2.1_index_3_VS_G.5.2_index_2 [29] 
Ngay: 20130421,20130425,20130428,20130429,20130501,20130505,20130506,20130508,20130514,20130515,20130519,20130520,20130521,20130522,20130523,20130524,20130526
Number is 99
G.3.1_index_1_VS_G.7.2_index_1 [30] 
Ngay: 20130421,20130422,20130424,20130427,20130429,20130430,20130502,20130504,20130505,20130506,20130509,20130512,20130516,20130519,20130520,20130521,20130522,20130523,20130524,20130525,20130527,20130529,20130530
