Last Date = 20130526
Number is 02
G.7.4_index_1_VS_G.3.1_index_3 [1] 
Ngay: 20130421,20130424,20130425,20130502,20130504,20130505,20130506,20130510,20130512,20130517,20130518,20130520,20130521,20130522,20130523,20130524,20130525
Number is 03
G.7.1_index_2_VS_G.5.4_index_1 [2] 
Ngay: 20130420,20130426,20130427,20130501,20130502,20130504,20130508,20130509,20130510,20130511,20130516,20130519,20130520,20130521,20130522,20130523,20130524,20130525
Number is 04
G.3.6_index_5_VS_G.3.3_index_3 [3] 
Ngay: 20130420,20130423,20130425,20130502,20130504,20130507,20130508,20130512,20130513,20130516,20130520,20130521,20130522,20130523,20130524,20130525
Number is 05
G.DB_index_3_VS_G.2.2_index_5 [4] 
Ngay: 20130420,20130421,20130425,20130426,20130502,20130508,20130511,20130517,20130518,20130519,20130520,20130521,20130522,20130523,20130524,20130525
Number is 06
G.3.6_index_5_VS_G.5.6_index_1 [5] 
Ngay: 20130422,20130423,20130425,20130428,20130429,20130503,20130505,20130509,20130510,20130511,20130512,20130520,20130521,20130522,20130523,20130524,20130525
Number is 07
G.3.1_index_5_VS_G.7.2_index_1 [6] 
Ngay: 20130422,20130423,20130424,20130426,20130427,20130428,20130429,20130501,20130504,20130508,20130509,20130510,20130515,20130516,20130517,20130520,20130521,20130522,20130523,20130524,20130525
Number is 15
G.5.6_index_4_VS_G.6.3_index_2 [7] 
Ngay: 20130422,20130424,20130425,20130427,20130501,20130503,20130504,20130506,20130510,20130512,20130514,20130517,20130518,20130519,20130520,20130521,20130522,20130523,20130524,20130525
Number is 16
G.4.1_index_3_VS_G.5.6_index_1 [8] 
Ngay: 20130422,20130423,20130424,20130427,20130428,20130502,20130503,20130504,20130508,20130509,20130515,20130516,20130517,20130518,20130520,20130521,20130522,20130523,20130524,20130525
Number is 18
G.4.3_index_2_VS_G.5.6_index_2 [9] 
Ngay: 20130420,20130423,20130426,20130429,20130430,20130503,20130507,20130511,20130513,20130514,20130519,20130520,20130521,20130522,20130523,20130524,20130525
Number is 26
G.3.4_index_4_VS_G.3.2_index_4 [10] 
Ngay: 20130422,20130424,20130425,20130428,20130504,20130505,20130507,20130513,20130514,20130515,20130516,20130517,20130520,20130521,20130522,20130523,20130524,20130525
Number is 27
G.3.5_index_3_VS_G.6.2_index_3 [11] 
Ngay: 20130420,20130424,20130425,20130426,20130427,20130502,20130503,20130507,20130509,20130510,20130516,20130520,20130521,20130522,20130523,20130524,20130525
G.6.1_index_3_VS_G.6.2_index_3 [12] 
Ngay: 20130422,20130423,20130424,20130425,20130426,20130430,20130501,20130504,20130505,20130506,20130511,20130517,20130519,20130520,20130521,20130522,20130523,20130524,20130525
G.3.1_index_3_VS_G.6.2_index_3 [13] 
Ngay: 20130420,20130421,20130422,20130423,20130425,20130426,20130502,20130506,20130507,20130508,20130514,20130515,20130517,20130518,20130519,20130520,20130521,20130522,20130523,20130524,20130525
G.3.1_index_2_VS_G.7.2_index_1 [14] 
Ngay: 20130421,20130425,20130427,20130428,20130429,20130505,20130506,20130507,20130509,20130512,20130514,20130516,20130518,20130520,20130521,20130522,20130523,20130524,20130525
Number is 28
G.5.5_index_4_VS_G.3.3_index_2 [15] 
Ngay: 20130426,20130428,20130501,20130502,20130505,20130507,20130513,20130516,20130519,20130520,20130521,20130522,20130523,20130524,20130525
G.3.5_index_4_VS_G.4.4_index_2 [16] 
Ngay: 20130422,20130424,20130426,20130430,20130502,20130506,20130512,20130514,20130518,20130519,20130520,20130521,20130522,20130523,20130524,20130525
Number is 34
G.3.4_index_1_VS_G.5.1_index_4 [17] 
Ngay: 20130503,20130504,20130505,20130506,20130508,20130509,20130510,20130512,20130514,20130517,20130519,20130520,20130521,20130522,20130523,20130524,20130525
Number is 38
G.3.4_index_1_VS_G.3.4_index_3 [18] 
Ngay: 20130422,20130423,20130426,20130429,20130501,20130502,20130503,20130504,20130505,20130514,20130515,20130517,20130518,20130519,20130520,20130521,20130522,20130523,20130524,20130525
Number is 39
G.5.4_index_4_VS_G.1.1_index_5 [19] 
Ngay: 20130427,20130428,20130430,20130502,20130504,20130505,20130507,20130511,20130518,20130520,20130521,20130522,20130523,20130524,20130525
Number is 44
G.2.2_index_1_VS_G.1.1_index_2 [20] 
Ngay: 20130422,20130423,20130426,20130428,20130429,20130503,20130505,20130507,20130508,20130509,20130512,20130514,20130515,20130520,20130521,20130522,20130523,20130524,20130525
Number is 46
G.5.1_index_3_VS_G.2.1_index_4 [21] 
Ngay: 20130421,20130422,20130425,20130426,20130430,20130501,20130506,20130509,20130511,20130512,20130514,20130518,20130520,20130521,20130522,20130523,20130524,20130525
G.7.3_index_1_VS_G.2.1_index_4 [22] 
Ngay: 20130421,20130422,20130423,20130425,20130427,20130501,20130506,20130507,20130511,20130512,20130514,20130519,20130520,20130521,20130522,20130523,20130524,20130525
Number is 54
G.2.2_index_5_VS_G.5.1_index_3 [23] 
Ngay: 20130421,20130426,20130428,20130430,20130502,20130503,20130506,20130513,20130514,20130517,20130518,20130520,20130521,20130522,20130523,20130524,20130525
Number is 60
G.5.6_index_1_VS_G.3.6_index_1 [24] 
Ngay: 20130420,20130425,20130428,20130429,20130503,20130504,20130509,20130510,20130511,20130516,20130518,20130519,20130520,20130521,20130522,20130523,20130524,20130525
Number is 62
G.3.5_index_2_VS_G.3.1_index_3 [25] 
Ngay: 20130420,20130421,20130422,20130427,20130428,20130430,20130501,20130503,20130506,20130507,20130513,20130514,20130515,20130520,20130521,20130522,20130523,20130524,20130525
Number is 63
G.3.4_index_5_VS_G.5.3_index_3 [26] 
Ngay: 20130421,20130423,20130427,20130428,20130503,20130504,20130509,20130511,20130512,20130515,20130519,20130520,20130521,20130522,20130523,20130524,20130525
Number is 67
G.3.4_index_5_VS_G.7.2_index_1 [27] 
Ngay: 20130422,20130424,20130428,20130429,20130501,20130504,20130506,20130509,20130510,20130511,20130512,20130514,20130517,20130520,20130521,20130522,20130523,20130524,20130525
G.3.1_index_1_VS_G.7.2_index_1 [28] 
Ngay: 20130421,20130422,20130424,20130427,20130429,20130430,20130502,20130504,20130505,20130506,20130509,20130512,20130516,20130519,20130520,20130521,20130522,20130523,20130524,20130525
Number is 77
G.6.2_index_3_VS_G.6.2_index_2 [29] 
Ngay: 20130420,20130422,20130424,20130428,20130505,20130506,20130507,20130509,20130515,20130520,20130521,20130522,20130523,20130524,20130525
Number is 80
G.4.4_index_3_VS_G.7.1_index_2 [30] 
Ngay: 20130421,20130425,20130426,20130427,20130501,20130502,20130503,20130505,20130507,20130508,20130514,20130515,20130520,20130521,20130522,20130523,20130524,20130525
Number is 85
G.5.6_index_2_VS_G.4.2_index_4 [31] 
Ngay: 20130426,20130430,20130503,20130507,20130514,20130519,20130520,20130521,20130522,20130523,20130524,20130525
Number is 86
G.4.2_index_2_VS_G.3.4_index_5 [32] 
Ngay: 20130424,20130425,20130428,20130430,20130501,20130504,20130506,20130507,20130511,20130513,20130515,20130518,20130519,20130520,20130521,20130522,20130523,20130524,20130525
Number is 90
G.5.1_index_1_VS_G.7.1_index_2 [33] 
Ngay: 20130420,20130421,20130422,20130423,20130424,20130427,20130430,20130501,20130502,20130503,20130504,20130507,20130510,20130511,20130515,20130518,20130520,20130521,20130522,20130523,20130524,20130525
Number is 92
G.1.1_index_3_VS_G.3.4_index_2 [34] 
Ngay: 20130420,20130426,20130501,20130503,20130504,20130507,20130509,20130511,20130518,20130520,20130521,20130522,20130523,20130524,20130525
Number is 99
G.1.1_index_3_VS_G.5.2_index_3 [35] 
Ngay: 20130420,20130421,20130422,20130424,20130425,20130428,20130501,20130502,20130505,20130506,20130507,20130509,20130511,20130520,20130521,20130522,20130523,20130524,20130525
