Last Date = 20130605
Number is 01
G.5.3_index_2_VS_G.2.1_index_3 [1] 
Ngay: 20130422,20130425,20130427,20130428,20130430,20130501,20130503,20130505,20130507,20130509,20130512,20130514,20130515,20130519,20130520,20130523,20130524,20130525,20130526,20130527,20130528,20130529
Number is 04
G.4.1_index_1_VS_G.5.3_index_1 [2] 
Ngay: 20130420,20130422,20130425,20130426,20130428,20130430,20130504,20130507,20130508,20130513,20130514,20130520,20130522,20130523,20130524,20130525,20130526,20130527,20130528,20130529,20130531,20130601,20130603
Number is 05
G.3.5_index_5_VS_G.3.3_index_3 [3] 
Ngay: 20130420,20130426,20130428,20130502,20130504,20130507,20130511,20130514,20130517,20130518,20130520,20130523,20130524,20130525,20130526,20130527,20130528,20130529,20130603
Number is 15
G.3.3_index_1_VS_G.7.4_index_2 [4] 
Ngay: 20130424,20130425,20130427,20130429,20130430,20130503,20130515,20130517,20130521,20130523,20130524,20130525,20130526,20130527,20130528,20130530,20130531,20130602,20130604
Number is 29
G.6.2_index_1_VS_G.5.6_index_4 [5] 
Ngay: 20130424,20130425,20130501,20130503,20130504,20130507,20130509,20130515,20130516,20130518,20130519,20130520,20130523,20130524,20130525,20130526,20130527,20130528
Number is 39
G.1.1_index_3_VS_G.5.2_index_3 [6] 
Ngay: 20130420,20130421,20130422,20130424,20130425,20130428,20130501,20130502,20130505,20130506,20130507,20130509,20130511,20130520,20130521,20130522,20130523,20130524,20130525,20130526,20130527,20130528,20130601,20130602,20130603,20130604
Number is 42
G.3.2_index_4_VS_G.5.4_index_1 [7] 
Ngay: 20130422,20130425,20130426,20130430,20130507,20130508,20130512,20130513,20130515,20130517,20130519,20130520,20130522,20130523,20130524,20130525,20130526,20130527,20130528,20130529,20130601,20130602,20130604
Number is 60
G.4.1_index_3_VS_G.5.6_index_1 [8] 
Ngay: 20130422,20130423,20130424,20130427,20130428,20130502,20130503,20130504,20130508,20130509,20130515,20130516,20130517,20130518,20130520,20130521,20130522,20130523,20130524,20130525,20130526,20130527,20130528,20130530,20130601,20130602,20130603
Number is 67
G.3.4_index_2_VS_G.4.4_index_1 [9] 
Ngay: 20130422,20130423,20130428,20130506,20130507,20130508,20130510,20130511,20130515,20130518,20130519,20130522,20130523,20130524,20130525,20130526,20130527,20130528,20130531,20130601,20130603,20130604
Number is 78
G.3.2_index_2_VS_G.6.3_index_3 [10] 
Ngay: 20130420,20130422,20130425,20130427,20130505,20130506,20130509,20130513,20130514,20130516,20130517,20130520,20130523,20130524,20130525,20130526,20130527,20130528,20130529,20130530,20130601,20130603,20130604
Number is 82
G.DB_index_1_VS_G.DB_index_5 [11] 
Ngay: 20130422,20130423,20130428,20130430,20130501,20130503,20130505,20130513,20130519,20130520,20130522,20130523,20130524,20130525,20130526,20130527,20130528,20130530,20130601,20130603,20130604
Number is 95
G.5.6_index_4_VS_G.3.3_index_5 [12] 
Ngay: 20130422,20130425,20130427,20130501,20130502,20130503,20130505,20130506,20130511,20130512,20130515,20130520,20130523,20130524,20130525,20130526,20130527,20130528,20130529,20130531,20130601,20130602
Number is 97
G.3.5_index_1_VS_G.6.1_index_3 [13] 
Ngay: 20130420,20130426,20130501,20130504,20130510,20130511,20130514,20130515,20130520,20130523,20130524,20130525,20130526,20130527,20130528,20130529,20130531,20130601,20130603,20130604
