======== Current: 20130602 ========= 
Number is 10 
G.3.5_index_4_VS_G.5.5_index_3 [1] PLUS 1 
Ngay: 20130525,20130526,20130527,20130528,20130529,20130530,20130531,20130601,20130602,20130608,20130612,20130616,20130618,20130620,20130622,20130624,20130629 
Number is 14 
G.2.2_index_1_VS_G.2.1_index_5 [2] 
Ngay: 20130526,20130527,20130528,20130529,20130530,20130531,20130601,20130605,20130610,20130614,20130620,20130623,20130624,20130625,20130626,20130628 
Number is 20 
G.1.1_index_5_VS_G.4.3_index_2 [3] PLUS 1 
Ngay: 20130525,20130527,20130528,20130529,20130530,20130531,20130601,20130602,20130603,20130608,20130612,20130614,20130615,20130618,20130620,20130622,20130623,20130625,20130626,20130627,20130628,20130629 
Number is 22 
G.5.2_index_4_VS_G.5.3_index_2 [4] 
Ngay: 20130527,20130528,20130529,20130530,20130531,20130601,20130604,20130606,20130608,20130610,20130611,20130614,20130618,20130620,20130621,20130623,20130628,20130629 
Number is 24 
G.3.1_index_2_VS_G.7.1_index_2 [5] 
Ngay: 20130526,20130527,20130528,20130529,20130530,20130531,20130601,20130603,20130604,20130607,20130611,20130612,20130614,20130616,20130617,20130622,20130624 
Number is 25 
G.1.1_index_5_VS_G.5.1_index_4 [6] PLUS 1 
Ngay: 20130527,20130528,20130529,20130530,20130531,20130601,20130602,20130606,20130608,20130617,20130619,20130620,20130627,20130629 
G.4.4_index_2_VS_G.3.1_index_1 [7] PLUS 1 
Ngay: 20130524,20130527,20130528,20130529,20130530,20130531,20130601,20130602,20130603,20130604,20130611,20130615,20130617,20130618,20130619,20130622,20130623,20130625,20130629 
Number is 32 
G.1.1_index_1_VS_G.5.1_index_2 [8] PLUS 1 
Ngay: 20130527,20130528,20130529,20130530,20130531,20130601,20130602,20130604,20130606,20130607,20130608,20130611,20130612,20130613,20130614,20130618,20130619,20130623,20130625,20130629 
Number is 39 
G.1.1_index_1_VS_G.DB_index_5 [9] 
Ngay: 20130527,20130528,20130529,20130530,20130531,20130601,20130604,20130608,20130610,20130613,20130614,20130616,20130619,20130623,20130627,20130629 
Number is 52 
G.1.1_index_3_VS_G.1.1_index_5 [10] PLUS 1 
Ngay: 20130524,20130526,20130527,20130528,20130529,20130530,20130531,20130601,20130602,20130603,20130606,20130608,20130609,20130612,20130613,20130616,20130618,20130621,20130625,20130626,20130628,20130629 
Number is 62 
G.3.2_index_3_VS_G.1.1_index_5 [11] PLUS 1 
Ngay: 20130524,20130526,20130527,20130528,20130529,20130530,20130531,20130601,20130602,20130603,20130604,20130609,20130610,20130614,20130615,20130616,20130617,20130618,20130619,20130621,20130622,20130625,20130629 
Number is 66 
G.3.2_index_2_VS_G.3.2_index_3 [12] PLUS 1 
Ngay: 20130524,20130526,20130527,20130528,20130529,20130530,20130531,20130601,20130602,20130603,20130605,20130607,20130610,20130611,20130614,20130615,20130617,20130618,20130623,20130625,20130626,20130627 
Number is 75 
G.3.3_index_3_VS_G.4.2_index_4 [13] PLUS 1 
Ngay: 20130524,20130525,20130527,20130528,20130529,20130530,20130531,20130601,20130602,20130603,20130605,20130607,20130609,20130610,20130614,20130615,20130622,20130624 
Number is 77 
G.3.3_index_3_VS_G.5.4_index_3 [14] 
Ngay: 20130524,20130526,20130527,20130528,20130529,20130530,20130531,20130601,20130603,20130607,20130608,20130610,20130612,20130613,20130614,20130615,20130616,20130618,20130619,20130622,20130623,20130628 
Number is 97 
G.5.5_index_1_VS_G.3.4_index_1 [15] 
Ngay: 20130525,20130527,20130528,20130529,20130530,20130531,20130601,20130603,20130604,20130607,20130608,20130609,20130610,20130612,20130614,20130616,20130620,20130623,20130624,20130626,20130628 
