======== Current: 20130614 ========= 
Number is 06 
G.3.1_index_5_VS_G.7.3_index_1 [1] 
Ngay: 20130524,20130525,20130605,20130607,20130608,20130609,20130610,20130611,20130612,20130613,20130618,20130620,20130624,20130625,20130629 
G.5.1_index_4_VS_G.3.3_index_4 [2] 
Ngay: 20130525,20130528,20130529,20130530,20130601,20130602,20130603,20130606,20130608,20130609,20130610,20130611,20130612,20130613,20130616,20130618,20130619,20130620,20130624,20130625,20130627,20130629 
Number is 08 
G.5.5_index_2_VS_G.4.3_index_4 [3] PLUS 1 
Ngay: 20130526,20130530,20130602,20130608,20130609,20130610,20130611,20130612,20130613,20130614,20130620,20130622,20130623,20130626,20130627,20130628 
Number is 09 
G.3.5_index_4_VS_G.3.5_index_3 [4] 
Ngay: 20130526,20130529,20130601,20130608,20130609,20130610,20130611,20130612,20130613,20130615,20130616,20130617,20130618,20130619,20130623,20130627,20130629 
G.3.4_index_1_VS_G.3.1_index_2 [5] 
Ngay: 20130529,20130530,20130601,20130602,20130603,20130604,20130606,20130608,20130609,20130610,20130611,20130612,20130613,20130617,20130618,20130620,20130622,20130624,20130626,20130627,20130629 
Number is 10 
G.7.3_index_2_VS_G.4.3_index_1 [6] 
Ngay: 20130524,20130527,20130529,20130531,20130604,20130608,20130609,20130610,20130611,20130612,20130613,20130616,20130619,20130620,20130622 
Number is 13 
G.7.3_index_2_VS_G.6.1_index_3 [7] 
Ngay: 20130524,20130525,20130526,20130528,20130529,20130530,20130602,20130603,20130604,20130607,20130608,20130609,20130610,20130611,20130612,20130613,20130616,20130619,20130620,20130621,20130622,20130624,20130626 
Number is 14 
G.DB_index_4_VS_G.3.2_index_1 [8] 
Ngay: 20130524,20130529,20130530,20130601,20130602,20130605,20130608,20130609,20130610,20130611,20130612,20130613,20130617,20130622,20130623,20130624,20130629 
Number is 17 
G.3.4_index_4_VS_G.5.4_index_2 [9] 
Ngay: 20130526,20130531,20130601,20130602,20130607,20130608,20130609,20130610,20130611,20130612,20130613,20130616,20130619,20130620,20130622,20130623,20130627,20130628,20130629 
G.4.1_index_4_VS_G.4.3_index_2 [10] 
Ngay: 20130524,20130531,20130602,20130604,20130606,20130607,20130608,20130609,20130610,20130611,20130612,20130613,20130615,20130618,20130619,20130622,20130623,20130624,20130626 
Number is 18 
G.7.3_index_2_VS_G.6.1_index_1 [11] 
Ngay: 20130524,20130531,20130601,20130605,20130608,20130609,20130610,20130611,20130612,20130613,20130615,20130620,20130622,20130623,20130625,20130626 
Number is 20 
G.6.3_index_2_VS_G.3.1_index_5 [12] 
Ngay: 20130527,20130528,20130529,20130530,20130601,20130602,20130605,20130606,20130607,20130608,20130609,20130610,20130611,20130612,20130613,20130615,20130616,20130621,20130623,20130626,20130628 
Number is 27 
G.3.2_index_3_VS_G.2.1_index_4 [13] 
Ngay: 20130524,20130525,20130531,20130602,20130604,20130605,20130608,20130609,20130610,20130611,20130612,20130613,20130615,20130618,20130619,20130625,20130627 
Number is 40 
G.5.2_index_2_VS_G.3.4_index_1 [14] 
Ngay: 20130524,20130525,20130526,20130529,20130531,20130601,20130602,20130603,20130604,20130607,20130608,20130609,20130610,20130611,20130612,20130613,20130616,20130617,20130618,20130623,20130624,20130628 
Number is 42 
G.5.2_index_2_VS_G.2.2_index_1 [15] PLUS 1 
Ngay: 20130524,20130525,20130527,20130529,20130601,20130602,20130604,20130606,20130608,20130609,20130610,20130611,20130612,20130613,20130614,20130615,20130617,20130618,20130619,20130620,20130621,20130623,20130624,20130626,20130627,20130628,20130629 
Number is 54 
G.3.6_index_3_VS_G.1.1_index_5 [16] PLUS 1 
Ngay: 20130527,20130530,20130531,20130601,20130602,20130605,20130608,20130609,20130610,20130611,20130612,20130613,20130614,20130615,20130618,20130620,20130622,20130624,20130626,20130627,20130629 
Number is 55 
G.6.2_index_2_VS_G.7.2_index_1 [17] PLUS 1 
Ngay: 20130525,20130526,20130530,20130531,20130605,20130608,20130609,20130610,20130611,20130612,20130613,20130614,20130616,20130619,20130620,20130622 
Number is 57 
G.5.6_index_3_VS_G.1.1_index_1 [18] 
Ngay: 20130527,20130528,20130530,20130531,20130608,20130609,20130610,20130611,20130612,20130613,20130615,20130619,20130620,20130623,20130624,20130627,20130628 
Number is 59 
G.5.4_index_4_VS_G.3.5_index_3 [19] PLUS 1 
Ngay: 20130529,20130601,20130603,20130605,20130607,20130608,20130609,20130610,20130611,20130612,20130613,20130614,20130615,20130617,20130618,20130619,20130620,20130621,20130622,20130623,20130625,20130629 
Number is 60 
G.7.3_index_1_VS_G.5.1_index_4 [20] 
Ngay: 20130526,20130529,20130531,20130601,20130602,20130608,20130609,20130610,20130611,20130612,20130613,20130617,20130620,20130622,20130625,20130627 
Number is 62 
G.2.2_index_4_VS_G.6.3_index_2 [21] PLUS 1 
Ngay: 20130524,20130526,20130529,20130530,20130601,20130604,20130608,20130609,20130610,20130611,20130612,20130613,20130614,20130620,20130623,20130624,20130627 
Number is 66 
G.2.2_index_4_VS_G.6.3_index_3 [22] 
Ngay: 20130525,20130530,20130601,20130603,20130605,20130608,20130609,20130610,20130611,20130612,20130613,20130616,20130623,20130624,20130628,20130629 
Number is 71 
G.5.2_index_1_VS_G.DB_index_4 [23] 
Ngay: 20130529,20130601,20130602,20130603,20130607,20130608,20130609,20130610,20130611,20130612,20130613,20130615,20130616,20130617,20130619,20130622,20130624,20130627,20130628 
Number is 72 
G.5.5_index_1_VS_G.6.3_index_2 [24] 
Ngay: 20130525,20130526,20130528,20130531,20130601,20130602,20130604,20130605,20130608,20130609,20130610,20130611,20130612,20130613,20130619,20130622,20130623,20130626,20130627,20130628 
Number is 82 
G.3.4_index_5_VS_G.5.3_index_4 [25] 
Ngay: 20130525,20130527,20130530,20130601,20130603,20130604,20130605,20130606,20130608,20130609,20130610,20130611,20130612,20130613,20130617,20130619,20130622,20130625 
G.5.2_index_4_VS_G.6.2_index_3 [26] 
Ngay: 20130524,20130530,20130531,20130602,20130605,20130608,20130609,20130610,20130611,20130612,20130613,20130616,20130617,20130619,20130620,20130621,20130622,20130623,20130624,20130625,20130628 
Number is 83 
G.6.1_index_1_VS_G.1.1_index_4 [27] 
Ngay: 20130525,20130526,20130528,20130529,20130606,20130608,20130609,20130610,20130611,20130612,20130613,20130615,20130618,20130621,20130629 
Number is 85 
G.4.2_index_4_VS_G.3.6_index_3 [28] PLUS 1 
Ngay: 20130524,20130530,20130601,20130602,20130607,20130608,20130609,20130610,20130611,20130612,20130613,20130614,20130618,20130619,20130622,20130626,20130627,20130628,20130629 
G.5.2_index_4_VS_G.5.6_index_2 [29] PLUS 1 
Ngay: 20130524,20130528,20130603,20130607,20130608,20130609,20130610,20130611,20130612,20130613,20130614,20130617,20130618,20130619,20130620,20130623,20130625,20130629 
Number is 86 
G.5.2_index_4_VS_G.6.2_index_1 [30] PLUS 1 
Ngay: 20130524,20130525,20130530,20130601,20130602,20130603,20130607,20130608,20130609,20130610,20130611,20130612,20130613,20130614,20130618,20130619,20130621,20130623,20130629 
Number is 87 
G.3.4_index_5_VS_G.1.1_index_1 [31] 
Ngay: 20130524,20130525,20130527,20130530,20130531,20130601,20130604,20130608,20130609,20130610,20130611,20130612,20130613,20130618,20130620,20130625,20130628 
Number is 92 
G.3.2_index_4_VS_G.6.3_index_2 [32] PLUS 1 
Ngay: 20130524,20130525,20130601,20130602,20130604,20130607,20130608,20130609,20130610,20130611,20130612,20130613,20130614,20130615,20130617,20130618,20130621,20130625,20130627 
Number is 96 
G.3.2_index_4_VS_G.7.3_index_1 [33] 
Ngay: 20130530,20130602,20130605,20130607,20130608,20130609,20130610,20130611,20130612,20130613,20130617,20130619,20130622,20130624,20130625,20130628,20130629 
