======== Current: 20130618 ========= 
Number is 00 
G.3.1_index_1_VS_G.4.3_index_2 [1] 
Ngay: 20130526,20130527,20130529,20130530,20130531,20130604,20130605,20130608,20130609,20130612,20130613,20130614,20130615,20130616,20130617,20130619,20130622,20130623,20130624,20130625,20130627 
Number is 02 
G.3.1_index_1_VS_G.1.1_index_4 [2] PLUS 1 
Ngay: 20130526,20130527,20130528,20130603,20130604,20130606,20130608,20130611,20130612,20130613,20130614,20130615,20130616,20130617,20130618,20130619,20130622,20130629 
G.DB_index_4_VS_G.5.6_index_2 [3] PLUS 1 
Ngay: 20130528,20130530,20130603,20130604,20130609,20130610,20130612,20130613,20130614,20130615,20130616,20130617,20130618,20130619,20130620,20130621,20130623,20130624,20130625,20130628 
Number is 03 
G.3.2_index_5_VS_G.5.5_index_4 [4] PLUS 1 
Ngay: 20130525,20130526,20130529,20130530,20130602,20130605,20130606,20130609,20130610,20130612,20130613,20130614,20130615,20130616,20130617,20130618,20130620,20130621,20130623,20130628 
Number is 09 
G.3.1_index_1_VS_G.3.4_index_5 [5] PLUS 1 
Ngay: 20130527,20130528,20130531,20130603,20130604,20130605,20130607,20130612,20130613,20130614,20130615,20130616,20130617,20130618,20130622,20130624 
Number is 11 
G.5.5_index_3_VS_G.3.2_index_3 [6] 
Ngay: 20130525,20130526,20130527,20130529,20130531,20130601,20130603,20130611,20130612,20130613,20130614,20130615,20130616,20130617,20130621,20130627 
Number is 14 
G.3.2_index_3_VS_G.4.4_index_1 [7] 
Ngay: 20130530,20130531,20130603,20130605,20130608,20130610,20130612,20130613,20130614,20130615,20130616,20130617,20130619,20130623,20130624,20130625,20130629 
Number is 22 
G.3.5_index_1_VS_G.2.1_index_3 [8] 
Ngay: 20130524,20130527,20130528,20130530,20130531,20130604,20130607,20130609,20130610,20130612,20130613,20130614,20130615,20130616,20130617,20130620,20130621,20130622,20130625,20130626,20130627,20130628 
Number is 25 
G.2.1_index_3_VS_G.3.6_index_3 [9] 
Ngay: 20130524,20130526,20130527,20130528,20130601,20130602,20130604,20130605,20130607,20130610,20130611,20130612,20130613,20130614,20130615,20130616,20130617,20130619,20130621,20130622,20130624,20130626,20130628,20130629 
Number is 29 
G.2.1_index_3_VS_G.5.1_index_2 [10] 
Ngay: 20130526,20130528,20130529,20130530,20130601,20130603,20130604,20130605,20130608,20130610,20130612,20130613,20130614,20130615,20130616,20130617,20130619,20130620,20130623,20130628 
Number is 30 
G.2.1_index_4_VS_G.3.3_index_1 [11] PLUS 1 
Ngay: 20130524,20130525,20130526,20130527,20130530,20130601,20130602,20130606,20130607,20130611,20130612,20130613,20130614,20130615,20130616,20130617,20130618,20130619,20130621,20130622,20130625,20130628,20130629 
Number is 31 
G.5.4_index_2_VS_G.3.1_index_5 [12] PLUS 1 
Ngay: 20130524,20130525,20130527,20130528,20130531,20130602,20130603,20130606,20130608,20130610,20130611,20130612,20130613,20130614,20130615,20130616,20130617,20130618,20130619,20130620,20130622,20130623,20130624,20130626,20130629 
Number is 36 
G.3.2_index_2_VS_G.6.2_index_2 [13] PLUS 1 
Ngay: 20130525,20130528,20130530,20130531,20130603,20130607,20130608,20130609,20130611,20130612,20130613,20130614,20130615,20130616,20130617,20130618,20130619,20130621,20130622,20130623 
Number is 51 
G.3.2_index_4_VS_G.3.2_index_3 [14] PLUS 1 
Ngay: 20130525,20130527,20130530,20130531,20130601,20130603,20130605,20130612,20130613,20130614,20130615,20130616,20130617,20130618,20130619,20130621,20130624,20130625,20130627,20130628,20130629 
Number is 54 
G.3.6_index_3_VS_G.4.4_index_1 [15] 
Ngay: 20130526,20130602,20130608,20130610,20130612,20130613,20130614,20130615,20130616,20130617,20130619,20130622,20130623,20130624,20130626,20130628,20130629 
Number is 58 
G.3.1_index_2_VS_G.6.3_index_2 [16] PLUS 1 
Ngay: 20130526,20130528,20130531,20130601,20130602,20130603,20130608,20130609,20130612,20130613,20130614,20130615,20130616,20130617,20130618,20130619,20130623,20130628 
Number is 60 
G.6.2_index_2_VS_G.4.4_index_3 [17] PLUS 1 
Ngay: 20130525,20130528,20130601,20130602,20130612,20130613,20130614,20130615,20130616,20130617,20130618,20130619,20130620,20130621,20130623,20130626,20130629 
G.5.6_index_3_VS_G.4.4_index_3 [18] PLUS 1 
Ngay: 20130525,20130526,20130527,20130530,20130531,20130603,20130604,20130608,20130609,20130612,20130613,20130614,20130615,20130616,20130617,20130618,20130623,20130624,20130626,20130628 
Number is 81 
G.7.1_index_1_VS_G.3.2_index_3 [19] 
Ngay: 20130524,20130525,20130526,20130529,20130601,20130602,20130603,20130604,20130607,20130612,20130613,20130614,20130615,20130616,20130617,20130619,20130623,20130624,20130626 
Number is 91 
G.5.1_index_2_VS_G.3.2_index_3 [20] 
Ngay: 20130525,20130527,20130528,20130529,20130530,20130601,20130602,20130609,20130610,20130612,20130613,20130614,20130615,20130616,20130617,20130619,20130621,20130623,20130624,20130625,20130627,20130629 
