======== Current: 20130624 ========= 
Number is 13 
G.3.1_index_2_VS_G.3.6_index_4 [1] 
Ngay: 20130524,20130526,20130529,20130530,20130601,20130602,20130604,20130605,20130607,20130612,20130615,20130616,20130617,20130618,20130619,20130620,20130621,20130622,20130623,20130625,20130628 
Number is 16 
G.3.2_index_2_VS_G.5.3_index_2 [2] 
Ngay: 20130524,20130527,20130529,20130530,20130601,20130602,20130603,20130605,20130607,20130610,20130614,20130615,20130616,20130618,20130619,20130620,20130621,20130622,20130623,20130626,20130627 
G.3.2_index_5_VS_G.3.5_index_3 [3] 
Ngay: 20130525,20130526,20130529,20130530,20130602,20130603,20130604,20130608,20130609,20130610,20130612,20130614,20130615,20130616,20130617,20130618,20130619,20130620,20130621,20130622,20130623,20130625,20130627,20130628,20130629 
Number is 24 
G.4.1_index_4_VS_G.3.6_index_5 [4] PLUS 1 
Ngay: 20130527,20130601,20130602,20130603,20130604,20130609,20130618,20130619,20130620,20130621,20130622,20130623,20130624,20130626,20130627 
Number is 28 
G.DB_index_2_VS_G.7.4_index_1 [5] 
Ngay: 20130528,20130531,20130604,20130607,20130608,20130609,20130615,20130616,20130618,20130619,20130620,20130621,20130622,20130623,20130626,20130627,20130628,20130629 
Number is 30 
G.2.2_index_5_VS_G.2.2_index_2 [6] 
Ngay: 20130524,20130525,20130527,20130605,20130606,20130609,20130616,20130618,20130619,20130620,20130621,20130622,20130623,20130629 
Number is 31 
G.3.6_index_4_VS_G.3.6_index_3 [7] 
Ngay: 20130527,20130530,20130605,20130606,20130607,20130610,20130615,20130618,20130619,20130620,20130621,20130622,20130623,20130625,20130626,20130627,20130628 
Number is 32 
G.3.6_index_4_VS_G.4.1_index_4 [8] PLUS 1 
Ngay: 20130526,20130602,20130604,20130606,20130611,20130612,20130613,20130615,20130617,20130618,20130619,20130620,20130621,20130622,20130623,20130624,20130625,20130626,20130627 
Number is 36 
G.5.4_index_4_VS_G.3.5_index_3 [9] 
Ngay: 20130529,20130601,20130603,20130605,20130607,20130608,20130609,20130610,20130611,20130612,20130613,20130614,20130615,20130617,20130618,20130619,20130620,20130621,20130622,20130623,20130625,20130629 
Number is 38 
G.5.4_index_4_VS_G.4.1_index_2 [10] 
Ngay: 20130524,20130525,20130526,20130527,20130530,20130604,20130605,20130608,20130612,20130614,20130618,20130619,20130620,20130621,20130622,20130623,20130625,20130626 
Number is 42 
G.7.3_index_1_VS_G.DB_index_2 [11] PLUS 1 
Ngay: 20130529,20130604,20130606,20130607,20130608,20130609,20130610,20130611,20130618,20130619,20130620,20130621,20130622,20130623,20130624,20130629 
G.7.3_index_1_VS_G.5.6_index_1 [12] PLUS 1 
Ngay: 20130524,20130531,20130601,20130602,20130603,20130610,20130611,20130612,20130614,20130618,20130619,20130620,20130621,20130622,20130623,20130624,20130625,20130626,20130628,20130629 
Number is 61 
G.5.1_index_2_VS_G.3.1_index_2 [13] 
Ngay: 20130528,20130530,20130531,20130601,20130604,20130605,20130606,20130611,20130613,20130618,20130619,20130620,20130621,20130622,20130623,20130627,20130628,20130629 
Number is 65 
G.4.1_index_1_VS_G.4.1_index_3 [14] PLUS 1 
Ngay: 20130525,20130527,20130528,20130530,20130603,20130608,20130611,20130613,20130616,20130617,20130618,20130619,20130620,20130621,20130622,20130623,20130624,20130626,20130628 
Number is 67 
G.3.4_index_5_VS_G.3.6_index_1 [15] PLUS 1 
Ngay: 20130524,20130527,20130530,20130531,20130601,20130605,20130606,20130607,20130608,20130609,20130611,20130613,20130614,20130616,20130618,20130619,20130620,20130621,20130622,20130623,20130624,20130628 
Number is 69 
G.4.1_index_1_VS_G.5.6_index_3 [16] PLUS 1 
Ngay: 20130525,20130527,20130528,20130529,20130604,20130605,20130609,20130610,20130614,20130616,20130618,20130619,20130620,20130621,20130622,20130623,20130624,20130626,20130627 
G.3.5_index_3_VS_G.5.3_index_1 [17] PLUS 1 
Ngay: 20130525,20130526,20130529,20130530,20130531,20130601,20130603,20130604,20130607,20130608,20130609,20130612,20130615,20130618,20130619,20130620,20130621,20130622,20130623,20130624,20130627 
Number is 70 
G.3.1_index_1_VS_G.2.2_index_2 [18] 
Ngay: 20130525,20130528,20130530,20130602,20130603,20130604,20130608,20130613,20130616,20130617,20130618,20130619,20130620,20130621,20130622,20130623 
G.3.6_index_2_VS_G.2.2_index_2 [19] 
Ngay: 20130525,20130527,20130528,20130530,20130601,20130603,20130605,20130607,20130609,20130610,20130616,20130618,20130619,20130620,20130621,20130622,20130623,20130626,20130627,20130629 
Number is 71 
G.4.4_index_2_VS_G.3.2_index_5 [20] 
Ngay: 20130524,20130525,20130526,20130528,20130531,20130602,20130604,20130605,20130606,20130611,20130613,20130615,20130616,20130618,20130619,20130620,20130621,20130622,20130623,20130628 
Number is 72 
G.4.4_index_2_VS_G.5.6_index_1 [21] PLUS 1 
Ngay: 20130524,20130525,20130530,20130602,20130603,20130604,20130607,20130608,20130611,20130614,20130615,20130618,20130619,20130620,20130621,20130622,20130623,20130624 
Number is 79 
G.4.3_index_3_VS_G.2.1_index_5 [22] 
Ngay: 20130524,20130601,20130605,20130606,20130608,20130613,20130617,20130618,20130619,20130620,20130621,20130622,20130623,20130626 
G.4.2_index_3_VS_G.5.1_index_1 [23] 
Ngay: 20130526,20130527,20130529,20130531,20130602,20130606,20130608,20130609,20130616,20130618,20130619,20130620,20130621,20130622,20130623,20130627 
Number is 82 
G.4.1_index_2_VS_G.4.1_index_4 [24] 
Ngay: 20130525,20130530,20130531,20130602,20130604,20130606,20130608,20130611,20130613,20130614,20130618,20130619,20130620,20130621,20130622,20130623,20130626 
Number is 84 
G.2.1_index_3_VS_G.3.4_index_1 [25] 
Ngay: 20130525,20130528,20130529,20130531,20130601,20130602,20130604,20130608,20130609,20130610,20130613,20130616,20130618,20130619,20130620,20130621,20130622,20130623,20130625 
Number is 87 
G.2.1_index_3_VS_G.7.1_index_1 [26] 
Ngay: 20130524,20130526,20130529,20130530,20130601,20130604,20130605,20130613,20130615,20130616,20130617,20130618,20130619,20130620,20130621,20130622,20130623,20130625,20130626,20130627,20130628 
G.6.2_index_3_VS_G.5.2_index_2 [27] 
Ngay: 20130524,20130525,20130526,20130527,20130530,20130531,20130606,20130612,20130613,20130614,20130615,20130616,20130618,20130619,20130620,20130621,20130622,20130623,20130625,20130627 
Number is 92 
G.2.1_index_2_VS_G.5.4_index_3 [28] PLUS 1 
Ngay: 20130524,20130526,20130527,20130531,20130601,20130603,20130604,20130606,20130608,20130611,20130615,20130616,20130617,20130618,20130619,20130620,20130621,20130622,20130623,20130624,20130628,20130629 
Number is 97 
G.7.1_index_2_VS_G.1.1_index_4 [29] 
Ngay: 20130527,20130529,20130531,20130603,20130604,20130605,20130609,20130610,20130611,20130612,20130613,20130618,20130619,20130620,20130621,20130622,20130623,20130628,20130629 
Number is 98 
G.3.5_index_2_VS_G.7.4_index_1 [30] 
Ngay: 20130524,20130527,20130529,20130531,20130601,20130606,20130608,20130609,20130614,20130616,20130618,20130619,20130620,20130621,20130622,20130623 
