======== Current: 20160601 ========= 
Number is 02 
G.2.2_index_3_VS_G.7.1_index_2 [1] PLUS 1 
20160519,20160520,20160524,20160526,20160527,20160528,20160529,20160530,20160531,20160601,20160603,20160605,20160606,20160607,20160609,20160611,20160612,20160614,20160616,20160617,20160621,20160623,20160626,20160628,20160702 
Number is 03 
G.6.1_index_2_VS_G.3.3_index_2 [2] PLUS 1 
20160516,20160522,20160523,20160526,20160527,20160528,20160529,20160530,20160531,20160601,20160604,20160608,20160609,20160610,20160611,20160612,20160614,20160624,20160625,20160626,20160627,20160628,20160629,20160701 
Number is 12 
G.7.4_index_1_VS_G.4.4_index_3 [3] PLUS 1 
20160516,20160518,20160519,20160521,20160522,20160524,20160525,20160526,20160527,20160528,20160529,20160530,20160531,20160601,20160602,20160603,20160609,20160614,20160615,20160617,20160618,20160621,20160623,20160624,20160626,20160627,20160630,20160701 
Number is 22 
G.3.3_index_5_VS_G.5.2_index_4 [4] 
20160517,20160519,20160521,20160523,20160526,20160527,20160528,20160529,20160530,20160531,20160602,20160604,20160605,20160606,20160607,20160609,20160612,20160613,20160614,20160616,20160617,20160618,20160619,20160620,20160623,20160625,20160626,20160627,20160630,20160701 
Number is 25 
G.6.2_index_3_VS_G.5.2_index_1 [5] 
20160518,20160524,20160526,20160527,20160528,20160529,20160530,20160531,20160602,20160605,20160608,20160609,20160611,20160614,20160615,20160620,20160622,20160626,20160628 
Number is 26 
G.4.4_index_3_VS_G.DB_index_3 [6] 
20160517,20160522,20160523,20160524,20160526,20160527,20160528,20160529,20160530,20160531,20160602,20160603,20160604,20160605,20160606,20160607,20160608,20160609,20160613,20160619,20160620,20160622,20160626 
Number is 28 
G.5.5_index_2_VS_G.DB_index_4 [7] 
20160517,20160518,20160519,20160520,20160524,20160525,20160526,20160527,20160528,20160529,20160530,20160531,20160602,20160603,20160604,20160605,20160607,20160608,20160611,20160615,20160619,20160623,20160627,20160628,20160629,20160630,20160702 
Number is 40 
G.3.5_index_2_VS_G.5.2_index_2 [8] 
20160517,20160518,20160519,20160520,20160523,20160524,20160525,20160526,20160527,20160528,20160529,20160530,20160531,20160605,20160606,20160607,20160609,20160614,20160615,20160620,20160630 
Number is 46 
G.4.3_index_4_VS_G.4.2_index_2 [9] 
20160517,20160519,20160520,20160522,20160523,20160526,20160527,20160528,20160529,20160530,20160531,20160605,20160609,20160610,20160611,20160613,20160614,20160615,20160618,20160621,20160624,20160626,20160628,20160702 
Number is 49 
G.3.5_index_2_VS_G.6.3_index_2 [10] 
20160516,20160517,20160518,20160519,20160523,20160526,20160527,20160528,20160529,20160530,20160531,20160602,20160604,20160605,20160608,20160611,20160614,20160618,20160620,20160621,20160626,20160629,20160701 
Number is 52 
G.7.2_index_1_VS_G.5.2_index_4 [11] 
20160517,20160522,20160523,20160526,20160527,20160528,20160529,20160530,20160531,20160603,20160605,20160606,20160609,20160610,20160613,20160615,20160616,20160617,20160621,20160626,20160628,20160630,20160701 
Number is 54 
G.7.2_index_1_VS_G.4.3_index_4 [12] PLUS 1 
20160516,20160520,20160522,20160523,20160526,20160527,20160528,20160529,20160530,20160531,20160601,20160602,20160604,20160608,20160609,20160610,20160611,20160614,20160615,20160620,20160621,20160622,20160627 
Number is 65 
G.5.5_index_3_VS_G.7.2_index_1 [13] PLUS 1 
20160516,20160519,20160522,20160524,20160525,20160526,20160527,20160528,20160529,20160530,20160531,20160601,20160604,20160609,20160610,20160612,20160613,20160615,20160617,20160618,20160619,20160621,20160623,20160624,20160627,20160701,20160702 
Number is 73 
G.4.3_index_3_VS_G.5.6_index_2 [14] 
20160517,20160518,20160520,20160526,20160527,20160528,20160529,20160530,20160531,20160606,20160609,20160610,20160614,20160616,20160618,20160619,20160624,20160625,20160627 
Number is 80 
G.3.3_index_3_VS_G.5.2_index_2 [15] PLUS 1 
20160525,20160526,20160527,20160528,20160529,20160530,20160531,20160601,20160602,20160603,20160605,20160606,20160607,20160614,20160620,20160621,20160622,20160625,20160626,20160630 
Number is 87 
G.DB_index_2_VS_G.2.1_index_3 [16] 
20160516,20160518,20160519,20160521,20160524,20160526,20160527,20160528,20160529,20160530,20160531,20160602,20160609,20160612,20160613,20160617,20160618,20160619,20160620,20160624,20160625,20160627 
Number is 88 
G.3.3_index_3_VS_G.3.5_index_4 [17] 
20160516,20160517,20160524,20160525,20160526,20160527,20160528,20160529,20160530,20160531,20160602,20160605,20160606,20160609,20160610,20160611,20160613,20160614,20160615,20160617,20160620,20160621,20160701,20160702 
