======== Current: 20160603 ========= 
Number is 02 
G.2.2_index_4_VS_G.DB_index_2 [1] 
20160516,20160519,20160521,20160524,20160528,20160529,20160530,20160531,20160601,20160602,20160604,20160608,20160611,20160613,20160616,20160617,20160618,20160622,20160626,20160627 
Number is 06 
G.5.2_index_3_VS_G.7.3_index_1 [2] 
20160518,20160520,20160523,20160528,20160529,20160530,20160531,20160601,20160602,20160605,20160610,20160619,20160620,20160621,20160623,20160628,20160630,20160702 
Number is 18 
G.5.1_index_1_VS_G.3.6_index_3 [3] PLUS 1 
20160516,20160517,20160519,20160522,20160524,20160525,20160528,20160529,20160530,20160531,20160601,20160602,20160603,20160604,20160609,20160621,20160623,20160626,20160628,20160702 
Number is 27 
G.2.2_index_3_VS_G.5.2_index_4 [4] PLUS 1 
20160517,20160522,20160526,20160528,20160529,20160530,20160531,20160601,20160602,20160603,20160605,20160606,20160607,20160609,20160613,20160614,20160617,20160619,20160620,20160624,20160625,20160627,20160629,20160701 
Number is 39 
G.3.1_index_1_VS_G.2.1_index_2 [5] 
20160516,20160524,20160525,20160526,20160528,20160529,20160530,20160531,20160601,20160602,20160604,20160607,20160609,20160610,20160618,20160627,20160702 
Number is 56 
G.7.2_index_1_VS_G.4.2_index_2 [6] 
20160516,20160519,20160520,20160521,20160522,20160523,20160524,20160525,20160527,20160528,20160529,20160530,20160531,20160601,20160602,20160604,20160608,20160610,20160612,20160613,20160615,20160617,20160618,20160620,20160621,20160626,20160628,20160629,20160702 
Number is 58 
G.3.4_index_2_VS_G.3.6_index_3 [7] 
20160517,20160518,20160521,20160522,20160523,20160525,20160528,20160529,20160530,20160531,20160601,20160602,20160609,20160611,20160614,20160616,20160617,20160621,20160623,20160701,20160702 
G.7.2_index_1_VS_G.4.3_index_4 [8] 
20160516,20160520,20160522,20160523,20160526,20160527,20160528,20160529,20160530,20160531,20160601,20160602,20160604,20160608,20160609,20160610,20160611,20160614,20160615,20160620,20160621,20160622,20160627 
Number is 69 
G.5.2_index_2_VS_G.DB_index_4 [9] PLUS 1 
20160516,20160517,20160518,20160519,20160520,20160521,20160522,20160524,20160525,20160526,20160528,20160529,20160530,20160531,20160601,20160602,20160603,20160611,20160612,20160617,20160620,20160622,20160623,20160625,20160626,20160629 
Number is 76 
G.3.6_index_5_VS_G.7.3_index_1 [10] 
20160516,20160517,20160519,20160520,20160521,20160522,20160526,20160528,20160529,20160530,20160531,20160601,20160602,20160605,20160607,20160609,20160610,20160611,20160614,20160615,20160617,20160618,20160620,20160621,20160622,20160624,20160627,20160629,20160701 
Number is 81 
G.7.4_index_1_VS_G.4.4_index_3 [11] PLUS 1 
20160516,20160518,20160519,20160521,20160522,20160524,20160525,20160526,20160527,20160528,20160529,20160530,20160531,20160601,20160602,20160603,20160609,20160614,20160615,20160617,20160618,20160621,20160623,20160624,20160626,20160627,20160630,20160701 
Number is 82 
G.5.2_index_1_VS_G.1.1_index_5 [12] PLUS 1 
20160518,20160521,20160523,20160524,20160527,20160528,20160529,20160530,20160531,20160601,20160602,20160603,20160612,20160613,20160614,20160615,20160616,20160620,20160621,20160622,20160625,20160627 
Number is 86 
G.7.1_index_2_VS_G.DB_index_1 [13] 
20160516,20160520,20160521,20160524,20160526,20160528,20160529,20160530,20160531,20160601,20160602,20160605,20160606,20160608,20160609,20160610,20160612,20160616,20160617,20160620,20160623,20160630,20160702 
Number is 92 
G.2.2_index_1_VS_G.DB_index_2 [14] 
20160516,20160517,20160518,20160524,20160528,20160529,20160530,20160531,20160601,20160602,20160606,20160609,20160611,20160613,20160614,20160617,20160620,20160621,20160622,20160625,20160626,20160630 
Number is 96 
G.3.3_index_3_VS_G.5.2_index_2 [15] PLUS 1 
20160525,20160526,20160527,20160528,20160529,20160530,20160531,20160601,20160602,20160603,20160605,20160606,20160607,20160614,20160620,20160621,20160622,20160625,20160626,20160630 
