======== Current: 20160606 ========= 
Number is 01 
G.3.4_index_4_VS_G.3.4_index_1 [1] 
20160518,20160519,20160521,20160531,20160601,20160602,20160603,20160604,20160605,20160607,20160608,20160611,20160614,20160615,20160616,20160618,20160620,20160622,20160623,20160625,20160628,20160629,20160630,20160702 
Number is 22 
G.4.4_index_4_VS_G.5.2_index_2 [2] PLUS 1 
20160518,20160520,20160521,20160522,20160523,20160526,20160531,20160601,20160602,20160603,20160604,20160605,20160606,20160610,20160611,20160613,20160614,20160620,20160621,20160624,20160625,20160626,20160701 
Number is 26 
G.3.3_index_1_VS_G.7.4_index_1 [3] 
20160518,20160523,20160526,20160527,20160531,20160601,20160602,20160603,20160604,20160605,20160607,20160612,20160613,20160615,20160616,20160619,20160620,20160624,20160625,20160626,20160627 
Number is 28 
G.3.5_index_5_VS_G.3.3_index_4 [4] PLUS 1 
20160520,20160523,20160524,20160527,20160530,20160531,20160601,20160602,20160603,20160604,20160605,20160606,20160608,20160610,20160613,20160617,20160618,20160620,20160621,20160622,20160627,20160628,20160629,20160702 
G.3.1_index_5_VS_G.3.3_index_4 [5] PLUS 1 
20160517,20160519,20160521,20160524,20160527,20160528,20160530,20160531,20160601,20160602,20160603,20160604,20160605,20160606,20160607,20160610,20160612,20160613,20160614,20160616,20160620,20160621,20160622,20160624,20160702 
Number is 52 
G.4.4_index_2_VS_G.DB_index_3 [6] PLUS 1 
20160517,20160518,20160523,20160529,20160531,20160601,20160602,20160603,20160604,20160605,20160606,20160607,20160610,20160611,20160624,20160627,20160629,20160630 
Number is 56 
G.4.4_index_2_VS_G.1.1_index_1 [7] 
20160522,20160527,20160529,20160531,20160601,20160602,20160603,20160604,20160605,20160611,20160612,20160615,20160620,20160623,20160627,20160628,20160629,20160630 
Number is 60 
G.5.6_index_3_VS_G.3.4_index_4 [8] 
20160517,20160519,20160524,20160526,20160527,20160528,20160531,20160601,20160602,20160603,20160604,20160605,20160611,20160614,20160615,20160616,20160623,20160624,20160628 
Number is 68 
G.3.3_index_5_VS_G.3.3_index_4 [9] PLUS 1 
20160517,20160523,20160524,20160530,20160531,20160601,20160602,20160603,20160604,20160605,20160606,20160613,20160615,20160618,20160621,20160623,20160626,20160702 
Number is 78 
G.4.2_index_1_VS_G.2.2_index_4 [10] 
20160523,20160524,20160528,20160529,20160531,20160601,20160602,20160603,20160604,20160605,20160607,20160617,20160620,20160626,20160701,20160702 
Number is 80 
G.5.4_index_3_VS_G.DB_index_4 [11] 
20160521,20160522,20160524,20160527,20160531,20160601,20160602,20160603,20160604,20160605,20160607,20160608,20160611,20160612,20160614,20160620,20160623,20160625,20160629 
Number is 86 
G.2.2_index_3_VS_G.3.3_index_5 [12] PLUS 1 
20160517,20160520,20160523,20160527,20160529,20160530,20160531,20160601,20160602,20160603,20160604,20160605,20160606,20160607,20160608,20160610,20160613,20160617,20160623,20160626,20160627,20160702 
Number is 95 
G.6.3_index_3_VS_G.4.4_index_2 [13] 
20160517,20160520,20160522,20160527,20160528,20160531,20160601,20160602,20160603,20160604,20160605,20160607,20160612,20160613,20160614,20160618,20160619,20160621,20160626,20160630,20160701 
