======== Current: 20160608 ========= 
Number is 02 
G.4.4_index_3_VS_G.3.3_index_2 [1] 
20160516,20160517,20160521,20160524,20160528,20160529,20160530,20160602,20160603,20160604,20160605,20160606,20160607,20160609,20160613,20160617,20160619,20160620,20160625,20160626,20160628,20160701 
Number is 03 
G.4.4_index_3_VS_G.DB_index_3 [2] PLUS 1 
20160517,20160522,20160523,20160524,20160526,20160527,20160528,20160529,20160530,20160531,20160602,20160603,20160604,20160605,20160606,20160607,20160608,20160609,20160613,20160619,20160620,20160622,20160626 
Number is 07 
G.6.2_index_2_VS_G.3.1_index_2 [3] PLUS 1 
20160520,20160522,20160523,20160526,20160528,20160602,20160603,20160604,20160605,20160606,20160607,20160608,20160609,20160610,20160611,20160612,20160616,20160617,20160619,20160620,20160626,20160627,20160701 
G.5.4_index_1_VS_G.2.1_index_5 [4] PLUS 1 
20160516,20160519,20160521,20160523,20160529,20160602,20160603,20160604,20160605,20160606,20160607,20160608,20160609,20160613,20160614,20160615,20160616,20160617,20160618,20160621,20160624,20160627,20160629,20160701 
Number is 13 
G.4.4_index_2_VS_G.DB_index_3 [5] 
20160517,20160518,20160523,20160529,20160531,20160601,20160602,20160603,20160604,20160605,20160606,20160607,20160610,20160611,20160624,20160627,20160629,20160630 
G.3.1_index_5_VS_G.4.1_index_1 [6] 
20160516,20160520,20160522,20160525,20160526,20160527,20160529,20160601,20160602,20160603,20160604,20160605,20160606,20160607,20160609,20160610,20160612,20160613,20160617,20160621,20160622,20160626,20160627,20160629,20160702 
Number is 15 
G.2.1_index_2_VS_G.3.3_index_4 [7] 
20160521,20160524,20160526,20160528,20160530,20160602,20160603,20160604,20160605,20160606,20160607,20160613,20160614,20160615,20160616,20160618,20160620,20160621,20160622,20160625,20160630 
G.3.1_index_5_VS_G.3.3_index_4 [8] 
20160517,20160519,20160521,20160524,20160527,20160528,20160530,20160531,20160601,20160602,20160603,20160604,20160605,20160606,20160607,20160610,20160612,20160613,20160614,20160616,20160620,20160621,20160622,20160624,20160702 
Number is 23 
G.3.3_index_1_VS_G.3.3_index_3 [9] PLUS 1 
20160516,20160519,20160520,20160521,20160528,20160531,20160602,20160603,20160604,20160605,20160606,20160607,20160608,20160609,20160612,20160615,20160616,20160621,20160624,20160627,20160701,20160702 
Number is 24 
G.2.2_index_3_VS_G.3.3_index_5 [10] PLUS 1 
20160517,20160520,20160523,20160527,20160529,20160530,20160531,20160601,20160602,20160603,20160604,20160605,20160606,20160607,20160608,20160610,20160613,20160617,20160623,20160626,20160627,20160702 
Number is 25 
G.7.3_index_1_VS_G.DB_index_4 [11] PLUS 1 
20160516,20160517,20160519,20160524,20160525,20160529,20160530,20160531,20160602,20160603,20160604,20160605,20160606,20160607,20160608,20160609,20160614,20160620,20160623,20160629,20160630,20160701,20160702 
Number is 32 
G.5.4_index_4_VS_G.7.4_index_1 [12] PLUS 1 
20160516,20160518,20160524,20160530,20160602,20160603,20160604,20160605,20160606,20160607,20160608,20160612,20160615,20160617,20160619,20160623,20160624,20160626,20160627 
Number is 35 
G.5.3_index_3_VS_G.3.3_index_4 [13] 
20160519,20160520,20160523,20160524,20160602,20160603,20160604,20160605,20160606,20160607,20160609,20160610,20160614,20160615,20160616,20160618,20160621,20160623,20160625,20160626,20160628,20160701 
Number is 38 
G.3.5_index_4_VS_G.4.3_index_3 [14] 
20160519,20160526,20160527,20160529,20160530,20160602,20160603,20160604,20160605,20160606,20160607,20160609,20160610,20160611,20160615,20160618,20160619,20160620,20160621,20160622,20160624,20160626,20160627,20160629,20160702 
Number is 42 
G.3.4_index_2_VS_G.3.3_index_2 [15] PLUS 1 
20160517,20160518,20160522,20160523,20160525,20160527,20160530,20160602,20160603,20160604,20160605,20160606,20160607,20160608,20160611,20160615,20160616,20160620,20160621,20160623,20160624,20160625 
G.7.2_index_1_VS_G.3.3_index_1 [16] PLUS 1 
20160516,20160519,20160520,20160522,20160524,20160526,20160527,20160528,20160529,20160530,20160602,20160603,20160604,20160605,20160606,20160607,20160608,20160612,20160613,20160614,20160615,20160616,20160619,20160701 
Number is 43 
G.7.2_index_1_VS_G.4.1_index_1 [17] 
20160520,20160522,20160526,20160528,20160529,20160602,20160603,20160604,20160605,20160606,20160607,20160609,20160610,20160612,20160615,20160617,20160621,20160626,20160627,20160630,20160701,20160702 
G.5.3_index_2_VS_G.5.4_index_4 [18] 
20160517,20160519,20160520,20160521,20160530,20160531,20160602,20160603,20160604,20160605,20160606,20160607,20160609,20160612,20160615,20160621,20160623,20160624,20160626,20160627,20160628,20160630 
Number is 48 
G.3.4_index_2_VS_G.3.4_index_3 [19] 
20160517,20160520,20160521,20160523,20160525,20160529,20160530,20160601,20160602,20160603,20160604,20160605,20160606,20160607,20160611,20160614,20160615,20160616,20160620,20160623,20160701,20160702 
Number is 59 
G.3.3_index_4_VS_G.6.2_index_3 [20] PLUS 1 
20160516,20160520,20160527,20160601,20160602,20160603,20160604,20160605,20160606,20160607,20160608,20160609,20160610,20160611,20160613,20160618,20160627,20160702 
Number is 71 
G.3.1_index_2_VS_G.3.4_index_5 [21] 
20160519,20160523,20160601,20160602,20160603,20160604,20160605,20160606,20160607,20160614,20160615,20160616,20160617,20160620,20160621,20160625,20160627,20160628,20160702 
Number is 80 
G.2.1_index_3_VS_G.5.4_index_1 [22] PLUS 1 
20160519,20160520,20160522,20160524,20160525,20160526,20160527,20160530,20160602,20160603,20160604,20160605,20160606,20160607,20160608,20160613,20160617,20160622,20160624,20160625,20160701,20160702 
Number is 84 
G.4.3_index_2_VS_G.3.4_index_2 [23] 
20160518,20160519,20160520,20160524,20160525,20160526,20160529,20160601,20160602,20160603,20160604,20160605,20160606,20160607,20160611,20160614,20160615,20160618,20160619,20160620,20160623,20160624,20160630,20160701,20160702 
Number is 85 
G.4.1_index_3_VS_G.3.3_index_4 [24] 
20160518,20160519,20160520,20160522,20160526,20160529,20160602,20160603,20160604,20160605,20160606,20160607,20160610,20160612,20160613,20160614,20160615,20160616,20160618,20160620,20160621,20160626,20160627,20160628,20160629,20160702 
Number is 87 
G.4.3_index_3_VS_G.5.5_index_4 [25] 
20160518,20160525,20160526,20160527,20160528,20160531,20160602,20160603,20160604,20160605,20160606,20160607,20160614,20160615,20160616,20160618,20160622,20160626,20160627,20160702 
