======== Current: 20160609 ========= 
Number is 00 
G.2.2_index_2_VS_G.4.2_index_4 [1] 
20160516,20160521,20160523,20160531,20160603,20160604,20160605,20160606,20160607,20160608,20160611,20160612,20160615,20160617,20160622,20160624,20160625,20160626,20160702 
Number is 01 
G.2.1_index_3_VS_G.5.2_index_4 [2] 
20160519,20160520,20160522,20160525,20160603,20160604,20160605,20160606,20160607,20160608,20160610,20160611,20160615,20160616,20160618,20160621,20160623,20160624,20160629,20160630,20160701,20160702 
Number is 02 
G.2.1_index_3_VS_G.5.4_index_1 [3] 
20160519,20160520,20160522,20160524,20160525,20160526,20160527,20160530,20160602,20160603,20160604,20160605,20160606,20160607,20160608,20160613,20160617,20160622,20160624,20160625,20160701,20160702 
G.2.2_index_2_VS_G.7.3_index_1 [4] 
20160517,20160519,20160520,20160522,20160523,20160526,20160527,20160529,20160530,20160603,20160604,20160605,20160606,20160607,20160608,20160610,20160616,20160621,20160624,20160626,20160627,20160629 
Number is 11 
G.3.3_index_2_VS_G.5.1_index_2 [5] 
20160516,20160517,20160521,20160522,20160524,20160526,20160527,20160528,20160603,20160604,20160605,20160606,20160607,20160608,20160610,20160612,20160613,20160614,20160615,20160616,20160618,20160619,20160620,20160621,20160622,20160625,20160626,20160627,20160630 
Number is 16 
G.4.3_index_2_VS_G.5.4_index_3 [6] PLUS 1 
20160523,20160528,20160530,20160603,20160604,20160605,20160606,20160607,20160608,20160609,20160611,20160613,20160614,20160618,20160619,20160620,20160622,20160627,20160628,20160629,20160701 
Number is 17 
G.3.3_index_2_VS_G.2.1_index_5 [7] PLUS 1 
20160516,20160517,20160519,20160520,20160603,20160604,20160605,20160606,20160607,20160608,20160609,20160615,20160621,20160624,20160626,20160701 
G.5.2_index_4_VS_G.6.2_index_3 [8] PLUS 1 
20160516,20160517,20160519,20160520,20160522,20160523,20160525,20160526,20160527,20160528,20160529,20160603,20160604,20160605,20160606,20160607,20160608,20160609,20160610,20160611,20160613,20160614,20160615,20160617,20160618,20160619,20160620,20160624,20160625,20160629,20160701 
Number is 18 
G.4.3_index_2_VS_G.2.2_index_5 [9] 
20160516,20160518,20160520,20160521,20160529,20160530,20160531,20160601,20160603,20160604,20160605,20160606,20160607,20160608,20160610,20160611,20160617,20160619,20160623,20160624,20160629,20160630,20160702 
Number is 20 
G.4.4_index_2_VS_G.4.1_index_3 [10] 
20160516,20160518,20160520,20160522,20160524,20160526,20160529,20160531,20160603,20160604,20160605,20160606,20160607,20160608,20160610,20160616,20160618,20160619,20160624,20160626,20160627,20160701 
G.4.4_index_1_VS_G.4.1_index_3 [11] 
20160516,20160518,20160519,20160521,20160522,20160526,20160528,20160529,20160531,20160603,20160604,20160605,20160606,20160607,20160608,20160611,20160613,20160614,20160615,20160619,20160620,20160621,20160622,20160623,20160627,20160630,20160701,20160702 
Number is 27 
G.5.4_index_1_VS_G.2.1_index_5 [12] PLUS 1 
20160516,20160519,20160521,20160523,20160529,20160602,20160603,20160604,20160605,20160606,20160607,20160608,20160609,20160613,20160614,20160615,20160616,20160617,20160618,20160621,20160624,20160627,20160629,20160701 
G.3.3_index_4_VS_G.6.2_index_3 [13] PLUS 1 
20160516,20160520,20160527,20160601,20160602,20160603,20160604,20160605,20160606,20160607,20160608,20160609,20160610,20160611,20160613,20160618,20160627,20160702 
Number is 29 
G.7.3_index_1_VS_G.DB_index_4 [14] PLUS 1 
20160516,20160517,20160519,20160524,20160525,20160529,20160530,20160531,20160602,20160603,20160604,20160605,20160606,20160607,20160608,20160609,20160614,20160620,20160623,20160629,20160630,20160701,20160702 
Number is 31 
G.4.1_index_4_VS_G.5.1_index_2 [15] PLUS 1 
20160516,20160517,20160521,20160603,20160604,20160605,20160606,20160607,20160608,20160609,20160610,20160613,20160615,20160616,20160621,20160625,20160627,20160628 
Number is 34 
G.3.3_index_3_VS_G.5.4_index_2 [16] 
20160517,20160519,20160522,20160523,20160526,20160529,20160603,20160604,20160605,20160606,20160607,20160608,20160614,20160615,20160616,20160619,20160620,20160624,20160625,20160627,20160629,20160701,20160702 
Number is 39 
G.3.1_index_2_VS_G.DB_index_4 [17] 
20160516,20160518,20160522,20160523,20160525,20160527,20160531,20160603,20160604,20160605,20160606,20160607,20160608,20160613,20160616,20160624,20160626,20160627,20160630,20160702 
G.5.4_index_4_VS_G.7.4_index_1 [18] 
20160516,20160518,20160524,20160530,20160602,20160603,20160604,20160605,20160606,20160607,20160608,20160612,20160615,20160617,20160619,20160623,20160624,20160626,20160627 
Number is 43 
G.2.2_index_3_VS_G.3.3_index_5 [19] 
20160517,20160520,20160523,20160527,20160529,20160530,20160531,20160601,20160602,20160603,20160604,20160605,20160606,20160607,20160608,20160610,20160613,20160617,20160623,20160626,20160627,20160702 
G.5.2_index_1_VS_G.3.1_index_2 [20] 
20160518,20160526,20160603,20160604,20160605,20160606,20160607,20160608,20160611,20160612,20160614,20160615,20160617,20160621,20160622,20160625,20160626,20160630,20160702 
Number is 45 
G.7.3_index_2_VS_G.3.5_index_3 [21] 
20160516,20160517,20160519,20160525,20160526,20160529,20160531,20160603,20160604,20160605,20160606,20160607,20160608,20160611,20160612,20160613,20160615,20160616,20160617,20160619,20160622,20160623,20160626,20160627,20160628,20160630 
Number is 47 
G.3.2_index_5_VS_G.7.2_index_1 [22] PLUS 1 
20160516,20160522,20160523,20160526,20160527,20160528,20160601,20160603,20160604,20160605,20160606,20160607,20160608,20160609,20160611,20160612,20160615,20160616,20160618,20160620,20160621,20160624,20160630 
Number is 51 
G.3.3_index_1_VS_G.3.5_index_4 [23] 
20160516,20160518,20160522,20160525,20160527,20160528,20160531,20160603,20160604,20160605,20160606,20160607,20160608,20160611,20160612,20160613,20160614,20160616,20160617,20160620,20160624,20160626 
Number is 53 
G.6.2_index_2_VS_G.3.1_index_2 [24] PLUS 1 
20160520,20160522,20160523,20160526,20160528,20160602,20160603,20160604,20160605,20160606,20160607,20160608,20160609,20160610,20160611,20160612,20160616,20160617,20160619,20160620,20160626,20160627,20160701 
G.3.3_index_1_VS_G.3.3_index_3 [25] PLUS 1 
20160516,20160519,20160520,20160521,20160528,20160531,20160602,20160603,20160604,20160605,20160606,20160607,20160608,20160609,20160612,20160615,20160616,20160621,20160624,20160627,20160701,20160702 
Number is 57 
G.3.4_index_3_VS_G.4.3_index_3 [26] 
20160521,20160524,20160525,20160526,20160531,20160603,20160604,20160605,20160606,20160607,20160608,20160611,20160613,20160614,20160619,20160621,20160622,20160625,20160627,20160628 
Number is 60 
G.5.4_index_3_VS_G.DB_index_3 [27] 
20160519,20160522,20160525,20160529,20160531,20160603,20160604,20160605,20160606,20160607,20160608,20160610,20160611,20160614,20160615,20160620,20160622,20160625,20160626,20160629 
Number is 68 
G.5.4_index_3_VS_G.5.6_index_1 [28] 
20160516,20160520,20160522,20160523,20160524,20160530,20160531,20160601,20160603,20160604,20160605,20160606,20160607,20160608,20160611,20160614,20160619,20160620,20160625,20160626,20160627,20160628,20160629,20160701,20160702 
Number is 70 
G.4.4_index_3_VS_G.DB_index_3 [29] PLUS 1 
20160517,20160522,20160523,20160524,20160526,20160527,20160528,20160529,20160530,20160531,20160602,20160603,20160604,20160605,20160606,20160607,20160608,20160609,20160613,20160619,20160620,20160622,20160626 
Number is 71 
G.4.3_index_3_VS_G.4.3_index_2 [30] PLUS 1 
20160518,20160520,20160523,20160526,20160529,20160530,20160531,20160603,20160604,20160605,20160606,20160607,20160608,20160609,20160610,20160615,20160618,20160619,20160622,20160624,20160701 
Number is 75 
G.7.2_index_1_VS_G.3.3_index_1 [31] 
20160516,20160519,20160520,20160522,20160524,20160526,20160527,20160528,20160529,20160530,20160602,20160603,20160604,20160605,20160606,20160607,20160608,20160612,20160613,20160614,20160615,20160616,20160619,20160701 
Number is 77 
G.4.3_index_3_VS_G.4.4_index_3 [32] 
20160521,20160523,20160524,20160529,20160530,20160531,20160603,20160604,20160605,20160606,20160607,20160608,20160611,20160614,20160616,20160619,20160624,20160625,20160626,20160627,20160628,20160630,20160702 
Number is 81 
G.3.4_index_2_VS_G.3.3_index_2 [33] 
20160517,20160518,20160522,20160523,20160525,20160527,20160530,20160602,20160603,20160604,20160605,20160606,20160607,20160608,20160611,20160615,20160616,20160620,20160621,20160623,20160624,20160625 
Number is 82 
G.5.5_index_1_VS_G.4.4_index_2 [34] 
20160516,20160521,20160523,20160525,20160526,20160527,20160529,20160531,20160603,20160604,20160605,20160606,20160607,20160608,20160610,20160612,20160617,20160618,20160619,20160622,20160628,20160629,20160630 
Number is 83 
G.3.4_index_4_VS_G.3.1_index_2 [35] 
20160516,20160522,20160525,20160526,20160527,20160531,20160603,20160604,20160605,20160606,20160607,20160608,20160611,20160614,20160615,20160620,20160621,20160622,20160623,20160625,20160629,20160630 
Number is 86 
G.5.5_index_4_VS_G.5.4_index_3 [36] 
20160517,20160520,20160522,20160524,20160527,20160529,20160531,20160601,20160603,20160604,20160605,20160606,20160607,20160608,20160618,20160620,20160622,20160623,20160626,20160627,20160628,20160630,20160702 
Number is 88 
G.3.5_index_5_VS_G.5.1_index_3 [37] 
20160517,20160523,20160525,20160528,20160530,20160603,20160604,20160605,20160606,20160607,20160608,20160610,20160611,20160613,20160619,20160621,20160623,20160624,20160630,20160701 
Number is 89 
G.5.5_index_4_VS_G.4.3_index_1 [38] PLUS 1 
20160516,20160517,20160519,20160523,20160527,20160529,20160530,20160603,20160604,20160605,20160606,20160607,20160608,20160609,20160615,20160617,20160621,20160622,20160623,20160624,20160627,20160630 
