======== Current: 20160612 ========= 
Number is 02 
G.6.2_index_2_VS_G.3.1_index_2 [1] PLUS 1 
20160520,20160522,20160523,20160526,20160528,20160602,20160603,20160604,20160605,20160606,20160607,20160608,20160609,20160610,20160611,20160612,20160616,20160617,20160619,20160620,20160626,20160627,20160701 
Number is 04 
G.6.1_index_2_VS_G.6.2_index_3 [2] 
20160520,20160521,20160522,20160524,20160526,20160601,20160605,20160606,20160607,20160608,20160609,20160610,20160611,20160613,20160618,20160619,20160621,20160622,20160623,20160624,20160625,20160627,20160630,20160702 
G.5.2_index_4_VS_G.6.2_index_3 [3] 
20160516,20160517,20160519,20160520,20160522,20160523,20160525,20160526,20160527,20160528,20160529,20160603,20160604,20160605,20160606,20160607,20160608,20160609,20160610,20160611,20160613,20160614,20160615,20160617,20160618,20160619,20160620,20160624,20160625,20160629,20160701 
Number is 08 
G.5.1_index_2_VS_G.5.4_index_3 [4] 
20160516,20160517,20160520,20160526,20160528,20160604,20160605,20160606,20160607,20160608,20160609,20160610,20160611,20160615,20160616,20160617,20160618,20160619,20160620,20160622,20160623,20160626,20160627,20160629 
Number is 34 
G.3.2_index_5_VS_G.2.2_index_1 [5] 
20160516,20160517,20160521,20160524,20160526,20160529,20160531,20160603,20160606,20160607,20160608,20160609,20160610,20160611,20160614,20160615,20160616,20160619,20160620,20160621,20160622,20160623,20160624,20160626 
Number is 42 
G.7.1_index_1_VS_G.4.3_index_3 [6] 
20160518,20160520,20160527,20160529,20160530,20160531,20160604,20160606,20160607,20160608,20160609,20160610,20160611,20160614,20160617,20160620,20160624,20160625,20160626,20160630,20160702 
Number is 43 
G.2.2_index_1_VS_G.5.5_index_2 [7] 
20160518,20160520,20160523,20160526,20160528,20160530,20160531,20160603,20160605,20160606,20160607,20160608,20160609,20160610,20160611,20160615,20160620,20160622,20160625,20160626,20160628 
Number is 54 
G.3.3_index_4_VS_G.6.2_index_3 [8] 
20160516,20160520,20160527,20160601,20160602,20160603,20160604,20160605,20160606,20160607,20160608,20160609,20160610,20160611,20160613,20160618,20160627,20160702 
Number is 64 
G.4.3_index_2_VS_G.4.4_index_1 [9] 
20160516,20160518,20160519,20160523,20160527,20160529,20160605,20160606,20160607,20160608,20160609,20160610,20160611,20160615,20160616,20160619,20160621,20160622,20160627,20160701,20160702 
Number is 74 
G.6.1_index_1_VS_G.2.2_index_4 [10] PLUS 1 
20160516,20160523,20160524,20160526,20160530,20160603,20160604,20160606,20160607,20160608,20160609,20160610,20160611,20160612,20160613,20160614,20160619,20160627,20160701 
G.4.3_index_4_VS_G.6.2_index_3 [11] PLUS 1 
20160516,20160519,20160520,20160522,20160526,20160528,20160530,20160602,20160606,20160607,20160608,20160609,20160610,20160611,20160612,20160618,20160622,20160624,20160626,20160628 
Number is 80 
G.5.4_index_3_VS_G.5.3_index_4 [12] 
20160516,20160517,20160519,20160520,20160521,20160524,20160525,20160527,20160529,20160531,20160601,20160605,20160606,20160607,20160608,20160609,20160610,20160611,20160616,20160617,20160618,20160620,20160626,20160628,20160629,20160630,20160702 
Number is 84 
G.5.4_index_3_VS_G.3.6_index_4 [13] 
20160517,20160519,20160520,20160521,20160529,20160531,20160601,20160602,20160605,20160606,20160607,20160608,20160609,20160610,20160611,20160616,20160618,20160622,20160624,20160625,20160626,20160628,20160629,20160630,20160702 
Number is 99 
G.DB_index_1_VS_G.5.5_index_3 [14] PLUS 1 
20160522,20160525,20160526,20160530,20160531,20160601,20160606,20160607,20160608,20160609,20160610,20160611,20160612,20160614,20160621,20160623,20160627,20160628,20160630,20160701 
