======== Current: 20160620 ========= 
Number is 15 
G.3.3_index_1_VS_G.DB_index_4 [1] PLUS 1 
20160521,20160527,20160530,20160602,20160603,20160605,20160608,20160612,20160613,20160614,20160615,20160616,20160617,20160618,20160619,20160620,20160623,20160624,20160628,20160630,20160701 
Number is 27 
G.4.1_index_3_VS_G.4.3_index_3 [2] 
20160517,20160520,20160526,20160528,20160604,20160605,20160606,20160607,20160608,20160609,20160611,20160612,20160613,20160614,20160615,20160616,20160617,20160618,20160619,20160622,20160624,20160625,20160626,20160627,20160630 
Number is 62 
G.DB_index_2_VS_G.4.1_index_3 [3] 
20160516,20160518,20160521,20160526,20160527,20160529,20160601,20160606,20160609,20160611,20160612,20160614,20160615,20160616,20160617,20160618,20160619,20160621,20160622,20160624,20160626,20160701 
Number is 68 
G.DB_index_2_VS_G.4.1_index_1 [4] 
20160520,20160522,20160524,20160525,20160526,20160527,20160529,20160530,20160602,20160606,20160609,20160611,20160613,20160614,20160615,20160616,20160617,20160618,20160619,20160623,20160624,20160701 
Number is 72 
G.7.4_index_1_VS_G.4.1_index_3 [5] 
20160518,20160519,20160522,20160525,20160526,20160602,20160603,20160608,20160612,20160613,20160614,20160615,20160616,20160617,20160618,20160619,20160622,20160626,20160630,20160701,20160702 
Number is 75 
G.2.1_index_5_VS_G.3.2_index_5 [6] PLUS 1 
20160516,20160519,20160521,20160522,20160523,20160526,20160528,20160530,20160531,20160603,20160606,20160608,20160609,20160611,20160613,20160614,20160615,20160616,20160617,20160618,20160619,20160620,20160621,20160623,20160624,20160626,20160627,20160628,20160629,20160701 
Number is 76 
G.3.1_index_3_VS_G.6.1_index_1 [7] PLUS 1 
20160516,20160517,20160521,20160522,20160526,20160607,20160608,20160611,20160613,20160614,20160615,20160616,20160617,20160618,20160619,20160620,20160623,20160624,20160627 
Number is 77 
G.3.2_index_2_VS_G.4.3_index_2 [8] 
20160516,20160518,20160521,20160523,20160529,20160604,20160609,20160610,20160612,20160614,20160615,20160616,20160617,20160618,20160619,20160622,20160624,20160630,20160701,20160702 
Number is 83 
G.5.3_index_1_VS_G.2.1_index_3 [9] 
20160516,20160519,20160520,20160521,20160524,20160526,20160528,20160529,20160530,20160607,20160608,20160614,20160615,20160616,20160617,20160618,20160619,20160621,20160623,20160624,20160626,20160627,20160628,20160630,20160701,20160702 
Number is 86 
G.5.3_index_1_VS_G.5.6_index_4 [10] 
20160516,20160518,20160519,20160520,20160522,20160525,20160527,20160529,20160602,20160603,20160606,20160607,20160608,20160614,20160615,20160616,20160617,20160618,20160619,20160621,20160626,20160629,20160630 
Number is 87 
G.3.5_index_3_VS_G.4.3_index_2 [11] 
20160516,20160526,20160527,20160529,20160530,20160531,20160601,20160607,20160608,20160611,20160613,20160614,20160615,20160616,20160617,20160618,20160619,20160623,20160624,20160629 
Number is 88 
G.3.5_index_3_VS_G.2.1_index_1 [12] 
20160516,20160519,20160521,20160524,20160526,20160527,20160528,20160603,20160605,20160608,20160610,20160611,20160612,20160614,20160615,20160616,20160617,20160618,20160619,20160621,20160623,20160624,20160629,20160630 
Number is 91 
G.5.5_index_3_VS_G.3.3_index_1 [13] 
20160520,20160521,20160523,20160524,20160527,20160528,20160605,20160607,20160608,20160609,20160612,20160614,20160615,20160616,20160617,20160618,20160619,20160621,20160624,20160628,20160630,20160701,20160702 
