======== Current: 20160623 ========= 
Number is 11 
G.3.6_index_5_VS_G.4.2_index_3 [1] 
20160521,20160522,20160523,20160524,20160526,20160528,20160529,20160609,20160612,20160615,20160617,20160618,20160619,20160620,20160621,20160622,20160627,20160701 
Number is 12 
G.3.6_index_5_VS_G.6.1_index_1 [2] 
20160517,20160519,20160525,20160526,20160601,20160607,20160609,20160611,20160612,20160613,20160615,20160617,20160618,20160619,20160620,20160621,20160622,20160625,20160627,20160630 
Number is 49 
G.4.2_index_4_VS_G.DB_index_5 [3] 
20160516,20160517,20160519,20160520,20160522,20160523,20160524,20160527,20160528,20160530,20160531,20160601,20160610,20160611,20160616,20160617,20160618,20160619,20160620,20160621,20160622,20160624,20160626,20160627 
Number is 50 
G.5.2_index_1_VS_G.4.1_index_1 [4] 
20160521,20160522,20160525,20160527,20160528,20160529,20160530,20160531,20160605,20160607,20160609,20160615,20160617,20160618,20160619,20160620,20160621,20160622,20160625,20160626,20160630 
Number is 52 
G.7.3_index_1_VS_G.1.1_index_4 [5] PLUS 1 
20160519,20160520,20160523,20160524,20160525,20160526,20160528,20160530,20160531,20160602,20160605,20160607,20160611,20160617,20160618,20160619,20160620,20160621,20160622,20160623,20160701,20160702 
Number is 62 
G.5.4_index_3_VS_G.1.1_index_4 [6] PLUS 1 
20160516,20160520,20160521,20160523,20160524,20160525,20160527,20160528,20160531,20160602,20160603,20160607,20160609,20160611,20160617,20160618,20160619,20160620,20160621,20160622,20160623,20160626,20160628 
Number is 67 
G.5.5_index_1_VS_G.4.3_index_4 [7] 
20160516,20160518,20160520,20160525,20160526,20160527,20160529,20160530,20160607,20160610,20160612,20160614,20160617,20160618,20160619,20160620,20160621,20160622,20160624,20160625,20160630 
G.5.5_index_1_VS_G.3.6_index_1 [8] 
20160520,20160521,20160522,20160526,20160529,20160605,20160606,20160610,20160613,20160615,20160617,20160618,20160619,20160620,20160621,20160622,20160630,20160701,20160702 
Number is 73 
G.5.2_index_3_VS_G.DB_index_1 [9] 
20160517,20160521,20160528,20160530,20160608,20160611,20160612,20160617,20160618,20160619,20160620,20160621,20160622,20160624,20160628,20160629 
Number is 81 
G.3.5_index_4_VS_G.1.1_index_3 [10] PLUS 1 
20160517,20160519,20160522,20160523,20160524,20160526,20160527,20160528,20160530,20160601,20160606,20160608,20160609,20160610,20160611,20160612,20160613,20160614,20160617,20160618,20160619,20160620,20160621,20160622,20160623,20160625,20160626,20160628,20160702 
Number is 86 
G.6.1_index_3_VS_G.4.4_index_3 [11] 
20160518,20160526,20160531,20160603,20160606,20160608,20160609,20160613,20160614,20160617,20160618,20160619,20160620,20160621,20160622,20160625,20160626,20160629,20160701 
Number is 87 
G.3.5_index_4_VS_G.3.6_index_1 [12] PLUS 1 
20160519,20160521,20160522,20160525,20160526,20160528,20160529,20160530,20160603,20160605,20160606,20160607,20160609,20160610,20160613,20160615,20160617,20160618,20160619,20160620,20160621,20160622,20160623,20160625,20160627,20160628,20160629,20160701,20160702 
Number is 88 
G.6.2_index_2_VS_G.4.4_index_1 [13] 
20160518,20160520,20160522,20160523,20160524,20160527,20160603,20160605,20160608,20160611,20160614,20160617,20160618,20160619,20160620,20160621,20160622,20160627,20160630 
G.3.1_index_1_VS_G.5.4_index_2 [14] 
20160524,20160526,20160529,20160603,20160609,20160615,20160617,20160618,20160619,20160620,20160621,20160622,20160626,20160627,20160628,20160702 
Number is 98 
G.3.3_index_3_VS_G.6.3_index_3 [15] 
20160525,20160527,20160531,20160602,20160609,20160612,20160613,20160617,20160618,20160619,20160620,20160621,20160622,20160625,20160626,20160627,20160629 
