======== Current: 20160625 ========= 
Number is 01 
G.4.2_index_4_VS_G.5.2_index_3 [1] 
20160518,20160520,20160522,20160523,20160527,20160529,20160530,20160601,20160605,20160608,20160610,20160612,20160613,20160615,20160617,20160619,20160620,20160621,20160622,20160623,20160624,20160627,20160629,20160702 
Number is 15 
G.4.1_index_2_VS_G.3.2_index_5 [2] 
20160517,20160518,20160525,20160526,20160527,20160528,20160530,20160531,20160601,20160603,20160604,20160608,20160610,20160611,20160614,20160615,20160619,20160620,20160621,20160622,20160623,20160624,20160629,20160701 
Number is 16 
G.4.1_index_2_VS_G.1.1_index_4 [3] 
20160518,20160520,20160521,20160523,20160526,20160527,20160528,20160602,20160604,20160605,20160607,20160609,20160610,20160611,20160612,20160613,20160616,20160619,20160620,20160621,20160622,20160623,20160624,20160630,20160701 
G.5.1_index_2_VS_G.6.1_index_1 [4] 
20160516,20160517,20160519,20160524,20160525,20160526,20160604,20160606,20160610,20160611,20160613,20160616,20160617,20160619,20160620,20160621,20160622,20160623,20160624,20160627,20160628,20160701 
Number is 24 
G.5.4_index_2_VS_G.DB_index_3 [5] PLUS 1 
20160519,20160523,20160524,20160525,20160526,20160529,20160602,20160603,20160607,20160608,20160609,20160612,20160613,20160615,20160619,20160620,20160621,20160622,20160623,20160624,20160625,20160626,20160627,20160701,20160702 
Number is 29 
G.5.4_index_2_VS_G.3.6_index_1 [6] 
20160516,20160518,20160519,20160522,20160523,20160526,20160527,20160529,20160605,20160606,20160608,20160609,20160610,20160615,20160617,20160619,20160620,20160621,20160622,20160623,20160624,20160627,20160628,20160701,20160702 
Number is 38 
G.3.1_index_5_VS_G.4.4_index_1 [7] 
20160517,20160518,20160520,20160523,20160527,20160605,20160606,20160611,20160613,20160616,20160619,20160620,20160621,20160622,20160623,20160624,20160629,20160702 
Number is 49 
G.2.1_index_2_VS_G.4.1_index_3 [8] 
20160516,20160522,20160601,20160604,20160606,20160608,20160609,20160612,20160613,20160618,20160619,20160620,20160621,20160622,20160623,20160624,20160626,20160627,20160628,20160701,20160702 
Number is 58 
G.3.2_index_5_VS_G.2.2_index_1 [9] 
20160516,20160517,20160521,20160524,20160526,20160529,20160531,20160603,20160606,20160607,20160608,20160609,20160610,20160611,20160614,20160615,20160616,20160619,20160620,20160621,20160622,20160623,20160624,20160626 
G.7.3_index_1_VS_G.3.1_index_4 [10] 
20160517,20160522,20160524,20160525,20160526,20160530,20160601,20160604,20160607,20160608,20160610,20160612,20160615,20160616,20160619,20160620,20160621,20160622,20160623,20160624,20160627,20160630,20160701,20160702 
Number is 61 
G.3.5_index_4_VS_G.6.3_index_2 [11] 
20160520,20160522,20160524,20160525,20160527,20160528,20160530,20160603,20160609,20160610,20160613,20160615,20160617,20160619,20160620,20160621,20160622,20160623,20160624 
Number is 86 
G.2.2_index_1_VS_G.1.1_index_4 [12] PLUS 1 
20160516,20160517,20160520,20160521,20160523,20160524,20160525,20160526,20160528,20160529,20160531,20160605,20160607,20160609,20160610,20160611,20160613,20160614,20160615,20160619,20160620,20160621,20160622,20160623,20160624,20160625,20160626,20160629,20160630 
Number is 90 
G.5.2_index_1_VS_G.2.1_index_1 [13] 
20160518,20160519,20160520,20160522,20160523,20160525,20160528,20160529,20160601,20160605,20160607,20160608,20160612,20160613,20160614,20160617,20160619,20160620,20160621,20160622,20160623,20160624,20160702 
Number is 91 
G.3.6_index_1_VS_G.4.1_index_2 [14] PLUS 1 
20160516,20160520,20160525,20160528,20160607,20160608,20160609,20160613,20160614,20160615,20160619,20160620,20160621,20160622,20160623,20160624,20160625,20160701 
Number is 95 
G.3.6_index_1_VS_G.4.3_index_2 [15] 
20160516,20160517,20160521,20160523,20160524,20160525,20160526,20160527,20160529,20160530,20160603,20160604,20160606,20160607,20160609,20160615,20160619,20160620,20160621,20160622,20160623,20160624,20160627 
Number is 99 
G.4.1_index_3_VS_G.3.1_index_1 [16] 
20160516,20160517,20160522,20160526,20160602,20160605,20160607,20160612,20160614,20160615,20160617,20160619,20160620,20160621,20160622,20160623,20160624,20160626,20160628,20160630,20160702 
G.4.1_index_3_VS_G.7.2_index_2 [17] 
20160516,20160518,20160519,20160520,20160523,20160526,20160529,20160530,20160531,20160601,20160603,20160607,20160608,20160609,20160619,20160620,20160621,20160622,20160623,20160624,20160627,20160629,20160701,20160702 
