======== Current: 20120305 ========= 
Number is 02 
G.5.5_index_2_VS_G.6.2_index_2 [1] 
20120223,20120228,20120229,20120301,20120302,20120303,20120304,20120309,20120311,20120312,20120313,20120314,20120315,20120316,20120320,20120321,20120322,20120326,20120401 
Number is 05 
G.5.3_index_2_VS_G.3.3_index_4 [2] PLUS 1 
20120220,20120221,20120222,20120228,20120229,20120301,20120302,20120303,20120304,20120305,20120307,20120314,20120315,20120321,20120323,20120325,20120326 
Number is 06 
G.4.2_index_2_VS_G.4.1_index_2 [3] 
20120221,20120222,20120223,20120224,20120226,20120228,20120229,20120301,20120302,20120303,20120304,20120308,20120312,20120313,20120315,20120316,20120319,20120322,20120323,20120324,20120326,20120329,20120330,20120401 
Number is 08 
G.5.5_index_2_VS_G.4.1_index_1 [4] 
20120221,20120224,20120225,20120228,20120229,20120301,20120302,20120303,20120304,20120308,20120311,20120313,20120314,20120317,20120318,20120321,20120324,20120331,20120401 
Number is 10 
G.4.2_index_4_VS_G.5.1_index_1 [5] 
20120220,20120225,20120228,20120229,20120301,20120302,20120303,20120304,20120306,20120307,20120308,20120311,20120312,20120313,20120314,20120315,20120329,20120330,20120401 
Number is 21 
G.7.4_index_1_VS_G.3.2_index_2 [6] 
20120220,20120222,20120224,20120227,20120228,20120229,20120301,20120302,20120303,20120304,20120308,20120311,20120320,20120323,20120324,20120325,20120328,20120329 
Number is 22 
G.7.4_index_1_VS_G.5.4_index_2 [7] PLUS 1 
20120223,20120226,20120228,20120229,20120301,20120302,20120303,20120304,20120305,20120306,20120308,20120309,20120320,20120321,20120324,20120326,20120331 
Number is 23 
G.3.3_index_2_VS_G.3.6_index_5 [8] PLUS 1 
20120220,20120223,20120226,20120228,20120229,20120301,20120302,20120303,20120304,20120305,20120306,20120308,20120310,20120311,20120313,20120315,20120317,20120322,20120323,20120324,20120326,20120331 
Number is 24 
G.6.2_index_2_VS_G.3.5_index_1 [9] 
20120221,20120225,20120226,20120228,20120229,20120301,20120302,20120303,20120304,20120306,20120307,20120308,20120309,20120310,20120312,20120314,20120316,20120318,20120325 
Number is 26 
G.7.4_index_1_VS_G.4.1_index_2 [10] PLUS 1 
20120224,20120225,20120226,20120228,20120229,20120301,20120302,20120303,20120304,20120305,20120308,20120315,20120318,20120319 
Number is 29 
G.5.4_index_1_VS_G.6.1_index_1 [11] 
20120220,20120228,20120229,20120301,20120302,20120303,20120304,20120308,20120313,20120316,20120318,20120319,20120320,20120321,20120323,20120324,20120328,20120330 
Number is 31 
G.3.6_index_5_VS_G.1.1_index_1 [12] 
20120222,20120226,20120228,20120229,20120301,20120302,20120303,20120304,20120306,20120308,20120310,20120312,20120316,20120322,20120323,20120325,20120326,20120328,20120401 
G.4.4_index_3_VS_G.3.2_index_2 [13] 
20120221,20120224,20120225,20120228,20120229,20120301,20120302,20120303,20120304,20120307,20120311,20120312,20120313,20120315,20120316,20120317,20120319,20120320,20120327,20120328 
Number is 42 
G.3.5_index_1_VS_G.3.5_index_3 [14] 
20120220,20120221,20120224,20120228,20120229,20120301,20120302,20120303,20120304,20120306,20120311,20120312,20120319,20120323,20120325 
Number is 44 
G.4.1_index_4_VS_G.3.5_index_4 [15] 
20120220,20120222,20120225,20120226,20120227,20120228,20120229,20120301,20120302,20120303,20120304,20120307,20120308,20120309,20120310,20120311,20120315,20120321,20120324,20120325,20120328,20120329,20120401 
Number is 50 
G.3.3_index_4_VS_G.3.6_index_2 [16] PLUS 1 
20120220,20120221,20120226,20120228,20120229,20120301,20120302,20120303,20120304,20120305,20120312,20120314,20120315,20120316,20120318,20120326,20120329,20120330 
Number is 52 
G.5.4_index_3_VS_G.4.2_index_1 [17] 
20120221,20120222,20120223,20120224,20120225,20120228,20120229,20120301,20120302,20120303,20120304,20120309,20120311,20120312,20120313,20120317,20120318,20120327,20120331 
Number is 63 
G.4.1_index_2_VS_G.5.2_index_2 [18] 
20120222,20120225,20120228,20120229,20120301,20120302,20120303,20120304,20120306,20120307,20120308,20120309,20120312,20120315,20120319,20120321,20120324,20120325 
Number is 65 
G.4.1_index_2_VS_G.5.2_index_1 [19] 
20120224,20120228,20120229,20120301,20120302,20120303,20120304,20120306,20120307,20120309,20120312,20120317,20120318,20120319,20120320,20120321,20120323,20120327,20120329,20120401 
Number is 75 
G.6.3_index_1_VS_G.3.3_index_4 [20] 
20120220,20120221,20120225,20120228,20120229,20120301,20120302,20120303,20120304,20120306,20120308,20120314,20120315,20120319,20120324,20120325,20120326 
Number is 82 
G.3.1_index_4_VS_G.5.4_index_1 [21] PLUS 1 
20120220,20120221,20120226,20120227,20120228,20120229,20120301,20120302,20120303,20120304,20120305,20120306,20120307,20120308,20120309,20120310,20120316,20120320,20120324,20120326,20120328 
Number is 93 
G.2.1_index_1_VS_G.7.2_index_1 [22] PLUS 1 
20120220,20120221,20120225,20120226,20120228,20120229,20120301,20120302,20120303,20120304,20120305,20120306,20120309,20120313,20120314,20120315,20120316,20120321,20120325,20120327,20120329,20120330 
Number is 94 
G.DB_index_1_VS_G.2.2_index_1 [23] PLUS 1 
20120220,20120221,20120224,20120225,20120228,20120229,20120301,20120302,20120303,20120304,20120305,20120306,20120310,20120313,20120316,20120317,20120318,20120320,20120322,20120323,20120324,20120325,20120327 
Number is 96 
G.4.3_index_2_VS_G.5.2_index_3 [24] 
20120222,20120224,20120228,20120229,20120301,20120302,20120303,20120304,20120309,20120310,20120312,20120313,20120314,20120321,20120323,20120325,20120401 
Number is 99 
G.DB_index_2_VS_G.DB_index_3 [25] PLUS 1 
20120221,20120222,20120223,20120226,20120227,20120228,20120229,20120301,20120302,20120303,20120304,20120305,20120307,20120312,20120313,20120314,20120315,20120319,20120320,20120322,20120323,20120324,20120325,20120328,20120329,20120330 
