======== Current: 20120309 ========= 
Number is 00 
G.4.2_index_2_VS_G.2.1_index_1 [1] PLUS 1 
20120220,20120224,20120226,20120227,20120228,20120303,20120304,20120305,20120306,20120307,20120308,20120309,20120311,20120312,20120313,20120315,20120316,20120320,20120327,20120328,20120401 
Number is 14 
G.DB_index_1_VS_G.4.3_index_2 [2] 
20120221,20120223,20120226,20120228,20120301,20120303,20120304,20120305,20120306,20120307,20120308,20120310,20120311,20120314,20120318,20120323,20120324,20120325,20120326,20120328 
G.2.2_index_5_VS_G.3.4_index_1 [3] 
20120220,20120222,20120223,20120229,20120303,20120304,20120305,20120306,20120307,20120308,20120311,20120313,20120315,20120320,20120321,20120324,20120326,20120328,20120330,20120331 
Number is 34 
G.4.1_index_4_VS_G.4.3_index_2 [4] PLUS 1 
20120223,20120224,20120226,20120227,20120302,20120303,20120304,20120305,20120306,20120307,20120308,20120309,20120311,20120312,20120314,20120315,20120316,20120321,20120323,20120324,20120326,20120328,20120329,20120401 
Number is 36 
G.4.1_index_4_VS_G.3.4_index_3 [5] 
20120220,20120222,20120224,20120226,20120229,20120303,20120304,20120305,20120306,20120307,20120308,20120310,20120313,20120315,20120319,20120320,20120325,20120330,20120401 
Number is 39 
G.5.1_index_2_VS_G.3.2_index_5 [6] 
20120220,20120221,20120226,20120303,20120304,20120305,20120306,20120307,20120308,20120312,20120313,20120314,20120316,20120317,20120318,20120319,20120320,20120322,20120323,20120325,20120329,20120331 
G.2.1_index_2_VS_G.7.1_index_2 [7] 
20120220,20120221,20120222,20120226,20120302,20120303,20120304,20120305,20120306,20120307,20120308,20120312,20120315,20120317,20120319,20120322,20120324,20120325,20120328,20120330,20120331 
Number is 40 
G.4.3_index_2_VS_G.4.2_index_3 [8] PLUS 1 
20120223,20120224,20120228,20120302,20120303,20120304,20120305,20120306,20120307,20120308,20120309,20120310,20120313,20120315,20120319,20120320,20120324,20120326,20120328 
G.3.1_index_4_VS_G.5.4_index_1 [9] PLUS 1 
20120220,20120221,20120226,20120227,20120228,20120229,20120301,20120302,20120303,20120304,20120305,20120306,20120307,20120308,20120309,20120310,20120316,20120320,20120324,20120326,20120328 
Number is 44 
G.3.1_index_4_VS_G.2.2_index_1 [10] 
20120220,20120221,20120223,20120224,20120225,20120227,20120228,20120302,20120303,20120304,20120305,20120306,20120307,20120308,20120310,20120315,20120321,20120324,20120325,20120326,20120327,20120401 
Number is 50 
G.5.5_index_2_VS_G.2.1_index_1 [11] PLUS 1 
20120222,20120226,20120228,20120229,20120303,20120304,20120305,20120306,20120307,20120308,20120309,20120312,20120315,20120316,20120317,20120321,20120326,20120328,20120329 
Number is 58 
G.3.2_index_3_VS_G.3.3_index_2 [12] 
20120224,20120301,20120303,20120304,20120305,20120306,20120307,20120308,20120316,20120321,20120322,20120323,20120324,20120331 
Number is 59 
G.5.5_index_4_VS_G.3.6_index_5 [13] 
20120225,20120226,20120227,20120303,20120304,20120305,20120306,20120307,20120308,20120310,20120312,20120313,20120315,20120320,20120322,20120323,20120324,20120325,20120327,20120329 
Number is 69 
G.3.1_index_1_VS_G.1.1_index_4 [14] 
20120220,20120221,20120224,20120225,20120227,20120228,20120303,20120304,20120305,20120306,20120307,20120308,20120310,20120314,20120315,20120319,20120324,20120330,20120331 
Number is 72 
G.6.2_index_2_VS_G.3.3_index_5 [15] 
20120228,20120229,20120302,20120303,20120304,20120305,20120306,20120307,20120308,20120314,20120315,20120316,20120317,20120319,20120322,20120330 
Number is 85 
G.3.6_index_3_VS_G.3.2_index_3 [16] 
20120223,20120225,20120228,20120301,20120303,20120304,20120305,20120306,20120307,20120308,20120310,20120311,20120314,20120315,20120316,20120319,20120320,20120322,20120324,20120325,20120326 
