======== Current: 20120319 ========= 
Number is 04 
G.4.3_index_3_VS_G.7.4_index_2 [1] PLUS 1 
20120221,20120222,20120302,20120309,20120312,20120313,20120314,20120315,20120316,20120317,20120318,20120319,20120320,20120321,20120322,20120328,20120330,20120331 
Number is 08 
G.5.3_index_1_VS_G.2.1_index_5 [2] PLUS 1 
20120221,20120223,20120224,20120225,20120301,20120303,20120305,20120306,20120310,20120312,20120313,20120314,20120315,20120316,20120317,20120318,20120319,20120320,20120321,20120324,20120328,20120329,20120330,20120331 
Number is 11 
G.6.1_index_2_VS_G.3.6_index_4 [3] 
20120220,20120223,20120227,20120228,20120301,20120304,20120306,20120307,20120308,20120310,20120311,20120313,20120314,20120315,20120316,20120317,20120318,20120321,20120323,20120324,20120325,20120327,20120331 
Number is 31 
G.2.2_index_4_VS_G.5.4_index_4 [4] 
20120220,20120223,20120224,20120226,20120302,20120305,20120306,20120307,20120311,20120313,20120314,20120315,20120316,20120317,20120318,20120320,20120324,20120325,20120327,20120329,20120330 
G.5.1_index_2_VS_G.6.1_index_2 [5] 
20120220,20120221,20120224,20120227,20120301,20120303,20120304,20120306,20120307,20120312,20120313,20120314,20120315,20120316,20120317,20120318,20120320,20120323,20120324,20120325,20120328,20120329 
G.5.1_index_2_VS_G.3.6_index_4 [6] 
20120220,20120221,20120225,20120226,20120303,20120304,20120308,20120310,20120312,20120313,20120314,20120315,20120316,20120317,20120318,20120324,20120328,20120329,20120401 
Number is 36 
G.5.1_index_2_VS_G.3.6_index_1 [7] PLUS 1 
20120220,20120222,20120223,20120225,20120227,20120228,20120303,20120304,20120306,20120309,20120313,20120314,20120315,20120316,20120317,20120318,20120319,20120320,20120323,20120324,20120329,20120331,20120401 
Number is 43 
G.4.1_index_2_VS_G.5.1_index_2 [8] 
20120223,20120224,20120225,20120301,20120302,20120303,20120307,20120308,20120311,20120313,20120314,20120315,20120316,20120317,20120318,20120321,20120323,20120325,20120328,20120329 
Number is 47 
G.2.1_index_4_VS_G.6.2_index_1 [9] 
20120220,20120222,20120223,20120228,20120229,20120302,20120312,20120313,20120314,20120315,20120316,20120317,20120318,20120320,20120321,20120323,20120325,20120326,20120328,20120331 
Number is 52 
G.2.2_index_3_VS_G.5.2_index_1 [10] 
20120221,20120226,20120227,20120228,20120229,20120302,20120303,20120307,20120308,20120310,20120311,20120312,20120313,20120314,20120315,20120316,20120317,20120318,20120322,20120326,20120327 
Number is 68 
G.DB_index_5_VS_G.5.2_index_3 [11] 
20120222,20120223,20120229,20120301,20120302,20120303,20120309,20120311,20120312,20120313,20120314,20120315,20120316,20120317,20120318,20120321,20120323,20120325,20120328,20120401 
Number is 81 
G.3.5_index_5_VS_G.6.1_index_2 [12] PLUS 1 
20120220,20120222,20120228,20120229,20120301,20120307,20120308,20120310,20120313,20120314,20120315,20120316,20120317,20120318,20120319,20120320,20120328,20120329 
Number is 93 
G.6.3_index_2_VS_G.1.1_index_3 [13] 
20120223,20120224,20120227,20120229,20120304,20120307,20120311,20120313,20120314,20120315,20120316,20120317,20120318,20120322,20120324,20120331 
Number is 98 
G.6.2_index_3_VS_G.2.1_index_5 [14] PLUS 1 
20120220,20120221,20120222,20120224,20120226,20120227,20120228,20120301,20120304,20120306,20120313,20120314,20120315,20120316,20120317,20120318,20120319,20120321,20120322,20120323,20120326,20120330 
