======== Current: 20120324 ========= 
Number is 05 
G.5.3_index_1_VS_G.3.5_index_5 [1] 
20120220,20120223,20120224,20120304,20120310,20120312,20120318,20120319,20120320,20120321,20120322,20120323,20120325,20120327,20120328 
Number is 06 
G.6.2_index_2_VS_G.3.3_index_1 [2] 
20120223,20120224,20120225,20120227,20120228,20120229,20120304,20120308,20120312,20120316,20120318,20120319,20120320,20120321,20120322,20120323,20120325,20120328,20120330 
Number is 07 
G.DB_index_5_VS_G.5.1_index_2 [3] 
20120221,20120224,20120227,20120228,20120229,20120301,20120303,20120304,20120306,20120307,20120310,20120315,20120317,20120318,20120319,20120320,20120321,20120322,20120323,20120328,20120330,20120401 
Number is 12 
G.5.6_index_4_VS_G.3.4_index_1 [4] 
20120221,20120227,20120228,20120229,20120303,20120305,20120307,20120308,20120310,20120314,20120315,20120318,20120319,20120320,20120321,20120322,20120323,20120328 
Number is 16 
G.3.3_index_4_VS_G.5.5_index_2 [5] PLUS 1 
20120221,20120222,20120228,20120305,20120308,20120314,20120318,20120319,20120320,20120321,20120322,20120323,20120324,20120325,20120401 
Number is 17 
G.3.6_index_4_VS_G.2.2_index_3 [6] PLUS 1 
20120220,20120221,20120222,20120227,20120228,20120303,20120304,20120307,20120308,20120311,20120312,20120314,20120315,20120317,20120318,20120319,20120320,20120321,20120322,20120323,20120324,20120325 
Number is 26 
G.5.5_index_1_VS_G.3.2_index_5 [7] PLUS 1 
20120220,20120222,20120224,20120228,20120229,20120302,20120303,20120306,20120307,20120310,20120312,20120313,20120314,20120318,20120319,20120320,20120321,20120322,20120323,20120324,20120325,20120326,20120328,20120329 
Number is 27 
G.6.3_index_2_VS_G.1.1_index_2 [8] 
20120220,20120221,20120223,20120224,20120225,20120227,20120229,20120305,20120306,20120310,20120311,20120312,20120313,20120314,20120317,20120318,20120319,20120320,20120321,20120322,20120323,20120325,20120327,20120328,20120330,20120331 
Number is 28 
G.5.3_index_2_VS_G.2.1_index_5 [9] 
20120221,20120224,20120227,20120303,20120307,20120314,20120316,20120318,20120319,20120320,20120321,20120322,20120323,20120326,20120329,20120330,20120331 
Number is 30 
G.3.6_index_3_VS_G.5.4_index_3 [10] 
20120220,20120228,20120229,20120301,20120307,20120309,20120311,20120313,20120318,20120319,20120320,20120321,20120322,20120323,20120326,20120328,20120330,20120401 
Number is 32 
G.3.4_index_5_VS_G.6.3_index_2 [11] PLUS 1 
20120221,20120224,20120226,20120227,20120229,20120302,20120308,20120309,20120313,20120316,20120317,20120318,20120319,20120320,20120321,20120322,20120323,20120324,20120325,20120329,20120330 
Number is 34 
G.3.6_index_3_VS_G.5.6_index_3 [12] PLUS 1 
20120220,20120226,20120228,20120229,20120302,20120307,20120311,20120314,20120315,20120316,20120318,20120319,20120320,20120321,20120322,20120323,20120324,20120326,20120327,20120331 
Number is 42 
G.3.1_index_4_VS_G.5.3_index_2 [13] PLUS 1 
20120220,20120221,20120224,20120302,20120304,20120307,20120308,20120309,20120310,20120314,20120316,20120317,20120318,20120319,20120320,20120321,20120322,20120323,20120324,20120325,20120327,20120329 
Number is 48 
G.5.6_index_3_VS_G.2.1_index_5 [14] 
20120224,20120225,20120226,20120227,20120228,20120229,20120301,20120302,20120304,20120306,20120310,20120311,20120313,20120316,20120318,20120319,20120320,20120321,20120322,20120323,20120326,20120330 
Number is 51 
G.5.1_index_4_VS_G.3.6_index_1 [15] 
20120220,20120223,20120227,20120304,20120305,20120309,20120310,20120312,20120313,20120314,20120318,20120319,20120320,20120321,20120322,20120323,20120325,20120328,20120329,20120330,20120331,20120401 
Number is 56 
G.5.1_index_4_VS_G.3.2_index_5 [16] 
20120220,20120225,20120226,20120228,20120303,20120304,20120306,20120308,20120311,20120314,20120318,20120319,20120320,20120321,20120322,20120323,20120328,20120331,20120401 
Number is 58 
G.5.2_index_2_VS_G.DB_index_2 [17] 
20120220,20120224,20120226,20120304,20120305,20120307,20120308,20120309,20120314,20120315,20120316,20120318,20120319,20120320,20120321,20120322,20120323,20120330 
Number is 62 
G.4.1_index_1_VS_G.3.4_index_1 [18] PLUS 1 
20120221,20120226,20120301,20120302,20120308,20120309,20120312,20120313,20120314,20120315,20120318,20120319,20120320,20120321,20120322,20120323,20120324,20120325,20120328,20120329,20120330,20120331 
Number is 68 
G.3.3_index_1_VS_G.DB_index_2 [19] 
20120220,20120222,20120223,20120226,20120302,20120304,20120305,20120306,20120313,20120314,20120315,20120316,20120318,20120319,20120320,20120321,20120322,20120323,20120325,20120327,20120330 
Number is 77 
G.3.4_index_2_VS_G.2.2_index_3 [20] PLUS 1 
20120221,20120226,20120302,20120305,20120307,20120312,20120314,20120318,20120319,20120320,20120321,20120322,20120323,20120324,20120328,20120329 
Number is 78 
G.2.2_index_1_VS_G.2.1_index_5 [21] 
20120220,20120221,20120223,20120224,20120225,20120228,20120301,20120303,20120306,20120307,20120309,20120313,20120315,20120317,20120318,20120319,20120320,20120321,20120322,20120323,20120326,20120328,20120330,20120331 
Number is 79 
G.1.1_index_4_VS_G.3.6_index_5 [22] PLUS 1 
20120220,20120222,20120228,20120303,20120304,20120308,20120309,20120310,20120311,20120314,20120315,20120318,20120319,20120320,20120321,20120322,20120323,20120324,20120327,20120330,20120331 
Number is 82 
G.2.1_index_5_VS_G.3.4_index_1 [23] 
20120220,20120221,20120222,20120223,20120226,20120227,20120228,20120301,20120302,20120304,20120305,20120306,20120309,20120313,20120314,20120317,20120318,20120319,20120320,20120321,20120322,20120323,20120326,20120328,20120330,20120331 
Number is 85 
G.DB_index_3_VS_G.5.2_index_2 [24] 
20120222,20120225,20120226,20120228,20120301,20120303,20120305,20120308,20120309,20120312,20120313,20120318,20120319,20120320,20120321,20120322,20120323,20120325,20120327,20120329,20120330 
Number is 86 
G.DB_index_2_VS_G.5.5_index_2 [25] 
20120222,20120223,20120225,20120226,20120228,20120301,20120302,20120304,20120305,20120308,20120310,20120311,20120313,20120315,20120318,20120319,20120320,20120321,20120322,20120323,20120328,20120330 
Number is 89 
G.2.1_index_5_VS_G.7.3_index_2 [26] 
20120221,20120223,20120225,20120226,20120227,20120306,20120308,20120310,20120314,20120315,20120318,20120319,20120320,20120321,20120322,20120323,20120326,20120327,20120329,20120330,20120331 
G.2.1_index_5_VS_G.4.3_index_1 [27] 
20120220,20120223,20120224,20120225,20120301,20120302,20120309,20120310,20120311,20120313,20120318,20120319,20120320,20120321,20120322,20120323,20120326,20120328,20120330,20120331 
Number is 93 
G.5.3_index_4_VS_G.3.6_index_3 [28] PLUS 1 
20120221,20120223,20120224,20120225,20120226,20120301,20120305,20120307,20120310,20120312,20120313,20120314,20120315,20120318,20120319,20120320,20120321,20120322,20120323,20120324,20120326,20120328,20120331,20120401 
Number is 98 
G.3.6_index_5_VS_G.DB_index_2 [29] 
20120220,20120222,20120225,20120226,20120229,20120303,20120304,20120305,20120306,20120308,20120310,20120312,20120313,20120318,20120319,20120320,20120321,20120322,20120323,20120329,20120330 
