======== Current: 20141106 ========= 
Number is 00 
G.4.4_index_3_VS_G.2.1_index_5 [1] 
20141018,20141019,20141021,20141025,20141031,20141101,20141102,20141103,20141104,20141105,20141107,20141108,20141109,20141110,20141111,20141119,20141120,20141122,20141123,20141124,20141126,20141129,20141130 
G.4.1_index_2_VS_G.2.1_index_5 [2] 
20141016,20141017,20141018,20141020,20141022,20141025,20141031,20141101,20141102,20141103,20141104,20141105,20141108,20141111,20141113,20141114,20141116,20141119,20141120,20141121,20141123,20141124,20141126,20141127,20141129 
G.5.4_index_4_VS_G.DB_index_1 [3] 
20141015,20141016,20141019,20141024,20141028,20141030,20141031,20141101,20141102,20141103,20141104,20141105,20141107,20141111,20141114,20141124,20141125,20141127,20141129 
Number is 02 
G.3.2_index_3_VS_G.6.1_index_2 [4] 
20141015,20141016,20141018,20141021,20141022,20141023,20141024,20141025,20141027,20141028,20141030,20141031,20141101,20141102,20141103,20141104,20141105,20141107,20141108,20141110,20141116,20141120 
Number is 03 
G.3.6_index_1_VS_G.7.1_index_2 [5] 
20141015,20141018,20141019,20141026,20141028,20141031,20141101,20141102,20141103,20141104,20141105,20141108,20141110,20141113,20141115,20141121,20141124,20141129 
G.3.2_index_3_VS_G.2.1_index_3 [6] 
20141015,20141019,20141020,20141021,20141022,20141030,20141031,20141101,20141102,20141103,20141104,20141105,20141107,20141108,20141111,20141113,20141114,20141115,20141116,20141124,20141125,20141126,20141130 
G.2.1_index_5_VS_G.2.1_index_1 [7] 
20141016,20141017,20141018,20141020,20141022,20141024,20141027,20141028,20141029,20141031,20141101,20141102,20141103,20141104,20141105,20141108,20141109,20141110,20141111,20141112,20141114,20141115,20141117,20141118,20141126,20141201 
Number is 05 
G.DB_index_1_VS_G.DB_index_5 [8] PLUS 1 
20141018,20141019,20141020,20141022,20141031,20141101,20141102,20141103,20141104,20141105,20141106,20141107,20141108,20141112,20141115,20141120,20141123,20141125,20141127,20141129 
Number is 10 
G.3.3_index_3_VS_G.3.4_index_2 [9] 
20141015,20141020,20141023,20141027,20141031,20141101,20141102,20141103,20141104,20141105,20141107,20141109,20141111,20141112,20141113,20141114,20141115,20141116,20141121,20141124,20141126 
Number is 15 
G.4.2_index_2_VS_G.3.6_index_4 [10] 
20141016,20141018,20141022,20141025,20141026,20141027,20141028,20141030,20141031,20141101,20141102,20141103,20141104,20141105,20141109,20141110,20141111,20141113,20141114,20141115,20141117,20141121,20141124,20141125,20141126,20141129 
G.3.3_index_3_VS_G.7.4_index_1 [11] 
20141016,20141020,20141023,20141027,20141028,20141031,20141101,20141102,20141103,20141104,20141105,20141108,20141110,20141113,20141114,20141121,20141123,20141124,20141125,20141126,20141201 
G.5.3_index_1_VS_G.6.3_index_3 [12] 
20141015,20141016,20141018,20141019,20141021,20141022,20141027,20141030,20141031,20141101,20141102,20141103,20141104,20141105,20141108,20141109,20141112,20141114,20141119,20141120,20141121,20141123,20141127,20141128,20141130,20141201,20141202 
Number is 19 
G.4.2_index_2_VS_G.4.2_index_3 [13] PLUS 1 
20141016,20141018,20141019,20141022,20141023,20141024,20141025,20141029,20141030,20141031,20141101,20141102,20141103,20141104,20141105,20141106,20141113,20141114,20141115,20141117,20141121,20141123,20141129 
Number is 21 
G.5.4_index_3_VS_G.5.3_index_1 [14] PLUS 1 
20141016,20141019,20141021,20141022,20141025,20141026,20141027,20141029,20141031,20141101,20141102,20141103,20141104,20141105,20141106,20141109,20141113,20141114,20141116,20141117,20141126,20141127,20141202 
Number is 27 
G.5.3_index_2_VS_G.1.1_index_1 [15] 
20141020,20141025,20141026,20141027,20141030,20141031,20141101,20141102,20141103,20141104,20141105,20141107,20141108,20141109,20141113,20141114,20141117,20141119,20141121,20141122,20141123,20141124 
Number is 30 
G.2.1_index_3_VS_G.3.1_index_3 [16] 
20141015,20141016,20141019,20141021,20141026,20141028,20141029,20141031,20141101,20141102,20141103,20141104,20141105,20141107,20141110,20141111,20141112,20141125,20141127,20141128 
Number is 31 
G.2.1_index_3_VS_G.4.2_index_2 [17] 
20141017,20141018,20141019,20141021,20141022,20141024,20141026,20141029,20141031,20141101,20141102,20141103,20141104,20141105,20141109,20141111,20141113,20141120,20141125,20141128,20141129 
Number is 37 
G.7.1_index_2_VS_G.4.4_index_2 [18] PLUS 1 
20141018,20141019,20141020,20141024,20141025,20141031,20141101,20141102,20141103,20141104,20141105,20141106,20141108,20141109,20141110,20141111,20141112,20141113,20141114,20141115,20141116,20141118,20141124,20141125,20141126,20141130,20141201 
Number is 38 
G.5.2_index_2_VS_G.4.1_index_3 [19] 
20141015,20141016,20141017,20141020,20141023,20141025,20141026,20141027,20141030,20141031,20141101,20141102,20141103,20141104,20141105,20141107,20141109,20141110,20141113,20141115,20141120,20141124 
Number is 39 
G.5.2_index_2_VS_G.2.2_index_3 [20] PLUS 1 
20141015,20141019,20141022,20141023,20141025,20141028,20141029,20141031,20141101,20141102,20141103,20141104,20141105,20141106,20141110,20141112,20141121,20141124,20141202 
Number is 41 
G.3.3_index_5_VS_G.5.3_index_1 [21] PLUS 1 
20141017,20141019,20141022,20141023,20141025,20141031,20141101,20141102,20141103,20141104,20141105,20141106,20141108,20141111,20141112,20141114,20141124,20141125,20141126,20141130,20141201,20141202 
G.3.3_index_5_VS_G.4.2_index_2 [22] PLUS 1 
20141015,20141017,20141019,20141022,20141025,20141031,20141101,20141102,20141103,20141104,20141105,20141106,20141107,20141108,20141109,20141110,20141114,20141118,20141121,20141123,20141125 
Number is 44 
G.4.4_index_1_VS_G.6.3_index_1 [23] 
20141022,20141023,20141024,20141025,20141026,20141028,20141031,20141101,20141102,20141103,20141104,20141105,20141107,20141111,20141113,20141116,20141117,20141119,20141121,20141122,20141125,20141126,20141128,20141129,20141201,20141202 
Number is 60 
G.7.4_index_2_VS_G.2.1_index_5 [24] PLUS 1 
20141017,20141018,20141019,20141022,20141027,20141028,20141029,20141031,20141101,20141102,20141103,20141104,20141105,20141106,20141107,20141108,20141109,20141110,20141111,20141114,20141118,20141119,20141121,20141122,20141123,20141126,20141128,20141130,20141202 
Number is 61 
G.6.3_index_2_VS_G.7.2_index_2 [25] 
20141017,20141019,20141021,20141022,20141026,20141027,20141030,20141031,20141101,20141102,20141103,20141104,20141105,20141109,20141110,20141112,20141113,20141119,20141120,20141121,20141123,20141125,20141128,20141129,20141202 
Number is 69 
G.7.4_index_2_VS_G.4.1_index_4 [26] 
20141017,20141019,20141027,20141031,20141101,20141102,20141103,20141104,20141105,20141108,20141110,20141113,20141114,20141118,20141120,20141122,20141123,20141124,20141202 
Number is 78 
G.4.4_index_2_VS_G.3.4_index_3 [27] PLUS 1 
20141016,20141018,20141022,20141023,20141026,20141027,20141028,20141031,20141101,20141102,20141103,20141104,20141105,20141106,20141112,20141118,20141119,20141126,20141130,20141201 
Number is 81 
G.7.3_index_1_VS_G.7.2_index_2 [28] PLUS 1 
20141015,20141020,20141030,20141031,20141101,20141102,20141103,20141104,20141105,20141106,20141109,20141111,20141112,20141115,20141117,20141119,20141120,20141121,20141126,20141127,20141128 
Number is 95 
G.4.2_index_4_VS_G.3.6_index_3 [29] PLUS 1 
20141015,20141016,20141020,20141031,20141101,20141102,20141103,20141104,20141105,20141106,20141110,20141111,20141113,20141114,20141115,20141116,20141118,20141121,20141122,20141123,20141128,20141129,20141201,20141202 
