======== Current: 20141109 ========= 
Number is 00 
G.5.2_index_3_VS_G.3.1_index_2 [1] 
20141015,20141016,20141017,20141018,20141021,20141023,20141025,20141026,20141029,20141103,20141104,20141105,20141106,20141107,20141108,20141110,20141111,20141112,20141117,20141119,20141120,20141121,20141122,20141124,20141130,20141201,20141202 
Number is 04 
G.5.3_index_3_VS_G.5.2_index_2 [2] 
20141015,20141020,20141021,20141026,20141031,20141102,20141103,20141104,20141105,20141106,20141107,20141108,20141112,20141113,20141114,20141119,20141120,20141121,20141123,20141129,20141130 
Number is 05 
G.3.3_index_5_VS_G.4.2_index_2 [3] PLUS 1 
20141015,20141017,20141019,20141022,20141025,20141031,20141101,20141102,20141103,20141104,20141105,20141106,20141107,20141108,20141109,20141110,20141114,20141118,20141121,20141123,20141125 
Number is 06 
G.DB_index_4_VS_G.3.1_index_4 [4] PLUS 1 
20141018,20141019,20141020,20141025,20141027,20141103,20141104,20141105,20141106,20141107,20141108,20141109,20141110,20141121,20141123,20141126,20141129,20141130,20141201 
Number is 11 
G.6.2_index_1_VS_G.6.3_index_3 [5] 
20141016,20141017,20141019,20141021,20141024,20141025,20141026,20141027,20141028,20141030,20141031,20141103,20141104,20141105,20141106,20141107,20141108,20141110,20141112,20141115,20141117,20141119,20141123,20141125,20141127,20141130,20141201,20141202 
Number is 12 
G.5.3_index_2_VS_G.1.1_index_5 [6] PLUS 1 
20141015,20141016,20141020,20141026,20141027,20141028,20141030,20141031,20141103,20141104,20141105,20141106,20141107,20141108,20141109,20141117,20141119,20141121,20141122,20141123,20141128,20141201 
Number is 14 
G.7.4_index_2_VS_G.2.1_index_5 [7] PLUS 1 
20141017,20141018,20141019,20141022,20141027,20141028,20141029,20141031,20141101,20141102,20141103,20141104,20141105,20141106,20141107,20141108,20141109,20141110,20141111,20141114,20141118,20141119,20141121,20141122,20141123,20141126,20141128,20141130,20141202 
Number is 15 
G.7.4_index_2_VS_G.3.6_index_2 [8] 
20141015,20141021,20141024,20141025,20141028,20141030,20141102,20141103,20141104,20141105,20141106,20141107,20141108,20141110,20141115,20141117,20141118,20141121,20141126,20141128 
Number is 16 
G.6.3_index_3_VS_G.5.4_index_1 [9] PLUS 1 
20141015,20141017,20141018,20141022,20141027,20141028,20141101,20141103,20141104,20141105,20141106,20141107,20141108,20141109,20141110,20141112,20141113,20141114,20141121,20141122,20141123,20141125,20141127,20141201 
Number is 20 
G.7.1_index_1_VS_G.2.1_index_4 [10] 
20141015,20141019,20141020,20141021,20141023,20141024,20141025,20141026,20141028,20141029,20141103,20141104,20141105,20141106,20141107,20141108,20141110,20141111,20141117,20141120,20141125,20141126,20141201 
Number is 24 
G.3.4_index_5_VS_G.6.1_index_1 [11] PLUS 1 
20141015,20141018,20141021,20141022,20141024,20141025,20141028,20141101,20141102,20141103,20141104,20141105,20141106,20141107,20141108,20141109,20141112,20141117,20141118,20141121,20141122,20141123,20141124,20141125,20141128,20141129 
Number is 25 
G.4.1_index_1_VS_G.5.6_index_3 [12] 
20141015,20141016,20141021,20141022,20141024,20141025,20141029,20141030,20141103,20141104,20141105,20141106,20141107,20141108,20141111,20141119,20141120,20141121,20141124,20141125,20141127,20141128,20141130,20141201 
Number is 35 
G.3.3_index_4_VS_G.5.6_index_3 [13] 
20141016,20141020,20141021,20141023,20141026,20141103,20141104,20141105,20141106,20141107,20141108,20141110,20141111,20141113,20141117,20141120,20141123,20141125,20141128,20141129,20141130 
G.3.3_index_4_VS_G.3.4_index_4 [14] 
20141015,20141017,20141018,20141019,20141023,20141024,20141026,20141030,20141103,20141104,20141105,20141106,20141107,20141108,20141110,20141111,20141112,20141113,20141117,20141118,20141119,20141120,20141121,20141124,20141126,20141127,20141129,20141201 
G.DB_index_1_VS_G.DB_index_5 [15] 
20141018,20141019,20141020,20141022,20141031,20141101,20141102,20141103,20141104,20141105,20141106,20141107,20141108,20141112,20141115,20141120,20141123,20141125,20141127,20141129 
Number is 40 
G.6.2_index_3_VS_G.5.3_index_3 [16] 
20141015,20141021,20141022,20141023,20141026,20141027,20141031,20141102,20141103,20141104,20141105,20141106,20141107,20141108,20141115,20141116,20141120,20141123,20141124,20141125,20141127,20141128,20141130,20141202 
Number is 45 
G.6.2_index_3_VS_G.4.4_index_2 [17] 
20141016,20141017,20141020,20141023,20141025,20141026,20141102,20141103,20141104,20141105,20141106,20141107,20141108,20141115,20141120,20141121,20141122,20141123,20141124,20141126,20141130,20141201 
Number is 50 
G.3.5_index_3_VS_G.2.1_index_4 [18] PLUS 1 
20141016,20141019,20141020,20141023,20141024,20141025,20141027,20141103,20141104,20141105,20141106,20141107,20141108,20141109,20141118,20141119,20141123,20141126,20141127,20141128,20141129 
Number is 55 
G.DB_index_5_VS_G.5.6_index_4 [19] 
20141018,20141019,20141022,20141023,20141025,20141029,20141103,20141104,20141105,20141106,20141107,20141108,20141110,20141111,20141112,20141113,20141121,20141127,20141128,20141201,20141202 
G.2.1_index_2_VS_G.3.4_index_4 [20] 
20141018,20141020,20141023,20141024,20141026,20141029,20141103,20141104,20141105,20141106,20141107,20141108,20141111,20141113,20141116,20141118,20141119,20141121,20141123,20141126,20141201 
Number is 57 
G.3.4_index_4_VS_G.DB_index_2 [21] 
20141017,20141019,20141021,20141028,20141031,20141103,20141104,20141105,20141106,20141107,20141108,20141111,20141114,20141115,20141120,20141122,20141124,20141125,20141129 
G.5.6_index_3_VS_G.4.4_index_3 [22] 
20141015,20141018,20141020,20141021,20141022,20141102,20141103,20141104,20141105,20141106,20141107,20141108,20141110,20141111,20141113,20141114,20141124,20141125,20141128,20141129 
Number is 58 
G.4.4_index_2_VS_G.4.2_index_1 [23] PLUS 1 
20141015,20141017,20141020,20141021,20141024,20141026,20141027,20141028,20141031,20141102,20141103,20141104,20141105,20141106,20141107,20141108,20141109,20141111,20141112,20141115,20141117,20141120,20141121,20141123,20141125,20141201 
Number is 59 
G.2.1_index_2_VS_G.3.4_index_1 [24] PLUS 1 
20141016,20141022,20141027,20141028,20141029,20141103,20141104,20141105,20141106,20141107,20141108,20141109,20141111,20141112,20141113,20141114,20141116,20141118,20141119,20141120,20141121,20141122,20141125,20141126,20141127,20141128,20141129,20141130 
Number is 68 
G.3.1_index_4_VS_G.5.2_index_1 [25] 
20141015,20141017,20141018,20141019,20141023,20141024,20141025,20141101,20141102,20141103,20141104,20141105,20141106,20141107,20141108,20141110,20141111,20141113,20141116,20141119,20141120,20141122,20141126,20141127,20141128,20141129,20141201 
Number is 74 
G.6.2_index_2_VS_G.3.2_index_3 [26] PLUS 1 
20141015,20141016,20141018,20141020,20141022,20141029,20141030,20141101,20141102,20141103,20141104,20141105,20141106,20141107,20141108,20141109,20141110,20141116,20141117,20141119,20141121,20141123,20141124,20141125,20141129,20141202 
Number is 81 
G.3.6_index_3_VS_G.6.3_index_3 [27] PLUS 1 
20141016,20141018,20141020,20141021,20141027,20141029,20141030,20141101,20141102,20141103,20141104,20141105,20141106,20141107,20141108,20141109,20141112,20141114,20141118,20141119,20141123,20141124,20141127,20141129,20141202 
Number is 82 
G.3.5_index_2_VS_G.3.4_index_5 [28] 
20141023,20141025,20141026,20141029,20141103,20141104,20141105,20141106,20141107,20141108,20141110,20141112,20141114,20141117,20141118,20141120,20141122,20141125,20141126,20141127,20141129,20141201,20141202 
Number is 84 
G.3.5_index_4_VS_G.6.1_index_1 [29] 
20141020,20141024,20141028,20141029,20141101,20141103,20141104,20141105,20141106,20141107,20141108,20141110,20141114,20141119,20141121,20141125,20141126,20141130 
Number is 88 
G.3.5_index_4_VS_G.6.1_index_3 [30] 
20141017,20141020,20141021,20141023,20141025,20141031,20141103,20141104,20141105,20141106,20141107,20141108,20141114,20141115,20141121,20141124,20141125,20141126,20141129,20141130 
Number is 89 
G.5.2_index_4_VS_G.3.3_index_3 [31] 
20141017,20141019,20141022,20141023,20141025,20141101,20141103,20141104,20141105,20141106,20141107,20141108,20141113,20141118,20141120,20141121,20141123,20141125,20141126,20141128 
Number is 94 
G.3.3_index_3_VS_G.4.1_index_3 [32] 
20141015,20141018,20141019,20141020,20141022,20141030,20141101,20141103,20141104,20141105,20141106,20141107,20141108,20141111,20141114,20141115,20141116,20141118,20141121,20141122,20141125,20141126,20141127,20141129,20141202 
