======== Current: 20141110 ========= 
Number is 01 
G.5.2_index_1_VS_G.6.3_index_3 [1] 
20141015,20141018,20141020,20141022,20141023,20141024,20141028,20141029,20141031,20141104,20141105,20141106,20141107,20141108,20141109,20141111,20141112,20141117,20141118,20141120,20141121,20141122,20141123,20141125 
G.3.6_index_3_VS_G.6.3_index_3 [2] 
20141016,20141018,20141020,20141021,20141027,20141029,20141030,20141101,20141102,20141103,20141104,20141105,20141106,20141107,20141108,20141109,20141112,20141114,20141118,20141119,20141123,20141124,20141127,20141129,20141202 
Number is 05 
G.1.1_index_2_VS_G.4.1_index_3 [3] PLUS 1 
20141015,20141016,20141019,20141020,20141026,20141031,20141101,20141102,20141104,20141105,20141106,20141107,20141108,20141109,20141110,20141113,20141114,20141116,20141121,20141125,20141127,20141130 
Number is 06 
G.DB_index_4_VS_G.3.1_index_4 [4] PLUS 1 
20141018,20141019,20141020,20141025,20141027,20141103,20141104,20141105,20141106,20141107,20141108,20141109,20141110,20141121,20141123,20141126,20141129,20141130,20141201 
G.5.2_index_1_VS_G.3.1_index_2 [5] PLUS 1 
20141015,20141017,20141018,20141022,20141023,20141024,20141025,20141027,20141029,20141031,20141104,20141105,20141106,20141107,20141108,20141109,20141110,20141112,20141118,20141119,20141121,20141122,20141125,20141130,20141202 
Number is 10 
G.5.3_index_2_VS_G.1.1_index_5 [6] 
20141015,20141016,20141020,20141026,20141027,20141028,20141030,20141031,20141103,20141104,20141105,20141106,20141107,20141108,20141109,20141117,20141119,20141121,20141122,20141123,20141128,20141201 
Number is 14 
G.6.3_index_3_VS_G.5.4_index_1 [7] PLUS 1 
20141015,20141017,20141018,20141022,20141027,20141028,20141101,20141103,20141104,20141105,20141106,20141107,20141108,20141109,20141110,20141112,20141113,20141114,20141121,20141122,20141123,20141125,20141127,20141201 
Number is 16 
G.5.3_index_3_VS_G.3.4_index_4 [8] 
20141017,20141026,20141027,20141029,20141102,20141104,20141105,20141106,20141107,20141108,20141109,20141114,20141120,20141122,20141124,20141127,20141201,20141202 
Number is 17 
G.6.3_index_3_VS_G.6.3_index_1 [9] 
20141016,20141018,20141023,20141025,20141026,20141028,20141030,20141031,20141104,20141105,20141106,20141107,20141108,20141109,20141111,20141112,20141117,20141118,20141119,20141122,20141123,20141124,20141125,20141127,20141128,20141129,20141201,20141202 
Number is 19 
G.2.1_index_2_VS_G.3.4_index_1 [10] 
20141016,20141022,20141027,20141028,20141029,20141103,20141104,20141105,20141106,20141107,20141108,20141109,20141111,20141112,20141113,20141114,20141116,20141118,20141119,20141120,20141121,20141122,20141125,20141126,20141127,20141128,20141129,20141130 
Number is 21 
G.4.3_index_3_VS_G.6.1_index_1 [11] PLUS 1 
20141015,20141019,20141029,20141031,20141101,20141104,20141105,20141106,20141107,20141108,20141109,20141110,20141111,20141116,20141117,20141127,20141129,20141201,20141202 
Number is 36 
G.3.3_index_5_VS_G.4.2_index_2 [12] PLUS 1 
20141015,20141017,20141019,20141022,20141025,20141031,20141101,20141102,20141103,20141104,20141105,20141106,20141107,20141108,20141109,20141110,20141114,20141118,20141121,20141123,20141125 
Number is 37 
G.3.5_index_3_VS_G.2.1_index_4 [13] 
20141016,20141019,20141020,20141023,20141024,20141025,20141027,20141103,20141104,20141105,20141106,20141107,20141108,20141109,20141118,20141119,20141123,20141126,20141127,20141128,20141129 
Number is 42 
G.7.1_index_1_VS_G.4.3_index_3 [14] 
20141019,20141023,20141024,20141026,20141027,20141029,20141030,20141104,20141105,20141106,20141107,20141108,20141109,20141113,20141114,20141117,20141118,20141120,20141126,20141130,20141202 
Number is 43 
G.5.2_index_3_VS_G.3.5_index_3 [15] PLUS 1 
20141015,20141016,20141017,20141021,20141025,20141027,20141028,20141030,20141104,20141105,20141106,20141107,20141108,20141109,20141110,20141112,20141113,20141115,20141120,20141126,20141127,20141130,20141201 
Number is 45 
G.5.4_index_1_VS_G.7.4_index_2 [16] 
20141015,20141016,20141019,20141020,20141021,20141024,20141025,20141031,20141101,20141104,20141105,20141106,20141107,20141108,20141109,20141111,20141113,20141115,20141116,20141119,20141120,20141121,20141122,20141125,20141126,20141128 
Number is 51 
G.3.6_index_1_VS_G.6.3_index_3 [17] 
20141015,20141017,20141018,20141020,20141022,20141024,20141025,20141027,20141029,20141030,20141101,20141104,20141105,20141106,20141107,20141108,20141109,20141111,20141112,20141113,20141117,20141119,20141123,20141130,20141201 
Number is 52 
G.4.4_index_2_VS_G.4.2_index_1 [18] 
20141015,20141017,20141020,20141021,20141024,20141026,20141027,20141028,20141031,20141102,20141103,20141104,20141105,20141106,20141107,20141108,20141109,20141111,20141112,20141115,20141117,20141120,20141121,20141123,20141125,20141201 
Number is 56 
G.3.6_index_1_VS_G.6.3_index_2 [19] 
20141017,20141018,20141021,20141022,20141024,20141026,20141027,20141028,20141031,20141104,20141105,20141106,20141107,20141108,20141109,20141112,20141116,20141121,20141122,20141123,20141124,20141125,20141128,20141130 
Number is 57 
G.7.4_index_2_VS_G.2.1_index_5 [20] PLUS 1 
20141017,20141018,20141019,20141022,20141027,20141028,20141029,20141031,20141101,20141102,20141103,20141104,20141105,20141106,20141107,20141108,20141109,20141110,20141111,20141114,20141118,20141119,20141121,20141122,20141123,20141126,20141128,20141130,20141202 
G.7.4_index_2_VS_G.7.1_index_2 [21] PLUS 1 
20141016,20141017,20141019,20141022,20141024,20141027,20141104,20141105,20141106,20141107,20141108,20141109,20141110,20141111,20141112,20141114,20141115,20141121,20141125,20141126,20141128,20141130,20141202 
Number is 58 
G.3.2_index_3_VS_G.3.1_index_1 [22] 
20141015,20141018,20141020,20141022,20141101,20141104,20141105,20141106,20141107,20141108,20141109,20141111,20141113,20141117,20141120,20141122,20141128,20141202 
Number is 60 
G.DB_index_5_VS_G.3.6_index_3 [23] PLUS 1 
20141016,20141018,20141019,20141020,20141027,20141028,20141029,20141030,20141031,20141104,20141105,20141106,20141107,20141108,20141109,20141110,20141111,20141115,20141118,20141121,20141123,20141128,20141201 
G.3.1_index_2_VS_G.3.6_index_3 [24] PLUS 1 
20141016,20141018,20141020,20141022,20141029,20141030,20141101,20141102,20141104,20141105,20141106,20141107,20141108,20141109,20141110,20141112,20141115,20141116,20141117,20141118,20141121,20141122,20141124,20141125,20141127 
Number is 64 
G.3.4_index_3_VS_G.6.2_index_1 [25] PLUS 1 
20141015,20141019,20141020,20141025,20141027,20141028,20141030,20141102,20141104,20141105,20141106,20141107,20141108,20141109,20141110,20141116,20141117,20141118,20141119,20141120,20141121,20141123,20141124,20141130,20141201,20141202 
G.3.4_index_4_VS_G.5.2_index_3 [26] PLUS 1 
20141015,20141016,20141017,20141018,20141023,20141025,20141026,20141102,20141104,20141105,20141106,20141107,20141108,20141109,20141110,20141111,20141112,20141115,20141118,20141119,20141120,20141124,20141127,20141129 
G.3.1_index_2_VS_G.5.4_index_1 [27] PLUS 1 
20141016,20141018,20141019,20141022,20141025,20141027,20141029,20141031,20141104,20141105,20141106,20141107,20141108,20141109,20141110,20141111,20141112,20141113,20141114,20141115,20141117,20141119,20141120,20141123,20141125,20141127,20141201,20141202 
Number is 68 
G.DB_index_5_VS_G.6.1_index_3 [28] PLUS 1 
20141017,20141018,20141019,20141022,20141025,20141028,20141030,20141101,20141104,20141105,20141106,20141107,20141108,20141109,20141110,20141112,20141113,20141115,20141119,20141125,20141127,20141128,20141201,20141202 
Number is 70 
G.6.2_index_2_VS_G.5.2_index_2 [29] 
20141015,20141018,20141019,20141020,20141022,20141023,20141024,20141025,20141026,20141028,20141030,20141101,20141102,20141104,20141105,20141106,20141107,20141108,20141109,20141112,20141116,20141119,20141120,20141121,20141124,20141127,20141130,20141202 
Number is 71 
G.3.4_index_5_VS_G.6.1_index_1 [30] 
20141015,20141018,20141021,20141022,20141024,20141025,20141028,20141101,20141102,20141103,20141104,20141105,20141106,20141107,20141108,20141109,20141112,20141117,20141118,20141121,20141122,20141123,20141124,20141125,20141128,20141129 
Number is 72 
G.5.1_index_4_VS_G.4.3_index_1 [31] 
20141017,20141018,20141024,20141101,20141102,20141104,20141105,20141106,20141107,20141108,20141109,20141114,20141116,20141117,20141119,20141120,20141121,20141127,20141128,20141129 
G.2.1_index_5_VS_G.4.1_index_1 [32] 
20141018,20141019,20141020,20141021,20141023,20141025,20141028,20141031,20141101,20141104,20141105,20141106,20141107,20141108,20141109,20141111,20141117,20141119,20141120,20141122,20141123,20141124,20141126,20141127,20141129,20141201,20141202 
Number is 75 
G.6.2_index_2_VS_G.3.2_index_3 [33] PLUS 1 
20141015,20141016,20141018,20141020,20141022,20141029,20141030,20141101,20141102,20141103,20141104,20141105,20141106,20141107,20141108,20141109,20141110,20141116,20141117,20141119,20141121,20141123,20141124,20141125,20141129,20141202 
G.3.4_index_5_VS_G.3.6_index_5 [34] PLUS 1 
20141015,20141018,20141019,20141022,20141025,20141031,20141104,20141105,20141106,20141107,20141108,20141109,20141110,20141111,20141113,20141118,20141202 
Number is 76 
G.6.2_index_2_VS_G.3.4_index_3 [35] 
20141017,20141018,20141022,20141029,20141031,20141102,20141104,20141105,20141106,20141107,20141108,20141109,20141112,20141113,20141114,20141116,20141119,20141123,20141125,20141127,20141129,20141130,20141202 
Number is 77 
G.6.2_index_2_VS_G.2.1_index_5 [36] 
20141016,20141017,20141018,20141020,20141023,20141025,20141028,20141030,20141102,20141104,20141105,20141106,20141107,20141108,20141109,20141115,20141116,20141119,20141120,20141122,20141123,20141124,20141127,20141130,20141202 
Number is 79 
G.6.2_index_2_VS_G.3.4_index_1 [37] 
20141015,20141021,20141022,20141023,20141025,20141027,20141028,20141030,20141102,20141104,20141105,20141106,20141107,20141108,20141109,20141112,20141114,20141119,20141121,20141122,20141124,20141125,20141126,20141127,20141128,20141130,20141201 
Number is 80 
G.5.3_index_4_VS_G.5.2_index_1 [38] PLUS 1 
20141015,20141016,20141017,20141018,20141019,20141022,20141024,20141025,20141031,20141104,20141105,20141106,20141107,20141108,20141109,20141110,20141113,20141114,20141115,20141118,20141120,20141121,20141122,20141123,20141124,20141125,20141128,20141129,20141202 
Number is 82 
G.6.1_index_3_VS_G.4.3_index_3 [39] 
20141016,20141024,20141025,20141029,20141030,20141104,20141105,20141106,20141107,20141108,20141109,20141112,20141113,20141116,20141117,20141119,20141121,20141129,20141201,20141202 
