======== Current: 20141112 ========= 
Number is 02 
G.6.2_index_2_VS_G.4.4_index_3 [1] 
20141020,20141022,20141024,20141025,20141028,20141029,20141030,20141101,20141102,20141106,20141107,20141108,20141109,20141110,20141111,20141118,20141120,20141121,20141122,20141124,20141125,20141129,20141201 
Number is 05 
G.3.5_index_4_VS_G.1.1_index_3 [2] PLUS 1 
20141015,20141019,20141027,20141029,20141031,20141101,20141102,20141104,20141106,20141107,20141108,20141109,20141110,20141111,20141112,20141113,20141118,20141119,20141120,20141121,20141122,20141123,20141126,20141201,20141202 
Number is 07 
G.5.4_index_1_VS_G.6.3_index_2 [3] 
20141017,20141018,20141019,20141020,20141021,20141023,20141025,20141026,20141028,20141029,20141101,20141104,20141106,20141107,20141108,20141109,20141110,20141111,20141113,20141119,20141121,20141123,20141124,20141125,20141127,20141202 
Number is 08 
G.2.2_index_5_VS_G.3.4_index_4 [4] 
20141015,20141017,20141019,20141020,20141022,20141026,20141027,20141030,20141031,20141102,20141104,20141106,20141107,20141108,20141109,20141110,20141111,20141113,20141114,20141116,20141119,20141120,20141123,20141126,20141128,20141201,20141202 
Number is 10 
G.3.1_index_2_VS_G.5.4_index_1 [5] PLUS 1 
20141016,20141018,20141019,20141022,20141025,20141027,20141029,20141031,20141104,20141105,20141106,20141107,20141108,20141109,20141110,20141111,20141112,20141113,20141114,20141115,20141117,20141119,20141120,20141123,20141125,20141127,20141201,20141202 
Number is 12 
G.3.4_index_3_VS_G.5.4_index_2 [6] 
20141015,20141016,20141017,20141018,20141019,20141021,20141028,20141030,20141101,20141103,20141105,20141106,20141107,20141108,20141109,20141110,20141111,20141115,20141123,20141125,20141126,20141128,20141129,20141130,20141202 
Number is 18 
G.7.4_index_1_VS_G.3.4_index_4 [7] PLUS 1 
20141015,20141016,20141019,20141020,20141024,20141031,20141101,20141102,20141103,20141106,20141107,20141108,20141109,20141110,20141111,20141112,20141113,20141114,20141119,20141120,20141121,20141122,20141124,20141127,20141201 
Number is 19 
G.3.1_index_2_VS_G.5.6_index_3 [8] 
20141018,20141022,20141029,20141106,20141107,20141108,20141109,20141110,20141111,20141116,20141117,20141119,20141120,20141121,20141122,20141127,20141201,20141202 
Number is 20 
G.4.1_index_3_VS_G.6.2_index_2 [9] 
20141016,20141019,20141020,20141025,20141026,20141028,20141030,20141102,20141106,20141107,20141108,20141109,20141110,20141111,20141113,20141115,20141116,20141118,20141119,20141121,20141123,20141124 
Number is 24 
G.5.2_index_4_VS_G.1.1_index_2 [10] 
20141016,20141018,20141022,20141023,20141024,20141025,20141104,20141106,20141107,20141108,20141109,20141110,20141111,20141114,20141115,20141119,20141121,20141122,20141123,20141124,20141125,20141128 
G.5.4_index_2_VS_G.3.6_index_4 [11] 
20141015,20141018,20141021,20141022,20141023,20141024,20141101,20141102,20141103,20141106,20141107,20141108,20141109,20141110,20141111,20141115,20141120,20141121,20141124,20141125,20141128,20141129,20141130 
Number is 28 
G.3.1_index_1_VS_G.2.1_index_5 [12] 
20141017,20141020,20141022,20141023,20141102,20141105,20141106,20141107,20141108,20141109,20141110,20141111,20141119,20141120,20141122,20141124,20141126,20141127,20141128,20141130,20141202 
G.6.3_index_1_VS_G.7.4_index_2 [13] 
20141016,20141019,20141022,20141024,20141026,20141031,20141102,20141103,20141104,20141106,20141107,20141108,20141109,20141110,20141111,20141113,20141115,20141126,20141201 
Number is 30 
G.DB_index_4_VS_G.4.2_index_2 [14] 
20141015,20141019,20141023,20141025,20141027,20141030,20141031,20141101,20141103,20141106,20141107,20141108,20141109,20141110,20141111,20141113,20141118,20141125,20141130,20141202 
Number is 40 
G.3.6_index_4_VS_G.6.2_index_2 [15] 
20141015,20141016,20141023,20141026,20141027,20141101,20141105,20141106,20141107,20141108,20141109,20141110,20141111,20141113,20141114,20141116,20141117,20141121,20141122,20141125,20141129,20141130 
Number is 41 
G.1.1_index_2_VS_G.3.4_index_3 [16] PLUS 1 
20141015,20141016,20141017,20141018,20141023,20141028,20141030,20141101,20141106,20141107,20141108,20141109,20141110,20141111,20141112,20141113,20141115,20141118,20141119,20141120,20141123,20141124,20141125,20141126,20141127,20141128,20141130,20141201 
Number is 43 
G.3.6_index_4_VS_G.DB_index_2 [17] PLUS 1 
20141017,20141018,20141019,20141024,20141026,20141029,20141102,20141105,20141106,20141107,20141108,20141109,20141110,20141111,20141112,20141115,20141117,20141120,20141125,20141127,20141130,20141202 
Number is 48 
G.3.6_index_4_VS_G.DB_index_5 [18] PLUS 1 
20141016,20141018,20141019,20141022,20141024,20141025,20141027,20141029,20141031,20141102,20141104,20141106,20141107,20141108,20141109,20141110,20141111,20141112,20141117,20141119,20141120,20141121,20141123,20141125,20141126,20141127,20141128,20141201,20141202 
Number is 54 
G.7.1_index_1_VS_G.1.1_index_2 [19] 
20141015,20141019,20141020,20141022,20141023,20141025,20141026,20141027,20141028,20141030,20141101,20141103,20141104,20141106,20141107,20141108,20141109,20141110,20141111,20141113,20141116,20141120,20141122,20141124 
Number is 58 
G.4.1_index_4_VS_G.3.4_index_4 [20] 
20141016,20141017,20141021,20141026,20141101,20141103,20141106,20141107,20141108,20141109,20141110,20141111,20141113,20141114,20141119,20141120,20141123,20141124,20141127,20141129,20141130 
Number is 59 
G.3.4_index_5_VS_G.3.6_index_5 [21] 
20141015,20141018,20141019,20141022,20141025,20141031,20141104,20141105,20141106,20141107,20141108,20141109,20141110,20141111,20141113,20141118,20141202 
Number is 73 
G.5.5_index_4_VS_G.5.3_index_3 [22] 
20141015,20141018,20141019,20141021,20141023,20141024,20141026,20141027,20141029,20141030,20141102,20141106,20141107,20141108,20141109,20141110,20141111,20141113,20141114,20141119,20141123,20141124,20141127,20141130,20141202 
Number is 80 
G.DB_index_5_VS_G.3.6_index_3 [23] 
20141016,20141018,20141019,20141020,20141027,20141028,20141029,20141030,20141031,20141104,20141105,20141106,20141107,20141108,20141109,20141110,20141111,20141115,20141118,20141121,20141123,20141128,20141201 
G.DB_index_5_VS_G.2.2_index_5 [24] 
20141015,20141020,20141021,20141026,20141027,20141029,20141103,20141106,20141107,20141108,20141109,20141110,20141111,20141114,20141119,20141121,20141122,20141123,20141124,20141125,20141202 
Number is 81 
G.3.4_index_4_VS_G.3.4_index_1 [25] PLUS 1 
20141015,20141017,20141020,20141024,20141027,20141031,20141101,20141103,20141106,20141107,20141108,20141109,20141110,20141111,20141112,20141113,20141116,20141120,20141125,20141129,20141201 
G.7.4_index_2_VS_G.7.1_index_2 [26] PLUS 1 
20141016,20141017,20141019,20141022,20141024,20141027,20141104,20141105,20141106,20141107,20141108,20141109,20141110,20141111,20141112,20141114,20141115,20141121,20141125,20141126,20141128,20141130,20141202 
G.DB_index_5_VS_G.7.4_index_1 [27] PLUS 1 
20141018,20141019,20141022,20141024,20141025,20141028,20141029,20141102,20141105,20141106,20141107,20141108,20141109,20141110,20141111,20141112,20141113,20141114,20141115,20141119,20141121,20141123,20141125,20141127,20141129,20141201 
Number is 82 
G.3.1_index_4_VS_G.3.3_index_5 [28] 
20141017,20141018,20141019,20141021,20141022,20141025,20141027,20141028,20141030,20141102,20141106,20141107,20141108,20141109,20141110,20141111,20141117,20141120,20141123,20141126,20141128,20141130 
G.3.1_index_4_VS_G.5.4_index_2 [29] 
20141015,20141018,20141019,20141021,20141023,20141029,20141030,20141031,20141105,20141106,20141107,20141108,20141109,20141110,20141111,20141113,20141123,20141125,20141126,20141127,20141128,20141129,20141130,20141201 
Number is 84 
G.3.4_index_4_VS_G.5.2_index_3 [30] PLUS 1 
20141015,20141016,20141017,20141018,20141023,20141025,20141026,20141102,20141104,20141105,20141106,20141107,20141108,20141109,20141110,20141111,20141112,20141115,20141118,20141119,20141120,20141124,20141127,20141129 
Number is 85 
G.7.4_index_2_VS_G.3.4_index_5 [31] 
20141019,20141021,20141025,20141028,20141031,20141102,20141104,20141106,20141107,20141108,20141109,20141110,20141111,20141123,20141124,20141125,20141128 
G.DB_index_5_VS_G.5.5_index_1 [32] 
20141015,20141016,20141017,20141018,20141019,20141020,20141022,20141026,20141030,20141102,20141106,20141107,20141108,20141109,20141110,20141111,20141121,20141124,20141127,20141128,20141129,20141130,20141201,20141202 
Number is 86 
G.4.3_index_3_VS_G.6.1_index_1 [33] 
20141015,20141019,20141029,20141031,20141101,20141104,20141105,20141106,20141107,20141108,20141109,20141110,20141111,20141116,20141117,20141127,20141129,20141201,20141202 
Number is 87 
G.7.4_index_2_VS_G.1.1_index_5 [34] PLUS 1 
20141015,20141017,20141019,20141021,20141024,20141027,20141028,20141031,20141103,20141106,20141107,20141108,20141109,20141110,20141111,20141112,20141113,20141114,20141115,20141117,20141119,20141122,20141124,20141125,20141127,20141129,20141130 
Number is 88 
G.7.4_index_2_VS_G.2.1_index_5 [35] 
20141017,20141018,20141019,20141022,20141027,20141028,20141029,20141031,20141101,20141102,20141103,20141104,20141105,20141106,20141107,20141108,20141109,20141110,20141111,20141114,20141118,20141119,20141121,20141122,20141123,20141126,20141128,20141130,20141202 
Number is 89 
G.2.1_index_5_VS_G.3.6_index_5 [36] PLUS 1 
20141015,20141016,20141017,20141019,20141027,20141028,20141031,20141105,20141106,20141107,20141108,20141109,20141110,20141111,20141112,20141117,20141119,20141121,20141122,20141123,20141126 
