======== Current: 20141113 ========= 
Number is 34 
G.7.4_index_1_VS_G.3.4_index_4 [1] PLUS 1 
20141015,20141016,20141019,20141020,20141024,20141031,20141101,20141102,20141103,20141106,20141107,20141108,20141109,20141110,20141111,20141112,20141113,20141114,20141119,20141120,20141121,20141122,20141124,20141127,20141201 
G.4.1_index_4_VS_G.3.1_index_1 [2] PLUS 1 
20141017,20141022,20141023,20141025,20141026,20141029,20141102,20141107,20141108,20141109,20141110,20141111,20141112,20141113,20141115,20141120,20141121,20141125,20141126,20141129,20141130,20141202 
Number is 35 
G.3.5_index_2_VS_G.6.2_index_1 [3] PLUS 1 
20141018,20141019,20141021,20141023,20141024,20141026,20141027,20141029,20141030,20141031,20141101,20141107,20141108,20141109,20141110,20141111,20141112,20141113,20141116,20141117,20141121,20141123,20141124,20141130,20141202 
Number is 39 
G.4.2_index_2_VS_G.4.2_index_1 [4] 
20141020,20141021,20141022,20141023,20141025,20141026,20141028,20141030,20141101,20141103,20141107,20141108,20141109,20141110,20141111,20141112,20141117,20141121,20141123,20141124,20141128,20141130,20141202 
Number is 40 
G.3.4_index_4_VS_G.5.2_index_3 [5] 
20141015,20141016,20141017,20141018,20141023,20141025,20141026,20141102,20141104,20141105,20141106,20141107,20141108,20141109,20141110,20141111,20141112,20141115,20141118,20141119,20141120,20141124,20141127,20141129 
Number is 41 
G.3.5_index_4_VS_G.6.3_index_3 [6] PLUS 1 
20141015,20141016,20141018,20141019,20141020,20141025,20141030,20141101,20141102,20141103,20141104,20141105,20141107,20141108,20141109,20141110,20141111,20141112,20141113,20141114,20141117,20141118,20141119,20141120,20141122,20141123,20141124,20141126,20141129,20141130,20141201 
G.3.4_index_4_VS_G.3.4_index_1 [7] PLUS 1 
20141015,20141017,20141020,20141024,20141027,20141031,20141101,20141103,20141106,20141107,20141108,20141109,20141110,20141111,20141112,20141113,20141116,20141120,20141125,20141129,20141201 
Number is 42 
G.3.5_index_4_VS_G.1.1_index_3 [8] PLUS 1 
20141015,20141019,20141027,20141029,20141031,20141101,20141102,20141104,20141106,20141107,20141108,20141109,20141110,20141111,20141112,20141113,20141118,20141119,20141120,20141121,20141122,20141123,20141126,20141201,20141202 
Number is 43 
G.7.4_index_2_VS_G.1.1_index_5 [9] PLUS 1 
20141015,20141017,20141019,20141021,20141024,20141027,20141028,20141031,20141103,20141106,20141107,20141108,20141109,20141110,20141111,20141112,20141113,20141114,20141115,20141117,20141119,20141122,20141124,20141125,20141127,20141129,20141130 
Number is 44 
G.7.4_index_2_VS_G.7.1_index_2 [10] 
20141016,20141017,20141019,20141022,20141024,20141027,20141104,20141105,20141106,20141107,20141108,20141109,20141110,20141111,20141112,20141114,20141115,20141121,20141125,20141126,20141128,20141130,20141202 
Number is 46 
G.7.3_index_2_VS_G.5.6_index_1 [11] PLUS 1 
20141016,20141017,20141018,20141019,20141023,20141024,20141027,20141028,20141029,20141030,20141101,20141105,20141107,20141108,20141109,20141110,20141111,20141112,20141113,20141119,20141120,20141121,20141123,20141124,20141129,20141201 
Number is 57 
G.2.1_index_5_VS_G.3.6_index_5 [12] 
20141015,20141016,20141017,20141019,20141027,20141028,20141031,20141105,20141106,20141107,20141108,20141109,20141110,20141111,20141112,20141117,20141119,20141121,20141122,20141123,20141126 
Number is 59 
G.5.5_index_2_VS_G.4.1_index_1 [13] 
20141017,20141019,20141020,20141022,20141024,20141029,20141102,20141105,20141107,20141108,20141109,20141110,20141111,20141112,20141117,20141119,20141123,20141126,20141127,20141130,20141201,20141202 
G.3.3_index_1_VS_G.3.5_index_5 [14] 
20141015,20141018,20141022,20141027,20141104,20141107,20141108,20141109,20141110,20141111,20141112,20141117,20141119,20141127,20141128,20141129,20141130,20141201 
Number is 63 
G.DB_index_5_VS_G.7.4_index_1 [15] PLUS 1 
20141018,20141019,20141022,20141024,20141025,20141028,20141029,20141102,20141105,20141106,20141107,20141108,20141109,20141110,20141111,20141112,20141113,20141114,20141115,20141119,20141121,20141123,20141125,20141127,20141129,20141201 
Number is 65 
G.3.6_index_4_VS_G.DB_index_2 [16] 
20141017,20141018,20141019,20141024,20141026,20141029,20141102,20141105,20141106,20141107,20141108,20141109,20141110,20141111,20141112,20141115,20141117,20141120,20141125,20141127,20141130,20141202 
Number is 66 
G.3.6_index_4_VS_G.DB_index_5 [17] 
20141016,20141018,20141019,20141022,20141024,20141025,20141027,20141029,20141031,20141102,20141104,20141106,20141107,20141108,20141109,20141110,20141111,20141112,20141117,20141119,20141120,20141121,20141123,20141125,20141126,20141127,20141128,20141201,20141202 
Number is 67 
G.5.5_index_1_VS_G.6.2_index_2 [18] PLUS 1 
20141016,20141017,20141019,20141024,20141025,20141028,20141029,20141030,20141101,20141107,20141108,20141109,20141110,20141111,20141112,20141113,20141118,20141121,20141122,20141123,20141125,20141128,20141130,20141201 
Number is 70 
G.7.2_index_1_VS_G.5.2_index_3 [19] 
20141016,20141018,20141019,20141021,20141022,20141023,20141026,20141107,20141108,20141109,20141110,20141111,20141112,20141114,20141118,20141120,20141121,20141126,20141127 
Number is 71 
G.5.1_index_1_VS_G.5.2_index_4 [20] 
20141018,20141019,20141024,20141025,20141028,20141031,20141101,20141104,20141105,20141107,20141108,20141109,20141110,20141111,20141112,20141115,20141117,20141129,20141202 
Number is 72 
G.3.1_index_2_VS_G.5.4_index_1 [21] PLUS 1 
20141016,20141018,20141019,20141022,20141025,20141027,20141029,20141031,20141104,20141105,20141106,20141107,20141108,20141109,20141110,20141111,20141112,20141113,20141114,20141115,20141117,20141119,20141120,20141123,20141125,20141127,20141201,20141202 
Number is 77 
G.5.3_index_1_VS_G.1.1_index_2 [22] 
20141015,20141016,20141017,20141019,20141028,20141029,20141030,20141101,20141104,20141107,20141108,20141109,20141110,20141111,20141112,20141114,20141119,20141122,20141124,20141126,20141127,20141128 
Number is 79 
G.1.1_index_2_VS_G.3.4_index_3 [23] PLUS 1 
20141015,20141016,20141017,20141018,20141023,20141028,20141030,20141101,20141106,20141107,20141108,20141109,20141110,20141111,20141112,20141113,20141115,20141118,20141119,20141120,20141123,20141124,20141125,20141126,20141127,20141128,20141130,20141201 
Number is 93 
G.3.4_index_3_VS_G.5.3_index_4 [24] 
20141015,20141016,20141018,20141019,20141025,20141028,20141030,20141101,20141102,20141107,20141108,20141109,20141110,20141111,20141112,20141114,20141115,20141119,20141122,20141123,20141125,20141201 
