======== Current: 20141114 ========= 
Number is 00 
G.4.1_index_4_VS_G.3.1_index_1 [1] 
20141017,20141022,20141023,20141025,20141026,20141029,20141102,20141107,20141108,20141109,20141110,20141111,20141112,20141113,20141115,20141120,20141121,20141125,20141126,20141129,20141130,20141202 
Number is 02 
G.7.1_index_2_VS_G.4.4_index_2 [2] PLUS 1 
20141018,20141019,20141020,20141024,20141025,20141031,20141101,20141102,20141103,20141104,20141105,20141106,20141108,20141109,20141110,20141111,20141112,20141113,20141114,20141115,20141116,20141118,20141124,20141125,20141126,20141130,20141201 
G.1.1_index_5_VS_G.6.2_index_1 [3] PLUS 1 
20141016,20141019,20141021,20141024,20141026,20141028,20141029,20141030,20141031,20141102,20141104,20141106,20141108,20141109,20141110,20141111,20141112,20141113,20141114,20141115,20141117,20141119,20141120,20141123,20141127,20141129,20141130 
Number is 04 
G.4.2_index_2_VS_G.5.5_index_1 [4] 
20141015,20141016,20141017,20141019,20141022,20141023,20141031,20141101,20141102,20141103,20141104,20141106,20141108,20141109,20141110,20141111,20141112,20141113,20141115,20141118,20141121,20141123,20141125,20141129 
Number is 05 
G.1.1_index_5_VS_G.4.4_index_3 [5] 
20141018,20141019,20141020,20141021,20141025,20141027,20141028,20141108,20141109,20141110,20141111,20141112,20141113,20141118,20141119,20141120,20141124,20141125,20141129,20141130 
G.1.1_index_5_VS_G.4.1_index_3 [6] 
20141018,20141020,20141025,20141026,20141028,20141101,20141103,20141106,20141108,20141109,20141110,20141111,20141112,20141113,20141115,20141118,20141119,20141120,20141121,20141122,20141123,20141124,20141125,20141127,20141129 
Number is 10 
G.7.4_index_2_VS_G.1.1_index_5 [7] PLUS 1 
20141015,20141017,20141019,20141021,20141024,20141027,20141028,20141031,20141103,20141106,20141107,20141108,20141109,20141110,20141111,20141112,20141113,20141114,20141115,20141117,20141119,20141122,20141124,20141125,20141127,20141129,20141130 
Number is 17 
G.3.4_index_3_VS_G.4.3_index_3 [8] 
20141018,20141019,20141028,20141029,20141030,20141103,20141104,20141105,20141108,20141109,20141110,20141111,20141112,20141113,20141115,20141117,20141123,20141126,20141129,20141130,20141202 
Number is 21 
G.3.4_index_4_VS_G.3.4_index_1 [9] 
20141015,20141017,20141020,20141024,20141027,20141031,20141101,20141103,20141106,20141107,20141108,20141109,20141110,20141111,20141112,20141113,20141116,20141120,20141125,20141129,20141201 
Number is 22 
G.3.5_index_2_VS_G.6.2_index_1 [10] 
20141018,20141019,20141021,20141023,20141024,20141026,20141027,20141029,20141030,20141031,20141101,20141107,20141108,20141109,20141110,20141111,20141112,20141113,20141116,20141117,20141121,20141123,20141124,20141130,20141202 
Number is 23 
G.5.2_index_3_VS_G.3.5_index_5 [11] PLUS 1 
20141015,20141018,20141020,20141023,20141025,20141029,20141031,20141103,20141105,20141106,20141108,20141109,20141110,20141111,20141112,20141113,20141114,20141117,20141120,20141121,20141123,20141125,20141130 
Number is 28 
G.3.1_index_2_VS_G.5.4_index_1 [12] PLUS 1 
20141016,20141018,20141019,20141022,20141025,20141027,20141029,20141031,20141104,20141105,20141106,20141107,20141108,20141109,20141110,20141111,20141112,20141113,20141114,20141115,20141117,20141119,20141120,20141123,20141125,20141127,20141201,20141202 
Number is 32 
G.5.6_index_4_VS_G.5.2_index_3 [13] PLUS 1 
20141025,20141026,20141027,20141030,20141101,20141103,20141106,20141108,20141109,20141110,20141111,20141112,20141113,20141114,20141118,20141120,20141125,20141126,20141129,20141130,20141202 
Number is 37 
G.4.1_index_1_VS_G.2.2_index_1 [14] 
20141016,20141019,20141020,20141021,20141023,20141027,20141028,20141106,20141108,20141109,20141110,20141111,20141112,20141113,20141119,20141120,20141123,20141124,20141125,20141126,20141129,20141201 
Number is 41 
G.7.3_index_2_VS_G.5.6_index_1 [15] 
20141016,20141017,20141018,20141019,20141023,20141024,20141027,20141028,20141029,20141030,20141101,20141105,20141107,20141108,20141109,20141110,20141111,20141112,20141113,20141119,20141120,20141121,20141123,20141124,20141129,20141201 
Number is 46 
G.5.5_index_1_VS_G.6.2_index_2 [16] 
20141016,20141017,20141019,20141024,20141025,20141028,20141029,20141030,20141101,20141107,20141108,20141109,20141110,20141111,20141112,20141113,20141118,20141121,20141122,20141123,20141125,20141128,20141130,20141201 
Number is 50 
G.5.3_index_4_VS_G.2.1_index_5 [17] 
20141018,20141019,20141020,20141030,20141031,20141101,20141102,20141108,20141109,20141110,20141111,20141112,20141113,20141115,20141122,20141125,20141126,20141129 
Number is 52 
G.4.4_index_3_VS_G.3.5_index_2 [18] PLUS 1 
20141019,20141021,20141025,20141029,20141103,20141104,20141108,20141109,20141110,20141111,20141112,20141113,20141114,20141121,20141122,20141126,20141127,20141130,20141201 
Number is 53 
G.3.1_index_3_VS_G.3.1_index_4 [19] 
20141015,20141018,20141019,20141021,20141024,20141028,20141030,20141031,20141105,20141106,20141108,20141109,20141110,20141111,20141112,20141113,20141117,20141123,20141124,20141128,20141201,20141202 
Number is 54 
G.3.5_index_4_VS_G.6.3_index_3 [20] PLUS 1 
20141015,20141016,20141018,20141019,20141020,20141025,20141030,20141101,20141102,20141103,20141104,20141105,20141107,20141108,20141109,20141110,20141111,20141112,20141113,20141114,20141117,20141118,20141119,20141120,20141122,20141123,20141124,20141126,20141129,20141130,20141201 
Number is 55 
G.5.3_index_1_VS_G.1.1_index_3 [21] 
20141015,20141016,20141019,20141020,20141022,20141030,20141101,20141102,20141104,20141106,20141108,20141109,20141110,20141111,20141112,20141113,20141116,20141117,20141119,20141123,20141124,20141128,20141130 
G.3.5_index_4_VS_G.1.1_index_3 [22] 
20141015,20141019,20141027,20141029,20141031,20141101,20141102,20141104,20141106,20141107,20141108,20141109,20141110,20141111,20141112,20141113,20141118,20141119,20141120,20141121,20141122,20141123,20141126,20141201,20141202 
Number is 65 
G.4.3_index_2_VS_G.4.4_index_3 [23] 
20141018,20141019,20141021,20141022,20141030,20141102,20141103,20141104,20141105,20141108,20141109,20141110,20141111,20141112,20141113,20141118,20141119,20141120,20141121,20141122,20141127,20141129 
Number is 78 
G.DB_index_5_VS_G.7.4_index_1 [24] PLUS 1 
20141018,20141019,20141022,20141024,20141025,20141028,20141029,20141102,20141105,20141106,20141107,20141108,20141109,20141110,20141111,20141112,20141113,20141114,20141115,20141119,20141121,20141123,20141125,20141127,20141129,20141201 
Number is 81 
G.1.1_index_2_VS_G.3.4_index_3 [25] 
20141015,20141016,20141017,20141018,20141023,20141028,20141030,20141101,20141106,20141107,20141108,20141109,20141110,20141111,20141112,20141113,20141115,20141118,20141119,20141120,20141123,20141124,20141125,20141126,20141127,20141128,20141130,20141201 
Number is 82 
G.7.4_index_1_VS_G.3.4_index_4 [26] PLUS 1 
20141015,20141016,20141019,20141020,20141024,20141031,20141101,20141102,20141103,20141106,20141107,20141108,20141109,20141110,20141111,20141112,20141113,20141114,20141119,20141120,20141121,20141122,20141124,20141127,20141201 
