======== Current: 20141118 ========= 
Number is 04 
G.3.5_index_2_VS_G.5.4_index_4 [1] 
20141015,20141021,20141023,20141029,20141105,20141107,20141109,20141110,20141111,20141112,20141113,20141114,20141115,20141116,20141117,20141122,20141126,20141201 
G.3.5_index_2_VS_G.3.6_index_2 [2] 
20141015,20141021,20141025,20141104,20141105,20141107,20141109,20141110,20141112,20141113,20141114,20141115,20141116,20141117,20141120,20141121,20141123,20141124,20141126,20141127,20141129 
Number is 08 
G.5.4_index_3_VS_G.4.2_index_1 [3] PLUS 1 
20141015,20141016,20141017,20141020,20141021,20141025,20141026,20141102,20141106,20141112,20141113,20141114,20141115,20141116,20141117,20141118,20141119,20141120,20141121,20141122,20141124,20141127,20141201,20141202 
G.3.5_index_2_VS_G.6.3_index_1 [4] PLUS 1 
20141016,20141023,20141024,20141026,20141102,20141107,20141108,20141110,20141112,20141113,20141114,20141115,20141116,20141117,20141118,20141120,20141121,20141122,20141124,20141126,20141129 
Number is 10 
G.2.2_index_4_VS_G.5.4_index_3 [5] 
20141015,20141017,20141018,20141019,20141020,20141023,20141025,20141026,20141027,20141030,20141102,20141104,20141105,20141109,20141111,20141112,20141113,20141114,20141115,20141116,20141117,20141119 
Number is 13 
G.3.1_index_2_VS_G.7.1_index_2 [6] PLUS 1 
20141016,20141019,20141020,20141021,20141023,20141024,20141026,20141027,20141029,20141030,20141102,20141103,20141107,20141109,20141111,20141112,20141113,20141114,20141115,20141116,20141117,20141118,20141119,20141122,20141126,20141130,20141202 
Number is 14 
G.DB_index_3_VS_G.5.2_index_2 [7] 
20141016,20141018,20141020,20141023,20141026,20141102,20141104,20141108,20141109,20141112,20141113,20141114,20141115,20141116,20141117,20141120,20141121,20141123,20141124,20141130 
Number is 27 
G.7.4_index_1_VS_G.7.3_index_2 [8] 
20141018,20141020,20141021,20141023,20141024,20141025,20141028,20141030,20141101,20141103,20141109,20141112,20141113,20141114,20141115,20141116,20141117,20141120,20141121,20141124,20141125,20141129,20141201,20141202 
Number is 48 
G.3.2_index_1_VS_G.6.3_index_1 [9] 
20141015,20141019,20141023,20141024,20141028,20141031,20141102,20141104,20141108,20141109,20141112,20141113,20141114,20141115,20141116,20141117,20141124,20141127,20141130,20141202 
Number is 51 
G.4.1_index_2_VS_G.5.5_index_1 [10] 
20141016,20141017,20141026,20141102,20141103,20141104,20141111,20141112,20141113,20141114,20141115,20141116,20141117,20141120,20141122,20141123,20141127,20141129,20141201 
G.5.2_index_4_VS_G.1.1_index_3 [11] 
20141015,20141016,20141018,20141020,20141023,20141028,20141029,20141101,20141102,20141104,20141109,20141110,20141111,20141112,20141113,20141114,20141115,20141116,20141117,20141120,20141125,20141127 
Number is 55 
G.6.1_index_2_VS_G.5.6_index_2 [12] PLUS 1 
20141015,20141020,20141021,20141022,20141024,20141025,20141027,20141028,20141031,20141102,20141108,20141112,20141113,20141114,20141115,20141116,20141117,20141118,20141119,20141120,20141123,20141128,20141201 
G.5.2_index_4_VS_G.6.1_index_3 [13] PLUS 1 
20141018,20141022,20141023,20141024,20141025,20141027,20141101,20141104,20141105,20141110,20141112,20141113,20141114,20141115,20141116,20141117,20141118,20141119,20141122,20141125,20141129,20141202 
Number is 72 
G.3.6_index_1_VS_G.4.2_index_3 [14] 
20141018,20141022,20141026,20141027,20141029,20141104,20141105,20141107,20141108,20141112,20141113,20141114,20141115,20141116,20141117,20141121,20141124,20141125,20141129,20141201 
G.7.3_index_2_VS_G.5.3_index_1 [15] 
20141018,20141020,20141025,20141027,20141028,20141030,20141101,20141102,20141108,20141110,20141112,20141113,20141114,20141115,20141116,20141117,20141121,20141122,20141123,20141125,20141127,20141130,20141201,20141202 
Number is 74 
G.3.6_index_1_VS_G.6.2_index_1 [16] PLUS 1 
20141015,20141020,20141028,20141030,20141031,20141103,20141107,20141109,20141111,20141112,20141113,20141114,20141115,20141116,20141117,20141118,20141120,20141125,20141201,20141202 
G.4.4_index_1_VS_G.5.4_index_4 [17] PLUS 1 
20141015,20141016,20141018,20141021,20141022,20141023,20141027,20141028,20141101,20141102,20141103,20141104,20141107,20141109,20141112,20141113,20141114,20141115,20141116,20141117,20141118,20141119,20141120,20141121,20141122,20141123,20141125,20141126,20141128 
Number is 81 
G.5.1_index_2_VS_G.1.1_index_3 [18] PLUS 1 
20141017,20141020,20141021,20141023,20141024,20141027,20141030,20141101,20141106,20141109,20141110,20141112,20141113,20141114,20141115,20141116,20141117,20141118,20141122,20141123,20141126,20141127,20141130,20141201,20141202 
Number is 87 
G.4.3_index_4_VS_G.4.4_index_1 [19] 
20141015,20141022,20141023,20141024,20141025,20141027,20141028,20141031,20141101,20141103,20141105,20141107,20141109,20141111,20141112,20141113,20141114,20141115,20141116,20141117,20141120,20141121,20141124,20141125,20141126,20141127,20141129,20141201 
Number is 94 
G.7.3_index_1_VS_G.5.5_index_3 [20] 
20141017,20141019,20141020,20141021,20141102,20141106,20141107,20141108,20141112,20141113,20141114,20141115,20141116,20141117,20141120,20141126,20141127,20141201 
Number is 98 
G.1.1_index_4_VS_G.5.1_index_2 [21] 
20141015,20141016,20141017,20141018,20141019,20141022,20141025,20141027,20141028,20141029,20141031,20141101,20141105,20141109,20141110,20141111,20141112,20141113,20141114,20141115,20141116,20141117,20141119,20141120,20141121,20141122,20141126,20141128,20141129,20141130,20141201,20141202 
