======== Current: 20141119 ========= 
Number is 00 
G.4.3_index_4_VS_G.5.3_index_4 [1] PLUS 1 
20141015,20141018,20141019,20141027,20141028,20141105,20141107,20141110,20141111,20141113,20141114,20141115,20141116,20141117,20141118,20141119,20141120,20141122,20141123,20141126,20141201,20141202 
Number is 01 
G.5.4_index_1_VS_G.7.3_index_2 [2] 
20141016,20141019,20141020,20141021,20141022,20141025,20141030,20141101,20141103,20141106,20141107,20141108,20141110,20141113,20141114,20141115,20141116,20141117,20141118,20141121,20141123,20141125,20141126,20141128,20141201,20141202 
Number is 08 
G.5.1_index_2_VS_G.1.1_index_3 [3] 
20141017,20141020,20141021,20141023,20141024,20141027,20141030,20141101,20141106,20141109,20141110,20141112,20141113,20141114,20141115,20141116,20141117,20141118,20141122,20141123,20141126,20141127,20141130,20141201,20141202 
Number is 19 
G.7.3_index_2_VS_G.3.5_index_1 [4] 
20141016,20141017,20141018,20141019,20141020,20141028,20141030,20141107,20141110,20141113,20141114,20141115,20141116,20141117,20141118,20141120,20141123,20141125,20141127 
Number is 21 
G.5.2_index_4_VS_G.7.3_index_2 [5] 
20141019,20141020,20141021,20141024,20141027,20141029,20141030,20141101,20141102,20141103,20141106,20141108,20141109,20141110,20141113,20141114,20141115,20141116,20141117,20141118,20141120,20141122,20141202 
Number is 23 
G.3.1_index_2_VS_G.7.1_index_2 [6] PLUS 1 
20141016,20141019,20141020,20141021,20141023,20141024,20141026,20141027,20141029,20141030,20141102,20141103,20141107,20141109,20141111,20141112,20141113,20141114,20141115,20141116,20141117,20141118,20141119,20141122,20141126,20141130,20141202 
Number is 25 
G.5.2_index_4_VS_G.6.1_index_3 [7] PLUS 1 
20141018,20141022,20141023,20141024,20141025,20141027,20141101,20141104,20141105,20141110,20141112,20141113,20141114,20141115,20141116,20141117,20141118,20141119,20141122,20141125,20141129,20141202 
Number is 64 
G.3.6_index_1_VS_G.6.2_index_1 [8] 
20141015,20141020,20141028,20141030,20141031,20141103,20141107,20141109,20141111,20141112,20141113,20141114,20141115,20141116,20141117,20141118,20141120,20141125,20141201,20141202 
Number is 65 
G.5.4_index_3_VS_G.4.2_index_1 [9] PLUS 1 
20141015,20141016,20141017,20141020,20141021,20141025,20141026,20141102,20141106,20141112,20141113,20141114,20141115,20141116,20141117,20141118,20141119,20141120,20141121,20141122,20141124,20141127,20141201,20141202 
Number is 70 
G.6.1_index_2_VS_G.5.6_index_2 [10] PLUS 1 
20141015,20141020,20141021,20141022,20141024,20141025,20141027,20141028,20141031,20141102,20141108,20141112,20141113,20141114,20141115,20141116,20141117,20141118,20141119,20141120,20141123,20141128,20141201 
Number is 77 
G.4.1_index_2_VS_G.3.1_index_3 [11] PLUS 1 
20141015,20141016,20141020,20141021,20141022,20141025,20141027,20141028,20141101,20141102,20141103,20141104,20141108,20141110,20141113,20141114,20141115,20141116,20141117,20141118,20141119,20141120,20141122,20141124,20141125 
Number is 81 
G.4.4_index_1_VS_G.5.4_index_4 [12] PLUS 1 
20141015,20141016,20141018,20141021,20141022,20141023,20141027,20141028,20141101,20141102,20141103,20141104,20141107,20141109,20141112,20141113,20141114,20141115,20141116,20141117,20141118,20141119,20141120,20141121,20141122,20141123,20141125,20141126,20141128 
Number is 94 
G.3.5_index_2_VS_G.6.3_index_1 [13] 
20141016,20141023,20141024,20141026,20141102,20141107,20141108,20141110,20141112,20141113,20141114,20141115,20141116,20141117,20141118,20141120,20141121,20141122,20141124,20141126,20141129 
