======== Current: 20141123 ========= 
Number is 00 
G.7.3_index_1_VS_G.DB_index_2 [1] 
20141017,20141019,20141021,20141024,20141026,20141030,20141101,20141106,20141107,20141111,20141113,20141117,20141118,20141119,20141120,20141121,20141122,20141124,20141125,20141127,20141201 
Number is 01 
G.7.3_index_1_VS_G.6.3_index_3 [2] 
20141015,20141018,20141021,20141022,20141025,20141026,20141029,20141031,20141101,20141105,20141110,20141111,20141113,20141117,20141118,20141119,20141120,20141121,20141122,20141125,20141126,20141128,20141201 
Number is 04 
G.4.1_index_2_VS_G.7.4_index_2 [3] PLUS 1 
20141015,20141017,20141019,20141021,20141027,20141031,20141101,20141106,20141107,20141108,20141109,20141113,20141117,20141118,20141119,20141120,20141121,20141122,20141123,20141124,20141126,20141127,20141130,20141201,20141202 
Number is 06 
G.5.2_index_4_VS_G.3.2_index_2 [4] 
20141018,20141019,20141023,20141024,20141025,20141028,20141031,20141103,20141106,20141110,20141111,20141114,20141115,20141117,20141118,20141119,20141120,20141121,20141122,20141125,20141127 
Number is 07 
G.7.3_index_1_VS_G.5.3_index_3 [5] 
20141015,20141019,20141022,20141027,20141030,20141031,20141105,20141106,20141107,20141109,20141110,20141117,20141118,20141119,20141120,20141121,20141122,20141126,20141127,20141129,20141202 
Number is 23 
G.4.3_index_1_VS_G.3.6_index_1 [6] 
20141022,20141024,20141026,20141027,20141030,20141108,20141117,20141118,20141119,20141120,20141121,20141122,20141128,20141129,20141130 
Number is 27 
G.7.1_index_1_VS_G.5.3_index_3 [7] 
20141015,20141019,20141021,20141024,20141026,20141028,20141029,20141030,20141031,20141102,20141104,20141105,20141108,20141110,20141117,20141118,20141119,20141120,20141121,20141122,20141126,20141127,20141130 
Number is 40 
G.4.4_index_4_VS_G.5.2_index_4 [8] PLUS 1 
20141018,20141019,20141023,20141028,20141103,20141104,20141105,20141108,20141110,20141112,20141113,20141116,20141117,20141118,20141119,20141120,20141121,20141122,20141123,20141128,20141129,20141201,20141202 
Number is 41 
G.7.4_index_2_VS_G.6.3_index_3 [9] 
20141018,20141019,20141024,20141025,20141026,20141031,20141102,20141103,20141104,20141105,20141106,20141108,20141113,20141117,20141118,20141119,20141120,20141121,20141122,20141125,20141130,20141202 
G.5.5_index_4_VS_G.3.5_index_5 [10] 
20141017,20141023,20141029,20141102,20141110,20141112,20141117,20141118,20141119,20141120,20141121,20141122,20141127,20141130,20141202 
Number is 47 
G.4.4_index_4_VS_G.5.3_index_4 [11] PLUS 1 
20141020,20141023,20141024,20141028,20141102,20141103,20141104,20141105,20141106,20141107,20141109,20141115,20141117,20141118,20141119,20141120,20141121,20141122,20141123,20141124,20141126,20141128,20141130,20141201,20141202 
Number is 51 
G.4.4_index_1_VS_G.5.4_index_4 [12] PLUS 1 
20141015,20141016,20141018,20141021,20141022,20141023,20141027,20141028,20141101,20141102,20141103,20141104,20141107,20141109,20141112,20141113,20141114,20141115,20141116,20141117,20141118,20141119,20141120,20141121,20141122,20141123,20141125,20141126,20141128 
Number is 53 
G.5.4_index_3_VS_G.4.2_index_1 [13] 
20141015,20141016,20141017,20141020,20141021,20141025,20141026,20141102,20141106,20141112,20141113,20141114,20141115,20141116,20141117,20141118,20141119,20141120,20141121,20141122,20141124,20141127,20141201,20141202 
Number is 56 
G.6.1_index_2_VS_G.4.3_index_4 [14] 
20141021,20141022,20141024,20141027,20141101,20141103,20141104,20141107,20141114,20141115,20141116,20141117,20141118,20141119,20141120,20141121,20141122,20141126,20141127,20141129,20141201 
Number is 59 
G.2.2_index_1_VS_G.5.1_index_2 [15] 
20141018,20141019,20141024,20141025,20141027,20141028,20141029,20141030,20141103,20141104,20141105,20141106,20141109,20141111,20141113,20141115,20141117,20141118,20141119,20141120,20141121,20141122,20141126,20141128,20141130,20141201 
Number is 70 
G.4.3_index_2_VS_G.5.2_index_4 [16] 
20141018,20141019,20141020,20141023,20141024,20141025,20141027,20141101,20141103,20141104,20141108,20141110,20141112,20141113,20141115,20141116,20141117,20141118,20141119,20141120,20141121,20141122,20141124,20141126,20141128,20141129,20141202 
Number is 71 
G.4.2_index_4_VS_G.1.1_index_1 [17] 
20141015,20141018,20141021,20141022,20141024,20141026,20141027,20141028,20141031,20141101,20141103,20141106,20141109,20141110,20141113,20141114,20141115,20141117,20141118,20141119,20141120,20141121,20141122,20141128,20141130,20141201 
G.7.2_index_1_VS_G.6.3_index_3 [18] 
20141015,20141018,20141019,20141029,20141101,20141104,20141111,20141115,20141116,20141117,20141118,20141119,20141120,20141121,20141122,20141126,20141128,20141129,20141130,20141202 
G.4.2_index_4_VS_G.1.1_index_3 [19] 
20141016,20141017,20141020,20141021,20141022,20141025,20141027,20141031,20141103,20141109,20141110,20141111,20141112,20141114,20141117,20141118,20141119,20141120,20141121,20141122,20141124,20141125,20141128,20141201 
Number is 80 
G.4.1_index_1_VS_G.4.1_index_2 [20] 
20141015,20141017,20141019,20141020,20141024,20141025,20141101,20141105,20141106,20141107,20141108,20141110,20141111,20141115,20141117,20141118,20141119,20141120,20141121,20141122,20141125,20141126,20141129,20141202 
Number is 81 
G.6.2_index_2_VS_G.6.3_index_3 [21] 
20141015,20141018,20141022,20141024,20141026,20141029,20141030,20141101,20141104,20141105,20141106,20141108,20141111,20141112,20141117,20141118,20141119,20141120,20141121,20141122,20141125,20141127,20141130,20141202 
Number is 85 
G.4.1_index_1_VS_G.5.4_index_3 [22] PLUS 1 
20141015,20141017,20141018,20141019,20141021,20141022,20141025,20141028,20141030,20141104,20141109,20141113,20141117,20141118,20141119,20141120,20141121,20141122,20141123,20141124,20141126,20141128,20141202 
Number is 92 
G.6.3_index_1_VS_G.4.3_index_1 [23] 
20141019,20141020,20141022,20141023,20141025,20141031,20141101,20141102,20141107,20141108,20141116,20141117,20141118,20141119,20141120,20141121,20141122,20141128,20141129,20141201 
Number is 93 
G.3.1_index_2_VS_G.4.2_index_1 [24] 
20141015,20141024,20141025,20141026,20141029,20141030,20141101,20141103,20141109,20141110,20141112,20141113,20141115,20141116,20141117,20141118,20141119,20141120,20141121,20141122,20141127,20141128 
Number is 94 
G.5.2_index_2_VS_G.7.1_index_2 [25] 
20141015,20141019,20141020,20141023,20141025,20141026,20141027,20141103,20141108,20141112,20141113,20141115,20141117,20141118,20141119,20141120,20141121,20141122,20141124,20141125,20141126,20141128,20141201 
Number is 98 
G.3.1_index_2_VS_G.3.6_index_4 [26] 
20141015,20141016,20141018,20141025,20141026,20141027,20141029,20141030,20141031,20141101,20141103,20141104,20141106,20141108,20141110,20141112,20141113,20141116,20141117,20141118,20141119,20141120,20141121,20141122,20141125,20141126,20141130 
