======== Current: 20141125 ========= 
Number is 00 
G.3.1_index_2_VS_G.5.3_index_4 [1] 
20141015,20141018,20141019,20141029,20141030,20141031,20141101,20141105,20141106,20141107,20141110,20141112,20141114,20141115,20141116,20141119,20141120,20141121,20141122,20141123,20141124,20141130,20141201 
Number is 01 
G.3.1_index_2_VS_G.4.3_index_2 [2] PLUS 1 
20141015,20141020,20141022,20141025,20141029,20141030,20141102,20141103,20141106,20141107,20141109,20141110,20141111,20141113,20141114,20141116,20141118,20141119,20141120,20141121,20141122,20141123,20141124,20141125,20141128,20141130,20141201 
Number is 04 
G.4.3_index_1_VS_G.3.1_index_1 [3] 
20141016,20141017,20141018,20141019,20141020,20141022,20141023,20141024,20141027,20141101,20141105,20141106,20141107,20141108,20141109,20141111,20141117,20141119,20141120,20141121,20141122,20141123,20141124,20141128,20141129,20141130 
Number is 17 
G.4.3_index_2_VS_G.5.5_index_4 [4] 
20141015,20141018,20141020,20141022,20141023,20141030,20141102,20141103,20141104,20141105,20141111,20141113,20141119,20141120,20141121,20141122,20141123,20141124,20141127,20141201,20141202 
G.3.6_index_5_VS_G.3.4_index_3 [5] 
20141015,20141017,20141019,20141022,20141023,20141024,20141025,20141027,20141028,20141030,20141101,20141103,20141104,20141105,20141108,20141109,20141111,20141113,20141114,20141115,20141119,20141120,20141121,20141122,20141123,20141124,20141129,20141201 
Number is 20 
G.1.1_index_4_VS_G.5.3_index_4 [6] PLUS 1 
20141015,20141022,20141028,20141030,20141113,20141118,20141119,20141120,20141121,20141122,20141123,20141124,20141125,20141129,20141130 
Number is 37 
G.DB_index_1_VS_G.3.4_index_3 [7] PLUS 1 
20141018,20141019,20141021,20141025,20141028,20141030,20141101,20141102,20141107,20141108,20141109,20141111,20141112,20141115,20141116,20141119,20141120,20141121,20141122,20141123,20141124,20141125,20141128,20141130,20141202 
Number is 38 
G.6.3_index_2_VS_G.1.1_index_1 [8] PLUS 1 
20141016,20141022,20141025,20141029,20141031,20141101,20141102,20141105,20141107,20141109,20141110,20141112,20141116,20141119,20141120,20141121,20141122,20141123,20141124,20141125,20141130 
Number is 39 
G.7.4_index_2_VS_G.4.4_index_1 [9] PLUS 1 
20141018,20141020,20141024,20141026,20141031,20141104,20141105,20141106,20141108,20141109,20141110,20141113,20141114,20141115,20141117,20141119,20141120,20141121,20141122,20141123,20141124,20141125,20141126,20141127,20141129,20141130,20141202 
Number is 48 
G.6.2_index_1_VS_G.5.3_index_3 [10] 
20141016,20141018,20141019,20141020,20141026,20141027,20141030,20141031,20141104,20141108,20141110,20141111,20141114,20141117,20141119,20141120,20141121,20141122,20141123,20141124,20141128,20141129 
Number is 53 
G.4.1_index_1_VS_G.5.4_index_3 [11] 
20141015,20141017,20141018,20141019,20141021,20141022,20141025,20141028,20141030,20141104,20141109,20141113,20141117,20141118,20141119,20141120,20141121,20141122,20141123,20141124,20141126,20141128,20141202 
G.4.1_index_2_VS_G.7.4_index_2 [12] 
20141015,20141017,20141019,20141021,20141027,20141031,20141101,20141106,20141107,20141108,20141109,20141113,20141117,20141118,20141119,20141120,20141121,20141122,20141123,20141124,20141126,20141127,20141130,20141201,20141202 
Number is 59 
G.2.2_index_5_VS_G.3.2_index_2 [13] PLUS 1 
20141016,20141017,20141019,20141020,20141022,20141023,20141024,20141026,20141028,20141030,20141105,20141106,20141110,20141111,20141112,20141115,20141119,20141120,20141121,20141122,20141123,20141124,20141125,20141126,20141127,20141130,20141202 
Number is 60 
G.4.4_index_4_VS_G.5.3_index_4 [14] 
20141020,20141023,20141024,20141028,20141102,20141103,20141104,20141105,20141106,20141107,20141109,20141115,20141117,20141118,20141119,20141120,20141121,20141122,20141123,20141124,20141126,20141128,20141130,20141201,20141202 
Number is 63 
G.3.6_index_2_VS_G.7.4_index_1 [15] 
20141015,20141016,20141018,20141025,20141026,20141027,20141029,20141030,20141101,20141102,20141103,20141104,20141105,20141106,20141109,20141111,20141113,20141117,20141119,20141120,20141121,20141122,20141123,20141124,20141126,20141127,20141201,20141202 
Number is 69 
G.6.1_index_2_VS_G.1.1_index_3 [16] PLUS 1 
20141015,20141018,20141021,20141024,20141028,20141030,20141101,20141103,20141104,20141110,20141111,20141112,20141114,20141116,20141119,20141120,20141121,20141122,20141123,20141124,20141125,20141130 
Number is 75 
G.1.1_index_5_VS_G.4.1_index_3 [17] PLUS 1 
20141018,20141020,20141025,20141026,20141028,20141101,20141103,20141106,20141108,20141109,20141110,20141111,20141112,20141113,20141115,20141118,20141119,20141120,20141121,20141122,20141123,20141124,20141125,20141127,20141129 
Number is 78 
G.3.2_index_1_VS_G.5.3_index_3 [18] 
20141021,20141026,20141027,20141031,20141101,20141104,20141108,20141114,20141115,20141119,20141120,20141121,20141122,20141123,20141124,20141129 
Number is 79 
G.DB_index_3_VS_G.1.1_index_3 [19] PLUS 1 
20141015,20141016,20141019,20141021,20141022,20141026,20141029,20141101,20141104,20141108,20141110,20141111,20141112,20141113,20141114,20141116,20141117,20141119,20141120,20141121,20141122,20141123,20141124,20141125,20141130,20141201,20141202 
Number is 86 
G.3.6_index_4_VS_G.5.3_index_2 [20] 
20141015,20141016,20141019,20141020,20141021,20141025,20141026,20141027,20141102,20141104,20141105,20141106,20141108,20141111,20141112,20141113,20141119,20141120,20141121,20141122,20141123,20141124,20141126,20141128,20141129,20141201 
Number is 88 
G.2.2_index_1_VS_G.5.4_index_4 [21] 
20141016,20141021,20141023,20141025,20141028,20141029,20141030,20141102,20141103,20141106,20141109,20141111,20141114,20141119,20141120,20141121,20141122,20141123,20141124,20141126,20141130 
Number is 90 
G.7.1_index_2_VS_G.DB_index_2 [22] 
20141016,20141017,20141018,20141019,20141020,20141022,20141023,20141024,20141029,20141030,20141031,20141101,20141105,20141108,20141109,20141111,20141112,20141114,20141119,20141120,20141121,20141122,20141123,20141124,20141127 
Number is 92 
G.6.3_index_3_VS_G.4.4_index_2 [23] PLUS 1 
20141018,20141020,20141021,20141022,20141027,20141028,20141030,20141101,20141104,20141106,20141107,20141108,20141119,20141120,20141121,20141122,20141123,20141124,20141125,20141127,20141130,20141201 
Number is 97 
G.7.1_index_2_VS_G.3.2_index_3 [24] PLUS 1 
20141015,20141016,20141018,20141022,20141026,20141027,20141029,20141101,20141103,20141105,20141108,20141110,20141113,20141115,20141116,20141119,20141120,20141121,20141122,20141123,20141124,20141125,20141126,20141128 
