======== Current: 20141127 ========= 
Number is 03 
G.5.3_index_1_VS_G.3.2_index_4 [1] 
20141017,20141018,20141019,20141023,20141026,20141027,20141031,20141101,20141102,20141105,20141108,20141110,20141115,20141116,20141120,20141121,20141122,20141123,20141124,20141125,20141126,20141128,20141201,20141202 
Number is 13 
G.5.1_index_3_VS_G.3.6_index_1 [2] PLUS 1 
20141015,20141020,20141021,20141022,20141023,20141104,20141106,20141108,20141109,20141110,20141112,20141115,20141121,20141122,20141123,20141124,20141125,20141126,20141127,20141128,20141201,20141202 
Number is 20 
G.6.1_index_3_VS_G.3.3_index_4 [3] 
20141015,20141017,20141018,20141020,20141021,20141025,20141026,20141027,20141031,20141104,20141105,20141110,20141112,20141113,20141115,20141117,20141118,20141120,20141121,20141122,20141123,20141124,20141125,20141126,20141128,20141129,20141130 
Number is 21 
G.3.5_index_1_VS_G.5.1_index_3 [4] 
20141018,20141019,20141022,20141023,20141026,20141027,20141028,20141108,20141112,20141115,20141116,20141118,20141120,20141121,20141122,20141123,20141124,20141125,20141126,20141129,20141201 
Number is 22 
G.3.5_index_1_VS_G.6.2_index_3 [5] 
20141018,20141019,20141022,20141024,20141026,20141028,20141107,20141111,20141112,20141113,20141115,20141120,20141121,20141122,20141123,20141124,20141125,20141126,20141129 
Number is 23 
G.7.1_index_2_VS_G.3.2_index_3 [6] 
20141015,20141016,20141018,20141022,20141026,20141027,20141029,20141101,20141103,20141105,20141108,20141110,20141113,20141115,20141116,20141119,20141120,20141121,20141122,20141123,20141124,20141125,20141126,20141128 
Number is 24 
G.7.1_index_2_VS_G.6.1_index_2 [7] PLUS 1 
20141021,20141025,20141027,20141028,20141101,20141102,20141105,20141107,20141109,20141114,20141115,20141116,20141117,20141118,20141120,20141121,20141122,20141123,20141124,20141125,20141126,20141127,20141201 
Number is 28 
G.4.1_index_3_VS_G.5.6_index_3 [8] 
20141016,20141018,20141020,20141101,20141102,20141104,20141105,20141107,20141111,20141114,20141120,20141121,20141122,20141123,20141124,20141125,20141126,20141128 
G.2.2_index_2_VS_G.2.1_index_5 [9] 
20141018,20141019,20141022,20141023,20141027,20141103,20141105,20141108,20141109,20141110,20141114,20141115,20141116,20141117,20141120,20141121,20141122,20141123,20141124,20141125,20141126,20141129,20141130,20141202 
Number is 32 
G.4.1_index_2_VS_G.7.1_index_2 [10] 
20141017,20141018,20141019,20141020,20141021,20141022,20141025,20141028,20141101,20141103,20141105,20141107,20141112,20141113,20141114,20141116,20141117,20141118,20141120,20141121,20141122,20141123,20141124,20141125,20141126,20141201 
Number is 35 
G.3.6_index_1_VS_G.5.4_index_1 [11] 
20141015,20141020,20141021,20141024,20141025,20141027,20141028,20141101,20141103,20141104,20141105,20141113,20141118,20141120,20141121,20141122,20141123,20141124,20141125,20141126,20141201 
Number is 46 
G.3.5_index_2_VS_G.3.3_index_3 [12] PLUS 1 
20141019,20141020,20141029,20141101,20141106,20141107,20141110,20141112,20141113,20141114,20141115,20141116,20141118,20141121,20141122,20141123,20141124,20141125,20141126,20141127,20141129,20141130,20141201,20141202 
Number is 50 
G.3.6_index_3_VS_G.5.4_index_2 [13] PLUS 1 
20141017,20141020,20141022,20141025,20141027,20141030,20141031,20141101,20141103,20141105,20141106,20141107,20141108,20141109,20141111,20141117,20141119,20141121,20141122,20141123,20141124,20141125,20141126,20141127,20141128,20141129,20141130,20141201 
Number is 52 
G.5.4_index_3_VS_G.3.5_index_1 [14] 
20141015,20141017,20141021,20141025,20141026,20141030,20141101,20141104,20141105,20141106,20141108,20141111,20141112,20141113,20141117,20141120,20141121,20141122,20141123,20141124,20141125,20141126,20141128,20141201 
G.1.1_index_4_VS_G.3.4_index_5 [15] 
20141015,20141021,20141029,20141030,20141101,20141103,20141104,20141105,20141106,20141107,20141110,20141115,20141117,20141121,20141122,20141123,20141124,20141125,20141126,20141129,20141202 
G.2.2_index_5_VS_G.7.1_index_2 [16] 
20141015,20141016,20141018,20141021,20141022,20141023,20141024,20141026,20141028,20141031,20141103,20141105,20141106,20141109,20141110,20141111,20141112,20141113,20141117,20141121,20141122,20141123,20141124,20141125,20141126,20141129,20141202 
G.5.4_index_1_VS_G.5.2_index_3 [17] 
20141015,20141018,20141021,20141023,20141025,20141028,20141029,20141101,20141105,20141106,20141109,20141110,20141114,20141115,20141116,20141121,20141122,20141123,20141124,20141125,20141126,20141129,20141201,20141202 
Number is 56 
G.2.1_index_2_VS_G.3.3_index_3 [18] 
20141015,20141019,20141024,20141025,20141027,20141028,20141030,20141105,20141106,20141107,20141108,20141109,20141113,20141121,20141122,20141123,20141124,20141125,20141126,20141130,20141201 
G.6.2_index_2_VS_G.3.3_index_3 [19] 
20141015,20141016,20141024,20141027,20141101,20141102,20141103,20141104,20141105,20141107,20141109,20141113,20141116,20141121,20141122,20141123,20141124,20141125,20141126,20141130 
Number is 57 
G.6.3_index_3_VS_G.5.5_index_2 [20] 
20141018,20141020,20141022,20141024,20141026,20141030,20141102,20141106,20141107,20141111,20141112,20141118,20141119,20141121,20141122,20141123,20141124,20141125,20141126,20141130,20141201 
Number is 58 
G.5.4_index_3_VS_G.5.4_index_4 [21] PLUS 1 
20141015,20141017,20141021,20141022,20141026,20141030,20141101,20141102,20141108,20141109,20141117,20141120,20141121,20141122,20141123,20141124,20141125,20141126,20141127,20141128,20141201 
G.2.2_index_5_VS_G.3.2_index_2 [22] PLUS 1 
20141016,20141017,20141019,20141020,20141022,20141023,20141024,20141026,20141028,20141030,20141105,20141106,20141110,20141111,20141112,20141115,20141119,20141120,20141121,20141122,20141123,20141124,20141125,20141126,20141127,20141130,20141202 
Number is 64 
G.3.1_index_4_VS_G.6.1_index_2 [23] PLUS 1 
20141017,20141021,20141023,20141024,20141025,20141028,20141031,20141102,20141103,20141106,20141107,20141111,20141113,20141116,20141117,20141121,20141122,20141123,20141124,20141125,20141126,20141127,20141128 
Number is 73 
G.7.3_index_1_VS_G.3.2_index_3 [24] PLUS 1 
20141018,20141020,20141022,20141031,20141102,20141105,20141107,20141108,20141116,20141118,20141119,20141121,20141122,20141123,20141124,20141125,20141126,20141127,20141128,20141130 
Number is 74 
G.7.4_index_2_VS_G.4.4_index_1 [25] PLUS 1 
20141018,20141020,20141024,20141026,20141031,20141104,20141105,20141106,20141108,20141109,20141110,20141113,20141114,20141115,20141117,20141119,20141120,20141121,20141122,20141123,20141124,20141125,20141126,20141127,20141129,20141130,20141202 
Number is 82 
G.5.4_index_4_VS_G.4.1_index_3 [26] 
20141015,20141017,20141020,20141022,20141025,20141027,20141028,20141030,20141102,20141103,20141104,20141109,20141112,20141114,20141115,20141120,20141121,20141122,20141123,20141124,20141125,20141126 
Number is 85 
G.4.2_index_1_VS_G.5.4_index_1 [27] PLUS 1 
20141017,20141027,20141028,20141029,20141030,20141104,20141106,20141107,20141111,20141112,20141118,20141121,20141122,20141123,20141124,20141125,20141126,20141127,20141129 
Number is 88 
G.2.1_index_5_VS_G.1.1_index_3 [28] PLUS 1 
20141015,20141016,20141022,20141029,20141030,20141101,20141102,20141104,20141107,20141109,20141110,20141111,20141119,20141121,20141122,20141123,20141124,20141125,20141126,20141127,20141129,20141201,20141202 
Number is 89 
G.5.4_index_4_VS_G.1.1_index_2 [29] 
20141015,20141016,20141017,20141019,20141024,20141027,20141028,20141101,20141102,20141103,20141104,20141112,20141118,20141120,20141121,20141122,20141123,20141124,20141125,20141126 
Number is 92 
G.5.5_index_3_VS_G.4.1_index_3 [30] PLUS 1 
20141017,20141019,20141023,20141025,20141026,20141028,20141031,20141103,20141104,20141105,20141106,20141109,20141110,20141111,20141113,20141114,20141115,20141117,20141121,20141122,20141123,20141124,20141125,20141126,20141127 
Number is 99 
G.1.1_index_2_VS_G.5.5_index_3 [31] PLUS 1 
20141017,20141020,20141022,20141023,20141025,20141026,20141028,20141030,20141102,20141106,20141108,20141109,20141111,20141114,20141116,20141117,20141118,20141120,20141121,20141122,20141123,20141124,20141125,20141126,20141127 
