======== Current: 20141128 ========= 
Number is 00 
G.4.4_index_1_VS_G.5.1_index_3 [1] PLUS 1 
20141018,20141021,20141023,20141024,20141025,20141026,20141027,20141028,20141101,20141102,20141103,20141106,20141107,20141109,20141112,20141115,20141119,20141120,20141122,20141123,20141124,20141125,20141126,20141127,20141128,20141201,20141202 
Number is 03 
G.5.1_index_3_VS_G.3.6_index_1 [2] PLUS 1 
20141015,20141020,20141021,20141022,20141023,20141104,20141106,20141108,20141109,20141110,20141112,20141115,20141121,20141122,20141123,20141124,20141125,20141126,20141127,20141128,20141201,20141202 
Number is 06 
G.4.4_index_1_VS_G.5.5_index_3 [3] 
20141015,20141018,20141020,20141022,20141024,20141026,20141030,20141103,20141104,20141105,20141107,20141111,20141113,20141114,20141115,20141116,20141118,20141120,20141122,20141123,20141124,20141125,20141126,20141127,20141129,20141201 
Number is 14 
G.7.3_index_1_VS_G.3.2_index_3 [4] PLUS 1 
20141018,20141020,20141022,20141031,20141102,20141105,20141107,20141108,20141116,20141118,20141119,20141121,20141122,20141123,20141124,20141125,20141126,20141127,20141128,20141130 
Number is 19 
G.7.3_index_1_VS_G.DB_index_5 [5] 
20141017,20141018,20141022,20141029,20141030,20141031,20141102,20141103,20141107,20141110,20141112,20141117,20141122,20141123,20141124,20141125,20141126,20141127,20141201,20141202 
Number is 32 
G.3.3_index_3_VS_G.3.4_index_3 [6] PLUS 1 
20141016,20141019,20141023,20141028,20141103,20141104,20141106,20141107,20141110,20141111,20141116,20141118,20141122,20141123,20141124,20141125,20141126,20141127,20141128,20141202 
Number is 35 
G.7.4_index_1_VS_G.3.4_index_2 [7] 
20141018,20141020,20141023,20141024,20141028,20141029,20141031,20141101,20141105,20141106,20141108,20141111,20141114,20141120,20141122,20141123,20141124,20141125,20141126,20141127,20141202 
G.3.3_index_1_VS_G.6.1_index_3 [8] 
20141018,20141020,20141021,20141022,20141026,20141030,20141108,20141109,20141111,20141112,20141114,20141115,20141117,20141122,20141123,20141124,20141125,20141126,20141127,20141129,20141130 
Number is 36 
G.1.1_index_2_VS_G.5.5_index_3 [9] 
20141017,20141020,20141022,20141023,20141025,20141026,20141028,20141030,20141102,20141106,20141108,20141109,20141111,20141114,20141116,20141117,20141118,20141120,20141121,20141122,20141123,20141124,20141125,20141126,20141127 
Number is 37 
G.1.1_index_2_VS_G.1.1_index_1 [10] 
20141016,20141019,20141021,20141022,20141026,20141030,20141031,20141101,20141102,20141106,20141108,20141109,20141111,20141113,20141114,20141117,20141119,20141122,20141123,20141124,20141125,20141126,20141127 
G.4.2_index_1_VS_G.5.4_index_1 [11] 
20141017,20141027,20141028,20141029,20141030,20141104,20141106,20141107,20141111,20141112,20141118,20141121,20141122,20141123,20141124,20141125,20141126,20141127,20141129 
G.4.3_index_2_VS_G.7.4_index_2 [12] 
20141018,20141019,20141025,20141101,20141102,20141103,20141107,20141108,20141109,20141111,20141113,20141114,20141117,20141119,20141120,20141122,20141123,20141124,20141125,20141126,20141127,20141130 
Number is 42 
G.4.4_index_3_VS_G.3.4_index_3 [13] 
20141015,20141018,20141019,20141020,20141028,20141029,20141101,20141102,20141103,20141104,20141105,20141108,20141109,20141110,20141111,20141114,20141115,20141119,20141122,20141123,20141124,20141125,20141126,20141127,20141129,20141130 
G.2.1_index_5_VS_G.1.1_index_3 [14] 
20141015,20141016,20141022,20141029,20141030,20141101,20141102,20141104,20141107,20141109,20141110,20141111,20141119,20141121,20141122,20141123,20141124,20141125,20141126,20141127,20141129,20141201,20141202 
Number is 43 
G.3.3_index_4_VS_G.1.1_index_2 [15] 
20141015,20141017,20141018,20141019,20141020,20141021,20141022,20141023,20141025,20141026,20141104,20141105,20141107,20141111,20141112,20141114,20141119,20141122,20141123,20141124,20141125,20141126,20141127,20141129,20141130 
Number is 44 
G.2.1_index_2_VS_G.3.3_index_4 [16] 
20141015,20141016,20141018,20141019,20141020,20141023,20141024,20141031,20141106,20141107,20141108,20141113,20141116,20141118,20141120,20141122,20141123,20141124,20141125,20141126,20141127 
Number is 47 
G.3.3_index_4_VS_G.5.4_index_3 [17] PLUS 1 
20141015,20141016,20141018,20141020,20141023,20141025,20141026,20141027,20141102,20141104,20141105,20141108,20141109,20141110,20141111,20141118,20141122,20141123,20141124,20141125,20141126,20141127,20141128,20141201 
Number is 48 
G.2.1_index_5_VS_G.3.2_index_5 [18] 
20141015,20141017,20141018,20141019,20141020,20141021,20141023,20141025,20141030,20141031,20141102,20141105,20141107,20141108,20141116,20141118,20141119,20141122,20141123,20141124,20141125,20141126,20141127,20141129,20141130 
Number is 63 
G.3.5_index_2_VS_G.3.3_index_3 [19] 
20141019,20141020,20141029,20141101,20141106,20141107,20141110,20141112,20141113,20141114,20141115,20141116,20141118,20141121,20141122,20141123,20141124,20141125,20141126,20141127,20141129,20141130,20141201,20141202 
Number is 64 
G.5.6_index_1_VS_G.6.2_index_2 [20] 
20141018,20141020,20141021,20141022,20141024,20141027,20141030,20141103,20141104,20141106,20141107,20141108,20141109,20141113,20141114,20141115,20141120,20141122,20141123,20141124,20141125,20141126,20141127 
G.5.5_index_3_VS_G.4.1_index_3 [21] 
20141017,20141019,20141023,20141025,20141026,20141028,20141031,20141103,20141104,20141105,20141106,20141109,20141110,20141111,20141113,20141114,20141115,20141117,20141121,20141122,20141123,20141124,20141125,20141126,20141127 
Number is 70 
G.7.4_index_2_VS_G.4.4_index_1 [22] 
20141018,20141020,20141024,20141026,20141031,20141104,20141105,20141106,20141108,20141109,20141110,20141113,20141114,20141115,20141117,20141119,20141120,20141121,20141122,20141123,20141124,20141125,20141126,20141127,20141129,20141130,20141202 
G.7.1_index_2_VS_G.6.1_index_2 [23] 
20141021,20141025,20141027,20141028,20141101,20141102,20141105,20141107,20141109,20141114,20141115,20141116,20141117,20141118,20141120,20141121,20141122,20141123,20141124,20141125,20141126,20141127,20141201 
Number is 77 
G.3.6_index_3_VS_G.5.4_index_2 [24] PLUS 1 
20141017,20141020,20141022,20141025,20141027,20141030,20141031,20141101,20141103,20141105,20141106,20141107,20141108,20141109,20141111,20141117,20141119,20141121,20141122,20141123,20141124,20141125,20141126,20141127,20141128,20141129,20141130,20141201 
Number is 78 
G.7.4_index_2_VS_G.2.2_index_1 [25] 
20141015,20141019,20141020,20141022,20141024,20141025,20141029,20141031,20141104,20141105,20141106,20141107,20141108,20141111,20141112,20141113,20141117,20141118,20141120,20141122,20141123,20141124,20141125,20141126,20141127,20141130,20141202 
Number is 79 
G.5.4_index_3_VS_G.5.4_index_4 [26] PLUS 1 
20141015,20141017,20141021,20141022,20141026,20141030,20141101,20141102,20141108,20141109,20141117,20141120,20141121,20141122,20141123,20141124,20141125,20141126,20141127,20141128,20141201 
Number is 84 
G.2.2_index_5_VS_G.3.2_index_2 [27] 
20141016,20141017,20141019,20141020,20141022,20141023,20141024,20141026,20141028,20141030,20141105,20141106,20141110,20141111,20141112,20141115,20141119,20141120,20141121,20141122,20141123,20141124,20141125,20141126,20141127,20141130,20141202 
Number is 90 
G.3.1_index_4_VS_G.6.1_index_2 [28] PLUS 1 
20141017,20141021,20141023,20141024,20141025,20141028,20141031,20141102,20141103,20141106,20141107,20141111,20141113,20141116,20141117,20141121,20141122,20141123,20141124,20141125,20141126,20141127,20141128 
Number is 97 
G.3.1_index_4_VS_G.4.2_index_4 [29] PLUS 1 
20141018,20141024,20141025,20141026,20141102,20141105,20141106,20141107,20141110,20141111,20141115,20141119,20141120,20141122,20141123,20141124,20141125,20141126,20141127,20141128,20141129,20141130,20141201 
