======== Current: 20141130 ========= 
Number is 14 
G.3.2_index_2_VS_G.5.4_index_1 [1] 
20141018,20141019,20141021,20141023,20141027,20141028,20141029,20141105,20141106,20141110,20141111,20141112,20141114,20141116,20141118,20141123,20141124,20141125,20141126,20141127,20141128,20141129,20141202 
Number is 22 
G.3.3_index_1_VS_G.4.4_index_1 [2] 
20141022,20141025,20141026,20141027,20141030,20141102,20141103,20141104,20141109,20141110,20141111,20141113,20141114,20141115,20141119,20141120,20141124,20141125,20141126,20141127,20141128,20141129 
Number is 24 
G.4.4_index_1_VS_G.3.4_index_4 [3] 
20141015,20141016,20141021,20141025,20141103,20141104,20141105,20141106,20141107,20141111,20141113,20141114,20141115,20141116,20141118,20141120,20141121,20141124,20141125,20141126,20141127,20141128,20141129 
Number is 28 
G.3.6_index_4_VS_G.2.1_index_3 [4] 
20141015,20141016,20141019,20141020,20141023,20141025,20141027,20141029,20141030,20141101,20141103,20141107,20141110,20141111,20141112,20141114,20141116,20141119,20141124,20141125,20141126,20141127,20141128,20141129 
Number is 32 
G.5.5_index_1_VS_G.4.3_index_1 [5] 
20141015,20141018,20141021,20141022,20141026,20141029,20141104,20141111,20141114,20141119,20141121,20141122,20141124,20141125,20141126,20141127,20141128,20141129,20141201 
Number is 35 
G.7.1_index_2_VS_G.3.1_index_4 [6] 
20141016,20141017,20141019,20141020,20141021,20141024,20141027,20141030,20141104,20141108,20141111,20141112,20141115,20141117,20141118,20141124,20141125,20141126,20141127,20141128,20141129,20141201,20141202 
Number is 42 
G.5.1_index_3_VS_G.3.3_index_1 [7] 
20141017,20141018,20141020,20141021,20141022,20141024,20141025,20141026,20141027,20141029,20141101,20141102,20141104,20141105,20141107,20141108,20141109,20141110,20141111,20141115,20141118,20141122,20141124,20141125,20141126,20141127,20141128,20141129 
Number is 51 
G.3.1_index_4_VS_G.4.2_index_4 [8] PLUS 1 
20141018,20141024,20141025,20141026,20141102,20141105,20141106,20141107,20141110,20141111,20141115,20141119,20141120,20141122,20141123,20141124,20141125,20141126,20141127,20141128,20141129,20141130,20141201 
Number is 52 
G.2.2_index_2_VS_G.4.4_index_1 [9] PLUS 1 
20141015,20141016,20141020,20141023,20141024,20141027,20141030,20141106,20141110,20141111,20141112,20141114,20141120,20141121,20141123,20141124,20141125,20141126,20141127,20141128,20141129,20141130,20141202 
Number is 63 
G.DB_index_4_VS_G.3.6_index_5 [10] 
20141016,20141025,20141026,20141029,20141031,20141101,20141106,20141108,20141110,20141113,20141117,20141118,20141120,20141121,20141124,20141125,20141126,20141127,20141128,20141129,20141201 
Number is 65 
G.1.1_index_2_VS_G.2.2_index_4 [11] PLUS 1 
20141015,20141017,20141019,20141020,20141021,20141023,20141028,20141029,20141031,20141102,20141106,20141107,20141111,20141112,20141113,20141115,20141124,20141125,20141126,20141127,20141128,20141129,20141130,20141202 
Number is 68 
G.1.1_index_2_VS_G.2.1_index_3 [12] PLUS 1 
20141016,20141019,20141021,20141022,20141025,20141026,20141028,20141029,20141030,20141031,20141102,20141104,20141107,20141110,20141111,20141112,20141113,20141114,20141121,20141124,20141125,20141126,20141127,20141128,20141129,20141130,20141202 
Number is 81 
G.5.4_index_3_VS_G.3.2_index_2 [13] 
20141015,20141016,20141017,20141018,20141019,20141021,20141025,20141026,20141104,20141106,20141109,20141110,20141111,20141112,20141115,20141118,20141120,20141121,20141124,20141125,20141126,20141127,20141128,20141129 
Number is 82 
G.3.1_index_3_VS_G.4.4_index_1 [14] 
20141015,20141018,20141019,20141024,20141025,20141101,20141102,20141103,20141104,20141105,20141107,20141108,20141111,20141112,20141113,20141115,20141116,20141117,20141118,20141119,20141120,20141121,20141123,20141124,20141125,20141126,20141127,20141128,20141129,20141201 
Number is 85 
G.2.1_index_3_VS_G.2.2_index_4 [15] 
20141015,20141016,20141017,20141019,20141023,20141024,20141025,20141028,20141030,20141102,20141104,20141105,20141107,20141109,20141110,20141111,20141113,20141116,20141124,20141125,20141126,20141127,20141128,20141129 
G.7.3_index_1_VS_G.5.6_index_4 [16] 
20141015,20141018,20141021,20141025,20141105,20141106,20141107,20141115,20141117,20141120,20141121,20141124,20141125,20141126,20141127,20141128,20141129,20141202 
G.7.3_index_1_VS_G.DB_index_1 [17] 
20141015,20141016,20141019,20141020,20141024,20141025,20141026,20141031,20141101,20141103,20141105,20141107,20141113,20141115,20141117,20141120,20141121,20141124,20141125,20141126,20141127,20141128,20141129,20141201 
Number is 86 
G.3.6_index_3_VS_G.5.4_index_2 [18] PLUS 1 
20141017,20141020,20141022,20141025,20141027,20141030,20141031,20141101,20141103,20141105,20141106,20141107,20141108,20141109,20141111,20141117,20141119,20141121,20141122,20141123,20141124,20141125,20141126,20141127,20141128,20141129,20141130,20141201 
