======== Current: 20130601 ========= 
Number is 04 
G.1.1_index_3_VS_G.1.1_index_5 [1] PLUS 1 
Ngay: 20130524,20130526,20130527,20130528,20130529,20130530,20130531,20130601,20130602,20130603,20130606,20130608,20130609,20130612,20130613,20130616,20130618,20130621,20130625,20130626,20130628,20130629 
Number is 07 
G.3.2_index_2_VS_G.3.2_index_3 [2] PLUS 1 
Ngay: 20130524,20130526,20130527,20130528,20130529,20130530,20130531,20130601,20130602,20130603,20130605,20130607,20130610,20130611,20130614,20130615,20130617,20130618,20130623,20130625,20130626,20130627 
Number is 12 
G.6.2_index_2_VS_G.6.1_index_1 [3] 
Ngay: 20130526,20130527,20130528,20130529,20130530,20130531,20130602,20130607,20130608,20130609,20130610,20130612,20130614,20130616,20130619,20130622,20130623,20130626,20130627 
Number is 27 
G.4.3_index_2_VS_G.3.3_index_3 [4] 
Ngay: 20130526,20130527,20130528,20130529,20130530,20130531,20130602,20130604,20130605,20130606,20130611,20130613,20130614,20130617,20130619,20130620,20130624,20130625,20130627,20130629 
Number is 28 
G.3.5_index_4_VS_G.5.5_index_3 [5] PLUS 1 
Ngay: 20130525,20130526,20130527,20130528,20130529,20130530,20130531,20130601,20130602,20130608,20130612,20130616,20130618,20130620,20130622,20130624,20130629 
Number is 33 
G.6.2_index_1_VS_G.5.5_index_4 [6] 
Ngay: 20130524,20130525,20130526,20130527,20130528,20130529,20130530,20130531,20130602,20130605,20130606,20130608,20130609,20130612,20130614,20130616,20130619,20130620,20130621,20130622,20130623,20130625,20130626,20130629 
G.5.5_index_4_VS_G.3.4_index_2 [7] 
Ngay: 20130524,20130526,20130527,20130528,20130529,20130530,20130531,20130604,20130606,20130609,20130620,20130621,20130625 
Number is 40 
G.3.1_index_2_VS_G.7.1_index_2 [8] PLUS 1 
Ngay: 20130526,20130527,20130528,20130529,20130530,20130531,20130601,20130603,20130604,20130607,20130611,20130612,20130614,20130616,20130617,20130622,20130624 
Number is 49 
G.1.1_index_5_VS_G.4.2_index_1 [9] 
Ngay: 20130524,20130525,20130526,20130527,20130528,20130529,20130530,20130531,20130607,20130612,20130614,20130615,20130618,20130619,20130620,20130622,20130626,20130629 
Number is 55 
G.2.2_index_1_VS_G.2.1_index_5 [10] PLUS 1 
Ngay: 20130526,20130527,20130528,20130529,20130530,20130531,20130601,20130605,20130610,20130614,20130620,20130623,20130624,20130625,20130626,20130628 
Number is 61 
G.4.1_index_2_VS_G.1.1_index_4 [11] 
Ngay: 20130524,20130526,20130527,20130528,20130529,20130530,20130531,20130604,20130606,20130608,20130609,20130612,20130615,20130618,20130620,20130621,20130623,20130625,20130627 
Number is 68 
G.2.2_index_5_VS_G.6.1_index_2 [12] 
Ngay: 20130524,20130525,20130526,20130527,20130528,20130529,20130530,20130531,20130602,20130603,20130604,20130606,20130607,20130608,20130609,20130611,20130612,20130613,20130616,20130618,20130619,20130621,20130622,20130624,20130625,20130627,20130629 
Number is 74 
G.3.2_index_3_VS_G.1.1_index_5 [13] PLUS 1 
Ngay: 20130524,20130526,20130527,20130528,20130529,20130530,20130531,20130601,20130602,20130603,20130604,20130609,20130610,20130614,20130615,20130616,20130617,20130618,20130619,20130621,20130622,20130625,20130629 
Number is 78 
G.3.3_index_3_VS_G.5.4_index_3 [14] PLUS 1 
Ngay: 20130524,20130526,20130527,20130528,20130529,20130530,20130531,20130601,20130603,20130607,20130608,20130610,20130612,20130613,20130614,20130615,20130616,20130618,20130619,20130622,20130623,20130628 
Number is 88 
G.7.4_index_2_VS_G.7.3_index_2 [15] 
Ngay: 20130526,20130527,20130528,20130529,20130530,20130531,20130602,20130604,20130605,20130606,20130608,20130611,20130613,20130614,20130616,20130619,20130620,20130623,20130625,20130626,20130627,20130628 
Number is 89 
G.4.1_index_1_VS_G.3.4_index_4 [16] 
Ngay: 20130525,20130526,20130527,20130528,20130529,20130530,20130531,20130602,20130603,20130604,20130605,20130610,20130613,20130616,20130619,20130622,20130623,20130626,20130627,20130629 
