======== Current: 20130604 ========= 
Number is 01 
G.3.2_index_3_VS_G.5.5_index_4 [1] 
Ngay: 20130525,20130527,20130529,20130530,20130531,20130601,20130602,20130603,20130605,20130606,20130608,20130610,20130612,20130615,20130616,20130617,20130618,20130624,20130627,20130628 
Number is 04 
G.3.2_index_3_VS_G.1.1_index_5 [2] PLUS 1 
Ngay: 20130524,20130526,20130527,20130528,20130529,20130530,20130531,20130601,20130602,20130603,20130604,20130609,20130610,20130614,20130615,20130616,20130617,20130618,20130619,20130621,20130622,20130625,20130629 
G.7.3_index_1_VS_G.3.3_index_2 [3] PLUS 1 
Ngay: 20130526,20130529,20130530,20130531,20130601,20130602,20130603,20130604,20130608,20130610,20130611,20130614,20130616,20130617,20130620,20130621,20130623,20130624,20130627,20130629 
Number is 08 
G.3.6_index_1_VS_G.4.3_index_2 [4] PLUS 1 
Ngay: 20130527,20130529,20130530,20130531,20130601,20130602,20130603,20130604,20130606,20130609,20130610,20130611,20130614,20130616,20130618,20130619,20130621,20130623,20130624,20130628 
Number is 11 
G.5.5_index_4_VS_G.2.1_index_5 [5] 
Ngay: 20130524,20130527,20130529,20130530,20130531,20130601,20130602,20130603,20130606,20130609,20130614,20130615,20130616,20130618,20130620,20130621,20130624,20130626,20130627,20130629 
Number is 19 
G.5.5_index_4_VS_G.5.4_index_4 [6] 
Ngay: 20130527,20130529,20130530,20130531,20130601,20130602,20130603,20130614,20130615,20130617,20130621,20130622,20130626 
Number is 28 
G.5.1_index_2_VS_G.3.4_index_1 [7] 
Ngay: 20130524,20130525,20130526,20130528,20130529,20130530,20130531,20130601,20130602,20130603,20130610,20130612,20130613,20130620,20130628 
Number is 46 
G.3.5_index_2_VS_G.3.1_index_2 [8] 
Ngay: 20130526,20130527,20130529,20130530,20130531,20130601,20130602,20130603,20130608,20130612,20130616,20130618,20130620,20130621,20130623,20130624,20130628 
G.7.2_index_2_VS_G.5.3_index_2 [9] 
Ngay: 20130526,20130527,20130529,20130530,20130531,20130601,20130602,20130603,20130607,20130608,20130609,20130610,20130611,20130612,20130614,20130616,20130619,20130620,20130622,20130624,20130625,20130629 
Number is 48 
G.1.1_index_5_VS_G.4.3_index_2 [10] 
Ngay: 20130525,20130527,20130528,20130529,20130530,20130531,20130601,20130602,20130603,20130608,20130612,20130614,20130615,20130618,20130620,20130622,20130623,20130625,20130626,20130627,20130628,20130629 
Number is 50 
G.3.2_index_2_VS_G.3.2_index_3 [11] 
Ngay: 20130524,20130526,20130527,20130528,20130529,20130530,20130531,20130601,20130602,20130603,20130605,20130607,20130610,20130611,20130614,20130615,20130617,20130618,20130623,20130625,20130626,20130627 
Number is 57 
G.3.6_index_5_VS_G.5.2_index_4 [12] PLUS 1 
Ngay: 20130525,20130526,20130527,20130529,20130530,20130531,20130601,20130602,20130603,20130604,20130606,20130608,20130610,20130611,20130613,20130615,20130617,20130619,20130620,20130621,20130622,20130623,20130624 
Number is 60 
G.6.3_index_2_VS_G.1.1_index_2 [13] 
Ngay: 20130529,20130530,20130531,20130601,20130602,20130603,20130608,20130612,20130613,20130614,20130619,20130621,20130623,20130624,20130626 
Number is 61 
G.6.3_index_2_VS_G.4.1_index_3 [14] 
Ngay: 20130524,20130525,20130528,20130529,20130530,20130531,20130601,20130602,20130603,20130605,20130610,20130612,20130614,20130617,20130619,20130621,20130623,20130624,20130628 
Number is 65 
G.4.2_index_4_VS_G.4.4_index_4 [15] 
Ngay: 20130529,20130530,20130531,20130601,20130602,20130603,20130605,20130607,20130612,20130614,20130615,20130618,20130619,20130622,20130624,20130625,20130628,20130629 
G.5.4_index_3_VS_G.4.2_index_2 [16] 
Ngay: 20130525,20130529,20130530,20130531,20130601,20130602,20130603,20130605,20130606,20130608,20130609,20130612,20130615,20130617,20130618,20130619,20130625,20130626,20130628,20130629 
Number is 66 
G.3.3_index_3_VS_G.4.2_index_4 [17] 
Ngay: 20130524,20130525,20130527,20130528,20130529,20130530,20130531,20130601,20130602,20130603,20130605,20130607,20130609,20130610,20130614,20130615,20130622,20130624 
Number is 68 
G.4.2_index_4_VS_G.3.4_index_1 [18] PLUS 1 
Ngay: 20130524,20130525,20130527,20130529,20130530,20130531,20130601,20130602,20130603,20130604,20130606,20130607,20130608,20130612,20130614,20130616,20130619,20130622,20130624,20130628,20130629 
Number is 69 
G.3.1_index_2_VS_G.5.4_index_4 [19] PLUS 1 
Ngay: 20130524,20130525,20130527,20130529,20130530,20130531,20130601,20130602,20130603,20130604,20130605,20130607,20130608,20130611,20130613,20130614,20130615,20130616,20130620,20130621,20130623,20130627 
Number is 76 
G.4.4_index_2_VS_G.3.1_index_1 [20] PLUS 1 
Ngay: 20130524,20130527,20130528,20130529,20130530,20130531,20130601,20130602,20130603,20130604,20130611,20130615,20130617,20130618,20130619,20130622,20130623,20130625,20130629 
Number is 81 
G.3.6_index_4_VS_G.5.5_index_4 [21] PLUS 1 
Ngay: 20130525,20130526,20130527,20130529,20130530,20130531,20130601,20130602,20130603,20130604,20130605,20130608,20130614,20130615,20130616,20130618,20130619,20130620,20130625,20130626,20130627,20130628 
Number is 87 
G.7.1_index_2_VS_G.DB_index_1 [22] PLUS 1 
Ngay: 20130524,20130525,20130526,20130527,20130529,20130530,20130531,20130601,20130602,20130603,20130604,20130605,20130609,20130612,20130615,20130616,20130619,20130620,20130622,20130624 
Number is 94 
G.1.1_index_3_VS_G.1.1_index_5 [23] 
Ngay: 20130524,20130526,20130527,20130528,20130529,20130530,20130531,20130601,20130602,20130603,20130606,20130608,20130609,20130612,20130613,20130616,20130618,20130621,20130625,20130626,20130628,20130629 
Number is 96 
G.3.5_index_3_VS_G.3.3_index_3 [24] PLUS 1 
Ngay: 20130524,20130526,20130529,20130530,20130531,20130601,20130602,20130603,20130604,20130608,20130609,20130610,20130612,20130613,20130620,20130621,20130627 
G.5.2_index_2_VS_G.5.3_index_4 [25] PLUS 1 
Ngay: 20130529,20130530,20130531,20130601,20130602,20130603,20130604,20130607,20130608,20130612,20130613,20130614,20130615,20130621,20130622,20130623,20130624,20130625,20130626 
Number is 99 
G.DB_index_4_VS_G.3.2_index_4 [26] 
Ngay: 20130529,20130530,20130531,20130601,20130602,20130603,20130605,20130609,20130613,20130614,20130616,20130617,20130620,20130622,20130624,20130625,20130627,20130628 
