======== Current: 20130615 ========= 
Number is 05 
G.6.2_index_2_VS_G.7.2_index_1 [1] 
Ngay: 20130525,20130526,20130530,20130531,20130605,20130608,20130609,20130610,20130611,20130612,20130613,20130614,20130616,20130619,20130620,20130622 
G.5.6_index_3_VS_G.7.2_index_1 [2] 
Ngay: 20130527,20130529,20130603,20130604,20130605,20130607,20130609,20130610,20130611,20130612,20130613,20130614,20130619,20130620,20130621,20130623,20130628 
Number is 09 
G.3.6_index_1_VS_G.4.3_index_4 [3] 
Ngay: 20130527,20130530,20130602,20130607,20130609,20130610,20130611,20130612,20130613,20130614,20130616,20130618,20130621,20130622,20130624,20130625,20130628 
Number is 25 
G.3.1_index_4_VS_G.5.6_index_2 [4] 
Ngay: 20130524,20130525,20130528,20130531,20130601,20130603,20130604,20130609,20130610,20130611,20130612,20130613,20130614,20130616,20130620,20130621,20130622,20130623,20130625,20130627,20130628 
Number is 29 
G.2.2_index_4_VS_G.6.3_index_2 [5] 
Ngay: 20130524,20130526,20130529,20130530,20130601,20130604,20130608,20130609,20130610,20130611,20130612,20130613,20130614,20130620,20130623,20130624,20130627 
G.5.5_index_2_VS_G.4.3_index_4 [6] 
Ngay: 20130526,20130530,20130602,20130608,20130609,20130610,20130611,20130612,20130613,20130614,20130620,20130622,20130623,20130626,20130627,20130628 
Number is 30 
G.7.3_index_2_VS_G.6.2_index_2 [7] PLUS 1 
Ngay: 20130525,20130529,20130530,20130601,20130602,20130604,20130605,20130607,20130609,20130610,20130611,20130612,20130613,20130614,20130615,20130617,20130620,20130621,20130622,20130627,20130628,20130629 
Number is 31 
G.5.2_index_3_VS_G.DB_index_4 [8] 
Ngay: 20130525,20130526,20130527,20130528,20130529,20130601,20130602,20130603,20130604,20130605,20130609,20130610,20130611,20130612,20130613,20130614,20130616,20130617,20130619,20130621,20130622,20130623,20130625,20130626,20130628 
Number is 34 
G.6.1_index_3_VS_G.1.1_index_4 [9] 
Ngay: 20130529,20130531,20130606,20130609,20130610,20130611,20130612,20130613,20130614,20130617,20130622,20130623,20130626 
Number is 45 
G.3.4_index_5_VS_G.5.1_index_4 [10] 
Ngay: 20130525,20130530,20130606,20130609,20130610,20130611,20130612,20130613,20130614,20130616,20130617,20130619,20130620,20130625,20130626,20130627,20130628 
G.4.3_index_2_VS_G.3.4_index_1 [11] 
Ngay: 20130524,20130525,20130526,20130527,20130531,20130602,20130609,20130610,20130611,20130612,20130613,20130614,20130618,20130620,20130627,20130628 
Number is 52 
G.5.2_index_4_VS_G.6.2_index_1 [12] 
Ngay: 20130524,20130525,20130530,20130601,20130602,20130603,20130607,20130608,20130609,20130610,20130611,20130612,20130613,20130614,20130618,20130619,20130621,20130623,20130629 
Number is 55 
G.5.2_index_4_VS_G.5.6_index_2 [13] 
Ngay: 20130524,20130528,20130603,20130607,20130608,20130609,20130610,20130611,20130612,20130613,20130614,20130617,20130618,20130619,20130620,20130623,20130625,20130629 
G.3.4_index_1_VS_G.5.2_index_4 [14] 
Ngay: 20130524,20130528,20130529,20130602,20130603,20130604,20130605,20130606,20130607,20130609,20130610,20130611,20130612,20130613,20130614,20130616,20130619,20130620,20130623,20130624,20130625 
Number is 68 
G.5.4_index_3_VS_G.4.4_index_4 [15] PLUS 1 
Ngay: 20130525,20130526,20130527,20130529,20130531,20130603,20130606,20130609,20130610,20130611,20130612,20130613,20130614,20130615,20130616,20130619,20130621,20130625,20130626,20130627,20130628,20130629 
Number is 77 
G.3.6_index_3_VS_G.3.5_index_3 [16] PLUS 1 
Ngay: 20130524,20130527,20130531,20130601,20130602,20130605,20130609,20130610,20130611,20130612,20130613,20130614,20130615,20130617,20130618,20130620,20130621,20130622,20130626,20130628,20130629 
G.3.6_index_3_VS_G.1.1_index_5 [17] PLUS 1 
Ngay: 20130527,20130530,20130531,20130601,20130602,20130605,20130608,20130609,20130610,20130611,20130612,20130613,20130614,20130615,20130618,20130620,20130622,20130624,20130626,20130627,20130629 
G.3.6_index_3_VS_G.3.2_index_3 [18] PLUS 1 
Ngay: 20130527,20130530,20130531,20130601,20130604,20130605,20130609,20130610,20130611,20130612,20130613,20130614,20130615,20130617,20130618,20130619,20130621,20130627,20130628 
G.5.4_index_4_VS_G.3.5_index_3 [19] PLUS 1 
Ngay: 20130529,20130601,20130603,20130605,20130607,20130608,20130609,20130610,20130611,20130612,20130613,20130614,20130615,20130617,20130618,20130619,20130620,20130621,20130622,20130623,20130625,20130629 
G.5.6_index_4_VS_G.3.5_index_3 [20] PLUS 1 
Ngay: 20130524,20130525,20130527,20130530,20130603,20130604,20130609,20130610,20130611,20130612,20130613,20130614,20130615,20130617,20130618,20130621,20130623,20130625,20130626,20130627,20130628,20130629 
Number is 80 
G.5.2_index_2_VS_G.2.2_index_1 [21] PLUS 1 
Ngay: 20130524,20130525,20130527,20130529,20130601,20130602,20130604,20130606,20130608,20130609,20130610,20130611,20130612,20130613,20130614,20130615,20130617,20130618,20130619,20130620,20130621,20130623,20130624,20130626,20130627,20130628,20130629 
Number is 87 
G.4.2_index_4_VS_G.3.6_index_3 [22] 
Ngay: 20130524,20130530,20130601,20130602,20130607,20130608,20130609,20130610,20130611,20130612,20130613,20130614,20130618,20130619,20130622,20130626,20130627,20130628,20130629 
G.2.1_index_1_VS_G.3.2_index_3 [23] 
Ngay: 20130526,20130527,20130530,20130531,20130602,20130603,20130605,20130607,20130609,20130610,20130611,20130612,20130613,20130614,20130617,20130618,20130619,20130622,20130623,20130624,20130625,20130628 
Number is 97 
G.5.4_index_1_VS_G.3.2_index_5 [24] PLUS 1 
Ngay: 20130525,20130530,20130601,20130603,20130606,20130609,20130610,20130611,20130612,20130613,20130614,20130615,20130620,20130621,20130624,20130626,20130628,20130629 
Number is 99 
G.3.2_index_4_VS_G.6.3_index_2 [25] PLUS 1 
Ngay: 20130524,20130525,20130601,20130602,20130604,20130607,20130608,20130609,20130610,20130611,20130612,20130613,20130614,20130615,20130617,20130618,20130621,20130625,20130627 
