======== Current: 20130622 ========= 
Number is 00 
G.3.5_index_3_VS_G.4.3_index_3 [1] 
Ngay: 20130524,20130525,20130526,20130530,20130601,20130607,20130608,20130611,20130616,20130617,20130618,20130619,20130620,20130621,20130624,20130625,20130627,20130628,20130629 
Number is 02 
G.DB_index_4_VS_G.5.6_index_2 [2] 
Ngay: 20130528,20130530,20130603,20130604,20130609,20130610,20130612,20130613,20130614,20130615,20130616,20130617,20130618,20130619,20130620,20130621,20130623,20130624,20130625,20130628 
Number is 03 
G.4.3_index_2_VS_G.5.2_index_4 [3] 
Ngay: 20130524,20130525,20130530,20130602,20130604,20130605,20130607,20130610,20130612,20130616,20130617,20130618,20130619,20130620,20130621,20130623,20130628,20130629 
Number is 07 
G.5.2_index_2_VS_G.6.1_index_2 [4] 
Ngay: 20130527,20130529,20130530,20130601,20130604,20130612,20130615,20130616,20130617,20130618,20130619,20130620,20130621,20130624,20130625,20130628 
Number is 10 
G.3.2_index_5_VS_G.3.5_index_3 [5] PLUS 1 
Ngay: 20130525,20130526,20130529,20130530,20130602,20130603,20130604,20130608,20130609,20130610,20130612,20130614,20130615,20130616,20130617,20130618,20130619,20130620,20130621,20130622,20130623,20130625,20130627,20130628,20130629 
Number is 11 
G.2.1_index_5_VS_G.3.2_index_5 [6] 
Ngay: 20130528,20130529,20130601,20130602,20130606,20130609,20130613,20130616,20130617,20130618,20130619,20130620,20130621,20130624,20130627,20130629 
Number is 13 
G.6.2_index_2_VS_G.4.4_index_3 [7] 
Ngay: 20130525,20130528,20130601,20130602,20130612,20130613,20130614,20130615,20130616,20130617,20130618,20130619,20130620,20130621,20130623,20130626,20130629 
Number is 15 
G.2.1_index_3_VS_G.7.1_index_1 [8] PLUS 1 
Ngay: 20130524,20130526,20130529,20130530,20130601,20130604,20130605,20130613,20130615,20130616,20130617,20130618,20130619,20130620,20130621,20130622,20130623,20130625,20130626,20130627,20130628 
Number is 20 
G.1.1_index_2_VS_G.5.2_index_2 [9] 
Ngay: 20130524,20130525,20130529,20130531,20130606,20130607,20130609,20130614,20130615,20130616,20130617,20130618,20130619,20130620,20130621,20130624,20130629 
Number is 22 
G.3.1_index_2_VS_G.4.1_index_3 [10] 
Ngay: 20130529,20130530,20130531,20130603,20130605,20130607,20130610,20130613,20130616,20130617,20130618,20130619,20130620,20130621,20130625,20130628,20130629 
Number is 23 
G.3.1_index_2_VS_G.5.2_index_4 [11] 
Ngay: 20130528,20130530,20130531,20130601,20130604,20130605,20130608,20130610,20130612,20130613,20130614,20130616,20130617,20130618,20130619,20130620,20130621,20130623 
Number is 25 
G.3.1_index_2_VS_G.7.3_index_2 [12] PLUS 1 
Ngay: 20130524,20130526,20130530,20130604,20130605,20130608,20130613,20130614,20130616,20130617,20130618,20130619,20130620,20130621,20130622,20130624,20130628,20130629 
Number is 27 
G.6.2_index_1_VS_G.3.3_index_4 [13] 
Ngay: 20130527,20130528,20130606,20130607,20130610,20130611,20130616,20130617,20130618,20130619,20130620,20130621,20130627,20130628,20130629 
Number is 28 
G.3.1_index_2_VS_G.3.6_index_4 [14] PLUS 1 
Ngay: 20130524,20130526,20130529,20130530,20130601,20130602,20130604,20130605,20130607,20130612,20130615,20130616,20130617,20130618,20130619,20130620,20130621,20130622,20130623,20130625,20130628 
Number is 40 
G.3.1_index_1_VS_G.2.2_index_2 [15] PLUS 1 
Ngay: 20130525,20130528,20130530,20130602,20130603,20130604,20130608,20130613,20130616,20130617,20130618,20130619,20130620,20130621,20130622,20130623 
Number is 52 
G.4.1_index_1_VS_G.4.1_index_3 [16] PLUS 1 
Ngay: 20130525,20130527,20130528,20130530,20130603,20130608,20130611,20130613,20130616,20130617,20130618,20130619,20130620,20130621,20130622,20130623,20130624,20130626,20130628 
Number is 56 
G.3.4_index_1_VS_G.1.1_index_5 [17] 
Ngay: 20130524,20130525,20130526,20130528,20130529,20130531,20130601,20130602,20130613,20130616,20130617,20130618,20130619,20130620,20130621,20130627 
Number is 59 
G.3.4_index_1_VS_G.2.2_index_3 [18] 
Ngay: 20130524,20130531,20130601,20130602,20130604,20130606,20130608,20130612,20130616,20130617,20130618,20130619,20130620,20130621,20130623,20130624 
Number is 60 
G.1.1_index_5_VS_G.3.5_index_3 [19] PLUS 1 
Ngay: 20130527,20130530,20130531,20130602,20130609,20130612,20130615,20130616,20130617,20130618,20130619,20130620,20130621,20130622,20130625,20130626,20130627,20130629 
G.1.1_index_5_VS_G.7.2_index_2 [20] PLUS 1 
Ngay: 20130527,20130529,20130530,20130531,20130602,20130606,20130607,20130608,20130610,20130612,20130614,20130615,20130616,20130617,20130618,20130619,20130620,20130621,20130622,20130625,20130626,20130627 
Number is 61 
G.DB_index_2_VS_G.3.2_index_4 [21] 
Ngay: 20130524,20130525,20130531,20130603,20130604,20130605,20130611,20130615,20130616,20130617,20130618,20130619,20130620,20130621,20130623,20130624,20130627,20130629 
Number is 62 
G.2.1_index_1_VS_G.3.1_index_2 [22] 
Ngay: 20130526,20130529,20130530,20130531,20130603,20130604,20130605,20130607,20130608,20130609,20130614,20130616,20130617,20130618,20130619,20130620,20130621,20130629 
Number is 72 
G.6.1_index_2_VS_G.6.2_index_1 [23] 
Ngay: 20130604,20130605,20130606,20130607,20130609,20130616,20130617,20130618,20130619,20130620,20130621,20130627,20130628 
G.2.1_index_4_VS_G.3.1_index_2 [24] 
Ngay: 20130524,20130525,20130526,20130527,20130529,20130601,20130602,20130608,20130613,20130614,20130616,20130617,20130618,20130619,20130620,20130621,20130623,20130627,20130628 
Number is 75 
G.2.1_index_4_VS_G.3.4_index_1 [25] PLUS 1 
Ngay: 20130526,20130530,20130531,20130602,20130603,20130607,20130611,20130614,20130616,20130617,20130618,20130619,20130620,20130621,20130622,20130624 
Number is 82 
G.5.5_index_4_VS_G.3.1_index_2 [26] PLUS 1 
Ngay: 20130526,20130527,20130530,20130602,20130603,20130606,20130608,20130613,20130614,20130616,20130617,20130618,20130619,20130620,20130621,20130622,20130627,20130628 
G.2.1_index_2_VS_G.5.4_index_3 [27] PLUS 1 
Ngay: 20130524,20130526,20130527,20130531,20130601,20130603,20130604,20130606,20130608,20130611,20130615,20130616,20130617,20130618,20130619,20130620,20130621,20130622,20130623,20130624,20130628,20130629 
Number is 84 
G.5.1_index_4_VS_G.7.2_index_1 [28] PLUS 1 
Ngay: 20130525,20130528,20130602,20130605,20130606,20130608,20130609,20130610,20130616,20130617,20130618,20130619,20130620,20130621,20130622,20130625,20130627 
Number is 88 
G.5.5_index_4_VS_G.5.4_index_1 [29] 
Ngay: 20130524,20130525,20130602,20130605,20130606,20130611,20130612,20130614,20130615,20130616,20130617,20130618,20130619,20130620,20130621,20130626,20130627,20130628,20130629 
G.7.1_index_2_VS_G.5.1_index_2 [30] 
Ngay: 20130524,20130525,20130527,20130528,20130529,20130531,20130601,20130603,20130605,20130607,20130611,20130616,20130617,20130618,20130619,20130620,20130621,20130623,20130624,20130627,20130629 
G.5.1_index_2_VS_G.5.5_index_4 [31] 
Ngay: 20130524,20130525,20130527,20130530,20130601,20130602,20130603,20130606,20130608,20130613,20130616,20130617,20130618,20130619,20130620,20130621,20130628,20130629 
Number is 89 
G.2.1_index_2_VS_G.3.2_index_2 [32] 
Ngay: 20130526,20130527,20130530,20130602,20130608,20130609,20130614,20130615,20130616,20130617,20130618,20130619,20130620,20130621,20130623,20130624,20130626 
G.3.4_index_5_VS_G.3.4_index_3 [33] 
Ngay: 20130527,20130528,20130531,20130605,20130615,20130616,20130617,20130618,20130619,20130620,20130621,20130628 
