======== Current: 20130403 ========= 
Number is 06 
G.5.3_index_3_VS_G.3.6_index_2 [1] 
20130321,20130324,20130326,20130328,20130329,20130330,20130331,20130401,20130402,20130405,20130414,20130416,20130419,20130420,20130421,20130423,20130426,20130427,20130501,20130504 
Number is 12 
G.3.4_index_1_VS_G.1.1_index_4 [2] PLUS 1 
20130322,20130325,20130326,20130327,20130328,20130329,20130330,20130331,20130401,20130402,20130403,20130407,20130408,20130410,20130412,20130415,20130416,20130417,20130418,20130420,20130424,20130427,20130428,20130430,20130505 
G.5.4_index_3_VS_G.2.1_index_4 [3] PLUS 1 
20130321,20130322,20130328,20130329,20130330,20130331,20130401,20130402,20130403,20130404,20130407,20130408,20130410,20130412,20130413,20130415,20130418,20130419,20130421,20130422,20130424,20130427,20130429,20130501,20130502,20130505 
Number is 20 
G.1.1_index_4_VS_G.5.3_index_3 [4] PLUS 1 
20130320,20130322,20130323,20130326,20130328,20130329,20130330,20130331,20130401,20130402,20130403,20130404,20130406,20130412,20130414,20130415,20130416,20130418,20130419,20130421,20130422,20130426,20130428,20130503 
Number is 22 
G.5.5_index_2_VS_G.3.5_index_4 [5] PLUS 1 
20130320,20130322,20130324,20130326,20130327,20130328,20130329,20130330,20130331,20130401,20130402,20130403,20130406,20130407,20130408,20130409,20130410,20130411,20130416,20130417,20130418,20130419,20130420,20130421,20130424,20130502,20130503,20130504 
G.5.4_index_4_VS_G.5.5_index_2 [6] PLUS 1 
20130325,20130326,20130328,20130329,20130330,20130331,20130401,20130402,20130403,20130407,20130409,20130411,20130412,20130414,20130416,20130417,20130420,20130422,20130424,20130426,20130428,20130429,20130430,20130503 
Number is 23 
G.2.2_index_1_VS_G.3.3_index_4 [7] 
20130324,20130325,20130326,20130328,20130329,20130330,20130331,20130401,20130402,20130405,20130410,20130411,20130415,20130419,20130420,20130421,20130426,20130428,20130429,20130430,20130503,20130504 
Number is 26 
G.4.3_index_4_VS_G.DB_index_3 [8] PLUS 1 
20130321,20130326,20130328,20130329,20130330,20130331,20130401,20130402,20130403,20130404,20130407,20130408,20130416,20130418,20130419,20130421,20130425,20130426,20130501,20130502 
Number is 30 
G.4.1_index_4_VS_G.7.1_index_1 [9] PLUS 1 
20130320,20130324,20130328,20130329,20130330,20130331,20130401,20130402,20130403,20130404,20130406,20130413,20130416,20130420,20130425,20130426,20130502,20130503,20130504,20130505 
Number is 32 
G.3.3_index_4_VS_G.5.4_index_4 [10] 
20130320,20130321,20130326,20130328,20130329,20130330,20130331,20130401,20130402,20130405,20130409,20130411,20130416,20130419,20130420,20130425,20130428,20130429,20130430,20130502,20130505 
G.4.1_index_4_VS_G.4.3_index_4 [11] 
20130320,20130321,20130323,20130326,20130327,20130328,20130329,20130330,20130331,20130401,20130402,20130404,20130408,20130412,20130414,20130415,20130418,20130420,20130424,20130426,20130430,20130501,20130504 
Number is 39 
G.3.2_index_2_VS_G.4.1_index_1 [12] PLUS 1 
20130323,20130324,20130325,20130326,20130327,20130328,20130329,20130330,20130331,20130401,20130402,20130403,20130405,20130407,20130409,20130410,20130411,20130412,20130414,20130416,20130417,20130421,20130423,20130424,20130428,20130430,20130503 
Number is 42 
G.6.2_index_2_VS_G.5.4_index_4 [13] PLUS 1 
20130321,20130323,20130325,20130327,20130328,20130329,20130330,20130331,20130401,20130402,20130403,20130409,20130411,20130414,20130416,20130420,20130428,20130430,20130505 
Number is 46 
G.6.2_index_2_VS_G.3.5_index_1 [14] PLUS 1 
20130322,20130323,20130327,20130328,20130329,20130330,20130331,20130401,20130402,20130403,20130405,20130406,20130408,20130409,20130413,20130414,20130418,20130420,20130424,20130426,20130427,20130505 
Number is 47 
G.1.1_index_3_VS_G.3.1_index_5 [15] PLUS 1 
20130321,20130322,20130328,20130329,20130330,20130331,20130401,20130402,20130403,20130405,20130406,20130408,20130409,20130414,20130415,20130419,20130420,20130421,20130422,20130424,20130428,20130429 
Number is 60 
G.7.4_index_2_VS_G.5.3_index_3 [16] 
20130320,20130321,20130323,20130325,20130326,20130327,20130328,20130329,20130330,20130331,20130401,20130402,20130405,20130414,20130415,20130418,20130420,20130424,20130425,20130427,20130501,20130502,20130503,20130505 
Number is 62 
G.3.6_index_2_VS_G.4.3_index_4 [17] PLUS 1 
20130321,20130326,20130328,20130329,20130330,20130331,20130401,20130402,20130403,20130405,20130407,20130408,20130413,20130414,20130428,20130430,20130501 
G.4.1_index_3_VS_G.2.2_index_1 [18] PLUS 1 
20130320,20130322,20130324,20130325,20130326,20130328,20130329,20130330,20130331,20130401,20130402,20130403,20130414,20130416,20130418,20130419,20130422,20130424,20130425,20130426,20130428,20130429,20130502 
Number is 67 
G.3.5_index_1_VS_G.5.5_index_3 [19] 
20130321,20130322,20130323,20130325,20130328,20130329,20130330,20130331,20130401,20130402,20130407,20130409,20130411,20130413,20130418,20130419,20130422,20130427,20130429,20130430,20130501,20130502,20130505 
Number is 81 
G.3.5_index_5_VS_G.3.4_index_1 [20] PLUS 1 
20130320,20130321,20130327,20130328,20130329,20130330,20130331,20130401,20130402,20130403,20130406,20130410,20130414,20130415,20130416,20130418,20130419,20130422,20130427,20130503,20130504 
Number is 87 
G.3.5_index_3_VS_G.3.1_index_3 [21] 
20130322,20130323,20130326,20130327,20130328,20130329,20130330,20130331,20130401,20130402,20130405,20130407,20130408,20130410,20130411,20130412,20130414,20130415,20130420,20130421,20130424,20130426,20130427,20130429,20130503 
Number is 91 
G.3.4_index_5_VS_G.6.3_index_3 [22] 
20130322,20130323,20130325,20130327,20130328,20130329,20130330,20130331,20130401,20130402,20130404,20130406,20130408,20130411,20130413,20130415,20130418,20130422,20130423,20130425,20130428,20130501 
Number is 99 
G.4.1_index_1_VS_G.3.4_index_5 [23] 
20130322,20130325,20130326,20130327,20130328,20130329,20130330,20130331,20130401,20130402,20130404,20130405,20130408,20130410,20130413,20130414,20130415,20130416,20130418,20130421,20130424,20130428,20130504 
