======== Current: 20130412 ========= 
Number is 10 
G.7.3_index_2_VS_G.5.6_index_1 [1] PLUS 1 
20130323,20130324,20130325,20130327,20130329,20130401,20130402,20130403,20130404,20130406,20130407,20130408,20130409,20130410,20130411,20130412,20130414,20130415,20130418,20130419,20130422,20130424,20130425,20130429,20130503,20130504,20130505 
Number is 11 
G.5.1_index_2_VS_G.5.4_index_3 [2] 
20130322,20130323,20130326,20130330,20130331,20130403,20130405,20130406,20130407,20130408,20130409,20130410,20130411,20130420,20130422,20130426,20130430,20130501,20130502,20130503,20130505 
Number is 17 
G.6.3_index_2_VS_G.2.2_index_3 [3] 
20130321,20130330,20130331,20130406,20130407,20130408,20130409,20130410,20130411,20130413,20130414,20130415,20130422,20130423,20130424,20130427,20130501,20130503 
Number is 18 
G.7.3_index_2_VS_G.6.1_index_3 [4] 
20130320,20130322,20130323,20130326,20130327,20130328,20130329,20130401,20130405,20130406,20130407,20130408,20130409,20130410,20130411,20130416,20130417,20130418,20130419,20130421,20130424,20130425,20130426,20130427,20130428,20130430,20130503,20130505 
G.7.3_index_2_VS_G.DB_index_2 [5] 
20130325,20130329,20130403,20130405,20130406,20130407,20130408,20130409,20130410,20130411,20130416,20130418,20130422,20130424,20130426,20130430,20130502,20130503,20130504 
Number is 19 
G.5.6_index_3_VS_G.5.5_index_1 [6] 
20130320,20130321,20130324,20130327,20130328,20130331,20130401,20130405,20130406,20130407,20130408,20130409,20130410,20130411,20130413,20130414,20130417,20130418,20130421,20130427,20130501,20130504,20130505 
G.5.6_index_3_VS_G.3.4_index_2 [7] 
20130321,20130324,20130327,20130330,20130402,20130406,20130407,20130408,20130409,20130410,20130411,20130413,20130417,20130419,20130420,20130423,20130426,20130429,20130430 
Number is 20 
G.5.5_index_2_VS_G.3.5_index_4 [8] 
20130320,20130322,20130324,20130326,20130327,20130328,20130329,20130330,20130331,20130401,20130402,20130403,20130406,20130407,20130408,20130409,20130410,20130411,20130416,20130417,20130418,20130419,20130420,20130421,20130424,20130502,20130503,20130504 
Number is 37 
G.3.6_index_4_VS_G.4.3_index_3 [9] 
20130323,20130325,20130326,20130331,20130404,20130406,20130407,20130408,20130409,20130410,20130411,20130413,20130414,20130415,20130416,20130417,20130419,20130424,20130426,20130429,20130430,20130502,20130504 
Number is 44 
G.3.5_index_3_VS_G.2.1_index_5 [10] 
20130320,20130322,20130323,20130326,20130327,20130330,20130402,20130406,20130407,20130408,20130409,20130410,20130411,20130413,20130416,20130418,20130420,20130421,20130426,20130427,20130428,20130429,20130502,20130504 
Number is 48 
G.3.5_index_3_VS_G.3.1_index_1 [11] 
20130320,20130327,20130328,20130329,20130405,20130406,20130407,20130408,20130409,20130410,20130411,20130414,20130417,20130421,20130423,20130424,20130427,20130504 
Number is 49 
G.3.6_index_2_VS_G.3.4_index_2 [12] 
20130323,20130326,20130331,20130401,20130403,20130406,20130407,20130408,20130409,20130410,20130411,20130415,20130417,20130428,20130429,20130430,20130503,20130505 
Number is 51 
G.3.3_index_3_VS_G.7.3_index_2 [13] 
20130320,20130321,20130323,20130325,20130327,20130331,20130401,20130406,20130407,20130408,20130409,20130410,20130411,20130414,20130416,20130417,20130418,20130419,20130425,20130428,20130502,20130504,20130505 
Number is 54 
G.3.3_index_3_VS_G.5.1_index_4 [14] 
20130325,20130328,20130403,20130404,20130406,20130407,20130408,20130409,20130410,20130411,20130413,20130416,20130417,20130419,20130420,20130422,20130423,20130424,20130501,20130502,20130504,20130505 
Number is 55 
G.5.5_index_3_VS_G.5.3_index_1 [15] 
20130321,20130324,20130325,20130329,20130403,20130406,20130407,20130408,20130409,20130410,20130411,20130413,20130415,20130416,20130419,20130420,20130422,20130424,20130425,20130427,20130430,20130502,20130503,20130504 
Number is 56 
G.3.2_index_2_VS_G.3.4_index_3 [16] 
20130320,20130323,20130331,20130401,20130403,20130405,20130406,20130407,20130408,20130409,20130410,20130411,20130414,20130418,20130422,20130427,20130502,20130503,20130504,20130505 
Number is 57 
G.DB_index_1_VS_G.3.1_index_5 [17] PLUS 1 
20130320,20130321,20130322,20130324,20130326,20130328,20130329,20130330,20130401,20130402,20130406,20130407,20130408,20130409,20130410,20130411,20130412,20130413,20130414,20130416,20130417,20130418,20130419,20130422,20130426,20130427,20130428,20130430,20130501,20130502 
Number is 58 
G.3.3_index_3_VS_G.6.1_index_1 [18] PLUS 1 
20130320,20130322,20130324,20130325,20130328,20130331,20130406,20130407,20130408,20130409,20130410,20130411,20130412,20130413,20130415,20130416,20130419,20130420,20130423,20130424,20130429,20130430,20130501,20130502,20130504 
Number is 61 
G.5.6_index_4_VS_G.6.3_index_2 [19] 
20130321,20130323,20130325,20130331,20130401,20130404,20130406,20130407,20130408,20130409,20130410,20130411,20130413,20130414,20130415,20130419,20130422,20130424,20130425,20130427,20130501,20130503,20130504 
Number is 65 
G.7.1_index_2_VS_G.6.2_index_3 [20] 
20130323,20130324,20130326,20130329,20130330,20130402,20130403,20130404,20130406,20130407,20130408,20130409,20130410,20130411,20130413,20130416,20130418,20130423,20130429,20130501,20130502,20130503,20130504 
Number is 71 
G.4.3_index_3_VS_G.5.1_index_2 [21] 
20130321,20130322,20130324,20130326,20130327,20130331,20130401,20130404,20130406,20130407,20130408,20130409,20130410,20130411,20130414,20130416,20130417,20130418,20130422,20130424,20130428,20130429,20130501,20130505 
Number is 74 
G.3.1_index_4_VS_G.3.6_index_2 [22] PLUS 1 
20130321,20130325,20130329,20130401,20130405,20130406,20130407,20130408,20130409,20130410,20130411,20130412,20130417,20130424,20130425,20130426,20130428,20130429,20130503,20130504,20130505 
Number is 75 
G.6.3_index_3_VS_G.5.5_index_4 [23] PLUS 1 
20130320,20130323,20130324,20130325,20130326,20130403,20130404,20130405,20130406,20130407,20130408,20130409,20130410,20130411,20130412,20130413,20130417,20130419,20130420,20130425,20130426,20130428,20130502 
Number is 76 
G.4.3_index_3_VS_G.5.6_index_4 [24] PLUS 1 
20130325,20130330,20130331,20130402,20130403,20130405,20130406,20130407,20130408,20130409,20130410,20130411,20130412,20130414,20130415,20130416,20130418,20130422,20130424,20130425,20130426,20130427,20130428,20130429,20130501,20130502,20130504,20130505 
Number is 77 
G.6.1_index_2_VS_G.2.2_index_1 [25] 
20130325,20130326,20130327,20130331,20130403,20130404,20130405,20130406,20130407,20130408,20130409,20130410,20130411,20130416,20130419,20130420,20130421,20130422,20130423,20130425,20130428,20130501,20130502,20130504 
G.3.1_index_5_VS_G.6.2_index_1 [26] 
20130320,20130321,20130326,20130329,20130330,20130331,20130402,20130404,20130405,20130406,20130407,20130408,20130409,20130410,20130411,20130414,20130415,20130418,20130420,20130422,20130423,20130425,20130426,20130427,20130429,20130430,20130501,20130503 
G.6.3_index_3_VS_G.4.1_index_4 [27] 
20130321,20130322,20130323,20130326,20130329,20130330,20130331,20130404,20130405,20130406,20130407,20130408,20130409,20130410,20130411,20130413,20130415,20130417,20130419,20130420,20130421,20130424,20130425,20130504 
Number is 78 
G.6.2_index_1_VS_G.6.1_index_3 [28] 
20130320,20130321,20130322,20130327,20130328,20130329,20130330,20130401,20130404,20130405,20130406,20130407,20130408,20130409,20130410,20130411,20130413,20130415,20130416,20130419,20130422,20130425,20130427,20130504 
Number is 79 
G.5.2_index_4_VS_G.2.2_index_5 [29] PLUS 1 
20130320,20130324,20130327,20130330,20130403,20130404,20130406,20130407,20130408,20130409,20130410,20130411,20130412,20130414,20130415,20130417,20130418,20130420,20130423,20130426,20130427,20130428,20130429,20130504 
Number is 97 
G.2.2_index_5_VS_G.3.1_index_4 [30] PLUS 1 
20130321,20130323,20130324,20130325,20130329,20130401,20130404,20130405,20130406,20130407,20130408,20130409,20130410,20130411,20130412,20130417,20130426,20130502,20130505 
