======== Current: 20130418 ========= 
Number is 01 
G.DB_index_3_VS_G.5.5_index_3 [1] 
20130320,20130323,20130330,20130331,20130402,20130406,20130407,20130408,20130412,20130413,20130414,20130415,20130416,20130417,20130421,20130501,20130502,20130503,20130504 
Number is 02 
G.5.5_index_1_VS_G.7.1_index_1 [2] 
20130320,20130322,20130323,20130329,20130330,20130401,20130402,20130406,20130410,20130411,20130412,20130413,20130414,20130415,20130416,20130417,20130421,20130427,20130429,20130430,20130501,20130502 
G.3.5_index_4_VS_G.5.3_index_1 [3] 
20130324,20130328,20130330,20130331,20130403,20130406,20130409,20130412,20130413,20130414,20130415,20130416,20130417,20130420,20130422,20130423,20130427,20130430,20130504 
Number is 05 
G.5.5_index_1_VS_G.3.6_index_1 [4] PLUS 1 
20130321,20130322,20130329,20130330,20130404,20130407,20130411,20130412,20130413,20130414,20130415,20130416,20130417,20130418,20130421,20130423,20130425,20130429,20130503 
G.5.5_index_2_VS_G.7.2_index_1 [5] PLUS 1 
20130321,20130329,20130331,20130402,20130403,20130406,20130407,20130409,20130410,20130411,20130412,20130413,20130414,20130415,20130416,20130417,20130418,20130419,20130420,20130422,20130423,20130424,20130427,20130428,20130429,20130504,20130505 
Number is 06 
G.5.5_index_1_VS_G.3.3_index_2 [6] PLUS 1 
20130320,20130321,20130324,20130325,20130328,20130401,20130405,20130407,20130410,20130411,20130412,20130413,20130414,20130415,20130416,20130417,20130418,20130421,20130422,20130428,20130503,20130505 
Number is 08 
G.1.1_index_2_VS_G.2.2_index_4 [7] 
20130323,20130325,20130329,20130331,20130403,20130406,20130408,20130410,20130411,20130412,20130413,20130414,20130415,20130416,20130417,20130422,20130424,20130428,20130429,20130430,20130502,20130504 
Number is 09 
G.5.4_index_1_VS_G.3.4_index_1 [8] 
20130320,20130321,20130322,20130327,20130328,20130329,20130402,20130403,20130407,20130408,20130412,20130413,20130414,20130415,20130416,20130417,20130419,20130425,20130426,20130427,20130428,20130503 
Number is 10 
G.4.4_index_3_VS_G.3.2_index_1 [9] 
20130320,20130321,20130323,20130329,20130401,20130403,20130404,20130412,20130413,20130414,20130415,20130416,20130417,20130425,20130426,20130427,20130429,20130430,20130502,20130503 
Number is 12 
G.3.5_index_3_VS_G.7.1_index_1 [10] 
20130322,20130402,20130406,20130407,20130410,20130412,20130413,20130414,20130415,20130416,20130417,20130420,20130421,20130425,20130427,20130429,20130430 
Number is 13 
G.3.6_index_5_VS_G.4.2_index_3 [11] 
20130320,20130321,20130324,20130326,20130327,20130330,20130401,20130403,20130407,20130409,20130410,20130412,20130413,20130414,20130415,20130416,20130417,20130423,20130424,20130428,20130430,20130501,20130503,20130505 
G.6.3_index_3_VS_G.4.3_index_2 [12] 
20130323,20130326,20130330,20130402,20130403,20130404,20130407,20130410,20130411,20130412,20130413,20130414,20130415,20130416,20130417,20130419,20130421,20130427,20130501,20130504 
Number is 15 
G.5.5_index_3_VS_G.3.6_index_1 [13] 
20130320,20130321,20130331,20130403,20130404,20130407,20130409,20130410,20130412,20130413,20130414,20130415,20130416,20130417,20130419,20130420,20130421,20130422,20130425,20130426,20130427,20130428,20130429,20130501,20130503 
Number is 18 
G.3.6_index_5_VS_G.5.6_index_4 [14] PLUS 1 
20130322,20130326,20130328,20130330,20130401,20130402,20130403,20130407,20130408,20130409,20130412,20130413,20130414,20130415,20130416,20130417,20130418,20130419,20130420,20130421,20130423,20130424,20130425,20130427,20130501 
Number is 21 
G.5.4_index_4_VS_G.5.5_index_3 [15] 
20130321,20130323,20130324,20130327,20130328,20130329,20130401,20130402,20130403,20130405,20130406,20130407,20130408,20130412,20130413,20130414,20130415,20130416,20130417,20130422,20130424,20130425,20130426,20130427,20130429,20130502,20130505 
Number is 29 
G.6.1_index_2_VS_G.3.4_index_1 [16] PLUS 1 
20130320,20130321,20130325,20130327,20130328,20130329,20130330,20130331,20130401,20130403,20130408,20130409,20130410,20130412,20130413,20130414,20130415,20130416,20130417,20130418,20130419,20130420,20130427,20130505 
G.4.2_index_2_VS_G.3.4_index_5 [17] PLUS 1 
20130322,20130323,20130326,20130327,20130328,20130402,20130404,20130411,20130412,20130413,20130414,20130415,20130416,20130417,20130418,20130424,20130425,20130428,20130430,20130501,20130504 
Number is 31 
G.3.4_index_4_VS_G.5.5_index_3 [18] 
20130320,20130321,20130323,20130328,20130329,20130330,20130401,20130402,20130405,20130407,20130410,20130412,20130413,20130414,20130415,20130416,20130417,20130423,20130425,20130429,20130502,20130505 
Number is 32 
G.3.6_index_4_VS_G.1.1_index_3 [19] 
20130320,20130322,20130325,20130326,20130327,20130330,20130412,20130413,20130414,20130415,20130416,20130417,20130419,20130420,20130502,20130503,20130505 
G.3.3_index_3_VS_G.1.1_index_3 [20] 
20130320,20130322,20130323,20130324,20130325,20130330,20130403,20130404,20130408,20130409,20130410,20130412,20130413,20130414,20130415,20130416,20130417,20130420,20130421,20130423,20130502,20130503 
Number is 33 
G.3.3_index_3_VS_G.4.1_index_4 [21] 
20130322,20130323,20130326,20130327,20130328,20130403,20130404,20130405,20130406,20130407,20130409,20130411,20130412,20130413,20130414,20130415,20130416,20130417,20130419,20130420,20130422,20130423,20130428,20130502,20130504,20130505 
Number is 36 
G.3.3_index_3_VS_G.7.4_index_1 [22] PLUS 1 
20130320,20130322,20130323,20130324,20130325,20130326,20130331,20130404,20130408,20130410,20130412,20130413,20130414,20130415,20130416,20130417,20130418,20130419,20130420,20130421,20130422,20130424,20130425,20130429,20130502,20130503,20130504 
Number is 39 
G.4.1_index_4_VS_G.DB_index_5 [23] 
20130320,20130321,20130325,20130326,20130329,20130401,20130403,20130405,20130407,20130408,20130412,20130413,20130414,20130415,20130416,20130417,20130420,20130424,20130502,20130504,20130505 
Number is 47 
G.3.2_index_4_VS_G.7.3_index_1 [24] 
20130323,20130324,20130327,20130330,20130401,20130405,20130406,20130407,20130412,20130413,20130414,20130415,20130416,20130417,20130421,20130427,20130501,20130502 
Number is 52 
G.5.1_index_1_VS_G.1.1_index_3 [25] 
20130323,20130324,20130329,20130330,20130402,20130404,20130407,20130408,20130411,20130412,20130413,20130414,20130415,20130416,20130417,20130420,20130421,20130426,20130428,20130501,20130503 
Number is 53 
G.3.1_index_4_VS_G.4.2_index_3 [26] PLUS 1 
20130323,20130325,20130329,20130330,20130331,20130402,20130403,20130405,20130409,20130410,20130412,20130413,20130414,20130415,20130416,20130417,20130418,20130420,20130421,20130423,20130425,20130427,20130429,20130503,20130505 
Number is 57 
G.DB_index_1_VS_G.5.1_index_3 [27] 
20130321,20130325,20130330,20130401,20130402,20130403,20130406,20130407,20130408,20130409,20130412,20130413,20130414,20130415,20130416,20130417,20130420,20130421,20130425,20130426,20130428,20130429,20130430,20130501,20130502,20130503,20130504,20130505 
Number is 63 
G.4.2_index_4_VS_G.3.6_index_4 [28] PLUS 1 
20130320,20130325,20130327,20130329,20130402,20130404,20130407,20130408,20130412,20130413,20130414,20130415,20130416,20130417,20130418,20130426,20130430,20130502,20130504,20130505 
Number is 64 
G.3.3_index_2_VS_G.6.1_index_1 [29] PLUS 1 
20130321,20130325,20130327,20130328,20130329,20130403,20130404,20130407,20130408,20130412,20130413,20130414,20130415,20130416,20130417,20130418,20130419,20130424,20130428,20130429,20130501,20130502,20130505 
Number is 74 
G.5.1_index_3_VS_G.3.2_index_4 [30] 
20130321,20130323,20130327,20130330,20130331,20130405,20130407,20130408,20130412,20130413,20130414,20130415,20130416,20130417,20130421,20130422,20130423,20130426,20130428,20130430,20130503,20130504 
Number is 88 
G.2.2_index_4_VS_G.5.1_index_2 [31] PLUS 1 
20130321,20130322,20130323,20130324,20130326,20130329,20130403,20130404,20130405,20130406,20130407,20130408,20130410,20130411,20130412,20130413,20130414,20130415,20130416,20130417,20130418,20130422,20130424,20130425,20130426,20130428,20130430,20130502,20130503,20130504 
Number is 91 
G.2.2_index_5_VS_G.3.2_index_3 [32] PLUS 1 
20130320,20130321,20130322,20130324,20130325,20130402,20130407,20130408,20130409,20130412,20130413,20130414,20130415,20130416,20130417,20130418,20130422,20130424,20130426,20130427,20130430,20130503 
Number is 93 
G.5.4_index_2_VS_G.4.1_index_4 [33] 
20130322,20130323,20130329,20130401,20130402,20130403,20130406,20130411,20130412,20130413,20130414,20130415,20130416,20130417,20130424,20130426,20130427,20130428,20130430,20130502 
Number is 95 
G.1.1_index_4_VS_G.4.3_index_4 [34] 
20130320,20130321,20130322,20130323,20130328,20130329,20130330,20130331,20130401,20130403,20130404,20130406,20130409,20130412,20130413,20130414,20130415,20130416,20130417,20130419,20130425,20130428,20130430,20130504,20130505 
G.4.2_index_1_VS_G.5.1_index_1 [35] 
20130320,20130321,20130322,20130328,20130330,20130401,20130405,20130407,20130410,20130412,20130413,20130414,20130415,20130416,20130417,20130421,20130425,20130426,20130427,20130430,20130501,20130505 
