======== Current: 20130115 ========= 
Number is 00 
G.5.4_index_2_VS_G.2.1_index_5 [1] 
20121220,20121222,20121225,20121226,20130104,20130106,20130108,20130109,20130110,20130111,20130112,20130113,20130114,20130119,20130120,20130124,20130129,20130130,20130131 
G.2.1_index_5_VS_G.5.6_index_2 [2] 
20121221,20121222,20121223,20121225,20121226,20121230,20121231,20130102,20130109,20130110,20130111,20130112,20130113,20130114,20130116,20130117,20130119,20130123,20130125,20130128,20130130,20130131,20130201 
Number is 04 
G.2.1_index_5_VS_G.3.6_index_3 [3] PLUS 1 
20121220,20121221,20121222,20121223,20121225,20121226,20121231,20130103,20130108,20130109,20130110,20130111,20130112,20130113,20130114,20130115,20130116,20130119,20130121,20130122,20130125,20130128,20130131 
Number is 06 
G.5.6_index_2_VS_G.5.6_index_3 [4] PLUS 1 
20121221,20121222,20121223,20121224,20121228,20121229,20121230,20130101,20130103,20130105,20130108,20130109,20130110,20130111,20130112,20130113,20130114,20130115,20130116,20130117,20130118,20130119,20130121,20130123,20130125 
G.5.6_index_2_VS_G.6.3_index_1 [5] PLUS 1 
20121220,20121223,20121225,20121226,20130103,20130104,20130105,20130106,20130107,20130109,20130110,20130111,20130112,20130113,20130114,20130115,20130117,20130124 
Number is 18 
G.5.3_index_1_VS_G.3.4_index_4 [6] 
20121220,20121221,20121228,20121229,20130101,20130106,20130108,20130109,20130110,20130111,20130112,20130113,20130114,20130118,20130119,20130122,20130124,20130130,20130131,20130201 
Number is 21 
G.5.4_index_3_VS_G.4.1_index_2 [7] PLUS 1 
20121222,20121224,20121227,20121228,20121231,20130101,20130102,20130104,20130107,20130109,20130110,20130111,20130112,20130113,20130114,20130115,20130116,20130117,20130118,20130120,20130122,20130126,20130129 
Number is 28 
G.7.4_index_1_VS_G.3.1_index_2 [8] 
20121231,20130101,20130103,20130104,20130106,20130107,20130109,20130110,20130111,20130112,20130113,20130114,20130116,20130120,20130121,20130123,20130124,20130125,20130127,20130129,20130130 
Number is 30 
G.2.2_index_2_VS_G.5.6_index_2 [9] PLUS 1 
20121220,20121228,20121230,20130101,20130102,20130103,20130107,20130109,20130110,20130111,20130112,20130113,20130114,20130115,20130116,20130130,20130131 
G.3.3_index_5_VS_G.5.6_index_2 [10] PLUS 1 
20121221,20121222,20121224,20121226,20121229,20121230,20130101,20130102,20130105,20130109,20130110,20130111,20130112,20130113,20130114,20130115,20130118,20130121,20130126,20130131 
Number is 32 
G.3.3_index_5_VS_G.5.4_index_3 [11] 
20121220,20121221,20121226,20121227,20121228,20130101,20130102,20130106,20130107,20130109,20130110,20130111,20130112,20130113,20130114,20130116,20130117,20130125,20130127,20130131 
Number is 33 
G.7.1_index_1_VS_G.2.1_index_4 [12] 
20121222,20121226,20121227,20121229,20121230,20130103,20130107,20130109,20130110,20130111,20130112,20130113,20130114,20130119,20130120,20130122,20130125,20130126,20130128,20130129 
G.7.1_index_1_VS_G.3.3_index_5 [13] 
20121220,20121221,20121222,20121224,20121226,20121228,20121231,20130105,20130106,20130109,20130110,20130111,20130112,20130113,20130114,20130117,20130119,20130122,20130125,20130128,20130129 
Number is 35 
G.3.3_index_5_VS_G.3.2_index_2 [14] PLUS 1 
20121220,20121221,20121226,20121231,20130105,20130109,20130110,20130111,20130112,20130113,20130114,20130115,20130116,20130118,20130119,20130120,20130123,20130126,20130127,20130128,20130130,20130131 
Number is 36 
G.4.4_index_1_VS_G.7.3_index_1 [15] PLUS 1 
20121221,20121222,20121224,20121225,20121228,20121229,20130102,20130104,20130106,20130109,20130110,20130111,20130112,20130113,20130114,20130115,20130124,20130127,20130201 
Number is 37 
G.2.1_index_3_VS_G.5.4_index_1 [16] 
20121222,20121223,20121225,20121226,20130106,20130109,20130110,20130111,20130112,20130113,20130114,20130118,20130120,20130121,20130123,20130124,20130125,20130131 
Number is 38 
G.3.3_index_5_VS_G.3.3_index_2 [17] PLUS 1 
20121223,20121224,20121225,20121228,20121229,20130101,20130105,20130108,20130109,20130110,20130111,20130112,20130113,20130114,20130115,20130116,20130120,20130121,20130122,20130129,20130201 
Number is 39 
G.3.3_index_5_VS_G.1.1_index_1 [18] PLUS 1 
20121223,20121226,20121227,20121228,20130101,20130102,20130103,20130105,20130106,20130107,20130109,20130110,20130111,20130112,20130113,20130114,20130115,20130116,20130121,20130125,20130126 
Number is 43 
G.3.6_index_3_VS_G.1.1_index_4 [19] 
20121221,20121224,20121226,20121229,20130101,20130102,20130103,20130106,20130109,20130110,20130111,20130112,20130113,20130114,20130116,20130118,20130119,20130121,20130122,20130123,20130125,20130126,20130127,20130128,20130129,20130130,20130131 
Number is 45 
G.5.5_index_3_VS_G.3.6_index_2 [20] 
20121222,20121223,20121224,20121230,20121231,20130104,20130109,20130110,20130111,20130112,20130113,20130114,20130116,20130118,20130119,20130124,20130125,20130127,20130131,20130201 
Number is 57 
G.3.2_index_2_VS_G.3.2_index_1 [21] PLUS 1 
20121223,20121224,20121226,20121227,20121230,20130102,20130103,20130104,20130109,20130110,20130111,20130112,20130113,20130114,20130115,20130117,20130121,20130129,20130131 
G.3.6_index_2_VS_G.4.3_index_1 [22] PLUS 1 
20121221,20121222,20121227,20121231,20130103,20130104,20130106,20130107,20130108,20130109,20130110,20130111,20130112,20130113,20130114,20130115,20130116,20130117,20130118,20130119,20130121,20130122,20130125,20130126,20130128,20130129,20130130,20130131 
G.3.2_index_2_VS_G.4.3_index_1 [23] PLUS 1 
20121221,20121227,20130102,20130103,20130105,20130109,20130110,20130111,20130112,20130113,20130114,20130115,20130122,20130123,20130124,20130126,20130130 
Number is 67 
G.5.6_index_3_VS_G.4.3_index_2 [24] PLUS 1 
20121221,20121222,20121224,20121225,20121226,20121227,20121229,20121230,20121231,20130102,20130107,20130108,20130109,20130110,20130111,20130112,20130113,20130114,20130115,20130116,20130118,20130121,20130122,20130125,20130126,20130130 
G.7.3_index_1_VS_G.4.3_index_4 [25] PLUS 1 
20121223,20121224,20121225,20121227,20121229,20130102,20130103,20130104,20130108,20130109,20130110,20130111,20130112,20130113,20130114,20130115,20130116,20130117,20130118,20130127,20130129 
Number is 73 
G.4.3_index_1_VS_G.3.1_index_1 [26] 
20121220,20121222,20121223,20121224,20121226,20121230,20130102,20130104,20130105,20130108,20130109,20130110,20130111,20130112,20130113,20130114,20130117,20130122,20130126,20130127,20130129,20130130 
Number is 80 
G.4.4_index_4_VS_G.5.6_index_2 [27] 
20121220,20121221,20121224,20121230,20130105,20130109,20130110,20130111,20130112,20130113,20130114,20130117,20130118,20130126,20130127,20130128,20130129,20130131 
Number is 83 
G.3.1_index_2_VS_G.5.1_index_3 [28] PLUS 1 
20121220,20121223,20121225,20121229,20121231,20130102,20130104,20130105,20130109,20130110,20130111,20130112,20130113,20130114,20130115,20130116,20130118,20130123,20130124,20130125,20130126,20130129,20130131 
Number is 87 
G.3.4_index_4_VS_G.4.3_index_1 [29] 
20121223,20121224,20121225,20121227,20130101,20130103,20130109,20130110,20130111,20130112,20130113,20130114,20130117,20130122,20130124,20130129,20130130,20130131 
Number is 88 
G.3.1_index_2_VS_G.3.2_index_5 [30] 
20121224,20121225,20130101,20130106,20130107,20130109,20130110,20130111,20130112,20130113,20130114,20130116,20130117,20130120,20130121,20130123,20130125,20130127,20130129,20130130,20130131,20130201 
Number is 95 
G.3.1_index_5_VS_G.3.2_index_2 [31] 
20121228,20130102,20130107,20130109,20130110,20130111,20130112,20130113,20130114,20130117,20130118,20130119,20130123,20130125,20130126,20130129,20130131,20130201 
Number is 97 
G.5.2_index_1_VS_G.4.3_index_1 [32] PLUS 1 
20121220,20121221,20121222,20121223,20121225,20121226,20121227,20130102,20130105,20130109,20130110,20130111,20130112,20130113,20130114,20130115,20130117,20130119,20130124,20130125,20130126,20130127,20130201 
