======== Current: 20130116 ========= 
Number is 00 
G.5.6_index_3_VS_G.4.4_index_1 [1] PLUS 1 
20121221,20121222,20121224,20130101,20130102,20130108,20130110,20130111,20130112,20130113,20130114,20130115,20130116,20130118,20130122,20130124,20130125 
Number is 03 
G.2.2_index_2_VS_G.5.6_index_2 [2] PLUS 1 
20121220,20121228,20121230,20130101,20130102,20130103,20130107,20130109,20130110,20130111,20130112,20130113,20130114,20130115,20130116,20130130,20130131 
Number is 06 
G.3.3_index_2_VS_G.6.1_index_3 [3] 
20121220,20121222,20121223,20121224,20130102,20130104,20130106,20130108,20130110,20130111,20130112,20130113,20130114,20130115,20130121,20130122,20130123,20130124,20130125,20130126,20130128,20130129 
Number is 07 
G.5.6_index_3_VS_G.4.3_index_2 [4] PLUS 1 
20121221,20121222,20121224,20121225,20121226,20121227,20121229,20121230,20121231,20130102,20130107,20130108,20130109,20130110,20130111,20130112,20130113,20130114,20130115,20130116,20130118,20130121,20130122,20130125,20130126,20130130 
Number is 09 
G.4.4_index_1_VS_G.7.3_index_1 [5] 
20121221,20121222,20121224,20121225,20121228,20121229,20130102,20130104,20130106,20130109,20130110,20130111,20130112,20130113,20130114,20130115,20130124,20130127,20130201 
Number is 10 
G.5.2_index_1_VS_G.4.3_index_1 [6] 
20121220,20121221,20121222,20121223,20121225,20121226,20121227,20130102,20130105,20130109,20130110,20130111,20130112,20130113,20130114,20130115,20130117,20130119,20130124,20130125,20130126,20130127,20130201 
Number is 19 
G.5.4_index_2_VS_G.5.5_index_3 [7] 
20121222,20121224,20121228,20121231,20130108,20130110,20130111,20130112,20130113,20130114,20130115,20130120,20130122,20130123,20130124,20130125,20130129,20130130,20130131,20130201 
Number is 20 
G.3.2_index_2_VS_G.3.2_index_1 [8] 
20121223,20121224,20121226,20121227,20121230,20130102,20130103,20130104,20130109,20130110,20130111,20130112,20130113,20130114,20130115,20130117,20130121,20130129,20130131 
G.3.2_index_2_VS_G.4.3_index_1 [9] 
20121221,20121227,20130102,20130103,20130105,20130109,20130110,20130111,20130112,20130113,20130114,20130115,20130122,20130123,20130124,20130126,20130130 
Number is 23 
G.5.4_index_3_VS_G.3.6_index_4 [10] PLUS 1 
20121221,20121223,20121228,20121231,20130101,20130104,20130106,20130110,20130111,20130112,20130113,20130114,20130115,20130116,20130117,20130119,20130124,20130130,20130201 
Number is 24 
G.2.1_index_4_VS_G.3.4_index_3 [11] PLUS 1 
20121226,20121227,20121229,20121230,20130101,20130102,20130103,20130110,20130111,20130112,20130113,20130114,20130115,20130116,20130118,20130119,20130120,20130122,20130125,20130127,20130129,20130201 
Number is 26 
G.3.2_index_2_VS_G.6.3_index_2 [12] 
20121221,20121222,20121228,20121231,20130102,20130104,20130105,20130107,20130110,20130111,20130112,20130113,20130114,20130115,20130117,20130118,20130121,20130123,20130126,20130129,20130201 
Number is 28 
G.3.1_index_2_VS_G.5.1_index_3 [13] PLUS 1 
20121220,20121223,20121225,20121229,20121231,20130102,20130104,20130105,20130109,20130110,20130111,20130112,20130113,20130114,20130115,20130116,20130118,20130123,20130124,20130125,20130126,20130129,20130131 
Number is 29 
G.5.4_index_3_VS_G.4.1_index_2 [14] PLUS 1 
20121222,20121224,20121227,20121228,20121231,20130101,20130102,20130104,20130107,20130109,20130110,20130111,20130112,20130113,20130114,20130115,20130116,20130117,20130118,20130120,20130122,20130126,20130129 
Number is 30 
G.5.6_index_2_VS_G.5.6_index_3 [15] PLUS 1 
20121221,20121222,20121223,20121224,20121228,20121229,20121230,20130101,20130103,20130105,20130108,20130109,20130110,20130111,20130112,20130113,20130114,20130115,20130116,20130117,20130118,20130119,20130121,20130123,20130125 
G.3.3_index_5_VS_G.3.3_index_2 [16] PLUS 1 
20121223,20121224,20121225,20121228,20121229,20130101,20130105,20130108,20130109,20130110,20130111,20130112,20130113,20130114,20130115,20130116,20130120,20130121,20130122,20130129,20130201 
Number is 32 
G.3.3_index_5_VS_G.3.2_index_2 [17] PLUS 1 
20121220,20121221,20121226,20121231,20130105,20130109,20130110,20130111,20130112,20130113,20130114,20130115,20130116,20130118,20130119,20130120,20130123,20130126,20130127,20130128,20130130,20130131 
Number is 33 
G.3.3_index_5_VS_G.5.6_index_2 [18] 
20121221,20121222,20121224,20121226,20121229,20121230,20130101,20130102,20130105,20130109,20130110,20130111,20130112,20130113,20130114,20130115,20130118,20130121,20130126,20130131 
Number is 35 
G.3.3_index_5_VS_G.1.1_index_1 [19] PLUS 1 
20121223,20121226,20121227,20121228,20130101,20130102,20130103,20130105,20130106,20130107,20130109,20130110,20130111,20130112,20130113,20130114,20130115,20130116,20130121,20130125,20130126 
Number is 36 
G.3.3_index_5_VS_G.7.3_index_2 [20] 
20121220,20121221,20121229,20130108,20130110,20130111,20130112,20130113,20130114,20130115,20130119,20130126,20130128,20130131 
Number is 38 
G.5.6_index_2_VS_G.6.3_index_1 [21] 
20121220,20121223,20121225,20121226,20130103,20130104,20130105,20130106,20130107,20130109,20130110,20130111,20130112,20130113,20130114,20130115,20130117,20130124 
Number is 40 
G.3.6_index_2_VS_G.4.3_index_1 [22] PLUS 1 
20121221,20121222,20121227,20121231,20130103,20130104,20130106,20130107,20130108,20130109,20130110,20130111,20130112,20130113,20130114,20130115,20130116,20130117,20130118,20130119,20130121,20130122,20130125,20130126,20130128,20130129,20130130,20130131 
Number is 43 
G.3.6_index_2_VS_G.3.3_index_5 [23] 
20121220,20121222,20121224,20121228,20121230,20121231,20130102,20130106,20130108,20130110,20130111,20130112,20130113,20130114,20130115,20130117,20130119,20130121,20130124,20130125,20130126,20130127,20130128,20130130,20130131 
Number is 47 
G.3.6_index_2_VS_G.3.2_index_3 [24] 
20121223,20121228,20121229,20130101,20130102,20130105,20130106,20130110,20130111,20130112,20130113,20130114,20130115,20130117,20130118,20130120,20130124,20130125,20130131,20130201 
Number is 52 
G.2.2_index_1_VS_G.5.4_index_3 [25] 
20121222,20121223,20121224,20121228,20121229,20130102,20130103,20130104,20130108,20130110,20130111,20130112,20130113,20130114,20130115,20130117,20130119,20130121,20130122,20130124,20130126,20130129 
Number is 53 
G.2.1_index_5_VS_G.3.6_index_3 [26] PLUS 1 
20121220,20121221,20121222,20121223,20121225,20121226,20121231,20130103,20130108,20130109,20130110,20130111,20130112,20130113,20130114,20130115,20130116,20130119,20130121,20130122,20130125,20130128,20130131 
Number is 70 
G.3.5_index_3_VS_G.3.1_index_5 [27] PLUS 1 
20121226,20130103,20130105,20130106,20130110,20130111,20130112,20130113,20130114,20130115,20130116,20130122,20130123,20130124,20130129 
Number is 73 
G.5.5_index_4_VS_G.6.2_index_3 [28] 
20121220,20121221,20121222,20121223,20121227,20121228,20121229,20121230,20130103,20130104,20130108,20130110,20130111,20130112,20130113,20130114,20130115,20130121,20130124,20130125,20130126,20130128,20130129,20130130,20130131,20130201 
Number is 84 
G.6.1_index_2_VS_G.3.4_index_3 [29] 
20121223,20121225,20121226,20121231,20130104,20130105,20130106,20130108,20130110,20130111,20130112,20130113,20130114,20130115,20130118,20130120,20130124,20130125,20130126,20130129,20130130,20130131 
Number is 89 
G.6.1_index_2_VS_G.6.2_index_2 [30] 
20121221,20121222,20121223,20121228,20121231,20130104,20130107,20130110,20130111,20130112,20130113,20130114,20130115,20130117,20130118,20130119,20130122,20130123,20130124,20130130 
G.6.3_index_3_VS_G.5.5_index_2 [31] 
20121227,20121229,20121231,20130102,20130105,20130107,20130110,20130111,20130112,20130113,20130114,20130115,20130117,20130118,20130121,20130122,20130123,20130125,20130127,20130129,20130130 
Number is 92 
G.3.1_index_4_VS_G.5.4_index_3 [32] PLUS 1 
20121223,20121227,20121231,20130104,20130110,20130111,20130112,20130113,20130114,20130115,20130116,20130117,20130118,20130120,20130123,20130125,20130126,20130130 
G.7.3_index_1_VS_G.4.3_index_4 [33] PLUS 1 
20121223,20121224,20121225,20121227,20121229,20130102,20130103,20130104,20130108,20130109,20130110,20130111,20130112,20130113,20130114,20130115,20130116,20130117,20130118,20130127,20130129 
