Last Date = 20130302
Number is 09
G.DB_index_2_VS_G.6.1_index_3 [1] 
Ngay: 20130215,20130218,20130221,20130224,20130225,20130226,20130227,20130228,20130301
Number is 10
G.3.3_index_4_VS_G.5.4_index_3 [2] 
Ngay: 20130215,20130217,20130219,20130221,20130223,20130224,20130225,20130226,20130227,20130228,20130301
Number is 11
G.3.3_index_4_VS_G.7.3_index_2 [3] 
Ngay: 20130219,20130223,20130224,20130225,20130226,20130227,20130228,20130301
Number is 12
G.3.2_index_1_VS_G.3.4_index_1 [4] 
Ngay: 20130215,20130216,20130224,20130225,20130226,20130227,20130228,20130301
Number is 13
G.7.3_index_2_VS_G.4.3_index_1 [5] 
Ngay: 20130220,20130221,20130224,20130225,20130226,20130227,20130228,20130301
Number is 14
G.7.2_index_1_VS_G.3.5_index_5 [6] 
Ngay: 20130216,20130217,20130220,20130221,20130224,20130225,20130226,20130227,20130228,20130301
G.5.3_index_1_VS_G.3.5_index_5 [7] 
Ngay: 20130216,20130217,20130218,20130219,20130221,20130222,20130224,20130225,20130226,20130227,20130228,20130301
Number is 17
G.3.1_index_3_VS_G.4.4_index_2 [8] 
Ngay: 20130220,20130224,20130225,20130226,20130227,20130228,20130301
Number is 18
G.3.3_index_4_VS_G.2.2_index_2 [9] 
Ngay: 20130219,20130220,20130221,20130222,20130223,20130224,20130225,20130226,20130227,20130228,20130301
Number is 31
G.4.1_index_2_VS_G.5.2_index_4 [10] 
Ngay: 20130216,20130217,20130218,20130222,20130224,20130225,20130226,20130227,20130228,20130301
G.4.1_index_2_VS_G.3.1_index_3 [11] 
Ngay: 20130215,20130216,20130220,20130222,20130224,20130225,20130226,20130227,20130228,20130301
G.6.1_index_2_VS_G.3.3_index_4 [12] 
Ngay: 20130216,20130221,20130222,20130224,20130225,20130226,20130227,20130228,20130301
Number is 33
G.3.2_index_2_VS_G.4.3_index_1 [13] 
Ngay: 20130215,20130219,20130222,20130224,20130225,20130226,20130227,20130228,20130301
Number is 34
G.3.2_index_2_VS_G.5.4_index_1 [14] 
Ngay: 20130224,20130225,20130226,20130227,20130228,20130301
Number is 37
G.5.2_index_3_VS_G.3.1_index_5 [15] 
Ngay: 20130215,20130217,20130218,20130221,20130224,20130225,20130226,20130227,20130228,20130301
Number is 38
G.5.2_index_3_VS_G.6.3_index_3 [16] 
Ngay: 20130224,20130225,20130226,20130227,20130228,20130301
G.4.1_index_2_VS_G.2.2_index_4 [17] 
Ngay: 20130216,20130217,20130218,20130221,20130224,20130225,20130226,20130227,20130228,20130301
Number is 39
G.5.2_index_3_VS_G.2.1_index_1 [18] 
Ngay: 20130215,20130218,20130220,20130221,20130222,20130223,20130224,20130225,20130226,20130227,20130228,20130301
Number is 41
G.3.2_index_4_VS_G.7.3_index_2 [19] 
Ngay: 20130216,20130217,20130220,20130224,20130225,20130226,20130227,20130228,20130301
Number is 43
G.3.5_index_2_VS_G.5.2_index_3 [20] 
Ngay: 20130216,20130221,20130223,20130224,20130225,20130226,20130227,20130228,20130301
Number is 45
G.5.4_index_1_VS_G.6.3_index_2 [21] 
Ngay: 20130216,20130219,20130221,20130223,20130224,20130225,20130226,20130227,20130228,20130301
Number is 48
G.3.2_index_4_VS_G.5.5_index_1 [22] 
Ngay: 20130219,20130221,20130224,20130225,20130226,20130227,20130228,20130301
Number is 53
G.6.3_index_2_VS_G.4.3_index_1 [23] 
Ngay: 20130219,20130222,20130224,20130225,20130226,20130227,20130228,20130301
Number is 54
G.DB_index_1_VS_G.2.2_index_1 [24] 
Ngay: 20130215,20130217,20130221,20130224,20130225,20130226,20130227,20130228,20130301
Number is 55
G.2.1_index_2_VS_G.DB_index_1 [25] 
Ngay: 20130216,20130217,20130218,20130224,20130225,20130226,20130227,20130228,20130301
Number is 56
G.2.1_index_2_VS_G.3.3_index_1 [26] 
Ngay: 20130215,20130217,20130219,20130221,20130223,20130224,20130225,20130226,20130227,20130228,20130301
Number is 65
G.2.2_index_3_VS_G.4.2_index_3 [27] 
Ngay: 20130218,20130224,20130225,20130226,20130227,20130228,20130301
G.3.1_index_1_VS_G.2.1_index_2 [28] 
Ngay: 20130219,20130221,20130222,20130224,20130225,20130226,20130227,20130228,20130301
Number is 68
G.3.3_index_1_VS_G.2.2_index_4 [29] 
Ngay: 20130215,20130221,20130222,20130223,20130224,20130225,20130226,20130227,20130228,20130301
Number is 69
G.3.6_index_1_VS_G.4.4_index_3 [30] 
Ngay: 20130216,20130219,20130223,20130224,20130225,20130226,20130227,20130228,20130301
Number is 71
G.3.3_index_3_VS_G.3.1_index_3 [31] 
Ngay: 20130215,20130216,20130220,20130223,20130224,20130225,20130226,20130227,20130228,20130301
Number is 73
G.4.4_index_2_VS_G.5.5_index_4 [32] 
Ngay: 20130216,20130218,20130219,20130220,20130222,20130224,20130225,20130226,20130227,20130228,20130301
G.3.1_index_5_VS_G.4.3_index_1 [33] 
Ngay: 20130216,20130217,20130218,20130219,20130224,20130225,20130226,20130227,20130228,20130301
Number is 79
G.3.3_index_3_VS_G.5.4_index_4 [34] 
Ngay: 20130216,20130218,20130224,20130225,20130226,20130227,20130228,20130301
Number is 81
G.2.2_index_2_VS_G.4.2_index_2 [35] 
Ngay: 20130217,20130221,20130222,20130223,20130224,20130225,20130226,20130227,20130228,20130301
G.2.2_index_4_VS_G.7.2_index_1 [36] 
Ngay: 20130216,20130218,20130224,20130225,20130226,20130227,20130228,20130301
Number is 84
G.5.5_index_1_VS_G.7.1_index_1 [37] 
Ngay: 20130215,20130216,20130217,20130218,20130224,20130225,20130226,20130227,20130228,20130301
Number is 85
G.2.2_index_4_VS_G.3.5_index_4 [38] 
Ngay: 20130215,20130216,20130218,20130222,20130224,20130225,20130226,20130227,20130228,20130301
Number is 88
G.3.6_index_2_VS_G.2.2_index_4 [39] 
Ngay: 20130215,20130218,20130221,20130223,20130224,20130225,20130226,20130227,20130228,20130301
Number is 93
G.6.1_index_3_VS_G.1.1_index_4 [40] 
Ngay: 20130215,20130219,20130224,20130225,20130226,20130227,20130228,20130301
Number is 94
G.2.1_index_4_VS_G.5.1_index_1 [41] 
Ngay: 20130217,20130219,20130220,20130221,20130223,20130224,20130225,20130226,20130227,20130228,20130301
G.4.4_index_3_VS_G.3.2_index_4 [42] 
Ngay: 20130216,20130219,20130222,20130224,20130225,20130226,20130227,20130228,20130301
G.3.1_index_2_VS_G.5.1_index_1 [43] 
Ngay: 20130216,20130217,20130219,20130220,20130221,20130224,20130225,20130226,20130227,20130228,20130301
Number is 95
G.5.4_index_4_VS_G.DB_index_1 [44] 
Ngay: 20130218,20130220,20130222,20130224,20130225,20130226,20130227,20130228,20130301
