Last Date = 20130303
Number is 00
G.4.1_index_2_VS_G.6.3_index_2 [1] 
Ngay: 20130215,20130217,20130218,20130220,20130223,20130225,20130226,20130227,20130228,20130301,20130302
Number is 03
G.3.3_index_1_VS_G.2.2_index_4 [2] 
Ngay: 20130215,20130221,20130222,20130223,20130224,20130225,20130226,20130227,20130228,20130301,20130302
G.3.1_index_1_VS_G.2.2_index_4 [3] 
Ngay: 20130216,20130219,20130225,20130226,20130227,20130228,20130301,20130302
Number is 05
G.3.1_index_1_VS_G.2.1_index_2 [4] 
Ngay: 20130219,20130221,20130222,20130224,20130225,20130226,20130227,20130228,20130301,20130302
Number is 06
G.6.3_index_2_VS_G.4.3_index_1 [5] 
Ngay: 20130219,20130222,20130224,20130225,20130226,20130227,20130228,20130301,20130302
Number is 07
G.3.3_index_2_VS_G.7.1_index_1 [6] 
Ngay: 20130215,20130225,20130226,20130227,20130228,20130301,20130302
Number is 09
G.4.1_index_2_VS_G.5.4_index_1 [7] 
Ngay: 20130216,20130221,20130225,20130226,20130227,20130228,20130301,20130302
Number is 12
G.2.2_index_2_VS_G.4.2_index_2 [8] 
Ngay: 20130217,20130221,20130222,20130223,20130224,20130225,20130226,20130227,20130228,20130301,20130302
Number is 13
G.2.2_index_2_VS_G.DB_index_2 [9] 
Ngay: 20130216,20130218,20130219,20130220,20130221,20130225,20130226,20130227,20130228,20130301,20130302
G.5.5_index_1_VS_G.7.2_index_1 [10] 
Ngay: 20130216,20130219,20130220,20130223,20130225,20130226,20130227,20130228,20130301,20130302
Number is 21
G.3.3_index_3_VS_G.5.4_index_4 [11] 
Ngay: 20130216,20130218,20130224,20130225,20130226,20130227,20130228,20130301,20130302
Number is 23
G.5.3_index_1_VS_G.2.2_index_4 [12] 
Ngay: 20130218,20130219,20130221,20130222,20130225,20130226,20130227,20130228,20130301,20130302
Number is 25
G.3.5_index_2_VS_G.5.2_index_3 [13] 
Ngay: 20130216,20130221,20130223,20130224,20130225,20130226,20130227,20130228,20130301,20130302
Number is 26
G.5.3_index_1_VS_G.3.5_index_5 [14] 
Ngay: 20130216,20130217,20130218,20130219,20130221,20130222,20130224,20130225,20130226,20130227,20130228,20130301,20130302
Number is 29
G.3.3_index_3_VS_G.3.1_index_3 [15] 
Ngay: 20130215,20130216,20130220,20130223,20130224,20130225,20130226,20130227,20130228,20130301,20130302
Number is 31
G.DB_index_2_VS_G.4.1_index_4 [16] 
Ngay: 20130215,20130219,20130220,20130222,20130223,20130225,20130226,20130227,20130228,20130301,20130302
G.3.6_index_4_VS_G.2.2_index_2 [17] 
Ngay: 20130215,20130221,20130225,20130226,20130227,20130228,20130301,20130302
Number is 33
G.2.2_index_4_VS_G.7.2_index_1 [18] 
Ngay: 20130216,20130218,20130224,20130225,20130226,20130227,20130228,20130301,20130302
Number is 36
G.7.2_index_1_VS_G.3.5_index_5 [19] 
Ngay: 20130216,20130217,20130220,20130221,20130224,20130225,20130226,20130227,20130228,20130301,20130302
Number is 43
G.6.3_index_3_VS_G.3.4_index_3 [20] 
Ngay: 20130220,20130223,20130225,20130226,20130227,20130228,20130301,20130302
Number is 45
G.6.3_index_3_VS_G.3.3_index_4 [21] 
Ngay: 20130216,20130221,20130222,20130225,20130226,20130227,20130228,20130301,20130302
Number is 50
G.2.1_index_2_VS_G.3.3_index_1 [22] 
Ngay: 20130215,20130217,20130219,20130221,20130223,20130224,20130225,20130226,20130227,20130228,20130301,20130302
Number is 51
G.3.3_index_4_VS_G.2.2_index_2 [23] 
Ngay: 20130219,20130220,20130221,20130222,20130223,20130224,20130225,20130226,20130227,20130228,20130301,20130302
Number is 52
G.3.3_index_4_VS_G.3.3_index_3 [24] 
Ngay: 20130222,20130225,20130226,20130227,20130228,20130301,20130302
Number is 53
G.3.3_index_4_VS_G.2.2_index_4 [25] 
Ngay: 20130215,20130216,20130217,20130218,20130221,20130225,20130226,20130227,20130228,20130301,20130302
Number is 62
G.2.2_index_3_VS_G.4.2_index_3 [26] 
Ngay: 20130218,20130224,20130225,20130226,20130227,20130228,20130301,20130302
Number is 68
G.3.2_index_1_VS_G.3.4_index_1 [27] 
Ngay: 20130215,20130216,20130224,20130225,20130226,20130227,20130228,20130301,20130302
Number is 71
G.6.2_index_3_VS_G.2.2_index_2 [28] 
Ngay: 20130219,20130221,20130225,20130226,20130227,20130228,20130301,20130302
G.6.2_index_1_VS_G.5.5_index_1 [29] 
Ngay: 20130216,20130217,20130223,20130225,20130226,20130227,20130228,20130301,20130302
Number is 73
G.5.1_index_1_VS_G.7.2_index_1 [30] 
Ngay: 20130215,20130216,20130219,20130221,20130225,20130226,20130227,20130228,20130301,20130302
Number is 74
G.6.2_index_3_VS_G.6.3_index_3 [31] 
Ngay: 20130215,20130216,20130221,20130225,20130226,20130227,20130228,20130301,20130302
Number is 79
G.5.4_index_3_VS_G.5.4_index_1 [32] 
Ngay: 20130215,20130218,20130222,20130225,20130226,20130227,20130228,20130301,20130302
Number is 88
G.3.2_index_4_VS_G.7.3_index_2 [33] 
Ngay: 20130216,20130217,20130220,20130224,20130225,20130226,20130227,20130228,20130301,20130302
Number is 90
G.3.1_index_3_VS_G.4.4_index_2 [34] 
Ngay: 20130220,20130224,20130225,20130226,20130227,20130228,20130301,20130302
Number is 94
G.5.4_index_1_VS_G.3.1_index_5 [35] 
Ngay: 20130217,20130221,20130222,20130225,20130226,20130227,20130228,20130301,20130302
Number is 98
G.DB_index_5_VS_G.7.3_index_2 [36] 
Ngay: 20130217,20130219,20130220,20130221,20130225,20130226,20130227,20130228,20130301,20130302
G.5.4_index_1_VS_G.7.3_index_2 [37] 
Ngay: 20130216,20130217,20130220,20130221,20130225,20130226,20130227,20130228,20130301,20130302
Number is 99
G.3.2_index_2_VS_G.5.4_index_1 [38] 
Ngay: 20130224,20130225,20130226,20130227,20130228,20130301,20130302
