Last Date = 20130404
Except date ======= 
required date ======= 20130225,20130226,20130227,20130228,20130301,20130302
Number is 00
G.3.2_index_2_VS_G.5.4_index_1 [1] 
Ngay: 20130224,20130225,20130226,20130227,20130228,20130301,20130302,20130305,20130306,20130310,20130312,20130313,20130314,20130317,20130318,20130320,20130323,20130327,20130331,20130401,20130403
Number is 01
G.5.1_index_1_VS_G.7.2_index_1 [2] 
Ngay: 20130225,20130226,20130227,20130228,20130301,20130302,20130303,20130306,20130308,20130309,20130315,20130326,20130328,20130329,20130401
G.6.3_index_3_VS_G.3.3_index_4 [3] 
Ngay: 20130225,20130226,20130227,20130228,20130301,20130302,20130304,20130307,20130308,20130312,20130313,20130314,20130315,20130318,20130319,20130320,20130323,20130324,20130325,20130326,20130329,20130331,20130401,20130402
Number is 02
G.5.4_index_1_VS_G.3.1_index_5 [4] 
Ngay: 20130225,20130226,20130227,20130228,20130301,20130302,20130304,20130305,20130309,20130310,20130311,20130314,20130320,20130321,20130323,20130326,20130329,20130331,20130401,20130402
Number is 05
G.5.4_index_1_VS_G.7.3_index_2 [5] 
Ngay: 20130225,20130226,20130227,20130228,20130301,20130302,20130303,20130308,20130311,20130313,20130320,20130323,20130324,20130326,20130328,20130329,20130401,20130403
G.6.3_index_3_VS_G.3.4_index_3 [6] 
Ngay: 20130225,20130226,20130227,20130228,20130301,20130302,20130303,20130304,20130305,20130309,20130313,20130315,20130316,20130320,20130323,20130324,20130325,20130329,20130401
Number is 08
G.2.2_index_3_VS_G.4.2_index_3 [7] 
Ngay: 20130224,20130225,20130226,20130227,20130228,20130301,20130302,20130304,20130305,20130306,20130310,20130311,20130313,20130321,20130322,20130323,20130325,20130326,20130331,20130402
Number is 10
G.DB_index_2_VS_G.4.1_index_4 [8] 
Ngay: 20130225,20130226,20130227,20130228,20130301,20130302,20130304,20130305,20130307,20130310,20130314,20130316,20130317,20130319,20130321,20130326,20130329,20130331,20130401,20130402,20130403
G.5.4_index_3_VS_G.5.4_index_1 [9] 
Ngay: 20130225,20130226,20130227,20130228,20130301,20130302,20130303,20130304,20130305,20130306,20130307,20130310,20130312,20130314,20130317,20130320,20130322,20130326,20130329,20130330,20130331,20130403
Number is 11
G.2.2_index_2_VS_G.DB_index_2 [10] 
Ngay: 20130225,20130226,20130227,20130228,20130301,20130302,20130308,20130309,20130313,20130317,20130318,20130320,20130330,20130403
G.3.5_index_2_VS_G.5.2_index_3 [11] 
Ngay: 20130224,20130225,20130226,20130227,20130228,20130301,20130302,20130304,20130309,20130311,20130312,20130313,20130317,20130319,20130320,20130321,20130324,20130325,20130326,20130402,20130403
G.3.3_index_4_VS_G.2.2_index_2 [12] 
Ngay: 20130224,20130225,20130226,20130227,20130228,20130301,20130302,20130304,20130307,20130308,20130313,20130315,20130317,20130322,20130401
Number is 12
G.7.2_index_1_VS_G.3.5_index_5 [13] 
Ngay: 20130224,20130225,20130226,20130227,20130228,20130301,20130302,20130303,20130305,20130309,20130310,20130311,20130312,20130316,20130317,20130319,20130320,20130321,20130322,20130328,20130331,20130401
Number is 13
G.6.3_index_2_VS_G.4.3_index_1 [14] 
Ngay: 20130224,20130225,20130226,20130227,20130228,20130301,20130302,20130303,20130304,20130306,20130308,20130314,20130316,20130319,20130320,20130321,20130323,20130324,20130325,20130327,20130329,20130401
G.2.2_index_2_VS_G.4.2_index_2 [15] 
Ngay: 20130224,20130225,20130226,20130227,20130228,20130301,20130302,20130308,20130313,20130315,20130316,20130318,20130321,20130326,20130328,20130330,20130331
G.3.3_index_4_VS_G.3.3_index_3 [16] 
Ngay: 20130225,20130226,20130227,20130228,20130301,20130302,20130304,20130305,20130306,20130307,20130310,20130312,20130313,20130314,20130316,20130320,20130323,20130326,20130327,20130330,20130403
Number is 16
G.3.3_index_1_VS_G.2.2_index_4 [17] 
Ngay: 20130224,20130225,20130226,20130227,20130228,20130301,20130302,20130303,20130305,20130306,20130308,20130309,20130310,20130316,20130322,20130323,20130324,20130325,20130403
G.3.3_index_4_VS_G.2.2_index_4 [18] 
Ngay: 20130225,20130226,20130227,20130228,20130301,20130302,20130304,20130306,20130308,20130310,20130312,20130313,20130318,20130319,20130323,20130324,20130329,20130330
Number is 20
G.4.1_index_2_VS_G.5.4_index_1 [19] 
Ngay: 20130225,20130226,20130227,20130228,20130301,20130302,20130306,20130309,20130312,20130313,20130318,20130321,20130322,20130323,20130324,20130325,20130326,20130327,20130328,20130331,20130402,20130403
G.6.2_index_3_VS_G.6.3_index_3 [20] 
Ngay: 20130225,20130226,20130227,20130228,20130301,20130302,20130303,20130305,20130313,20130319,20130323,20130329,20130330,20130331,20130402,20130403
Number is 21
G.4.1_index_2_VS_G.6.3_index_2 [21] 
Ngay: 20130225,20130226,20130227,20130228,20130301,20130302,20130304,20130305,20130309,20130310,20130311,20130312,20130313,20130314,20130315,20130316,20130320,20130321,20130323,20130325,20130326,20130327,20130330
G.6.2_index_3_VS_G.2.2_index_2 [22] 
Ngay: 20130225,20130226,20130227,20130228,20130301,20130302,20130305,20130308,20130309,20130310,20130311,20130312,20130313,20130314,20130316,20130321,20130322,20130325,20130326,20130329,20130402,20130403
Number is 22
G.5.3_index_1_VS_G.3.5_index_5 [23] 
Ngay: 20130224,20130225,20130226,20130227,20130228,20130301,20130302,20130306,20130307,20130308,20130309,20130311,20130312,20130313,20130317,20130320,20130322,20130326,20130327,20130401,20130403
Number is 25
G.DB_index_5_VS_G.7.3_index_2 [24] 
Ngay: 20130225,20130226,20130227,20130228,20130301,20130302,20130303,20130305,20130306,20130311,20130312,20130314,20130315,20130316,20130318,20130320,20130326,20130327,20130329,20130403
Number is 26
G.5.3_index_1_VS_G.2.2_index_4 [25] 
Ngay: 20130225,20130226,20130227,20130228,20130301,20130302,20130303,20130306,20130307,20130309,20130311,20130312,20130318,20130320,20130321,20130326
Number is 31
G.3.1_index_3_VS_G.4.4_index_2 [26] 
Ngay: 20130224,20130225,20130226,20130227,20130228,20130301,20130302,20130307,20130308,20130309,20130313,20130317,20130319,20130323,20130327,20130328,20130329,20130330,20130401
Number is 33
G.3.3_index_3_VS_G.3.1_index_3 [27] 
Ngay: 20130224,20130225,20130226,20130227,20130228,20130301,20130302,20130303,20130305,20130307,20130308,20130309,20130310,20130313,20130314,20130317,20130322,20130323,20130326,20130327,20130331,20130401
Number is 37
G.3.3_index_3_VS_G.5.4_index_4 [28] 
Ngay: 20130224,20130225,20130226,20130227,20130228,20130301,20130302,20130305,20130307,20130308,20130310,20130312,20130313,20130314,20130316,20130319,20130320,20130321,20130324,20130327,20130331,20130401,20130403
Number is 41
G.2.1_index_2_VS_G.3.3_index_1 [29] 
Ngay: 20130224,20130225,20130226,20130227,20130228,20130301,20130302,20130303,20130312,20130313,20130314,20130316,20130320,20130321,20130322,20130323,20130324,20130330,20130331,20130401,20130403
Number is 45
G.3.2_index_1_VS_G.3.4_index_1 [30] 
Ngay: 20130224,20130225,20130226,20130227,20130228,20130301,20130302,20130303,20130305,20130310,20130319,20130320,20130321,20130328,20130329,20130330
Number is 47
G.6.2_index_1_VS_G.5.5_index_1 [31] 
Ngay: 20130225,20130226,20130227,20130228,20130301,20130302,20130304,20130305,20130310,20130313,20130316,20130318,20130319,20130320,20130327,20130328,20130329,20130401,20130402
Number is 54
G.3.1_index_1_VS_G.2.1_index_2 [32] 
Ngay: 20130224,20130225,20130226,20130227,20130228,20130301,20130302,20130303,20130304,20130305,20130306,20130308,20130312,20130313,20130319,20130320,20130321,20130322,20130323,20130324,20130325,20130330,20130331,20130401,20130403
Number is 56
G.3.1_index_1_VS_G.2.2_index_4 [33] 
Ngay: 20130225,20130226,20130227,20130228,20130301,20130302,20130303,20130306,20130309,20130312,20130318,20130321,20130322,20130323,20130329,20130403
Number is 61
G.2.2_index_4_VS_G.7.2_index_1 [34] 
Ngay: 20130224,20130225,20130226,20130227,20130228,20130301,20130302,20130305,20130306,20130308,20130309,20130310,20130311,20130312,20130315,20130316,20130320,20130321,20130327,20130328,20130331,20130402,20130403
Number is 65
G.3.2_index_4_VS_G.7.3_index_2 [35] 
Ngay: 20130224,20130225,20130226,20130227,20130228,20130301,20130302,20130304,20130306,20130307,20130315,20130319,20130323,20130324,20130326,20130327,20130329,20130330,20130331,20130401,20130402
Number is 66
G.3.3_index_2_VS_G.7.1_index_1 [36] 
Ngay: 20130225,20130226,20130227,20130228,20130301,20130302,20130308,20130311,20130312,20130313,20130320,20130321,20130325,20130329,20130330,20130401,20130402
Number is 71
G.5.5_index_1_VS_G.7.2_index_1 [37] 
Ngay: 20130225,20130226,20130227,20130228,20130301,20130302,20130306,20130307,20130312,20130313,20130314,20130315,20130320,20130322,20130327,20130328,20130329,20130331,20130401
Number is 81
G.3.6_index_4_VS_G.2.2_index_2 [38] 
Ngay: 20130225,20130226,20130227,20130228,20130301,20130302,20130304,20130305,20130307,20130308,20130310,20130311,20130312,20130318,20130320,20130323,20130326,20130329,20130330,20130401,20130403
