Last Date = 20130404
Except date ======= 
required date ======= 20130226,20130227,20130228,20130301,20130302,20130303
Number is 01
G.5.1_index_1_VS_G.7.2_index_1 [1] 
Ngay: 20130225,20130226,20130227,20130228,20130301,20130302,20130303,20130306,20130308,20130309,20130315,20130326,20130328,20130329,20130401
Number is 05
G.5.4_index_1_VS_G.7.3_index_2 [2] 
Ngay: 20130225,20130226,20130227,20130228,20130301,20130302,20130303,20130308,20130311,20130313,20130320,20130323,20130324,20130326,20130328,20130329,20130401,20130403
G.6.3_index_3_VS_G.3.4_index_3 [3] 
Ngay: 20130225,20130226,20130227,20130228,20130301,20130302,20130303,20130304,20130305,20130309,20130313,20130315,20130316,20130320,20130323,20130324,20130325,20130329,20130401
Number is 10
G.5.4_index_2_VS_G.4.1_index_4 [4] 
Ngay: 20130226,20130227,20130228,20130301,20130302,20130303,20130304,20130305,20130308,20130312,20130313,20130314,20130315,20130316,20130318,20130322,20130323,20130329,20130401,20130402,20130403
G.5.4_index_3_VS_G.5.4_index_1 [5] 
Ngay: 20130225,20130226,20130227,20130228,20130301,20130302,20130303,20130304,20130305,20130306,20130307,20130310,20130312,20130314,20130317,20130320,20130322,20130326,20130329,20130330,20130331,20130403
Number is 11
G.7.2_index_1_VS_G.3.5_index_2 [6] 
Ngay: 20130226,20130227,20130228,20130301,20130302,20130303,20130305,20130306,20130307,20130308,20130309,20130311,20130312,20130316,20130317,20130321,20130323,20130329,20130402
Number is 12
G.7.2_index_1_VS_G.3.5_index_5 [7] 
Ngay: 20130224,20130225,20130226,20130227,20130228,20130301,20130302,20130303,20130305,20130309,20130310,20130311,20130312,20130316,20130317,20130319,20130320,20130321,20130322,20130328,20130331,20130401
Number is 13
G.6.3_index_2_VS_G.4.3_index_1 [8] 
Ngay: 20130224,20130225,20130226,20130227,20130228,20130301,20130302,20130303,20130304,20130306,20130308,20130314,20130316,20130319,20130320,20130321,20130323,20130324,20130325,20130327,20130329,20130401
Number is 16
G.3.3_index_1_VS_G.2.2_index_4 [9] 
Ngay: 20130224,20130225,20130226,20130227,20130228,20130301,20130302,20130303,20130305,20130306,20130308,20130309,20130310,20130316,20130322,20130323,20130324,20130325,20130403
Number is 20
G.6.2_index_3_VS_G.6.3_index_3 [10] 
Ngay: 20130225,20130226,20130227,20130228,20130301,20130302,20130303,20130305,20130313,20130319,20130323,20130329,20130330,20130331,20130402,20130403
Number is 23
G.2.1_index_4_VS_G.3.3_index_3 [11] 
Ngay: 20130226,20130227,20130228,20130301,20130302,20130303,20130308,20130310,20130314,20130316,20130321,20130324,20130325,20130326,20130327,20130328,20130401,20130403
Number is 24
G.5.3_index_1_VS_G.5.6_index_2 [12] 
Ngay: 20130224,20130226,20130227,20130228,20130301,20130302,20130303,20130304,20130306,20130308,20130309,20130310,20130311,20130315,20130316,20130318,20130320,20130321,20130324,20130326,20130330,20130401,20130403
Number is 25
G.DB_index_5_VS_G.7.3_index_2 [13] 
Ngay: 20130225,20130226,20130227,20130228,20130301,20130302,20130303,20130305,20130306,20130311,20130312,20130314,20130315,20130316,20130318,20130320,20130326,20130327,20130329,20130403
Number is 26
G.5.3_index_1_VS_G.2.2_index_4 [14] 
Ngay: 20130225,20130226,20130227,20130228,20130301,20130302,20130303,20130306,20130307,20130309,20130311,20130312,20130318,20130320,20130321,20130326
Number is 29
G.5.1_index_4_VS_G.3.6_index_1 [15] 
Ngay: 20130226,20130227,20130228,20130301,20130302,20130303,20130304,20130308,20130309,20130312,20130313,20130316,20130317,20130318,20130319,20130325,20130329,20130401,20130403
Number is 33
G.3.3_index_3_VS_G.3.1_index_3 [16] 
Ngay: 20130224,20130225,20130226,20130227,20130228,20130301,20130302,20130303,20130305,20130307,20130308,20130309,20130310,20130313,20130314,20130317,20130322,20130323,20130326,20130327,20130331,20130401
Number is 38
G.3.3_index_3_VS_G.4.2_index_3 [17] 
Ngay: 20130224,20130226,20130227,20130228,20130301,20130302,20130303,20130305,20130306,20130307,20130308,20130309,20130310,20130313,20130314,20130316,20130319,20130320,20130321,20130323,20130326,20130327,20130401,20130403
Number is 41
G.2.1_index_2_VS_G.3.3_index_1 [18] 
Ngay: 20130224,20130225,20130226,20130227,20130228,20130301,20130302,20130303,20130312,20130313,20130314,20130316,20130320,20130321,20130322,20130323,20130324,20130330,20130331,20130401,20130403
Number is 45
G.3.2_index_1_VS_G.3.4_index_1 [19] 
Ngay: 20130224,20130225,20130226,20130227,20130228,20130301,20130302,20130303,20130305,20130310,20130319,20130320,20130321,20130328,20130329,20130330
Number is 54
G.3.1_index_1_VS_G.2.1_index_2 [20] 
Ngay: 20130224,20130225,20130226,20130227,20130228,20130301,20130302,20130303,20130304,20130305,20130306,20130308,20130312,20130313,20130319,20130320,20130321,20130322,20130323,20130324,20130325,20130330,20130331,20130401,20130403
Number is 56
G.3.1_index_1_VS_G.2.2_index_4 [21] 
Ngay: 20130225,20130226,20130227,20130228,20130301,20130302,20130303,20130306,20130309,20130312,20130318,20130321,20130322,20130323,20130329,20130403
Number is 69
G.3.6_index_2_VS_G.5.2_index_1 [22] 
Ngay: 20130226,20130227,20130228,20130301,20130302,20130303,20130305,20130307,20130308,20130310,20130312,20130313,20130314,20130318,20130319,20130323,20130324,20130330,20130331,20130402,20130403
Number is 81
G.3.6_index_4_VS_G.2.1_index_5 [23] 
Ngay: 20130226,20130227,20130228,20130301,20130302,20130303,20130304,20130305,20130308,20130311,20130316,20130317,20130318,20130320,20130324,20130325,20130326,20130331,20130402
Number is 84
G.3.6_index_4_VS_G.3.4_index_5 [24] 
Ngay: 20130224,20130226,20130227,20130228,20130301,20130302,20130303,20130304,20130305,20130307,20130310,20130314,20130318,20130320,20130323,20130327,20130328,20130329,20130330,20130401,20130402
