Last Date = 20130304
Number is 02
G.3.1_index_1_VS_G.2.1_index_2 [1] 
Ngay: 20130219,20130221,20130222,20130224,20130225,20130226,20130227,20130228,20130301,20130302,20130303
Number is 03
G.3.1_index_1_VS_G.2.2_index_4 [2] 
Ngay: 20130216,20130219,20130225,20130226,20130227,20130228,20130301,20130302,20130303
Number is 17
G.5.1_index_1_VS_G.7.2_index_1 [3] 
Ngay: 20130215,20130216,20130219,20130221,20130225,20130226,20130227,20130228,20130301,20130302,20130303
Number is 22
G.DB_index_5_VS_G.7.3_index_2 [4] 
Ngay: 20130217,20130219,20130220,20130221,20130225,20130226,20130227,20130228,20130301,20130302,20130303
G.5.4_index_1_VS_G.7.3_index_2 [5] 
Ngay: 20130216,20130217,20130220,20130221,20130225,20130226,20130227,20130228,20130301,20130302,20130303
Number is 29
G.2.1_index_2_VS_G.3.3_index_1 [6] 
Ngay: 20130215,20130217,20130219,20130221,20130223,20130224,20130225,20130226,20130227,20130228,20130301,20130302,20130303
Number is 32
G.5.4_index_3_VS_G.5.4_index_1 [7] 
Ngay: 20130215,20130218,20130222,20130225,20130226,20130227,20130228,20130301,20130302,20130303
Number is 33
G.5.1_index_4_VS_G.3.6_index_1 [8] 
Ngay: 20130219,20130220,20130223,20130226,20130227,20130228,20130301,20130302,20130303
Number is 34
G.3.2_index_1_VS_G.3.4_index_1 [9] 
Ngay: 20130215,20130216,20130224,20130225,20130226,20130227,20130228,20130301,20130302,20130303
Number is 37
G.2.1_index_4_VS_G.3.3_index_3 [10] 
Ngay: 20130215,20130216,20130217,20130218,20130221,20130226,20130227,20130228,20130301,20130302,20130303
Number is 40
G.5.3_index_1_VS_G.5.6_index_2 [11] 
Ngay: 20130216,20130218,20130219,20130223,20130224,20130226,20130227,20130228,20130301,20130302,20130303
Number is 43
G.5.3_index_1_VS_G.2.2_index_4 [12] 
Ngay: 20130218,20130219,20130221,20130222,20130225,20130226,20130227,20130228,20130301,20130302,20130303
Number is 44
G.6.3_index_2_VS_G.4.3_index_1 [13] 
Ngay: 20130219,20130222,20130224,20130225,20130226,20130227,20130228,20130301,20130302,20130303
Number is 46
G.5.4_index_2_VS_G.4.1_index_4 [14] 
Ngay: 20130215,20130217,20130218,20130221,20130226,20130227,20130228,20130301,20130302,20130303
Number is 48
G.6.3_index_3_VS_G.3.4_index_3 [15] 
Ngay: 20130220,20130223,20130225,20130226,20130227,20130228,20130301,20130302,20130303
Number is 60
G.3.6_index_2_VS_G.5.2_index_1 [16] 
Ngay: 20130217,20130218,20130221,20130223,20130226,20130227,20130228,20130301,20130302,20130303
Number is 70
G.3.3_index_3_VS_G.4.2_index_3 [17] 
Ngay: 20130216,20130218,20130219,20130223,20130224,20130226,20130227,20130228,20130301,20130302,20130303
Number is 73
G.7.2_index_1_VS_G.3.5_index_2 [18] 
Ngay: 20130216,20130217,20130219,20130226,20130227,20130228,20130301,20130302,20130303
G.3.3_index_3_VS_G.3.1_index_3 [19] 
Ngay: 20130215,20130216,20130220,20130223,20130224,20130225,20130226,20130227,20130228,20130301,20130302,20130303
Number is 77
G.7.2_index_1_VS_G.3.5_index_5 [20] 
Ngay: 20130216,20130217,20130220,20130221,20130224,20130225,20130226,20130227,20130228,20130301,20130302,20130303
Number is 82
G.3.6_index_4_VS_G.3.4_index_5 [21] 
Ngay: 20130218,20130220,20130222,20130223,20130224,20130226,20130227,20130228,20130301,20130302,20130303
Number is 87
G.3.6_index_4_VS_G.2.1_index_5 [22] 
Ngay: 20130216,20130218,20130219,20130222,20130226,20130227,20130228,20130301,20130302,20130303
Number is 93
G.3.3_index_1_VS_G.2.2_index_4 [23] 
Ngay: 20130215,20130221,20130222,20130223,20130224,20130225,20130226,20130227,20130228,20130301,20130302,20130303
Number is 94
G.6.2_index_3_VS_G.6.3_index_3 [24] 
Ngay: 20130215,20130216,20130221,20130225,20130226,20130227,20130228,20130301,20130302,20130303
