Last Date = 20130323
Number is 48
G.2.2_index_5_VS_G.4.4_index_3 [11] 
Ngay: 20130217,20130221,20130224,20130301,20130303,20130304,20130305,20130306,20130307,20130308,20130309,20130310,20130311,20130316,20130317,20130318,20130321,20130322
Number is 76
G.7.3_index_2_VS_G.6.2_index_3 [28] 
Ngay: 20130217,20130218,20130219,20130220,20130225,20130228,20130301,20130305,20130306,20130307,20130308,20130309,20130310,20130311,20130316,20130320
Number is 77
G.3.2_index_2_VS_G.3.1_index_3 [13] 
Ngay: 20130215,20130217,20130220,20130222,20130223,20130225,20130226,20130227,20130228,20130304,20130305,20130306,20130307,20130308,20130309,20130310,20130311,20130318,20130320,20130322
Number is 91
G.7.1_index_1_VS_G.DB_index_5 [3] 
Ngay: 20130217,20130218,20130219,20130220,20130221,20130222,20130223,20130227,20130303,20130305,20130306,20130307,20130308,20130309,20130310,20130311,20130319,20130321,20130322
