Last Date = 20130312
Number is 06
G.4.3_index_1_VS_G.5.6_index_2 [1] 
Ngay: 20130218,20130220,20130221,20130224,20130228,20130303,20130304,20130306,20130307,20130308,20130309,20130310,20130311
Number is 15
G.5.5_index_4_VS_G.5.4_index_4 [2] 
Ngay: 20130217,20130218,20130219,20130220,20130222,20130223,20130227,20130228,20130301,20130304,20130305,20130306,20130307,20130308,20130309,20130310,20130311
Number is 17
G.7.1_index_1_VS_G.DB_index_5 [3] 
Ngay: 20130217,20130218,20130219,20130220,20130221,20130222,20130223,20130227,20130303,20130305,20130306,20130307,20130308,20130309,20130310,20130311
G.5.4_index_2_VS_G.7.2_index_1 [4] 
Ngay: 20130217,20130223,20130225,20130306,20130307,20130308,20130309,20130310,20130311
Number is 27
G.5.3_index_2_VS_G.DB_index_1 [5] 
Ngay: 20130216,20130217,20130218,20130220,20130223,20130224,20130226,20130301,20130304,20130306,20130307,20130308,20130309,20130310,20130311
Number is 31
G.3.6_index_3_VS_G.5.4_index_2 [6] 
Ngay: 20130221,20130224,20130225,20130226,20130302,20130303,20130306,20130307,20130308,20130309,20130310,20130311
Number is 34
G.3.2_index_3_VS_G.6.3_index_1 [7] 
Ngay: 20130217,20130218,20130219,20130301,20130306,20130307,20130308,20130309,20130310,20130311
Number is 38
G.5.2_index_4_VS_G.4.4_index_3 [8] 
Ngay: 20130216,20130222,20130223,20130227,20130228,20130302,20130303,20130306,20130307,20130308,20130309,20130310,20130311
Number is 57
G.5.1_index_1_VS_G.3.2_index_2 [9] 
Ngay: 20130215,20130218,20130220,20130223,20130225,20130226,20130302,20130303,20130304,20130306,20130307,20130308,20130309,20130310,20130311
Number is 67
G.3.1_index_3_VS_G.5.3_index_1 [10] 
Ngay: 20130215,20130217,20130219,20130223,20130224,20130225,20130226,20130227,20130303,20130305,20130306,20130307,20130308,20130309,20130310,20130311
Number is 68
G.2.2_index_5_VS_G.4.4_index_3 [11] 
Ngay: 20130217,20130221,20130224,20130301,20130303,20130304,20130305,20130306,20130307,20130308,20130309,20130310,20130311
G.1.1_index_4_VS_G.4.4_index_1 [12] 
Ngay: 20130216,20130217,20130220,20130224,20130226,20130228,20130301,20130306,20130307,20130308,20130309,20130310,20130311
Number is 76
G.3.2_index_2_VS_G.3.1_index_3 [13] 
Ngay: 20130215,20130217,20130220,20130222,20130223,20130225,20130226,20130227,20130228,20130304,20130305,20130306,20130307,20130308,20130309,20130310,20130311
Number is 77
G.5.4_index_3_VS_G.7.2_index_1 [14] 
Ngay: 20130219,20130226,20130227,20130228,20130303,20130305,20130306,20130307,20130308,20130309,20130310,20130311
Number is 78
G.5.3_index_1_VS_G.5.3_index_3 [15] 
Ngay: 20130219,20130220,20130221,20130222,20130228,20130301,20130304,20130305,20130306,20130307,20130308,20130309,20130310,20130311
G.DB_index_5_VS_G.7.4_index_2 [16] 
Ngay: 20130218,20130220,20130221,20130222,20130223,20130226,20130228,20130301,20130304,20130305,20130306,20130307,20130308,20130309,20130310,20130311
Number is 79
G.5.3_index_1_VS_G.5.1_index_4 [17] 
Ngay: 20130217,20130218,20130220,20130224,20130225,20130228,20130302,20130305,20130306,20130307,20130308,20130309,20130310,20130311
Number is 82
G.7.2_index_2_VS_G.3.4_index_5 [18] 
Ngay: 20130216,20130217,20130219,20130221,20130222,20130223,20130224,20130225,20130304,20130306,20130307,20130308,20130309,20130310,20130311
Number is 84
G.5.2_index_2_VS_G.5.6_index_3 [19] 
Ngay: 20130217,20130218,20130219,20130223,20130224,20130226,20130227,20130228,20130301,20130306,20130307,20130308,20130309,20130310,20130311
Number is 86
G.5.5_index_2_VS_G.5.6_index_2 [20] 
Ngay: 20130218,20130221,20130222,20130226,20130304,20130306,20130307,20130308,20130309,20130310,20130311
Number is 87
G.3.3_index_1_VS_G.5.3_index_1 [21] 
Ngay: 20130215,20130218,20130220,20130224,20130225,20130226,20130227,20130228,20130306,20130307,20130308,20130309,20130310,20130311
Number is 89
G.2.2_index_1_VS_G.7.3_index_2 [22] 
Ngay: 20130215,20130221,20130225,20130301,20130302,20130303,20130306,20130307,20130308,20130309,20130310,20130311
G.4.4_index_3_VS_G.7.3_index_1 [23] 
Ngay: 20130215,20130216,20130218,20130219,20130224,20130306,20130307,20130308,20130309,20130310,20130311
Number is 90
G.7.3_index_2_VS_G.5.5_index_3 [24] 
Ngay: 20130219,20130221,20130228,20130304,20130306,20130307,20130308,20130309,20130310,20130311
Number is 94
G.3.3_index_5_VS_G.DB_index_2 [25] 
Ngay: 20130218,20130219,20130220,20130224,20130304,20130305,20130306,20130307,20130308,20130309,20130310,20130311
Number is 97
G.3.6_index_4_VS_G.4.1_index_2 [26] 
Ngay: 20130216,20130221,20130224,20130225,20130226,20130303,20130306,20130307,20130308,20130309,20130310,20130311
Number is 99
G.3.3_index_5_VS_G.7.3_index_2 [27] 
Ngay: 20130217,20130219,20130226,20130305,20130306,20130307,20130308,20130309,20130310,20130311
G.7.3_index_2_VS_G.6.2_index_3 [28] 
Ngay: 20130217,20130218,20130219,20130220,20130225,20130228,20130301,20130305,20130306,20130307,20130308,20130309,20130310,20130311
