Last Date = 20130323
Number is 22
G.5.5_index_3_VS_G.4.3_index_2 [13] 
Ngay: 20130217,20130221,20130222,20130225,20130226,20130301,20130303,20130304,20130307,20130308,20130311,20130312,20130313,20130314,20130315,20130316,20130317,20130322
Number is 24
G.4.1_index_4_VS_G.5.6_index_4 [6] 
Ngay: 20130215,20130216,20130217,20130219,20130220,20130224,20130226,20130301,20130302,20130310,20130312,20130313,20130314,20130315,20130316,20130317,20130320
Number is 34
G.DB_index_3_VS_G.4.2_index_2 [3] 
Ngay: 20130216,20130217,20130223,20130225,20130226,20130304,20130305,20130306,20130308,20130312,20130313,20130314,20130315,20130316,20130317
Number is 83
G.4.4_index_1_VS_G.5.4_index_4 [12] 
Ngay: 20130217,20130219,20130220,20130223,20130225,20130226,20130228,20130301,20130302,20130308,20130311,20130312,20130313,20130314,20130315,20130316,20130317,20130320
