Last Date = 20130319
Number is 03
G.3.5_index_3_VS_G.6.3_index_3 [1] 
Ngay: 20130216,20130218,20130223,20130224,20130227,20130228,20130304,20130312,20130313,20130314,20130315,20130316,20130317,20130318
Number is 19
G.2.2_index_2_VS_G.4.2_index_4 [2] 
Ngay: 20130217,20130222,20130223,20130224,20130228,20130302,20130308,20130310,20130311,20130313,20130314,20130315,20130316,20130317,20130318
Number is 20
G.3.6_index_2_VS_G.6.3_index_2 [3] 
Ngay: 20130222,20130223,20130225,20130226,20130228,20130301,20130303,20130304,20130305,20130307,20130311,20130313,20130314,20130315,20130316,20130317,20130318
Number is 22
G.6.1_index_2_VS_G.3.3_index_4 [4] 
Ngay: 20130216,20130221,20130222,20130224,20130225,20130226,20130227,20130228,20130301,20130304,20130305,20130306,20130307,20130312,20130313,20130314,20130315,20130316,20130317,20130318
Number is 24
G.5.4_index_3_VS_G.1.1_index_3 [5] 
Ngay: 20130216,20130221,20130222,20130224,20130226,20130228,20130301,20130302,20130306,20130308,20130313,20130314,20130315,20130316,20130317,20130318
Number is 27
G.3.3_index_4_VS_G.4.1_index_4 [6] 
Ngay: 20130215,20130216,20130218,20130219,20130227,20130228,20130301,20130302,20130305,20130307,20130308,20130310,20130313,20130314,20130315,20130316,20130317,20130318
Number is 31
G.4.2_index_2_VS_G.5.5_index_2 [7] 
Ngay: 20130215,20130219,20130223,20130301,20130303,20130304,20130309,20130310,20130311,20130313,20130314,20130315,20130316,20130317,20130318
Number is 38
G.1.1_index_2_VS_G.3.4_index_3 [8] 
Ngay: 20130223,20130224,20130228,20130303,20130304,20130308,20130309,20130313,20130314,20130315,20130316,20130317,20130318
Number is 39
G.5.1_index_2_VS_G.4.2_index_4 [9] 
Ngay: 20130215,20130216,20130217,20130218,20130219,20130223,20130228,20130304,20130306,20130307,20130312,20130313,20130314,20130315,20130316,20130317,20130318
Number is 43
G.1.1_index_3_VS_G.1.1_index_2 [10] 
Ngay: 20130216,20130217,20130221,20130222,20130223,20130225,20130303,20130313,20130314,20130315,20130316,20130317,20130318
Number is 46
G.1.1_index_3_VS_G.5.3_index_3 [11] 
Ngay: 20130215,20130216,20130219,20130221,20130223,20130225,20130226,20130301,20130302,20130307,20130310,20130312,20130313,20130314,20130315,20130316,20130317,20130318
Number is 54
G.6.1_index_3_VS_G.1.1_index_3 [12] 
Ngay: 20130215,20130217,20130220,20130221,20130225,20130226,20130228,20130313,20130314,20130315,20130316,20130317,20130318
Number is 65
G.5.2_index_4_VS_G.4.4_index_3 [13] 
Ngay: 20130216,20130222,20130223,20130227,20130228,20130302,20130303,20130306,20130307,20130308,20130309,20130310,20130311,20130312,20130313,20130314,20130315,20130316,20130317,20130318
Number is 66
G.5.4_index_2_VS_G.3.1_index_5 [14] 
Ngay: 20130218,20130221,20130225,20130226,20130301,20130302,20130305,20130306,20130308,20130309,20130313,20130314,20130315,20130316,20130317,20130318
Number is 67
G.3.5_index_4_VS_G.2.1_index_3 [15] 
Ngay: 20130215,20130216,20130217,20130218,20130219,20130222,20130228,20130301,20130304,20130305,20130306,20130308,20130310,20130313,20130314,20130315,20130316,20130317,20130318
G.5.2_index_4_VS_G.4.1_index_4 [16] 
Ngay: 20130215,20130217,20130220,20130222,20130228,20130301,20130302,20130306,20130312,20130313,20130314,20130315,20130316,20130317,20130318
Number is 68
G.5.3_index_3_VS_G.3.4_index_3 [17] 
Ngay: 20130222,20130224,20130228,20130301,20130303,20130304,20130308,20130313,20130314,20130315,20130316,20130317,20130318
Number is 76
G.3.5_index_1_VS_G.3.1_index_5 [18] 
Ngay: 20130215,20130218,20130222,20130224,20130301,20130302,20130303,20130305,20130307,20130308,20130313,20130314,20130315,20130316,20130317,20130318
Number is 79
G.5.2_index_2_VS_G.5.6_index_2 [19] 
Ngay: 20130216,20130221,20130222,20130224,20130226,20130228,20130301,20130303,20130304,20130306,20130308,20130309,20130311,20130313,20130314,20130315,20130316,20130317,20130318
G.5.5_index_3_VS_G.5.6_index_2 [20] 
Ngay: 20130217,20130218,20130221,20130226,20130303,20130306,20130308,20130309,20130312,20130313,20130314,20130315,20130316,20130317,20130318
Number is 98
G.5.3_index_4_VS_G.DB_index_3 [21] 
Ngay: 20130216,20130217,20130219,20130226,20130227,20130228,20130302,20130305,20130308,20130309,20130310,20130311,20130313,20130314,20130315,20130316,20130317,20130318
