Last Date = 20130404
Number is 64
G.5.5_index_4_VS_G.5.6_index_2 [8] 
Ngay: 20130226,20130227,20130228,20130304,20130305,20130306,20130308,20130309,20130310,20130314,20130315,20130316,20130317,20130318,20130319,20130320,20130326,20130327,20130328,20130329,20130330,20130401
Number is 83
G.5.2_index_4_VS_G.5.3_index_4 [10] 
Ngay: 20130224,20130225,20130228,20130301,20130302,20130303,20130304,20130305,20130306,20130307,20130308,20130309,20130310,20130312,20130315,20130316,20130317,20130318,20130319,20130320,20130328,20130330,20130403
Number is 93
G.5.2_index_2_VS_G.4.2_index_2 [6] 
Ngay: 20130301,20130303,20130304,20130309,20130310,20130313,20130315,20130316,20130317,20130318,20130319,20130320,20130326,20130327,20130330
