Last Date = 20130404
Except date ======= 
required date ======= 20130322,20130323,20130324,20130325,20130326,20130327
Number is 03
G.5.4_index_1_VS_G.4.3_index_1 [1] 
Ngay: 20130226,20130301,20130302,20130304,20130305,20130310,20130311,20130313,20130314,20130316,20130318,20130320,20130322,20130323,20130324,20130325,20130326,20130327,20130329,20130331,20130402
Number is 05
G.5.1_index_1_VS_G.5.6_index_1 [2] 
Ngay: 20130224,20130225,20130227,20130228,20130301,20130304,20130308,20130311,20130312,20130314,20130315,20130318,20130320,20130322,20130323,20130324,20130325,20130326,20130327,20130328,20130329,20130401
Number is 20
G.4.1_index_2_VS_G.5.4_index_1 [3] 
Ngay: 20130225,20130226,20130227,20130228,20130301,20130302,20130306,20130309,20130312,20130313,20130318,20130321,20130322,20130323,20130324,20130325,20130326,20130327,20130328,20130331,20130402,20130403
Number is 22
G.4.1_index_2_VS_G.3.5_index_5 [4] 
Ngay: 20130226,20130227,20130301,20130302,20130303,20130306,20130307,20130308,20130310,20130311,20130312,20130313,20130314,20130319,20130321,20130322,20130323,20130324,20130325,20130326,20130327,20130328,20130402
Number is 23
G.DB_index_4_VS_G.4.1_index_3 [5] 
Ngay: 20130228,20130301,20130304,20130309,20130313,20130316,20130318,20130321,20130322,20130323,20130324,20130325,20130326,20130327,20130401
Number is 31
G.4.1_index_3_VS_G.3.3_index_1 [6] 
Ngay: 20130225,20130226,20130303,20130304,20130314,20130322,20130323,20130324,20130325,20130326,20130327,20130401
Number is 36
G.4.1_index_3_VS_G.3.2_index_4 [7] 
Ngay: 20130224,20130226,20130301,20130303,20130306,20130307,20130313,20130315,20130316,20130317,20130320,20130322,20130323,20130324,20130325,20130326,20130327,20130329
Number is 44
G.2.2_index_5_VS_G.3.4_index_5 [8] 
Ngay: 20130226,20130228,20130304,20130305,20130310,20130311,20130314,20130320,20130321,20130322,20130323,20130324,20130325,20130326,20130327,20130329,20130330
G.3.4_index_5_VS_G.2.1_index_2 [9] 
Ngay: 20130224,20130225,20130305,20130307,20130312,20130315,20130318,20130322,20130323,20130324,20130325,20130326,20130327,20130330,20130401,20130402
Number is 64
G.7.1_index_1_VS_G.2.2_index_5 [10] 
Ngay: 20130226,20130227,20130228,20130307,20130309,20130311,20130313,20130318,20130319,20130322,20130323,20130324,20130325,20130326,20130327,20130328,20130329,20130402
Number is 67
G.5.6_index_3_VS_G.1.1_index_3 [11] 
Ngay: 20130224,20130225,20130226,20130228,20130302,20130305,20130306,20130307,20130310,20130314,20130316,20130320,20130321,20130322,20130323,20130324,20130325,20130326,20130327,20130329
Number is 74
G.5.5_index_1_VS_G.3.4_index_5 [12] 
Ngay: 20130224,20130225,20130226,20130228,20130301,20130302,20130310,20130311,20130315,20130318,20130320,20130321,20130322,20130323,20130324,20130325,20130326,20130327,20130328,20130329,20130330,20130401
Number is 80
G.4.2_index_3_VS_G.5.1_index_2 [13] 
Ngay: 20130224,20130225,20130227,20130228,20130301,20130303,20130305,20130306,20130311,20130312,20130313,20130314,20130315,20130322,20130323,20130324,20130325,20130326,20130327,20130331,20130401,20130403
Number is 86
G.5.5_index_2_VS_G.3.2_index_4 [14] 
Ngay: 20130224,20130226,20130301,20130303,20130304,20130306,20130307,20130308,20130309,20130312,20130314,20130315,20130318,20130320,20130322,20130323,20130324,20130325,20130326,20130327,20130329,20130402
Number is 98
G.2.2_index_1_VS_G.3.5_index_1 [15] 
Ngay: 20130224,20130226,20130227,20130228,20130303,20130304,20130305,20130310,20130314,20130315,20130316,20130319,20130321,20130322,20130323,20130324,20130325,20130326,20130327,20130401,20130403
