Last Date = 20130709
Number is 01
G.7.4_index_1_VS_G.5.5_index_2[1] 
Ngay: 20130621,20130623,20130626,20130628,20130629,20130630,20130701,20130702,20130703,20130704,20130705,20130707
Number is 02
G.7.4_index_1_VS_G.5.6_index_4[2] 
Ngay: 20130620,20130621,20130622,20130625,20130628,20130629,20130630,20130701,20130702,20130703,20130704,20130706
Number is 04
G.5.3_index_4_VS_G.3.6_index_2[3] 
Ngay: 20130622,20130624,20130626,20130629,20130630,20130701,20130702,20130703,20130704,20130706
Number is 10
G.7.1_index_1_VS_G.7.4_index_1[4] 
Ngay: 20130620,20130621,20130625,20130626,20130629,20130630,20130701,20130702,20130703,20130704
Number is 13
G.5.5_index_2_VS_G.6.1_index_1[5] 
Ngay: 20130621,20130622,20130625,20130626,20130628,20130629,20130630,20130701,20130702,20130703,20130704,20130705,20130706,20130708
Number is 16
G.5.5_index_2_VS_G.3.2_index_1[6] 
Ngay: 20130623,20130627,20130629,20130630,20130701,20130702,20130703,20130704,20130705,20130708
Number is 18
G.5.2_index_3_VS_G.5.4_index_2[7] 
Ngay: 20130620,20130621,20130622,20130623,20130627,20130629,20130630,20130701,20130702,20130703,20130704,20130707
Number is 23
G.3.1_index_3_VS_G.6.2_index_1[8] 
Ngay: 20130620,20130623,20130625,20130627,20130629,20130630,20130701,20130702,20130703,20130704,20130706
Number is 24
G.5.1_index_2_VS_G.3.6_index_2[9] 
Ngay: 20130624,20130628,20130629,20130630,20130701,20130702,20130703,20130704,20130706
Number is 25
G.1.1_index_4_VS_G.3.2_index_4[10] 
Ngay: 20130622,20130626,20130628,20130629,20130630,20130701,20130702,20130703,20130704,20130705,20130707
Number is 35
G.6.1_index_1_VS_G.2.2_index_4[11] 
Ngay: 20130621,20130627,20130628,20130629,20130630,20130701,20130702,20130703,20130704,20130705
Number is 39
G.6.2_index_1_VS_G.5.3_index_1[12] 
Ngay: 20130622,20130623,20130624,20130627,20130629,20130630,20130701,20130702,20130703,20130704,20130705,20130706
Number is 46
G.DB_index_3_VS_G.5.2_index_2[13] 
Ngay: 20130620,20130621,20130623,20130624,20130626,20130627,20130629,20130630,20130701,20130702,20130703,20130704,20130707,20130708
Number is 53
G.2.2_index_4_VS_G.6.2_index_1[14] 
Ngay: 20130622,20130623,20130624,20130627,20130629,20130630,20130701,20130702,20130703,20130704,20130705
G.3.2_index_4_VS_G.3.3_index_4[15] 
Ngay: 20130621,20130622,20130625,20130627,20130629,20130630,20130701,20130702,20130703,20130704,20130705
Number is 54
G.3.2_index_4_VS_G.7.2_index_1[16] 
Ngay: 20130620,20130622,20130625,20130629,20130630,20130701,20130702,20130703,20130704,20130706
G.3.1_index_4_VS_G.DB_index_3[17] 
Ngay: 20130620,20130624,20130626,20130628,20130629,20130630,20130701,20130702,20130703,20130704
Number is 60
G.5.1_index_4_VS_G.5.4_index_1[18] 
Ngay: 20130620,20130625,20130626,20130627,20130629,20130630,20130701,20130702,20130703,20130704,20130706,20130707,20130708
Number is 62
G.3.2_index_1_VS_G.2.1_index_5[19] 
Ngay: 20130620,20130622,20130623,20130624,20130627,20130628,20130629,20130630,20130701,20130702,20130703,20130704,20130705
Number is 69
G.1.1_index_1_VS_G.4.4_index_1[20] 
Ngay: 20130623,20130624,20130625,20130627,20130628,20130629,20130630,20130701,20130702,20130703,20130704,20130707
Number is 72
G.7.1_index_2_VS_G.5.1_index_2[21] 
Ngay: 20130620,20130621,20130623,20130624,20130627,20130629,20130630,20130701,20130702,20130703,20130704,20130707,20130708
Number is 74
G.7.1_index_2_VS_G.DB_index_3[22] 
Ngay: 20130620,20130624,20130629,20130630,20130701,20130702,20130703,20130704,20130707
Number is 80
G.5.4_index_2_VS_G.5.3_index_4[23] 
Ngay: 20130623,20130626,20130627,20130628,20130629,20130630,20130701,20130702,20130703,20130704,20130705
Number is 84
G.3.2_index_5_VS_G.DB_index_3[24] 
Ngay: 20130620,20130621,20130623,20130629,20130630,20130701,20130702,20130703,20130704
Number is 87
G.3.5_index_4_VS_G.3.1_index_5[25] 
Ngay: 20130622,20130624,20130627,20130628,20130629,20130630,20130701,20130702,20130703,20130704,20130705,20130707
