Last Date = 20130710
Number is 05
G.6.1_index_1_VS_G.2.2_index_4[1] 
Ngay: 20130621,20130627,20130628,20130629,20130630,20130701,20130702,20130703,20130704,20130705
Number is 07
G.3.2_index_1_VS_G.2.1_index_5[2] 
Ngay: 20130620,20130622,20130623,20130624,20130627,20130628,20130629,20130630,20130701,20130702,20130703,20130704,20130705
Number is 12
G.5.4_index_2_VS_G.5.3_index_4[3] 
Ngay: 20130623,20130626,20130627,20130628,20130629,20130630,20130701,20130702,20130703,20130704,20130705
Number is 17
G.4.1_index_2_VS_G.3.1_index_1[4] 
Ngay: 20130622,20130630,20130701,20130702,20130703,20130704,20130705,20130706
Number is 26
G.3.4_index_2_VS_G.3.1_index_4[5] 
Ngay: 20130620,20130624,20130627,20130630,20130701,20130702,20130703,20130704,20130705,20130709
Number is 30
G.DB_index_3_VS_G.5.1_index_3[6] 
Ngay: 20130620,20130621,20130623,20130624,20130626,20130628,20130630,20130701,20130702,20130703,20130704,20130705,20130707
Number is 34
G.6.2_index_1_VS_G.5.3_index_1[7] 
Ngay: 20130622,20130623,20130624,20130627,20130629,20130630,20130701,20130702,20130703,20130704,20130705,20130706,20130709
Number is 35
G.4.2_index_1_VS_G.7.2_index_2[8] 
Ngay: 20130620,20130626,20130627,20130630,20130701,20130702,20130703,20130704,20130705,20130706,20130708
Number is 38
G.4.4_index_2_VS_G.7.2_index_1[9] 
Ngay: 20130621,20130622,20130626,20130627,20130630,20130701,20130702,20130703,20130704,20130705
Number is 46
G.3.4_index_5_VS_G.3.6_index_5[10] 
Ngay: 20130621,20130630,20130701,20130702,20130703,20130704,20130705,20130706,20130707,20130708
Number is 53
G.7.4_index_2_VS_G.3.4_index_1[11] 
Ngay: 20130620,20130623,20130625,20130630,20130701,20130702,20130703,20130704,20130705
G.2.2_index_4_VS_G.6.2_index_1[12] 
Ngay: 20130622,20130623,20130624,20130627,20130629,20130630,20130701,20130702,20130703,20130704,20130705
G.7.2_index_2_VS_G.DB_index_3[13] 
Ngay: 20130624,20130626,20130630,20130701,20130702,20130703,20130704,20130705,20130708
Number is 54
G.7.2_index_2_VS_G.3.4_index_5[14] 
Ngay: 20130622,20130624,20130627,20130630,20130701,20130702,20130703,20130704,20130705,20130707
Number is 55
G.3.2_index_4_VS_G.3.3_index_4[15] 
Ngay: 20130621,20130622,20130625,20130627,20130629,20130630,20130701,20130702,20130703,20130704,20130705
Number is 57
G.7.4_index_1_VS_G.5.5_index_2[16] 
Ngay: 20130621,20130623,20130626,20130628,20130629,20130630,20130701,20130702,20130703,20130704,20130705,20130707
Number is 63
G.3.5_index_4_VS_G.3.1_index_5[17] 
Ngay: 20130622,20130624,20130627,20130628,20130629,20130630,20130701,20130702,20130703,20130704,20130705,20130707
Number is 69
G.2.1_index_4_VS_G.5.1_index_1[18] 
Ngay: 20130620,20130621,20130622,20130624,20130626,20130627,20130630,20130701,20130702,20130703,20130704,20130705,20130707
Number is 70
G.5.5_index_2_VS_G.6.1_index_1[19] 
Ngay: 20130621,20130622,20130625,20130626,20130628,20130629,20130630,20130701,20130702,20130703,20130704,20130705,20130706,20130708
G.5.5_index_2_VS_G.3.2_index_1[20] 
Ngay: 20130623,20130627,20130629,20130630,20130701,20130702,20130703,20130704,20130705,20130708,20130709
Number is 71
G.3.6_index_4_VS_G.3.2_index_3[21] 
Ngay: 20130623,20130624,20130625,20130628,20130630,20130701,20130702,20130703,20130704,20130705,20130706,20130708,20130709
Number is 74
G.6.1_index_3_VS_G.3.5_index_3[22] 
Ngay: 20130622,20130627,20130628,20130630,20130701,20130702,20130703,20130704,20130705,20130707,20130708
G.3.6_index_4_VS_G.7.1_index_1[23] 
Ngay: 20130621,20130624,20130626,20130630,20130701,20130702,20130703,20130704,20130705,20130706
Number is 80
G.2.2_index_5_VS_G.3.2_index_1[24] 
Ngay: 20130622,20130624,20130625,20130627,20130628,20130630,20130701,20130702,20130703,20130704,20130705,20130709
Number is 83
G.4.1_index_3_VS_G.4.4_index_3[25] 
Ngay: 20130620,20130623,20130627,20130630,20130701,20130702,20130703,20130704,20130705,20130707
Number is 95
G.1.1_index_4_VS_G.3.2_index_4[26] 
Ngay: 20130622,20130626,20130628,20130629,20130630,20130701,20130702,20130703,20130704,20130705,20130707,20130709
