Last Date = 20130708
Number is 12
G.6.3_index_2_VS_G.5.3_index_4[1] 
Ngay: 20130621,20130622,20130623,20130624,20130626,20130627,20130701,20130702,20130703,20130704,20130705,20130706,20130707
G.5.6_index_3_VS_G.4.4_index_4[2] 
Ngay: 20130621,20130624,20130627,20130702,20130703,20130704,20130705,20130706,20130707
Number is 14
G.5.6_index_3_VS_G.5.4_index_1[3] 
Ngay: 20130622,20130623,20130624,20130702,20130703,20130704,20130705,20130706,20130707
Number is 17
G.5.6_index_3_VS_G.5.3_index_3[4] 
Ngay: 20130620,20130621,20130622,20130623,20130626,20130627,20130630,20130702,20130703,20130704,20130705,20130706,20130707
Number is 20
G.3.6_index_4_VS_G.3.2_index_2[5] 
Ngay: 20130620,20130623,20130628,20130701,20130702,20130703,20130704,20130705,20130706,20130707
Number is 21
G.5.5_index_4_VS_G.5.6_index_3[6] 
Ngay: 20130620,20130622,20130623,20130624,20130626,20130702,20130703,20130704,20130705,20130706,20130707
Number is 22
G.3.6_index_4_VS_G.2.2_index_5[7] 
Ngay: 20130621,20130625,20130627,20130628,20130702,20130703,20130704,20130705,20130706,20130707
Number is 25
G.2.2_index_3_VS_G.3.1_index_1[8] 
Ngay: 20130620,20130624,20130628,20130701,20130702,20130703,20130704,20130705,20130706,20130707
G.2.2_index_5_VS_G.3.4_index_1[9] 
Ngay: 20130621,20130622,20130626,20130628,20130702,20130703,20130704,20130705,20130706,20130707
Number is 26
G.3.4_index_2_VS_G.5.3_index_1[10] 
Ngay: 20130621,20130624,20130626,20130627,20130630,20130702,20130703,20130704,20130705,20130706,20130707
Number is 28
G.6.2_index_1_VS_G.3.3_index_2[11] 
Ngay: 20130620,20130622,20130623,20130624,20130625,20130629,20130702,20130703,20130704,20130705,20130706,20130707
Number is 31
G.DB_index_2_VS_G.6.1_index_2[12] 
Ngay: 20130620,20130622,20130623,20130627,20130629,20130702,20130703,20130704,20130705,20130706,20130707
Number is 32
G.DB_index_2_VS_G.7.4_index_2[13] 
Ngay: 20130620,20130621,20130622,20130626,20130629,20130702,20130703,20130704,20130705,20130706,20130707
Number is 41
G.3.6_index_3_VS_G.5.6_index_3[14] 
Ngay: 20130620,20130623,20130624,20130625,20130626,20130628,20130630,20130702,20130703,20130704,20130705,20130706,20130707
G.3.6_index_1_VS_G.4.2_index_4[15] 
Ngay: 20130621,20130623,20130624,20130625,20130628,20130702,20130703,20130704,20130705,20130706,20130707
Number is 42
G.6.2_index_2_VS_G.5.5_index_4[16] 
Ngay: 20130621,20130624,20130626,20130628,20130702,20130703,20130704,20130705,20130706,20130707
G.DB_index_5_VS_G.5.6_index_1[17] 
Ngay: 20130620,20130621,20130623,20130624,20130629,20130630,20130702,20130703,20130704,20130705,20130706,20130707
Number is 44
G.3.1_index_4_VS_G.4.2_index_1[18] 
Ngay: 20130620,20130625,20130627,20130701,20130702,20130703,20130704,20130705,20130706,20130707
G.6.2_index_2_VS_G.4.3_index_3[19] 
Ngay: 20130620,20130622,20130623,20130626,20130627,20130628,20130629,20130630,20130702,20130703,20130704,20130705,20130706,20130707
G.3.6_index_3_VS_G.6.2_index_2[20] 
Ngay: 20130620,20130621,20130622,20130625,20130626,20130628,20130630,20130702,20130703,20130704,20130705,20130706,20130707
Number is 45
G.6.2_index_2_VS_G.3.2_index_4[21] 
Ngay: 20130620,20130621,20130623,20130625,20130628,20130629,20130630,20130702,20130703,20130704,20130705,20130706,20130707
G.7.1_index_2_VS_G.3.2_index_4[22] 
Ngay: 20130621,20130625,20130626,20130628,20130629,20130701,20130702,20130703,20130704,20130705,20130706,20130707
Number is 53
G.3.4_index_1_VS_G.3.1_index_2[23] 
Ngay: 20130620,20130622,20130624,20130626,20130627,20130629,20130702,20130703,20130704,20130705,20130706,20130707
Number is 54
G.2.1_index_1_VS_G.DB_index_5[24] 
Ngay: 20130620,20130627,20130702,20130703,20130704,20130705,20130706,20130707
Number is 55
G.3.2_index_4_VS_G.5.4_index_3[25] 
Ngay: 20130624,20130625,20130626,20130627,20130628,20130702,20130703,20130704,20130705,20130706,20130707
Number is 63
G.3.4_index_5_VS_G.4.1_index_2[26] 
Ngay: 20130620,20130621,20130622,20130627,20130629,20130702,20130703,20130704,20130705,20130706,20130707
Number is 66
G.2.2_index_2_VS_G.5.3_index_1[27] 
Ngay: 20130621,20130622,20130623,20130629,20130630,20130702,20130703,20130704,20130705,20130706,20130707
Number is 67
G.3.3_index_1_VS_G.3.3_index_3[28] 
Ngay: 20130624,20130626,20130627,20130702,20130703,20130704,20130705,20130706,20130707
Number is 68
G.3.4_index_5_VS_G.3.6_index_5[29] 
Ngay: 20130621,20130630,20130701,20130702,20130703,20130704,20130705,20130706,20130707
Number is 69
G.3.3_index_1_VS_G.3.3_index_4[30] 
Ngay: 20130621,20130622,20130625,20130627,20130628,20130629,20130702,20130703,20130704,20130705,20130706,20130707
Number is 72
G.3.1_index_5_VS_G.6.2_index_1[31] 
Ngay: 20130620,20130622,20130624,20130625,20130626,20130627,20130628,20130629,20130702,20130703,20130704,20130705,20130706,20130707
Number is 79
G.6.3_index_3_VS_G.7.1_index_1[32] 
Ngay: 20130620,20130622,20130624,20130625,20130626,20130629,20130702,20130703,20130704,20130705,20130706,20130707
Number is 86
G.5.2_index_2_VS_G.5.3_index_1[33] 
Ngay: 20130621,20130622,20130623,20130627,20130630,20130702,20130703,20130704,20130705,20130706,20130707
Number is 91
G.7.1_index_1_VS_G.5.6_index_3[34] 
Ngay: 20130620,20130622,20130623,20130626,20130702,20130703,20130704,20130705,20130706,20130707
Number is 93
G.1.1_index_1_VS_G.3.4_index_3[35] 
Ngay: 20130621,20130622,20130623,20130625,20130628,20130629,20130702,20130703,20130704,20130705,20130706,20130707
