Last Date = 20130715
Number is 00
G.6.3_index_2_VS_G.7.2_index_1[1] 
Ngay: 20130622,20130623,20130625,20130626,20130630,20130701,20130702,20130705,20130706,20130707,20130708,20130709,20130710,20130711,20130714
Number is 02
G.4.4_index_4_VS_G.3.6_index_5[2] 
Ngay: 20130622,20130623,20130629,20130705,20130706,20130707,20130708,20130709,20130710,20130712,20130713,20130714
Number is 03
G.6.3_index_2_VS_G.4.1_index_3[3] 
Ngay: 20130621,20130623,20130624,20130628,20130705,20130706,20130707,20130708,20130709,20130710,20130712
Number is 04
G.DB_index_5_VS_G.5.2_index_2[4] 
Ngay: 20130621,20130623,20130624,20130629,20130630,20130703,20130705,20130706,20130707,20130708,20130709,20130710,20130713
Number is 06
G.5.3_index_1_VS_G.4.3_index_1[5] 
Ngay: 20130630,20130703,20130704,20130705,20130706,20130707,20130708,20130709,20130710,20130711
G.6.3_index_2_VS_G.3.4_index_3[6] 
Ngay: 20130622,20130626,20130627,20130628,20130705,20130706,20130707,20130708,20130709,20130710,20130712,20130713
Number is 10
G.5.1_index_4_VS_G.4.2_index_1[7] 
Ngay: 20130620,20130625,20130627,20130701,20130705,20130706,20130707,20130708,20130709,20130710,20130712,20130714
Number is 12
G.5.1_index_4_VS_G.5.6_index_3[8] 
Ngay: 20130620,20130622,20130623,20130625,20130628,20130630,20130703,20130705,20130706,20130707,20130708,20130709,20130710,20130711,20130714
G.2.2_index_3_VS_G.5.6_index_3[9] 
Ngay: 20130620,20130623,20130624,20130626,20130628,20130629,20130702,20130703,20130705,20130706,20130707,20130708,20130709,20130710,20130712,20130714
Number is 20
G.5.6_index_3_VS_G.5.1_index_3[10] 
Ngay: 20130623,20130626,20130627,20130628,20130629,20130630,20130702,20130703,20130705,20130706,20130707,20130708,20130709,20130710,20130711,20130712,20130714
G.3.4_index_4_VS_G.6.3_index_2[11] 
Ngay: 20130621,20130623,20130624,20130627,20130703,20130704,20130705,20130706,20130707,20130708,20130709,20130710
Number is 21
G.5.6_index_3_VS_G.DB_index_2[12] 
Ngay: 20130624,20130626,20130628,20130703,20130705,20130706,20130707,20130708,20130709,20130710,20130711,20130712,20130714
Number is 22
G.3.6_index_5_VS_G.6.3_index_3[13] 
Ngay: 20130621,20130624,20130625,20130627,20130628,20130629,20130703,20130704,20130705,20130706,20130707,20130708,20130709,20130710,20130713
G.5.6_index_3_VS_G.3.2_index_3[14] 
Ngay: 20130621,20130623,20130624,20130627,20130702,20130704,20130705,20130706,20130707,20130708,20130709,20130710,20130711
G.3.6_index_5_VS_G.5.6_index_3[15] 
Ngay: 20130620,20130623,20130624,20130627,20130703,20130705,20130706,20130707,20130708,20130709,20130710,20130712,20130714
G.3.1_index_5_VS_G.4.1_index_1[16] 
Ngay: 20130620,20130622,20130623,20130624,20130628,20130629,20130630,20130701,20130702,20130703,20130705,20130706,20130707,20130708,20130709,20130710,20130713
Number is 24
G.5.6_index_3_VS_G.5.3_index_3[17] 
Ngay: 20130620,20130621,20130622,20130623,20130626,20130627,20130630,20130702,20130703,20130704,20130705,20130706,20130707,20130708,20130709,20130710,20130711
Number is 26
G.5.6_index_3_VS_G.4.3_index_4[18] 
Ngay: 20130621,20130622,20130623,20130624,20130627,20130628,20130629,20130701,20130705,20130706,20130707,20130708,20130709,20130710,20130712
G.3.1_index_5_VS_G.3.6_index_4[19] 
Ngay: 20130620,20130621,20130623,20130624,20130625,20130626,20130630,20130701,20130704,20130705,20130706,20130707,20130708,20130709,20130710,20130712,20130713,20130714
G.6.3_index_3_VS_G.2.2_index_5[20] 
Ngay: 20130622,20130624,20130630,20130703,20130705,20130706,20130707,20130708,20130709,20130710,20130712,20130714
Number is 27
G.3.2_index_3_VS_G.3.3_index_4[21] 
Ngay: 20130623,20130625,20130629,20130701,20130704,20130705,20130706,20130707,20130708,20130709,20130710,20130711
Number is 28
G.5.6_index_3_VS_G.3.5_index_2[22] 
Ngay: 20130620,20130623,20130627,20130629,20130701,20130703,20130705,20130706,20130707,20130708,20130709,20130710,20130711
G.5.6_index_3_VS_G.3.3_index_2[23] 
Ngay: 20130621,20130622,20130623,20130624,20130701,20130703,20130705,20130706,20130707,20130708,20130709,20130710,20130711,20130712
Number is 29
G.5.6_index_3_VS_G.4.4_index_1[24] 
Ngay: 20130622,20130623,20130626,20130627,20130630,20130704,20130705,20130706,20130707,20130708,20130709,20130710,20130711
Number is 30
G.2.1_index_2_VS_G.4.4_index_4[25] 
Ngay: 20130624,20130626,20130627,20130628,20130704,20130705,20130706,20130707,20130708,20130709,20130710,20130711,20130713,20130714
G.4.1_index_4_VS_G.6.3_index_2[26] 
Ngay: 20130621,20130622,20130624,20130625,20130626,20130627,20130630,20130701,20130704,20130705,20130706,20130707,20130708,20130709,20130710,20130713
Number is 32
G.7.3_index_1_VS_G.3.1_index_4[27] 
Ngay: 20130620,20130622,20130624,20130625,20130627,20130628,20130704,20130705,20130706,20130707,20130708,20130709,20130710,20130711,20130712,20130713
Number is 34
G.4.1_index_4_VS_G.5.3_index_2[28] 
Ngay: 20130620,20130622,20130626,20130701,20130704,20130705,20130706,20130707,20130708,20130709,20130710,20130714
G.3.2_index_4_VS_G.5.2_index_2[29] 
Ngay: 20130621,20130622,20130625,20130629,20130702,20130704,20130705,20130706,20130707,20130708,20130709,20130710
Number is 35
G.2.1_index_3_VS_G.3.2_index_2[30] 
Ngay: 20130620,20130622,20130623,20130624,20130625,20130628,20130629,20130630,20130702,20130703,20130705,20130706,20130707,20130708,20130709,20130710,20130713
Number is 36
G.4.1_index_4_VS_G.2.2_index_5[31] 
Ngay: 20130622,20130624,20130625,20130627,20130701,20130702,20130705,20130706,20130707,20130708,20130709,20130710
Number is 37
G.4.1_index_4_VS_G.7.3_index_2[32] 
Ngay: 20130620,20130626,20130627,20130701,20130705,20130706,20130707,20130708,20130709,20130710,20130712
Number is 38
G.3.2_index_4_VS_G.5.4_index_4[33] 
Ngay: 20130620,20130622,20130624,20130626,20130629,20130630,20130701,20130702,20130703,20130705,20130706,20130707,20130708,20130709,20130710,20130711,20130714
G.3.2_index_4_VS_G.3.2_index_5[34] 
Ngay: 20130621,20130623,20130628,20130629,20130704,20130705,20130706,20130707,20130708,20130709,20130710,20130711,20130714
Number is 39
G.4.1_index_4_VS_G.3.5_index_3[35] 
Ngay: 20130621,20130622,20130623,20130626,20130630,20130701,20130702,20130705,20130706,20130707,20130708,20130709,20130710,20130712
Number is 42
G.4.1_index_2_VS_G.5.6_index_3[36] 
Ngay: 20130620,20130623,20130629,20130630,20130702,20130703,20130705,20130706,20130707,20130708,20130709,20130710,20130711,20130712
G.5.2_index_2_VS_G.5.6_index_3[37] 
Ngay: 20130620,20130621,20130623,20130630,20130702,20130703,20130705,20130706,20130707,20130708,20130709,20130710,20130714
Number is 52
G.3.2_index_2_VS_G.2.2_index_4[38] 
Ngay: 20130620,20130621,20130623,20130626,20130628,20130629,20130630,20130702,20130704,20130705,20130706,20130707,20130708,20130709,20130710,20130712
Number is 56
G.3.2_index_2_VS_G.6.2_index_1[39] 
Ngay: 20130620,20130621,20130623,20130625,20130627,20130629,20130705,20130706,20130707,20130708,20130709,20130710,20130711,20130713
Number is 62
G.5.5_index_1_VS_G.3.1_index_4[40] 
Ngay: 20130620,20130623,20130628,20130701,20130705,20130706,20130707,20130708,20130709,20130710,20130713
Number is 77
G.3.3_index_4_VS_G.7.3_index_2[41] 
Ngay: 20130620,20130621,20130622,20130624,20130625,20130701,20130703,20130705,20130706,20130707,20130708,20130709,20130710,20130711,20130714
Number is 80
G.3.3_index_2_VS_G.DB_index_5[42] 
Ngay: 20130621,20130622,20130623,20130624,20130627,20130701,20130703,20130705,20130706,20130707,20130708,20130709,20130710,20130713
Number is 87
G.6.2_index_2_VS_G.7.2_index_2[43] 
Ngay: 20130622,20130626,20130628,20130630,20130702,20130704,20130705,20130706,20130707,20130708,20130709,20130710,20130713
Number is 90
G.3.5_index_3_VS_G.4.2_index_1[44] 
Ngay: 20130621,20130623,20130624,20130626,20130629,20130701,20130705,20130706,20130707,20130708,20130709,20130710
