Last Date = 20130716
Number is 15
G.5.2_index_2_VS_G.5.1_index_1[1] 
Ngay: 20130620,20130622,20130623,20130626,20130627,20130630,20130702,20130704,20130706,20130707,20130708,20130709,20130710,20130711,20130713,20130714
Number is 24
G.3.2_index_4_VS_G.5.4_index_4[2] 
Ngay: 20130620,20130622,20130624,20130626,20130629,20130630,20130701,20130702,20130703,20130705,20130706,20130707,20130708,20130709,20130710,20130711,20130714
Number is 27
G.2.1_index_2_VS_G.4.4_index_4[3] 
Ngay: 20130624,20130626,20130627,20130628,20130704,20130705,20130706,20130707,20130708,20130709,20130710,20130711,20130713,20130714
Number is 28
G.5.2_index_1_VS_G.2.2_index_5[4] 
Ngay: 20130621,20130623,20130624,20130626,20130628,20130629,20130706,20130707,20130708,20130709,20130710,20130711,20130712,20130715
G.3.2_index_4_VS_G.3.2_index_5[5] 
Ngay: 20130621,20130623,20130628,20130629,20130704,20130705,20130706,20130707,20130708,20130709,20130710,20130711,20130714
Number is 46
G.5.4_index_4_VS_G.6.3_index_2[6] 
Ngay: 20130621,20130622,20130624,20130626,20130627,20130702,20130706,20130707,20130708,20130709,20130710,20130711,20130712,20130715
Number is 47
G.3.2_index_3_VS_G.3.3_index_4[7] 
Ngay: 20130623,20130625,20130629,20130701,20130704,20130705,20130706,20130707,20130708,20130709,20130710,20130711,20130715
Number is 48
G.3.3_index_5_VS_G.3.2_index_5[8] 
Ngay: 20130620,20130622,20130623,20130624,20130703,20130704,20130706,20130707,20130708,20130709,20130710,20130711,20130712,20130713,20130715
Number is 50
G.5.6_index_3_VS_G.5.1_index_3[9] 
Ngay: 20130623,20130626,20130627,20130628,20130629,20130630,20130702,20130703,20130705,20130706,20130707,20130708,20130709,20130710,20130711,20130712,20130714
Number is 51
G.5.6_index_3_VS_G.4.4_index_1[10] 
Ngay: 20130622,20130623,20130626,20130627,20130630,20130704,20130705,20130706,20130707,20130708,20130709,20130710,20130711
G.5.6_index_3_VS_G.DB_index_2[11] 
Ngay: 20130624,20130626,20130628,20130703,20130705,20130706,20130707,20130708,20130709,20130710,20130711,20130712,20130714,20130715
Number is 52
G.5.6_index_3_VS_G.3.5_index_2[12] 
Ngay: 20130620,20130623,20130627,20130629,20130701,20130703,20130705,20130706,20130707,20130708,20130709,20130710,20130711,20130715
Number is 54
G.5.6_index_3_VS_G.3.2_index_3[13] 
Ngay: 20130621,20130623,20130624,20130627,20130702,20130704,20130705,20130706,20130707,20130708,20130709,20130710,20130711
Number is 55
G.4.1_index_2_VS_G.5.6_index_3[14] 
Ngay: 20130620,20130623,20130629,20130630,20130702,20130703,20130705,20130706,20130707,20130708,20130709,20130710,20130711,20130712,20130715
G.5.1_index_1_VS_G.2.2_index_4[15] 
Ngay: 20130620,20130623,20130624,20130629,20130706,20130707,20130708,20130709,20130710,20130711,20130713,20130714,20130715
Number is 56
G.5.6_index_3_VS_G.3.3_index_2[16] 
Ngay: 20130621,20130622,20130623,20130624,20130701,20130703,20130705,20130706,20130707,20130708,20130709,20130710,20130711,20130712,20130715
Number is 58
G.5.6_index_3_VS_G.5.3_index_3[17] 
Ngay: 20130620,20130621,20130622,20130623,20130626,20130627,20130630,20130702,20130703,20130704,20130705,20130706,20130707,20130708,20130709,20130710,20130711,20130715
Number is 61
G.7.3_index_1_VS_G.3.1_index_4[18] 
Ngay: 20130620,20130622,20130624,20130625,20130627,20130628,20130704,20130705,20130706,20130707,20130708,20130709,20130710,20130711,20130712,20130713,20130715
Number is 63
G.3.2_index_2_VS_G.6.2_index_1[19] 
Ngay: 20130620,20130621,20130623,20130625,20130627,20130629,20130705,20130706,20130707,20130708,20130709,20130710,20130711,20130713
Number is 67
G.6.3_index_2_VS_G.5.1_index_4[20] 
Ngay: 20130621,20130625,20130627,20130630,20130701,20130706,20130707,20130708,20130709,20130710,20130711,20130714,20130715
G.6.3_index_2_VS_G.7.2_index_1[21] 
Ngay: 20130622,20130623,20130625,20130626,20130630,20130701,20130702,20130705,20130706,20130707,20130708,20130709,20130710,20130711,20130714
Number is 71
G.5.4_index_1_VS_G.DB_index_2[22] 
Ngay: 20130621,20130624,20130625,20130626,20130629,20130630,20130703,20130704,20130706,20130707,20130708,20130709,20130710,20130711,20130712
Number is 75
G.5.1_index_4_VS_G.5.6_index_3[23] 
Ngay: 20130620,20130622,20130623,20130625,20130628,20130630,20130703,20130705,20130706,20130707,20130708,20130709,20130710,20130711,20130714,20130715
Number is 77
G.5.1_index_4_VS_G.5.4_index_1[24] 
Ngay: 20130620,20130625,20130626,20130627,20130629,20130630,20130701,20130702,20130703,20130704,20130706,20130707,20130708,20130709,20130710,20130711
Number is 78
G.3.1_index_2_VS_G.3.3_index_1[25] 
Ngay: 20130621,20130623,20130626,20130627,20130628,20130629,20130702,20130706,20130707,20130708,20130709,20130710,20130711,20130712,20130713,20130715
G.3.3_index_4_VS_G.7.3_index_2[26] 
Ngay: 20130620,20130621,20130622,20130624,20130625,20130701,20130703,20130705,20130706,20130707,20130708,20130709,20130710,20130711,20130714
Number is 86
G.5.3_index_1_VS_G.4.3_index_1[27] 
Ngay: 20130630,20130703,20130704,20130705,20130706,20130707,20130708,20130709,20130710,20130711
Number is 87
G.6.2_index_2_VS_G.3.1_index_2[28] 
Ngay: 20130625,20130628,20130706,20130707,20130708,20130709,20130710,20130711,20130712,20130713,20130714,20130715
