Last Date = 20130719
Number is 08
G.5.5_index_1_VS_G.5.4_index_2[1] 
Ngay: 20130621,20130623,20130624,20130627,20130628,20130702,20130704,20130705,20130708,20130713,20130714,20130715,20130716,20130717,20130718
Number is 18
G.DB_index_1_VS_G.7.2_index_2[2] 
Ngay: 20130620,20130624,20130625,20130628,20130701,20130704,20130708,20130709,20130710,20130713,20130714,20130715,20130716,20130717,20130718
Number is 33
G.6.3_index_1_VS_G.7.4_index_2[3] 
Ngay: 20130628,20130630,20130701,20130705,20130710,20130711,20130712,20130713,20130714,20130715,20130716,20130717,20130718
Number is 48
G.5.1_index_1_VS_G.3.5_index_5[4] 
Ngay: 20130620,20130624,20130625,20130630,20130702,20130704,20130707,20130708,20130709,20130713,20130714,20130715,20130716,20130717,20130718
Number is 60
G.3.6_index_1_VS_G.5.4_index_4[5] 
Ngay: 20130620,20130621,20130623,20130624,20130625,20130626,20130627,20130629,20130702,20130703,20130705,20130706,20130710,20130712,20130713,20130714,20130715,20130716,20130717,20130718
Number is 65
G.3.2_index_5_VS_G.6.2_index_1[6] 
Ngay: 20130621,20130623,20130625,20130627,20130629,20130630,20130701,20130708,20130709,20130712,20130713,20130714,20130715,20130716,20130717,20130718
Number is 67
G.3.2_index_1_VS_G.1.1_index_1[7] 
Ngay: 20130620,20130622,20130623,20130624,20130630,20130701,20130705,20130706,20130710,20130711,20130713,20130714,20130715,20130716,20130717,20130718
Number is 71
G.5.4_index_1_VS_G.DB_index_1[8] 
Ngay: 20130620,20130622,20130624,20130627,20130628,20130630,20130703,20130707,20130710,20130713,20130714,20130715,20130716,20130717,20130718
Number is 76
G.3.3_index_4_VS_G.3.3_index_3[9] 
Ngay: 20130620,20130622,20130624,20130625,20130628,20130629,20130705,20130707,20130710,20130713,20130714,20130715,20130716,20130717,20130718
Number is 79
G.3.1_index_2_VS_G.4.3_index_1[10] 
Ngay: 20130620,20130624,20130629,20130701,20130702,20130703,20130713,20130714,20130715,20130716,20130717,20130718
Number is 84
G.2.2_index_4_VS_G.5.2_index_4[11] 
Ngay: 20130623,20130630,20130707,20130708,20130709,20130710,20130712,20130713,20130714,20130715,20130716,20130717,20130718
Number is 86
G.5.4_index_2_VS_G.3.2_index_1[12] 
Ngay: 20130623,20130624,20130627,20130629,20130630,20130703,20130704,20130705,20130710,20130711,20130713,20130714,20130715,20130716,20130717,20130718
G.7.2_index_2_VS_G.3.2_index_5[13] 
Ngay: 20130620,20130622,20130624,20130625,20130628,20130630,20130703,20130706,20130708,20130709,20130710,20130713,20130714,20130715,20130716,20130717,20130718
Number is 98
G.5.2_index_3_VS_G.5.4_index_2[14] 
Ngay: 20130620,20130621,20130622,20130623,20130627,20130629,20130630,20130701,20130702,20130703,20130704,20130707,20130710,20130712,20130713,20130714,20130715,20130716,20130717,20130718
