Last Date = 20130721
Number is 01
G.5.5_index_2_VS_G.3.2_index_3[1] 
Ngay: 20130620,20130621,20130623,20130625,20130628,20130629,20130630,20130701,20130702,20130706,20130709,20130712,20130714,20130715,20130716,20130717,20130718,20130719,20130720
Number is 04
G.3.3_index_4_VS_G.3.3_index_3[2] 
Ngay: 20130620,20130622,20130624,20130625,20130628,20130629,20130705,20130707,20130710,20130713,20130714,20130715,20130716,20130717,20130718,20130719,20130720
Number is 12
G.1.1_index_1_VS_G.3.5_index_1[3] 
Ngay: 20130622,20130624,20130626,20130627,20130630,20130702,20130703,20130705,20130706,20130707,20130710,20130713,20130715,20130716,20130717,20130718,20130719,20130720
Number is 15
G.3.2_index_3_VS_G.3.1_index_2[4] 
Ngay: 20130626,20130628,20130701,20130704,20130707,20130709,20130711,20130715,20130716,20130717,20130718,20130719,20130720
Number is 22
G.7.3_index_2_VS_G.6.2_index_1[5] 
Ngay: 20130622,20130623,20130625,20130627,20130628,20130703,20130707,20130708,20130709,20130710,20130712,20130713,20130715,20130716,20130717,20130718,20130719,20130720
Number is 24
G.3.5_index_1_VS_G.3.3_index_3[6] 
Ngay: 20130620,20130624,20130629,20130704,20130706,20130708,20130712,20130713,20130715,20130716,20130717,20130718,20130719,20130720
Number is 26
G.5.6_index_2_VS_G.3.2_index_1[7] 
Ngay: 20130620,20130623,20130625,20130627,20130629,20130702,20130704,20130705,20130710,20130714,20130715,20130716,20130717,20130718,20130719,20130720
Number is 36
G.5.4_index_2_VS_G.2.1_index_4[8] 
Ngay: 20130620,20130625,20130627,20130701,20130704,20130708,20130713,20130715,20130716,20130717,20130718,20130719,20130720
G.5.4_index_2_VS_G.3.2_index_1[9] 
Ngay: 20130623,20130624,20130627,20130629,20130630,20130703,20130704,20130705,20130710,20130711,20130713,20130714,20130715,20130716,20130717,20130718,20130719,20130720
Number is 50
G.3.1_index_4_VS_G.2.2_index_2[10] 
Ngay: 20130620,20130622,20130623,20130626,20130627,20130628,20130701,20130703,20130705,20130707,20130711,20130715,20130716,20130717,20130718,20130719,20130720
Number is 51
G.3.1_index_2_VS_G.3.3_index_2[11] 
Ngay: 20130622,20130623,20130628,20130629,20130630,20130703,20130705,20130706,20130707,20130711,20130712,20130715,20130716,20130717,20130718,20130719,20130720
Number is 52
G.3.1_index_2_VS_G.3.5_index_1[12] 
Ngay: 20130620,20130621,20130623,20130627,20130628,20130629,20130705,20130706,20130707,20130709,20130710,20130712,20130713,20130715,20130716,20130717,20130718,20130719,20130720
Number is 55
G.3.1_index_4_VS_G.3.1_index_2[13] 
Ngay: 20130620,20130622,20130623,20130628,20130704,20130705,20130706,20130708,20130711,20130712,20130715,20130716,20130717,20130718,20130719,20130720
Number is 57
G.DB_index_1_VS_G.7.2_index_2[14] 
Ngay: 20130620,20130624,20130625,20130628,20130701,20130704,20130708,20130709,20130710,20130713,20130714,20130715,20130716,20130717,20130718,20130719,20130720
Number is 60
G.3.2_index_1_VS_G.2.2_index_2[15] 
Ngay: 20130621,20130622,20130623,20130625,20130627,20130628,20130629,20130705,20130709,20130710,20130713,20130715,20130716,20130717,20130718,20130719,20130720
G.3.2_index_1_VS_G.4.4_index_4[16] 
Ngay: 20130621,20130624,20130627,20130629,20130701,20130704,20130705,20130707,20130711,20130713,20130715,20130716,20130717,20130718,20130719,20130720
Number is 61
G.3.2_index_1_VS_G.1.1_index_1[17] 
Ngay: 20130620,20130622,20130623,20130624,20130630,20130701,20130705,20130706,20130710,20130711,20130713,20130714,20130715,20130716,20130717,20130718,20130719,20130720
Number is 67
G.3.2_index_1_VS_G.3.6_index_5[18] 
Ngay: 20130621,20130622,20130623,20130624,20130625,20130627,20130629,20130701,20130702,20130705,20130708,20130709,20130711,20130712,20130714,20130715,20130716,20130717,20130718,20130719,20130720
Number is 68
G.3.2_index_1_VS_G.5.4_index_4[19] 
Ngay: 20130620,20130624,20130625,20130629,20130701,20130703,20130705,20130708,20130709,20130715,20130716,20130717,20130718,20130719,20130720
Number is 70
G.5.2_index_2_VS_G.3.3_index_4[20] 
Ngay: 20130620,20130621,20130623,20130625,20130627,20130628,20130629,20130702,20130703,20130706,20130707,20130709,20130710,20130715,20130716,20130717,20130718,20130719,20130720
Number is 72
G.2.2_index_4_VS_G.4.3_index_4[21] 
Ngay: 20130620,20130621,20130623,20130624,20130627,20130701,20130704,20130705,20130709,20130710,20130713,20130715,20130716,20130717,20130718,20130719,20130720
G.3.2_index_5_VS_G.6.2_index_1[22] 
Ngay: 20130621,20130623,20130625,20130627,20130629,20130630,20130701,20130708,20130709,20130712,20130713,20130714,20130715,20130716,20130717,20130718,20130719,20130720
Number is 93
G.5.2_index_1_VS_G.5.4_index_3[23] 
Ngay: 20130620,20130622,20130624,20130626,20130628,20130629,20130703,20130704,20130705,20130707,20130708,20130709,20130714,20130715,20130716,20130717,20130718,20130719,20130720
