Last Date = 20130813
Number is 29
G.3.1_index_2_VS_G.3.2_index_1 [7] 
Ngay: 20130620,20130621,20130623,20130627,20130629,20130701,20130703,20130705,20130706,20130707,20130709,20130710,20130712,20130713,20130714,20130716,20130717,20130718,20130719,20130720,20130721,20130726,20130729,20130731,20130803,20130804,20130805,20130808,20130809,20130810
Number is 36
G.1.1_index_1_VS_G.3.5_index_1 [12] 
Ngay: 20130622,20130624,20130626,20130627,20130630,20130702,20130703,20130705,20130706,20130707,20130710,20130713,20130715,20130716,20130717,20130718,20130719,20130720,20130721,20130726,20130730,20130801,20130802,20130804,20130812
Number is 55
G.5.4_index_1_VS_G.5.1_index_1 [6] 
Ngay: 20130621,20130624,20130625,20130626,20130628,20130630,20130701,20130702,20130704,20130706,20130707,20130711,20130714,20130716,20130717,20130718,20130719,20130720,20130721,20130726,20130727,20130728,20130729,20130730,20130801,20130806,20130807,20130809,20130810
Number is 62
G.1.1_index_2_VS_G.5.2_index_2 [17] 
Ngay: 20130620,20130621,20130624,20130629,20130630,20130704,20130707,20130710,20130711,20130716,20130717,20130718,20130719,20130720,20130721,20130727,20130729,20130805,20130807,20130809,20130810
Number is 92
G.5.4_index_2_VS_G.2.1_index_4 [1] 
Ngay: 20130620,20130625,20130627,20130701,20130704,20130708,20130713,20130715,20130716,20130717,20130718,20130719,20130720,20130721,20130728,20130729,20130730,20130731,20130802,20130803,20130804,20130806,20130807,20130812
