Last Date = 20130813
Number is 09
G.3.3_index_3_VS_G.7.3_index_2[1] 
Ngay: 20130620,20130622,20130625,20130629,20130701,20130702,20130706,20130707,20130711,20130715,20130716,20130718,20130719,20130720,20130721,20130724,20130725,20130726,20130727,20130728,20130729,20130730,20130802,20130803,20130808,20130811,20130812
Number is 25
G.5.2_index_2_VS_G.5.6_index_2[2] 
Ngay: 20130620,20130621,20130623,20130627,20130628,20130630,20130702,20130703,20130704,20130707,20130710,20130716,20130719,20130722,20130725,20130726,20130727,20130728,20130729,20130730,20130802,20130803,20130806,20130812
G.5.5_index_1_VS_G.5.4_index_1[3] 
Ngay: 20130620,20130623,20130624,20130626,20130627,20130630,20130704,20130705,20130707,20130708,20130709,20130711,20130712,20130713,20130714,20130715,20130717,20130721,20130722,20130725,20130726,20130727,20130728,20130729,20130730,20130731,20130807,20130809,20130810,20130811,20130812
Number is 26
G.5.2_index_2_VS_G.3.5_index_1[4] 
Ngay: 20130621,20130623,20130626,20130627,20130630,20130702,20130703,20130704,20130705,20130707,20130708,20130712,20130717,20130718,20130719,20130720,20130723,20130724,20130725,20130726,20130727,20130728,20130729,20130730,20130801,20130802,20130806,20130812
Number is 33
G.6.2_index_1_VS_G.6.3_index_3[5] 
Ngay: 20130620,20130622,20130627,20130628,20130629,20130701,20130707,20130708,20130709,20130713,20130715,20130718,20130719,20130722,20130724,20130725,20130726,20130727,20130728,20130729,20130730,20130801,20130804,20130806,20130807,20130812
Number is 35
G.2.1_index_1_VS_G.2.2_index_3[6] 
Ngay: 20130620,20130622,20130623,20130624,20130627,20130701,20130703,20130705,20130706,20130709,20130712,20130714,20130716,20130718,20130725,20130726,20130727,20130728,20130729,20130730,20130731,20130803,20130804,20130809,20130810,20130811
Number is 37
G.6.3_index_3_VS_G.4.2_index_3[7] 
Ngay: 20130620,20130623,20130624,20130627,20130629,20130703,20130708,20130709,20130710,20130711,20130713,20130714,20130715,20130717,20130723,20130724,20130725,20130726,20130727,20130728,20130729,20130730,20130802,20130803,20130804,20130805,20130807,20130808,20130810,20130812
Number is 40
G.5.6_index_4_VS_G.3.3_index_3[8] 
Ngay: 20130624,20130625,20130626,20130627,20130628,20130629,20130701,20130704,20130709,20130710,20130711,20130712,20130716,20130717,20130718,20130719,20130723,20130724,20130725,20130726,20130727,20130728,20130729,20130730,20130801,20130802,20130803,20130804,20130806,20130807,20130808,20130812
G.3.5_index_2_VS_G.3.3_index_3[9] 
Ngay: 20130624,20130625,20130627,20130702,20130707,20130708,20130711,20130714,20130715,20130717,20130719,20130720,20130721,20130722,20130725,20130726,20130727,20130728,20130729,20130730,20130802,20130804,20130806,20130811,20130812
G.4.4_index_3_VS_G.3.4_index_1[10] 
Ngay: 20130621,20130624,20130701,20130707,20130715,20130719,20130720,20130723,20130725,20130726,20130727,20130728,20130729,20130730,20130807,20130809,20130812
Number is 41
G.5.3_index_1_VS_G.4.2_index_4[11] 
Ngay: 20130624,20130630,20130705,20130706,20130707,20130710,20130712,20130722,20130723,20130724,20130725,20130726,20130727,20130728,20130729,20130730,20130731,20130804,20130809
G.3.3_index_2_VS_G.3.2_index_2[12] 
Ngay: 20130623,20130627,20130629,20130702,20130704,20130706,20130707,20130708,20130711,20130712,20130715,20130724,20130725,20130726,20130727,20130728,20130729,20130730,20130801,20130806,20130812
Number is 42
G.3.5_index_2_VS_G.3.3_index_5[13] 
Ngay: 20130621,20130624,20130625,20130627,20130630,20130701,20130704,20130711,20130712,20130713,20130715,20130722,20130725,20130726,20130727,20130728,20130729,20130730,20130803,20130804,20130808,20130810,20130811
Number is 43
G.3.3_index_2_VS_G.DB_index_3[14] 
Ngay: 20130620,20130623,20130624,20130629,20130706,20130708,20130710,20130712,20130714,20130715,20130720,20130722,20130723,20130724,20130725,20130726,20130727,20130728,20130729,20130730,20130731,20130801,20130802,20130803,20130804,20130805,20130806,20130808
G.3.1_index_5_VS_G.4.1_index_3[15] 
Ngay: 20130620,20130622,20130624,20130626,20130629,20130703,20130709,20130711,20130714,20130715,20130717,20130719,20130720,20130721,20130722,20130724,20130725,20130726,20130727,20130728,20130729,20130730,20130802,20130804,20130806,20130807,20130808,20130810,20130811
Number is 46
G.5.1_index_2_VS_G.3.6_index_2[16] 
Ngay: 20130624,20130628,20130629,20130630,20130701,20130702,20130703,20130704,20130706,20130712,20130713,20130719,20130722,20130723,20130724,20130725,20130726,20130727,20130728,20130729,20130730,20130802,20130804,20130805,20130806
Number is 48
G.4.1_index_2_VS_G.5.6_index_1[17] 
Ngay: 20130620,20130622,20130623,20130625,20130701,20130704,20130705,20130707,20130709,20130711,20130712,20130719,20130720,20130724,20130725,20130726,20130727,20130728,20130729,20130730,20130731,20130801,20130803,20130804,20130805,20130807,20130808,20130809,20130810,20130811
Number is 59
G.4.1_index_1_VS_G.5.4_index_2[18] 
Ngay: 20130620,20130622,20130623,20130626,20130629,20130630,20130705,20130708,20130713,20130714,20130716,20130717,20130720,20130721,20130722,20130723,20130725,20130726,20130727,20130728,20130729,20130730,20130804,20130806,20130807,20130808,20130809,20130812
Number is 63
G.5.2_index_3_VS_G.6.2_index_1[19] 
Ngay: 20130620,20130622,20130623,20130625,20130626,20130703,20130707,20130713,20130714,20130715,20130719,20130721,20130725,20130726,20130727,20130728,20130729,20130730,20130731,20130803,20130805,20130806,20130808
Number is 65
G.DB_index_4_VS_G.3.6_index_1[20] 
Ngay: 20130620,20130624,20130628,20130630,20130701,20130706,20130708,20130711,20130719,20130720,20130722,20130725,20130726,20130727,20130728,20130729,20130730,20130731,20130805,20130806,20130807,20130811,20130812
Number is 67
G.3.2_index_5_VS_G.3.3_index_4[21] 
Ngay: 20130620,20130621,20130622,20130628,20130629,20130703,20130705,20130706,20130708,20130709,20130710,20130711,20130714,20130715,20130719,20130725,20130726,20130727,20130728,20130729,20130730,20130809,20130810,20130812
Number is 70
G.4.1_index_4_VS_G.3.4_index_1[22] 
Ngay: 20130620,20130624,20130625,20130630,20130702,20130705,20130706,20130708,20130714,20130718,20130719,20130720,20130721,20130723,20130725,20130726,20130727,20130728,20130729,20130730,20130731,20130808,20130810
Number is 71
G.4.2_index_3_VS_G.3.2_index_2[23] 
Ngay: 20130620,20130621,20130623,20130627,20130704,20130705,20130706,20130708,20130709,20130710,20130713,20130714,20130721,20130722,20130724,20130725,20130726,20130727,20130728,20130729,20130730,20130731,20130804,20130807,20130808,20130812
Number is 79
G.4.2_index_3_VS_G.2.1_index_3[24] 
Ngay: 20130620,20130621,20130623,20130629,20130703,20130704,20130712,20130717,20130719,20130725,20130726,20130727,20130728,20130729,20130730,20130802,20130803,20130804,20130805,20130806,20130809,20130810
Number is 80
G.3.6_index_4_VS_G.3.4_index_1[25] 
Ngay: 20130620,20130621,20130625,20130627,20130706,20130710,20130714,20130715,20130716,20130725,20130726,20130727,20130728,20130729,20130730,20130731,20130801,20130802,20130803,20130805,20130806,20130809,20130811,20130812
Number is 81
G.1.1_index_4_VS_G.3.5_index_5[26] 
Ngay: 20130623,20130624,20130626,20130629,20130705,20130707,20130714,20130717,20130720,20130725,20130726,20130727,20130728,20130729,20130730,20130802,20130804,20130807,20130809,20130810
G.1.1_index_4_VS_G.3.2_index_2[27] 
Ngay: 20130620,20130623,20130625,20130626,20130629,20130630,20130701,20130706,20130708,20130710,20130713,20130714,20130715,20130718,20130723,20130725,20130726,20130727,20130728,20130729,20130730,20130731,20130801,20130802,20130804,20130805,20130806,20130808,20130809,20130811
Number is 86
G.1.1_index_4_VS_G.3.6_index_2[28] 
Ngay: 20130622,20130628,20130629,20130630,20130703,20130705,20130707,20130716,20130717,20130719,20130720,20130723,20130725,20130726,20130727,20130728,20130729,20130730,20130731,20130802,20130803,20130804,20130807,20130809,20130810
Number is 87
G.7.2_index_1_VS_G.5.2_index_4[29] 
Ngay: 20130620,20130623,20130624,20130625,20130707,20130708,20130710,20130711,20130714,20130719,20130720,20130724,20130725,20130726,20130727,20130728,20130729,20130730,20130801,20130802,20130803,20130804,20130811
