Last Date = 20130710
Number is 02
G.3.2_index_1_VS_G.6.3_index_2 [1] 
Ngay: 20130621,20130622,20130624,20130627,20130630,20130701,20130703,20130704,20130705,20130706,20130707,20130708,20130709
G.3.3_index_1_VS_G.3.3_index_3 [2] 
Ngay: 20130624,20130626,20130627,20130702,20130703,20130704,20130705,20130706,20130707,20130708,20130709
Number is 41
G.5.3_index_1_VS_G.4.3_index_1 [3] 
Ngay: 20130630,20130703,20130704,20130705,20130706,20130707,20130708,20130709
Number is 47
G.5.1_index_4_VS_G.3.1_index_2 [4] 
Ngay: 20130620,20130621,20130622,20130624,20130625,20130626,20130701,20130703,20130704,20130705,20130706,20130707,20130708,20130709
Number is 53
G.5.6_index_3_VS_G.DB_index_3 [5] 
Ngay: 20130620,20130623,20130624,20130625,20130626,20130630,20130701,20130703,20130704,20130705,20130706,20130707,20130708,20130709
Number is 55
G.3.6_index_3_VS_G.5.6_index_3 [6] 
Ngay: 20130620,20130623,20130624,20130625,20130626,20130628,20130630,20130702,20130703,20130704,20130705,20130706,20130707,20130708,20130709
G.7.4_index_1_VS_G.4.1_index_4 [7] 
Ngay: 20130620,20130621,20130623,20130626,20130627,20130701,20130703,20130704,20130705,20130706,20130707,20130708,20130709
Number is 59
G.5.6_index_3_VS_G.5.3_index_3 [8] 
Ngay: 20130620,20130621,20130622,20130623,20130626,20130627,20130630,20130702,20130703,20130704,20130705,20130706,20130707,20130708,20130709
Number is 65
G.3.6_index_5_VS_G.6.3_index_3 [9] 
Ngay: 20130621,20130624,20130625,20130627,20130628,20130629,20130703,20130704,20130705,20130706,20130707,20130708,20130709
Number is 72
G.3.4_index_4_VS_G.6.3_index_2 [10] 
Ngay: 20130621,20130623,20130624,20130627,20130703,20130704,20130705,20130706,20130707,20130708,20130709
Number is 74
G.3.6_index_4_VS_G.3.2_index_2 [11] 
Ngay: 20130620,20130623,20130628,20130701,20130702,20130703,20130704,20130705,20130706,20130707,20130708,20130709
