Last Date = 20130722
Number is 00
G.5.4_index_2_VS_G.2.1_index_4 [1] 
Ngay: 20130620,20130625,20130627,20130701,20130704,20130708,20130713,20130715,20130716,20130717,20130718,20130719,20130720,20130721
G.5.4_index_2_VS_G.3.2_index_1 [2] 
Ngay: 20130623,20130624,20130627,20130629,20130630,20130703,20130704,20130705,20130710,20130711,20130713,20130714,20130715,20130716,20130717,20130718,20130719,20130720,20130721
Number is 02
G.7.3_index_2_VS_G.6.2_index_1 [3] 
Ngay: 20130622,20130623,20130625,20130627,20130628,20130703,20130707,20130708,20130709,20130710,20130712,20130713,20130715,20130716,20130717,20130718,20130719,20130720,20130721
Number is 03
G.3.2_index_1_VS_G.4.4_index_4 [4] 
Ngay: 20130621,20130624,20130627,20130629,20130701,20130704,20130705,20130707,20130711,20130713,20130715,20130716,20130717,20130718,20130719,20130720,20130721
Number is 09
G.3.2_index_1_VS_G.2.2_index_2 [5] 
Ngay: 20130621,20130622,20130623,20130625,20130627,20130628,20130629,20130705,20130709,20130710,20130713,20130715,20130716,20130717,20130718,20130719,20130720,20130721
Number is 22
G.3.1_index_2_VS_G.3.3_index_2 [6] 
Ngay: 20130622,20130623,20130628,20130629,20130630,20130703,20130705,20130706,20130707,20130711,20130712,20130715,20130716,20130717,20130718,20130719,20130720,20130721
Number is 25
G.3.1_index_2_VS_G.3.5_index_1 [7] 
Ngay: 20130620,20130621,20130623,20130627,20130628,20130629,20130705,20130706,20130707,20130709,20130710,20130712,20130713,20130715,20130716,20130717,20130718,20130719,20130720,20130721
Number is 45
G.1.1_index_1_VS_G.3.5_index_1 [8] 
Ngay: 20130622,20130624,20130626,20130627,20130630,20130702,20130703,20130705,20130706,20130707,20130710,20130713,20130715,20130716,20130717,20130718,20130719,20130720,20130721
Number is 55
G.3.5_index_1_VS_G.3.3_index_3 [9] 
Ngay: 20130620,20130624,20130629,20130704,20130706,20130708,20130712,20130713,20130715,20130716,20130717,20130718,20130719,20130720,20130721
Number is 79
G.3.1_index_4_VS_G.2.2_index_2 [10] 
Ngay: 20130620,20130622,20130623,20130626,20130627,20130628,20130701,20130703,20130705,20130707,20130711,20130715,20130716,20130717,20130718,20130719,20130720,20130721
Number is 92
G.3.2_index_3_VS_G.3.1_index_2 [11] 
Ngay: 20130626,20130628,20130701,20130704,20130707,20130709,20130711,20130715,20130716,20130717,20130718,20130719,20130720,20130721
Number is 95
G.5.2_index_1_VS_G.5.4_index_3 [12] 
Ngay: 20130620,20130622,20130624,20130626,20130628,20130629,20130703,20130704,20130705,20130707,20130708,20130709,20130714,20130715,20130716,20130717,20130718,20130719,20130720,20130721
