Last Date = 20130711
Number is 04
G.7.3_index_1_VS_G.3.1_index_4 [1] 
Ngay: 20130620,20130622,20130624,20130625,20130627,20130628,20130704,20130705,20130706,20130707,20130708,20130709,20130710
Number is 21
G.3.1_index_5_VS_G.3.6_index_4 [2] 
Ngay: 20130620,20130621,20130623,20130624,20130625,20130626,20130630,20130701,20130704,20130705,20130706,20130707,20130708,20130709,20130710
Number is 25
G.6.2_index_2_VS_G.7.2_index_2 [3] 
Ngay: 20130622,20130626,20130628,20130630,20130702,20130704,20130705,20130706,20130707,20130708,20130709,20130710
Number is 26
G.3.2_index_3_VS_G.3.3_index_4 [4] 
Ngay: 20130623,20130625,20130629,20130701,20130704,20130705,20130706,20130707,20130708,20130709,20130710
Number is 36
G.5.3_index_1_VS_G.4.3_index_1 [5] 
Ngay: 20130630,20130703,20130704,20130705,20130706,20130707,20130708,20130709,20130710
Number is 53
G.3.6_index_5_VS_G.6.3_index_3 [6] 
Ngay: 20130621,20130624,20130625,20130627,20130628,20130629,20130703,20130704,20130705,20130706,20130707,20130708,20130709,20130710
Number is 57
G.4.1_index_4_VS_G.6.3_index_2 [7] 
Ngay: 20130621,20130622,20130624,20130625,20130626,20130627,20130630,20130701,20130704,20130705,20130706,20130707,20130708,20130709,20130710
G.4.1_index_4_VS_G.5.3_index_2 [8] 
Ngay: 20130620,20130622,20130626,20130701,20130704,20130705,20130706,20130707,20130708,20130709,20130710
G.3.4_index_4_VS_G.6.3_index_2 [9] 
Ngay: 20130621,20130623,20130624,20130627,20130703,20130704,20130705,20130706,20130707,20130708,20130709,20130710
Number is 61
G.5.6_index_3_VS_G.4.4_index_1 [10] 
Ngay: 20130622,20130623,20130626,20130627,20130630,20130704,20130705,20130706,20130707,20130708,20130709,20130710
Number is 62
G.5.6_index_3_VS_G.3.2_index_3 [11] 
Ngay: 20130621,20130623,20130624,20130627,20130702,20130704,20130705,20130706,20130707,20130708,20130709,20130710
Number is 66
G.3.2_index_2_VS_G.2.2_index_4 [12] 
Ngay: 20130620,20130621,20130623,20130626,20130628,20130629,20130630,20130702,20130704,20130705,20130706,20130707,20130708,20130709,20130710
Number is 68
G.5.6_index_3_VS_G.5.3_index_3 [13] 
Ngay: 20130620,20130621,20130622,20130623,20130626,20130627,20130630,20130702,20130703,20130704,20130705,20130706,20130707,20130708,20130709,20130710
Number is 70
G.3.2_index_4_VS_G.5.2_index_2 [14] 
Ngay: 20130621,20130622,20130625,20130629,20130702,20130704,20130705,20130706,20130707,20130708,20130709,20130710
Number is 72
G.3.2_index_4_VS_G.3.2_index_5 [15] 
Ngay: 20130621,20130623,20130628,20130629,20130704,20130705,20130706,20130707,20130708,20130709,20130710
Number is 81
G.2.1_index_2_VS_G.4.4_index_4 [16] 
Ngay: 20130624,20130626,20130627,20130628,20130704,20130705,20130706,20130707,20130708,20130709,20130710
