Last Date = 20130708
Number is 12
G.6.3_index_2_VS_G.5.3_index_4 [1] 
Ngay: 20130621,20130622,20130623,20130624,20130626,20130627,20130701,20130702,20130703,20130704,20130705,20130706,20130707
Number is 20
G.3.6_index_4_VS_G.3.2_index_2 [2] 
Ngay: 20130620,20130623,20130628,20130701,20130702,20130703,20130704,20130705,20130706,20130707
Number is 25
G.2.2_index_3_VS_G.3.1_index_1 [3] 
Ngay: 20130620,20130624,20130628,20130701,20130702,20130703,20130704,20130705,20130706,20130707
Number is 44
G.3.1_index_4_VS_G.4.2_index_1 [4] 
Ngay: 20130620,20130625,20130627,20130701,20130702,20130703,20130704,20130705,20130706,20130707
Number is 45
G.7.1_index_2_VS_G.3.2_index_4 [5] 
Ngay: 20130621,20130625,20130626,20130628,20130629,20130701,20130702,20130703,20130704,20130705,20130706,20130707
Number is 68
G.3.4_index_5_VS_G.3.6_index_5 [6] 
Ngay: 20130621,20130630,20130701,20130702,20130703,20130704,20130705,20130706,20130707
