Last Date = 20130719
Number is 33
G.6.3_index_1_VS_G.7.4_index_2 [1] 
Ngay: 20130628,20130630,20130701,20130705,20130710,20130711,20130712,20130713,20130714,20130715,20130716,20130717,20130718
Number is 60
G.3.6_index_1_VS_G.5.4_index_4 [2] 
Ngay: 20130620,20130621,20130623,20130624,20130625,20130626,20130627,20130629,20130702,20130703,20130705,20130706,20130710,20130712,20130713,20130714,20130715,20130716,20130717,20130718
Number is 65
G.3.2_index_5_VS_G.6.2_index_1 [3] 
Ngay: 20130621,20130623,20130625,20130627,20130629,20130630,20130701,20130708,20130709,20130712,20130713,20130714,20130715,20130716,20130717,20130718
Number is 84
G.2.2_index_4_VS_G.5.2_index_4 [4] 
Ngay: 20130623,20130630,20130707,20130708,20130709,20130710,20130712,20130713,20130714,20130715,20130716,20130717,20130718
Number is 98
G.5.2_index_3_VS_G.5.4_index_2 [5] 
Ngay: 20130620,20130621,20130622,20130623,20130627,20130629,20130630,20130701,20130702,20130703,20130704,20130707,20130710,20130712,20130713,20130714,20130715,20130716,20130717,20130718
