Last Date = 20130703
Number is 32
G.1.1_index_2_VS_G.5.1_index_1 [1] 
Ngay: 20130624,20130625,20130626,20130627,20130628,20130629,20130630,20130701,20130702
Number is 46
G.2.2_index_1_VS_G.3.5_index_1 [2] 
Ngay: 20130620,20130621,20130623,20130624,20130626,20130627,20130628,20130629,20130630,20130701,20130702
Number is 53
G.6.2_index_1_VS_G.1.1_index_2 [3] 
Ngay: 20130620,20130623,20130624,20130625,20130626,20130627,20130628,20130629,20130630,20130701,20130702
Number is 55
G.2.1_index_4_VS_G.5.5_index_2 [4] 
Ngay: 20130620,20130624,20130625,20130626,20130627,20130628,20130629,20130630,20130701,20130702
Number is 56
G.5.5_index_2_VS_G.3.1_index_4 [5] 
Ngay: 20130620,20130623,20130626,20130627,20130628,20130629,20130630,20130701,20130702
Number is 65
G.3.2_index_2_VS_G.5.5_index_2 [6] 
Ngay: 20130620,20130623,20130624,20130625,20130626,20130627,20130628,20130629,20130630,20130701,20130702
Number is 68
G.3.2_index_2_VS_G.5.6_index_2 [7] 
Ngay: 20130621,20130623,20130626,20130627,20130628,20130629,20130630,20130701,20130702
Number is 69
G.3.3_index_4_VS_G.5.4_index_3 [8] 
Ngay: 20130620,20130621,20130623,20130624,20130625,20130626,20130627,20130628,20130629,20130630,20130701,20130702
Number is 79
G.5.4_index_2_VS_G.5.3_index_4 [9] 
Ngay: 20130623,20130626,20130627,20130628,20130629,20130630,20130701,20130702
