Last Date = 20130725
Number is 01
G.5.5_index_2_VS_G.7.2_index_1 [1] 
Ngay: 20130620,20130623,20130626,20130628,20130629,20130630,20130701,20130704,20130705,20130708,20130710,20130711,20130712,20130714,20130718,20130719,20130720,20130721,20130722,20130723,20130724
Number is 07
G.5.5_index_2_VS_G.2.1_index_5 [2] 
Ngay: 20130620,20130622,20130623,20130626,20130628,20130630,20130701,20130703,20130704,20130705,20130708,20130711,20130712,20130715,20130718,20130719,20130720,20130721,20130722,20130723,20130724
Number is 08
G.7.4_index_2_VS_G.5.2_index_2 [3] 
Ngay: 20130621,20130622,20130623,20130625,20130630,20130701,20130705,20130707,20130708,20130710,20130711,20130713,20130714,20130715,20130718,20130719,20130720,20130721,20130722,20130723,20130724
Number is 34
G.5.6_index_4_VS_G.3.2_index_1 [4] 
Ngay: 20130620,20130624,20130625,20130627,20130629,20130630,20130701,20130702,20130704,20130705,20130706,20130710,20130712,20130714,20130718,20130719,20130720,20130721,20130722,20130723,20130724
Number is 44
G.3.1_index_2_VS_G.3.3_index_4 [5] 
Ngay: 20130621,20130625,20130627,20130628,20130629,20130705,20130707,20130714,20130717,20130718,20130719,20130720,20130721,20130722,20130723,20130724
Number is 55
G.3.5_index_5_VS_G.6.1_index_3 [6] 
Ngay: 20130621,20130627,20130629,20130630,20130705,20130711,20130712,20130713,20130716,20130717,20130718,20130719,20130720,20130721,20130722,20130723,20130724
Number is 68
G.5.3_index_3_VS_G.3.6_index_2 [7] 
Ngay: 20130620,20130621,20130623,20130626,20130627,20130702,20130705,20130707,20130708,20130711,20130713,20130718,20130719,20130720,20130721,20130722,20130723,20130724
Number is 74
G.7.1_index_1_VS_G.3.1_index_2 [8] 
Ngay: 20130620,20130621,20130622,20130628,20130701,20130703,20130704,20130706,20130707,20130711,20130712,20130718,20130719,20130720,20130721,20130722,20130723,20130724
Number is 92
G.2.2_index_3_VS_G.3.3_index_2 [9] 
Ngay: 20130621,20130623,20130624,20130627,20130628,20130630,20130701,20130702,20130706,20130708,20130710,20130711,20130714,20130718,20130719,20130720,20130721,20130722,20130723,20130724
Number is 93
G.3.4_index_4_VS_G.6.3_index_2 [10] 
Ngay: 20130621,20130623,20130624,20130627,20130703,20130704,20130705,20130706,20130707,20130708,20130709,20130710,20130717,20130718,20130719,20130720,20130721,20130722,20130723,20130724
