Last Date = 20130715
Number is 29
G.3.3_index_3_VS_G.4.2_index_4 [1] 
Ngay: 20130622,20130624,20130702,20130703,20130704,20130705,20130707,20130708,20130709,20130710,20130711,20130712,20130713,20130714
Number is 40
G.4.1_index_2_VS_G.DB_index_5 [2] 
Ngay: 20130620,20130621,20130626,20130703,20130704,20130705,20130706,20130708,20130709,20130710,20130711,20130712,20130713,20130714
Number is 46
G.5.2_index_2_VS_G.5.4_index_3 [3] 
Ngay: 20130620,20130621,20130623,20130624,20130625,20130626,20130627,20130628,20130701,20130702,20130704,20130707,20130708,20130709,20130710,20130711,20130712,20130713,20130714
Number is 51
G.5.5_index_3_VS_G.2.2_index_3 [4] 
Ngay: 20130621,20130622,20130623,20130626,20130628,20130701,20130702,20130704,20130706,20130708,20130709,20130710,20130711,20130712,20130713,20130714
Number is 62
G.5.5_index_1_VS_G.2.2_index_4 [5] 
Ngay: 20130620,20130623,20130624,20130626,20130628,20130629,20130705,20130708,20130709,20130710,20130711,20130712,20130713,20130714
Number is 77
G.5.4_index_1_VS_G.7.2_index_2 [6] 
Ngay: 20130620,20130622,20130624,20130627,20130628,20130629,20130701,20130702,20130703,20130704,20130705,20130707,20130708,20130709,20130710,20130711,20130712,20130713,20130714
Number is 87
G.6.2_index_2_VS_G.3.1_index_2 [7] 
Ngay: 20130625,20130628,20130706,20130707,20130708,20130709,20130710,20130711,20130712,20130713,20130714
