======== Current: 20130304 ========= 
Number is 02 
G.3.1_index_1_VS_G.2.1_index_2 [1] PLUS 1 
20130222,20130224,20130225,20130226,20130227,20130228,20130301,20130302,20130303,20130304,20130305,20130306,20130308,20130312,20130313,20130319,20130320,20130321,20130322,20130323,20130324,20130325,20130330,20130331,20130401,20130403 
Number is 03 
G.3.1_index_1_VS_G.2.2_index_4 [2] 
20130225,20130226,20130227,20130228,20130301,20130302,20130303,20130306,20130309,20130312,20130318,20130321,20130322,20130323,20130329,20130403 
Number is 04 
G.5.6_index_2_VS_G.5.3_index_1 [3] PLUS 1 
20130223,20130224,20130226,20130227,20130228,20130301,20130302,20130303,20130304,20130306,20130308,20130309,20130310,20130311,20130315,20130316,20130318,20130320,20130321,20130324,20130326,20130330,20130401,20130403 
Number is 17 
G.5.1_index_1_VS_G.7.2_index_1 [4] 
20130225,20130226,20130227,20130228,20130301,20130302,20130303,20130306,20130308,20130309,20130315,20130326,20130328,20130329,20130401 
Number is 22 
G.DB_index_5_VS_G.7.3_index_2 [5] 
20130225,20130226,20130227,20130228,20130301,20130302,20130303,20130305,20130306,20130311,20130312,20130314,20130315,20130316,20130318,20130320,20130326,20130327,20130329,20130403 
G.5.4_index_1_VS_G.7.3_index_2 [6] 
20130225,20130226,20130227,20130228,20130301,20130302,20130303,20130308,20130311,20130313,20130320,20130323,20130324,20130326,20130328,20130329,20130401,20130403 
Number is 23 
G.5.4_index_1_VS_G.5.4_index_3 [7] PLUS 1 
20130222,20130225,20130226,20130227,20130228,20130301,20130302,20130303,20130304,20130305,20130306,20130307,20130310,20130312,20130314,20130317,20130320,20130322,20130326,20130329,20130330,20130331,20130403 
Number is 29 
G.2.1_index_2_VS_G.3.3_index_1 [8] 
20130223,20130224,20130225,20130226,20130227,20130228,20130301,20130302,20130303,20130312,20130313,20130314,20130316,20130320,20130321,20130322,20130323,20130324,20130330,20130331,20130401,20130403 
Number is 33 
G.5.1_index_4_VS_G.3.6_index_1 [9] PLUS 1 
20130223,20130226,20130227,20130228,20130301,20130302,20130303,20130304,20130308,20130309,20130312,20130313,20130316,20130317,20130318,20130319,20130325,20130329,20130401,20130403 
Number is 34 
G.3.2_index_1_VS_G.3.4_index_1 [10] 
20130224,20130225,20130226,20130227,20130228,20130301,20130302,20130303,20130305,20130310,20130319,20130320,20130321,20130328,20130329,20130330 
G.2.2_index_4_VS_G.5.3_index_1 [11] 
20130222,20130225,20130226,20130227,20130228,20130301,20130302,20130303,20130306,20130307,20130309,20130311,20130312,20130318,20130320,20130321,20130326 
Number is 37 
G.3.1_index_3_VS_G.3.3_index_3 [12] 
20130223,20130224,20130225,20130226,20130227,20130228,20130301,20130302,20130303,20130305,20130307,20130308,20130309,20130310,20130313,20130314,20130317,20130322,20130323,20130326,20130327,20130331,20130401 
Number is 44 
G.4.3_index_1_VS_G.6.3_index_2 [13] PLUS 1 
20130222,20130224,20130225,20130226,20130227,20130228,20130301,20130302,20130303,20130304,20130306,20130308,20130314,20130316,20130319,20130320,20130321,20130323,20130324,20130325,20130327,20130329,20130401 
Number is 46 
G.5.4_index_2_VS_G.4.1_index_4 [14] PLUS 1 
20130226,20130227,20130228,20130301,20130302,20130303,20130304,20130305,20130308,20130312,20130313,20130314,20130315,20130316,20130318,20130322,20130323,20130329,20130401,20130402,20130403 
Number is 48 
G.6.3_index_3_VS_G.3.4_index_3 [15] PLUS 1 
20130223,20130225,20130226,20130227,20130228,20130301,20130302,20130303,20130304,20130305,20130309,20130313,20130315,20130316,20130320,20130323,20130324,20130325,20130329,20130401 
Number is 60 
G.3.6_index_2_VS_G.5.2_index_1 [16] 
20130223,20130226,20130227,20130228,20130301,20130302,20130303,20130305,20130307,20130308,20130310,20130312,20130313,20130314,20130318,20130319,20130323,20130324,20130330,20130331,20130402,20130403 
Number is 70 
G.3.3_index_3_VS_G.4.2_index_3 [17] 
20130223,20130224,20130226,20130227,20130228,20130301,20130302,20130303,20130305,20130306,20130307,20130308,20130309,20130310,20130313,20130314,20130316,20130319,20130320,20130321,20130323,20130326,20130327,20130401,20130403 
Number is 73 
G.3.3_index_3_VS_G.2.1_index_4 [18] 
20130226,20130227,20130228,20130301,20130302,20130303,20130308,20130310,20130314,20130316,20130321,20130324,20130325,20130326,20130327,20130328,20130401,20130403 
G.7.2_index_1_VS_G.3.5_index_2 [19] 
20130226,20130227,20130228,20130301,20130302,20130303,20130305,20130306,20130307,20130308,20130309,20130311,20130312,20130316,20130317,20130321,20130323,20130329,20130402 
Number is 77 
G.7.2_index_1_VS_G.3.5_index_5 [20] 
20130224,20130225,20130226,20130227,20130228,20130301,20130302,20130303,20130305,20130309,20130310,20130311,20130312,20130316,20130317,20130319,20130320,20130321,20130322,20130328,20130331,20130401 
Number is 82 
G.3.6_index_4_VS_G.3.4_index_5 [21] PLUS 1 
20130222,20130223,20130224,20130226,20130227,20130228,20130301,20130302,20130303,20130304,20130305,20130307,20130310,20130314,20130318,20130320,20130323,20130327,20130328,20130329,20130330,20130401,20130402 
Number is 87 
G.3.6_index_4_VS_G.2.1_index_5 [22] PLUS 1 
20130222,20130226,20130227,20130228,20130301,20130302,20130303,20130304,20130305,20130308,20130311,20130316,20130317,20130318,20130320,20130324,20130325,20130326,20130331,20130402 
Number is 93 
G.3.3_index_1_VS_G.2.2_index_4 [23] 
20130222,20130223,20130224,20130225,20130226,20130227,20130228,20130301,20130302,20130303,20130305,20130306,20130308,20130309,20130310,20130316,20130322,20130323,20130324,20130325,20130403 
Number is 94 
G.6.2_index_3_VS_G.6.3_index_3 [24] 
20130225,20130226,20130227,20130228,20130301,20130302,20130303,20130305,20130313,20130319,20130323,20130329,20130330,20130331,20130402,20130403 
