======== Current: 20130328 ========= 
Number is 22 
G.4.2_index_3_VS_G.5.1_index_2 [1] 
20130222,20130224,20130225,20130227,20130228,20130301,20130303,20130305,20130306,20130311,20130312,20130313,20130314,20130315,20130322,20130323,20130324,20130325,20130326,20130327,20130331,20130401,20130403 
Number is 26 
G.5.6_index_3_VS_G.1.1_index_3 [2] 
20130222,20130223,20130224,20130225,20130226,20130228,20130302,20130305,20130306,20130307,20130310,20130314,20130316,20130320,20130321,20130322,20130323,20130324,20130325,20130326,20130327,20130329 
Number is 33 
G.5.5_index_1_VS_G.3.4_index_5 [3] PLUS 1 
20130222,20130223,20130224,20130225,20130226,20130228,20130301,20130302,20130310,20130311,20130315,20130318,20130320,20130321,20130322,20130323,20130324,20130325,20130326,20130327,20130328,20130329,20130330,20130401 
Number is 39 
G.3.4_index_5_VS_G.2.1_index_2 [4] 
20130222,20130223,20130224,20130225,20130305,20130307,20130312,20130315,20130318,20130322,20130323,20130324,20130325,20130326,20130327,20130330,20130401,20130402 
Number is 46 
G.DB_index_4_VS_G.4.1_index_3 [5] 
20130222,20130228,20130301,20130304,20130309,20130313,20130316,20130318,20130321,20130322,20130323,20130324,20130325,20130326,20130327,20130401 
G.5.4_index_1_VS_G.4.3_index_1 [6] 
20130222,20130226,20130301,20130302,20130304,20130305,20130310,20130311,20130313,20130314,20130316,20130318,20130320,20130322,20130323,20130324,20130325,20130326,20130327,20130329,20130331,20130402 
Number is 53 
G.2.2_index_5_VS_G.3.4_index_5 [7] 
20130222,20130226,20130228,20130304,20130305,20130310,20130311,20130314,20130320,20130321,20130322,20130323,20130324,20130325,20130326,20130327,20130329,20130330 
Number is 57 
G.5.5_index_2_VS_G.3.2_index_4 [8] 
20130223,20130224,20130226,20130301,20130303,20130304,20130306,20130307,20130308,20130309,20130312,20130314,20130315,20130318,20130320,20130322,20130323,20130324,20130325,20130326,20130327,20130329,20130402 
Number is 67 
G.4.1_index_3_VS_G.3.2_index_4 [9] 
20130222,20130224,20130226,20130301,20130303,20130306,20130307,20130313,20130315,20130316,20130317,20130320,20130322,20130323,20130324,20130325,20130326,20130327,20130329 
Number is 68 
G.4.1_index_3_VS_G.3.3_index_1 [10] 
20130223,20130225,20130226,20130303,20130304,20130314,20130322,20130323,20130324,20130325,20130326,20130327,20130401 
Number is 69 
G.5.1_index_1_VS_G.5.6_index_1 [11] PLUS 1 
20130222,20130224,20130225,20130227,20130228,20130301,20130304,20130308,20130311,20130312,20130314,20130315,20130318,20130320,20130322,20130323,20130324,20130325,20130326,20130327,20130328,20130329,20130401 
Number is 74 
G.4.1_index_2_VS_G.5.4_index_1 [12] PLUS 1 
20130225,20130226,20130227,20130228,20130301,20130302,20130306,20130309,20130312,20130313,20130318,20130321,20130322,20130323,20130324,20130325,20130326,20130327,20130328,20130331,20130402,20130403 
G.4.1_index_2_VS_G.3.5_index_5 [13] PLUS 1 
20130226,20130227,20130301,20130302,20130303,20130306,20130307,20130308,20130310,20130311,20130312,20130313,20130314,20130319,20130321,20130322,20130323,20130324,20130325,20130326,20130327,20130328,20130402 
Number is 95 
G.7.1_index_1_VS_G.2.2_index_5 [14] PLUS 1 
20130223,20130226,20130227,20130228,20130307,20130309,20130311,20130313,20130318,20130319,20130322,20130323,20130324,20130325,20130326,20130327,20130328,20130329,20130402 
Number is 99 
G.2.2_index_1_VS_G.3.5_index_1 [15] 
20130222,20130224,20130226,20130227,20130228,20130303,20130304,20130305,20130310,20130314,20130315,20130316,20130319,20130321,20130322,20130323,20130324,20130325,20130326,20130327,20130401,20130403 
