======== Current: 20130330 ========= 
Number is 01 
G.5.5_index_2_VS_G.4.3_index_4 [1] 
20130223,20130224,20130226,20130304,20130305,20130306,20130309,20130311,20130313,20130314,20130318,20130319,20130321,20130324,20130325,20130326,20130327,20130328,20130329,20130401,20130403 
Number is 11 
G.7.1_index_1_VS_G.2.2_index_5 [2] 
20130223,20130226,20130227,20130228,20130307,20130309,20130311,20130313,20130318,20130319,20130322,20130323,20130324,20130325,20130326,20130327,20130328,20130329,20130402 
Number is 18 
G.4.2_index_4_VS_G.5.2_index_3 [3] 
20130223,20130227,20130301,20130303,20130306,20130310,20130313,20130315,20130316,20130318,20130320,20130324,20130325,20130326,20130327,20130328,20130329,20130403 
Number is 28 
G.3.4_index_1_VS_G.5.4_index_4 [4] 
20130222,20130227,20130301,20130304,20130311,20130313,20130314,20130316,20130317,20130319,20130321,20130324,20130325,20130326,20130327,20130328,20130329,20130401,20130403 
Number is 29 
G.3.4_index_1_VS_G.5.4_index_2 [5] 
20130225,20130226,20130228,20130303,20130304,20130309,20130310,20130312,20130319,20130323,20130324,20130325,20130326,20130327,20130328,20130329,20130331,20130401,20130402,20130403 
Number is 32 
G.3.4_index_5_VS_G.3.4_index_3 [6] 
20130224,20130226,20130227,20130303,20130304,20130305,20130308,20130311,20130312,20130313,20130314,20130315,20130318,20130320,20130322,20130324,20130325,20130326,20130327,20130328,20130329,20130331 
G.5.1_index_1_VS_G.5.6_index_1 [7] 
20130222,20130224,20130225,20130227,20130228,20130301,20130304,20130308,20130311,20130312,20130314,20130315,20130318,20130320,20130322,20130323,20130324,20130325,20130326,20130327,20130328,20130329,20130401 
Number is 53 
G.5.5_index_1_VS_G.3.4_index_5 [8] PLUS 1 
20130222,20130223,20130224,20130225,20130226,20130228,20130301,20130302,20130310,20130311,20130315,20130318,20130320,20130321,20130322,20130323,20130324,20130325,20130326,20130327,20130328,20130329,20130330,20130401 
Number is 80 
G.3.2_index_2_VS_G.4.1_index_1 [9] PLUS 1 
20130303,20130306,20130308,20130313,20130315,20130317,20130323,20130324,20130325,20130326,20130327,20130328,20130329,20130330,20130331,20130401,20130402,20130403 
Number is 91 
G.3.1_index_1_VS_G.5.3_index_4 [10] PLUS 1 
20130302,20130306,20130309,20130310,20130315,20130317,20130318,20130320,20130321,20130324,20130325,20130326,20130327,20130328,20130329,20130330 
Number is 95 
G.DB_index_2_VS_G.5.5_index_1 [11] 
20130224,20130225,20130226,20130227,20130228,20130302,20130305,20130307,20130308,20130309,20130316,20130321,20130323,20130324,20130325,20130326,20130327,20130328,20130329,20130331,20130401,20130402,20130403 
Number is 97 
G.7.4_index_2_VS_G.DB_index_1 [12] PLUS 1 
20130224,20130225,20130301,20130302,20130305,20130306,20130310,20130315,20130320,20130324,20130325,20130326,20130327,20130328,20130329,20130330,20130401,20130403 
