======== Current: 20121005 ========= 
Number is 01 
G.3.5_index_4_VS_G.2.1_index_3 [1] PLUS 1 
20120921,20120922,20120924,20120926,20120929,20120930,20121001,20121002,20121003,20121004,20121005,20121006,20121007,20121010,20121014,20121016,20121017,20121019,20121021,20121022,20121024,20121026 
Number is 19 
G.2.1_index_3_VS_G.2.2_index_4 [2] PLUS 1 
20120920,20120921,20120924,20120929,20120930,20121001,20121002,20121003,20121004,20121005,20121010,20121014,20121016,20121018,20121020,20121021,20121022,20121025,20121027 
Number is 20 
G.2.1_index_2_VS_G.6.3_index_3 [3] PLUS 1 
20120921,20120922,20120924,20120925,20120926,20120929,20120930,20121001,20121002,20121003,20121004,20121005,20121010,20121012,20121014,20121015,20121018,20121021,20121024,20121031 
Number is 24 
G.7.1_index_1_VS_G.5.2_index_3 [4] 
20120920,20120925,20120927,20120929,20120930,20121001,20121002,20121003,20121004,20121012,20121015,20121017,20121018,20121019,20121021,20121023,20121024,20121026,20121029,20121031 
Number is 27 
G.DB_index_3_VS_G.4.2_index_1 [5] PLUS 1 
20120921,20120923,20120925,20120926,20120929,20120930,20121001,20121002,20121003,20121004,20121005,20121008,20121012,20121014,20121016,20121017,20121021,20121022,20121023,20121025,20121026,20121029,20121030,20121101 
Number is 28 
G.7.1_index_1_VS_G.2.2_index_3 [6] 
20120920,20120923,20120924,20120925,20120927,20120929,20120930,20121001,20121002,20121003,20121004,20121006,20121007,20121008,20121009,20121011,20121014,20121018,20121019,20121020,20121022,20121023,20121025,20121026,20121027,20121029,20121031 
Number is 40 
G.3.2_index_3_VS_G.6.3_index_3 [7] PLUS 1 
20120924,20120925,20120927,20120929,20120930,20121001,20121002,20121003,20121004,20121005,20121006,20121008,20121011,20121012,20121018,20121023,20121029 
G.5.2_index_3_VS_G.7.3_index_2 [8] PLUS 1 
20120922,20120923,20120924,20120925,20120928,20120929,20120930,20121001,20121002,20121003,20121004,20121005,20121012,20121015,20121024,20121026,20121029 
Number is 51 
G.5.6_index_4_VS_G.6.3_index_2 [9] 
20120922,20120925,20120927,20120928,20120929,20120930,20121001,20121002,20121003,20121004,20121008,20121014,20121017,20121022,20121023,20121025,20121027,20121028,20121029,20121031 
Number is 57 
G.4.1_index_2_VS_G.4.2_index_1 [10] 
20120920,20120921,20120923,20120925,20120926,20120929,20120930,20121001,20121002,20121003,20121004,20121006,20121010,20121014,20121019,20121020,20121021,20121023,20121024,20121028,20121029,20121030,20121031,20121101 
Number is 60 
G.2.2_index_2_VS_G.6.3_index_3 [11] 
20120924,20120928,20120929,20120930,20121001,20121002,20121003,20121004,20121007,20121010,20121012,20121015,20121019,20121020,20121023,20121026,20121027,20121030,20121101 
Number is 65 
G.5.6_index_2_VS_G.5.6_index_4 [12] PLUS 1 
20120921,20120922,20120929,20120930,20121001,20121002,20121003,20121004,20121005,20121006,20121010,20121012,20121014,20121015,20121023,20121027,20121030,20121031 
Number is 66 
G.5.2_index_2_VS_G.4.4_index_1 [13] 
20120921,20120929,20120930,20121001,20121002,20121003,20121004,20121007,20121010,20121011,20121020,20121021,20121025,20121029,20121030,20121031 
G.3.1_index_2_VS_G.DB_index_4 [14] 
20120920,20120926,20120929,20120930,20121001,20121002,20121003,20121004,20121007,20121009,20121010,20121012,20121013,20121018,20121019,20121020,20121021,20121023,20121025 
G.4.4_index_1_VS_G.4.2_index_4 [15] 
20120920,20120921,20120922,20120923,20120928,20120929,20120930,20121001,20121002,20121003,20121004,20121006,20121008,20121010,20121012,20121015,20121021,20121024,20121027,20121029,20121030,20121031,20121101 
Number is 67 
G.2.1_index_4_VS_G.4.4_index_3 [16] PLUS 1 
20120920,20120925,20120926,20120928,20120929,20120930,20121001,20121002,20121003,20121004,20121005,20121009,20121011,20121013,20121025,20121026,20121029,20121030,20121031 
G.5.2_index_2_VS_G.2.2_index_1 [17] PLUS 1 
20120920,20120923,20120926,20120927,20120928,20120929,20120930,20121001,20121002,20121003,20121004,20121005,20121008,20121011,20121014,20121015,20121019,20121020,20121025,20121029 
Number is 70 
G.4.2_index_1_VS_G.3.5_index_4 [18] PLUS 1 
20120920,20120921,20120923,20120927,20120928,20120929,20120930,20121001,20121002,20121003,20121004,20121005,20121007,20121010,20121011,20121014,20121021,20121026,20121028,20121029,20121030,20121031,20121101 
Number is 74 
G.4.2_index_1_VS_G.5.1_index_1 [19] 
20120921,20120922,20120926,20120929,20120930,20121001,20121002,20121003,20121004,20121008,20121010,20121014,20121015,20121016,20121017,20121022,20121024,20121025,20121026,20121030,20121031,20121101 
Number is 78 
G.2.2_index_1_VS_G.5.4_index_3 [20] 
20120922,20120923,20120927,20120929,20120930,20121001,20121002,20121003,20121004,20121007,20121008,20121009,20121010,20121011,20121015,20121017,20121019,20121020,20121023,20121024 
Number is 79 
G.5.3_index_2_VS_G.1.1_index_2 [21] PLUS 1 
20120920,20120921,20120924,20120927,20120929,20120930,20121001,20121002,20121003,20121004,20121005,20121007,20121008,20121009,20121011,20121016,20121017,20121019,20121021,20121022,20121024,20121025,20121029,20121101 
Number is 81 
G.3.6_index_1_VS_G.2.1_index_3 [22] 
20120922,20120924,20120925,20120929,20120930,20121001,20121002,20121003,20121004,20121006,20121007,20121008,20121013,20121016,20121021,20121024,20121030,20121031 
G.3.3_index_3_VS_G.5.3_index_1 [23] 
20120920,20120921,20120924,20120925,20120926,20120928,20120929,20120930,20121001,20121002,20121003,20121004,20121006,20121013,20121018,20121019,20121020,20121021,20121023,20121024,20121025,20121027,20121028,20121029,20121031 
Number is 83 
G.3.3_index_3_VS_G.5.6_index_1 [24] PLUS 1 
20120920,20120925,20120927,20120929,20120930,20121001,20121002,20121003,20121004,20121005,20121008,20121009,20121013,20121014,20121017,20121018,20121019,20121024,20121025,20121029,20121031 
Number is 86 
G.3.1_index_3_VS_G.5.2_index_2 [25] 
20120926,20120929,20120930,20121001,20121002,20121003,20121004,20121010,20121012,20121014,20121017,20121018,20121019,20121020,20121024,20121025,20121029,20121101 
Number is 87 
G.3.1_index_1_VS_G.3.4_index_2 [26] 
20120920,20120922,20120926,20120928,20120929,20120930,20121001,20121002,20121003,20121004,20121008,20121010,20121013,20121014,20121015,20121017,20121019,20121023,20121026,20121028,20121029,20121031,20121101 
Number is 96 
G.4.1_index_3_VS_G.3.5_index_3 [27] 
20120922,20120923,20120925,20120929,20120930,20121001,20121002,20121003,20121004,20121006,20121007,20121008,20121009,20121013,20121015,20121018,20121021,20121025,20121028,20121030,20121031,20121101 
Number is 98 
G.1.1_index_2_VS_G.3.5_index_1 [28] 
20120921,20120922,20120928,20120929,20120930,20121001,20121002,20121003,20121004,20121008,20121011,20121012,20121013,20121014,20121019,20121021,20121022,20121024,20121028,20121029,20121030,20121031 
Number is 99 
G.4.1_index_3_VS_G.2.2_index_4 [29] PLUS 1 
20120927,20120929,20120930,20121001,20121002,20121003,20121004,20121005,20121008,20121009,20121013,20121014,20121023,20121025,20121029,20121031 
