======== Current: 20121009 ========= 
Number is 01 
G.3.1_index_2_VS_G.3.2_index_5 [1] PLUS 1 
20120923,20120924,20120926,20120927,20121003,20121004,20121005,20121006,20121007,20121008,20121009,20121015,20121017,20121018,20121020,20121022,20121023,20121024,20121026,20121030 
Number is 06 
G.3.5_index_4_VS_G.5.3_index_2 [2] PLUS 1 
20120921,20120923,20120924,20120925,20120926,20120929,20120930,20121001,20121003,20121004,20121005,20121006,20121007,20121008,20121009,20121010,20121015,20121017,20121021,20121025,20121027,20121029,20121030,20121101 
Number is 11 
G.3.5_index_3_VS_G.3.4_index_5 [3] PLUS 1 
20120922,20120924,20120925,20120928,20120930,20121001,20121003,20121004,20121005,20121006,20121007,20121008,20121009,20121013,20121015,20121020,20121022,20121023,20121024,20121025,20121027,20121030,20121031 
Number is 20 
G.4.2_index_3_VS_G.2.2_index_4 [4] PLUS 1 
20120924,20120925,20120926,20121001,20121003,20121004,20121005,20121006,20121007,20121008,20121009,20121012,20121014,20121015,20121018,20121021,20121022,20121023,20121024,20121027,20121029,20121101 
Number is 34 
G.7.4_index_2_VS_G.5.6_index_4 [5] PLUS 1 
20120926,20120928,20120929,20121002,20121003,20121004,20121005,20121006,20121007,20121008,20121009,20121015,20121022,20121024,20121026,20121027,20121029,20121030,20121101 
Number is 64 
G.4.1_index_4_VS_G.5.6_index_4 [6] PLUS 1 
20120922,20120926,20120929,20120930,20121002,20121003,20121004,20121005,20121006,20121007,20121008,20121009,20121010,20121014,20121015,20121020,20121023,20121025,20121027,20121031 
Number is 66 
G.5.3_index_2_VS_G.DB_index_1 [7] 
20120920,20120921,20120923,20120924,20120925,20120926,20120929,20120930,20121002,20121003,20121004,20121005,20121006,20121007,20121008,20121013,20121014,20121017,20121018,20121020,20121027,20121029,20121030,20121101 
Number is 73 
G.5.5_index_4_VS_G.7.4_index_2 [8] 
20120920,20120922,20120923,20120925,20120926,20120929,20121001,20121003,20121004,20121005,20121006,20121007,20121008,20121011,20121012,20121013,20121015,20121018,20121019,20121022,20121024,20121025,20121026,20121028,20121029 
Number is 78 
G.5.5_index_4_VS_G.DB_index_5 [9] 
20120921,20120923,20120927,20120928,20120930,20121001,20121003,20121004,20121005,20121006,20121007,20121008,20121013,20121014,20121017,20121020,20121021,20121024,20121027,20121031,20121101 
Number is 81 
G.2.1_index_1_VS_G.2.2_index_1 [10] PLUS 1 
20120920,20120922,20120923,20120925,20120927,20120928,20120930,20121003,20121004,20121005,20121006,20121007,20121008,20121009,20121012,20121014,20121019,20121024,20121025,20121026,20121027,20121101 
Number is 84 
G.DB_index_5_VS_G.6.3_index_1 [11] PLUS 1 
20120921,20120922,20120925,20120926,20120927,20120930,20121001,20121002,20121003,20121004,20121005,20121006,20121007,20121008,20121009,20121011,20121012,20121014,20121017,20121019,20121020,20121021,20121024,20121026,20121027,20121031,20121101 
