======== Current: 20121016 ========= 
Number is 05 
G.2.2_index_5_VS_G.3.1_index_1 [1] 
20120923,20120929,20120930,20121010,20121011,20121012,20121013,20121014,20121015,20121017,20121031 
Number is 06 
G.3.4_index_3_VS_G.4.3_index_3 [2] 
20120920,20120923,20120927,20120928,20121004,20121006,20121010,20121011,20121012,20121013,20121014,20121015,20121017,20121018,20121022,20121025,20121027,20121028,20121029,20121030,20121031 
Number is 07 
G.3.4_index_3_VS_G.5.5_index_4 [3] 
20120920,20120921,20120924,20120925,20120926,20120927,20121001,20121003,20121005,20121006,20121010,20121011,20121012,20121013,20121014,20121015,20121018,20121020,20121023,20121025,20121029,20121030,20121031,20121101 
Number is 08 
G.3.4_index_3_VS_G.2.2_index_4 [4] PLUS 1 
20120921,20120922,20120923,20120926,20120930,20121001,20121004,20121006,20121010,20121011,20121012,20121013,20121014,20121015,20121016,20121018,20121022,20121023,20121025,20121027,20121030,20121031 
Number is 13 
G.DB_index_5_VS_G.5.4_index_1 [5] PLUS 1 
20120920,20120921,20120922,20120923,20120926,20121002,20121003,20121006,20121007,20121008,20121009,20121010,20121011,20121012,20121013,20121014,20121015,20121016,20121017,20121018,20121020,20121021,20121027,20121029,20121030,20121031,20121101 
Number is 22 
G.4.1_index_1_VS_G.1.1_index_2 [6] 
20120920,20120924,20120930,20121002,20121003,20121006,20121007,20121008,20121010,20121011,20121012,20121013,20121014,20121015,20121018,20121021,20121024,20121025,20121028,20121029,20121030,20121031 
Number is 23 
G.5.1_index_1_VS_G.6.2_index_1 [7] 
20120923,20120924,20120926,20120928,20120929,20120930,20121002,20121003,20121007,20121010,20121011,20121012,20121013,20121014,20121015,20121018,20121021,20121022,20121024,20121026,20121030,20121101 
Number is 25 
G.5.5_index_3_VS_G.5.2_index_2 [8] PLUS 1 
20120921,20120923,20120925,20120928,20121001,20121002,20121005,20121009,20121010,20121011,20121012,20121013,20121014,20121015,20121016,20121019,20121020,20121022,20121025,20121031,20121101 
Number is 32 
G.2.1_index_2_VS_G.1.1_index_2 [9] 
20120924,20120927,20120930,20121001,20121002,20121003,20121006,20121010,20121011,20121012,20121013,20121014,20121015,20121022,20121024,20121025,20121031,20121101 
Number is 36 
G.2.2_index_3_VS_G.4.2_index_3 [10] 
20120920,20120923,20120928,20120929,20120930,20121001,20121006,20121009,20121010,20121011,20121012,20121013,20121014,20121015,20121018,20121020,20121021,20121023,20121027 
Number is 38 
G.2.1_index_2_VS_G.1.1_index_3 [11] 
20120922,20120926,20120927,20121010,20121011,20121012,20121013,20121014,20121015,20121017,20121028,20121029,20121031,20121101 
G.3.2_index_1_VS_G.3.3_index_1 [12] 
20120921,20120922,20120923,20120924,20120925,20120926,20120928,20121003,20121004,20121008,20121009,20121010,20121011,20121012,20121013,20121014,20121015,20121017,20121019,20121024,20121025,20121027,20121028,20121030,20121101 
Number is 54 
G.3.6_index_2_VS_G.6.3_index_2 [13] 
20120921,20120922,20120925,20121003,20121004,20121006,20121007,20121010,20121011,20121012,20121013,20121014,20121015,20121018,20121019,20121020,20121021,20121022,20121023,20121024,20121025,20121026,20121028,20121029,20121030,20121031,20121101 
Number is 61 
G.4.2_index_3_VS_G.4.1_index_2 [14] 
20120923,20120924,20120925,20120926,20121003,20121004,20121007,20121009,20121010,20121011,20121012,20121013,20121014,20121015,20121017,20121021,20121024,20121031 
Number is 64 
G.4.3_index_3_VS_G.5.4_index_4 [15] PLUS 1 
20120922,20120923,20120925,20120926,20120927,20120928,20120929,20121005,20121006,20121007,20121008,20121009,20121010,20121011,20121012,20121013,20121014,20121015,20121016,20121018,20121020,20121021,20121022,20121024,20121025,20121026,20121029,20121031,20121101 
G.6.1_index_3_VS_G.5.6_index_2 [16] PLUS 1 
20120921,20120929,20120930,20121003,20121010,20121011,20121012,20121013,20121014,20121015,20121016,20121017,20121021,20121022,20121024,20121028,20121029,20121030,20121031 
Number is 65 
G.4.2_index_3_VS_G.3.5_index_4 [17] 
20120920,20120923,20120925,20120926,20121001,20121002,20121005,20121006,20121008,20121009,20121010,20121011,20121012,20121013,20121014,20121015,20121017,20121019,20121021,20121025,20121026,20121031,20121101 
Number is 66 
G.4.3_index_3_VS_G.4.2_index_3 [18] 
20120922,20120928,20121002,20121004,20121006,20121010,20121011,20121012,20121013,20121014,20121015,20121017,20121019,20121021,20121022,20121023,20121024,20121027,20121028,20121030,20121101 
Number is 68 
G.4.2_index_3_VS_G.3.3_index_1 [19] 
20120920,20120921,20120925,20120926,20120928,20120929,20121001,20121002,20121003,20121010,20121011,20121012,20121013,20121014,20121015,20121018,20121020,20121023,20121027,20121028,20121029,20121030 
Number is 69 
G.2.2_index_2_VS_G.4.4_index_2 [20] 
20120922,20120923,20120928,20121001,20121002,20121004,20121010,20121011,20121012,20121013,20121014,20121015,20121018,20121022,20121023,20121026,20121030 
Number is 76 
G.5.2_index_4_VS_G.3.6_index_3 [21] PLUS 1 
20120920,20120921,20120922,20120923,20120924,20120925,20120927,20120928,20120929,20121004,20121005,20121010,20121011,20121012,20121013,20121014,20121015,20121016,20121021,20121023,20121030 
Number is 85 
G.1.1_index_3_VS_G.4.4_index_1 [22] 
20120921,20120923,20120925,20121003,20121009,20121010,20121011,20121012,20121013,20121014,20121015,20121019,20121024,20121025,20121030 
Number is 86 
G.2.2_index_1_VS_G.6.1_index_3 [23] 
20120922,20120923,20120928,20120929,20121007,20121008,20121009,20121010,20121011,20121012,20121013,20121014,20121015,20121021,20121026,20121031 
G.7.1_index_2_VS_G.4.2_index_3 [24] 
20120923,20120925,20120926,20120930,20121004,20121005,20121006,20121010,20121011,20121012,20121013,20121014,20121015,20121017,20121018,20121022,20121024,20121027,20121029,20121030,20121101 
G.7.1_index_2_VS_G.6.1_index_3 [25] 
20120925,20121004,20121005,20121008,20121010,20121011,20121012,20121013,20121014,20121015,20121018,20121021,20121022 
