======== Current: 20121019 ========= 
Number is 01 
G.3.3_index_1_VS_G.5.2_index_3 [1] 
20120924,20120925,20120927,20121001,20121002,20121004,20121005,20121011,20121013,20121014,20121015,20121016,20121017,20121018,20121022,20121024,20121027,20121030,20121101 
Number is 09 
G.5.2_index_2_VS_G.3.3_index_2 [2] PLUS 1 
20120920,20120921,20120925,20120927,20120928,20120930,20121003,20121005,20121009,20121013,20121014,20121015,20121016,20121017,20121018,20121019,20121024,20121027,20121029 
G.3.1_index_1_VS_G.3.3_index_2 [3] PLUS 1 
20120921,20120922,20120923,20120927,20120928,20121003,20121004,20121007,20121008,20121009,20121011,20121013,20121014,20121015,20121016,20121017,20121018,20121019,20121021,20121023,20121024,20121027,20121029,20121030,20121031,20121101 
Number is 12 
G.5.3_index_1_VS_G.5.1_index_1 [4] 
20120921,20120922,20120923,20120925,20121002,20121003,20121007,20121009,20121010,20121011,20121013,20121014,20121015,20121016,20121017,20121018,20121022,20121024,20121025,20121026,20121027,20121029,20121030 
Number is 13 
G.3.1_index_5_VS_G.4.1_index_1 [5] 
20120921,20120922,20120923,20120925,20120926,20121003,20121004,20121006,20121007,20121009,20121013,20121014,20121015,20121016,20121017,20121018,20121025,20121028,20121029,20121030 
Number is 15 
G.4.4_index_3_VS_G.3.2_index_4 [6] PLUS 1 
20120920,20120925,20120927,20120928,20120929,20121002,20121003,20121005,20121007,20121008,20121009,20121011,20121012,20121013,20121014,20121015,20121016,20121017,20121018,20121019,20121021,20121022,20121024,20121025,20121027,20121028,20121030,20121031,20121101 
Number is 25 
G.4.1_index_4_VS_G.2.2_index_5 [7] 
20120920,20120921,20120922,20120924,20120925,20120927,20120929,20121002,20121006,20121007,20121008,20121009,20121010,20121013,20121014,20121015,20121016,20121017,20121018,20121022,20121023,20121024,20121029,20121031 
Number is 30 
G.4.1_index_1_VS_G.5.4_index_3 [8] 
20120923,20120925,20120927,20120928,20120930,20121002,20121004,20121005,20121006,20121008,20121011,20121013,20121014,20121015,20121016,20121017,20121018,20121023,20121024,20121025,20121030,20121101 
Number is 35 
G.4.1_index_1_VS_G.4.3_index_3 [9] 
20120922,20120925,20120926,20120928,20121002,20121004,20121013,20121014,20121015,20121016,20121017,20121018,20121021,20121025,20121027,20121028,20121030 
Number is 36 
G.4.4_index_2_VS_G.7.4_index_1 [10] 
20120927,20120928,20121001,20121002,20121007,20121013,20121014,20121015,20121016,20121017,20121018,20121023,20121024,20121026,20121029,20121030 
G.4.1_index_1_VS_G.4.2_index_3 [11] 
20120923,20120925,20120926,20120928,20120929,20120930,20121007,20121010,20121012,20121013,20121014,20121015,20121016,20121017,20121018,20121101 
Number is 38 
G.4.1_index_1_VS_G.2.2_index_2 [12] 
20120922,20120925,20121001,20121007,20121009,20121012,20121013,20121014,20121015,20121016,20121017,20121018,20121020,20121022,20121024,20121025,20121026 
Number is 49 
G.4.4_index_4_VS_G.3.3_index_2 [13] 
20120921,20120922,20120924,20120925,20120928,20120929,20121004,20121007,20121010,20121011,20121013,20121014,20121015,20121016,20121017,20121018,20121020,20121021,20121022,20121024,20121027,20121028,20121031 
Number is 52 
G.4.3_index_3_VS_G.3.3_index_4 [14] 
20120922,20120926,20120927,20120928,20121004,20121005,20121006,20121013,20121014,20121015,20121016,20121017,20121018,20121021,20121029,20121031,20121101 
Number is 53 
G.7.2_index_1_VS_G.4.1_index_1 [15] 
20120920,20120922,20120925,20120928,20120930,20121005,20121007,20121009,20121013,20121014,20121015,20121016,20121017,20121018,20121021,20121024,20121025,20121029,20121030,20121101 
Number is 63 
G.6.3_index_1_VS_G.4.4_index_2 [16] 
20120921,20120924,20120925,20120930,20121002,20121003,20121005,20121009,20121011,20121013,20121014,20121015,20121016,20121017,20121018,20121020,20121022,20121024,20121026 
Number is 64 
G.3.3_index_5_VS_G.5.4_index_1 [17] 
20120923,20120928,20120930,20121001,20121008,20121010,20121012,20121013,20121014,20121015,20121016,20121017,20121018,20121020,20121021,20121023,20121024,20121027,20121029,20121030,20121031,20121101 
Number is 83 
G.3.6_index_3_VS_G.4.1_index_1 [18] 
20120920,20120929,20121004,20121005,20121007,20121010,20121012,20121013,20121014,20121015,20121016,20121017,20121018,20121020,20121021,20121023,20121029 
Number is 84 
G.4.1_index_2_VS_G.5.4_index_1 [19] 
20120920,20120921,20120922,20120923,20120926,20120930,20121003,20121008,20121009,20121010,20121013,20121014,20121015,20121016,20121017,20121018,20121020,20121028,20121030 
Number is 89 
G.4.2_index_2_VS_G.5.5_index_4 [20] PLUS 1 
20120920,20120923,20120925,20120927,20120928,20120930,20121001,20121005,20121013,20121014,20121015,20121016,20121017,20121018,20121019,20121020,20121022,20121023,20121025,20121028,20121031,20121101 
G.1.1_index_2_VS_G.5.5_index_1 [21] PLUS 1 
20120921,20120924,20120925,20120927,20120928,20120929,20120930,20121001,20121002,20121003,20121005,20121007,20121009,20121013,20121014,20121015,20121016,20121017,20121018,20121019,20121022,20121024,20121026,20121101 
Number is 94 
G.DB_index_5_VS_G.5.4_index_1 [22] 
20120920,20120921,20120922,20120923,20120926,20121002,20121003,20121006,20121007,20121008,20121009,20121010,20121011,20121012,20121013,20121014,20121015,20121016,20121017,20121018,20121020,20121021,20121027,20121029,20121030,20121031,20121101 
Number is 95 
G.5.5_index_1_VS_G.3.6_index_5 [23] 
20120925,20120926,20121003,20121004,20121007,20121009,20121011,20121013,20121014,20121015,20121016,20121017,20121018,20121020,20121021,20121027,20121028,20121029,20121030,20121101 
