======== Current: 20121024 ========= 
Number is 05 
G.7.2_index_2_VS_G.3.3_index_3 [1] PLUS 1 
20120920,20120925,20120930,20121001,20121003,20121005,20121006,20121007,20121009,20121010,20121017,20121018,20121019,20121020,20121021,20121022,20121023,20121024,20121025,20121029,20121031 
Number is 12 
G.6.3_index_1_VS_G.6.2_index_3 [2] 
20120920,20120921,20120924,20120927,20120930,20121002,20121003,20121005,20121008,20121009,20121011,20121012,20121015,20121016,20121018,20121019,20121020,20121021,20121022,20121023,20121026,20121028,20121101 
Number is 18 
G.6.3_index_1_VS_G.5.2_index_3 [3] 
20120920,20120921,20120922,20120925,20120927,20120928,20121001,20121002,20121003,20121004,20121006,20121017,20121018,20121019,20121020,20121021,20121022,20121023,20121026,20121031 
Number is 24 
G.3.1_index_4_VS_G.3.1_index_1 [4] 
20120921,20120922,20120925,20120927,20120930,20121001,20121004,20121006,20121008,20121009,20121010,20121011,20121013,20121014,20121015,20121017,20121018,20121019,20121020,20121021,20121022,20121023 
Number is 32 
G.5.1_index_4_VS_G.3.1_index_2 [5] 
20120920,20120926,20120928,20121004,20121007,20121008,20121010,20121011,20121015,20121017,20121018,20121019,20121020,20121021,20121022,20121023,20121025,20121029,20121101 
Number is 35 
G.5.5_index_1_VS_G.3.2_index_1 [6] PLUS 1 
20120920,20120922,20120923,20120925,20120928,20120929,20121001,20121003,20121005,20121007,20121008,20121012,20121013,20121017,20121018,20121019,20121020,20121021,20121022,20121023,20121024,20121027,20121028,20121030,20121101 
Number is 39 
G.4.1_index_3_VS_G.2.1_index_3 [7] PLUS 1 
20120922,20120923,20120927,20120930,20121003,20121004,20121005,20121007,20121008,20121009,20121012,20121018,20121019,20121020,20121021,20121022,20121023,20121024,20121029,20121101 
Number is 48 
G.5.1_index_3_VS_G.6.3_index_2 [8] PLUS 1 
20120924,20120927,20120928,20120929,20121003,20121009,20121011,20121014,20121017,20121018,20121019,20121020,20121021,20121022,20121023,20121024,20121025,20121028 
Number is 55 
G.4.4_index_4_VS_G.7.1_index_2 [9] 
20120926,20120928,20120929,20121002,20121004,20121005,20121014,20121015,20121017,20121018,20121019,20121020,20121021,20121022,20121023,20121025,20121027,20121029,20121101 
Number is 63 
G.3.6_index_2_VS_G.5.3_index_2 [10] PLUS 1 
20120920,20120922,20120924,20120925,20120927,20120929,20121002,20121003,20121004,20121008,20121009,20121013,20121014,20121015,20121017,20121018,20121019,20121020,20121021,20121022,20121023,20121024,20121026,20121028,20121029,20121030,20121101 
Number is 68 
G.3.6_index_2_VS_G.6.3_index_2 [11] PLUS 1 
20120921,20120922,20120925,20121003,20121004,20121006,20121007,20121010,20121011,20121012,20121013,20121014,20121015,20121018,20121019,20121020,20121021,20121022,20121023,20121024,20121025,20121026,20121028,20121029,20121030,20121031,20121101 
Number is 79 
G.3.5_index_5_VS_G.5.4_index_1 [12] PLUS 1 
20120923,20120925,20120926,20120927,20120928,20120930,20121005,20121006,20121009,20121010,20121017,20121018,20121019,20121020,20121021,20121022,20121023,20121024,20121026,20121028,20121029,20121031 
Number is 86 
G.3.5_index_3_VS_G.7.1_index_1 [13] PLUS 1 
20120922,20120923,20120925,20120929,20121003,20121008,20121009,20121012,20121013,20121015,20121018,20121019,20121020,20121021,20121022,20121023,20121024,20121025,20121026,20121027,20121028,20121029 
Number is 89 
G.5.2_index_3_VS_G.2.1_index_5 [14] PLUS 1 
20120920,20120922,20120924,20120925,20120927,20121002,20121003,20121005,20121007,20121008,20121009,20121013,20121015,20121016,20121017,20121018,20121019,20121020,20121021,20121022,20121023,20121024,20121029,20121031 
Number is 90 
G.3.3_index_2_VS_G.7.2_index_2 [15] 
20120921,20120925,20120927,20120930,20121003,20121004,20121007,20121008,20121009,20121011,20121013,20121014,20121016,20121017,20121018,20121019,20121020,20121021,20121022,20121023,20121029,20121031,20121101 
Number is 99 
G.5.4_index_1_VS_G.5.6_index_1 [16] 
20121001,20121002,20121003,20121004,20121008,20121011,20121013,20121015,20121018,20121019,20121020,20121021,20121022,20121023,20121028,20121030,20121031,20121101 
