======== Current: 20121028 ========= 
Number is 01 
G.2.2_index_4_VS_G.6.3_index_1 [1] 
20120921,20120924,20120925,20120928,20120930,20121001,20121002,20121003,20121006,20121008,20121009,20121012,20121013,20121014,20121018,20121020,20121022,20121023,20121024,20121025,20121026,20121027,20121031,20121101 
Number is 10 
G.1.1_index_5_VS_G.6.2_index_2 [2] 
20120920,20120921,20120924,20121001,20121004,20121005,20121008,20121010,20121015,20121022,20121023,20121024,20121025,20121026,20121027,20121030 
Number is 21 
G.3.5_index_3_VS_G.7.1_index_1 [3] PLUS 1 
20120922,20120923,20120925,20120929,20121003,20121008,20121009,20121012,20121013,20121015,20121018,20121019,20121020,20121021,20121022,20121023,20121024,20121025,20121026,20121027,20121028,20121029 
Number is 28 
G.3.5_index_3_VS_G.5.4_index_1 [4] PLUS 1 
20120920,20120921,20120925,20120930,20121003,20121004,20121006,20121007,20121008,20121010,20121013,20121015,20121021,20121022,20121023,20121024,20121025,20121026,20121027,20121028,20121031 
Number is 42 
G.2.2_index_2_VS_G.6.1_index_2 [5] 
20120921,20120922,20120924,20120926,20120929,20120930,20121009,20121010,20121012,20121013,20121017,20121018,20121020,20121022,20121023,20121024,20121025,20121026,20121027 
G.2.2_index_2_VS_G.4.3_index_2 [6] 
20120920,20120928,20121003,20121006,20121008,20121009,20121012,20121021,20121022,20121023,20121024,20121025,20121026,20121027,20121029,20121030 
Number is 48 
G.2.2_index_2_VS_G.2.2_index_3 [7] 
20120920,20120929,20121002,20121006,20121009,20121017,20121018,20121019,20121021,20121022,20121023,20121024,20121025,20121026,20121027,20121101 
Number is 57 
G.1.1_index_1_VS_G.5.1_index_1 [8] 
20120921,20120922,20120923,20120926,20120928,20121010,20121011,20121016,20121017,20121018,20121020,20121022,20121023,20121024,20121025,20121026,20121027,20121029,20121031 
Number is 64 
G.4.4_index_4_VS_G.5.5_index_3 [9] PLUS 1 
20120921,20120922,20120923,20120925,20120927,20120928,20120929,20120930,20121001,20121002,20121004,20121007,20121008,20121013,20121014,20121015,20121016,20121019,20121021,20121022,20121023,20121024,20121025,20121026,20121027,20121028,20121029 
Number is 75 
G.5.2_index_4_VS_G.1.1_index_1 [10] 
20120920,20120921,20120923,20120927,20120929,20121001,20121002,20121003,20121006,20121008,20121011,20121013,20121016,20121017,20121018,20121020,20121022,20121023,20121024,20121025,20121026,20121027,20121101 
Number is 76 
G.3.5_index_5_VS_G.3.4_index_1 [11] 
20120920,20120925,20120926,20120927,20120930,20121001,20121002,20121005,20121008,20121012,20121015,20121016,20121021,20121022,20121023,20121024,20121025,20121026,20121027,20121031,20121101 
Number is 94 
G.5.6_index_3_VS_G.5.5_index_3 [12] 
20120920,20120921,20120922,20120923,20120925,20120927,20120928,20120930,20121005,20121012,20121014,20121019,20121020,20121021,20121022,20121023,20121024,20121025,20121026,20121027,20121031,20121101 
