======== Current: 20121029 ========= 
Number is 19 
G.3.6_index_2_VS_G.5.2_index_1 [1] 
20120920,20120921,20120923,20120926,20120928,20120930,20121001,20121006,20121008,20121009,20121013,20121014,20121018,20121019,20121023,20121024,20121025,20121026,20121027,20121028,20121030 
Number is 33 
G.7.3_index_2_VS_G.5.6_index_4 [2] 
20120920,20120922,20120923,20120925,20120926,20120928,20120929,20120930,20121003,20121010,20121015,20121016,20121017,20121023,20121024,20121025,20121026,20121027,20121028,20121031 
Number is 36 
G.5.6_index_4_VS_G.6.1_index_2 [3] PLUS 1 
20120920,20120922,20120930,20121001,20121003,20121009,20121010,20121013,20121015,20121016,20121019,20121023,20121024,20121025,20121026,20121027,20121028,20121029 
Number is 66 
G.3.4_index_1_VS_G.2.2_index_2 [4] 
20120920,20120925,20120927,20120930,20121007,20121010,20121012,20121016,20121018,20121020,20121023,20121024,20121025,20121026,20121027,20121028,20121030,20121101 
Number is 69 
G.5.1_index_4_VS_G.3.2_index_5 [5] 
20120920,20120924,20120925,20120928,20120930,20121007,20121011,20121013,20121018,20121019,20121021,20121023,20121024,20121025,20121026,20121027,20121028,20121030,20121101 
Number is 85 
G.3.5_index_3_VS_G.7.1_index_1 [6] PLUS 1 
20120922,20120923,20120925,20120929,20121003,20121008,20121009,20121012,20121013,20121015,20121018,20121019,20121020,20121021,20121022,20121023,20121024,20121025,20121026,20121027,20121028,20121029 
Number is 87 
G.3.5_index_3_VS_G.5.4_index_1 [7] 
20120920,20120921,20120925,20120930,20121003,20121004,20121006,20121007,20121008,20121010,20121013,20121015,20121021,20121022,20121023,20121024,20121025,20121026,20121027,20121028,20121031 
Number is 89 
G.4.4_index_4_VS_G.5.5_index_3 [8] PLUS 1 
20120921,20120922,20120923,20120925,20120927,20120928,20120929,20120930,20121001,20121002,20121004,20121007,20121008,20121013,20121014,20121015,20121016,20121019,20121021,20121022,20121023,20121024,20121025,20121026,20121027,20121028,20121029 
