Last Date = 20130501
Number is 01
G.3.1_index_2_VS_G.5.2_index_4 [1] 
Ngay: 20130420,20130421,20130422,20130425,20130426,20130427,20130428,20130429,20130430
G.3.1_index_2_VS_G.5.3_index_1 [2] 
Ngay: 20130420,20130425,20130426,20130427,20130428,20130429,20130430
Number is 06
G.3.2_index_3_VS_G.5.3_index_3 [3] 
Ngay: 20130420,20130422,20130423,20130425,20130426,20130427,20130428,20130429,20130430
Number is 10
G.5.5_index_3_VS_G.3.1_index_2 [4] 
Ngay: 20130425,20130426,20130427,20130428,20130429,20130430
Number is 11
G.2.2_index_4_VS_G.6.1_index_2 [5] 
Ngay: 20130420,20130422,20130424,20130425,20130426,20130427,20130428,20130429,20130430
G.4.4_index_3_VS_G.5.2_index_4 [6] 
Ngay: 20130422,20130425,20130426,20130427,20130428,20130429,20130430
Number is 16
G.3.1_index_5_VS_G.2.1_index_1 [7] 
Ngay: 20130420,20130422,20130424,20130425,20130426,20130427,20130428,20130429,20130430
Number is 30
G.4.4_index_2_VS_G.3.1_index_2 [8] 
Ngay: 20130420,20130425,20130426,20130427,20130428,20130429,20130430
G.4.4_index_2_VS_G.5.5_index_2 [9] 
Ngay: 20130420,20130422,20130424,20130425,20130426,20130427,20130428,20130429,20130430
Number is 33
G.4.1_index_3_VS_G.3.2_index_5 [10] 
Ngay: 20130422,20130425,20130426,20130427,20130428,20130429,20130430
G.4.3_index_3_VS_G.6.3_index_1 [11] 
Ngay: 20130422,20130424,20130425,20130426,20130427,20130428,20130429,20130430
Number is 34
G.7.2_index_1_VS_G.DB_index_1 [12] 
Ngay: 20130420,20130424,20130425,20130426,20130427,20130428,20130429,20130430
Number is 38
G.7.2_index_1_VS_G.3.3_index_4 [13] 
Ngay: 20130420,20130422,20130423,20130425,20130426,20130427,20130428,20130429,20130430
Number is 40
G.2.1_index_4_VS_G.DB_index_4 [14] 
Ngay: 20130425,20130426,20130427,20130428,20130429,20130430
G.3.5_index_2_VS_G.3.3_index_5 [15] 
Ngay: 20130423,20130425,20130426,20130427,20130428,20130429,20130430
Number is 41
G.DB_index_1_VS_G.1.1_index_5 [16] 
Ngay: 20130420,20130423,20130425,20130426,20130427,20130428,20130429,20130430
Number is 42
G.DB_index_1_VS_G.3.4_index_1 [17] 
Ngay: 20130422,20130425,20130426,20130427,20130428,20130429,20130430
Number is 45
G.3.3_index_1_VS_G.3.6_index_4 [18] 
Ngay: 20130420,20130421,20130422,20130424,20130425,20130426,20130427,20130428,20130429,20130430
Number is 46
G.4.4_index_4_VS_G.3.3_index_3 [19] 
Ngay: 20130422,20130425,20130426,20130427,20130428,20130429,20130430
Number is 47
G.3.6_index_2_VS_G.5.3_index_2 [20] 
Ngay: 20130421,20130422,20130425,20130426,20130427,20130428,20130429,20130430
Number is 48
G.3.3_index_1_VS_G.5.5_index_4 [21] 
Ngay: 20130420,20130425,20130426,20130427,20130428,20130429,20130430
Number is 50
G.3.2_index_2_VS_G.3.1_index_2 [22] 
Ngay: 20130420,20130421,20130422,20130423,20130424,20130425,20130426,20130427,20130428,20130429,20130430
G.3.6_index_1_VS_G.DB_index_4 [23] 
Ngay: 20130420,20130421,20130422,20130425,20130426,20130427,20130428,20130429,20130430
Number is 51
G.3.2_index_2_VS_G.4.4_index_3 [24] 
Ngay: 20130420,20130421,20130423,20130424,20130425,20130426,20130427,20130428,20130429,20130430
Number is 64
G.1.1_index_2_VS_G.5.2_index_2 [25] 
Ngay: 20130420,20130425,20130426,20130427,20130428,20130429,20130430
Number is 69
G.1.1_index_2_VS_G.4.2_index_3 [26] 
Ngay: 20130423,20130425,20130426,20130427,20130428,20130429,20130430
Number is 85
G.3.6_index_3_VS_G.3.6_index_1 [27] 
Ngay: 20130420,20130421,20130425,20130426,20130427,20130428,20130429,20130430
Number is 92
G.5.2_index_3_VS_G.3.4_index_1 [28] 
Ngay: 20130423,20130425,20130426,20130427,20130428,20130429,20130430
Number is 98
G.4.4_index_1_VS_G.3.3_index_4 [29] 
Ngay: 20130423,20130425,20130426,20130427,20130428,20130429,20130430
