Last Date = 20130531
Number is 08
G.4.4_index_1_VS_G.3.3_index_4 [12] 
Ngay: 20130423,20130425,20130426,20130427,20130428,20130429,20130430,20130501,20130507,20130509,20130510,20130511,20130514,20130516,20130518,20130521,20130525,20130527,20130528,20130530
Number is 18
G.DB_index_4_VS_G.3.6_index_1 [26] 
Ngay: 20130420,20130421,20130422,20130425,20130426,20130427,20130428,20130429,20130430,20130501,20130513,20130517,20130519,20130520,20130521,20130524,20130526,20130527,20130529
Number is 25
G.3.1_index_2_VS_G.5.2_index_4 [13] 
Ngay: 20130420,20130421,20130422,20130425,20130426,20130427,20130428,20130429,20130430,20130501,20130512,20130513,20130514,20130515,20130518,20130519,20130521,20130522,20130523,20130528,20130530
Number is 68
G.4.4_index_3_VS_G.3.3_index_4 [21] 
Ngay: 20130422,20130424,20130426,20130427,20130428,20130429,20130430,20130501,20130507,20130508,20130509,20130511,20130512,20130514,20130515,20130520,20130524,20130526,20130530
