Last Date = 20130531
Number is 01
G.5.2_index_3_VS_G.5.5_index_2 [1] 
Ngay: 20130421,20130428,20130429,20130430,20130501,20130502,20130503,20130504,20130508,20130510,20130511,20130512,20130513,20130519,20130520,20130522,20130525,20130530
Number is 02
G.5.2_index_3_VS_G.4.4_index_2 [2] 
Ngay: 20130424,20130428,20130429,20130430,20130501,20130502,20130503,20130506,20130507,20130508,20130509,20130510,20130512,20130517,20130520,20130525,20130526,20130527
Number is 10
G.DB_index_4_VS_G.3.6_index_4 [3] 
Ngay: 20130420,20130426,20130428,20130429,20130430,20130501,20130502,20130503,20130504,20130505,20130509,20130512,20130513,20130516,20130520,20130521,20130522,20130523,20130529
Number is 11
G.DB_index_4_VS_G.2.2_index_4 [4] 
Ngay: 20130420,20130421,20130423,20130425,20130427,20130428,20130429,20130430,20130501,20130502,20130503,20130504,20130506,20130508,20130513,20130518,20130520,20130522
Number is 12
G.DB_index_4_VS_G.4.3_index_4 [5] 
Ngay: 20130422,20130424,20130428,20130429,20130430,20130501,20130502,20130503,20130507,20130509,20130511,20130518,20130520,20130521,20130524,20130529,20130530
Number is 14
G.DB_index_4_VS_G.3.6_index_2 [6] 
Ngay: 20130420,20130427,20130428,20130429,20130430,20130501,20130502,20130503,20130504,20130507,20130515,20130517,20130523,20130527,20130529,20130530
Number is 20
G.4.4_index_2_VS_G.2.1_index_5 [7] 
Ngay: 20130426,20130427,20130428,20130429,20130430,20130501,20130502,20130503,20130505,20130511,20130512,20130515,20130517,20130518,20130519,20130521,20130522,20130528,20130530
Number is 21
G.5.5_index_3_VS_G.DB_index_4 [8] 
Ngay: 20130420,20130427,20130428,20130429,20130430,20130501,20130502,20130503,20130504,20130505,20130506,20130508,20130510,20130513,20130514,20130515,20130517,20130519,20130520,20130526,20130530
Number is 26
G.4.4_index_2_VS_G.4.4_index_3 [9] 
Ngay: 20130425,20130427,20130428,20130429,20130430,20130501,20130502,20130503,20130504,20130508,20130511,20130512,20130514,20130518,20130519,20130521,20130522,20130524,20130525,20130527,20130528
Number is 41
G.5.3_index_1_VS_G.DB_index_4 [10] 
Ngay: 20130420,20130423,20130424,20130427,20130428,20130429,20130430,20130501,20130502,20130503,20130504,20130505,20130511,20130513,20130517,20130520,20130529,20130530
Number is 44
G.3.3_index_1_VS_G.5.4_index_1 [11] 
Ngay: 20130420,20130422,20130425,20130427,20130428,20130429,20130430,20130501,20130502,20130503,20130504,20130507,20130512,20130514,20130517,20130518,20130519,20130521,20130522,20130523,20130527,20130529
Number is 45
G.5.4_index_1_VS_G.6.1_index_1 [12] 
Ngay: 20130421,20130422,20130424,20130428,20130429,20130430,20130501,20130502,20130503,20130504,20130516,20130518,20130519,20130523,20130525,20130526,20130527,20130530
G.4.4_index_4_VS_G.5.1_index_3 [13] 
Ngay: 20130420,20130427,20130428,20130429,20130430,20130501,20130502,20130503,20130504,20130507,20130511,20130513,20130514,20130515,20130516,20130517,20130519,20130522,20130524
G.2.1_index_4_VS_G.5.2_index_4 [14] 
Ngay: 20130420,20130422,20130423,20130428,20130429,20130430,20130501,20130502,20130503,20130511,20130512,20130513,20130514,20130515,20130516,20130518,20130522,20130523,20130527,20130528,20130529,20130530
Number is 49
G.4.4_index_4_VS_G.7.2_index_1 [15] 
Ngay: 20130420,20130421,20130422,20130423,20130425,20130427,20130428,20130429,20130430,20130501,20130502,20130503,20130504,20130505,20130508,20130509,20130511,20130515,20130516,20130517,20130520,20130521,20130524,20130525
Number is 54
G.6.1_index_1_VS_G.4.2_index_3 [16] 
Ngay: 20130420,20130422,20130423,20130428,20130429,20130430,20130501,20130502,20130503,20130505,20130514,20130516,20130518,20130519,20130520,20130523,20130527,20130529,20130530
Number is 58
G.3.5_index_3_VS_G.2.1_index_2 [17] 
Ngay: 20130427,20130428,20130429,20130430,20130501,20130502,20130503,20130506,20130509,20130512,20130513,20130515,20130522,20130524,20130525,20130526,20130530
Number is 59
G.5.2_index_4_VS_G.5.5_index_1 [18] 
Ngay: 20130420,20130421,20130428,20130429,20130430,20130501,20130502,20130503,20130506,20130509,20130511,20130513,20130518,20130519,20130520,20130521,20130522,20130528
Number is 61
G.5.2_index_2_VS_G.5.5_index_2 [19] 
Ngay: 20130420,20130421,20130422,20130425,20130428,20130429,20130430,20130501,20130502,20130503,20130506,20130510,20130511,20130513,20130514,20130515,20130521,20130525,20130526,20130530
Number is 62
G.3.1_index_5_VS_G.4.4_index_2 [20] 
Ngay: 20130422,20130424,20130427,20130428,20130429,20130430,20130501,20130502,20130503,20130505,20130506,20130509,20130512,20130514,20130517,20130518,20130519,20130520,20130523,20130524,20130526
G.3.1_index_5_VS_G.3.2_index_2 [21] 
Ngay: 20130420,20130421,20130427,20130428,20130429,20130430,20130501,20130502,20130503,20130506,20130509,20130510,20130511,20130512,20130514,20130515,20130516,20130517,20130519,20130521,20130530
Number is 72
G.5.4_index_3_VS_G.4.4_index_2 [22] 
Ngay: 20130422,20130424,20130426,20130428,20130429,20130430,20130501,20130502,20130503,20130505,20130506,20130507,20130511,20130515,20130520,20130521,20130522,20130523,20130528
Number is 80
G.4.3_index_3_VS_G.4.4_index_1 [23] 
Ngay: 20130420,20130422,20130423,20130426,20130428,20130429,20130430,20130501,20130502,20130503,20130505,20130511,20130513,20130515,20130516,20130518,20130528,20130529,20130530
Number is 90
G.3.5_index_2_VS_G.3.3_index_5 [24] 
Ngay: 20130423,20130425,20130426,20130427,20130428,20130429,20130430,20130501,20130502,20130503,20130506,20130510,20130512,20130513,20130514,20130515,20130516,20130519,20130521,20130523,20130524,20130525,20130526,20130527,20130529,20130530
Number is 91
G.5.5_index_1_VS_G.DB_index_4 [25] 
Ngay: 20130420,20130422,20130423,20130426,20130428,20130429,20130430,20130501,20130502,20130503,20130504,20130505,20130511,20130519,20130524,20130528,20130530
Number is 95
G.DB_index_1_VS_G.5.1_index_3 [26] 
Ngay: 20130420,20130421,20130425,20130426,20130428,20130429,20130430,20130501,20130502,20130503,20130504,20130505,20130513,20130518,20130519,20130521,20130522,20130523,20130526,20130529
