Last Date = 20130531
Number is 15
G.DB_index_4_VS_G.5.6_index_4 [13] 
Ngay: 20130420,20130424,20130426,20130427,20130428,20130430,20130501,20130502,20130503,20130504,20130505,20130506,20130516,20130520,20130527,20130529,20130530
Number is 21
G.7.1_index_2_VS_G.5.6_index_3 [11] 
Ngay: 20130501,20130502,20130503,20130504,20130505,20130506,20130516,20130517,20130520,20130522,20130523,20130527,20130528,20130529,20130530
Number is 42
G.4.4_index_4_VS_G.5.5_index_3 [19] 
Ngay: 20130420,20130422,20130423,20130424,20130426,20130427,20130428,20130430,20130501,20130502,20130503,20130504,20130505,20130506,20130513,20130515,20130518,20130527,20130529
Number is 55
G.3.5_index_4_VS_G.6.1_index_1 [18] 
Ngay: 20130420,20130423,20130430,20130501,20130502,20130503,20130504,20130505,20130506,20130511,20130513,20130514,20130516,20130523,20130524
Number is 79
G.4.1_index_4_VS_G.DB_index_1 [23] 
Ngay: 20130420,20130422,20130424,20130425,20130427,20130429,20130430,20130501,20130502,20130503,20130504,20130505,20130506,20130511,20130512,20130513,20130515,20130518,20130523,20130524,20130526,20130527,20130528,20130529
