Last Date = 20130509
Number is 02
G.2.2_index_1_VS_G.3.3_index_3 [1] 
Ngay: 20130420,20130421,20130424,20130425,20130428,20130502,20130503,20130504,20130505,20130506,20130507,20130508
Number is 07
G.5.3_index_2_VS_G.7.3_index_2 [2] 
Ngay: 20130420,20130421,20130425,20130426,20130430,20130502,20130503,20130504,20130505,20130506,20130507,20130508
Number is 08
G.1.1_index_5_VS_G.2.1_index_4 [3] 
Ngay: 20130420,20130423,20130425,20130426,20130501,20130502,20130503,20130504,20130505,20130506,20130507,20130508
Number is 15
G.3.2_index_2_VS_G.3.4_index_3 [4] 
Ngay: 20130422,20130427,20130502,20130503,20130504,20130505,20130506,20130507,20130508
Number is 21
G.5.2_index_1_VS_G.3.2_index_2 [5] 
Ngay: 20130421,20130423,20130430,20130503,20130504,20130505,20130506,20130507,20130508
Number is 32
G.6.2_index_1_VS_G.1.1_index_4 [6] 
Ngay: 20130424,20130425,20130428,20130430,20130503,20130504,20130505,20130506,20130507,20130508
Number is 33
G.4.1_index_3_VS_G.6.2_index_1 [7] 
Ngay: 20130422,20130424,20130425,20130426,20130427,20130430,20130502,20130503,20130504,20130505,20130506,20130507,20130508
Number is 35
G.4.1_index_4_VS_G.3.1_index_5 [8] 
Ngay: 20130420,20130422,20130424,20130428,20130429,20130503,20130504,20130505,20130506,20130507,20130508
Number is 42
G.4.1_index_2_VS_G.1.1_index_4 [9] 
Ngay: 20130420,20130426,20130427,20130503,20130504,20130505,20130506,20130507,20130508
Number is 43
G.3.2_index_4_VS_G.4.2_index_2 [10] 
Ngay: 20130424,20130426,20130427,20130430,20130503,20130504,20130505,20130506,20130507,20130508
Number is 52
G.3.3_index_4_VS_G.4.4_index_4 [11] 
Ngay: 20130420,20130424,20130428,20130501,20130503,20130504,20130505,20130506,20130507,20130508
G.3.3_index_4_VS_G.6.2_index_3 [12] 
Ngay: 20130420,20130422,20130423,20130428,20130429,20130430,20130501,20130503,20130504,20130505,20130506,20130507,20130508
G.1.1_index_1_VS_G.5.1_index_2 [13] 
Ngay: 20130421,20130424,20130425,20130428,20130503,20130504,20130505,20130506,20130507,20130508
Number is 56
G.3.2_index_5_VS_G.3.4_index_2 [14] 
Ngay: 20130420,20130426,20130501,20130503,20130504,20130505,20130506,20130507,20130508
Number is 57
G.1.1_index_2_VS_G.DB_index_5 [15] 
Ngay: 20130423,20130424,20130426,20130427,20130429,20130503,20130504,20130505,20130506,20130507,20130508
Number is 61
G.3.5_index_2_VS_G.6.1_index_1 [16] 
Ngay: 20130420,20130423,20130427,20130429,20130430,20130501,20130502,20130503,20130504,20130505,20130506,20130507,20130508
Number is 65
G.7.2_index_1_VS_G.6.3_index_3 [17] 
Ngay: 20130420,20130422,20130423,20130424,20130425,20130427,20130503,20130504,20130505,20130506,20130507,20130508
Number is 66
G.7.2_index_1_VS_G.3.5_index_2 [18] 
Ngay: 20130421,20130501,20130502,20130503,20130504,20130505,20130506,20130507,20130508
Number is 70
G.3.6_index_5_VS_G.5.3_index_2 [19] 
Ngay: 20130421,20130425,20130426,20130427,20130430,20130502,20130503,20130504,20130505,20130506,20130507,20130508
Number is 72
G.5.1_index_1_VS_G.4.4_index_4 [20] 
Ngay: 20130422,20130427,20130502,20130503,20130504,20130505,20130506,20130507,20130508
Number is 78
G.2.2_index_3_VS_G.DB_index_2 [21] 
Ngay: 20130422,20130425,20130426,20130427,20130428,20130430,20130502,20130503,20130504,20130505,20130506,20130507,20130508
Number is 82
G.DB_index_2_VS_G.5.4_index_4 [22] 
Ngay: 20130422,20130425,20130427,20130428,20130502,20130503,20130504,20130505,20130506,20130507,20130508
Number is 83
G.7.1_index_2_VS_G.6.2_index_1 [23] 
Ngay: 20130425,20130426,20130427,20130428,20130430,20130502,20130503,20130504,20130505,20130506,20130507,20130508
G.5.2_index_2_VS_G.4.2_index_2 [24] 
Ngay: 20130420,20130425,20130426,20130428,20130430,20130501,20130503,20130504,20130505,20130506,20130507,20130508
G.DB_index_2_VS_G.4.2_index_2 [25] 
Ngay: 20130424,20130425,20130426,20130430,20130501,20130502,20130503,20130504,20130505,20130506,20130507,20130508
Number is 85
G.DB_index_2_VS_G.2.1_index_1 [26] 
Ngay: 20130421,20130426,20130503,20130504,20130505,20130506,20130507,20130508
Number is 92
G.3.3_index_1_VS_G.4.4_index_4 [27] 
Ngay: 20130420,20130422,20130425,20130426,20130428,20130429,20130501,20130502,20130503,20130504,20130505,20130506,20130507,20130508
Number is 95
G.3.3_index_1_VS_G.3.1_index_5 [28] 
Ngay: 20130422,20130425,20130426,20130428,20130429,20130430,20130501,20130503,20130504,20130505,20130506,20130507,20130508
