Last Date = 20130531
Number is 05
G.5.2_index_3_VS_G.3.4_index_2 [1] 
Ngay: 20130420,20130421,20130422,20130424,20130502,20130504,20130505,20130506,20130507,20130508,20130509,20130511,20130512,20130518,20130519,20130520,20130522,20130523,20130527
Number is 21
G.7.1_index_2_VS_G.6.2_index_1 [2] 
Ngay: 20130425,20130426,20130427,20130428,20130430,20130502,20130503,20130504,20130505,20130506,20130507,20130508,20130509,20130511,20130515,20130518,20130519,20130521,20130522,20130525,20130527,20130530
Number is 24
G.3.6_index_5_VS_G.5.3_index_2 [3] 
Ngay: 20130421,20130425,20130426,20130427,20130430,20130502,20130503,20130504,20130505,20130506,20130507,20130508,20130509,20130513,20130516,20130519,20130520,20130521,20130522,20130524
Number is 28
G.3.2_index_2_VS_G.3.4_index_3 [4] 
Ngay: 20130422,20130427,20130502,20130503,20130504,20130505,20130506,20130507,20130508,20130509,20130511,20130515,20130518,20130520,20130522,20130523,20130525,20130526,20130528
Number is 34
G.DB_index_2_VS_G.4.2_index_2 [5] 
Ngay: 20130424,20130425,20130426,20130430,20130501,20130502,20130503,20130504,20130505,20130506,20130507,20130508,20130509,20130510,20130511,20130513,20130515,20130516,20130523,20130526,20130529,20130530
Number is 35
G.7.1_index_1_VS_G.1.1_index_2 [6] 
Ngay: 20130420,20130428,20130429,20130504,20130505,20130506,20130507,20130508,20130509,20130510,20130512,20130514,20130515,20130519,20130523,20130524,20130529,20130530
Number is 43
G.1.1_index_1_VS_G.5.1_index_2 [7] 
Ngay: 20130421,20130424,20130425,20130428,20130503,20130504,20130505,20130506,20130507,20130508,20130509,20130510,20130517,20130519,20130520,20130521,20130523,20130527,20130528,20130529,20130530
Number is 44
G.3.3_index_1_VS_G.4.4_index_4 [8] 
Ngay: 20130420,20130422,20130425,20130426,20130428,20130429,20130501,20130502,20130503,20130504,20130505,20130506,20130507,20130508,20130509,20130510,20130517,20130518,20130519,20130522,20130527
G.5.3_index_2_VS_G.7.3_index_2 [9] 
Ngay: 20130420,20130421,20130425,20130426,20130430,20130502,20130503,20130504,20130505,20130506,20130507,20130508,20130509,20130510,20130511,20130512,20130513,20130515,20130516,20130519,20130520,20130524,20130527,20130529,20130530
Number is 49
G.1.1_index_1_VS_G.DB_index_1 [10] 
Ngay: 20130420,20130425,20130428,20130429,20130501,20130504,20130505,20130506,20130507,20130508,20130509,20130511,20130512,20130513,20130523,20130524,20130526,20130527,20130530
Number is 53
G.1.1_index_2_VS_G.DB_index_5 [11] 
Ngay: 20130423,20130424,20130426,20130427,20130429,20130503,20130504,20130505,20130506,20130507,20130508,20130509,20130512,20130514,20130515,20130516,20130522,20130523,20130525,20130529
Number is 54
G.5.2_index_4_VS_G.7.3_index_2 [12] 
Ngay: 20130420,20130429,20130430,20130501,20130502,20130504,20130505,20130506,20130507,20130508,20130509,20130513,20130515,20130519,20130521,20130523
Number is 64
G.1.1_index_5_VS_G.1.1_index_1 [13] 
Ngay: 20130420,20130421,20130423,20130424,20130425,20130426,20130429,20130502,20130504,20130505,20130506,20130507,20130508,20130509,20130515,20130517,20130521,20130522,20130524,20130525,20130527,20130528,20130529,20130530
G.5.2_index_2_VS_G.4.2_index_2 [14] 
Ngay: 20130420,20130425,20130426,20130428,20130430,20130501,20130503,20130504,20130505,20130506,20130507,20130508,20130509,20130519,20130520,20130521,20130524,20130525,20130529,20130530
Number is 76
G.4.1_index_4_VS_G.3.1_index_5 [15] 
Ngay: 20130420,20130422,20130424,20130428,20130429,20130503,20130504,20130505,20130506,20130507,20130508,20130509,20130510,20130512,20130516,20130517,20130519,20130523,20130525,20130530
Number is 80
G.3.3_index_4_VS_G.6.2_index_3 [16] 
Ngay: 20130420,20130422,20130423,20130428,20130429,20130430,20130501,20130503,20130504,20130505,20130506,20130507,20130508,20130509,20130510,20130512,20130514,20130517,20130520,20130521,20130522,20130523,20130525,20130530
Number is 84
G.3.3_index_4_VS_G.4.4_index_4 [17] 
Ngay: 20130420,20130424,20130428,20130501,20130503,20130504,20130505,20130506,20130507,20130508,20130509,20130510,20130511,20130516,20130517,20130519,20130521,20130525,20130527,20130529
Number is 90
G.7.2_index_1_VS_G.6.2_index_3 [18] 
Ngay: 20130421,20130422,20130423,20130425,20130426,20130428,20130504,20130505,20130506,20130507,20130508,20130509,20130512,20130513,20130514,20130517,20130519,20130520,20130521,20130523,20130525,20130526,20130529,20130530
Number is 91
G.3.2_index_1_VS_G.2.2_index_4 [19] 
Ngay: 20130420,20130423,20130424,20130425,20130429,20130430,20130504,20130505,20130506,20130507,20130508,20130509,20130510,20130513,20130518,20130519,20130520,20130521,20130530
Number is 95
G.3.2_index_5_VS_G.3.4_index_2 [20] 
Ngay: 20130420,20130426,20130501,20130503,20130504,20130505,20130506,20130507,20130508,20130509,20130510,20130512,20130515,20130516,20130519,20130520,20130522,20130525,20130526,20130528,20130530
Number is 97
G.7.2_index_1_VS_G.6.3_index_3 [21] 
Ngay: 20130420,20130422,20130423,20130424,20130425,20130427,20130503,20130504,20130505,20130506,20130507,20130508,20130509,20130510,20130512,20130514,20130517,20130522,20130525,20130526,20130527,20130530
Number is 98
G.DB_index_1_VS_G.4.3_index_1 [22] 
Ngay: 20130420,20130421,20130423,20130425,20130427,20130428,20130430,20130504,20130505,20130506,20130507,20130508,20130509,20130511,20130513,20130520,20130522,20130523,20130529,20130530
