Last Date = 20130531
Number is 20
G.3.1_index_4_VS_G.3.6_index_4 [21] 
Ngay: 20130420,20130421,20130423,20130425,20130426,20130427,20130429,20130502,20130505,20130506,20130507,20130508,20130509,20130510,20130516,20130518,20130520,20130530
Number is 43
G.1.1_index_1_VS_G.5.1_index_2 [15] 
Ngay: 20130421,20130424,20130425,20130428,20130503,20130504,20130505,20130506,20130507,20130508,20130509,20130510,20130517,20130519,20130520,20130521,20130523,20130527,20130528,20130529,20130530
Number is 44
G.3.3_index_1_VS_G.4.4_index_4 [6] 
Ngay: 20130420,20130422,20130425,20130426,20130428,20130429,20130501,20130502,20130503,20130504,20130505,20130506,20130507,20130508,20130509,20130510,20130517,20130518,20130519,20130522,20130527
Number is 54
G.3.4_index_2_VS_G.1.1_index_1 [3] 
Ngay: 20130420,20130421,20130425,20130427,20130428,20130429,20130503,20130505,20130506,20130507,20130508,20130509,20130510,20130518,20130521,20130525,20130526,20130527,20130530
