Last Date = 20130513
Number is 00
G.3.6_index_4_VS_G.4.4_index_1 [1] 
Ngay: 20130420,20130421,20130423,20130426,20130428,20130429,20130505,20130507,20130508,20130509,20130510,20130511,20130512
Number is 05
G.1.1_index_4_VS_G.3.4_index_2 [2] 
Ngay: 20130422,20130425,20130427,20130428,20130430,20130504,20130506,20130507,20130508,20130509,20130510,20130511,20130512
Number is 08
G.5.3_index_1_VS_G.3.6_index_3 [3] 
Ngay: 20130420,20130422,20130423,20130425,20130427,20130430,20130501,20130504,20130507,20130508,20130509,20130510,20130511,20130512
Number is 11
G.5.3_index_2_VS_G.7.3_index_2 [4] 
Ngay: 20130420,20130421,20130425,20130426,20130430,20130502,20130503,20130504,20130505,20130506,20130507,20130508,20130509,20130510,20130511,20130512
G.5.2_index_1_VS_G.3.2_index_5 [5] 
Ngay: 20130420,20130421,20130422,20130426,20130430,20130503,20130507,20130508,20130509,20130510,20130511,20130512
Number is 12
G.4.3_index_4_VS_G.3.3_index_5 [6] 
Ngay: 20130422,20130426,20130427,20130428,20130501,20130503,20130506,20130507,20130508,20130509,20130510,20130511,20130512
Number is 15
G.5.2_index_1_VS_G.3.4_index_2 [7] 
Ngay: 20130422,20130423,20130424,20130428,20130430,20130507,20130508,20130509,20130510,20130511,20130512
Number is 16
G.2.2_index_1_VS_G.2.1_index_2 [8] 
Ngay: 20130422,20130423,20130424,20130425,20130426,20130428,20130429,20130507,20130508,20130509,20130510,20130511,20130512
Number is 21
G.7.2_index_2_VS_G.3.2_index_5 [9] 
Ngay: 20130421,20130422,20130427,20130502,20130506,20130507,20130508,20130509,20130510,20130511,20130512
Number is 27
G.5.2_index_4_VS_G.4.1_index_1 [10] 
Ngay: 20130421,20130422,20130428,20130507,20130508,20130509,20130510,20130511,20130512
Number is 28
G.3.4_index_5_VS_G.3.6_index_3 [11] 
Ngay: 20130421,20130424,20130428,20130430,20130501,20130502,20130504,20130506,20130507,20130508,20130509,20130510,20130511,20130512
Number is 34
G.1.1_index_5_VS_G.4.4_index_3 [12] 
Ngay: 20130420,20130423,20130425,20130427,20130430,20130502,20130503,20130505,20130506,20130507,20130508,20130509,20130510,20130511,20130512
Number is 42
G.6.1_index_2_VS_G.DB_index_3 [13] 
Ngay: 20130426,20130428,20130501,20130502,20130504,20130506,20130507,20130508,20130509,20130510,20130511,20130512
Number is 46
G.6.1_index_1_VS_G.5.2_index_3 [14] 
Ngay: 20130421,20130424,20130428,20130429,20130430,20130501,20130502,20130504,20130507,20130508,20130509,20130510,20130511,20130512
Number is 48
G.3.4_index_4_VS_G.3.2_index_1 [15] 
Ngay: 20130420,20130421,20130422,20130425,20130429,20130430,20130504,20130507,20130508,20130509,20130510,20130511,20130512
Number is 51
G.3.4_index_2_VS_G.4.3_index_4 [16] 
Ngay: 20130420,20130422,20130423,20130426,20130503,20130507,20130508,20130509,20130510,20130511,20130512
Number is 58
G.3.4_index_2_VS_G.3.4_index_1 [17] 
Ngay: 20130422,20130424,20130429,20130430,20130502,20130506,20130507,20130508,20130509,20130510,20130511,20130512
Number is 59
G.6.3_index_2_VS_G.3.1_index_3 [18] 
Ngay: 20130422,20130424,20130426,20130427,20130428,20130501,20130502,20130504,20130506,20130507,20130508,20130509,20130510,20130511,20130512
Number is 66
G.4.3_index_3_VS_G.5.2_index_3 [19] 
Ngay: 20130422,20130423,20130426,20130429,20130430,20130501,20130503,20130506,20130507,20130508,20130509,20130510,20130511,20130512
Number is 68
G.2.1_index_2_VS_G.5.3_index_4 [20] 
Ngay: 20130425,20130428,20130429,20130430,20130502,20130506,20130507,20130508,20130509,20130510,20130511,20130512
Number is 69
G.2.1_index_2_VS_G.3.3_index_3 [21] 
Ngay: 20130422,20130426,20130429,20130430,20130502,20130503,20130504,20130506,20130507,20130508,20130509,20130510,20130511,20130512
Number is 80
G.3.5_index_5_VS_G.3.6_index_4 [22] 
Ngay: 20130420,20130421,20130422,20130423,20130430,20130505,20130506,20130507,20130508,20130509,20130510,20130511,20130512
G.4.1_index_4_VS_G.4.2_index_1 [23] 
Ngay: 20130420,20130422,20130429,20130501,20130507,20130508,20130509,20130510,20130511,20130512
Number is 92
G.3.3_index_3_VS_G.3.4_index_5 [24] 
Ngay: 20130424,20130428,20130502,20130503,20130506,20130507,20130508,20130509,20130510,20130511,20130512
