Last Date = 20130531
Number is 06
G.5.2_index_3_VS_G.3.5_index_5 [1] 
Ngay: 20130420,20130421,20130422,20130430,20130502,20130508,20130509,20130510,20130511,20130512,20130513,20130516,20130521,20130525,20130528,20130529,20130530
Number is 12
G.5.5_index_2_VS_G.5.5_index_3 [2] 
Ngay: 20130420,20130422,20130423,20130427,20130429,20130430,20130501,20130506,20130508,20130509,20130510,20130511,20130512,20130513,20130515,20130516,20130517,20130518,20130525
Number is 14
G.5.6_index_1_VS_G.2.2_index_2 [3] 
Ngay: 20130420,20130421,20130422,20130423,20130427,20130428,20130429,20130501,20130502,20130503,20130504,20130505,20130508,20130509,20130510,20130511,20130512,20130513,20130518,20130519,20130521,20130523,20130527,20130528
Number is 20
G.4.3_index_4_VS_G.3.3_index_5 [4] 
Ngay: 20130422,20130426,20130427,20130428,20130501,20130503,20130506,20130507,20130508,20130509,20130510,20130511,20130512,20130513,20130515,20130517,20130520,20130526,20130527,20130529
Number is 29
G.4.1_index_3_VS_G.3.2_index_1 [5] 
Ngay: 20130420,20130423,20130426,20130427,20130428,20130501,20130502,20130503,20130505,20130506,20130508,20130509,20130510,20130511,20130512,20130513,20130515,20130517,20130522,20130523,20130530
G.6.3_index_2_VS_G.3.1_index_3 [6] 
Ngay: 20130422,20130424,20130426,20130427,20130428,20130501,20130502,20130504,20130506,20130507,20130508,20130509,20130510,20130511,20130512,20130513,20130514,20130516,20130517,20130523,20130526,20130529
Number is 35
G.DB_index_2_VS_G.5.6_index_4 [7] 
Ngay: 20130425,20130426,20130501,20130502,20130505,20130508,20130509,20130510,20130511,20130512,20130513,20130515,20130517,20130522,20130524,20130525,20130527,20130529,20130530
Number is 40
G.5.3_index_1_VS_G.3.6_index_3 [8] 
Ngay: 20130420,20130422,20130423,20130425,20130427,20130430,20130501,20130504,20130507,20130508,20130509,20130510,20130511,20130512,20130513,20130515,20130516,20130517,20130519,20130520,20130527,20130530
Number is 44
G.5.3_index_2_VS_G.7.3_index_2 [9] 
Ngay: 20130420,20130421,20130425,20130426,20130430,20130502,20130503,20130504,20130505,20130506,20130507,20130508,20130509,20130510,20130511,20130512,20130513,20130515,20130516,20130519,20130520,20130524,20130527,20130529,20130530
Number is 50
G.6.1_index_1_VS_G.5.2_index_3 [10] 
Ngay: 20130421,20130424,20130428,20130429,20130430,20130501,20130502,20130504,20130507,20130508,20130509,20130510,20130511,20130512,20130513,20130516,20130520,20130521,20130523,20130524,20130525,20130529
Number is 57
G.5.2_index_4_VS_G.6.3_index_3 [11] 
Ngay: 20130425,20130427,20130428,20130501,20130503,20130508,20130509,20130510,20130511,20130512,20130513,20130514,20130519,20130520,20130522,20130527,20130530
Number is 58
G.3.4_index_2_VS_G.3.4_index_1 [12] 
Ngay: 20130422,20130424,20130429,20130430,20130502,20130506,20130507,20130508,20130509,20130510,20130511,20130512,20130513,20130516,20130519,20130524,20130528
Number is 59
G.5.2_index_1_VS_G.3.2_index_5 [13] 
Ngay: 20130420,20130421,20130422,20130426,20130430,20130503,20130507,20130508,20130509,20130510,20130511,20130512,20130513,20130515,20130516,20130520,20130523,20130528,20130530
G.7.2_index_2_VS_G.3.2_index_5 [14] 
Ngay: 20130421,20130422,20130427,20130502,20130506,20130507,20130508,20130509,20130510,20130511,20130512,20130513,20130514,20130515,20130518,20130520,20130521,20130524,20130527,20130528,20130529,20130530
Number is 60
G.3.5_index_5_VS_G.3.6_index_4 [15] 
Ngay: 20130420,20130421,20130422,20130423,20130430,20130505,20130506,20130507,20130508,20130509,20130510,20130511,20130512,20130513,20130514,20130515,20130521,20130522,20130523,20130526,20130528,20130529
Number is 62
G.3.5_index_5_VS_G.6.3_index_2 [16] 
Ngay: 20130422,20130424,20130428,20130503,20130505,20130506,20130508,20130509,20130510,20130511,20130512,20130513,20130517,20130519,20130520,20130521,20130523,20130525,20130526,20130527,20130528
Number is 64
G.2.2_index_1_VS_G.7.3_index_2 [17] 
Ngay: 20130421,20130424,20130426,20130429,20130503,20130508,20130509,20130510,20130511,20130512,20130513,20130514,20130515,20130516,20130518,20130521,20130523,20130524,20130525,20130527,20130528,20130530
Number is 68
G.2.2_index_1_VS_G.2.1_index_2 [18] 
Ngay: 20130422,20130423,20130424,20130425,20130426,20130428,20130429,20130507,20130508,20130509,20130510,20130511,20130512,20130513,20130515,20130517,20130521,20130524
Number is 70
G.4.1_index_4_VS_G.4.2_index_1 [19] 
Ngay: 20130420,20130422,20130429,20130501,20130507,20130508,20130509,20130510,20130511,20130512,20130513,20130515,20130519,20130524,20130527,20130528,20130530
Number is 80
G.2.1_index_2_VS_G.5.3_index_4 [20] 
Ngay: 20130425,20130428,20130429,20130430,20130502,20130506,20130507,20130508,20130509,20130510,20130511,20130512,20130513,20130514,20130515,20130516,20130517,20130518,20130522,20130527
G.3.4_index_5_VS_G.3.6_index_3 [21] 
Ngay: 20130421,20130424,20130428,20130430,20130501,20130502,20130504,20130506,20130507,20130508,20130509,20130510,20130511,20130512,20130513,20130514,20130515,20130516,20130517,20130520,20130526,20130527,20130530
G.4.3_index_3_VS_G.5.2_index_3 [22] 
Ngay: 20130422,20130423,20130426,20130429,20130430,20130501,20130503,20130506,20130507,20130508,20130509,20130510,20130511,20130512,20130513,20130516,20130517,20130518,20130525,20130526,20130529,20130530
Number is 84
G.2.1_index_2_VS_G.3.3_index_3 [23] 
Ngay: 20130422,20130426,20130429,20130430,20130502,20130503,20130504,20130506,20130507,20130508,20130509,20130510,20130511,20130512,20130513,20130515,20130517,20130519,20130520,20130521,20130525,20130530
Number is 96
G.3.1_index_3_VS_G.3.1_index_5 [24] 
Ngay: 20130424,20130428,20130429,20130502,20130503,20130505,20130508,20130509,20130510,20130511,20130512,20130513,20130514,20130517,20130520,20130521,20130522,20130523,20130524,20130526,20130527
