Last Date = 20130531
Number is 36
G.1.1_index_4_VS_G.3.1_index_5 [25] 
Ngay: 20130422,20130424,20130426,20130428,20130429,20130501,20130503,20130504,20130505,20130506,20130509,20130510,20130512,20130515,20130517,20130518,20130519,20130520,20130521,20130522,20130523,20130528,20130530
Number is 51
G.5.2_index_4_VS_G.DB_index_4 [32] 
Ngay: 20130423,20130425,20130426,20130427,20130429,20130430,20130501,20130503,20130506,20130507,20130509,20130510,20130512,20130513,20130515,20130516,20130518,20130519,20130520,20130521,20130522,20130523,20130528
Number is 60
G.5.2_index_2_VS_G.4.4_index_1 [19] 
Ngay: 20130420,20130426,20130428,20130429,20130430,20130503,20130504,20130506,20130507,20130510,20130511,20130518,20130519,20130520,20130521,20130522,20130523
