Last Date = 20130531
Number is 14
G.5.3_index_3_VS_G.4.4_index_4 [20] 
Ngay: 20130420,20130422,20130425,20130428,20130430,20130501,20130502,20130504,20130506,20130508,20130509,20130513,20130517,20130519,20130520,20130521,20130522,20130523,20130524,20130530
Number is 21
G.4.1_index_3_VS_G.5.6_index_3 [5] 
Ngay: 20130423,20130424,20130425,20130501,20130502,20130506,20130508,20130509,20130512,20130513,20130517,20130519,20130520,20130521,20130522,20130523,20130524,20130530
Number is 57
G.5.2_index_1_VS_G.4.1_index_4 [6] 
Ngay: 20130422,20130424,20130425,20130428,20130503,20130510,20130511,20130516,20130518,20130519,20130520,20130521,20130522,20130523,20130524
Number is 66
G.1.1_index_5_VS_G.3.1_index_5 [30] 
Ngay: 20130420,20130423,20130428,20130430,20130502,20130503,20130508,20130509,20130510,20130512,20130516,20130517,20130518,20130519,20130520,20130521,20130522,20130523,20130524,20130530
