Last Date = 20130528
Number is 01
G.DB_index_1_VS_G.DB_index_5 [1] 
Ngay: 20130422,20130423,20130428,20130430,20130501,20130503,20130505,20130513,20130519,20130520,20130522,20130523,20130524,20130525,20130526,20130527
G.3.4_index_2_VS_G.4.4_index_1 [2] 
Ngay: 20130422,20130423,20130428,20130506,20130507,20130508,20130510,20130511,20130515,20130518,20130519,20130522,20130523,20130524,20130525,20130526,20130527
Number is 15
G.2.2_index_1_VS_G.1.1_index_2 [3] 
Ngay: 20130422,20130423,20130426,20130428,20130429,20130503,20130505,20130507,20130508,20130509,20130512,20130514,20130515,20130520,20130521,20130522,20130523,20130524,20130525,20130526,20130527
Number is 24
G.3.1_index_3_VS_G.3.6_index_5 [4] 
Ngay: 20130420,20130423,20130425,20130428,20130430,20130502,20130503,20130504,20130506,20130507,20130512,20130513,20130516,20130517,20130520,20130522,20130523,20130524,20130525,20130526,20130527
Number is 27
G.3.5_index_2_VS_G.3.5_index_4 [5] 
Ngay: 20130420,20130422,20130424,20130428,20130501,20130502,20130504,20130510,20130513,20130514,20130521,20130522,20130523,20130524,20130525,20130526,20130527
Number is 30
G.7.1_index_2_VS_G.3.4_index_2 [6] 
Ngay: 20130422,20130427,20130428,20130430,20130501,20130502,20130503,20130504,20130506,20130507,20130508,20130509,20130515,20130519,20130521,20130522,20130523,20130524,20130525,20130526,20130527
Number is 47
G.1.1_index_3_VS_G.5.2_index_3 [7] 
Ngay: 20130420,20130421,20130422,20130424,20130425,20130428,20130501,20130502,20130505,20130506,20130507,20130509,20130511,20130520,20130521,20130522,20130523,20130524,20130525,20130526,20130527
Number is 53
G.DB_index_3_VS_G.5.5_index_1 [8] 
Ngay: 20130421,20130423,20130424,20130501,20130502,20130504,20130506,20130507,20130511,20130513,20130518,20130520,20130522,20130523,20130524,20130525,20130526,20130527
Number is 56
G.3.2_index_4_VS_G.5.5_index_4 [9] 
Ngay: 20130421,20130425,20130426,20130428,20130430,20130505,20130507,20130513,20130515,20130522,20130523,20130524,20130525,20130526,20130527
Number is 57
G.3.2_index_4_VS_G.5.4_index_1 [10] 
Ngay: 20130422,20130425,20130426,20130430,20130507,20130508,20130512,20130513,20130515,20130517,20130519,20130520,20130522,20130523,20130524,20130525,20130526,20130527
Number is 59
G.6.1_index_3_VS_G.4.1_index_1 [11] 
Ngay: 20130420,20130422,20130425,20130426,20130427,20130501,20130508,20130510,20130514,20130515,20130522,20130523,20130524,20130525,20130526,20130527
Number is 62
G.5.3_index_2_VS_G.3.3_index_1 [12] 
Ngay: 20130421,20130424,20130425,20130426,20130428,20130501,20130504,20130505,20130512,20130513,20130515,20130516,20130519,20130522,20130523,20130524,20130525,20130526,20130527
Number is 63
G.4.4_index_3_VS_G.7.1_index_2 [13] 
Ngay: 20130421,20130425,20130426,20130427,20130501,20130502,20130503,20130505,20130507,20130508,20130514,20130515,20130520,20130521,20130522,20130523,20130524,20130525,20130526,20130527
Number is 67
G.5.4_index_4_VS_G.1.1_index_5 [14] 
Ngay: 20130427,20130428,20130430,20130502,20130504,20130505,20130507,20130511,20130518,20130520,20130521,20130522,20130523,20130524,20130525,20130526,20130527
Number is 69
G.4.1_index_3_VS_G.5.6_index_1 [15] 
Ngay: 20130422,20130423,20130424,20130427,20130428,20130502,20130503,20130504,20130508,20130509,20130515,20130516,20130517,20130518,20130520,20130521,20130522,20130523,20130524,20130525,20130526,20130527
Number is 71
G.3.5_index_4_VS_G.2.2_index_1 [16] 
Ngay: 20130422,20130428,20130502,20130509,20130512,20130513,20130514,20130516,20130519,20130521,20130522,20130523,20130524,20130525,20130526,20130527
Number is 72
G.5.2_index_3_VS_G.4.2_index_3 [17] 
Ngay: 20130420,20130421,20130422,20130424,20130425,20130508,20130509,20130510,20130511,20130514,20130518,20130520,20130522,20130523,20130524,20130525,20130526,20130527
Number is 88
G.3.1_index_4_VS_G.4.2_index_4 [18] 
Ngay: 20130423,20130424,20130426,20130428,20130505,20130509,20130517,20130519,20130522,20130523,20130524,20130525,20130526,20130527
Number is 90
G.4.1_index_1_VS_G.4.4_index_2 [19] 
Ngay: 20130422,20130424,20130425,20130428,20130430,20130502,20130503,20130505,20130506,20130510,20130511,20130513,20130516,20130519,20130521,20130522,20130523,20130524,20130525,20130526,20130527
Number is 91
G.6.2_index_3_VS_G.5.2_index_2 [20] 
Ngay: 20130420,20130423,20130425,20130426,20130427,20130428,20130501,20130503,20130505,20130512,20130513,20130514,20130516,20130522,20130523,20130524,20130525,20130526,20130527
Number is 96
G.4.1_index_1_VS_G.5.3_index_1 [21] 
Ngay: 20130420,20130422,20130425,20130426,20130428,20130430,20130504,20130507,20130508,20130513,20130514,20130520,20130522,20130523,20130524,20130525,20130526,20130527
Number is 99
G.6.2_index_3_VS_G.6.2_index_2 [22] 
Ngay: 20130420,20130422,20130424,20130428,20130505,20130506,20130507,20130509,20130515,20130520,20130521,20130522,20130523,20130524,20130525,20130526,20130527
G.3.3_index_5_VS_G.6.2_index_3 [23] 
Ngay: 20130422,20130424,20130427,20130428,20130429,20130506,20130509,20130510,20130512,20130513,20130514,20130518,20130521,20130522,20130523,20130524,20130525,20130526,20130527
