Last Date = 20130605
Number is 01
G.5.3_index_2_VS_G.2.1_index_3 [5] 
Ngay: 20130422,20130425,20130427,20130428,20130430,20130501,20130503,20130505,20130507,20130509,20130512,20130514,20130515,20130519,20130520,20130523,20130524,20130525,20130526,20130527,20130528,20130529
Number is 05
G.3.5_index_5_VS_G.3.3_index_3 [1] 
Ngay: 20130420,20130426,20130428,20130502,20130504,20130507,20130511,20130514,20130517,20130518,20130520,20130523,20130524,20130525,20130526,20130527,20130528,20130529,20130603
Number is 56
G.5.3_index_4_VS_G.6.1_index_2 [6] 
Ngay: 20130420,20130421,20130425,20130426,20130501,20130511,20130512,20130514,20130517,20130518,20130519,20130520,20130522,20130524,20130525,20130526,20130527,20130528,20130529,20130603,20130604
