Last Date = 20130605
Number is 26
G.1.1_index_5_VS_G.DB_index_2 [14] 
Ngay: 20130421,20130422,20130424,20130425,20130426,20130428,20130501,20130505,20130506,20130507,20130511,20130512,20130515,20130516,20130517,20130518,20130522,20130525,20130526,20130527,20130528,20130529,20130530
Number is 46
G.3.5_index_4_VS_G.3.1_index_1 [11] 
Ngay: 20130421,20130424,20130427,20130430,20130501,20130502,20130506,20130509,20130510,20130513,20130514,20130516,20130520,20130521,20130522,20130523,20130525,20130526,20130527,20130528,20130529,20130530,20130604
Number is 60
G.5.5_index_1_VS_G.5.6_index_1 [16] 
Ngay: 20130428,20130429,20130501,20130509,20130510,20130516,20130518,20130519,20130520,20130521,20130522,20130525,20130526,20130527,20130528,20130529,20130530,20130604
