======== Current: 20120501 ========= 
Number is 01 
G.5.5_index_1_VS_G.7.2_index_1 [1] 
20120420,20120421,20120422,20120424,20120425,20120426,20120427,20120428,20120429,20120430,20120506,20120509,20120511,20120512,20120513,20120520,20120521,20120524,20120526,20120531 
G.4.4_index_3_VS_G.3.3_index_1 [2] 
20120425,20120426,20120427,20120428,20120429,20120430,20120513,20120515,20120520,20120521,20120527,20120528,20120601 
Number is 04 
G.3.2_index_2_VS_G.3.1_index_4 [3] PLUS 1 
20120422,20120423,20120424,20120425,20120426,20120427,20120428,20120429,20120430,20120501,20120502,20120503,20120511,20120513,20120515,20120517,20120518,20120524,20120529 
Number is 08 
G.DB_index_5_VS_G.4.3_index_2 [4] PLUS 1 
20120420,20120421,20120424,20120425,20120426,20120427,20120428,20120429,20120430,20120501,20120504,20120505,20120507,20120511,20120512,20120518,20120523,20120525,20120526,20120601 
Number is 18 
G.4.1_index_3_VS_G.5.2_index_1 [5] PLUS 1 
20120421,20120422,20120424,20120425,20120426,20120427,20120428,20120429,20120430,20120501,20120502,20120505,20120506,20120507,20120509,20120510,20120514,20120517,20120518,20120519,20120521,20120522,20120523,20120527,20120528,20120529 
Number is 20 
G.6.1_index_1_VS_G.5.5_index_1 [6] PLUS 1 
20120421,20120422,20120425,20120426,20120427,20120428,20120429,20120430,20120501,20120506,20120508,20120509,20120512,20120514,20120521,20120524,20120526,20120527,20120528,20120530,20120601 
Number is 29 
G.6.1_index_1_VS_G.7.3_index_1 [7] 
20120421,20120422,20120425,20120426,20120427,20120428,20120429,20120430,20120504,20120507,20120508,20120509,20120511,20120515,20120518,20120519,20120521,20120522,20120524,20120528,20120529 
Number is 33 
G.1.1_index_2_VS_G.3.6_index_4 [8] 
20120423,20120425,20120426,20120427,20120428,20120429,20120430,20120505,20120507,20120509,20120514,20120515,20120518,20120519,20120523,20120529,20120530,20120601 
G.6.3_index_2_VS_G.1.1_index_2 [9] 
20120422,20120423,20120425,20120426,20120427,20120428,20120429,20120430,20120502,20120504,20120505,20120510,20120523,20120526,20120529 
Number is 35 
G.7.1_index_2_VS_G.3.2_index_5 [10] 
20120421,20120422,20120423,20120424,20120425,20120426,20120427,20120428,20120429,20120430,20120503,20120507,20120512,20120514,20120518,20120519,20120521,20120522,20120526,20120531 
Number is 38 
G.3.6_index_4_VS_G.4.2_index_4 [11] 
20120424,20120425,20120426,20120427,20120428,20120429,20120430,20120505,20120508,20120509,20120512,20120515,20120520,20120522,20120523,20120528,20120529,20120530,20120531 
Number is 52 
G.5.3_index_2_VS_G.6.1_index_1 [12] 
20120425,20120426,20120427,20120428,20120429,20120430,20120503,20120510,20120511,20120515,20120520,20120523,20120526,20120528,20120529,20120530,20120531,20120601 
G.3.2_index_3_VS_G.5.4_index_4 [13] 
20120420,20120421,20120425,20120426,20120427,20120428,20120429,20120430,20120504,20120505,20120506,20120508,20120509,20120511,20120514,20120516,20120520,20120527,20120529,20120530 
Number is 53 
G.1.1_index_4_VS_G.1.1_index_2 [14] 
20120422,20120423,20120425,20120426,20120427,20120428,20120429,20120430,20120505,20120507,20120508,20120509,20120517,20120518,20120520,20120521,20120530 
Number is 58 
G.4.1_index_4_VS_G.2.2_index_3 [15] 
20120422,20120425,20120426,20120427,20120428,20120429,20120430,20120502,20120506,20120507,20120511,20120512,20120515,20120519,20120521,20120524,20120529,20120601 
Number is 65 
G.5.3_index_4_VS_G.3.6_index_2 [16] 
20120422,20120425,20120426,20120427,20120428,20120429,20120430,20120502,20120503,20120507,20120508,20120514,20120518,20120522,20120524,20120526,20120528,20120529,20120530 
Number is 81 
G.5.5_index_3_VS_G.3.3_index_1 [17] PLUS 1 
20120420,20120424,20120425,20120426,20120427,20120428,20120429,20120430,20120501,20120503,20120505,20120506,20120510,20120511,20120512,20120513,20120518,20120520,20120527,20120528,20120601 
G.3.5_index_2_VS_G.2.1_index_3 [18] PLUS 1 
20120420,20120425,20120426,20120427,20120428,20120429,20120430,20120501,20120502,20120503,20120506,20120508,20120514,20120516,20120521,20120523,20120526,20120528,20120530 
G.5.2_index_1_VS_G.4.4_index_1 [19] PLUS 1 
20120420,20120422,20120424,20120425,20120426,20120427,20120428,20120429,20120430,20120501,20120503,20120509,20120516,20120517,20120520,20120523,20120526,20120527,20120528,20120529,20120530,20120601 
Number is 82 
G.4.2_index_2_VS_G.5.1_index_3 [20] 
20120423,20120425,20120426,20120427,20120428,20120429,20120430,20120506,20120507,20120512,20120520,20120522,20120525,20120526,20120527,20120531 
Number is 85 
G.5.5_index_3_VS_G.7.4_index_2 [21] 
20120420,20120421,20120422,20120425,20120426,20120427,20120428,20120429,20120430,20120512,20120513,20120518,20120523,20120524,20120526,20120527 
Number is 86 
G.4.3_index_2_VS_G.5.3_index_4 [22] 
20120423,20120425,20120426,20120427,20120428,20120429,20120430,20120503,20120504,20120507,20120515,20120516,20120517,20120518,20120525,20120526,20120527,20120529,20120601 
Number is 91 
G.DB_index_1_VS_G.2.1_index_3 [23] PLUS 1 
20120421,20120425,20120426,20120427,20120428,20120429,20120430,20120501,20120502,20120503,20120505,20120506,20120507,20120509,20120512,20120513,20120514,20120522,20120523,20120524,20120525 
G.DB_index_4_VS_G.5.6_index_1 [24] PLUS 1 
20120420,20120422,20120423,20120424,20120425,20120426,20120427,20120428,20120429,20120430,20120501,20120504,20120507,20120512,20120513,20120516,20120519,20120522,20120523,20120529,20120531 
Number is 92 
G.DB_index_4_VS_G.5.1_index_3 [25] 
20120420,20120423,20120424,20120425,20120426,20120427,20120428,20120429,20120430,20120506,20120508,20120512,20120513,20120514,20120515,20120522,20120523,20120525,20120528 
Number is 94 
G.DB_index_4_VS_G.5.2_index_4 [26] 
20120421,20120425,20120426,20120427,20120428,20120429,20120430,20120502,20120506,20120508,20120509,20120516,20120517,20120521,20120523,20120530 
