======== Current: 20120502 ========= 
Number is 02 
G.6.2_index_1_VS_G.5.4_index_1 [1] PLUS 1 
20120420,20120421,20120422,20120426,20120427,20120428,20120429,20120430,20120501,20120502,20120503,20120504,20120505,20120507,20120511,20120514,20120515,20120516,20120518,20120519,20120523,20120524 
Number is 07 
G.6.2_index_1_VS_G.7.2_index_1 [2] PLUS 1 
20120421,20120423,20120426,20120427,20120428,20120429,20120430,20120501,20120502,20120503,20120505,20120507,20120512,20120513,20120514,20120518,20120519,20120520,20120522,20120524,20120526,20120527,20120530 
G.3.1_index_4_VS_G.3.2_index_2 [3] PLUS 1 
20120422,20120423,20120424,20120425,20120426,20120427,20120428,20120429,20120430,20120501,20120502,20120503,20120511,20120513,20120515,20120517,20120518,20120524,20120529 
Number is 11 
G.1.1_index_4_VS_G.DB_index_5 [4] 
20120420,20120422,20120426,20120427,20120428,20120429,20120430,20120501,20120507,20120508,20120509,20120511,20120513,20120517,20120519,20120524,20120529,20120530 
G.DB_index_5_VS_G.4.3_index_2 [5] 
20120420,20120421,20120424,20120425,20120426,20120427,20120428,20120429,20120430,20120501,20120504,20120505,20120507,20120511,20120512,20120518,20120523,20120525,20120526,20120601 
Number is 12 
G.DB_index_5_VS_G.4.2_index_2 [6] 
20120421,20120424,20120426,20120427,20120428,20120429,20120430,20120501,20120506,20120507,20120508,20120509,20120510,20120512,20120513,20120516,20120517,20120518,20120521,20120523,20120526,20120527,20120528,20120529 
Number is 14 
G.DB_index_5_VS_G.5.2_index_4 [7] 
20120421,20120422,20120424,20120426,20120427,20120428,20120429,20120430,20120501,20120508,20120509,20120512,20120513,20120516,20120517,20120520,20120523,20120529,20120601 
G.5.2_index_1_VS_G.4.4_index_1 [8] 
20120420,20120422,20120424,20120425,20120426,20120427,20120428,20120429,20120430,20120501,20120503,20120509,20120516,20120517,20120520,20120523,20120526,20120527,20120528,20120529,20120530,20120601 
Number is 16 
G.5.2_index_1_VS_G.4.1_index_3 [9] PLUS 1 
20120421,20120422,20120424,20120425,20120426,20120427,20120428,20120429,20120430,20120501,20120502,20120505,20120506,20120507,20120509,20120510,20120514,20120517,20120518,20120519,20120521,20120522,20120523,20120527,20120528,20120529 
Number is 17 
G.4.4_index_2_VS_G.7.2_index_1 [10] PLUS 1 
20120423,20120426,20120427,20120428,20120429,20120430,20120501,20120502,20120503,20120507,20120511,20120514,20120515,20120520,20120524,20120526,20120527,20120528,20120529,20120530,20120531 
Number is 25 
G.4.4_index_3_VS_G.5.1_index_1 [11] 
20120420,20120421,20120426,20120427,20120428,20120429,20120430,20120501,20120507,20120508,20120509,20120510,20120511,20120519,20120521,20120523,20120525,20120528,20120529,20120530 
Number is 37 
G.5.5_index_3_VS_G.3.3_index_1 [12] 
20120420,20120424,20120425,20120426,20120427,20120428,20120429,20120430,20120501,20120503,20120505,20120506,20120510,20120511,20120512,20120513,20120518,20120520,20120527,20120528,20120601 
Number is 42 
G.7.4_index_2_VS_G.4.4_index_3 [13] 
20120420,20120426,20120427,20120428,20120429,20120430,20120501,20120506,20120507,20120508,20120509,20120510,20120511,20120515,20120519,20120521,20120523,20120526,20120528,20120531 
G.5.2_index_4_VS_G.5.3_index_3 [14] 
20120420,20120421,20120423,20120426,20120427,20120428,20120429,20120430,20120501,20120505,20120506,20120507,20120514,20120516,20120517,20120519,20120520,20120523,20120525,20120526,20120529,20120530,20120601 
Number is 47 
G.DB_index_1_VS_G.2.1_index_3 [15] PLUS 1 
20120421,20120425,20120426,20120427,20120428,20120429,20120430,20120501,20120502,20120503,20120505,20120506,20120507,20120509,20120512,20120513,20120514,20120522,20120523,20120524,20120525 
Number is 48 
G.5.5_index_2_VS_G.4.3_index_1 [16] PLUS 1 
20120422,20120423,20120424,20120426,20120427,20120428,20120429,20120430,20120501,20120502,20120503,20120505,20120508,20120515,20120517,20120518,20120522,20120524,20120528 
Number is 55 
G.DB_index_4_VS_G.5.6_index_1 [17] 
20120420,20120422,20120423,20120424,20120425,20120426,20120427,20120428,20120429,20120430,20120501,20120504,20120507,20120512,20120513,20120516,20120519,20120522,20120523,20120529,20120531 
Number is 58 
G.5.5_index_1_VS_G.6.1_index_1 [18] 
20120421,20120422,20120425,20120426,20120427,20120428,20120429,20120430,20120501,20120506,20120508,20120509,20120512,20120514,20120521,20120524,20120526,20120527,20120528,20120530,20120601 
Number is 70 
G.5.6_index_4_VS_G.6.1_index_2 [19] PLUS 1 
20120423,20120426,20120427,20120428,20120429,20120430,20120501,20120502,20120504,20120511,20120512,20120516,20120517,20120524,20120528,20120529,20120530 
Number is 72 
G.2.1_index_3_VS_G.3.3_index_4 [20] 
20120421,20120422,20120423,20120424,20120426,20120427,20120428,20120429,20120430,20120501,20120503,20120504,20120509,20120510,20120511,20120516,20120522,20120524,20120528 
Number is 84 
G.5.3_index_2_VS_G.4.3_index_3 [21] PLUS 1 
20120421,20120422,20120424,20120426,20120427,20120428,20120429,20120430,20120501,20120502,20120503,20120504,20120505,20120510,20120512,20120513,20120515,20120519,20120520,20120523,20120526,20120527,20120529,20120530,20120601 
Number is 90 
G.3.4_index_5_VS_G.3.3_index_2 [22] 
20120426,20120427,20120428,20120429,20120430,20120501,20120505,20120508,20120510,20120518,20120519,20120520,20120521,20120525,20120526 
Number is 97 
G.3.5_index_2_VS_G.2.1_index_3 [23] PLUS 1 
20120420,20120425,20120426,20120427,20120428,20120429,20120430,20120501,20120502,20120503,20120506,20120508,20120514,20120516,20120521,20120523,20120526,20120528,20120530 
