======== Current: 20120505 ========= 
Number is 01 
G.3.3_index_2_VS_G.5.5_index_2 [1] PLUS 1 
20120420,20120421,20120424,20120426,20120428,20120429,20120430,20120501,20120502,20120503,20120504,20120505,20120512,20120514,20120515,20120517,20120518,20120519,20120524 
Number is 13 
G.5.3_index_2_VS_G.4.3_index_3 [2] PLUS 1 
20120421,20120422,20120424,20120426,20120427,20120428,20120429,20120430,20120501,20120502,20120503,20120504,20120505,20120510,20120512,20120513,20120515,20120519,20120520,20120523,20120526,20120527,20120529,20120530,20120601 
G.3.1_index_2_VS_G.3.3_index_5 [3] PLUS 1 
20120420,20120423,20120424,20120429,20120430,20120501,20120502,20120503,20120504,20120505,20120506,20120507,20120508,20120510,20120511,20120512,20120513,20120515,20120516,20120517,20120519,20120525,20120526,20120528,20120529,20120531,20120601 
G.5.3_index_4_VS_G.5.4_index_4 [4] PLUS 1 
20120420,20120421,20120423,20120426,20120427,20120429,20120430,20120501,20120502,20120503,20120504,20120505,20120511,20120512,20120514,20120516,20120519,20120522,20120523,20120529,20120601 
Number is 16 
G.3.1_index_2_VS_G.5.4_index_1 [5] 
20120427,20120428,20120429,20120430,20120501,20120502,20120503,20120504,20120507,20120508,20120510,20120511,20120512,20120514,20120516,20120517,20120520,20120523,20120528 
Number is 19 
G.5.5_index_2_VS_G.1.1_index_3 [6] PLUS 1 
20120421,20120422,20120423,20120425,20120429,20120430,20120501,20120502,20120503,20120504,20120505,20120507,20120511,20120512,20120514,20120518,20120520,20120524,20120528 
Number is 23 
G.4.1_index_2_VS_G.4.3_index_3 [7] 
20120421,20120423,20120424,20120425,20120429,20120430,20120501,20120502,20120503,20120504,20120508,20120510,20120512,20120513,20120518,20120520,20120524,20120601 
G.7.1_index_1_VS_G.3.3_index_1 [8] 
20120423,20120424,20120429,20120430,20120501,20120502,20120503,20120504,20120507,20120508,20120510,20120513,20120514,20120515,20120519,20120520,20120521,20120522,20120523,20120527,20120601 
Number is 24 
G.3.2_index_1_VS_G.6.1_index_2 [9] PLUS 1 
20120420,20120423,20120424,20120427,20120429,20120430,20120501,20120502,20120503,20120504,20120505,20120511,20120514,20120519,20120522,20120526,20120527,20120528,20120529,20120601 
Number is 26 
G.6.2_index_1_VS_G.5.4_index_1 [10] PLUS 1 
20120420,20120421,20120422,20120426,20120427,20120428,20120429,20120430,20120501,20120502,20120503,20120504,20120505,20120507,20120511,20120514,20120515,20120516,20120518,20120519,20120523,20120524 
Number is 35 
G.3.3_index_1_VS_G.2.2_index_4 [11] 
20120420,20120425,20120426,20120428,20120429,20120430,20120501,20120502,20120503,20120504,20120509,20120512,20120519,20120520,20120522,20120527,20120529,20120530,20120601 
Number is 38 
G.4.3_index_3_VS_G.5.6_index_4 [12] 
20120421,20120422,20120425,20120426,20120427,20120429,20120430,20120501,20120502,20120503,20120504,20120508,20120510,20120511,20120512,20120514,20120515,20120518,20120519,20120527,20120530 
G.4.3_index_3_VS_G.5.5_index_1 [13] 
20120425,20120427,20120428,20120429,20120430,20120501,20120502,20120503,20120504,20120506,20120508,20120509,20120510,20120514,20120520,20120530,20120531,20120601 
Number is 40 
G.6.1_index_2_VS_G.3.3_index_2 [14] 
20120421,20120422,20120425,20120426,20120428,20120429,20120430,20120501,20120502,20120503,20120504,20120509,20120510,20120511,20120512,20120513,20120517,20120518,20120519,20120524,20120528,20120529,20120530 
Number is 43 
G.6.1_index_2_VS_G.4.3_index_3 [15] PLUS 1 
20120421,20120422,20120424,20120427,20120429,20120430,20120501,20120502,20120503,20120504,20120505,20120506,20120510,20120511,20120512,20120513,20120515,20120517,20120518,20120520,20120522,20120526,20120528,20120529,20120530,20120601 
Number is 51 
G.5.5_index_4_VS_G.5.5_index_2 [16] 
20120421,20120426,20120428,20120429,20120430,20120501,20120502,20120503,20120504,20120513,20120514,20120515,20120516,20120517,20120518,20120522,20120524,20120527,20120528,20120529,20120530 
Number is 58 
G.7.3_index_2_VS_G.3.5_index_4 [17] 
20120428,20120429,20120430,20120501,20120502,20120503,20120504,20120506,20120507,20120512,20120513,20120514,20120517,20120519,20120520,20120521,20120522,20120523,20120525,20120528,20120530,20120531,20120601 
Number is 60 
G.3.5_index_3_VS_G.DB_index_3 [18] 
20120421,20120422,20120423,20120425,20120426,20120428,20120429,20120430,20120501,20120502,20120503,20120504,20120506,20120507,20120509,20120514,20120516,20120517,20120527,20120531,20120601 
Number is 61 
G.2.1_index_3_VS_G.3.1_index_2 [19] 
20120421,20120428,20120429,20120430,20120501,20120502,20120503,20120504,20120508,20120509,20120510,20120512,20120514,20120517,20120520,20120524,20120525,20120528 
Number is 63 
G.2.1_index_3_VS_G.6.3_index_3 [20] PLUS 1 
20120421,20120422,20120426,20120429,20120430,20120501,20120502,20120503,20120504,20120505,20120511,20120512,20120516,20120519,20120521,20120525,20120527,20120530 
G.3.5_index_5_VS_G.4.3_index_3 [21] PLUS 1 
20120420,20120424,20120425,20120429,20120430,20120501,20120502,20120503,20120504,20120505,20120510,20120511,20120513,20120517,20120526,20120527 
Number is 67 
G.5.6_index_3_VS_G.5.3_index_1 [22] 
20120426,20120428,20120429,20120430,20120501,20120502,20120503,20120504,20120506,20120508,20120510,20120511,20120513,20120517,20120527,20120528,20120530 
Number is 80 
G.3.5_index_4_VS_G.3.4_index_3 [23] PLUS 1 
20120420,20120424,20120425,20120429,20120430,20120501,20120502,20120503,20120504,20120505,20120506,20120518,20120528,20120530,20120601 
Number is 84 
G.6.3_index_1_VS_G.6.1_index_2 [24] 
20120420,20120427,20120428,20120429,20120430,20120501,20120502,20120503,20120504,20120506,20120512,20120514,20120518,20120519,20120522,20120525,20120526,20120528,20120529,20120530,20120531 
