======== Current: 20120515 ========= 
Number is 00 
G.5.4_index_3_VS_G.2.1_index_4 [1] 
20120420,20120422,20120425,20120427,20120429,20120509,20120510,20120511,20120512,20120513,20120514,20120519,20120521,20120525,20120527,20120528 
Number is 06 
G.5.4_index_3_VS_G.5.6_index_1 [2] PLUS 1 
20120420,20120421,20120425,20120429,20120501,20120503,20120507,20120509,20120510,20120511,20120512,20120513,20120514,20120515,20120522,20120524,20120526,20120601 
Number is 07 
G.3.4_index_5_VS_G.3.4_index_4 [3] PLUS 1 
20120421,20120423,20120426,20120427,20120429,20120430,20120501,20120507,20120509,20120510,20120511,20120512,20120513,20120514,20120515,20120520,20120521,20120522,20120524,20120530,20120601 
Number is 11 
G.5.2_index_3_VS_G.4.4_index_1 [4] 
20120422,20120424,20120505,20120509,20120510,20120511,20120512,20120513,20120514,20120517,20120523,20120525,20120526,20120529,20120601 
Number is 37 
G.7.3_index_1_VS_G.3.4_index_4 [5] 
20120420,20120425,20120426,20120501,20120504,20120505,20120507,20120509,20120510,20120511,20120512,20120513,20120514,20120519,20120520,20120521,20120524,20120525,20120601 
G.5.5_index_3_VS_G.5.1_index_3 [6] 
20120420,20120423,20120425,20120428,20120429,20120504,20120509,20120510,20120511,20120512,20120513,20120514,20120518,20120520,20120524,20120530 
Number is 46 
G.3.3_index_4_VS_G.2.2_index_4 [7] PLUS 1 
20120420,20120421,20120423,20120426,20120428,20120502,20120503,20120506,20120507,20120508,20120509,20120510,20120511,20120512,20120513,20120514,20120515,20120516,20120519,20120520,20120525,20120530 
Number is 56 
G.3.1_index_2_VS_G.5.1_index_1 [8] PLUS 1 
20120425,20120426,20120430,20120508,20120509,20120510,20120511,20120512,20120513,20120514,20120515,20120517,20120519,20120522,20120526,20120529,20120530 
Number is 57 
G.1.1_index_1_VS_G.3.5_index_3 [9] PLUS 1 
20120421,20120422,20120423,20120424,20120426,20120429,20120503,20120504,20120505,20120507,20120509,20120510,20120511,20120512,20120513,20120514,20120515,20120516,20120601 
Number is 64 
G.5.4_index_4_VS_G.6.3_index_1 [10] PLUS 1 
20120420,20120422,20120426,20120429,20120501,20120502,20120504,20120508,20120509,20120510,20120511,20120512,20120513,20120514,20120515,20120516,20120518,20120519,20120520,20120523,20120528,20120529,20120531,20120601 
Number is 65 
G.3.2_index_3_VS_G.3.4_index_1 [11] PLUS 1 
20120423,20120424,20120426,20120430,20120503,20120505,20120508,20120509,20120510,20120511,20120512,20120513,20120514,20120515,20120516,20120519,20120521,20120522,20120525,20120528,20120529 
Number is 70 
G.5.2_index_2_VS_G.3.4_index_5 [12] PLUS 1 
20120430,20120501,20120506,20120507,20120509,20120510,20120511,20120512,20120513,20120514,20120515,20120522,20120528,20120529,20120530 
Number is 73 
G.5.2_index_2_VS_G.7.3_index_1 [13] 
20120420,20120424,20120429,20120430,20120501,20120505,20120509,20120510,20120511,20120512,20120513,20120514,20120518,20120519,20120520,20120521,20120527,20120530,20120531 
Number is 82 
G.3.2_index_4_VS_G.3.5_index_1 [14] PLUS 1 
20120421,20120423,20120425,20120427,20120430,20120505,20120507,20120509,20120510,20120511,20120512,20120513,20120514,20120515,20120516,20120521,20120528,20120529,20120530,20120601 
Number is 93 
G.1.1_index_3_VS_G.6.2_index_2 [15] 
20120423,20120424,20120425,20120429,20120502,20120504,20120507,20120509,20120510,20120511,20120512,20120513,20120514,20120520,20120521,20120525,20120526,20120529,20120601 
Number is 97 
G.5.5_index_1_VS_G.5.4_index_2 [16] 
20120421,20120422,20120423,20120501,20120503,20120504,20120508,20120509,20120510,20120511,20120512,20120513,20120514,20120517,20120519,20120521,20120523,20120524,20120527,20120528,20120531 
G.4.2_index_2_VS_G.3.4_index_4 [17] 
20120420,20120423,20120428,20120501,20120502,20120503,20120509,20120510,20120511,20120512,20120513,20120514,20120521,20120522,20120523,20120525,20120526,20120528,20120529,20120601 
