======== Current: 20120517 ========= 
Number is 06 
G.DB_index_4_VS_G.4.3_index_4 [1] PLUS 1 
20120420,20120421,20120425,20120426,20120504,20120511,20120512,20120513,20120514,20120515,20120516,20120517,20120518,20120519,20120520,20120524,20120525,20120528,20120530,20120601 
Number is 08 
G.DB_index_4_VS_G.3.1_index_5 [2] 
20120423,20120424,20120425,20120428,20120429,20120503,20120504,20120505,20120509,20120511,20120512,20120513,20120514,20120515,20120516,20120519,20120525,20120530,20120531,20120601 
Number is 13 
G.4.4_index_1_VS_G.3.3_index_4 [3] 
20120424,20120425,20120428,20120429,20120430,20120501,20120505,20120506,20120508,20120509,20120511,20120512,20120513,20120514,20120515,20120516,20120519,20120523,20120527,20120528,20120529,20120530 
Number is 20 
G.4.1_index_3_VS_G.6.2_index_2 [4] PLUS 1 
20120420,20120422,20120425,20120429,20120501,20120504,20120506,20120507,20120508,20120510,20120511,20120512,20120513,20120514,20120515,20120516,20120517,20120519,20120520,20120522,20120523,20120527,20120529 
Number is 36 
G.7.3_index_1_VS_G.1.1_index_1 [5] PLUS 1 
20120420,20120423,20120426,20120427,20120429,20120502,20120505,20120507,20120509,20120511,20120512,20120513,20120514,20120515,20120516,20120517,20120519,20120520,20120521,20120524,20120527,20120531 
Number is 39 
G.3.3_index_4_VS_G.2.2_index_4 [6] 
20120420,20120421,20120423,20120426,20120428,20120502,20120503,20120506,20120507,20120508,20120509,20120510,20120511,20120512,20120513,20120514,20120515,20120516,20120519,20120520,20120525,20120530 
Number is 53 
G.5.4_index_4_VS_G.4.1_index_2 [7] 
20120420,20120422,20120423,20120424,20120425,20120427,20120429,20120502,20120508,20120509,20120511,20120512,20120513,20120514,20120515,20120516,20120523,20120524,20120528,20120601 
G.4.2_index_1_VS_G.3.3_index_4 [8] 
20120420,20120423,20120424,20120425,20120426,20120427,20120428,20120502,20120503,20120506,20120507,20120510,20120511,20120512,20120513,20120514,20120515,20120516,20120523,20120524,20120525,20120528,20120529,20120530,20120531 
Number is 56 
G.5.4_index_4_VS_G.6.3_index_1 [9] 
20120420,20120422,20120426,20120429,20120501,20120502,20120504,20120508,20120509,20120510,20120511,20120512,20120513,20120514,20120515,20120516,20120518,20120519,20120520,20120523,20120528,20120529,20120531,20120601 
G.3.2_index_4_VS_G.3.5_index_1 [10] 
20120421,20120423,20120425,20120427,20120430,20120505,20120507,20120509,20120510,20120511,20120512,20120513,20120514,20120515,20120516,20120521,20120528,20120529,20120530,20120601 
Number is 63 
G.6.3_index_1_VS_G.5.5_index_4 [11] PLUS 1 
20120422,20120426,20120428,20120501,20120504,20120507,20120511,20120512,20120513,20120514,20120515,20120516,20120517,20120519,20120521,20120523,20120529 
Number is 65 
G.4.3_index_4_VS_G.4.2_index_1 [12] 
20120420,20120421,20120425,20120501,20120508,20120511,20120512,20120513,20120514,20120515,20120516,20120520,20120521,20120524,20120528,20120530 
Number is 66 
G.1.1_index_1_VS_G.3.5_index_3 [13] 
20120421,20120422,20120423,20120424,20120426,20120429,20120503,20120504,20120505,20120507,20120509,20120510,20120511,20120512,20120513,20120514,20120515,20120516,20120601 
Number is 68 
G.3.3_index_1_VS_G.3.1_index_5 [14] 
20120420,20120421,20120423,20120501,20120511,20120512,20120513,20120514,20120515,20120516,20120519,20120522,20120524,20120530 
Number is 69 
G.1.1_index_1_VS_G.2.2_index_4 [15] 
20120420,20120421,20120422,20120423,20120426,20120430,20120502,20120503,20120504,20120506,20120508,20120511,20120512,20120513,20120514,20120515,20120516,20120518,20120519,20120520,20120521,20120522,20120523,20120527,20120531,20120601 
Number is 70 
G.5.3_index_3_VS_G.5.2_index_1 [16] PLUS 1 
20120420,20120422,20120423,20120424,20120425,20120426,20120427,20120429,20120503,20120505,20120511,20120512,20120513,20120514,20120515,20120516,20120517,20120518,20120522,20120523,20120524,20120528,20120601 
Number is 73 
G.7.3_index_2_VS_G.4.3_index_1 [17] 
20120424,20120430,20120501,20120502,20120503,20120507,20120509,20120511,20120512,20120513,20120514,20120515,20120516,20120518,20120519,20120521,20120523,20120525,20120526,20120527,20120528,20120530,20120601 
G.5.3_index_3_VS_G.3.4_index_1 [18] 
20120423,20120424,20120425,20120428,20120430,20120503,20120504,20120511,20120512,20120513,20120514,20120515,20120516,20120518,20120519,20120521,20120522,20120527,20120529,20120530,20120601 
Number is 93 
G.3.4_index_2_VS_G.4.1_index_4 [19] 
20120425,20120501,20120502,20120504,20120505,20120508,20120510,20120511,20120512,20120513,20120514,20120515,20120516,20120519,20120520,20120521,20120523,20120525,20120528,20120529 
G.3.2_index_3_VS_G.3.4_index_1 [20] 
20120423,20120424,20120426,20120430,20120503,20120505,20120508,20120509,20120510,20120511,20120512,20120513,20120514,20120515,20120516,20120519,20120521,20120522,20120525,20120528,20120529 
Number is 94 
G.2.2_index_2_VS_G.1.1_index_5 [21] 
20120423,20120424,20120511,20120512,20120513,20120514,20120515,20120516,20120522,20120523,20120527,20120529,20120530,20120601 
Number is 95 
G.2.2_index_2_VS_G.4.2_index_1 [22] 
20120420,20120421,20120424,20120425,20120427,20120430,20120505,20120511,20120512,20120513,20120514,20120515,20120516,20120521,20120522,20120529,20120601 
Number is 97 
G.2.2_index_2_VS_G.5.3_index_3 [23] 
20120420,20120421,20120422,20120423,20120424,20120425,20120430,20120506,20120508,20120510,20120511,20120512,20120513,20120514,20120515,20120516,20120524,20120527,20120601 
