======== Current: 20120518 ========= 
Number is 07 
G.4.1_index_3_VS_G.6.2_index_2 [1] 
20120420,20120422,20120425,20120429,20120501,20120504,20120506,20120507,20120508,20120510,20120511,20120512,20120513,20120514,20120515,20120516,20120517,20120519,20120520,20120522,20120523,20120527,20120529 
Number is 18 
G.7.3_index_2_VS_G.5.1_index_3 [2] PLUS 1 
20120420,20120422,20120427,20120429,20120503,20120506,20120510,20120512,20120513,20120514,20120515,20120516,20120517,20120518,20120520,20120521,20120529,20120530,20120531 
Number is 41 
G.3.5_index_5_VS_G.5.4_index_2 [3] 
20120423,20120501,20120503,20120505,20120508,20120510,20120512,20120513,20120514,20120515,20120516,20120517,20120526,20120529,20120531,20120601 
Number is 55 
G.6.3_index_1_VS_G.5.5_index_4 [4] 
20120422,20120426,20120428,20120501,20120504,20120507,20120511,20120512,20120513,20120514,20120515,20120516,20120517,20120519,20120521,20120523,20120529 
Number is 59 
G.5.2_index_1_VS_G.3.2_index_2 [5] 
20120420,20120423,20120424,20120425,20120426,20120428,20120430,20120501,20120502,20120512,20120513,20120514,20120515,20120516,20120517,20120529,20120530 
Number is 65 
G.5.3_index_3_VS_G.5.2_index_1 [6] PLUS 1 
20120420,20120422,20120423,20120424,20120425,20120426,20120427,20120429,20120503,20120505,20120511,20120512,20120513,20120514,20120515,20120516,20120517,20120518,20120522,20120523,20120524,20120528,20120601 
Number is 67 
G.5.5_index_2_VS_G.3.2_index_4 [7] 
20120421,20120423,20120425,20120429,20120430,20120502,20120503,20120504,20120505,20120507,20120512,20120513,20120514,20120515,20120516,20120517,20120519,20120520,20120523,20120527,20120529,20120530,20120601 
G.3.6_index_2_VS_G.DB_index_3 [8] 
20120420,20120424,20120425,20120428,20120430,20120502,20120504,20120506,20120508,20120509,20120510,20120512,20120513,20120514,20120515,20120516,20120517,20120519,20120521,20120528,20120529,20120531 
Number is 77 
G.6.2_index_2_VS_G.3.1_index_4 [9] 
20120420,20120423,20120428,20120501,20120502,20120504,20120506,20120507,20120508,20120512,20120513,20120514,20120515,20120516,20120517,20120520,20120521,20120523,20120524,20120525,20120527,20120601 
Number is 79 
G.DB_index_4_VS_G.4.3_index_4 [10] PLUS 1 
20120420,20120421,20120425,20120426,20120504,20120511,20120512,20120513,20120514,20120515,20120516,20120517,20120518,20120519,20120520,20120524,20120525,20120528,20120530,20120601 
G.DB_index_4_VS_G.3.2_index_2 [11] PLUS 1 
20120420,20120422,20120424,20120425,20120426,20120428,20120430,20120512,20120513,20120514,20120515,20120516,20120517,20120518,20120523,20120524,20120526,20120528,20120601 
Number is 80 
G.7.3_index_1_VS_G.1.1_index_1 [12] 
20120420,20120423,20120426,20120427,20120429,20120502,20120505,20120507,20120509,20120511,20120512,20120513,20120514,20120515,20120516,20120517,20120519,20120520,20120521,20120524,20120527,20120531 
Number is 85 
G.3.5_index_3_VS_G.5.5_index_4 [13] PLUS 1 
20120422,20120423,20120424,20120425,20120430,20120502,20120504,20120505,20120506,20120507,20120509,20120512,20120513,20120514,20120515,20120516,20120517,20120518,20120522,20120524,20120525,20120529 
Number is 92 
G.1.1_index_2_VS_G.3.1_index_5 [14] 
20120421,20120422,20120425,20120428,20120501,20120502,20120503,20120509,20120512,20120513,20120514,20120515,20120516,20120517,20120519,20120530 
Number is 99 
G.1.1_index_2_VS_G.3.2_index_2 [15] PLUS 1 
20120420,20120422,20120423,20120424,20120425,20120426,20120428,20120430,20120502,20120505,20120506,20120510,20120512,20120513,20120514,20120515,20120516,20120517,20120518,20120519,20120528,20120529,20120601 
