======== Current: 20120520 ========= 
Number is 06 
G.3.6_index_4_VS_G.4.3_index_4 [1] 
20120420,20120425,20120426,20120427,20120428,20120430,20120506,20120508,20120514,20120515,20120516,20120517,20120518,20120519,20120522,20120523,20120528 
Number is 24 
G.3.3_index_3_VS_G.3.2_index_2 [2] 
20120420,20120422,20120423,20120424,20120426,20120428,20120429,20120430,20120502,20120508,20120510,20120511,20120512,20120514,20120515,20120516,20120517,20120518,20120519,20120522,20120526,20120528,20120529,20120601 
Number is 29 
G.3.3_index_1_VS_G.6.2_index_1 [3] PLUS 1 
20120421,20120422,20120423,20120429,20120501,20120502,20120504,20120506,20120508,20120513,20120514,20120515,20120516,20120517,20120518,20120519,20120520,20120522,20120525,20120526,20120527,20120601 
G.4.2_index_3_VS_G.5.2_index_1 [4] PLUS 1 
20120420,20120421,20120423,20120424,20120426,20120429,20120503,20120505,20120506,20120507,20120508,20120509,20120510,20120511,20120512,20120514,20120515,20120516,20120517,20120518,20120519,20120520,20120522,20120524,20120526,20120528,20120529 
Number is 34 
G.1.1_index_2_VS_G.3.2_index_2 [5] 
20120420,20120422,20120423,20120424,20120425,20120426,20120428,20120430,20120502,20120505,20120506,20120510,20120512,20120513,20120514,20120515,20120516,20120517,20120518,20120519,20120528,20120529,20120601 
G.2.2_index_5_VS_G.3.2_index_2 [6] 
20120420,20120423,20120424,20120425,20120429,20120505,20120508,20120510,20120514,20120515,20120516,20120517,20120518,20120519,20120527,20120528 
Number is 36 
G.DB_index_4_VS_G.4.3_index_4 [7] PLUS 1 
20120420,20120421,20120425,20120426,20120504,20120511,20120512,20120513,20120514,20120515,20120516,20120517,20120518,20120519,20120520,20120524,20120525,20120528,20120530,20120601 
Number is 54 
G.5.5_index_2_VS_G.3.4_index_1 [8] 
20120421,20120422,20120423,20120428,20120429,20120502,20120503,20120504,20120510,20120511,20120513,20120514,20120515,20120516,20120517,20120518,20120519,20120521,20120522,20120524 
Number is 64 
G.6.1_index_3_VS_G.4.1_index_3 [9] PLUS 1 
20120421,20120422,20120425,20120428,20120430,20120501,20120506,20120507,20120508,20120509,20120514,20120515,20120516,20120517,20120518,20120519,20120520,20120524,20120529,20120601 
Number is 73 
G.3.5_index_4_VS_G.1.1_index_2 [10] 
20120421,20120423,20120425,20120428,20120430,20120504,20120506,20120509,20120510,20120514,20120515,20120516,20120517,20120518,20120519,20120521,20120522,20120523,20120528,20120530,20120601 
Number is 77 
G.3.3_index_5_VS_G.5.1_index_4 [11] 
20120421,20120422,20120423,20120424,20120425,20120429,20120430,20120501,20120502,20120503,20120506,20120507,20120511,20120512,20120514,20120515,20120516,20120517,20120518,20120519,20120521,20120524,20120526,20120527,20120530,20120601 
Number is 78 
G.5.3_index_4_VS_G.1.1_index_1 [12] PLUS 1 
20120421,20120422,20120423,20120426,20120427,20120430,20120501,20120503,20120504,20120505,20120506,20120507,20120514,20120515,20120516,20120517,20120518,20120519,20120520,20120523,20120528,20120529,20120530,20120601 
