======== Current: 20120526 ========= 
Number is 17 
G.4.4_index_3_VS_G.7.3_index_2 [1] PLUS 1 
20120420,20120428,20120429,20120502,20120504,20120508,20120511,20120516,20120518,20120520,20120521,20120522,20120523,20120524,20120525,20120526,20120528,20120529,20120531 
Number is 19 
G.6.1_index_3_VS_G.6.3_index_1 [2] PLUS 1 
20120421,20120425,20120428,20120430,20120501,20120509,20120511,20120517,20120519,20120520,20120521,20120522,20120523,20120524,20120525,20120526,20120531,20120601 
Number is 27 
G.7.4_index_2_VS_G.3.4_index_5 [3] PLUS 1 
20120420,20120430,20120502,20120503,20120507,20120509,20120510,20120511,20120520,20120521,20120522,20120523,20120524,20120525,20120526 
Number is 35 
G.7.4_index_1_VS_G.6.2_index_3 [4] 
20120424,20120425,20120430,20120502,20120505,20120518,20120520,20120521,20120522,20120523,20120524,20120525,20120527,20120528,20120529,20120531,20120601 
Number is 37 
G.7.4_index_1_VS_G.6.1_index_1 [5] 
20120421,20120426,20120428,20120429,20120501,20120502,20120503,20120508,20120511,20120515,20120518,20120520,20120521,20120522,20120523,20120524,20120525,20120530,20120531,20120601 
Number is 64 
G.3.4_index_4_VS_G.3.2_index_5 [6] PLUS 1 
20120420,20120423,20120424,20120501,20120502,20120507,20120509,20120510,20120511,20120514,20120515,20120520,20120521,20120522,20120523,20120524,20120525,20120526,20120531,20120601 
G.5.6_index_1_VS_G.4.2_index_2 [7] PLUS 1 
20120422,20120423,20120424,20120426,20120427,20120428,20120429,20120501,20120509,20120510,20120511,20120519,20120520,20120521,20120522,20120523,20120524,20120525,20120526,20120528,20120530 
Number is 67 
G.3.3_index_1_VS_G.3.4_index_5 [8] 
20120421,20120425,20120426,20120427,20120430,20120501,20120502,20120503,20120507,20120508,20120520,20120521,20120522,20120523,20120524,20120525,20120527,20120528,20120529,20120530,20120601 
Number is 79 
G.3.4_index_5_VS_G.6.3_index_1 [9] 
20120420,20120422,20120425,20120428,20120429,20120430,20120501,20120503,20120507,20120511,20120514,20120515,20120518,20120520,20120521,20120522,20120523,20120524,20120525,20120527,20120528,20120530,20120531,20120601 
Number is 83 
G.5.1_index_2_VS_G.3.3_index_5 [10] PLUS 1 
20120420,20120421,20120424,20120429,20120503,20120506,20120507,20120511,20120512,20120513,20120519,20120520,20120521,20120522,20120523,20120524,20120525,20120526,20120601 
Number is 86 
G.5.1_index_2_VS_G.3.4_index_4 [11] 
20120421,20120424,20120425,20120503,20120504,20120507,20120510,20120513,20120514,20120515,20120516,20120519,20120520,20120521,20120522,20120523,20120524,20120525,20120529,20120601 
Number is 89 
G.7.3_index_1_VS_G.3.5_index_1 [12] 
20120427,20120505,20120507,20120508,20120510,20120512,20120513,20120514,20120515,20120517,20120518,20120520,20120521,20120522,20120523,20120524,20120525,20120528,20120531,20120601 
Number is 90 
G.7.1_index_1_VS_G.5.2_index_4 [13] 
20120420,20120421,20120423,20120424,20120430,20120505,20120508,20120519,20120520,20120521,20120522,20120523,20120524,20120525,20120529 
Number is 96 
G.3.6_index_3_VS_G.3.4_index_3 [14] 
20120421,20120422,20120425,20120427,20120429,20120501,20120503,20120504,20120505,20120506,20120507,20120509,20120510,20120511,20120520,20120521,20120522,20120523,20120524,20120525,20120527,20120528,20120601 
