======== Current: 20120528 ========= 
Number is 37 
G.3.5_index_2_VS_G.5.5_index_4 [1] 
20120422,20120428,20120430,20120504,20120506,20120508,20120516,20120518,20120522,20120523,20120524,20120525,20120526,20120527,20120530 
Number is 39 
G.3.6_index_4_VS_G.5.3_index_2 [2] 
20120423,20120426,20120427,20120430,20120508,20120509,20120512,20120516,20120520,20120522,20120523,20120524,20120525,20120526,20120527,20120530,20120531 
Number is 45 
G.7.4_index_1_VS_G.3.4_index_4 [3] PLUS 1 
20120421,20120422,20120424,20120428,20120502,20120504,20120505,20120507,20120508,20120511,20120512,20120514,20120518,20120521,20120522,20120523,20120524,20120525,20120526,20120527,20120528,20120529,20120530,20120601 
Number is 47 
G.5.2_index_1_VS_G.6.1_index_3 [4] PLUS 1 
20120421,20120422,20120424,20120425,20120503,20120506,20120509,20120510,20120512,20120515,20120520,20120522,20120523,20120524,20120525,20120526,20120527,20120528,20120529,20120530 
Number is 65 
G.5.6_index_2_VS_G.3.4_index_5 [5] 
20120421,20120422,20120423,20120425,20120426,20120505,20120506,20120507,20120508,20120509,20120510,20120514,20120521,20120522,20120523,20120524,20120525,20120526,20120527,20120529 
Number is 66 
G.2.1_index_3_VS_G.5.6_index_2 [6] 
20120421,20120423,20120424,20120425,20120426,20120501,20120502,20120503,20120504,20120509,20120510,20120512,20120514,20120516,20120521,20120522,20120523,20120524,20120525,20120526,20120527 
Number is 77 
G.2.1_index_1_VS_G.4.4_index_4 [7] 
20120420,20120421,20120422,20120425,20120426,20120429,20120503,20120505,20120507,20120508,20120512,20120521,20120522,20120523,20120524,20120525,20120526,20120527 
Number is 90 
G.5.2_index_3_VS_G.5.3_index_3 [8] 
20120422,20120423,20120424,20120427,20120428,20120430,20120505,20120507,20120508,20120510,20120511,20120512,20120515,20120517,20120522,20120523,20120524,20120525,20120526,20120527,20120530,20120531 
Number is 92 
G.5.3_index_2_VS_G.2.1_index_5 [9] PLUS 1 
20120423,20120427,20120430,20120503,20120504,20120505,20120506,20120510,20120511,20120514,20120518,20120522,20120523,20120524,20120525,20120526,20120527,20120528,20120530,20120531,20120601 
Number is 97 
G.5.4_index_3_VS_G.4.4_index_4 [10] 
20120420,20120501,20120509,20120512,20120514,20120518,20120522,20120523,20120524,20120525,20120526,20120527,20120530 
Number is 99 
G.5.3_index_2_VS_G.7.3_index_1 [11] 
20120420,20120426,20120427,20120430,20120505,20120507,20120508,20120510,20120511,20120512,20120513,20120515,20120518,20120519,20120522,20120523,20120524,20120525,20120526,20120527,20120529,20120530,20120531,20120601 
