======== Current: 20120529 ========= 
Number is 01 
G.7.4_index_1_VS_G.3.4_index_4 [1] PLUS 1 
20120421,20120422,20120424,20120428,20120502,20120504,20120505,20120507,20120508,20120511,20120512,20120514,20120518,20120521,20120522,20120523,20120524,20120525,20120526,20120527,20120528,20120529,20120530,20120601 
Number is 02 
G.7.4_index_1_VS_G.DB_index_4 [2] 
20120424,20120425,20120426,20120428,20120502,20120508,20120512,20120517,20120523,20120524,20120525,20120526,20120527,20120528,20120530,20120531 
Number is 03 
G.7.4_index_1_VS_G.7.3_index_1 [3] 
20120421,20120424,20120425,20120427,20120428,20120430,20120502,20120506,20120507,20120509,20120511,20120514,20120515,20120518,20120519,20120520,20120521,20120523,20120524,20120525,20120526,20120527,20120528,20120530,20120531,20120601 
Number is 10 
G.6.3_index_3_VS_G.4.1_index_4 [4] PLUS 1 
20120420,20120421,20120423,20120425,20120426,20120427,20120429,20120501,20120506,20120509,20120510,20120513,20120515,20120516,20120518,20120520,20120523,20120524,20120525,20120526,20120527,20120528,20120529,20120530,20120601 
Number is 15 
G.4.1_index_2_VS_G.7.4_index_2 [5] 
20120420,20120422,20120423,20120427,20120502,20120504,20120505,20120508,20120511,20120512,20120513,20120523,20120524,20120525,20120526,20120527,20120528 
Number is 50 
G.5.2_index_1_VS_G.6.1_index_3 [6] PLUS 1 
20120421,20120422,20120424,20120425,20120503,20120506,20120509,20120510,20120512,20120515,20120520,20120522,20120523,20120524,20120525,20120526,20120527,20120528,20120529,20120530 
Number is 53 
G.3.4_index_2_VS_G.3.5_index_1 [7] PLUS 1 
20120420,20120421,20120425,20120427,20120429,20120501,20120505,20120510,20120512,20120515,20120516,20120519,20120521,20120523,20120524,20120525,20120526,20120527,20120528,20120529,20120530,20120601 
Number is 54 
G.3.4_index_2_VS_G.7.3_index_2 [8] PLUS 1 
20120427,20120502,20120503,20120504,20120505,20120508,20120510,20120511,20120512,20120513,20120514,20120520,20120523,20120524,20120525,20120526,20120527,20120528,20120529,20120530 
Number is 68 
G.5.3_index_2_VS_G.2.1_index_5 [9] 
20120423,20120427,20120430,20120503,20120504,20120505,20120506,20120510,20120511,20120514,20120518,20120522,20120523,20120524,20120525,20120526,20120527,20120528,20120530,20120531,20120601 
