======== Current: 20120530 ========= 
Number is 05 
G.6.1_index_3_VS_G.1.1_index_4 [1] PLUS 1 
20120420,20120422,20120423,20120424,20120425,20120430,20120506,20120507,20120508,20120509,20120512,20120514,20120517,20120518,20120522,20120524,20120525,20120526,20120527,20120528,20120529,20120530,20120531 
Number is 21 
G.3.4_index_2_VS_G.7.3_index_2 [2] PLUS 1 
20120427,20120502,20120503,20120504,20120505,20120508,20120510,20120511,20120512,20120513,20120514,20120520,20120523,20120524,20120525,20120526,20120527,20120528,20120529,20120530 
Number is 26 
G.5.3_index_2_VS_G.DB_index_1 [3] 
20120420,20120423,20120427,20120430,20120502,20120504,20120507,20120510,20120511,20120512,20120514,20120515,20120520,20120524,20120525,20120526,20120527,20120528,20120529 
Number is 29 
G.3.4_index_2_VS_G.3.5_index_1 [4] PLUS 1 
20120420,20120421,20120425,20120427,20120429,20120501,20120505,20120510,20120512,20120515,20120516,20120519,20120521,20120523,20120524,20120525,20120526,20120527,20120528,20120529,20120530,20120601 
Number is 35 
G.2.2_index_5_VS_G.1.1_index_4 [5] PLUS 1 
20120422,20120429,20120501,20120504,20120505,20120507,20120508,20120512,20120517,20120520,20120522,20120524,20120525,20120526,20120527,20120528,20120529,20120530,20120531 
Number is 37 
G.3.1_index_4_VS_G.3.2_index_1 [6] 
20120420,20120421,20120422,20120429,20120430,20120501,20120502,20120504,20120507,20120508,20120509,20120513,20120517,20120518,20120522,20120524,20120525,20120526,20120527,20120528,20120529,20120531 
Number is 42 
G.3.3_index_3_VS_G.3.4_index_2 [7] PLUS 1 
20120420,20120421,20120424,20120425,20120503,20120504,20120506,20120507,20120508,20120518,20120519,20120520,20120521,20120524,20120525,20120526,20120527,20120528,20120529,20120530 
Number is 50 
G.7.4_index_1_VS_G.3.4_index_4 [8] PLUS 1 
20120421,20120422,20120424,20120428,20120502,20120504,20120505,20120507,20120508,20120511,20120512,20120514,20120518,20120521,20120522,20120523,20120524,20120525,20120526,20120527,20120528,20120529,20120530,20120601 
G.5.2_index_1_VS_G.6.1_index_3 [9] PLUS 1 
20120421,20120422,20120424,20120425,20120503,20120506,20120509,20120510,20120512,20120515,20120520,20120522,20120523,20120524,20120525,20120526,20120527,20120528,20120529,20120530 
Number is 57 
G.6.3_index_3_VS_G.4.1_index_4 [10] PLUS 1 
20120420,20120421,20120423,20120425,20120426,20120427,20120429,20120501,20120506,20120509,20120510,20120513,20120515,20120516,20120518,20120520,20120523,20120524,20120525,20120526,20120527,20120528,20120529,20120530,20120601 
Number is 62 
G.4.3_index_4_VS_G.6.2_index_3 [11] 
20120420,20120421,20120425,20120426,20120502,20120504,20120508,20120509,20120512,20120514,20120520,20120524,20120525,20120526,20120527,20120528,20120529 
Number is 78 
G.3.2_index_1_VS_G.3.1_index_3 [12] PLUS 1 
20120424,20120425,20120429,20120430,20120503,20120504,20120508,20120511,20120512,20120514,20120518,20120522,20120524,20120525,20120526,20120527,20120528,20120529,20120530,20120531,20120601 
Number is 90 
G.3.3_index_1_VS_G.4.3_index_1 [13] 
20120420,20120424,20120425,20120427,20120502,20120504,20120505,20120508,20120509,20120510,20120511,20120514,20120517,20120518,20120519,20120520,20120521,20120522,20120524,20120525,20120526,20120527,20120528,20120529 
