======== Last: 20131101 ========= 
Number is 05 
G.5.5_index_3_VS_G.6.2_index_1 [1] 
Ngay: 20130925,20130926,20130927,20130928,20130929,20130930,20131001,20131008,20131011,20131013,20131014,20131015,20131017,20131021,20131023,20131024,20131028,20131029,20131030 
Number is 06 
G.4.4_index_2_VS_G.2.1_index_4 [2] 
Ngay: 20130925,20130926,20130927,20130928,20130929,20130930,20131001,20131004,20131006,20131008,20131009,20131011,20131015,20131020,20131022,20131023,20131026,20131027,20131030 
Number is 12 
G.5.1_index_4_VS_G.3.2_index_2 [3] 
Ngay: 20130924,20130925,20130926,20130927,20130928,20130929,20130930,20131001,20131005,20131008,20131013,20131014,20131015,20131016,20131017,20131019,20131024,20131027,20131029,20131030 
Number is 17 
G.3.4_index_1_VS_G.7.1_index_1 [4] 
Ngay: 20130924,20130925,20130926,20130927,20130928,20130929,20130930,20131001,20131002,20131004,20131007,20131008,20131009,20131011,20131012,20131013,20131014,20131015,20131016,20131017,20131019,20131023,20131025,20131026,20131027,20131028,20131030,20131031 
Number is 21 
G.4.1_index_2_VS_G.5.6_index_1 [5] 
Ngay: 20130923,20130925,20130926,20130927,20130928,20130929,20130930,20131001,20131006,20131007,20131008,20131010,20131012,20131017,20131019,20131020,20131024,20131025,20131027,20131028 
Number is 22 
G.3.3_index_1_VS_G.7.4_index_1 [6] 
Ngay: 20130923,20130924,20130925,20130926,20130927,20130928,20130929,20130930,20131001,20131006,20131010,20131013,20131014,20131015,20131016,20131017,20131023,20131024,20131026,20131029 
Number is 23 
G.6.3_index_1_VS_G.3.4_index_3 [7] 
Ngay: 20130923,20130926,20130927,20130928,20130929,20130930,20131001,20131002,20131004,20131005,20131009,20131011,20131012,20131013,20131016,20131018,20131021,20131023,20131026,20131030,20131031 
Number is 24 
G.3.6_index_5_VS_G.2.2_index_5 [8] 
Ngay: 20130924,20130926,20130927,20130928,20130929,20130930,20131001,20131004,20131005,20131007,20131011,20131012,20131015,20131016,20131017,20131019,20131020,20131021,20131023,20131027,20131030,20131031 
Number is 25 
G.6.3_index_1_VS_G.4.3_index_1 [9] 
Ngay: 20130923,20130925,20130926,20130927,20130928,20130929,20130930,20131001,20131004,20131008,20131009,20131012,20131013,20131019,20131024,20131026,20131029,20131030 
Number is 28 
G.7.4_index_1_VS_G.4.4_index_1 [10] 
Ngay: 20130925,20130926,20130927,20130928,20130929,20130930,20131001,20131002,20131013,20131014,20131016,20131021,20131022,20131023,20131024,20131027,20131029 
Number is 31 
G.3.6_index_2_VS_G.3.4_index_1 [11] 
Ngay: 20130923,20130924,20130926,20130927,20130928,20130929,20130930,20131001,20131002,20131003,20131006,20131008,20131009,20131011,20131013,20131015,20131017,20131019,20131023,20131024,20131026 
Number is 33 
G.4.2_index_2_VS_G.3.6_index_2 [12] 
Ngay: 20130926,20130927,20130928,20130929,20130930,20131001,20131004,20131005,20131008,20131009,20131011,20131013,20131015,20131017,20131020,20131024 
Number is 36 
G.3.1_index_2_VS_G.DB_index_3 [13] 
Ngay: 20130924,20130926,20130927,20130928,20130929,20130930,20131001,20131002,20131004,20131005,20131006,20131007,20131008,20131012,20131013,20131016,20131017,20131018,20131019,20131020,20131021,20131024,20131026,20131028,20131029 
Number is 37 
G.3.6_index_2_VS_G.7.1_index_1 [14] 
Ngay: 20130924,20130926,20130927,20130928,20130929,20130930,20131001,20131002,20131004,20131006,20131008,20131009,20131010,20131012,20131015,20131022,20131023,20131026,20131027,20131028,20131031 
Number is 46 
G.3.2_index_1_VS_G.5.1_index_1 [15] 
Ngay: 20130925,20130926,20130927,20130928,20130929,20130930,20131001,20131002,20131005,20131007,20131010,20131016,20131023,20131024,20131025,20131026,20131030,20131031 
Number is 48 
G.7.1_index_2_VS_G.5.6_index_2 [16] 
Ngay: 20130926,20130927,20130928,20130929,20130930,20131001,20131002,20131006,20131007,20131008,20131009,20131012,20131013,20131014,20131015,20131019,20131020,20131021,20131023,20131024,20131027,20131029 
Number is 54 
G.3.5_index_3_VS_G.3.1_index_5 [17] 
Ngay: 20130925,20130926,20130927,20130928,20130929,20130930,20131001,20131002,20131003,20131008,20131017,20131025,20131026,20131027,20131029,20131031 
Number is 56 
G.3.3_index_5_VS_G.DB_index_3 [18] 
Ngay: 20130923,20130926,20130927,20130928,20130929,20130930,20131001,20131002,20131003,20131004,20131005,20131008,20131009,20131010,20131011,20131013,20131018,20131023,20131024,20131025,20131027,20131028,20131030 
G.3.3_index_5_VS_G.2.1_index_4 [19] 
Ngay: 20130923,20130926,20130927,20130928,20130929,20130930,20131001,20131003,20131005,20131006,20131007,20131009,20131010,20131011,20131013,20131014,20131016,20131021,20131022,20131023,20131024,20131025,20131026,20131027,20131029,20131030,20131031 
G.4.3_index_4_VS_G.2.1_index_4 [20] 
Ngay: 20130924,20130926,20130927,20130928,20130929,20130930,20131001,20131003,20131004,20131006,20131007,20131010,20131011,20131014,20131015,20131016,20131019,20131024,20131027,20131029,20131031 
Number is 57 
G.DB_index_1_VS_G.5.6_index_4 [21] 
Ngay: 20130925,20130926,20130927,20130928,20130929,20130930,20131001,20131002,20131005,20131007,20131011,20131012,20131015,20131016,20131017,20131018,20131020,20131021,20131023,20131025,20131028,20131031 
G.1.1_index_3_VS_G.7.1_index_1 [22] 
Ngay: 20130924,20130926,20130927,20130928,20130929,20130930,20131001,20131002,20131003,20131004,20131005,20131006,20131007,20131008,20131011,20131016,20131019,20131022,20131023,20131024,20131026,20131027,20131028,20131029,20131031 
G.6.3_index_3_VS_G.7.1_index_1 [23] 
Ngay: 20130924,20130926,20130927,20130928,20130929,20130930,20131001,20131002,20131004,20131005,20131006,20131008,20131009,20131010,20131011,20131016,20131017,20131021,20131023,20131024,20131026,20131028 
Number is 58 
G.3.5_index_2_VS_G.7.2_index_2 [24] 
Ngay: 20130923,20130926,20130927,20130928,20130929,20130930,20131001,20131002,20131003,20131006,20131009,20131013,20131014,20131015,20131026,20131028 
Number is 61 
G.DB_index_3_VS_G.5.1_index_4 [25] 
Ngay: 20130924,20130926,20130927,20130928,20130929,20130930,20131001,20131002,20131003,20131004,20131006,20131008,20131012,20131013,20131018,20131019,20131020,20131021,20131026,20131028,20131029,20131030 
Number is 63 
G.3.5_index_4_VS_G.3.6_index_2 [26] 
Ngay: 20130926,20130927,20130928,20130929,20130930,20131001,20131003,20131005,20131008,20131009,20131020,20131023 
G.2.1_index_4_VS_G.3.4_index_3 [27] 
Ngay: 20130923,20130925,20130926,20130927,20130928,20130929,20130930,20131001,20131002,20131003,20131004,20131011,20131021,20131026,20131031 
Number is 64 
G.3.3_index_3_VS_G.4.1_index_4 [28] 
Ngay: 20130926,20130927,20130928,20130929,20130930,20131001,20131007,20131008,20131011,20131012,20131015,20131017,20131020,20131022,20131023,20131024,20131026,20131027,20131029,20131030,20131031 
Number is 65 
G.2.1_index_4_VS_G.4.3_index_1 [29] 
Ngay: 20130923,20130926,20130927,20130928,20130929,20130930,20131001,20131004,20131005,20131006,20131007,20131008,20131011,20131013,20131014,20131018,20131019,20131021,20131026,20131031 
Number is 67 
G.DB_index_3_VS_G.5.6_index_4 [30] 
Ngay: 20130926,20130927,20130928,20130929,20130930,20131001,20131002,20131003,20131004,20131005,20131008,20131009,20131012,20131015,20131018,20131021,20131022,20131023,20131024,20131025,20131026 
Number is 68 
G.DB_index_3_VS_G.DB_index_5 [31] 
Ngay: 20130924,20130926,20130927,20130928,20130929,20130930,20131001,20131002,20131003,20131008,20131017,20131021,20131026,20131028,20131030,20131031 
Number is 70 
G.5.4_index_3_VS_G.4.4_index_2 [32] 
Ngay: 20130925,20130926,20130927,20130928,20130929,20130930,20131001,20131004,20131006,20131007,20131008,20131009,20131012,20131024,20131027,20131028,20131029,20131030 
Number is 74 
G.3.6_index_1_VS_G.2.2_index_5 [33] 
Ngay: 20130924,20130925,20130926,20130927,20130928,20130929,20130930,20131001,20131002,20131004,20131005,20131006,20131011,20131012,20131023,20131024,20131025,20131027,20131029 
Number is 75 
G.5.6_index_4_VS_G.3.3_index_2 [34] 
Ngay: 20130925,20130926,20130927,20130928,20130929,20130930,20131001,20131003,20131006,20131009,20131013,20131014,20131015,20131018,20131021,20131022,20131023,20131024,20131025,20131026,20131028,20131029,20131030 
G.2.2_index_2_VS_G.3.5_index_2 [35] 
Ngay: 20130923,20130924,20130926,20130927,20130928,20130929,20130930,20131001,20131002,20131004,20131006,20131008,20131009,20131011,20131013,20131014,20131018,20131019,20131026,20131031 
Number is 76 
G.2.2_index_2_VS_G.2.1_index_4 [36] 
Ngay: 20130924,20130926,20130927,20130928,20130929,20130930,20131001,20131004,20131009,20131011,20131019,20131022,20131029,20131031 
Number is 77 
G.2.2_index_2_VS_G.2.1_index_2 [37] 
Ngay: 20130926,20130927,20130928,20130929,20130930,20131001,20131006,20131008,20131009,20131010,20131011,20131014,20131019,20131020,20131021,20131027,20131029,20131030,20131031 
Number is 82 
G.5.2_index_1_VS_G.7.4_index_1 [38] 
Ngay: 20130925,20130926,20130927,20130928,20130929,20130930,20131001,20131002,20131008,20131009,20131013,20131021,20131022,20131024,20131025,20131029,20131030,20131031 
Number is 84 
G.5.2_index_1_VS_G.3.1_index_5 [39] 
Ngay: 20130923,20130925,20130926,20130927,20130928,20130929,20130930,20131001,20131004,20131005,20131006,20131016,20131020,20131021,20131023,20131024,20131029 
Number is 86 
G.6.1_index_1_VS_G.2.2_index_4 [40] 
Ngay: 20130924,20130925,20130926,20130927,20130928,20130929,20130930,20131001,20131006,20131008,20131009,20131011,20131014,20131015,20131016,20131020,20131025,20131028,20131030,20131031 
G.5.2_index_1_VS_G.3.4_index_4 [41] 
Ngay: 20130925,20130926,20130927,20130928,20130929,20130930,20131001,20131002,20131005,20131006,20131008,20131011,20131015,20131017,20131019,20131020,20131024,20131025,20131030 
G.7.2_index_2_VS_G.2.1_index_4 [42] 
Ngay: 20130926,20130927,20130928,20130929,20130930,20131001,20131007,20131016,20131018,20131021,20131022,20131024,20131026,20131031 
Number is 91 
G.1.1_index_1_VS_G.4.1_index_3 [43] 
Ngay: 20130923,20130926,20130927,20130928,20130929,20130930,20131001,20131006,20131008,20131009,20131010,20131011,20131014,20131017,20131019,20131021,20131026,20131030 
Number is 96 
G.4.3_index_2_VS_G.5.4_index_2 [44] 
Ngay: 20130923,20130926,20130927,20130928,20130929,20130930,20131001,20131002,20131003,20131004,20131009,20131010,20131013,20131015,20131016,20131017,20131019,20131021,20131024,20131026 
Number is 97 
G.4.3_index_2_VS_G.5.6_index_4 [45] 
Ngay: 20130926,20130927,20130928,20130929,20130930,20131001,20131002,20131003,20131005,20131009,20131011,20131012,20131013,20131014,20131018,20131022,20131023,20131024,20131026,20131029 
