======== Current: 20131004 ========= 
Number is 13 
G.1.1_index_3_VS_G.7.1_index_1 [1] PLUS 1 
20130924,20130926,20130927,20130928,20130929,20130930,20131001,20131002,20131003,20131004,20131005,20131006,20131007,20131008,20131011,20131016,20131019,20131022,20131023,20131024,20131026,20131027,20131028,20131029,20131031 
Number is 14 
G.6.1_index_1_VS_G.3.4_index_1 [2] PLUS 1 
20130923,20130925,20130927,20130928,20130929,20130930,20131001,20131002,20131003,20131004,20131005,20131010,20131011,20131014,20131015,20131018,20131021,20131023,20131024,20131025,20131028 
Number is 15 
G.3.5_index_2_VS_G.3.1_index_2 [3] PLUS 1 
20130923,20130928,20130929,20130930,20131001,20131002,20131003,20131004,20131007,20131013,20131015,20131018,20131019,20131023,20131024,20131027,20131028,20131029 
G.6.1_index_1_VS_G.4.2_index_3 [4] PLUS 1 
20130926,20130928,20130929,20130930,20131001,20131002,20131003,20131004,20131005,20131011,20131014,20131017,20131019,20131023,20131024,20131025,20131027,20131030 
Number is 19 
G.2.1_index_3_VS_G.4.2_index_2 [5] PLUS 1 
20130925,20130927,20130928,20130929,20130930,20131001,20131002,20131003,20131004,20131006,20131008,20131009,20131011,20131012,20131013,20131016,20131017,20131020,20131022,20131026,20131027 
Number is 31 
G.DB_index_3_VS_G.5.1_index_4 [6] PLUS 1 
20130924,20130926,20130927,20130928,20130929,20130930,20131001,20131002,20131003,20131004,20131006,20131008,20131012,20131013,20131018,20131019,20131020,20131021,20131026,20131028,20131029,20131030 
Number is 33 
G.DB_index_3_VS_G.DB_index_5 [7] 
20130924,20130926,20130927,20130928,20130929,20130930,20131001,20131002,20131003,20131008,20131017,20131021,20131026,20131028,20131030,20131031 
Number is 34 
G.DB_index_3_VS_G.5.6_index_4 [8] PLUS 1 
20130926,20130927,20130928,20130929,20130930,20131001,20131002,20131003,20131004,20131005,20131008,20131009,20131012,20131015,20131018,20131021,20131022,20131023,20131024,20131025,20131026 
G.4.4_index_2_VS_G.5.1_index_1 [9] PLUS 1 
20130923,20130924,20130926,20130928,20130929,20130930,20131001,20131002,20131003,20131004,20131005,20131007,20131008,20131021,20131023,20131024,20131025,20131026,20131027,20131029 
Number is 38 
G.3.1_index_5_VS_G.3.3_index_5 [10] PLUS 1 
20130927,20130928,20130929,20130930,20131001,20131002,20131003,20131004,20131005,20131006,20131008,20131009,20131010,20131012,20131013,20131017,20131018,20131021,20131022,20131023,20131024,20131026,20131027,20131029 
Number is 40 
G.5.6_index_4_VS_G.3.5_index_4 [11] PLUS 1 
20130923,20130924,20130925,20130928,20130929,20130930,20131001,20131002,20131003,20131004,20131006,20131007,20131012,20131021,20131025,20131029,20131031 
Number is 41 
G.2.1_index_4_VS_G.3.4_index_3 [12] PLUS 1 
20130923,20130925,20130926,20130927,20130928,20130929,20130930,20131001,20131002,20131003,20131004,20131011,20131021,20131026,20131031 
Number is 43 
G.4.3_index_2_VS_G.5.4_index_2 [13] PLUS 1 
20130923,20130926,20130927,20130928,20130929,20130930,20131001,20131002,20131003,20131004,20131009,20131010,20131013,20131015,20131016,20131017,20131019,20131021,20131024,20131026 
Number is 44 
G.4.3_index_2_VS_G.5.6_index_4 [14] 
20130926,20130927,20130928,20130929,20130930,20131001,20131002,20131003,20131005,20131009,20131011,20131012,20131013,20131014,20131018,20131022,20131023,20131024,20131026,20131029 
Number is 48 
G.5.1_index_1_VS_G.3.3_index_5 [15] 
20130925,20130926,20130928,20130929,20130930,20131001,20131002,20131003,20131005,20131008,20131009,20131010,20131012,20131021,20131023,20131024,20131025,20131027,20131031 
Number is 53 
G.5.1_index_3_VS_G.5.3_index_1 [16] PLUS 1 
20130923,20130925,20130927,20130928,20130929,20130930,20131001,20131002,20131003,20131004,20131005,20131006,20131008,20131009,20131013,20131014,20131015,20131017,20131026,20131029 
Number is 60 
G.3.4_index_2_VS_G.1.1_index_1 [17] 
20130923,20130926,20130928,20130929,20130930,20131001,20131002,20131003,20131005,20131006,20131008,20131010,20131011,20131021,20131028,20131029,20131031 
Number is 61 
G.7.2_index_2_VS_G.3.5_index_2 [18] 
20130923,20130926,20130927,20130928,20130929,20130930,20131001,20131002,20131003,20131006,20131009,20131013,20131014,20131015,20131026,20131028 
Number is 64 
G.3.6_index_2_VS_G.3.4_index_1 [19] 
20130923,20130924,20130926,20130927,20130928,20130929,20130930,20131001,20131002,20131003,20131006,20131008,20131009,20131011,20131013,20131015,20131017,20131019,20131023,20131024,20131026 
Number is 65 
G.7.1_index_2_VS_G.5.3_index_2 [20] 
20130923,20130927,20130928,20130929,20130930,20131001,20131002,20131003,20131008,20131012,20131013,20131018,20131019,20131022,20131024,20131030,20131031 
Number is 71 
G.4.1_index_1_VS_G.4.4_index_3 [21] 
20130928,20130929,20130930,20131001,20131002,20131003,20131008,20131009,20131010,20131017,20131021,20131025,20131028,20131029,20131030,20131031 
Number is 73 
G.3.5_index_3_VS_G.3.1_index_5 [22] 
20130925,20130926,20130927,20130928,20130929,20130930,20131001,20131002,20131003,20131008,20131017,20131025,20131026,20131027,20131029,20131031 
Number is 83 
G.3.3_index_5_VS_G.DB_index_3 [23] PLUS 1 
20130923,20130926,20130927,20130928,20130929,20130930,20131001,20131002,20131003,20131004,20131005,20131008,20131009,20131010,20131011,20131013,20131018,20131023,20131024,20131025,20131027,20131028,20131030 
