======== Last: 20131101 ========= 
Number is 04 
G.4.2_index_1_VS_G.7.3_index_1 [1] 
Ngay: 20130923,20130929,20131001,20131003,20131004,20131005,20131006,20131007,20131008,20131011,20131015,20131017,20131020,20131023,20131024,20131028,20131030 
Number is 06 
G.4.4_index_4_VS_G.DB_index_3 [2] 
Ngay: 20130924,20130929,20131002,20131003,20131004,20131005,20131006,20131007,20131008,20131010,20131011,20131012,20131013,20131018,20131026,20131027,20131028,20131030 
Number is 13 
G.1.1_index_2_VS_G.7.3_index_2 [3] 
Ngay: 20130924,20130925,20130927,20130928,20131001,20131002,20131003,20131004,20131005,20131006,20131007,20131008,20131009,20131010,20131014,20131015,20131018,20131019,20131020,20131022,20131024,20131025,20131028,20131029,20131030 
Number is 18 
G.1.1_index_2_VS_G.DB_index_5 [4] 
Ngay: 20130924,20130926,20130927,20130930,20131003,20131004,20131005,20131006,20131007,20131008,20131009,20131022,20131024,20131025,20131026,20131027,20131028,20131029,20131031 
Number is 20 
G.5.4_index_1_VS_G.7.4_index_2 [5] 
Ngay: 20130925,20130930,20131001,20131002,20131003,20131004,20131005,20131006,20131007,20131008,20131009,20131010,20131012,20131013,20131014,20131016,20131020,20131023,20131025 
Number is 23 
G.4.1_index_2_VS_G.4.4_index_3 [6] 
Ngay: 20130923,20130928,20131003,20131004,20131005,20131006,20131007,20131008,20131015,20131017,20131018,20131019,20131020,20131024,20131027,20131028 
Number is 26 
G.5.4_index_1_VS_G.5.1_index_1 [7] 
Ngay: 20130925,20130930,20131001,20131002,20131003,20131004,20131005,20131006,20131007,20131008,20131012,20131019,20131021,20131023,20131025,20131029,20131030,20131031 
Number is 27 
G.3.2_index_2_VS_G.6.2_index_2 [8] 
Ngay: 20130923,20130924,20130926,20130929,20130930,20131003,20131004,20131005,20131006,20131007,20131008,20131011,20131012,20131014,20131015,20131017,20131019,20131029 
Number is 35 
G.3.1_index_2_VS_G.6.3_index_3 [9] 
Ngay: 20130923,20130924,20131002,20131003,20131004,20131005,20131006,20131007,20131008,20131011,20131012,20131013,20131017,20131019,20131023,20131025,20131029,20131030,20131031 
G.3.1_index_2_VS_G.4.3_index_4 [10] 
Ngay: 20130923,20130924,20130927,20130928,20130929,20131001,20131003,20131004,20131005,20131006,20131007,20131008,20131014,20131015,20131016,20131018,20131020,20131021,20131022,20131024,20131025,20131026 
Number is 47 
G.2.2_index_1_VS_G.5.4_index_3 [11] 
Ngay: 20130923,20130926,20130928,20131001,20131003,20131004,20131005,20131006,20131007,20131008,20131016,20131017,20131020,20131022,20131023,20131025,20131026,20131027,20131030 
Number is 48 
G.2.2_index_1_VS_G.DB_index_5 [12] 
Ngay: 20130923,20130928,20130929,20130930,20131003,20131004,20131005,20131006,20131007,20131008,20131011,20131016,20131017,20131020,20131023,20131025,20131026,20131029,20131030,20131031 
Number is 49 
G.2.2_index_1_VS_G.4.3_index_2 [13] 
Ngay: 20130925,20130926,20130927,20131001,20131003,20131004,20131005,20131006,20131007,20131008,20131009,20131010,20131015,20131016,20131017,20131020,20131022,20131029 
Number is 53 
G.1.1_index_3_VS_G.4.4_index_3 [14] 
Ngay: 20130927,20130928,20130930,20131003,20131004,20131005,20131006,20131007,20131008,20131012,20131014,20131017,20131019,20131021,20131022,20131023,20131024 
Number is 56 
G.4.3_index_1_VS_G.3.6_index_3 [15] 
Ngay: 20130927,20130928,20130930,20131001,20131002,20131003,20131004,20131005,20131006,20131007,20131008,20131009,20131013,20131014,20131015,20131019,20131022,20131024,20131025,20131026,20131028,20131029,20131030 
Number is 57 
G.1.1_index_3_VS_G.7.1_index_1 [16] 
Ngay: 20130924,20130926,20130927,20130928,20130929,20130930,20131001,20131002,20131003,20131004,20131005,20131006,20131007,20131008,20131011,20131016,20131019,20131022,20131023,20131024,20131026,20131027,20131028,20131029,20131031 
Number is 62 
G.2.2_index_4_VS_G.5.4_index_1 [17] 
Ngay: 20130923,20130924,20130925,20130927,20130928,20130930,20131001,20131003,20131004,20131005,20131006,20131007,20131008,20131009,20131013,20131014,20131018,20131023,20131025,20131029 
Number is 64 
G.DB_index_3_VS_G.2.2_index_5 [18] 
Ngay: 20130923,20130924,20130926,20130927,20130930,20131001,20131002,20131003,20131004,20131005,20131006,20131007,20131008,20131010,20131012,20131016,20131024,20131025,20131028,20131029,20131030 
G.5.1_index_1_VS_G.2.2_index_1 [19] 
Ngay: 20130924,20130926,20130927,20130929,20130930,20131002,20131003,20131004,20131005,20131006,20131007,20131008,20131009,20131016,20131017,20131018,20131020,20131026,20131028,20131031 
Number is 65 
G.4.2_index_3_VS_G.3.1_index_1 [20] 
Ngay: 20130923,20130928,20130929,20131002,20131003,20131004,20131005,20131006,20131007,20131008,20131012,20131013,20131015,20131016,20131017,20131024,20131026,20131028,20131029,20131030 
Number is 69 
G.3.4_index_4_VS_G.3.2_index_5 [21] 
Ngay: 20130923,20130929,20130930,20131001,20131003,20131004,20131005,20131006,20131007,20131008,20131012,20131013,20131018,20131019,20131027 
Number is 75 
G.5.6_index_4_VS_G.6.3_index_3 [22] 
Ngay: 20130923,20130926,20130928,20130929,20130930,20131002,20131003,20131004,20131005,20131006,20131007,20131008,20131011,20131012,20131014,20131015,20131016,20131021,20131024,20131027,20131030,20131031 
Number is 76 
G.3.6_index_1_VS_G.3.3_index_3 [23] 
Ngay: 20130924,20130928,20130929,20131001,20131002,20131003,20131004,20131005,20131006,20131007,20131008,20131010,20131011,20131012,20131014,20131015,20131022,20131023,20131026,20131027,20131031 
Number is 78 
G.3.5_index_5_VS_G.6.1_index_1 [24] 
Ngay: 20130923,20130925,20130928,20130930,20131001,20131003,20131004,20131005,20131006,20131007,20131008,20131013,20131015,20131018,20131020,20131024,20131025,20131028,20131030 
Number is 90 
G.5.3_index_1_VS_G.2.1_index_1 [25] 
Ngay: 20130924,20130925,20130926,20130928,20130930,20131002,20131003,20131004,20131005,20131006,20131007,20131008,20131009,20131012,20131017,20131019,20131021,20131024,20131025 
Number is 92 
G.3.4_index_2_VS_G.4.1_index_2 [26] 
Ngay: 20130924,20130925,20130926,20131003,20131004,20131005,20131006,20131007,20131008,20131010,20131017,20131020,20131023,20131024,20131027,20131028 
G.4.3_index_2_VS_G.5.4_index_1 [27] 
Ngay: 20131002,20131003,20131004,20131005,20131006,20131007,20131008,20131010,20131012,20131013,20131015,20131017,20131019,20131022,20131023,20131025,20131026,20131028,20131029,20131031 
Number is 94 
G.3.3_index_4_VS_G.5.4_index_4 [28] 
Ngay: 20130923,20130925,20131003,20131004,20131005,20131006,20131007,20131008,20131011,20131013,20131014,20131015,20131017,20131018,20131019,20131023,20131024,20131028 
Number is 95 
G.1.1_index_1_VS_G.4.3_index_3 [29] 
Ngay: 20130927,20130929,20131001,20131002,20131003,20131004,20131005,20131006,20131007,20131008,20131009,20131011,20131012,20131015,20131016,20131019,20131025 
Number is 97 
G.3.4_index_2_VS_G.3.5_index_5 [30] 
Ngay: 20130925,20130927,20130928,20130929,20130930,20131001,20131003,20131004,20131005,20131006,20131007,20131008,20131009,20131018,20131020,20131024,20131025,20131030 
