======== Last: 20131101 ========= 
Number is 03 
G.7.4_index_2_VS_G.4.4_index_3 [1] 
Ngay: 20130923,20130928,20130929,20130930,20131004,20131005,20131006,20131007,20131008,20131009,20131013,20131015,20131018,20131020,20131023,20131029,20131030 
G.4.4_index_4_VS_G.4.4_index_3 [2] 
Ngay: 20130929,20130930,20131001,20131002,20131004,20131005,20131006,20131007,20131008,20131009,20131013,20131015,20131023,20131025,20131026,20131028,20131031 
Number is 04 
G.7.4_index_2_VS_G.7.3_index_1 [3] 
Ngay: 20130925,20131001,20131002,20131004,20131005,20131006,20131007,20131008,20131009,20131013,20131014,20131028,20131031 
Number is 05 
G.5.5_index_3_VS_G.4.3_index_1 [4] 
Ngay: 20130923,20130924,20130927,20130929,20131004,20131005,20131006,20131007,20131008,20131009,20131012,20131014,20131018,20131020,20131022,20131026,20131030,20131031 
G.2.1_index_1_VS_G.5.5_index_4 [5] 
Ngay: 20130924,20130926,20130927,20131001,20131004,20131005,20131006,20131007,20131008,20131009,20131015,20131017,20131019,20131020,20131027,20131029,20131030,20131031 
Number is 07 
G.2.1_index_1_VS_G.2.2_index_2 [6] 
Ngay: 20130924,20130925,20130926,20130927,20131004,20131005,20131006,20131007,20131008,20131009,20131012,20131020,20131027,20131029,20131031 
Number is 13 
G.1.1_index_2_VS_G.7.3_index_2 [7] 
Ngay: 20130924,20130925,20130927,20130928,20131001,20131002,20131003,20131004,20131005,20131006,20131007,20131008,20131009,20131010,20131014,20131015,20131018,20131019,20131020,20131022,20131024,20131025,20131028,20131029,20131030 
Number is 16 
G.1.1_index_2_VS_G.2.2_index_4 [8] 
Ngay: 20130925,20130928,20131004,20131005,20131006,20131007,20131008,20131009,20131013,20131015,20131019,20131023,20131024,20131025,20131027 
Number is 18 
G.1.1_index_2_VS_G.DB_index_5 [9] 
Ngay: 20130924,20130926,20130927,20130930,20131003,20131004,20131005,20131006,20131007,20131008,20131009,20131022,20131024,20131025,20131026,20131027,20131028,20131029,20131031 
Number is 20 
G.5.4_index_1_VS_G.7.4_index_2 [10] 
Ngay: 20130925,20130930,20131001,20131002,20131003,20131004,20131005,20131006,20131007,20131008,20131009,20131010,20131012,20131013,20131014,20131016,20131020,20131023,20131025 
Number is 23 
G.4.1_index_2_VS_G.3.6_index_2 [11] 
Ngay: 20130924,20130927,20130928,20130929,20130930,20131004,20131005,20131006,20131007,20131008,20131009,20131011,20131015,20131017,20131018,20131023,20131027,20131028,20131029 
Number is 30 
G.4.2_index_2_VS_G.4.2_index_4 [12] 
Ngay: 20130924,20130927,20130929,20131004,20131005,20131006,20131007,20131008,20131009,20131014,20131015,20131017,20131018,20131019,20131026,20131029,20131030,20131031 
Number is 46 
G.2.2_index_1_VS_G.DB_index_3 [13] 
Ngay: 20130923,20130926,20130929,20130930,20131004,20131005,20131006,20131007,20131008,20131009,20131011,20131015,20131016,20131019,20131020,20131021,20131023,20131027,20131029 
Number is 49 
G.2.2_index_1_VS_G.4.3_index_2 [14] 
Ngay: 20130925,20130926,20130927,20131001,20131003,20131004,20131005,20131006,20131007,20131008,20131009,20131010,20131015,20131016,20131017,20131020,20131022,20131029 
Number is 52 
G.DB_index_1_VS_G.5.5_index_1 [15] 
Ngay: 20130923,20130926,20130927,20130930,20131004,20131005,20131006,20131007,20131008,20131009,20131017,20131020,20131022,20131025,20131030 
Number is 56 
G.4.3_index_1_VS_G.3.6_index_3 [16] 
Ngay: 20130927,20130928,20130930,20131001,20131002,20131003,20131004,20131005,20131006,20131007,20131008,20131009,20131013,20131014,20131015,20131019,20131022,20131024,20131025,20131026,20131028,20131029,20131030 
Number is 57 
G.DB_index_1_VS_G.3.5_index_5 [17] 
Ngay: 20130924,20130926,20130929,20131004,20131005,20131006,20131007,20131008,20131009,20131012,20131015,20131016,20131018,20131019,20131024,20131026,20131028 
Number is 62 
G.2.2_index_4_VS_G.5.4_index_1 [18] 
Ngay: 20130923,20130924,20130925,20130927,20130928,20130930,20131001,20131003,20131004,20131005,20131006,20131007,20131008,20131009,20131013,20131014,20131018,20131023,20131025,20131029 
Number is 64 
G.5.1_index_1_VS_G.2.2_index_1 [19] 
Ngay: 20130924,20130926,20130927,20130929,20130930,20131002,20131003,20131004,20131005,20131006,20131007,20131008,20131009,20131016,20131017,20131018,20131020,20131026,20131028,20131031 
Number is 71 
G.7.1_index_1_VS_G.5.6_index_1 [20] 
Ngay: 20130923,20130924,20130926,20130928,20131001,20131004,20131005,20131006,20131007,20131008,20131009,20131011,20131013,20131014,20131016,20131017,20131018,20131019,20131020,20131022,20131024,20131027,20131028,20131031 
Number is 72 
G.5.6_index_4_VS_G.5.4_index_1 [21] 
Ngay: 20130923,20130927,20130928,20131001,20131002,20131004,20131005,20131006,20131007,20131008,20131009,20131012,20131013,20131014,20131015,20131016,20131018,20131024,20131025,20131030,20131031 
Number is 77 
G.5.6_index_4_VS_G.2.2_index_2 [22] 
Ngay: 20130923,20130924,20130926,20130927,20130929,20130930,20131001,20131004,20131005,20131006,20131007,20131008,20131009,20131011,20131012,20131014,20131015,20131018,20131019,20131020,20131022,20131023,20131024,20131026,20131028,20131029 
G.5.4_index_3_VS_G.2.2_index_2 [23] 
Ngay: 20130924,20130925,20130926,20130927,20131004,20131005,20131006,20131007,20131008,20131009,20131011,20131012,20131014,20131016,20131019,20131020,20131029,20131031 
Number is 79 
G.5.3_index_4_VS_G.5.5_index_2 [24] 
Ngay: 20130927,20131002,20131004,20131005,20131006,20131007,20131008,20131009,20131010,20131013,20131021,20131026,20131028,20131031 
Number is 80 
G.1.1_index_5_VS_G.2.1_index_1 [25] 
Ngay: 20131004,20131005,20131006,20131007,20131008,20131009,20131018,20131020,20131024,20131025,20131026,20131027,20131028,20131029,20131030 
G.DB_index_5_VS_G.4.4_index_4 [26] 
Ngay: 20130924,20130926,20130929,20130930,20131004,20131005,20131006,20131007,20131008,20131009,20131010,20131011,20131012,20131013,20131018,20131021,20131022,20131024,20131026,20131027 
Number is 84 
G.6.1_index_1_VS_G.2.2_index_1 [27] 
Ngay: 20130928,20131002,20131004,20131005,20131006,20131007,20131008,20131009,20131011,20131013,20131015,20131016,20131017,20131030 
Number is 89 
G.4.4_index_1_VS_G.DB_index_2 [28] 
Ngay: 20130923,20130924,20130925,20130928,20130930,20131001,20131004,20131005,20131006,20131007,20131008,20131009,20131016,20131018,20131020,20131021,20131026,20131027 
Number is 90 
G.5.5_index_2_VS_G.4.4_index_4 [29] 
Ngay: 20130923,20130926,20130927,20130929,20131004,20131005,20131006,20131007,20131008,20131009,20131012,20131013,20131023,20131025,20131026,20131029,20131030 
G.5.3_index_1_VS_G.2.1_index_1 [30] 
Ngay: 20130924,20130925,20130926,20130928,20130930,20131002,20131003,20131004,20131005,20131006,20131007,20131008,20131009,20131012,20131017,20131019,20131021,20131024,20131025 
Number is 91 
G.5.3_index_1_VS_G.3.4_index_1 [31] 
Ngay: 20130925,20130927,20130928,20130930,20131002,20131004,20131005,20131006,20131007,20131008,20131009,20131011,20131015,20131023,20131024,20131026,20131030 
Number is 93 
G.4.3_index_2_VS_G.4.4_index_3 [32] 
Ngay: 20130923,20130929,20130930,20131004,20131005,20131006,20131007,20131008,20131009,20131012,20131013,20131016,20131022,20131024,20131028,20131029,20131030,20131031 
Number is 95 
G.1.1_index_1_VS_G.4.3_index_3 [33] 
Ngay: 20130927,20130929,20131001,20131002,20131003,20131004,20131005,20131006,20131007,20131008,20131009,20131011,20131012,20131015,20131016,20131019,20131025 
Number is 97 
G.3.4_index_2_VS_G.3.5_index_5 [34] 
Ngay: 20130925,20130927,20130928,20130929,20130930,20131001,20131003,20131004,20131005,20131006,20131007,20131008,20131009,20131018,20131020,20131024,20131025,20131030 
