======== Current: 20131024 ========= 
Number is 18 
G.6.1_index_2_VS_G.3.5_index_3 [1] 
20130926,20131001,20131002,20131011,20131018,20131019,20131020,20131021,20131022,20131023,20131026,20131027,20131029,20131031 
Number is 33 
G.5.2_index_1_VS_G.3.5_index_1 [2] 
20130924,20130926,20130928,20131002,20131008,20131018,20131019,20131020,20131021,20131022,20131023 
Number is 44 
G.7.1_index_1_VS_G.2.2_index_5 [3] PLUS 1 
20130924,20130925,20130926,20130927,20130929,20131001,20131004,20131007,20131008,20131009,20131013,20131018,20131019,20131020,20131021,20131022,20131023,20131024,20131028 
G.7.1_index_1_VS_G.7.3_index_2 [4] PLUS 1 
20130923,20130925,20130926,20130927,20130928,20131002,20131003,20131007,20131011,20131013,20131014,20131015,20131017,20131018,20131019,20131020,20131021,20131022,20131023,20131024,20131028,20131030 
Number is 48 
G.1.1_index_3_VS_G.7.2_index_2 [5] PLUS 1 
20130925,20130927,20130928,20130929,20131002,20131012,20131014,20131016,20131017,20131018,20131019,20131020,20131021,20131022,20131023,20131024,20131025,20131026,20131030,20131031 
Number is 69 
G.1.1_index_1_VS_G.5.6_index_2 [6] 
20130923,20130926,20130927,20130928,20130929,20130930,20131002,20131003,20131005,20131006,20131007,20131010,20131011,20131012,20131013,20131015,20131016,20131018,20131019,20131020,20131021,20131022,20131023,20131025,20131026,20131029,20131030,20131031 
Number is 76 
G.7.1_index_2_VS_G.2.2_index_2 [7] 
20130923,20130924,20130925,20130927,20130929,20131002,20131008,20131012,20131013,20131014,20131016,20131017,20131018,20131019,20131020,20131021,20131022,20131023,20131031 
Number is 77 
G.6.1_index_3_VS_G.5.4_index_2 [8] 
20130924,20130925,20130926,20130927,20130929,20131003,20131004,20131005,20131006,20131011,20131012,20131013,20131015,20131017,20131018,20131019,20131020,20131021,20131022,20131023,20131025,20131027,20131028 
Number is 83 
G.3.6_index_4_VS_G.3.4_index_5 [9] PLUS 1 
20130925,20130926,20130927,20130928,20130930,20131006,20131007,20131008,20131009,20131011,20131012,20131015,20131016,20131018,20131019,20131020,20131021,20131022,20131023,20131024,20131025,20131026,20131027,20131028,20131029,20131030 
Number is 84 
G.3.1_index_5_VS_G.7.3_index_2 [10] PLUS 1 
20130923,20130927,20130929,20130930,20131002,20131003,20131005,20131008,20131010,20131013,20131015,20131018,20131019,20131020,20131021,20131022,20131023,20131024,20131026,20131028,20131029 
Number is 89 
G.DB_index_5_VS_G.3.3_index_4 [11] 
20130924,20130926,20130929,20130930,20131002,20131004,20131005,20131008,20131012,20131013,20131017,20131018,20131019,20131020,20131021,20131022,20131023,20131027,20131028,20131029,20131031 
Number is 97 
G.3.3_index_3_VS_G.3.1_index_4 [12] PLUS 1 
20130926,20130927,20130929,20131001,20131003,20131009,20131010,20131011,20131012,20131014,20131015,20131018,20131019,20131020,20131021,20131022,20131023,20131024,20131025,20131026,20131030 
Number is 98 
G.7.4_index_2_VS_G.2.2_index_4 [13] 
20130925,20130927,20130929,20131004,20131008,20131009,20131010,20131011,20131012,20131013,20131015,20131018,20131019,20131020,20131021,20131022,20131023,20131029,20131030 
