======== Current: 20131025 ========= 
Number is 08 
G.2.2_index_1_VS_G.7.3_index_2 [1] 
20131003,20131007,20131013,20131014,20131016,20131017,20131019,20131020,20131021,20131022,20131023,20131024,20131026,20131027,20131029,20131030 
Number is 22 
G.1.1_index_3_VS_G.7.2_index_2 [2] PLUS 1 
20130925,20130927,20130928,20130929,20131002,20131012,20131014,20131016,20131017,20131018,20131019,20131020,20131021,20131022,20131023,20131024,20131025,20131026,20131030,20131031 
G.3.3_index_3_VS_G.3.1_index_4 [3] PLUS 1 
20130926,20130927,20130929,20131001,20131003,20131009,20131010,20131011,20131012,20131014,20131015,20131018,20131019,20131020,20131021,20131022,20131023,20131024,20131025,20131026,20131030 
Number is 24 
G.4.2_index_1_VS_G.3.3_index_4 [4] 
20130928,20130930,20131001,20131002,20131003,20131005,20131008,20131011,20131012,20131019,20131020,20131021,20131022,20131023,20131024,20131028 
Number is 25 
G.4.3_index_2_VS_G.4.3_index_1 [5] 
20130926,20131002,20131004,20131011,20131012,20131013,20131015,20131019,20131020,20131021,20131022,20131023,20131024,20131029 
Number is 26 
G.1.1_index_3_VS_G.2.2_index_3 [6] PLUS 1 
20130923,20130924,20130926,20131004,20131005,20131011,20131017,20131019,20131020,20131021,20131022,20131023,20131024,20131025,20131026,20131028,20131030 
Number is 29 
G.4.4_index_1_VS_G.5.4_index_4 [7] 
20130925,20130926,20130927,20130928,20130930,20131001,20131002,20131005,20131006,20131014,20131016,20131019,20131020,20131021,20131022,20131023,20131024,20131029,20131030,20131031 
Number is 38 
G.7.1_index_1_VS_G.2.2_index_5 [8] 
20130924,20130925,20130926,20130927,20130929,20131001,20131004,20131007,20131008,20131009,20131013,20131018,20131019,20131020,20131021,20131022,20131023,20131024,20131028 
G.7.1_index_1_VS_G.7.3_index_2 [9] 
20130923,20130925,20130926,20130927,20130928,20131002,20131003,20131007,20131011,20131013,20131014,20131015,20131017,20131018,20131019,20131020,20131021,20131022,20131023,20131024,20131028,20131030 
G.3.1_index_5_VS_G.7.3_index_2 [10] 
20130923,20130927,20130929,20130930,20131002,20131003,20131005,20131008,20131010,20131013,20131015,20131018,20131019,20131020,20131021,20131022,20131023,20131024,20131026,20131028,20131029 
Number is 41 
G.7.4_index_2_VS_G.5.6_index_4 [11] PLUS 1 
20130923,20130926,20130927,20130929,20131001,20131002,20131003,20131008,20131009,20131011,20131012,20131013,20131014,20131015,20131016,20131017,20131019,20131020,20131021,20131022,20131023,20131024,20131025,20131028,20131029 
Number is 42 
G.4.1_index_4_VS_G.7.2_index_2 [12] 
20130927,20130928,20130929,20130930,20131001,20131004,20131008,20131010,20131016,20131019,20131020,20131021,20131022,20131023,20131024,20131026 
Number is 44 
G.4.1_index_4_VS_G.2.2_index_4 [13] 
20130927,20130929,20131001,20131002,20131008,20131012,20131014,20131015,20131019,20131020,20131021,20131022,20131023,20131024,20131030 
G.5.4_index_3_VS_G.1.1_index_4 [14] 
20130924,20130925,20131001,20131002,20131006,20131008,20131011,20131012,20131013,20131019,20131020,20131021,20131022,20131023,20131024,20131031 
Number is 47 
G.4.1_index_4_VS_G.4.4_index_3 [15] 
20130928,20130929,20130930,20131006,20131008,20131010,20131013,20131017,20131019,20131020,20131021,20131022,20131023,20131024,20131030 
Number is 48 
G.4.1_index_4_VS_G.5.5_index_4 [16] 
20130923,20130925,20130927,20130928,20131001,20131004,20131009,20131011,20131012,20131014,20131015,20131016,20131017,20131019,20131020,20131021,20131022,20131023,20131024,20131030,20131031 
Number is 49 
G.DB_index_5_VS_G.3.5_index_1 [17] 
20130925,20130926,20130927,20130929,20130930,20131004,20131005,20131009,20131017,20131019,20131020,20131021,20131022,20131023,20131024,20131026,20131028,20131030,20131031 
Number is 58 
G.3.6_index_4_VS_G.3.4_index_5 [18] PLUS 1 
20130925,20130926,20130927,20130928,20130930,20131006,20131007,20131008,20131009,20131011,20131012,20131015,20131016,20131018,20131019,20131020,20131021,20131022,20131023,20131024,20131025,20131026,20131027,20131028,20131029,20131030 
Number is 59 
G.3.6_index_4_VS_G.3.5_index_1 [19] 
20130924,20130925,20130927,20130929,20131001,20131003,20131005,20131006,20131008,20131013,20131016,20131019,20131020,20131021,20131022,20131023,20131024,20131026,20131028,20131030 
Number is 64 
G.5.2_index_1_VS_G.1.1_index_4 [20] PLUS 1 
20130924,20130925,20130928,20130930,20131002,20131004,20131009,20131010,20131013,20131017,20131019,20131020,20131021,20131022,20131023,20131024,20131025 
Number is 73 
G.3.5_index_5_VS_G.3.1_index_1 [21] PLUS 1 
20130925,20130929,20131003,20131004,20131009,20131012,20131016,20131019,20131020,20131021,20131022,20131023,20131024,20131025,20131027,20131029 
Number is 82 
G.2.2_index_5_VS_G.3.3_index_3 [22] 
20130923,20130924,20130926,20130927,20130929,20130930,20131001,20131003,20131007,20131008,20131009,20131010,20131011,20131012,20131014,20131016,20131019,20131020,20131021,20131022,20131023,20131024,20131029,20131031 
Number is 84 
G.3.4_index_5_VS_G.2.1_index_1 [23] 
20130924,20130928,20131006,20131007,20131008,20131010,20131012,20131014,20131016,20131019,20131020,20131021,20131022,20131023,20131024,20131026,20131028,20131029,20131030 
Number is 85 
G.3.4_index_5_VS_G.5.4_index_2 [24] PLUS 1 
20130924,20130925,20130926,20130928,20130929,20130930,20131001,20131004,20131006,20131011,20131015,20131017,20131019,20131020,20131021,20131022,20131023,20131024,20131025,20131027,20131031 
Number is 89 
G.2.2_index_5_VS_G.2.1_index_4 [25] PLUS 1 
20130923,20130924,20130927,20131003,20131004,20131005,20131007,20131008,20131010,20131011,20131014,20131017,20131019,20131020,20131021,20131022,20131023,20131024,20131025,20131028,20131031 
Number is 92 
G.3.2_index_1_VS_G.6.3_index_1 [26] 
20130923,20130926,20130927,20130928,20130929,20131002,20131003,20131006,20131007,20131008,20131010,20131016,20131019,20131020,20131021,20131022,20131023,20131024,20131026,20131028,20131029,20131030,20131031 
