======== Current: 20131031 ========= 
Number is 08 
G.4.2_index_4_VS_G.7.1_index_1 [1] 
20130924,20130926,20130927,20130928,20130930,20131001,20131002,20131004,20131008,20131009,20131013,20131018,20131019,20131023,20131024,20131025,20131026,20131027,20131028,20131029,20131030 
Number is 14 
G.DB_index_3_VS_G.5.5_index_1 [2] PLUS 1 
20130923,20130926,20130927,20130930,20131002,20131003,20131004,20131005,20131008,20131009,20131012,20131016,20131017,20131020,20131021,20131024,20131025,20131026,20131027,20131028,20131029,20131030,20131031 
G.DB_index_3_VS_G.5.5_index_4 [3] PLUS 1 
20130923,20130927,20130929,20130930,20131002,20131006,20131007,20131008,20131012,20131016,20131021,20131022,20131023,20131025,20131026,20131027,20131028,20131029,20131030,20131031 
Number is 17 
G.DB_index_3_VS_G.7.3_index_2 [4] 
20130923,20130924,20130927,20130929,20130930,20131002,20131003,20131005,20131006,20131010,20131011,20131013,20131014,20131015,20131017,20131019,20131024,20131025,20131026,20131027,20131028,20131029,20131030 
Number is 26 
G.5.2_index_3_VS_G.5.1_index_4 [5] 
20130925,20130926,20130927,20130928,20131001,20131002,20131003,20131006,20131008,20131009,20131016,20131018,20131020,20131025,20131026,20131027,20131028,20131029,20131030 
Number is 36 
G.4.2_index_3_VS_G.1.1_index_1 [6] 
20130926,20130927,20130929,20130930,20131002,20131004,20131006,20131007,20131009,20131010,20131011,20131012,20131013,20131014,20131015,20131016,20131019,20131025,20131026,20131027,20131028,20131029,20131030 
Number is 37 
G.5.1_index_2_VS_G.3.6_index_5 [7] PLUS 1 
20130925,20130927,20131002,20131007,20131016,20131018,20131024,20131025,20131026,20131027,20131028,20131029,20131030,20131031 
Number is 42 
G.5.1_index_3_VS_G.3.3_index_5 [8] PLUS 1 
20130926,20130927,20131001,20131002,20131003,20131007,20131012,20131013,20131014,20131018,20131024,20131025,20131026,20131027,20131028,20131029,20131030,20131031 
Number is 47 
G.3.3_index_2_VS_G.1.1_index_5 [9] PLUS 1 
20130924,20130925,20130926,20130928,20130929,20131004,20131005,20131008,20131014,20131016,20131018,20131020,20131021,20131023,20131025,20131026,20131027,20131028,20131029,20131030,20131031 
Number is 53 
G.2.2_index_3_VS_G.4.2_index_3 [10] 
20130923,20130926,20130927,20130930,20131003,20131004,20131005,20131012,20131013,20131019,20131023,20131025,20131026,20131027,20131028,20131029,20131030 
G.2.2_index_3_VS_G.6.2_index_3 [11] 
20130923,20130930,20131001,20131004,20131007,20131013,20131025,20131026,20131027,20131028,20131029,20131030 
Number is 57 
G.3.6_index_4_VS_G.3.4_index_5 [12] 
20130925,20130926,20130927,20130928,20130930,20131006,20131007,20131008,20131009,20131011,20131012,20131015,20131016,20131018,20131019,20131020,20131021,20131022,20131023,20131024,20131025,20131026,20131027,20131028,20131029,20131030 
G.5.3_index_1_VS_G.4.1_index_2 [13] 
20130925,20130926,20130927,20130928,20130929,20131001,20131004,20131008,20131010,20131015,20131020,20131023,20131025,20131026,20131027,20131028,20131029,20131030 
Number is 59 
G.2.2_index_3_VS_G.3.1_index_2 [14] PLUS 1 
20130923,20130925,20131001,20131003,20131004,20131005,20131007,20131011,20131012,20131014,20131016,20131017,20131020,20131023,20131025,20131026,20131027,20131028,20131029,20131030,20131031 
Number is 68 
G.1.1_index_1_VS_G.3.1_index_4 [15] 
20130923,20130925,20130927,20131007,20131011,20131012,20131017,20131018,20131019,20131021,20131025,20131026,20131027,20131028,20131029,20131030 
Number is 71 
G.5.2_index_2_VS_G.2.2_index_1 [16] 
20130923,20130924,20130925,20130926,20130927,20130929,20131004,20131007,20131008,20131011,20131016,20131017,20131022,20131023,20131024,20131025,20131026,20131027,20131028,20131029,20131030 
Number is 77 
G.1.1_index_5_VS_G.2.1_index_1 [17] 
20131004,20131005,20131006,20131007,20131008,20131009,20131018,20131020,20131024,20131025,20131026,20131027,20131028,20131029,20131030 
Number is 79 
G.2.1_index_1_VS_G.4.1_index_1 [18] PLUS 1 
20130925,20130926,20130927,20131003,20131005,20131009,20131014,20131017,20131019,20131025,20131026,20131027,20131028,20131029,20131030,20131031 
Number is 83 
G.4.4_index_2_VS_G.3.5_index_5 [19] 
20130926,20130928,20131003,20131004,20131014,20131015,20131018,20131019,20131020,20131022,20131023,20131024,20131025,20131026,20131027,20131028,20131029,20131030 
