Last Date = 20130813
Number is 02
G.6.3_index_2_VS_G.6.2_index_3[1] 
Ngay: 20130625,20130628,20130702,20130703,20130706,20130707,20130708,20130709,20130711,20130712,20130717,20130719,20130721,20130723,20130726,20130727,20130729,20130730,20130805,20130806,20130807,20130808,20130809,20130810,20130811,20130812
Number is 03
G.3.5_index_3_VS_G.6.3_index_3[2] 
Ngay: 20130625,20130626,20130627,20130630,20130702,20130705,20130707,20130708,20130709,20130710,20130712,20130714,20130722,20130723,20130725,20130730,20130801,20130802,20130806,20130807,20130808,20130809,20130810,20130811,20130812
Number is 08
G.5.3_index_2_VS_G.1.1_index_4[3] 
Ngay: 20130624,20130625,20130626,20130701,20130705,20130707,20130708,20130713,20130714,20130717,20130718,20130719,20130720,20130726,20130728,20130802,20130804,20130805,20130806,20130807,20130808,20130809,20130810,20130811
Number is 10
G.4.4_index_4_VS_G.3.5_index_3[4] 
Ngay: 20130626,20130627,20130628,20130629,20130630,20130705,20130706,20130707,20130708,20130717,20130718,20130723,20130724,20130726,20130729,20130731,20130801,20130804,20130806,20130807,20130808,20130809,20130810,20130811
Number is 23
G.5.5_index_1_VS_G.5.3_index_4[5] 
Ngay: 20130624,20130626,20130630,20130701,20130705,20130706,20130708,20130709,20130711,20130724,20130728,20130729,20130801,20130804,20130806,20130807,20130808,20130809,20130810,20130811,20130812
Number is 24
G.6.2_index_3_VS_G.2.2_index_2[6] 
Ngay: 20130629,20130630,20130708,20130709,20130711,20130723,20130725,20130727,20130805,20130806,20130807,20130808,20130809,20130810,20130811
Number is 29
G.5.5_index_1_VS_G.6.2_index_2[7] 
Ngay: 20130625,20130704,20130706,20130707,20130708,20130710,20130713,20130714,20130715,20130716,20130719,20130720,20130722,20130724,20130727,20130729,20130805,20130806,20130807,20130808,20130809,20130810,20130811
G.4.3_index_2_VS_G.2.1_index_5[8] 
Ngay: 20130624,20130626,20130627,20130701,20130702,20130709,20130711,20130715,20130716,20130717,20130719,20130724,20130725,20130728,20130729,20130730,20130802,20130805,20130806,20130807,20130808,20130809,20130810,20130811,20130812
Number is 31
G.1.1_index_3_VS_G.4.4_index_4[9] 
Ngay: 20130624,20130629,20130630,20130702,20130705,20130706,20130708,20130709,20130711,20130715,20130717,20130720,20130721,20130723,20130725,20130727,20130729,20130730,20130731,20130806,20130807,20130808,20130809,20130810,20130811
Number is 38
G.3.6_index_3_VS_G.1.1_index_4[10] 
Ngay: 20130626,20130627,20130628,20130629,20130630,20130704,20130705,20130707,20130710,20130712,20130714,20130715,20130717,20130719,20130720,20130726,20130727,20130728,20130729,20130731,20130806,20130807,20130808,20130809,20130810,20130811
Number is 42
G.5.6_index_4_VS_G.5.5_index_1[11] 
Ngay: 20130624,20130626,20130627,20130628,20130708,20130710,20130714,20130721,20130726,20130727,20130730,20130803,20130806,20130807,20130808,20130809,20130810,20130811
Number is 50
G.3.5_index_4_VS_G.6.3_index_2[12] 
Ngay: 20130624,20130627,20130630,20130701,20130705,20130706,20130707,20130708,20130712,20130714,20130716,20130717,20130718,20130719,20130720,20130722,20130723,20130724,20130725,20130728,20130729,20130801,20130806,20130807,20130808,20130809,20130810,20130811
Number is 52
G.3.6_index_1_VS_G.6.2_index_3[13] 
Ngay: 20130628,20130702,20130705,20130708,20130712,20130719,20130720,20130724,20130726,20130727,20130805,20130806,20130807,20130808,20130809,20130810,20130811
Number is 63
G.3.6_index_2_VS_G.1.1_index_3[14] 
Ngay: 20130624,20130626,20130629,20130708,20130710,20130711,20130712,20130719,20130723,20130725,20130727,20130730,20130802,20130804,20130806,20130807,20130808,20130809,20130810,20130811,20130812
Number is 69
G.3.2_index_5_VS_G.3.2_index_1[15] 
Ngay: 20130625,20130626,20130629,20130630,20130708,20130712,20130713,20130714,20130715,20130716,20130717,20130722,20130725,20130726,20130729,20130731,20130805,20130806,20130807,20130808,20130809,20130810,20130811
Number is 83
G.5.1_index_3_VS_G.5.3_index_4[16] 
Ngay: 20130624,20130625,20130626,20130627,20130628,20130630,20130701,20130702,20130705,20130708,20130709,20130711,20130720,20130723,20130727,20130728,20130729,20130731,20130803,20130806,20130807,20130808,20130809,20130810,20130811,20130812
Number is 88
G.3.6_index_4_VS_G.5.1_index_3[17] 
Ngay: 20130624,20130626,20130628,20130702,20130703,20130705,20130706,20130708,20130710,20130711,20130712,20130714,20130716,20130720,20130721,20130724,20130727,20130728,20130729,20130731,20130806,20130807,20130808,20130809,20130810,20130811
Number is 89
G.5.1_index_3_VS_G.5.5_index_4[18] 
Ngay: 20130624,20130625,20130626,20130627,20130628,20130703,20130704,20130708,20130709,20130712,20130715,20130716,20130719,20130720,20130722,20130723,20130724,20130730,20130803,20130806,20130807,20130808,20130809,20130810,20130811
Number is 90
G.2.1_index_5_VS_G.6.3_index_2[19] 
Ngay: 20130626,20130630,20130706,20130707,20130710,20130711,20130712,20130713,20130717,20130720,20130723,20130724,20130725,20130730,20130801,20130803,20130806,20130807,20130808,20130809,20130810,20130811
Number is 93
G.5.5_index_4_VS_G.3.1_index_4[20] 
Ngay: 20130624,20130628,20130703,20130704,20130705,20130709,20130710,20130711,20130713,20130714,20130715,20130716,20130720,20130722,20130727,20130728,20130730,20130806,20130807,20130808,20130809,20130810,20130811
Number is 99
G.5.5_index_4_VS_G.2.1_index_3[21] 
Ngay: 20130626,20130628,20130629,20130630,20130704,20130711,20130712,20130714,20130721,20130724,20130728,20130729,20130805,20130806,20130807,20130808,20130809,20130810,20130811
