======== Current: 20120201 ========= 
Number is 02 
G.5.3_index_3_VS_G.3.2_index_1 [1] PLUS 1 
20120126,20120127,20120128,20120129,20120130,20120131,20120201,20120202,20120203,20120204,20120205,20120206,20120207,20120208,20120212,20120213,20120215,20120217,20120220,20120223,20120226,20120229 
Number is 03 
G.5.1_index_3_VS_G.5.6_index_4 [2] 
20120126,20120127,20120128,20120129,20120130,20120131,20120208,20120209,20120212,20120213,20120220,20120221,20120228,20120229,20120301 
Number is 14 
G.5.6_index_1_VS_G.1.1_index_5 [3] PLUS 1 
20120126,20120127,20120128,20120129,20120130,20120131,20120201,20120202,20120203,20120204,20120205,20120208,20120211,20120217,20120219,20120222,20120224,20120225,20120301 
Number is 24 
G.3.4_index_3_VS_G.3.1_index_3 [4] PLUS 1 
20120126,20120127,20120128,20120129,20120130,20120131,20120201,20120202,20120203,20120204,20120208,20120211,20120214,20120216,20120217,20120218,20120221,20120223,20120228,20120229 
Number is 31 
G.4.3_index_1_VS_G.4.1_index_1 [5] 
20120126,20120127,20120128,20120129,20120130,20120131,20120202,20120203,20120206,20120212,20120213,20120214,20120215,20120217,20120221,20120223,20120225,20120227,20120301 
Number is 42 
G.1.1_index_5_VS_G.4.4_index_3 [6] PLUS 1 
20120126,20120127,20120128,20120129,20120130,20120131,20120201,20120203,20120205,20120206,20120207,20120210,20120215,20120218,20120219,20120223,20120225,20120226,20120227,20120228,20120229,20120301 
G.6.3_index_1_VS_G.3.2_index_1 [7] PLUS 1 
20120126,20120127,20120128,20120129,20120130,20120131,20120201,20120202,20120205,20120215,20120220,20120224,20120225 
Number is 43 
G.1.1_index_5_VS_G.4.3_index_2 [8] 
20120126,20120127,20120128,20120129,20120130,20120131,20120203,20120206,20120211,20120213,20120215,20120223,20120225,20120226,20120227,20120229,20120301 
Number is 44 
G.5.4_index_2_VS_G.7.2_index_1 [9] 
20120126,20120127,20120128,20120129,20120130,20120131,20120205,20120206,20120209,20120211,20120214,20120220,20120223,20120226 
G.6.3_index_1_VS_G.1.1_index_5 [10] 
20120126,20120127,20120128,20120129,20120130,20120131,20120207,20120210,20120215,20120216,20120221,20120223,20120225,20120228,20120301 
Number is 45 
G.7.2_index_1_VS_G.3.5_index_1 [11] 
20120126,20120127,20120128,20120129,20120130,20120131,20120202,20120208,20120213,20120214,20120215,20120216,20120219,20120221,20120227,20120228 
Number is 47 
G.1.1_index_1_VS_G.7.3_index_2 [12] PLUS 1 
20120126,20120127,20120128,20120129,20120130,20120131,20120201,20120202,20120204,20120206,20120207,20120209,20120212,20120213,20120214,20120215,20120217,20120219,20120221,20120222,20120225,20120226 
G.1.1_index_1_VS_G.6.1_index_1 [13] PLUS 1 
20120126,20120127,20120128,20120129,20120130,20120131,20120201,20120202,20120204,20120206,20120207,20120209,20120217,20120220,20120222,20120227,20120229,20120301 
G.3.3_index_2_VS_G.DB_index_5 [14] PLUS 1 
20120126,20120127,20120128,20120129,20120130,20120131,20120201,20120203,20120204,20120205,20120210,20120211,20120216,20120223,20120224,20120225,20120226,20120301 
G.3.5_index_3_VS_G.6.1_index_1 [15] PLUS 1 
20120126,20120127,20120128,20120129,20120130,20120131,20120201,20120202,20120204,20120208,20120209,20120211,20120212,20120214,20120216,20120217,20120218,20120219,20120224,20120228,20120229 
Number is 53 
G.3.5_index_1_VS_G.3.3_index_5 [16] PLUS 1 
20120126,20120127,20120128,20120129,20120130,20120131,20120201,20120202,20120206,20120208,20120210,20120211,20120212,20120214,20120220,20120228,20120229 
Number is 57 
G.4.1_index_3_VS_G.5.4_index_1 [17] PLUS 1 
20120126,20120127,20120128,20120129,20120130,20120131,20120201,20120204,20120207,20120209,20120212,20120213,20120214,20120217,20120219,20120220,20120221,20120226,20120229 
Number is 58 
G.3.4_index_5_VS_G.7.1_index_2 [18] 
20120126,20120127,20120128,20120129,20120130,20120131,20120202,20120204,20120206,20120207,20120208,20120209,20120210,20120212,20120214,20120219,20120221,20120222,20120223,20120226,20120229,20120301 
Number is 59 
G.4.2_index_2_VS_G.4.2_index_3 [19] PLUS 1 
20120126,20120127,20120128,20120129,20120130,20120131,20120201,20120202,20120205,20120207,20120209,20120210,20120215,20120218,20120220,20120221,20120222,20120223,20120224,20120226 
Number is 64 
G.3.5_index_5_VS_G.1.1_index_1 [20] PLUS 1 
20120126,20120127,20120128,20120129,20120130,20120131,20120201,20120202,20120207,20120208,20120210,20120211,20120216,20120217,20120218,20120219,20120227,20120301 
Number is 65 
G.6.2_index_3_VS_G.2.1_index_1 [21] 
20120126,20120127,20120128,20120129,20120130,20120131,20120202,20120203,20120207,20120212,20120213,20120214,20120215,20120217,20120218,20120219,20120223,20120228 
Number is 66 
G.1.1_index_2_VS_G.6.1_index_3 [22] 
20120126,20120127,20120128,20120129,20120130,20120131,20120212,20120214,20120218,20120223,20120301 
Number is 67 
G.3.5_index_5_VS_G.3.2_index_3 [23] 
20120126,20120127,20120128,20120129,20120130,20120131,20120203,20120205,20120206,20120208,20120210,20120212,20120217,20120218,20120220,20120222,20120223,20120225,20120226,20120227,20120228,20120229,20120301 
G.1.1_index_2_VS_G.DB_index_5 [24] 
20120126,20120127,20120128,20120129,20120130,20120131,20120204,20120207,20120209,20120211,20120217,20120218,20120221,20120222 
G.3.5_index_5_VS_G.5.4_index_3 [25] 
20120126,20120127,20120128,20120129,20120130,20120131,20120202,20120203,20120204,20120211,20120213,20120215,20120216,20120217,20120218,20120219,20120223,20120301 
Number is 68 
G.3.5_index_5_VS_G.3.3_index_4 [26] 
20120126,20120127,20120128,20120129,20120130,20120131,20120210,20120211,20120212,20120217,20120218,20120219,20120221,20120222,20120223,20120225,20120227 
G.3.5_index_5_VS_G.5.5_index_2 [27] 
20120126,20120127,20120128,20120129,20120130,20120131,20120202,20120203,20120207,20120211,20120216,20120218,20120220,20120223,20120224,20120225,20120227,20120228,20120229 
Number is 69 
G.3.5_index_5_VS_G.2.2_index_5 [28] 
20120126,20120127,20120128,20120129,20120130,20120131,20120204,20120208,20120210,20120211,20120213,20120220,20120221,20120223,20120224,20120225,20120229 
Number is 71 
G.5.4_index_3_VS_G.5.6_index_2 [29] 
20120126,20120127,20120128,20120129,20120130,20120131,20120202,20120203,20120207,20120211,20120215,20120216,20120217,20120221,20120222,20120224,20120227,20120228,20120229,20120301 
Number is 73 
G.5.4_index_3_VS_G.5.6_index_4 [30] PLUS 1 
20120126,20120127,20120128,20120129,20120130,20120131,20120201,20120203,20120204,20120205,20120206,20120209,20120210,20120212,20120213,20120215,20120216,20120218,20120221,20120225,20120229,20120301 
Number is 77 
G.3.2_index_3_VS_G.6.1_index_1 [31] 
20120126,20120127,20120128,20120129,20120130,20120131,20120203,20120207,20120209,20120211,20120216,20120222,20120226,20120227,20120228 
Number is 78 
G.6.1_index_1_VS_G.5.5_index_2 [32] PLUS 1 
20120126,20120127,20120128,20120129,20120130,20120131,20120201,20120203,20120204,20120209,20120212,20120216,20120217,20120225,20120227 
Number is 81 
G.6.2_index_2_VS_G.5.6_index_3 [33] 
20120126,20120127,20120128,20120129,20120130,20120131,20120203,20120207,20120208,20120209,20120210,20120220,20120221,20120224,20120225,20120226,20120227,20120228,20120229,20120301 
Number is 83 
G.3.3_index_4_VS_G.5.6_index_4 [34] PLUS 1 
20120126,20120127,20120128,20120129,20120130,20120131,20120201,20120205,20120206,20120209,20120210,20120216,20120220,20120221,20120225,20120227,20120229,20120301 
Number is 84 
G.5.5_index_2_VS_G.3.3_index_2 [35] 
20120126,20120127,20120128,20120129,20120130,20120131,20120203,20120204,20120208,20120211,20120216,20120219,20120220,20120221,20120224 
Number is 88 
G.6.2_index_2_VS_G.3.3_index_4 [36] 
20120126,20120127,20120128,20120129,20120130,20120131,20120202,20120204,20120208,20120209,20120210,20120212,20120219,20120220,20120221,20120223,20120225,20120226 
Number is 89 
G.3.3_index_1_VS_G.7.4_index_2 [37] 
20120126,20120127,20120128,20120129,20120130,20120131,20120202,20120203,20120204,20120206,20120207,20120209,20120211,20120212,20120214,20120216,20120217,20120218,20120221,20120224,20120226,20120301 
Number is 97 
G.4.2_index_3_VS_G.5.4_index_1 [38] 
20120126,20120127,20120128,20120129,20120130,20120131,20120205,20120207,20120208,20120209,20120211,20120212,20120217,20120218,20120221 
