======== Current: 20120209 ========= 
Number is 08 
G.DB_index_5_VS_G.5.6_index_4 [1] 
20120126,20120128,20120129,20120131,20120201,20120203,20120204,20120205,20120206,20120207,20120208,20120210,20120214,20120216,20120217,20120221,20120225,20120226,20120227,20120228,20120229,20120301 
Number is 25 
G.3.2_index_1_VS_G.5.3_index_3 [2] 
20120126,20120127,20120128,20120129,20120130,20120131,20120201,20120202,20120203,20120204,20120205,20120206,20120207,20120208,20120212,20120213,20120215,20120217,20120220,20120223,20120226,20120229 
Number is 28 
G.1.1_index_1_VS_G.6.3_index_3 [3] PLUS 1 
20120127,20120131,20120202,20120203,20120204,20120205,20120206,20120207,20120208,20120209,20120210,20120214,20120215,20120216,20120217,20120218,20120219,20120221,20120223,20120225,20120228 
Number is 32 
G.3.1_index_2_VS_G.4.3_index_1 [4] PLUS 1 
20120128,20120202,20120203,20120204,20120205,20120206,20120207,20120208,20120209,20120212,20120215,20120216,20120217,20120218,20120221,20120223,20120225,20120226,20120227 
Number is 34 
G.6.2_index_2_VS_G.4.3_index_3 [5] 
20120127,20120130,20120131,20120202,20120203,20120204,20120205,20120206,20120207,20120208,20120210,20120217,20120219,20120221,20120223,20120229 
Number is 36 
G.6.1_index_1_VS_G.4.2_index_1 [6] PLUS 1 
20120126,20120127,20120131,20120203,20120204,20120205,20120206,20120207,20120208,20120209,20120210,20120212,20120214,20120215,20120217,20120218,20120220,20120224,20120226,20120228 
Number is 37 
G.3.6_index_4_VS_G.3.4_index_5 [7] PLUS 1 
20120127,20120128,20120129,20120130,20120201,20120203,20120204,20120205,20120206,20120207,20120208,20120209,20120211,20120213,20120215,20120217,20120218,20120219,20120220,20120221,20120226,20120229 
Number is 43 
G.3.6_index_1_VS_G.6.2_index_2 [8] 
20120127,20120131,20120202,20120203,20120204,20120205,20120206,20120207,20120208,20120210,20120213,20120215,20120217,20120220,20120221,20120228 
Number is 55 
G.5.3_index_3_VS_G.5.2_index_1 [9] PLUS 1 
20120126,20120129,20120130,20120131,20120203,20120204,20120205,20120206,20120207,20120208,20120209,20120210,20120211,20120212,20120216,20120220,20120221,20120223,20120227 
Number is 56 
G.5.6_index_1_VS_G.4.2_index_2 [10] PLUS 1 
20120126,20120127,20120129,20120130,20120201,20120203,20120204,20120205,20120206,20120207,20120208,20120209,20120210,20120211,20120213,20120214,20120215,20120216,20120218,20120224,20120227,20120301 
Number is 81 
G.4.1_index_4_VS_G.3.5_index_1 [11] 
20120127,20120128,20120201,20120203,20120204,20120205,20120206,20120207,20120208,20120220,20120223,20120226,20120227,20120229 
Number is 89 
G.5.6_index_4_VS_G.3.2_index_3 [12] PLUS 1 
20120127,20120128,20120129,20120201,20120203,20120204,20120205,20120206,20120207,20120208,20120209,20120211,20120216,20120220,20120222,20120224,20120225,20120227,20120228,20120301 
Number is 90 
G.3.2_index_3_VS_G.5.3_index_4 [13] 
20120126,20120127,20120129,20120130,20120201,20120202,20120203,20120204,20120205,20120206,20120207,20120208,20120210,20120211,20120213,20120221,20120223,20120224,20120226,20120228,20120229,20120301 
Number is 94 
G.4.1_index_2_VS_G.1.1_index_4 [14] PLUS 1 
20120126,20120130,20120131,20120202,20120203,20120204,20120205,20120206,20120207,20120208,20120209,20120210,20120211,20120215,20120216,20120217,20120218,20120220,20120221,20120222,20120223,20120224,20120227,20120228,20120301 
