======== Current: 20120210 ========= 
Number is 07 
G.4.1_index_2_VS_G.1.1_index_4 [1] PLUS 1 
20120126,20120130,20120131,20120202,20120203,20120204,20120205,20120206,20120207,20120208,20120209,20120210,20120211,20120215,20120216,20120217,20120218,20120220,20120221,20120222,20120223,20120224,20120227,20120228,20120301 
Number is 11 
G.6.2_index_1_VS_G.6.1_index_1 [2] 
20120126,20120127,20120201,20120204,20120205,20120206,20120207,20120208,20120209,20120211,20120212,20120213,20120217,20120219,20120220,20120225,20120227,20120228,20120229 
Number is 16 
G.6.1_index_1_VS_G.4.2_index_1 [3] PLUS 1 
20120126,20120127,20120131,20120203,20120204,20120205,20120206,20120207,20120208,20120209,20120210,20120212,20120214,20120215,20120217,20120218,20120220,20120224,20120226,20120228 
Number is 35 
G.7.2_index_2_VS_G.3.6_index_4 [4] 
20120126,20120128,20120129,20120201,20120202,20120204,20120205,20120206,20120207,20120208,20120209,20120213,20120214,20120215,20120216,20120217,20120218,20120221,20120223,20120226,20120228 
Number is 42 
G.5.6_index_1_VS_G.2.2_index_5 [5] PLUS 1 
20120126,20120127,20120128,20120130,20120201,20120202,20120204,20120205,20120206,20120207,20120208,20120209,20120210,20120218,20120219,20120220,20120224,20120225,20120226,20120229 
Number is 46 
G.5.6_index_1_VS_G.4.2_index_2 [6] PLUS 1 
20120126,20120127,20120129,20120130,20120201,20120203,20120204,20120205,20120206,20120207,20120208,20120209,20120210,20120211,20120213,20120214,20120215,20120216,20120218,20120224,20120227,20120301 
Number is 47 
G.3.1_index_3_VS_G.3.6_index_3 [7] 
20120129,20120202,20120204,20120205,20120206,20120207,20120208,20120209,20120211,20120212,20120214,20120223,20120224,20120226,20120228,20120229 
Number is 52 
G.1.1_index_1_VS_G.6.3_index_3 [8] PLUS 1 
20120127,20120131,20120202,20120203,20120204,20120205,20120206,20120207,20120208,20120209,20120210,20120214,20120215,20120216,20120217,20120218,20120219,20120221,20120223,20120225,20120228 
Number is 59 
G.3.6_index_4_VS_G.3.4_index_5 [9] 
20120127,20120128,20120129,20120130,20120201,20120203,20120204,20120205,20120206,20120207,20120208,20120209,20120211,20120213,20120215,20120217,20120218,20120219,20120220,20120221,20120226,20120229 
Number is 62 
G.5.6_index_4_VS_G.3.2_index_3 [10] 
20120127,20120128,20120129,20120201,20120203,20120204,20120205,20120206,20120207,20120208,20120209,20120211,20120216,20120220,20120222,20120224,20120225,20120227,20120228,20120301 
Number is 64 
G.5.3_index_3_VS_G.5.2_index_1 [11] PLUS 1 
20120126,20120129,20120130,20120131,20120203,20120204,20120205,20120206,20120207,20120208,20120209,20120210,20120211,20120212,20120216,20120220,20120221,20120223,20120227 
Number is 66 
G.5.3_index_3_VS_G.4.2_index_1 [12] 
20120126,20120129,20120131,20120201,20120204,20120205,20120206,20120207,20120208,20120209,20120216,20120220,20120221,20120223,20120226,20120228 
Number is 69 
G.5.3_index_3_VS_G.3.4_index_1 [13] PLUS 1 
20120127,20120128,20120130,20120204,20120205,20120206,20120207,20120208,20120209,20120210,20120211,20120212,20120214,20120218,20120219,20120223,20120228,20120229 
Number is 82 
G.3.1_index_2_VS_G.4.3_index_1 [14] 
20120128,20120202,20120203,20120204,20120205,20120206,20120207,20120208,20120209,20120212,20120215,20120216,20120217,20120218,20120221,20120223,20120225,20120226,20120227 
Number is 85 
G.2.1_index_4_VS_G.6.1_index_2 [15] 
20120130,20120201,20120202,20120204,20120205,20120206,20120207,20120208,20120209,20120211,20120212,20120217,20120218,20120219,20120220,20120221,20120225,20120228,20120301 
Number is 86 
G.3.1_index_2_VS_G.5.1_index_1 [16] 
20120126,20120201,20120204,20120205,20120206,20120207,20120208,20120209,20120212,20120213,20120221,20120223,20120225,20120229,20120301 
Number is 98 
G.4.4_index_4_VS_G.5.3_index_1 [17] PLUS 1 
20120126,20120127,20120130,20120201,20120202,20120204,20120205,20120206,20120207,20120208,20120209,20120210,20120215,20120218,20120223,20120226,20120229,20120301 
