======== Current: 20120214 ========= 
Number is 00 
G.4.1_index_4_VS_G.4.3_index_1 [1] 
20120128,20120129,20120130,20120131,20120202,20120203,20120204,20120208,20120209,20120210,20120211,20120212,20120213,20120215,20120217,20120223,20120224,20120225,20120229 
Number is 01 
G.3.6_index_5_VS_G.1.1_index_1 [2] PLUS 1 
20120129,20120204,20120207,20120208,20120209,20120210,20120211,20120212,20120213,20120214,20120215,20120217,20120218,20120219,20120222,20120226,20120228,20120229,20120301 
Number is 04 
G.5.2_index_2_VS_G.3.4_index_5 [3] 
20120127,20120129,20120130,20120131,20120202,20120204,20120205,20120208,20120209,20120210,20120211,20120212,20120213,20120215,20120216,20120218,20120219,20120221,20120222,20120225,20120226,20120227,20120228,20120301 
Number is 17 
G.DB_index_2_VS_G.3.1_index_3 [4] PLUS 1 
20120126,20120129,20120201,20120202,20120205,20120206,20120207,20120208,20120209,20120210,20120211,20120212,20120213,20120214,20120215,20120217,20120219,20120223 
Number is 18 
G.4.4_index_1_VS_G.5.1_index_2 [5] 
20120126,20120130,20120201,20120202,20120205,20120207,20120208,20120209,20120210,20120211,20120212,20120213,20120215,20120217,20120219,20120221,20120227,20120301 
Number is 23 
G.5.3_index_3_VS_G.DB_index_3 [6] 
20120126,20120127,20120130,20120131,20120205,20120208,20120209,20120210,20120211,20120212,20120213,20120215,20120218,20120219,20120225,20120227,20120228 
Number is 27 
G.7.3_index_2_VS_G.4.4_index_4 [7] 
20120126,20120128,20120129,20120201,20120208,20120209,20120210,20120211,20120212,20120213,20120216,20120217,20120219,20120225,20120301 
Number is 28 
G.5.5_index_3_VS_G.5.1_index_1 [8] 
20120126,20120127,20120130,20120201,20120203,20120206,20120208,20120209,20120210,20120211,20120212,20120213,20120216,20120218,20120221,20120227,20120228,20120301 
Number is 32 
G.3.5_index_2_VS_G.5.5_index_3 [9] 
20120128,20120129,20120131,20120201,20120203,20120207,20120208,20120209,20120210,20120211,20120212,20120213,20120215,20120218,20120221,20120223,20120224,20120301 
Number is 33 
G.6.2_index_2_VS_G.3.5_index_2 [10] PLUS 1 
20120126,20120127,20120128,20120203,20120204,20120208,20120209,20120210,20120211,20120212,20120213,20120214,20120215,20120216,20120221,20120224,20120225,20120226,20120228,20120229 
G.4.2_index_2_VS_G.4.1_index_3 [11] PLUS 1 
20120129,20120206,20120207,20120208,20120209,20120210,20120211,20120212,20120213,20120214,20120219,20120221,20120223,20120228,20120229 
Number is 39 
G.5.3_index_4_VS_G.7.1_index_2 [12] 
20120128,20120131,20120201,20120204,20120208,20120209,20120210,20120211,20120212,20120213,20120217,20120221,20120226 
Number is 51 
G.3.3_index_3_VS_G.3.2_index_2 [13] 
20120129,20120131,20120202,20120203,20120205,20120207,20120208,20120209,20120210,20120211,20120212,20120213,20120218,20120221,20120223,20120226,20120227,20120229,20120301 
Number is 52 
G.5.3_index_2_VS_G.5.3_index_3 [14] 
20120127,20120128,20120131,20120201,20120202,20120207,20120208,20120209,20120210,20120211,20120212,20120213,20120215,20120216,20120218,20120220,20120222,20120223,20120225,20120301 
Number is 55 
G.3.3_index_3_VS_G.3.2_index_4 [15] PLUS 1 
20120127,20120130,20120131,20120204,20120206,20120208,20120209,20120210,20120211,20120212,20120213,20120214,20120217,20120218,20120219,20120221,20120223,20120225,20120227,20120228,20120229 
Number is 57 
G.3.2_index_4_VS_G.4.4_index_4 [16] 
20120126,20120129,20120131,20120202,20120203,20120208,20120209,20120210,20120211,20120212,20120213,20120219,20120220,20120222,20120223,20120225,20120226,20120227,20120229 
Number is 58 
G.4.2_index_4_VS_G.5.1_index_1 [17] 
20120126,20120129,20120131,20120201,20120203,20120205,20120208,20120209,20120210,20120211,20120212,20120213,20120215,20120217,20120218,20120220,20120225,20120228,20120229,20120301 
Number is 60 
G.5.2_index_3_VS_G.3.6_index_5 [18] 
20120126,20120130,20120201,20120203,20120204,20120208,20120209,20120210,20120211,20120212,20120213,20120219,20120223,20120224,20120225,20120226,20120228 
Number is 67 
G.3.6_index_3_VS_G.5.4_index_3 [19] PLUS 1 
20120128,20120129,20120130,20120201,20120204,20120208,20120209,20120210,20120211,20120212,20120213,20120214,20120216,20120220,20120228,20120229,20120301 
Number is 70 
G.4.4_index_4_VS_G.4.1_index_4 [20] 
20120127,20120130,20120201,20120203,20120207,20120208,20120209,20120210,20120211,20120212,20120213,20120218,20120219,20120221,20120301 
Number is 73 
G.5.4_index_3_VS_G.4.2_index_1 [21] 
20120126,20120127,20120129,20120130,20120131,20120202,20120207,20120208,20120209,20120210,20120211,20120212,20120213,20120215,20120218,20120219,20120221,20120222,20120223,20120224,20120225,20120228,20120229,20120301 
Number is 75 
G.4.4_index_4_VS_G.3.5_index_3 [22] 
20120128,20120201,20120202,20120208,20120209,20120210,20120211,20120212,20120213,20120215,20120217,20120219,20120222,20120226,20120227,20120228,20120229 
Number is 78 
G.3.1_index_3_VS_G.2.1_index_2 [23] PLUS 1 
20120126,20120128,20120129,20120201,20120202,20120205,20120207,20120208,20120209,20120210,20120211,20120212,20120213,20120214,20120218,20120219,20120220,20120223,20120224,20120226,20120228,20120229 
Number is 81 
G.3.4_index_4_VS_G.6.3_index_1 [24] 
20120126,20120130,20120204,20120208,20120209,20120210,20120211,20120212,20120213,20120215,20120220,20120221,20120224,20120225,20120229 
Number is 83 
G.4.1_index_2_VS_G.DB_index_3 [25] PLUS 1 
20120127,20120128,20120130,20120202,20120203,20120206,20120208,20120209,20120210,20120211,20120212,20120213,20120214,20120221,20120223,20120225,20120227,20120229,20120301 
G.5.1_index_1_VS_G.4.1_index_3 [26] PLUS 1 
20120126,20120129,20120204,20120208,20120209,20120210,20120211,20120212,20120213,20120214,20120218,20120219,20120221,20120223,20120228,20120301 
G.4.3_index_4_VS_G.7.1_index_1 [27] PLUS 1 
20120127,20120201,20120202,20120203,20120205,20120206,20120208,20120209,20120210,20120211,20120212,20120213,20120214,20120215,20120216,20120217,20120218,20120219,20120221,20120226 
Number is 84 
G.5.6_index_1_VS_G.5.6_index_3 [28] PLUS 1 
20120126,20120128,20120130,20120203,20120205,20120206,20120208,20120209,20120210,20120211,20120212,20120213,20120214,20120216,20120218,20120224,20120229 
