======== Current: 20120224 ========= 
Number is 08 
G.2.2_index_3_VS_G.4.2_index_3 [1] PLUS 1 
20120128,20120130,20120131,20120202,20120204,20120205,20120207,20120208,20120211,20120212,20120215,20120216,20120218,20120219,20120220,20120221,20120222,20120223,20120224,20120228 
Number is 11 
G.3.4_index_2_VS_G.3.1_index_4 [2] 
20120126,20120127,20120129,20120130,20120204,20120209,20120211,20120213,20120215,20120216,20120217,20120218,20120219,20120220,20120221,20120222,20120223,20120228 
Number is 15 
G.3.4_index_2_VS_G.5.3_index_2 [3] PLUS 1 
20120126,20120127,20120203,20120208,20120209,20120212,20120214,20120215,20120216,20120217,20120218,20120219,20120220,20120221,20120222,20120223,20120224,20120228,20120301 
G.3.4_index_2_VS_G.5.3_index_4 [4] PLUS 1 
20120126,20120127,20120130,20120201,20120205,20120211,20120212,20120215,20120216,20120217,20120218,20120219,20120220,20120221,20120222,20120223,20120224,20120225,20120228,20120229 
Number is 26 
G.5.5_index_3_VS_G.2.1_index_5 [5] PLUS 1 
20120127,20120201,20120202,20120203,20120204,20120207,20120210,20120211,20120212,20120214,20120216,20120218,20120219,20120220,20120221,20120222,20120223,20120224,20120226,20120227,20120301 
Number is 28 
G.3.3_index_3_VS_G.4.1_index_2 [6] PLUS 1 
20120127,20120129,20120130,20120201,20120202,20120203,20120205,20120210,20120211,20120212,20120216,20120218,20120219,20120220,20120221,20120222,20120223,20120224,20120229 
Number is 33 
G.5.5_index_1_VS_G.5.4_index_2 [7] 
20120128,20120202,20120203,20120208,20120210,20120213,20120214,20120215,20120217,20120218,20120219,20120220,20120221,20120222,20120223,20120225,20120228,20120229,20120301 
Number is 34 
G.3.6_index_1_VS_G.3.3_index_1 [8] 
20120129,20120131,20120204,20120207,20120209,20120210,20120211,20120212,20120213,20120218,20120219,20120220,20120221,20120222,20120223,20120225,20120227 
G.7.1_index_2_VS_G.DB_index_4 [9] 
20120126,20120128,20120129,20120131,20120203,20120205,20120206,20120211,20120216,20120218,20120219,20120220,20120221,20120222,20120223,20120227,20120229 
Number is 36 
G.5.5_index_1_VS_G.2.1_index_5 [10] PLUS 1 
20120126,20120128,20120129,20120130,20120204,20120207,20120208,20120210,20120213,20120217,20120218,20120219,20120220,20120221,20120222,20120223,20120224,20120226,20120228,20120229,20120301 
Number is 43 
G.3.3_index_1_VS_G.7.1_index_2 [11] 
20120128,20120129,20120130,20120131,20120202,20120206,20120208,20120211,20120212,20120217,20120218,20120219,20120220,20120221,20120222,20120223,20120226,20120227,20120228 
Number is 52 
G.5.5_index_2_VS_G.3.3_index_3 [12] 
20120126,20120130,20120203,20120204,20120218,20120219,20120220,20120221,20120222,20120223,20120226,20120228,20120229,20120301 
Number is 53 
G.2.2_index_1_VS_G.7.1_index_2 [13] 
20120126,20120129,20120131,20120202,20120208,20120210,20120211,20120212,20120216,20120218,20120219,20120220,20120221,20120222,20120223,20120226 
G.7.1_index_1_VS_G.5.2_index_4 [14] 
20120130,20120202,20120208,20120209,20120210,20120211,20120215,20120216,20120218,20120219,20120220,20120221,20120222,20120223,20120229 
Number is 60 
G.2.1_index_5_VS_G.3.2_index_4 [15] 
20120127,20120128,20120130,20120202,20120207,20120208,20120210,20120211,20120212,20120214,20120217,20120218,20120219,20120220,20120221,20120222,20120223,20120225,20120301 
Number is 62 
G.2.1_index_5_VS_G.3.6_index_2 [16] PLUS 1 
20120126,20120128,20120207,20120209,20120218,20120219,20120220,20120221,20120222,20120223,20120224,20120226,20120228 
Number is 66 
G.4.2_index_2_VS_G.2.1_index_5 [17] 
20120126,20120127,20120128,20120129,20120205,20120208,20120215,20120218,20120219,20120220,20120221,20120222,20120223,20120226,20120228,20120301 
Number is 67 
G.2.1_index_5_VS_G.3.2_index_3 [18] PLUS 1 
20120126,20120130,20120203,20120207,20120208,20120209,20120210,20120218,20120219,20120220,20120221,20120222,20120223,20120224,20120226,20120227,20120228,20120229 
Number is 68 
G.1.1_index_4_VS_G.4.2_index_3 [19] PLUS 1 
20120126,20120127,20120128,20120201,20120207,20120208,20120209,20120210,20120216,20120217,20120218,20120219,20120220,20120221,20120222,20120223,20120224,20120229 
Number is 69 
G.2.1_index_5_VS_G.3.3_index_4 [20] 
20120126,20120131,20120205,20120208,20120210,20120212,20120213,20120215,20120218,20120219,20120220,20120221,20120222,20120223,20120226,20120227 
G.1.1_index_4_VS_G.4.3_index_4 [21] 
20120130,20120201,20120202,20120203,20120204,20120207,20120209,20120211,20120212,20120218,20120219,20120220,20120221,20120222,20120223,20120226,20120228 
Number is 83 
G.5.4_index_3_VS_G.2.1_index_4 [22] 
20120126,20120127,20120128,20120201,20120203,20120206,20120209,20120212,20120216,20120217,20120218,20120219,20120220,20120221,20120222,20120223,20120225 
Number is 90 
G.4.3_index_4_VS_G.2.2_index_3 [23] 
20120126,20120127,20120129,20120207,20120211,20120215,20120217,20120218,20120219,20120220,20120221,20120222,20120223,20120225,20120229,20120301 
G.5.4_index_1_VS_G.2.2_index_3 [24] 
20120126,20120127,20120128,20120129,20120202,20120203,20120205,20120206,20120207,20120213,20120214,20120216,20120217,20120218,20120219,20120220,20120221,20120222,20120223,20120226,20120229,20120301 
G.5.3_index_3_VS_G.6.1_index_3 [25] 
20120127,20120128,20120131,20120201,20120206,20120210,20120212,20120213,20120214,20120216,20120218,20120219,20120220,20120221,20120222,20120223,20120227,20120301 
