======== Current: 20120228 ========= 
Number is 04 
G.7.1_index_2_VS_G.3.2_index_5 [1] PLUS 1 
20120126,20120131,20120204,20120205,20120207,20120208,20120211,20120212,20120214,20120216,20120217,20120221,20120222,20120223,20120224,20120225,20120226,20120227,20120228 
Number is 13 
G.5.2_index_4_VS_G.4.4_index_3 [2] 
20120126,20120204,20120205,20120207,20120209,20120210,20120211,20120215,20120216,20120217,20120218,20120219,20120221,20120222,20120223,20120224,20120225,20120226,20120227,20120229,20120301 
Number is 22 
G.6.3_index_1_VS_G.7.2_index_2 [3] 
20120127,20120128,20120129,20120201,20120203,20120205,20120207,20120208,20120210,20120220,20120221,20120222,20120223,20120224,20120225,20120226,20120227,20120229,20120301 
Number is 32 
G.4.4_index_3_VS_G.3.4_index_3 [4] 
20120126,20120127,20120128,20120202,20120206,20120208,20120212,20120213,20120216,20120222,20120223,20120224,20120225,20120226,20120227,20120229 
Number is 50 
G.5.1_index_3_VS_G.4.1_index_2 [5] 
20120126,20120127,20120128,20120202,20120203,20120209,20120210,20120211,20120212,20120213,20120214,20120216,20120218,20120222,20120223,20120224,20120225,20120226,20120227,20120229 
Number is 56 
G.3.3_index_3_VS_G.2.1_index_5 [6] PLUS 1 
20120127,20120131,20120201,20120205,20120209,20120210,20120213,20120214,20120215,20120218,20120221,20120222,20120223,20120224,20120225,20120226,20120227,20120228 
G.1.1_index_5_VS_G.3.5_index_5 [7] PLUS 1 
20120128,20120130,20120201,20120202,20120203,20120205,20120208,20120215,20120221,20120222,20120223,20120224,20120225,20120226,20120227,20120228,20120301 
Number is 57 
G.2.1_index_3_VS_G.3.1_index_4 [8] PLUS 1 
20120127,20120130,20120202,20120203,20120204,20120205,20120215,20120217,20120219,20120220,20120221,20120222,20120223,20120224,20120225,20120226,20120227,20120228 
Number is 65 
G.2.1_index_5_VS_G.2.1_index_3 [9] PLUS 1 
20120127,20120131,20120201,20120203,20120204,20120205,20120210,20120213,20120218,20120219,20120222,20120223,20120224,20120225,20120226,20120227,20120228 
Number is 66 
G.7.3_index_2_VS_G.5.5_index_3 [10] 
20120129,20120130,20120131,20120201,20120203,20120205,20120209,20120211,20120214,20120215,20120216,20120218,20120219,20120222,20120223,20120224,20120225,20120226,20120227,20120301 
Number is 68 
G.3.6_index_1_VS_G.2.2_index_5 [11] 
20120128,20120129,20120130,20120131,20120201,20120202,20120204,20120205,20120211,20120214,20120218,20120222,20120223,20120224,20120225,20120226,20120227,20120229 
Number is 72 
G.3.1_index_4_VS_G.5.2_index_2 [12] 
20120126,20120127,20120203,20120205,20120212,20120213,20120215,20120217,20120218,20120222,20120223,20120224,20120225,20120226,20120227 
Number is 84 
G.2.2_index_5_VS_G.3.2_index_3 [13] 
20120126,20120202,20120204,20120207,20120209,20120210,20120217,20120222,20120223,20120224,20120225,20120226,20120227 
Number is 90 
G.4.4_index_1_VS_G.7.2_index_1 [14] PLUS 1 
20120127,20120131,20120201,20120202,20120203,20120204,20120208,20120211,20120212,20120215,20120217,20120218,20120220,20120221,20120222,20120223,20120224,20120225,20120226,20120227,20120228 
