======== Current: 20130503 ========= 
Number is 02 
G.3.4_index_2_VS_G.4.1_index_3 [1] 
20130420,20130422,20130423,20130427,20130428,20130429,20130430,20130501,20130502,20130505,20130506,20130507,20130508,20130509,20130512,20130515,20130516,20130517,20130518,20130519,20130521,20130524,20130528,20130530,20130531 
Number is 03 
G.3.3_index_1_VS_G.5.4_index_1 [2] PLUS 1 
20130420,20130422,20130425,20130427,20130428,20130429,20130430,20130501,20130502,20130503,20130504,20130507,20130512,20130514,20130517,20130518,20130519,20130521,20130522,20130523,20130527,20130529,20130601 
G.DB_index_4_VS_G.3.6_index_2 [3] PLUS 1 
20130420,20130427,20130428,20130429,20130430,20130501,20130502,20130503,20130504,20130507,20130515,20130517,20130523,20130527,20130529,20130530,20130531,20130601 
Number is 05 
G.DB_index_4_VS_G.2.2_index_4 [4] PLUS 1 
20130420,20130421,20130423,20130425,20130427,20130428,20130429,20130430,20130501,20130502,20130503,20130504,20130506,20130508,20130513,20130518,20130520,20130522,20130531,20130601 
Number is 13 
G.1.1_index_5_VS_G.6.3_index_3 [5] 
20130420,20130421,20130423,20130425,20130427,20130428,20130429,20130430,20130501,20130502,20130507,20130508,20130509,20130510,20130514,20130515,20130516,20130518,20130522,20130525,20130526,20130527,20130528,20130530,20130601 
Number is 14 
G.4.4_index_2_VS_G.4.4_index_3 [6] PLUS 1 
20130425,20130427,20130428,20130429,20130430,20130501,20130502,20130503,20130504,20130508,20130511,20130512,20130514,20130518,20130519,20130521,20130522,20130524,20130525,20130527,20130528 
Number is 15 
G.4.4_index_2_VS_G.2.1_index_5 [7] PLUS 1 
20130426,20130427,20130428,20130429,20130430,20130501,20130502,20130503,20130505,20130511,20130512,20130515,20130517,20130518,20130519,20130521,20130522,20130528,20130530,20130601 
Number is 22 
G.5.5_index_2_VS_G.5.1_index_1 [8] 
20130420,20130421,20130422,20130427,20130428,20130429,20130430,20130501,20130502,20130506,20130507,20130513,20130518,20130519,20130520,20130525,20130527,20130531 
Number is 30 
G.3.5_index_2_VS_G.3.3_index_5 [9] PLUS 1 
20130423,20130425,20130426,20130427,20130428,20130429,20130430,20130501,20130502,20130503,20130506,20130510,20130512,20130513,20130514,20130515,20130516,20130519,20130521,20130523,20130524,20130525,20130526,20130527,20130529,20130530 
G.5.3_index_1_VS_G.DB_index_4 [10] PLUS 1 
20130420,20130423,20130424,20130427,20130428,20130429,20130430,20130501,20130502,20130503,20130504,20130505,20130511,20130513,20130517,20130520,20130529,20130530,20130531 
Number is 32 
G.4.4_index_4_VS_G.5.1_index_3 [11] PLUS 1 
20130420,20130427,20130428,20130429,20130430,20130501,20130502,20130503,20130504,20130507,20130511,20130513,20130514,20130515,20130516,20130517,20130519,20130522,20130524,20130531,20130601 
Number is 33 
G.4.4_index_4_VS_G.3.5_index_4 [12] 
20130420,20130426,20130427,20130428,20130429,20130430,20130501,20130502,20130504,20130506,20130508,20130510,20130511,20130513,20130514,20130515,20130519,20130523,20130525,20130526,20130527,20130529,20130530,20130531 
Number is 35 
G.3.6_index_2_VS_G.2.2_index_4 [13] 
20130420,20130421,20130423,20130425,20130427,20130428,20130429,20130430,20130501,20130502,20130504,20130511,20130513,20130516,20130518,20130524,20130527,20130530,20130531 
Number is 38 
G.4.4_index_4_VS_G.7.2_index_1 [14] PLUS 1 
20130420,20130421,20130422,20130423,20130425,20130427,20130428,20130429,20130430,20130501,20130502,20130503,20130504,20130505,20130508,20130509,20130511,20130515,20130516,20130517,20130520,20130521,20130524,20130525 
Number is 48 
G.4.1_index_4_VS_G.6.1_index_1 [15] 
20130420,20130424,20130427,20130428,20130429,20130430,20130501,20130502,20130504,20130505,20130506,20130512,20130515,20130518,20130519,20130520,20130521,20130529 
G.5.4_index_3_VS_G.6.1_index_1 [16] 
20130421,20130423,20130426,20130427,20130428,20130429,20130430,20130501,20130502,20130504,20130507,20130512,20130515,20130516,20130518,20130521,20130522,20130523,20130524,20130528,20130529,20130601 
Number is 51 
G.3.1_index_5_VS_G.4.4_index_2 [17] PLUS 1 
20130422,20130424,20130427,20130428,20130429,20130430,20130501,20130502,20130503,20130505,20130506,20130509,20130512,20130514,20130517,20130518,20130519,20130520,20130523,20130524,20130526 
Number is 54 
G.3.1_index_5_VS_G.3.2_index_2 [18] PLUS 1 
20130420,20130421,20130427,20130428,20130429,20130430,20130501,20130502,20130503,20130506,20130509,20130510,20130511,20130512,20130514,20130515,20130516,20130517,20130519,20130521,20130530,20130601 
Number is 60 
G.2.1_index_4_VS_G.DB_index_4 [19] 
20130425,20130426,20130427,20130428,20130429,20130430,20130501,20130502,20130504,20130515,20130516,20130519,20130521,20130523,20130524,20130527,20130529,20130531 
Number is 66 
G.4.3_index_3_VS_G.2.1_index_4 [20] 
20130420,20130421,20130426,20130427,20130428,20130429,20130430,20130501,20130502,20130504,20130505,20130506,20130516,20130517,20130518,20130524,20130525,20130529,20130531 
Number is 73 
G.1.1_index_2_VS_G.4.2_index_3 [21] 
20130423,20130425,20130426,20130427,20130428,20130429,20130430,20130501,20130502,20130505,20130506,20130507,20130509,20130510,20130511,20130513,20130514,20130516,20130517,20130519,20130522,20130524,20130525,20130528,20130529,20130531,20130601 
Number is 80 
G.5.5_index_3_VS_G.DB_index_4 [22] PLUS 1 
20130420,20130427,20130428,20130429,20130430,20130501,20130502,20130503,20130504,20130505,20130506,20130508,20130510,20130513,20130514,20130515,20130517,20130519,20130520,20130526,20130530,20130601 
Number is 86 
G.5.5_index_3_VS_G.4.3_index_3 [23] 
20130422,20130427,20130428,20130429,20130430,20130501,20130502,20130505,20130506,20130507,20130508,20130510,20130512,20130513,20130517,20130518,20130520,20130521,20130524,20130528,20130530,20130601 
Number is 87 
G.7.2_index_1_VS_G.DB_index_1 [24] 
20130420,20130424,20130425,20130426,20130427,20130428,20130429,20130430,20130501,20130502,20130504,20130509,20130511,20130518,20130519,20130520,20130522,20130523,20130528,20130529 
Number is 89 
G.6.1_index_1_VS_G.3.5_index_3 [25] 
20130421,20130424,20130425,20130427,20130428,20130429,20130430,20130501,20130502,20130507,20130512,20130514,20130516,20130519,20130521,20130522,20130524,20130525,20130601 
Number is 93 
G.3.5_index_3_VS_G.2.1_index_2 [26] PLUS 1 
20130427,20130428,20130429,20130430,20130501,20130502,20130503,20130506,20130509,20130512,20130513,20130515,20130522,20130524,20130525,20130526,20130530,20130601 
Number is 95 
G.3.3_index_4_VS_G.2.2_index_4 [27] 
20130420,20130424,20130427,20130428,20130429,20130430,20130501,20130502,20130504,20130509,20130510,20130513,20130514,20130515,20130520,20130521,20130525,20130526,20130527,20130530 
