======== Current: 20130505 ========= 
Number is 14 
G.7.2_index_2_VS_G.7.4_index_1 [1] 
20130420,20130421,20130424,20130429,20130430,20130501,20130502,20130503,20130504,20130507,20130510,20130511,20130512,20130513,20130519,20130520,20130525,20130530,20130531,20130601 
Number is 21 
G.DB_index_1_VS_G.5.1_index_3 [2] PLUS 1 
20130420,20130421,20130425,20130426,20130428,20130429,20130430,20130501,20130502,20130503,20130504,20130505,20130513,20130518,20130519,20130521,20130522,20130523,20130526,20130529,20130601 
Number is 25 
G.5.5_index_1_VS_G.DB_index_4 [3] PLUS 1 
20130420,20130422,20130423,20130426,20130428,20130429,20130430,20130501,20130502,20130503,20130504,20130505,20130511,20130519,20130524,20130528,20130530,20130601 
Number is 28 
G.5.6_index_2_VS_G.5.4_index_1 [4] 
20130421,20130426,20130429,20130430,20130501,20130502,20130503,20130504,20130507,20130508,20130512,20130516,20130518,20130520,20130521,20130524,20130525 
G.3.2_index_3_VS_G.3.5_index_3 [5] 
20130420,20130423,20130424,20130426,20130427,20130429,20130430,20130501,20130502,20130503,20130504,20130506,20130509,20130511,20130514,20130516,20130519,20130520,20130529,20130601 
Number is 37 
G.4.4_index_1_VS_G.DB_index_5 [6] PLUS 1 
20130423,20130426,20130429,20130430,20130501,20130502,20130503,20130504,20130505,20130507,20130510,20130511,20130513,20130518,20130524,20130527,20130530 
Number is 38 
G.3.3_index_1_VS_G.5.4_index_1 [7] 
20130420,20130422,20130425,20130427,20130428,20130429,20130430,20130501,20130502,20130503,20130504,20130507,20130512,20130514,20130517,20130518,20130519,20130521,20130522,20130523,20130527,20130529,20130601 
Number is 39 
G.6.3_index_2_VS_G.6.1_index_1 [8] PLUS 1 
20130420,20130422,20130424,20130427,20130429,20130430,20130501,20130502,20130503,20130504,20130505,20130511,20130512,20130515,20130517,20130521,20130522,20130523,20130525,20130528,20130531 
Number is 47 
G.4.2_index_2_VS_G.4.4_index_2 [9] PLUS 1 
20130420,20130424,20130427,20130429,20130430,20130501,20130502,20130503,20130504,20130505,20130512,20130514,20130516,20130521,20130525,20130527,20130528,20130530,20130601 
Number is 52 
G.4.1_index_4_VS_G.DB_index_1 [10] PLUS 1 
20130420,20130422,20130424,20130425,20130427,20130429,20130430,20130501,20130502,20130503,20130504,20130505,20130506,20130511,20130512,20130513,20130515,20130518,20130523,20130524,20130526,20130527,20130528,20130529,20130601 
Number is 55 
G.DB_index_4_VS_G.3.6_index_2 [11] 
20130420,20130427,20130428,20130429,20130430,20130501,20130502,20130503,20130504,20130507,20130515,20130517,20130523,20130527,20130529,20130530,20130531,20130601 
Number is 57 
G.DB_index_4_VS_G.3.6_index_4 [12] PLUS 1 
20130420,20130426,20130428,20130429,20130430,20130501,20130502,20130503,20130504,20130505,20130509,20130512,20130513,20130516,20130520,20130521,20130522,20130523,20130529 
Number is 58 
G.DB_index_4_VS_G.2.2_index_4 [13] 
20130420,20130421,20130423,20130425,20130427,20130428,20130429,20130430,20130501,20130502,20130503,20130504,20130506,20130508,20130513,20130518,20130520,20130522,20130531,20130601 
Number is 59 
G.3.5_index_2_VS_G.6.1_index_1 [14] PLUS 1 
20130420,20130423,20130427,20130429,20130430,20130501,20130502,20130503,20130504,20130505,20130506,20130507,20130508,20130510,20130513,20130514,20130516,20130519,20130523,20130529,20130530 
Number is 63 
G.7.1_index_1_VS_G.3.3_index_1 [15] 
20130420,20130421,20130422,20130426,20130429,20130430,20130501,20130502,20130503,20130504,20130513,20130514,20130516,20130517,20130521,20130524,20130526,20130529,20130530,20130531,20130601 
Number is 65 
G.5.5_index_3_VS_G.DB_index_4 [16] PLUS 1 
20130420,20130427,20130428,20130429,20130430,20130501,20130502,20130503,20130504,20130505,20130506,20130508,20130510,20130513,20130514,20130515,20130517,20130519,20130520,20130526,20130530,20130601 
G.5.3_index_1_VS_G.DB_index_4 [17] PLUS 1 
20130420,20130423,20130424,20130427,20130428,20130429,20130430,20130501,20130502,20130503,20130504,20130505,20130511,20130513,20130517,20130520,20130529,20130530,20130531 
Number is 71 
G.4.4_index_2_VS_G.4.4_index_3 [18] 
20130425,20130427,20130428,20130429,20130430,20130501,20130502,20130503,20130504,20130508,20130511,20130512,20130514,20130518,20130519,20130521,20130522,20130524,20130525,20130527,20130528 
G.4.4_index_4_VS_G.5.1_index_3 [19] 
20130420,20130427,20130428,20130429,20130430,20130501,20130502,20130503,20130504,20130507,20130511,20130513,20130514,20130515,20130516,20130517,20130519,20130522,20130524,20130531,20130601 
Number is 75 
G.4.4_index_2_VS_G.5.1_index_4 [20] PLUS 1 
20130422,20130424,20130429,20130430,20130501,20130502,20130503,20130504,20130505,20130507,20130512,20130513,20130514,20130517,20130518,20130519,20130520,20130521,20130525,20130526 
Number is 79 
G.4.4_index_4_VS_G.7.2_index_1 [21] PLUS 1 
20130420,20130421,20130422,20130423,20130425,20130427,20130428,20130429,20130430,20130501,20130502,20130503,20130504,20130505,20130508,20130509,20130511,20130515,20130516,20130517,20130520,20130521,20130524,20130525 
Number is 83 
G.5.2_index_3_VS_G.5.5_index_2 [22] 
20130421,20130428,20130429,20130430,20130501,20130502,20130503,20130504,20130508,20130510,20130511,20130512,20130513,20130519,20130520,20130522,20130525,20130530,20130601 
Number is 86 
G.5.4_index_1_VS_G.5.5_index_3 [23] 
20130420,20130427,20130429,20130430,20130501,20130502,20130503,20130504,20130506,20130508,20130510,20130511,20130512,20130518,20130519,20130521,20130523,20130524,20130527,20130528,20130601 
Number is 88 
G.3.5_index_3_VS_G.5.4_index_1 [24] 
20130421,20130422,20130424,20130426,20130427,20130429,20130430,20130501,20130502,20130503,20130504,20130509,20130512,20130523,20130524,20130531 
Number is 89 
G.5.4_index_1_VS_G.6.1_index_1 [25] 
20130421,20130422,20130424,20130428,20130429,20130430,20130501,20130502,20130503,20130504,20130516,20130518,20130519,20130523,20130525,20130526,20130527,20130530,20130531 
