======== Current: 20130515 ========= 
Number is 10 
G.5.2_index_4_VS_G.6.3_index_3 [1] 
20130425,20130427,20130428,20130501,20130503,20130508,20130509,20130510,20130511,20130512,20130513,20130514,20130519,20130520,20130522,20130527,20130530 
Number is 14 
G.4.1_index_4_VS_G.2.1_index_2 [2] PLUS 1 
20130420,20130426,20130428,20130429,20130430,20130502,20130509,20130510,20130511,20130512,20130513,20130514,20130515,20130516,20130517,20130518,20130521,20130524,20130527,20130531 
Number is 16 
G.3.6_index_5_VS_G.6.3_index_1 [3] 
20130420,20130423,20130424,20130425,20130430,20130504,20130507,20130509,20130510,20130511,20130512,20130513,20130514,20130517,20130521,20130522,20130523,20130529,20130601 
Number is 17 
G.3.5_index_5_VS_G.3.6_index_4 [4] PLUS 1 
20130420,20130421,20130422,20130423,20130430,20130505,20130506,20130507,20130508,20130509,20130510,20130511,20130512,20130513,20130514,20130515,20130521,20130522,20130523,20130526,20130528,20130529,20130531 
Number is 21 
G.3.4_index_5_VS_G.3.6_index_3 [5] PLUS 1 
20130421,20130424,20130428,20130430,20130501,20130502,20130504,20130506,20130507,20130508,20130509,20130510,20130511,20130512,20130513,20130514,20130515,20130516,20130517,20130520,20130526,20130527,20130530 
Number is 24 
G.4.3_index_2_VS_G.2.1_index_2 [6] 
20130422,20130425,20130426,20130428,20130429,20130430,20130501,20130502,20130509,20130510,20130511,20130512,20130513,20130514,20130517,20130519,20130521,20130524,20130525,20130527,20130531 
Number is 25 
G.DB_index_2_VS_G.3.2_index_3 [7] 
20130424,20130425,20130430,20130502,20130503,20130505,20130506,20130509,20130510,20130511,20130512,20130513,20130514,20130517,20130518,20130521,20130525,20130526,20130527,20130529,20130530,20130601 
G.DB_index_5_VS_G.5.6_index_1 [8] 
20130420,20130423,20130424,20130428,20130429,20130502,20130505,20130506,20130509,20130510,20130511,20130512,20130513,20130514,20130521,20130525,20130527 
Number is 41 
G.2.1_index_2_VS_G.5.3_index_3 [9] PLUS 1 
20130422,20130426,20130429,20130430,20130502,20130504,20130509,20130510,20130511,20130512,20130513,20130514,20130515,20130517,20130523,20130525 
G.2.1_index_2_VS_G.3.5_index_5 [10] PLUS 1 
20130420,20130422,20130425,20130428,20130429,20130430,20130503,20130506,20130507,20130509,20130510,20130511,20130512,20130513,20130514,20130515,20130517,20130518,20130526,20130530,20130531 
G.2.1_index_2_VS_G.5.3_index_4 [11] PLUS 1 
20130425,20130428,20130429,20130430,20130502,20130506,20130507,20130508,20130509,20130510,20130511,20130512,20130513,20130514,20130515,20130516,20130517,20130518,20130522,20130527,20130601 
Number is 46 
G.5.4_index_2_VS_G.1.1_index_2 [12] 
20130420,20130423,20130425,20130430,20130503,20130507,20130509,20130510,20130511,20130512,20130513,20130514,20130516,20130517,20130518,20130521,20130522,20130523,20130524,20130529 
Number is 49 
G.2.1_index_1_VS_G.7.2_index_2 [13] PLUS 1 
20130422,20130427,20130501,20130509,20130510,20130511,20130512,20130513,20130514,20130515,20130516,20130520,20130529,20130530,20130531 
Number is 56 
G.4.3_index_4_VS_G.DB_index_3 [14] 
20130421,20130425,20130426,20130501,20130502,20130506,20130507,20130509,20130510,20130511,20130512,20130513,20130514,20130517,20130519,20130520,20130521,20130524 
Number is 66 
G.3.1_index_3_VS_G.3.1_index_5 [15] 
20130424,20130428,20130429,20130502,20130503,20130505,20130508,20130509,20130510,20130511,20130512,20130513,20130514,20130517,20130520,20130521,20130522,20130523,20130524,20130526,20130527,20130601 
G.6.3_index_2_VS_G.3.1_index_3 [16] 
20130422,20130424,20130426,20130427,20130428,20130501,20130502,20130504,20130506,20130507,20130508,20130509,20130510,20130511,20130512,20130513,20130514,20130516,20130517,20130523,20130526,20130529,20130531,20130601 
Number is 70 
G.5.1_index_4_VS_G.3.5_index_2 [17] 
20130420,20130422,20130426,20130428,20130429,20130501,20130502,20130504,20130507,20130509,20130510,20130511,20130512,20130513,20130514,20130516,20130519,20130521,20130523,20130524,20130525,20130527,20130528,20130530 
Number is 76 
G.6.1_index_1_VS_G.1.1_index_2 [18] PLUS 1 
20130423,20130425,20130429,20130430,20130501,20130502,20130504,20130505,20130506,20130509,20130510,20130511,20130512,20130513,20130514,20130515,20130520,20130521,20130523,20130524,20130525,20130528,20130530,20130601 
Number is 78 
G.1.1_index_4_VS_G.3.3_index_5 [19] 
20130420,20130422,20130425,20130427,20130428,20130501,20130506,20130507,20130509,20130510,20130511,20130512,20130513,20130514,20130518,20130519,20130522,20130524,20130527,20130528,20130529 
Number is 84 
G.2.2_index_1_VS_G.7.3_index_2 [20] PLUS 1 
20130421,20130424,20130426,20130429,20130503,20130508,20130509,20130510,20130511,20130512,20130513,20130514,20130515,20130516,20130518,20130521,20130523,20130524,20130525,20130527,20130528,20130530,20130601 
Number is 96 
G.7.2_index_2_VS_G.3.2_index_5 [21] PLUS 1 
20130421,20130422,20130427,20130502,20130506,20130507,20130508,20130509,20130510,20130511,20130512,20130513,20130514,20130515,20130518,20130520,20130521,20130524,20130527,20130528,20130529,20130530,20130601 
