======== Current: 20130522 ========= 
Number is 00 
G.3.2_index_1_VS_G.7.2_index_1 [1] 
20130420,20130425,20130426,20130429,20130430,20130501,20130504,20130506,20130507,20130509,20130512,20130513,20130514,20130515,20130516,20130517,20130518,20130519,20130520,20130521,20130523,20130524,20130525,20130527,20130530 
Number is 01 
G.3.2_index_1_VS_G.3.3_index_5 [2] PLUS 1 
20130421,20130427,20130428,20130501,20130502,20130503,20130505,20130506,20130508,20130509,20130513,20130515,20130516,20130517,20130518,20130519,20130520,20130521,20130522,20130523,20130525,20130527,20130529,20130601 
Number is 02 
G.3.2_index_1_VS_G.6.2_index_3 [3] 
20130420,20130423,20130425,20130426,20130429,20130430,20130501,20130508,20130509,20130511,20130512,20130514,20130515,20130516,20130517,20130518,20130519,20130520,20130521,20130529,20130530,20130601 
Number is 04 
G.3.6_index_4_VS_G.DB_index_3 [4] 
20130421,20130422,20130424,20130501,20130502,20130503,20130504,20130508,20130509,20130512,20130513,20130515,20130516,20130517,20130518,20130519,20130520,20130521,20130525,20130526,20130529,20130601 
Number is 07 
G.3.2_index_1_VS_G.2.2_index_1 [5] PLUS 1 
20130420,20130421,20130424,20130426,20130429,20130430,20130501,20130504,20130508,20130509,20130514,20130515,20130516,20130517,20130518,20130519,20130520,20130521,20130522,20130524,20130526,20130527,20130528,20130530,20130601 
Number is 17 
G.3.2_index_4_VS_G.2.2_index_1 [6] PLUS 1 
20130421,20130422,20130425,20130426,20130502,20130504,20130509,20130515,20130516,20130517,20130518,20130519,20130520,20130521,20130522,20130525,20130527,20130601 
Number is 21 
G.6.2_index_3_VS_G.3.2_index_4 [7] PLUS 1 
20130420,20130422,20130424,20130425,20130501,20130512,20130515,20130516,20130517,20130518,20130519,20130520,20130521,20130522,20130524,20130525,20130529,20130530,20130601 
Number is 25 
G.5.1_index_3_VS_G.3.3_index_1 [8] PLUS 1 
20130422,20130425,20130426,20130430,20130501,20130506,20130507,20130511,20130512,20130513,20130516,20130517,20130518,20130519,20130520,20130521,20130522,20130524,20130528,20130531,20130601 
G.1.1_index_5_VS_G.3.1_index_5 [9] PLUS 1 
20130420,20130423,20130428,20130430,20130502,20130503,20130508,20130509,20130510,20130512,20130516,20130517,20130518,20130519,20130520,20130521,20130522,20130523,20130524,20130530 
Number is 30 
G.4.3_index_3_VS_G.3.2_index_1 [10] 
20130420,20130426,20130501,20130502,20130504,20130505,20130509,20130510,20130513,20130516,20130517,20130518,20130519,20130520,20130521,20130524,20130526,20130529,20130531,20130601 
Number is 34 
G.2.2_index_3_VS_G.6.2_index_1 [11] PLUS 1 
20130421,20130422,20130424,20130425,20130427,20130430,20130506,20130507,20130509,20130510,20130515,20130516,20130517,20130518,20130519,20130520,20130521,20130522,20130527,20130528,20130530 
Number is 41 
G.5.4_index_2_VS_G.2.2_index_5 [12] PLUS 1 
20130420,20130424,20130428,20130502,20130503,20130505,20130507,20130511,20130512,20130515,20130516,20130517,20130518,20130519,20130520,20130521,20130522,20130523,20130527,20130529,20130531 
Number is 44 
G.3.4_index_3_VS_G.5.4_index_2 [13] 
20130422,20130427,20130428,20130429,20130502,20130503,20130505,20130506,20130508,20130509,20130514,20130515,20130516,20130517,20130518,20130519,20130520,20130521,20130523,20130524,20130526,20130528,20130531 
Number is 47 
G.3.4_index_3_VS_G.7.4_index_1 [14] PLUS 1 
20130422,20130425,20130429,20130430,20130503,20130507,20130509,20130510,20130512,20130514,20130516,20130517,20130518,20130519,20130520,20130521,20130522,20130523,20130526,20130529 
G.DB_index_3_VS_G.1.1_index_4 [15] PLUS 1 
20130420,20130423,20130424,20130426,20130428,20130501,20130502,20130504,20130507,20130510,20130511,20130512,20130513,20130515,20130516,20130517,20130518,20130519,20130520,20130521,20130522 
Number is 54 
G.3.1_index_1_VS_G.3.4_index_3 [16] PLUS 1 
20130422,20130426,20130427,20130501,20130502,20130503,20130516,20130517,20130518,20130519,20130520,20130521,20130522,20130527,20130529,20130531 
G.6.1_index_3_VS_G.5.4_index_2 [17] PLUS 1 
20130420,20130424,20130427,20130502,20130503,20130505,20130506,20130510,20130515,20130516,20130517,20130518,20130519,20130520,20130521,20130522,20130524,20130526,20130531 
Number is 55 
G.3.2_index_3_VS_G.3.1_index_5 [18] 
20130420,20130421,20130422,20130424,20130425,20130426,20130427,20130429,20130501,20130503,20130508,20130509,20130512,20130516,20130517,20130518,20130519,20130520,20130521,20130523,20130524,20130528,20130531,20130601 
Number is 56 
G.4.4_index_2_VS_G.2.1_index_2 [19] 
20130422,20130429,20130502,20130506,20130509,20130512,20130515,20130516,20130517,20130518,20130519,20130520,20130521,20130526,20130527,20130528,20130601 
Number is 83 
G.DB_index_2_VS_G.7.4_index_2 [20] 
20130422,20130425,20130426,20130429,20130430,20130504,20130505,20130509,20130513,20130514,20130516,20130517,20130518,20130519,20130520,20130521,20130523,20130527,20130529,20130530 
Number is 95 
G.6.3_index_2_VS_G.3.1_index_5 [21] PLUS 1 
20130420,20130422,20130426,20130427,20130429,20130501,20130503,20130504,20130505,20130506,20130509,20130510,20130511,20130512,20130516,20130517,20130518,20130519,20130520,20130521,20130522,20130527,20130528,20130529,20130530,20130601 
