======== Current: 20130524 ========= 
Number is 04 
G.6.1_index_2_VS_G.6.2_index_3 [1] 
20130423,20130424,20130425,20130428,20130429,20130504,20130505,20130506,20130507,20130509,20130515,20130518,20130519,20130520,20130521,20130522,20130523,20130527,20130528,20130529 
Number is 06 
G.5.1_index_3_VS_G.6.3_index_2 [2] 
20130424,20130426,20130501,20130511,20130512,20130517,20130518,20130519,20130520,20130521,20130522,20130523,20130527,20130530,20130531 
Number is 13 
G.DB_index_1_VS_G.3.4_index_5 [3] 
20130425,20130430,20130501,20130503,20130507,20130509,20130512,20130513,20130518,20130519,20130520,20130521,20130522,20130523,20130525,20130526,20130527,20130531,20130601 
Number is 17 
G.DB_index_1_VS_G.3.3_index_3 [4] PLUS 1 
20130420,20130424,20130428,20130429,20130430,20130501,20130507,20130508,20130512,20130513,20130516,20130518,20130519,20130520,20130521,20130522,20130523,20130524,20130526,20130601 
Number is 22 
G.3.2_index_3_VS_G.7.3_index_2 [5] 
20130421,20130424,20130426,20130429,20130503,20130505,20130506,20130507,20130509,20130511,20130514,20130516,20130518,20130519,20130520,20130521,20130522,20130523,20130527,20130530,20130531,20130601 
Number is 23 
G.4.2_index_2_VS_G.3.4_index_5 [6] PLUS 1 
20130424,20130425,20130428,20130430,20130501,20130504,20130506,20130507,20130511,20130513,20130515,20130518,20130519,20130520,20130521,20130522,20130523,20130524,20130525,20130527,20130531 
Number is 24 
G.7.3_index_1_VS_G.3.4_index_2 [7] 
20130420,20130422,20130423,20130426,20130428,20130501,20130503,20130504,20130507,20130508,20130512,20130518,20130519,20130520,20130521,20130522,20130523,20130525,20130526,20130528,20130531 
G.5.4_index_4_VS_G.4.2_index_1 [8] 
20130420,20130423,20130430,20130502,20130503,20130506,20130508,20130509,20130514,20130518,20130519,20130520,20130521,20130522,20130523,20130527,20130530,20130531,20130601 
Number is 27 
G.DB_index_3_VS_G.2.2_index_5 [9] PLUS 1 
20130420,20130421,20130425,20130426,20130502,20130508,20130511,20130517,20130518,20130519,20130520,20130521,20130522,20130523,20130524,20130525,20130527,20130529,20130530,20130601 
Number is 29 
G.7.3_index_1_VS_G.5.4_index_1 [10] 
20130421,20130422,20130427,20130501,20130502,20130506,20130512,20130514,20130516,20130518,20130519,20130520,20130521,20130522,20130523,20130527,20130601 
Number is 35 
G.3.4_index_5_VS_G.4.3_index_1 [11] 
20130420,20130421,20130422,20130423,20130426,20130428,20130502,20130503,20130505,20130508,20130512,20130513,20130516,20130518,20130519,20130520,20130521,20130522,20130523,20130525,20130527,20130528,20130530,20130531,20130601 
Number is 43 
G.4.2_index_1_VS_G.5.3_index_4 [12] 
20130422,20130426,20130430,20130504,20130506,20130507,20130512,20130513,20130514,20130515,20130516,20130518,20130519,20130520,20130521,20130522,20130523,20130525 
Number is 46 
G.3.4_index_1_VS_G.3.4_index_3 [13] PLUS 1 
20130422,20130423,20130426,20130429,20130501,20130502,20130503,20130504,20130505,20130514,20130515,20130517,20130518,20130519,20130520,20130521,20130522,20130523,20130524,20130525,20130531 
Number is 48 
G.3.4_index_2_VS_G.3.2_index_1 [14] 
20130420,20130421,20130429,20130430,20130503,20130506,20130507,20130509,20130513,20130515,20130517,20130518,20130519,20130520,20130521,20130522,20130523,20130525,20130528 
Number is 49 
G.5.2_index_1_VS_G.4.1_index_4 [15] PLUS 1 
20130422,20130424,20130425,20130428,20130503,20130510,20130511,20130516,20130518,20130519,20130520,20130521,20130522,20130523,20130524,20130601 
Number is 52 
G.3.5_index_4_VS_G.4.4_index_2 [16] PLUS 1 
20130422,20130424,20130426,20130430,20130502,20130506,20130512,20130514,20130518,20130519,20130520,20130521,20130522,20130523,20130524,20130525,20130527,20130531,20130601 
Number is 54 
G.3.1_index_3_VS_G.6.2_index_3 [17] PLUS 1 
20130420,20130421,20130422,20130423,20130425,20130426,20130502,20130506,20130507,20130508,20130514,20130515,20130517,20130518,20130519,20130520,20130521,20130522,20130523,20130524,20130525,20130527,20130530 
Number is 55 
G.1.1_index_5_VS_G.3.1_index_5 [18] PLUS 1 
20130420,20130423,20130428,20130430,20130502,20130503,20130508,20130509,20130510,20130512,20130516,20130517,20130518,20130519,20130520,20130521,20130522,20130523,20130524,20130530 
Number is 56 
G.5.2_index_2_VS_G.4.4_index_1 [19] 
20130420,20130426,20130428,20130429,20130430,20130503,20130504,20130506,20130507,20130510,20130511,20130518,20130519,20130520,20130521,20130522,20130523,20130531 
G.3.1_index_5_VS_G.6.2_index_1 [20] 
20130420,20130422,20130423,20130425,20130426,20130427,20130429,20130430,20130501,20130503,20130506,20130509,20130511,20130514,20130515,20130517,20130518,20130519,20130520,20130521,20130522,20130523,20130527,20130530,20130531 
Number is 57 
G.5.6_index_1_VS_G.3.6_index_1 [21] PLUS 1 
20130420,20130425,20130428,20130429,20130503,20130504,20130509,20130510,20130511,20130516,20130518,20130519,20130520,20130521,20130522,20130523,20130524,20130525,20130528,20130529 
Number is 58 
G.3.1_index_5_VS_G.2.1_index_3 [22] PLUS 1 
20130421,20130424,20130427,20130428,20130429,20130501,20130502,20130505,20130508,20130510,20130511,20130512,20130517,20130518,20130519,20130520,20130521,20130522,20130523,20130524,20130528 
G.3.5_index_1_VS_G.5.4_index_2 [23] PLUS 1 
20130423,20130424,20130427,20130430,20130501,20130503,20130506,20130507,20130510,20130512,20130513,20130517,20130518,20130519,20130520,20130521,20130522,20130523,20130524,20130526,20130527,20130528,20130530,20130531 
Number is 61 
G.6.3_index_2_VS_G.7.1_index_2 [24] 
20130423,20130426,20130427,20130428,20130501,20130502,20130503,20130505,20130506,20130511,20130515,20130517,20130518,20130519,20130520,20130521,20130522,20130523,20130525,20130527,20130528,20130529,20130531,20130601 
Number is 65 
G.1.1_index_4_VS_G.3.1_index_5 [25] 
20130422,20130424,20130426,20130428,20130429,20130501,20130503,20130504,20130505,20130506,20130509,20130510,20130512,20130515,20130517,20130518,20130519,20130520,20130521,20130522,20130523,20130528,20130530 
G.3.4_index_3_VS_G.7.4_index_1 [26] 
20130422,20130425,20130429,20130430,20130503,20130507,20130509,20130510,20130512,20130514,20130516,20130517,20130518,20130519,20130520,20130521,20130522,20130523,20130526,20130529 
G.1.1_index_4_VS_G.7.4_index_1 [27] 
20130421,20130423,20130424,20130425,20130426,20130427,20130428,20130503,20130507,20130508,20130510,20130512,20130515,20130518,20130519,20130520,20130521,20130522,20130523,20130525,20130527,20130529,20130531,20130601 
G.6.2_index_1_VS_G.3.6_index_5 [28] 
20130422,20130427,20130430,20130504,20130505,20130507,20130508,20130509,20130511,20130513,20130518,20130519,20130520,20130521,20130522,20130523,20130525,20130527,20130528 
Number is 77 
G.2.1_index_4_VS_G.3.3_index_3 [29] 
20130420,20130425,20130430,20130501,20130502,20130503,20130504,20130505,20130516,20130518,20130519,20130520,20130521,20130522,20130523,20130525,20130530 
Number is 84 
G.3.2_index_1_VS_G.3.3_index_5 [30] 
20130421,20130427,20130428,20130501,20130502,20130503,20130505,20130506,20130508,20130509,20130513,20130515,20130516,20130517,20130518,20130519,20130520,20130521,20130522,20130523,20130525,20130527,20130529,20130601 
Number is 87 
G.5.4_index_2_VS_G.2.2_index_5 [31] 
20130420,20130424,20130428,20130502,20130503,20130505,20130507,20130511,20130512,20130515,20130516,20130517,20130518,20130519,20130520,20130521,20130522,20130523,20130527,20130529,20130531 
Number is 92 
G.5.2_index_4_VS_G.DB_index_4 [32] 
20130423,20130425,20130426,20130427,20130429,20130430,20130501,20130503,20130506,20130507,20130509,20130510,20130512,20130513,20130515,20130516,20130518,20130519,20130520,20130521,20130522,20130523,20130528 
Number is 94 
G.5.2_index_4_VS_G.4.1_index_3 [33] PLUS 1 
20130420,20130421,20130422,20130427,20130428,20130430,20130501,20130503,20130504,20130508,20130517,20130518,20130519,20130520,20130521,20130522,20130523,20130524,20130528,20130530,20130531,20130601 
Number is 96 
G.5.6_index_4_VS_G.6.3_index_2 [34] PLUS 1 
20130422,20130424,20130425,20130427,20130501,20130503,20130504,20130506,20130510,20130512,20130514,20130517,20130518,20130519,20130520,20130521,20130522,20130523,20130524,20130525,20130527,20130528,20130529,20130531,20130601 
