======== Current: 20130529 ========= 
Number is 03 
G.3.2_index_4_VS_G.5.4_index_1 [1] PLUS 1 
20130422,20130425,20130426,20130430,20130507,20130508,20130512,20130513,20130515,20130517,20130519,20130520,20130522,20130523,20130524,20130525,20130526,20130527,20130528,20130529,20130601 
Number is 05 
G.4.1_index_1_VS_G.5.3_index_1 [2] PLUS 1 
20130420,20130422,20130425,20130426,20130428,20130430,20130504,20130507,20130508,20130513,20130514,20130520,20130522,20130523,20130524,20130525,20130526,20130527,20130528,20130529,20130531,20130601 
Number is 10 
G.4.1_index_3_VS_G.5.6_index_1 [3] 
20130422,20130423,20130424,20130427,20130428,20130502,20130503,20130504,20130508,20130509,20130515,20130516,20130517,20130518,20130520,20130521,20130522,20130523,20130524,20130525,20130526,20130527,20130528,20130530,20130601 
Number is 18 
G.6.2_index_1_VS_G.5.6_index_4 [4] 
20130424,20130425,20130501,20130503,20130504,20130507,20130509,20130515,20130516,20130518,20130519,20130520,20130523,20130524,20130525,20130526,20130527,20130528 
G.3.4_index_2_VS_G.4.4_index_1 [5] 
20130422,20130423,20130428,20130506,20130507,20130508,20130510,20130511,20130515,20130518,20130519,20130522,20130523,20130524,20130525,20130526,20130527,20130528,20130531,20130601 
Number is 28 
G.1.1_index_3_VS_G.5.2_index_3 [6] 
20130420,20130421,20130422,20130424,20130425,20130428,20130501,20130502,20130505,20130506,20130507,20130509,20130511,20130520,20130521,20130522,20130523,20130524,20130525,20130526,20130527,20130528,20130601 
Number is 37 
G.DB_index_1_VS_G.DB_index_5 [7] 
20130422,20130423,20130428,20130430,20130501,20130503,20130505,20130513,20130519,20130520,20130522,20130523,20130524,20130525,20130526,20130527,20130528,20130530,20130601 
Number is 38 
G.3.5_index_1_VS_G.6.1_index_3 [8] PLUS 1 
20130420,20130426,20130501,20130504,20130510,20130511,20130514,20130515,20130520,20130523,20130524,20130525,20130526,20130527,20130528,20130529,20130531,20130601 
Number is 52 
G.3.5_index_5_VS_G.3.3_index_3 [9] PLUS 1 
20130420,20130426,20130428,20130502,20130504,20130507,20130511,20130514,20130517,20130518,20130520,20130523,20130524,20130525,20130526,20130527,20130528,20130529 
Number is 67 
G.5.3_index_2_VS_G.2.1_index_3 [10] PLUS 1 
20130422,20130425,20130427,20130428,20130430,20130501,20130503,20130505,20130507,20130509,20130512,20130514,20130515,20130519,20130520,20130523,20130524,20130525,20130526,20130527,20130528,20130529 
Number is 68 
G.3.3_index_1_VS_G.7.4_index_2 [11] 
20130424,20130425,20130427,20130429,20130430,20130503,20130515,20130517,20130521,20130523,20130524,20130525,20130526,20130527,20130528,20130530,20130531 
Number is 83 
G.5.6_index_4_VS_G.3.3_index_5 [12] PLUS 1 
20130422,20130425,20130427,20130501,20130502,20130503,20130505,20130506,20130511,20130512,20130515,20130520,20130523,20130524,20130525,20130526,20130527,20130528,20130529,20130531,20130601 
Number is 97 
G.3.2_index_2_VS_G.6.3_index_3 [13] PLUS 1 
20130420,20130422,20130425,20130427,20130505,20130506,20130509,20130513,20130514,20130516,20130517,20130520,20130523,20130524,20130525,20130526,20130527,20130528,20130529,20130530,20130601 
