Last Date = 20130731
Number is 10
G.3.3_index_2_VS_G.5.6_index_2 [10] 
Ngay: 20130620,20130621,20130622,20130623,20130626,20130627,20130628,20130629,20130630,20130701,20130706,20130710,20130711,20130715,20130716,20130719,20130720,20130721,20130723,20130724,20130725,20130728
Number is 50
G.5.4_index_3_VS_G.5.6_index_2 [17] 
Ngay: 20130620,20130624,20130625,20130626,20130627,20130628,20130629,20130630,20130701,20130707,20130720,20130727
Number is 63
G.DB_index_2_VS_G.4.3_index_2 [23] 
Ngay: 20130621,20130622,20130623,20130624,20130625,20130626,20130627,20130628,20130629,20130630,20130701,20130707,20130708,20130710,20130711,20130716,20130717,20130718,20130723,20130724,20130728
Number is 66
G.DB_index_2_VS_G.3.2_index_2 [21] 
Ngay: 20130622,20130624,20130626,20130627,20130628,20130629,20130630,20130701,20130706,20130711,20130717,20130724
