Last Date = 20130707
Number is 03
G.1.1_index_1_VS_G.4.4_index_1[1] 
Ngay: 20130623,20130624,20130625,20130627,20130628,20130629,20130630,20130701,20130702,20130703,20130704
Number is 05
G.3.2_index_2_VS_G.5.5_index_2[2] 
Ngay: 20130620,20130623,20130624,20130625,20130626,20130627,20130628,20130629,20130630,20130701,20130702,20130704,20130705,20130706
Number is 07
G.3.2_index_2_VS_G.5.6_index_2[3] 
Ngay: 20130621,20130623,20130626,20130627,20130628,20130629,20130630,20130701,20130702,20130703
Number is 18
G.7.2_index_1_VS_G.DB_index_1[4] 
Ngay: 20130620,20130625,20130627,20130628,20130629,20130630,20130701,20130702,20130704
Number is 24
G.3.3_index_4_VS_G.5.4_index_3[5] 
Ngay: 20130620,20130621,20130623,20130624,20130625,20130626,20130627,20130628,20130629,20130630,20130701,20130702,20130704
G.3.3_index_4_VS_G.7.1_index_2[6] 
Ngay: 20130623,20130624,20130625,20130627,20130628,20130629,20130630,20130701,20130702,20130703,20130706
Number is 48
G.6.2_index_2_VS_G.6.2_index_1[7] 
Ngay: 20130620,20130621,20130623,20130624,20130627,20130628,20130629,20130630,20130701,20130702
G.5.4_index_1_VS_G.5.5_index_3[8] 
Ngay: 20130620,20130623,20130624,20130627,20130628,20130629,20130630,20130701,20130702,20130703,20130706
Number is 50
G.5.5_index_2_VS_G.3.1_index_4[9] 
Ngay: 20130620,20130623,20130626,20130627,20130628,20130629,20130630,20130701,20130702,20130704,20130705
Number is 59
G.5.5_index_2_VS_G.3.2_index_4[10] 
Ngay: 20130622,20130625,20130627,20130628,20130629,20130630,20130701,20130702,20130706
Number is 73
G.3.2_index_1_VS_G.2.1_index_5[11] 
Ngay: 20130620,20130622,20130623,20130624,20130627,20130628,20130629,20130630,20130701,20130702,20130703,20130704,20130705
Number is 75
G.6.1_index_1_VS_G.2.2_index_4[12] 
Ngay: 20130621,20130627,20130628,20130629,20130630,20130701,20130702,20130703,20130704,20130705
Number is 79
G.5.4_index_2_VS_G.5.3_index_4[13] 
Ngay: 20130623,20130626,20130627,20130628,20130629,20130630,20130701,20130702,20130703,20130704,20130705
Number is 80
G.3.6_index_5_VS_G.1.1_index_1[14] 
Ngay: 20130625,20130627,20130628,20130629,20130630,20130701,20130702,20130706
G.3.5_index_4_VS_G.3.1_index_5[15] 
Ngay: 20130622,20130624,20130627,20130628,20130629,20130630,20130701,20130702,20130703,20130704,20130705
Number is 82
G.1.1_index_2_VS_G.5.1_index_1[16] 
Ngay: 20130624,20130625,20130626,20130627,20130628,20130629,20130630,20130701,20130702,20130704,20130705
Number is 84
G.3.6_index_5_VS_G.3.4_index_4[17] 
Ngay: 20130621,20130627,20130628,20130629,20130630,20130701,20130702,20130703,20130705
Number is 85
G.2.1_index_4_VS_G.5.5_index_2[18] 
Ngay: 20130620,20130624,20130625,20130626,20130627,20130628,20130629,20130630,20130701,20130702,20130703,20130706
Number is 87
G.1.1_index_2_VS_G.5.6_index_2[19] 
Ngay: 20130620,20130627,20130628,20130629,20130630,20130701,20130702
Number is 88
G.6.2_index_1_VS_G.1.1_index_2[20] 
Ngay: 20130620,20130623,20130624,20130625,20130626,20130627,20130628,20130629,20130630,20130701,20130702,20130703
Number is 89
G.6.2_index_1_VS_G.3.3_index_5[21] 
Ngay: 20130620,20130621,20130622,20130627,20130628,20130629,20130630,20130701,20130702,20130705
Number is 93
G.2.2_index_1_VS_G.3.5_index_1[22] 
Ngay: 20130620,20130621,20130623,20130624,20130626,20130627,20130628,20130629,20130630,20130701,20130702,20130703
Number is 98
G.3.2_index_4_VS_G.3.6_index_5[23] 
Ngay: 20130621,20130623,20130624,20130627,20130628,20130629,20130630,20130701,20130702,20130703,20130705,20130706
