Last Date = 20130712
Number is 02
G.DB_index_2_VS_G.7.4_index_2[1] 
Ngay: 20130620,20130621,20130622,20130626,20130629,20130702,20130703,20130704,20130705,20130706,20130707,20130710,20130711
Number is 04
G.DB_index_2_VS_G.6.1_index_2[2] 
Ngay: 20130620,20130622,20130623,20130627,20130629,20130702,20130703,20130704,20130705,20130706,20130707,20130708,20130710,20130711
G.3.4_index_2_VS_G.5.3_index_1[3] 
Ngay: 20130621,20130624,20130626,20130627,20130630,20130702,20130703,20130704,20130705,20130706,20130707,20130710
Number is 05
G.6.2_index_2_VS_G.4.3_index_3[4] 
Ngay: 20130620,20130622,20130623,20130626,20130627,20130628,20130629,20130630,20130702,20130703,20130704,20130705,20130706,20130707
Number is 06
G.6.2_index_2_VS_G.3.2_index_4[5] 
Ngay: 20130620,20130621,20130623,20130625,20130628,20130629,20130630,20130702,20130703,20130704,20130705,20130706,20130707,20130709,20130710,20130711
Number is 09
G.6.2_index_2_VS_G.5.5_index_4[6] 
Ngay: 20130621,20130624,20130626,20130628,20130702,20130703,20130704,20130705,20130706,20130707
Number is 10
G.3.6_index_3_VS_G.6.2_index_2[7] 
Ngay: 20130620,20130621,20130622,20130625,20130626,20130628,20130630,20130702,20130703,20130704,20130705,20130706,20130707,20130710,20130711
Number is 14
G.3.6_index_3_VS_G.5.6_index_3[8] 
Ngay: 20130620,20130623,20130624,20130625,20130626,20130628,20130630,20130702,20130703,20130704,20130705,20130706,20130707,20130708,20130709
G.2.2_index_3_VS_G.3.1_index_1[9] 
Ngay: 20130620,20130624,20130628,20130701,20130702,20130703,20130704,20130705,20130706,20130707
Number is 18
G.6.3_index_3_VS_G.7.1_index_1[10] 
Ngay: 20130620,20130622,20130624,20130625,20130626,20130629,20130702,20130703,20130704,20130705,20130706,20130707,20130709,20130710
Number is 26
G.2.1_index_1_VS_G.DB_index_5[11] 
Ngay: 20130620,20130627,20130702,20130703,20130704,20130705,20130706,20130707
Number is 43
G.5.6_index_3_VS_G.5.4_index_1[12] 
Ngay: 20130622,20130623,20130624,20130702,20130703,20130704,20130705,20130706,20130707,20130708,20130710
Number is 44
G.5.2_index_2_VS_G.5.3_index_1[13] 
Ngay: 20130621,20130622,20130623,20130627,20130630,20130702,20130703,20130704,20130705,20130706,20130707,20130708,20130711
G.5.6_index_3_VS_G.5.3_index_3[14] 
Ngay: 20130620,20130621,20130622,20130623,20130626,20130627,20130630,20130702,20130703,20130704,20130705,20130706,20130707,20130708,20130709,20130710,20130711
Number is 47
G.5.6_index_3_VS_G.4.4_index_4[15] 
Ngay: 20130621,20130624,20130627,20130702,20130703,20130704,20130705,20130706,20130707,20130708,20130710,20130711
Number is 56
G.7.1_index_2_VS_G.3.2_index_4[16] 
Ngay: 20130621,20130625,20130626,20130628,20130629,20130701,20130702,20130703,20130704,20130705,20130706,20130707,20130711
Number is 62
G.1.1_index_1_VS_G.3.4_index_3[17] 
Ngay: 20130621,20130622,20130623,20130625,20130628,20130629,20130702,20130703,20130704,20130705,20130706,20130707,20130709
Number is 64
G.2.2_index_2_VS_G.5.3_index_1[18] 
Ngay: 20130621,20130622,20130623,20130629,20130630,20130702,20130703,20130704,20130705,20130706,20130707,20130709,20130710
Number is 67
G.3.2_index_4_VS_G.5.4_index_3[19] 
Ngay: 20130624,20130625,20130626,20130627,20130628,20130702,20130703,20130704,20130705,20130706,20130707
Number is 68
G.DB_index_5_VS_G.5.6_index_1[20] 
Ngay: 20130620,20130621,20130623,20130624,20130629,20130630,20130702,20130703,20130704,20130705,20130706,20130707,20130710,20130711
Number is 69
G.2.2_index_5_VS_G.3.4_index_1[21] 
Ngay: 20130621,20130622,20130626,20130628,20130702,20130703,20130704,20130705,20130706,20130707,20130709,20130711
Number is 73
G.3.3_index_1_VS_G.3.3_index_4[22] 
Ngay: 20130621,20130622,20130625,20130627,20130628,20130629,20130702,20130703,20130704,20130705,20130706,20130707,20130709,20130710,20130711
Number is 74
G.3.3_index_1_VS_G.3.3_index_3[23] 
Ngay: 20130624,20130626,20130627,20130702,20130703,20130704,20130705,20130706,20130707,20130708,20130709,20130711
Number is 79
G.3.1_index_5_VS_G.6.2_index_1[24] 
Ngay: 20130620,20130622,20130624,20130625,20130626,20130627,20130628,20130629,20130702,20130703,20130704,20130705,20130706,20130707,20130708
Number is 84
G.7.1_index_1_VS_G.5.6_index_3[25] 
Ngay: 20130620,20130622,20130623,20130626,20130702,20130703,20130704,20130705,20130706,20130707,20130710
Number is 86
G.3.1_index_4_VS_G.4.2_index_1[26] 
Ngay: 20130620,20130625,20130627,20130701,20130702,20130703,20130704,20130705,20130706,20130707,20130709,20130710
Number is 90
G.6.3_index_2_VS_G.5.3_index_4[27] 
Ngay: 20130621,20130622,20130623,20130624,20130626,20130627,20130701,20130702,20130703,20130704,20130705,20130706,20130707,20130708,20130711
G.3.6_index_1_VS_G.4.2_index_4[28] 
Ngay: 20130621,20130623,20130624,20130625,20130628,20130702,20130703,20130704,20130705,20130706,20130707,20130708
Number is 91
G.3.4_index_5_VS_G.4.1_index_2[29] 
Ngay: 20130620,20130621,20130622,20130627,20130629,20130702,20130703,20130704,20130705,20130706,20130707,20130708,20130710,20130711
Number is 93
G.3.4_index_1_VS_G.3.1_index_2[30] 
Ngay: 20130620,20130622,20130624,20130626,20130627,20130629,20130702,20130703,20130704,20130705,20130706,20130707,20130710,20130711
Number is 94
G.5.5_index_4_VS_G.5.6_index_3[31] 
Ngay: 20130620,20130622,20130623,20130624,20130626,20130702,20130703,20130704,20130705,20130706,20130707,20130708,20130711
Number is 95
G.3.6_index_4_VS_G.3.2_index_2[32] 
Ngay: 20130620,20130623,20130628,20130701,20130702,20130703,20130704,20130705,20130706,20130707,20130708,20130709,20130711
Number is 96
G.3.6_index_4_VS_G.2.2_index_5[33] 
Ngay: 20130621,20130625,20130627,20130628,20130702,20130703,20130704,20130705,20130706,20130707,20130710
Number is 97
G.6.2_index_1_VS_G.3.3_index_2[34] 
Ngay: 20130620,20130622,20130623,20130624,20130625,20130629,20130702,20130703,20130704,20130705,20130706,20130707,20130708,20130710
Number is 99
G.3.4_index_5_VS_G.3.6_index_5[35] 
Ngay: 20130621,20130630,20130701,20130702,20130703,20130704,20130705,20130706,20130707,20130708
