Last Date = 20130713
Number is 12
G.3.2_index_3_VS_G.5.2_index_2[1] 
Ngay: 20130623,20130624,20130627,20130630,20130703,20130704,20130705,20130706,20130707,20130708,20130710,20130711
Number is 13
G.3.6_index_1_VS_G.4.2_index_4[2] 
Ngay: 20130621,20130623,20130624,20130625,20130628,20130702,20130703,20130704,20130705,20130706,20130707,20130708,20130712
Number is 14
G.2.2_index_5_VS_G.5.5_index_3[3] 
Ngay: 20130621,20130625,20130627,20130629,20130701,20130703,20130704,20130705,20130706,20130707,20130708,20130710,20130711
G.3.5_index_3_VS_G.7.1_index_2[4] 
Ngay: 20130622,20130624,20130627,20130629,20130701,20130703,20130704,20130705,20130706,20130707,20130708
Number is 17
G.5.1_index_4_VS_G.3.1_index_2[5] 
Ngay: 20130620,20130621,20130622,20130624,20130625,20130626,20130701,20130703,20130704,20130705,20130706,20130707,20130708,20130709,20130711
Number is 19
G.DB_index_2_VS_G.6.1_index_2[6] 
Ngay: 20130620,20130622,20130623,20130627,20130629,20130702,20130703,20130704,20130705,20130706,20130707,20130708,20130710,20130711,20130712
Number is 21
G.5.6_index_3_VS_G.1.1_index_5[7] 
Ngay: 20130620,20130626,20130627,20130628,20130630,20130703,20130704,20130705,20130706,20130707,20130708,20130710,20130711,20130712
G.5.6_index_3_VS_G.5.2_index_4[8] 
Ngay: 20130620,20130623,20130624,20130628,20130630,20130703,20130704,20130705,20130706,20130707,20130708,20130710,20130712
Number is 22
G.5.2_index_2_VS_G.5.3_index_1[9] 
Ngay: 20130621,20130622,20130623,20130627,20130630,20130702,20130703,20130704,20130705,20130706,20130707,20130708,20130711
G.5.6_index_3_VS_G.5.3_index_3[10] 
Ngay: 20130620,20130621,20130622,20130623,20130626,20130627,20130630,20130702,20130703,20130704,20130705,20130706,20130707,20130708,20130709,20130710,20130711
Number is 24
G.5.6_index_3_VS_G.DB_index_3[11] 
Ngay: 20130620,20130623,20130624,20130625,20130626,20130630,20130701,20130703,20130704,20130705,20130706,20130707,20130708,20130709,20130711
Number is 25
G.5.3_index_1_VS_G.4.3_index_1[12] 
Ngay: 20130630,20130703,20130704,20130705,20130706,20130707,20130708,20130709,20130710,20130711
G.5.6_index_3_VS_G.5.4_index_1[13] 
Ngay: 20130622,20130623,20130624,20130702,20130703,20130704,20130705,20130706,20130707,20130708,20130710
Number is 27
G.7.4_index_1_VS_G.4.1_index_4[14] 
Ngay: 20130620,20130621,20130623,20130626,20130627,20130701,20130703,20130704,20130705,20130706,20130707,20130708,20130709
G.5.6_index_3_VS_G.4.4_index_4[15] 
Ngay: 20130621,20130624,20130627,20130702,20130703,20130704,20130705,20130706,20130707,20130708,20130710,20130711,20130712
Number is 28
G.5.6_index_3_VS_G.7.3_index_2[16] 
Ngay: 20130620,20130622,20130623,20130627,20130703,20130704,20130705,20130706,20130707,20130708,20130710,20130711
Number is 31
G.6.2_index_2_VS_G.3.5_index_3[17] 
Ngay: 20130621,20130622,20130623,20130624,20130626,20130627,20130628,20130629,20130630,20130703,20130704,20130705,20130706,20130707,20130708
Number is 32
G.6.2_index_1_VS_G.3.3_index_2[18] 
Ngay: 20130620,20130622,20130623,20130624,20130625,20130629,20130702,20130703,20130704,20130705,20130706,20130707,20130708,20130710,20130712
Number is 33
G.3.4_index_5_VS_G.3.6_index_5[19] 
Ngay: 20130621,20130630,20130701,20130702,20130703,20130704,20130705,20130706,20130707,20130708
Number is 34
G.3.4_index_5_VS_G.4.1_index_2[20] 
Ngay: 20130620,20130621,20130622,20130627,20130629,20130702,20130703,20130704,20130705,20130706,20130707,20130708,20130710,20130711
Number is 36
G.4.2_index_4_VS_G.4.2_index_1[21] 
Ngay: 20130624,20130625,20130626,20130629,20130630,20130701,20130703,20130704,20130705,20130706,20130707,20130708,20130711
Number is 37
G.3.6_index_5_VS_G.6.3_index_3[22] 
Ngay: 20130621,20130624,20130625,20130627,20130628,20130629,20130703,20130704,20130705,20130706,20130707,20130708,20130709,20130710
G.2.1_index_4_VS_G.4.4_index_4[23] 
Ngay: 20130621,20130627,20130628,20130701,20130703,20130704,20130705,20130706,20130707,20130708,20130710
Number is 43
G.3.1_index_5_VS_G.6.2_index_1[24] 
Ngay: 20130620,20130622,20130624,20130625,20130626,20130627,20130628,20130629,20130702,20130703,20130704,20130705,20130706,20130707,20130708,20130712
Number is 47
G.3.1_index_5_VS_G.2.1_index_5[25] 
Ngay: 20130622,20130626,20130628,20130629,20130701,20130703,20130704,20130705,20130706,20130707,20130708,20130710,20130711
Number is 48
G.DB_index_4_VS_G.DB_index_5[26] 
Ngay: 20130624,20130625,20130626,20130627,20130703,20130704,20130705,20130706,20130707,20130708,20130710,20130712
Number is 55
G.3.2_index_1_VS_G.6.3_index_2[27] 
Ngay: 20130621,20130622,20130624,20130627,20130630,20130701,20130703,20130704,20130705,20130706,20130707,20130708,20130709,20130711,20130712
G.3.4_index_4_VS_G.6.3_index_2[28] 
Ngay: 20130621,20130623,20130624,20130627,20130703,20130704,20130705,20130706,20130707,20130708,20130709,20130710
Number is 59
G.6.3_index_2_VS_G.5.3_index_4[29] 
Ngay: 20130621,20130622,20130623,20130624,20130626,20130627,20130701,20130702,20130703,20130704,20130705,20130706,20130707,20130708,20130711,20130712
G.3.3_index_1_VS_G.3.3_index_3[30] 
Ngay: 20130624,20130626,20130627,20130702,20130703,20130704,20130705,20130706,20130707,20130708,20130709,20130711,20130712
Number is 64
G.3.6_index_4_VS_G.3.2_index_2[31] 
Ngay: 20130620,20130623,20130628,20130701,20130702,20130703,20130704,20130705,20130706,20130707,20130708,20130709,20130711
Number is 75
G.2.2_index_1_VS_G.6.3_index_2[32] 
Ngay: 20130621,20130623,20130624,20130626,20130627,20130630,20130701,20130703,20130704,20130705,20130706,20130707,20130708,20130710,20130711,20130712
G.4.1_index_4_VS_G.4.3_index_1[33] 
Ngay: 20130620,20130624,20130625,20130627,20130701,20130703,20130704,20130705,20130706,20130707,20130708,20130710
Number is 82
G.3.6_index_3_VS_G.5.6_index_3[34] 
Ngay: 20130620,20130623,20130624,20130625,20130626,20130628,20130630,20130702,20130703,20130704,20130705,20130706,20130707,20130708,20130709,20130712
Number is 92
G.5.5_index_4_VS_G.5.6_index_3[35] 
Ngay: 20130620,20130622,20130623,20130624,20130626,20130702,20130703,20130704,20130705,20130706,20130707,20130708,20130711,20130712
G.7.4_index_2_VS_G.5.6_index_3[36] 
Ngay: 20130620,20130623,20130625,20130626,20130701,20130703,20130704,20130705,20130706,20130707,20130708
G.5.1_index_1_VS_G.5.6_index_3[37] 
Ngay: 20130621,20130623,20130626,20130703,20130704,20130705,20130706,20130707,20130708,20130710,20130711
