Last Date = 20130713
Number is 03
G.2.2_index_4_VS_G.4.2_index_4[1] 
Ngay: 20130620,20130624,20130628,20130629,20130630,20130705,20130707,20130708,20130709,20130710,20130711,20130712
Number is 05
G.5.4_index_4_VS_G.6.3_index_2[2] 
Ngay: 20130621,20130622,20130624,20130626,20130627,20130702,20130706,20130707,20130708,20130709,20130710,20130711,20130712
Number is 10
G.7.3_index_1_VS_G.3.1_index_4[3] 
Ngay: 20130620,20130622,20130624,20130625,20130627,20130628,20130704,20130705,20130706,20130707,20130708,20130709,20130710,20130711,20130712
Number is 12
G.3.5_index_3_VS_G.3.4_index_1[4] 
Ngay: 20130621,20130625,20130626,20130627,20130704,20130707,20130708,20130709,20130710,20130711,20130712
Number is 14
G.3.5_index_3_VS_G.DB_index_3[5] 
Ngay: 20130620,20130623,20130626,20130630,20130701,20130705,20130707,20130708,20130709,20130710,20130711,20130712
Number is 15
G.3.5_index_3_VS_G.4.4_index_3[6] 
Ngay: 20130620,20130621,20130623,20130625,20130626,20130629,20130701,20130705,20130707,20130708,20130709,20130710,20130711,20130712
Number is 17
G.5.1_index_3_VS_G.2.2_index_3[7] 
Ngay: 20130623,20130624,20130625,20130626,20130629,20130630,20130702,20130703,20130705,20130707,20130708,20130709,20130710,20130711,20130712
Number is 18
G.7.2_index_1_VS_G.7.3_index_2[8] 
Ngay: 20130620,20130629,20130701,20130702,20130703,20130704,20130705,20130707,20130708,20130709,20130710,20130711,20130712
Number is 21
G.5.6_index_3_VS_G.5.1_index_3[9] 
Ngay: 20130623,20130626,20130627,20130628,20130629,20130630,20130702,20130703,20130705,20130706,20130707,20130708,20130709,20130710,20130711,20130712
G.5.6_index_3_VS_G.DB_index_2[10] 
Ngay: 20130624,20130626,20130628,20130703,20130705,20130706,20130707,20130708,20130709,20130710,20130711,20130712
Number is 22
G.5.6_index_3_VS_G.3.3_index_2[11] 
Ngay: 20130621,20130622,20130623,20130624,20130701,20130703,20130705,20130706,20130707,20130708,20130709,20130710,20130711,20130712
Number is 25
G.5.6_index_3_VS_G.3.2_index_1[12] 
Ngay: 20130620,20130623,20130624,20130628,20130702,20130703,20130707,20130708,20130709,20130710,20130711,20130712
G.3.3_index_2_VS_G.5.4_index_1[13] 
Ngay: 20130623,20130624,20130625,20130627,20130629,20130630,20130702,20130707,20130708,20130709,20130710,20130711,20130712
G.5.2_index_2_VS_G.4.1_index_1[14] 
Ngay: 20130623,20130624,20130626,20130629,20130704,20130705,20130707,20130708,20130709,20130710,20130711,20130712
Number is 27
G.5.2_index_2_VS_G.4.2_index_2[15] 
Ngay: 20130621,20130623,20130625,20130630,20130702,20130705,20130707,20130708,20130709,20130710,20130711,20130712
Number is 29
G.5.2_index_2_VS_G.5.4_index_3[16] 
Ngay: 20130620,20130621,20130623,20130624,20130625,20130626,20130627,20130628,20130701,20130702,20130704,20130707,20130708,20130709,20130710,20130711,20130712
Number is 37
G.6.2_index_2_VS_G.3.1_index_2[17] 
Ngay: 20130625,20130628,20130706,20130707,20130708,20130709,20130710,20130711,20130712
Number is 42
G.4.1_index_2_VS_G.5.6_index_3[18] 
Ngay: 20130620,20130623,20130629,20130630,20130702,20130703,20130705,20130706,20130707,20130708,20130709,20130710,20130711,20130712
Number is 47
G.3.3_index_5_VS_G.3.2_index_5[19] 
Ngay: 20130620,20130622,20130623,20130624,20130703,20130704,20130706,20130707,20130708,20130709,20130710,20130711,20130712
Number is 51
G.5.4_index_1_VS_G.DB_index_2[20] 
Ngay: 20130621,20130624,20130625,20130626,20130629,20130630,20130703,20130704,20130706,20130707,20130708,20130709,20130710,20130711,20130712
G.6.3_index_2_VS_G.DB_index_2[21] 
Ngay: 20130621,20130623,20130624,20130626,20130630,20130702,20130705,20130707,20130708,20130709,20130710,20130711,20130712
Number is 55
G.3.2_index_1_VS_G.4.2_index_3[22] 
Ngay: 20130623,20130624,20130629,20130701,20130702,20130704,20130705,20130707,20130708,20130709,20130710,20130711,20130712
Number is 56
G.5.4_index_1_VS_G.7.2_index_2[23] 
Ngay: 20130620,20130622,20130624,20130627,20130628,20130629,20130701,20130702,20130703,20130704,20130705,20130707,20130708,20130709,20130710,20130711,20130712
Number is 59
G.6.3_index_2_VS_G.5.1_index_1[24] 
Ngay: 20130626,20130630,20130701,20130705,20130707,20130708,20130709,20130710,20130711,20130712
Number is 61
G.5.2_index_1_VS_G.2.2_index_5[25] 
Ngay: 20130621,20130623,20130624,20130626,20130628,20130629,20130706,20130707,20130708,20130709,20130710,20130711,20130712
Number is 63
G.3.5_index_2_VS_G.2.1_index_4[26] 
Ngay: 20130620,20130624,20130625,20130627,20130703,20130707,20130708,20130709,20130710,20130711,20130712
Number is 70
G.3.1_index_2_VS_G.4.3_index_3[27] 
Ngay: 20130620,20130623,20130628,20130629,20130630,20130703,20130704,20130707,20130708,20130709,20130710,20130711,20130712
Number is 74
G.6.3_index_3_VS_G.5.5_index_3[28] 
Ngay: 20130622,20130624,20130629,20130630,20130702,20130703,20130705,20130707,20130708,20130709,20130710,20130711,20130712
Number is 75
G.3.1_index_2_VS_G.3.3_index_1[29] 
Ngay: 20130621,20130623,20130626,20130627,20130628,20130629,20130702,20130706,20130707,20130708,20130709,20130710,20130711,20130712
Number is 81
G.3.6_index_3_VS_G.3.5_index_3[30] 
Ngay: 20130620,20130621,20130622,20130626,20130628,20130629,20130701,20130702,20130705,20130707,20130708,20130709,20130710,20130711,20130712
Number is 91
G.6.1_index_2_VS_G.1.1_index_5[31] 
Ngay: 20130621,20130622,20130629,20130630,20130705,20130707,20130708,20130709,20130710,20130711,20130712
Number is 92
G.6.1_index_1_VS_G.5.6_index_3[32] 
Ngay: 20130620,20130621,20130622,20130626,20130627,20130701,20130702,20130703,20130705,20130707,20130708,20130709,20130710,20130711,20130712
Number is 93
G.3.3_index_3_VS_G.4.2_index_4[33] 
Ngay: 20130622,20130624,20130702,20130703,20130704,20130705,20130707,20130708,20130709,20130710,20130711,20130712
Number is 94
G.5.4_index_3_VS_G.DB_index_3[34] 
Ngay: 20130620,20130621,20130624,20130626,20130628,20130704,20130707,20130708,20130709,20130710,20130711,20130712
