Last Date = 20130714
Number is 06
G.5.4_index_1_VS_G.7.2_index_2[1] 
Ngay: 20130620,20130622,20130624,20130627,20130628,20130629,20130701,20130702,20130703,20130704,20130705,20130707,20130708,20130709,20130710,20130711,20130712,20130713
Number is 09
G.5.2_index_3_VS_G.6.3_index_3[2] 
Ngay: 20130625,20130626,20130628,20130629,20130702,20130703,20130704,20130705,20130708,20130709,20130710,20130711,20130712,20130713
G.3.5_index_2_VS_G.2.1_index_4[3] 
Ngay: 20130620,20130624,20130625,20130627,20130703,20130707,20130708,20130709,20130710,20130711,20130712,20130713
Number is 12
G.4.1_index_2_VS_G.DB_index_1[4] 
Ngay: 20130621,20130625,20130628,20130701,20130704,20130705,20130708,20130709,20130710,20130711,20130712,20130713
Number is 19
G.4.1_index_2_VS_G.DB_index_5[5] 
Ngay: 20130620,20130621,20130626,20130703,20130704,20130705,20130706,20130708,20130709,20130710,20130711,20130712,20130713
Number is 26
G.5.5_index_1_VS_G.2.2_index_4[6] 
Ngay: 20130620,20130623,20130624,20130626,20130628,20130629,20130705,20130708,20130709,20130710,20130711,20130712,20130713
Number is 28
G.3.1_index_2_VS_G.3.3_index_1[7] 
Ngay: 20130621,20130623,20130626,20130627,20130628,20130629,20130702,20130706,20130707,20130708,20130709,20130710,20130711,20130712,20130713
Number is 41
G.3.6_index_3_VS_G.4.1_index_2[8] 
Ngay: 20130622,20130623,20130624,20130626,20130628,20130701,20130702,20130704,20130705,20130706,20130708,20130709,20130710,20130711,20130712,20130713
Number is 47
G.3.6_index_3_VS_G.1.1_index_3[9] 
Ngay: 20130621,20130622,20130626,20130627,20130628,20130629,20130701,20130705,20130708,20130709,20130710,20130711,20130712,20130713
G.7.3_index_1_VS_G.3.1_index_4[10] 
Ngay: 20130620,20130622,20130624,20130625,20130627,20130628,20130704,20130705,20130706,20130707,20130708,20130709,20130710,20130711,20130712,20130713
Number is 49
G.3.6_index_3_VS_G.5.5_index_3[11] 
Ngay: 20130620,20130621,20130622,20130626,20130628,20130702,20130705,20130706,20130708,20130709,20130710,20130711,20130712,20130713
Number is 53
G.5.2_index_2_VS_G.5.4_index_3[12] 
Ngay: 20130620,20130621,20130623,20130624,20130625,20130626,20130627,20130628,20130701,20130702,20130704,20130707,20130708,20130709,20130710,20130711,20130712,20130713
Number is 60
G.3.3_index_3_VS_G.4.2_index_4[13] 
Ngay: 20130622,20130624,20130702,20130703,20130704,20130705,20130707,20130708,20130709,20130710,20130711,20130712,20130713
Number is 62
G.6.2_index_2_VS_G.3.1_index_2[14] 
Ngay: 20130625,20130628,20130706,20130707,20130708,20130709,20130710,20130711,20130712,20130713
Number is 67
G.3.6_index_5_VS_G.7.4_index_2[15] 
Ngay: 20130620,20130621,20130622,20130623,20130627,20130628,20130629,20130703,20130706,20130708,20130709,20130710,20130711,20130712,20130713
Number is 76
G.3.3_index_2_VS_G.3.3_index_3[16] 
Ngay: 20130620,20130621,20130622,20130623,20130624,20130625,20130629,20130704,20130706,20130708,20130709,20130710,20130711,20130712,20130713
Number is 80
G.3.3_index_5_VS_G.3.2_index_5[17] 
Ngay: 20130620,20130622,20130623,20130624,20130703,20130704,20130706,20130707,20130708,20130709,20130710,20130711,20130712,20130713
Number is 87
G.5.6_index_3_VS_G.1.1_index_3[18] 
Ngay: 20130621,20130623,20130624,20130626,20130630,20130702,20130703,20130704,20130705,20130708,20130709,20130710,20130711,20130712,20130713
Number is 88
G.6.1_index_1_VS_G.5.6_index_3[19] 
Ngay: 20130620,20130621,20130622,20130626,20130627,20130701,20130702,20130703,20130705,20130707,20130708,20130709,20130710,20130711,20130712,20130713
Number is 93
G.5.5_index_3_VS_G.2.2_index_3[20] 
Ngay: 20130621,20130622,20130623,20130626,20130628,20130701,20130702,20130704,20130706,20130708,20130709,20130710,20130711,20130712,20130713
Number is 97
G.5.3_index_4_VS_G.5.3_index_3[21] 
Ngay: 20130620,20130621,20130622,20130624,20130625,20130627,20130629,20130630,20130701,20130704,20130705,20130706,20130708,20130709,20130710,20130711,20130712,20130713
Number is 99
G.5.3_index_4_VS_G.6.3_index_3[22] 
Ngay: 20130620,20130623,20130625,20130626,20130629,20130701,20130702,20130703,20130704,20130706,20130708,20130709,20130710,20130711,20130712,20130713
G.2.2_index_1_VS_G.3.4_index_5[23] 
Ngay: 20130620,20130622,20130623,20130624,20130625,20130627,20130628,20130701,20130702,20130705,20130708,20130709,20130710,20130711,20130712,20130713
G.6.3_index_3_VS_G.5.5_index_3[24] 
Ngay: 20130622,20130624,20130629,20130630,20130702,20130703,20130705,20130707,20130708,20130709,20130710,20130711,20130712,20130713
