Last Date = 20130716
Number is 03
G.5.2_index_3_VS_G.4.1_index_1[1] 
Ngay: 20130621,20130623,20130626,20130628,20130629,20130630,20130703,20130704,20130707,20130710,20130711,20130712,20130713,20130714,20130715
Number is 09
G.5.2_index_3_VS_G.1.1_index_2[2] 
Ngay: 20130622,20130623,20130624,20130626,20130628,20130629,20130630,20130704,20130707,20130708,20130710,20130711,20130712,20130713,20130714,20130715
Number is 12
G.5.2_index_2_VS_G.5.4_index_3[3] 
Ngay: 20130620,20130621,20130623,20130624,20130625,20130626,20130627,20130628,20130701,20130702,20130704,20130707,20130708,20130709,20130710,20130711,20130712,20130713,20130714,20130715
G.3.1_index_1_VS_G.2.1_index_2[4] 
Ngay: 20130621,20130622,20130629,20130701,20130703,20130705,20130707,20130708,20130710,20130711,20130712,20130713,20130714,20130715
Number is 18
G.3.1_index_1_VS_G.1.1_index_5[5] 
Ngay: 20130622,20130627,20130628,20130629,20130630,20130701,20130704,20130705,20130710,20130711,20130712,20130713,20130714,20130715
Number is 21
G.3.5_index_2_VS_G.3.1_index_4[6] 
Ngay: 20130620,20130623,20130630,20130701,20130705,20130710,20130711,20130712,20130713,20130714,20130715
Number is 22
G.5.4_index_3_VS_G.6.1_index_1[7] 
Ngay: 20130620,20130622,20130626,20130628,20130702,20130707,20130709,20130710,20130711,20130712,20130713,20130714,20130715
Number is 24
G.5.2_index_1_VS_G.2.2_index_1[8] 
Ngay: 20130620,20130621,20130622,20130624,20130626,20130629,20130701,20130703,20130708,20130710,20130711,20130712,20130713,20130714,20130715
Number is 31
G.4.1_index_1_VS_G.DB_index_1[9] 
Ngay: 20130620,20130621,20130622,20130624,20130628,20130703,20130708,20130710,20130711,20130712,20130713,20130714,20130715
Number is 33
G.3.6_index_3_VS_G.5.5_index_1[10] 
Ngay: 20130620,20130621,20130625,20130626,20130628,20130702,20130704,20130708,20130710,20130711,20130712,20130713,20130714,20130715
Number is 35
G.5.5_index_1_VS_G.2.2_index_4[11] 
Ngay: 20130620,20130623,20130624,20130626,20130628,20130629,20130705,20130708,20130709,20130710,20130711,20130712,20130713,20130714,20130715
Number is 37
G.5.5_index_1_VS_G.3.3_index_4[12] 
Ngay: 20130620,20130623,20130625,20130627,20130628,20130629,20130630,20130702,20130705,20130707,20130709,20130710,20130711,20130712,20130713,20130714,20130715
Number is 44
G.3.3_index_3_VS_G.5.4_index_4[13] 
Ngay: 20130624,20130629,20130702,20130709,20130710,20130711,20130712,20130713,20130714,20130715
Number is 46
G.6.3_index_1_VS_G.7.4_index_2[14] 
Ngay: 20130628,20130630,20130701,20130705,20130710,20130711,20130712,20130713,20130714,20130715
Number is 50
G.3.4_index_3_VS_G.5.2_index_3[15] 
Ngay: 20130620,20130621,20130626,20130628,20130629,20130630,20130702,20130703,20130705,20130707,20130708,20130710,20130711,20130712,20130713,20130714,20130715
Number is 54
G.3.4_index_3_VS_G.5.5_index_4[16] 
Ngay: 20130626,20130628,20130629,20130702,20130703,20130704,20130705,20130707,20130710,20130711,20130712,20130713,20130714,20130715
Number is 58
G.2.2_index_4_VS_G.2.2_index_5[17] 
Ngay: 20130620,20130621,20130623,20130624,20130628,20130629,20130630,20130702,20130707,20130710,20130711,20130712,20130713,20130714,20130715
Number is 71
G.3.6_index_4_VS_G.3.5_index_1[18] 
Ngay: 20130620,20130621,20130624,20130625,20130626,20130627,20130629,20130630,20130703,20130704,20130705,20130706,20130709,20130710,20130711,20130712,20130713,20130714,20130715
G.4.2_index_4_VS_G.DB_index_1[19] 
Ngay: 20130620,20130624,20130625,20130627,20130628,20130629,20130630,20130702,20130703,20130707,20130708,20130710,20130711,20130712,20130713,20130714,20130715
Number is 72
G.3.1_index_2_VS_G.4.2_index_1[20] 
Ngay: 20130621,20130624,20130625,20130701,20130703,20130706,20130707,20130708,20130710,20130711,20130712,20130713,20130714,20130715
Number is 77
G.4.2_index_4_VS_G.3.3_index_4[21] 
Ngay: 20130621,20130622,20130625,20130629,20130704,20130706,20130710,20130711,20130712,20130713,20130714,20130715
G.3.3_index_4_VS_G.5.6_index_2[22] 
Ngay: 20130620,20130623,20130625,20130628,20130629,20130701,20130703,20130704,20130707,20130710,20130711,20130712,20130713,20130714,20130715
Number is 82
G.6.2_index_2_VS_G.5.2_index_1[23] 
Ngay: 20130623,20130628,20130629,20130630,20130701,20130706,20130707,20130710,20130711,20130712,20130713,20130714,20130715
G.5.1_index_2_VS_G.6.1_index_1[24] 
Ngay: 20130621,20130629,20130702,20130703,20130705,20130706,20130710,20130711,20130712,20130713,20130714,20130715
Number is 85
G.1.1_index_5_VS_G.2.2_index_4[25] 
Ngay: 20130620,20130621,20130627,20130710,20130711,20130712,20130713,20130714,20130715
Number is 87
G.6.2_index_2_VS_G.3.1_index_2[26] 
Ngay: 20130625,20130628,20130706,20130707,20130708,20130709,20130710,20130711,20130712,20130713,20130714,20130715
G.6.2_index_2_VS_G.3.3_index_4[27] 
Ngay: 20130621,20130622,20130625,20130627,20130629,20130702,20130705,20130706,20130707,20130709,20130710,20130711,20130712,20130713,20130714,20130715
Number is 92
G.4.3_index_3_VS_G.5.2_index_1[28] 
Ngay: 20130620,20130622,20130626,20130627,20130628,20130629,20130701,20130702,20130703,20130710,20130711,20130712,20130713,20130714,20130715
G.1.1_index_2_VS_G.3.5_index_2[29] 
Ngay: 20130620,20130624,20130625,20130630,20130701,20130704,20130705,20130707,20130710,20130711,20130712,20130713,20130714,20130715
Number is 93
G.6.3_index_3_VS_G.4.1_index_3[30] 
Ngay: 20130620,20130622,20130624,20130627,20130628,20130702,20130703,20130704,20130705,20130709,20130710,20130711,20130712,20130713,20130714,20130715
Number is 97
G.1.1_index_2_VS_G.3.1_index_2[31] 
Ngay: 20130621,20130623,20130628,20130629,20130630,20130703,20130706,20130707,20130708,20130710,20130711,20130712,20130713,20130714,20130715
