Last Date = 20130721
Number is 04
G.7.1_index_2_VS_G.4.3_index_1 [13] 
Ngay: 20130620,20130621,20130623,20130701,20130704,20130705,20130711,20130712,20130713,20130714,20130715,20130716
Number is 65
G.4.2_index_4_VS_G.DB_index_1 [11] 
Ngay: 20130620,20130624,20130625,20130627,20130628,20130629,20130630,20130702,20130703,20130707,20130708,20130710,20130711,20130712,20130713,20130714,20130715,20130716
Number is 82
G.5.4_index_4_VS_G.3.6_index_4 [4] 
Ngay: 20130621,20130622,20130623,20130626,20130627,20130630,20130703,20130705,20130706,20130708,20130711,20130712,20130713,20130714,20130715,20130716
