Last Date = 20130721
Number is 03
G.6.3_index_1_VS_G.7.4_index_2[1] 
Ngay: 20130628,20130630,20130701,20130705,20130710,20130711,20130712,20130713,20130714,20130715,20130716,20130717,20130718
Number is 04
G.7.1_index_2_VS_G.4.3_index_1[2] 
Ngay: 20130620,20130621,20130623,20130701,20130704,20130705,20130711,20130712,20130713,20130714,20130715,20130716
Number is 06
G.4.4_index_1_VS_G.4.2_index_4[3] 
Ngay: 20130621,20130624,20130626,20130629,20130630,20130705,20130708,20130711,20130712,20130713,20130714,20130715,20130716,20130719,20130720
Number is 17
G.1.1_index_5_VS_G.2.2_index_4[4] 
Ngay: 20130620,20130621,20130627,20130710,20130711,20130712,20130713,20130714,20130715,20130716,20130718,20130719,20130720
Number is 21
G.3.6_index_4_VS_G.2.2_index_1[5] 
Ngay: 20130620,20130622,20130623,20130624,20130625,20130626,20130701,20130702,20130704,20130705,20130708,20130711,20130712,20130713,20130714,20130715,20130716,20130718,20130720
Number is 22
G.3.6_index_4_VS_G.3.5_index_1[6] 
Ngay: 20130620,20130621,20130624,20130625,20130626,20130627,20130629,20130630,20130703,20130704,20130705,20130706,20130709,20130710,20130711,20130712,20130713,20130714,20130715,20130716,20130719,20130720
Number is 29
G.3.6_index_4_VS_G.2.1_index_5[7] 
Ngay: 20130620,20130623,20130624,20130625,20130626,20130704,20130705,20130706,20130711,20130712,20130713,20130714,20130715,20130716,20130720
Number is 31
G.5.4_index_3_VS_G.6.1_index_1[8] 
Ngay: 20130620,20130622,20130626,20130628,20130702,20130707,20130709,20130710,20130711,20130712,20130713,20130714,20130715,20130716,20130717,20130719,20130720
Number is 57
G.3.4_index_3_VS_G.5.5_index_4[9] 
Ngay: 20130626,20130628,20130629,20130702,20130703,20130704,20130705,20130707,20130710,20130711,20130712,20130713,20130714,20130715,20130716,20130719
Number is 65
G.4.2_index_4_VS_G.DB_index_1[10] 
Ngay: 20130620,20130624,20130625,20130627,20130628,20130629,20130630,20130702,20130703,20130707,20130708,20130710,20130711,20130712,20130713,20130714,20130715,20130716
Number is 67
G.6.2_index_2_VS_G.4.4_index_2[11] 
Ngay: 20130620,20130621,20130622,20130626,20130630,20130702,20130703,20130705,20130707,20130711,20130712,20130713,20130714,20130715,20130716,20130718
Number is 75
G.4.4_index_2_VS_G.5.5_index_3[12] 
Ngay: 20130621,20130622,20130626,20130701,20130702,20130705,20130709,20130711,20130712,20130713,20130714,20130715,20130716,20130719,20130720
Number is 76
G.2.2_index_4_VS_G.2.2_index_5[13] 
Ngay: 20130620,20130621,20130623,20130624,20130628,20130629,20130630,20130702,20130707,20130710,20130711,20130712,20130713,20130714,20130715,20130716,20130717,20130720
Number is 82
G.5.4_index_4_VS_G.3.6_index_4[14] 
Ngay: 20130621,20130622,20130623,20130626,20130627,20130630,20130703,20130705,20130706,20130708,20130711,20130712,20130713,20130714,20130715,20130716
Number is 97
G.2.1_index_1_VS_G.5.5_index_4[15] 
Ngay: 20130620,20130621,20130627,20130629,20130704,20130711,20130712,20130713,20130714,20130715,20130716,20130719
