Last Date = 20130813
Number is 22
G.4.3_index_2_VS_G.5.5_index_1 [10] 
Ngay: 20130620,20130624,20130706,20130711,20130714,20130715,20130717,20130718,20130719,20130720,20130721,20130722,20130806,20130807,20130810,20130811,20130812
Number is 54
G.4.4_index_1_VS_G.5.5_index_3 [14] 
Ngay: 20130623,20130624,20130626,20130629,20130703,20130704,20130706,20130707,20130708,20130709,20130712,20130713,20130716,20130717,20130718,20130719,20130720,20130721,20130722,20130727,20130728,20130729,20130806,20130809,20130812
Number is 55
G.3.6_index_1_VS_G.5.4_index_1 [12] 
Ngay: 20130621,20130622,20130624,20130628,20130630,20130705,20130706,20130707,20130711,20130715,20130717,20130718,20130719,20130720,20130721,20130722,20130727,20130728,20130730,20130802,20130807,20130809
Number is 93
G.2.1_index_2_VS_G.5.3_index_4 [15] 
Ngay: 20130620,20130621,20130622,20130623,20130624,20130626,20130629,20130704,20130705,20130706,20130708,20130711,20130717,20130718,20130719,20130720,20130721,20130722,20130729,20130801,20130805,20130806,20130808,20130809,20130810,20130811,20130812
G.5.4_index_2_VS_G.1.1_index_5 [3] 
Ngay: 20130621,20130625,20130629,20130630,20130701,20130702,20130710,20130711,20130712,20130714,20130715,20130717,20130718,20130719,20130720,20130721,20130722,20130728,20130729,20130731,20130806,20130807,20130808
