Last Date = 20130813
Number is 10
G.2.2_index_5_VS_G.5.3_index_2 [11] 
Ngay: 20130630,20130701,20130706,20130708,20130711,20130714,20130715,20130716,20130718,20130719,20130720,20130721,20130722,20130723,20130729,20130804,20130809,20130810
Number is 26
G.3.1_index_2_VS_G.3.5_index_1 [16] 
Ngay: 20130620,20130621,20130623,20130627,20130628,20130629,20130705,20130706,20130707,20130709,20130710,20130712,20130713,20130715,20130716,20130717,20130718,20130719,20130720,20130721,20130722,20130723,20130804,20130805,20130812
Number is 28
G.5.5_index_1_VS_G.3.4_index_5 [19] 
Ngay: 20130624,20130625,20130627,20130701,20130705,20130707,20130709,20130711,20130713,20130718,20130719,20130720,20130721,20130722,20130723,20130729,20130730,20130731,20130802,20130807,20130808,20130812
