Last Date = 20130726
Number is 05
G.DB_index_3_VS_G.4.1_index_1[1] 
Ngay: 20130620,20130629,20130630,20130702,20130704,20130705,20130708,20130710,20130711,20130712,20130713,20130714,20130718,20130720,20130721,20130722,20130723,20130724,20130725
Number is 13
G.3.5_index_4_VS_G.4.1_index_2[2] 
Ngay: 20130620,20130621,20130701,20130703,20130705,20130708,20130709,20130712,20130716,20130718,20130720,20130721,20130722,20130723,20130724,20130725
Number is 18
G.2.2_index_3_VS_G.3.3_index_2[3] 
Ngay: 20130621,20130623,20130624,20130627,20130628,20130630,20130701,20130702,20130706,20130708,20130710,20130711,20130714,20130718,20130719,20130720,20130721,20130722,20130723,20130724,20130725
Number is 22
G.5.5_index_2_VS_G.2.1_index_5[4] 
Ngay: 20130620,20130622,20130623,20130626,20130628,20130630,20130701,20130703,20130704,20130705,20130708,20130711,20130712,20130715,20130718,20130719,20130720,20130721,20130722,20130723,20130724,20130725
G.5.5_index_2_VS_G.7.1_index_1[5] 
Ngay: 20130620,20130622,20130623,20130626,20130628,20130629,20130701,20130702,20130703,20130711,20130712,20130713,20130714,20130717,20130719,20130720,20130721,20130722,20130723,20130724,20130725
Number is 28
G.3.6_index_2_VS_G.3.1_index_2[6] 
Ngay: 20130621,20130623,20130628,20130704,20130707,20130711,20130713,20130715,20130716,20130717,20130719,20130720,20130721,20130722,20130723,20130724,20130725
Number is 31
G.3.1_index_3_VS_G.5.6_index_4[7] 
Ngay: 20130627,20130630,20130701,20130711,20130718,20130720,20130721,20130722,20130723,20130724,20130725
Number is 35
G.4.3_index_3_VS_G.6.1_index_1[8] 
Ngay: 20130626,20130701,20130707,20130709,20130712,20130713,20130714,20130715,20130717,20130718,20130720,20130721,20130722,20130723,20130724,20130725
Number is 39
G.3.1_index_3_VS_G.DB_index_5[9] 
Ngay: 20130620,20130622,20130623,20130626,20130705,20130713,20130715,20130720,20130721,20130722,20130723,20130724,20130725
Number is 51
G.4.1_index_1_VS_G.2.2_index_1[10] 
Ngay: 20130621,20130622,20130623,20130624,20130626,20130629,20130701,20130708,20130713,20130715,20130716,20130720,20130721,20130722,20130723,20130724,20130725
Number is 57
G.4.1_index_1_VS_G.2.2_index_4[11] 
Ngay: 20130620,20130623,20130624,20130625,20130627,20130702,20130703,20130705,20130706,20130708,20130709,20130711,20130712,20130714,20130720,20130721,20130722,20130723,20130724,20130725
Number is 64
G.5.4_index_3_VS_G.5.6_index_3[12] 
Ngay: 20130620,20130623,20130624,20130626,20130628,20130630,20130701,20130704,20130705,20130707,20130708,20130712,20130713,20130714,20130715,20130720,20130721,20130722,20130723,20130724,20130725
Number is 79
G.6.2_index_3_VS_G.DB_index_5[13] 
Ngay: 20130625,20130627,20130629,20130630,20130702,20130703,20130705,20130706,20130707,20130708,20130709,20130711,20130713,20130720,20130721,20130722,20130723,20130724,20130725
Number is 81
G.3.1_index_2_VS_G.3.3_index_1[14] 
Ngay: 20130621,20130623,20130626,20130627,20130628,20130629,20130702,20130706,20130707,20130708,20130709,20130710,20130711,20130712,20130713,20130715,20130719,20130720,20130721,20130722,20130723,20130724,20130725
Number is 83
G.1.1_index_5_VS_G.3.4_index_3[15] 
Ngay: 20130621,20130622,20130624,20130626,20130627,20130629,20130630,20130704,20130705,20130709,20130710,20130711,20130716,20130717,20130718,20130720,20130721,20130722,20130723,20130724,20130725
Number is 84
G.DB_index_1_VS_G.4.4_index_4[16] 
Ngay: 20130620,20130621,20130624,20130627,20130628,20130629,20130630,20130704,20130705,20130706,20130707,20130711,20130712,20130715,20130716,20130717,20130720,20130721,20130722,20130723,20130724,20130725
Number is 89
G.2.1_index_2_VS_G.5.4_index_4[17] 
Ngay: 20130620,20130621,20130622,20130624,20130703,20130705,20130709,20130710,20130713,20130714,20130719,20130720,20130721,20130722,20130723,20130724,20130725
Number is 91
G.3.4_index_4_VS_G.6.3_index_2[18] 
Ngay: 20130621,20130623,20130624,20130627,20130703,20130704,20130705,20130706,20130707,20130708,20130709,20130710,20130717,20130718,20130719,20130720,20130721,20130722,20130723,20130724,20130725
Number is 93
G.3.1_index_4_VS_G.3.2_index_2[19] 
Ngay: 20130620,20130621,20130623,20130627,20130702,20130709,20130711,20130717,20130718,20130720,20130721,20130722,20130723,20130724,20130725
Number is 96
G.DB_index_5_VS_G.5.6_index_1[20] 
Ngay: 20130620,20130621,20130623,20130624,20130629,20130630,20130702,20130703,20130704,20130705,20130706,20130707,20130710,20130711,20130717,20130720,20130721,20130722,20130723,20130724,20130725
Number is 97
G.4.3_index_1_VS_G.3.2_index_1[21] 
Ngay: 20130624,20130627,20130629,20130701,20130703,20130704,20130705,20130708,20130709,20130710,20130711,20130712,20130714,20130715,20130718,20130720,20130721,20130722,20130723,20130724,20130725
Number is 98
G.3.3_index_5_VS_G.3.3_index_2[22] 
Ngay: 20130620,20130622,20130623,20130624,20130627,20130701,20130705,20130706,20130711,20130712,20130715,20130716,20130718,20130720,20130721,20130722,20130723,20130724,20130725
Number is 99
G.4.4_index_2_VS_G.5.4_index_2[23] 
Ngay: 20130621,20130623,20130624,20130626,20130627,20130628,20130630,20130701,20130703,20130704,20130711,20130712,20130716,20130717,20130719,20130720,20130721,20130722,20130723,20130724,20130725
G.3.6_index_4_VS_G.4.3_index_4[24] 
Ngay: 20130627,20130628,20130630,20130703,20130705,20130706,20130709,20130714,20130718,20130720,20130721,20130722,20130723,20130724,20130725
