Last Date = 20130813
Number is 05
G.6.3_index_2_VS_G.4.3_index_1[1] 
Ngay: 20130622,20130625,20130630,20130701,20130702,20130708,20130714,20130717,20130718,20130719,20130721,20130722,20130723,20130724,20130725,20130726,20130731,20130802,20130807,20130808,20130812
Number is 25
G.3.6_index_5_VS_G.4.3_index_1[2] 
Ngay: 20130620,20130622,20130624,20130701,20130703,20130705,20130707,20130708,20130715,20130721,20130722,20130723,20130724,20130725,20130726,20130728,20130729,20130730,20130803,20130804,20130806,20130807,20130808,20130812
Number is 27
G.3.1_index_2_VS_G.3.3_index_1[3] 
Ngay: 20130621,20130623,20130626,20130627,20130628,20130629,20130702,20130706,20130707,20130708,20130709,20130710,20130711,20130712,20130713,20130715,20130719,20130720,20130721,20130722,20130723,20130724,20130725,20130726,20130730,20130731,20130801,20130803,20130804,20130806
Number is 28
G.6.2_index_3_VS_G.DB_index_5[4] 
Ngay: 20130625,20130627,20130629,20130630,20130702,20130703,20130705,20130706,20130707,20130708,20130709,20130711,20130713,20130720,20130721,20130722,20130723,20130724,20130725,20130726,20130727,20130801,20130803,20130805,20130808,20130810,20130811,20130812
Number is 33
G.DB_index_3_VS_G.6.3_index_3[5] 
Ngay: 20130620,20130621,20130624,20130626,20130630,20130701,20130702,20130704,20130705,20130711,20130713,20130721,20130722,20130723,20130724,20130725,20130726,20130728,20130802,20130803,20130804,20130805,20130808,20130811
Number is 34
G.1.1_index_5_VS_G.3.4_index_3[6] 
Ngay: 20130621,20130622,20130624,20130626,20130627,20130629,20130630,20130704,20130705,20130709,20130710,20130711,20130716,20130717,20130718,20130720,20130721,20130722,20130723,20130724,20130725,20130726,20130730,20130801,20130802,20130808,20130809,20130811,20130812
Number is 49
G.5.1_index_2_VS_G.2.1_index_5[7] 
Ngay: 20130620,20130623,20130624,20130627,20130702,20130708,20130710,20130711,20130712,20130715,20130718,20130721,20130722,20130723,20130724,20130725,20130726,20130730,20130731,20130801,20130803,20130805,20130806,20130808,20130810,20130811
Number is 50
G.3.4_index_4_VS_G.6.3_index_2[8] 
Ngay: 20130621,20130623,20130624,20130627,20130703,20130704,20130705,20130706,20130707,20130708,20130709,20130710,20130717,20130718,20130719,20130720,20130721,20130722,20130723,20130724,20130725,20130726,20130727,20130729,20130730,20130731,20130802,20130804,20130805,20130806,20130807,20130808,20130809,20130810
Number is 52
G.3.4_index_4_VS_G.2.2_index_1[9] 
Ngay: 20130620,20130622,20130623,20130624,20130626,20130628,20130630,20130701,20130704,20130705,20130707,20130708,20130711,20130713,20130714,20130715,20130716,20130719,20130721,20130722,20130723,20130724,20130725,20130726,20130727,20130731,20130803,20130805,20130806,20130808
Number is 54
G.6.1_index_2_VS_G.3.1_index_5[10] 
Ngay: 20130620,20130621,20130622,20130624,20130625,20130628,20130704,20130705,20130706,20130707,20130708,20130709,20130711,20130712,20130714,20130715,20130718,20130721,20130722,20130723,20130724,20130725,20130726,20130728,20130731,20130806,20130808,20130812
G.2.2_index_3_VS_G.3.3_index_2[11] 
Ngay: 20130621,20130623,20130624,20130627,20130628,20130630,20130701,20130702,20130706,20130708,20130710,20130711,20130714,20130718,20130719,20130720,20130721,20130722,20130723,20130724,20130725,20130726,20130727,20130728,20130806,20130810,20130812
Number is 59
G.4.3_index_1_VS_G.3.2_index_1[12] 
Ngay: 20130624,20130627,20130629,20130701,20130703,20130704,20130705,20130708,20130709,20130710,20130711,20130712,20130714,20130715,20130718,20130720,20130721,20130722,20130723,20130724,20130725,20130726,20130730,20130806
Number is 81
G.7.2_index_1_VS_G.3.5_index_5[13] 
Ngay: 20130625,20130629,20130630,20130706,20130709,20130711,20130717,20130721,20130722,20130723,20130724,20130725,20130726,20130730,20130731,20130801,20130802,20130805,20130807,20130812
Number is 83
G.3.6_index_4_VS_G.DB_index_3[14] 
Ngay: 20130625,20130626,20130703,20130704,20130705,20130706,20130708,20130710,20130713,20130714,20130715,20130721,20130722,20130723,20130724,20130725,20130726,20130727,20130731,20130804,20130812
G.1.1_index_4_VS_G.6.3_index_3[15] 
Ngay: 20130620,20130623,20130624,20130625,20130629,20130703,20130705,20130707,20130708,20130710,20130712,20130713,20130714,20130717,20130718,20130721,20130722,20130723,20130724,20130725,20130726,20130728,20130729,20130730,20130801,20130802,20130804,20130807,20130810
Number is 96
G.5.4_index_3_VS_G.5.6_index_3[16] 
Ngay: 20130620,20130623,20130624,20130626,20130628,20130630,20130701,20130704,20130705,20130707,20130708,20130712,20130713,20130714,20130715,20130720,20130721,20130722,20130723,20130724,20130725,20130726,20130729,20130801,20130803,20130805
Number is 99
G.3.1_index_3_VS_G.2.1_index_2[17] 
Ngay: 20130620,20130626,20130704,20130708,20130709,20130711,20130713,20130714,20130716,20130719,20130721,20130722,20130723,20130724,20130725,20130726,20130801,20130803,20130807,20130809
