Last Date = 20130705
Number is 12
G.1.1_index_4_VS_G.3.2_index_4 [1] 
Ngay: 20130622,20130626,20130628,20130629,20130630,20130701,20130702,20130703,20130704
Number is 33
G.7.4_index_1_VS_G.5.5_index_2 [2] 
Ngay: 20130621,20130623,20130626,20130628,20130629,20130630,20130701,20130702,20130703,20130704
Number is 34
G.7.4_index_1_VS_G.5.6_index_4 [3] 
Ngay: 20130620,20130621,20130622,20130625,20130628,20130629,20130630,20130701,20130702,20130703,20130704
Number is 36
G.5.5_index_2_VS_G.6.1_index_1 [4] 
Ngay: 20130621,20130622,20130625,20130626,20130628,20130629,20130630,20130701,20130702,20130703,20130704
Number is 37
G.1.1_index_1_VS_G.4.4_index_1 [5] 
Ngay: 20130623,20130624,20130625,20130627,20130628,20130629,20130630,20130701,20130702,20130703,20130704
Number is 39
G.5.4_index_2_VS_G.5.3_index_4 [6] 
Ngay: 20130623,20130626,20130627,20130628,20130629,20130630,20130701,20130702,20130703,20130704
Number is 40
G.3.5_index_4_VS_G.3.1_index_5 [7] 
Ngay: 20130622,20130624,20130627,20130628,20130629,20130630,20130701,20130702,20130703,20130704
Number is 60
G.3.1_index_4_VS_G.DB_index_3 [8] 
Ngay: 20130620,20130624,20130626,20130628,20130629,20130630,20130701,20130702,20130703,20130704
Number is 63
G.6.1_index_1_VS_G.2.2_index_4 [9] 
Ngay: 20130621,20130627,20130628,20130629,20130630,20130701,20130702,20130703,20130704
Number is 85
G.5.1_index_2_VS_G.3.6_index_2 [10] 
Ngay: 20130624,20130628,20130629,20130630,20130701,20130702,20130703,20130704
Number is 93
G.3.2_index_1_VS_G.2.1_index_5 [11] 
Ngay: 20130620,20130622,20130623,20130624,20130627,20130628,20130629,20130630,20130701,20130702,20130703,20130704
