Last Date = 20130723
Number is 00
G.3.2_index_1_VS_G.4.4_index_4 [1] 
Ngay: 20130621,20130624,20130627,20130629,20130701,20130704,20130705,20130707,20130711,20130713,20130715,20130716,20130717,20130718,20130719,20130720,20130721,20130722
Number is 11
G.5.3_index_4_VS_G.5.1_index_2 [2] 
Ngay: 20130620,20130622,20130623,20130626,20130704,20130705,20130707,20130710,20130712,20130713,20130716,20130717,20130718,20130719,20130720,20130721,20130722
Number is 24
G.5.6_index_3_VS_G.5.3_index_1 [3] 
Ngay: 20130622,20130623,20130625,20130627,20130630,20130703,20130706,20130707,20130709,20130710,20130711,20130714,20130716,20130717,20130718,20130719,20130720,20130721,20130722
Number is 40
G.3.6_index_1_VS_G.4.1_index_3 [4] 
Ngay: 20130620,20130621,20130623,20130624,20130628,20130703,20130705,20130708,20130711,20130712,20130714,20130716,20130717,20130718,20130719,20130720,20130721,20130722
Number is 46
G.4.4_index_1_VS_G.5.5_index_3 [5] 
Ngay: 20130623,20130624,20130626,20130629,20130703,20130704,20130706,20130707,20130708,20130709,20130712,20130713,20130716,20130717,20130718,20130719,20130720,20130721,20130722
Number is 54
G.3.4_index_4_VS_G.1.1_index_1 [6] 
Ngay: 20130627,20130629,20130701,20130706,20130709,20130713,20130716,20130717,20130718,20130719,20130720,20130721,20130722
Number is 61
G.3.5_index_5_VS_G.6.1_index_3 [7] 
Ngay: 20130621,20130627,20130629,20130630,20130705,20130711,20130712,20130713,20130716,20130717,20130718,20130719,20130720,20130721,20130722
Number is 81
G.3.1_index_2_VS_G.3.5_index_1 [8] 
Ngay: 20130620,20130621,20130623,20130627,20130628,20130629,20130705,20130706,20130707,20130709,20130710,20130712,20130713,20130715,20130716,20130717,20130718,20130719,20130720,20130721,20130722
