Last Date = 20130724
Number is 15
G.6.3_index_2_VS_G.3.1_index_4 [1] 
Ngay: 20130620,20130625,20130627,20130630,20130701,20130705,20130706,20130708,20130717,20130718,20130719,20130720,20130721,20130722,20130723
Number is 33
G.5.6_index_3_VS_G.5.3_index_1 [2] 
Ngay: 20130622,20130623,20130625,20130627,20130630,20130703,20130706,20130707,20130709,20130710,20130711,20130714,20130716,20130717,20130718,20130719,20130720,20130721,20130722,20130723
Number is 37
G.5.3_index_4_VS_G.5.1_index_2 [3] 
Ngay: 20130620,20130622,20130623,20130626,20130704,20130705,20130707,20130710,20130712,20130713,20130716,20130717,20130718,20130719,20130720,20130721,20130722,20130723
Number is 61
G.3.4_index_4_VS_G.6.3_index_2 [4] 
Ngay: 20130621,20130623,20130624,20130627,20130703,20130704,20130705,20130706,20130707,20130708,20130709,20130710,20130717,20130718,20130719,20130720,20130721,20130722,20130723
Number is 75
G.3.1_index_2_VS_G.3.3_index_4 [5] 
Ngay: 20130621,20130625,20130627,20130628,20130629,20130705,20130707,20130714,20130717,20130718,20130719,20130720,20130721,20130722,20130723
Number is 79
G.3.1_index_2_VS_G.3.5_index_1 [6] 
Ngay: 20130620,20130621,20130623,20130627,20130628,20130629,20130705,20130706,20130707,20130709,20130710,20130712,20130713,20130715,20130716,20130717,20130718,20130719,20130720,20130721,20130722,20130723
Number is 80
G.3.5_index_5_VS_G.6.1_index_3 [7] 
Ngay: 20130621,20130627,20130629,20130630,20130705,20130711,20130712,20130713,20130716,20130717,20130718,20130719,20130720,20130721,20130722,20130723
