Last Date = 20130728
Number is 02
G.3.6_index_4_VS_G.DB_index_3 [1] 
Ngay: 20130625,20130626,20130703,20130704,20130705,20130706,20130708,20130710,20130713,20130714,20130715,20130721,20130722,20130723,20130724,20130725,20130726,20130727
Number is 26
G.2.2_index_3_VS_G.3.3_index_2 [2] 
Ngay: 20130621,20130623,20130624,20130627,20130628,20130630,20130701,20130702,20130706,20130708,20130710,20130711,20130714,20130718,20130719,20130720,20130721,20130722,20130723,20130724,20130725,20130726,20130727
Number is 59
G.6.2_index_3_VS_G.DB_index_5 [3] 
Ngay: 20130625,20130627,20130629,20130630,20130702,20130703,20130705,20130706,20130707,20130708,20130709,20130711,20130713,20130720,20130721,20130722,20130723,20130724,20130725,20130726,20130727
Number is 78
G.3.4_index_4_VS_G.6.3_index_2 [4] 
Ngay: 20130621,20130623,20130624,20130627,20130703,20130704,20130705,20130706,20130707,20130708,20130709,20130710,20130717,20130718,20130719,20130720,20130721,20130722,20130723,20130724,20130725,20130726,20130727
Number is 79
G.3.4_index_4_VS_G.2.2_index_1 [5] 
Ngay: 20130620,20130622,20130623,20130624,20130626,20130628,20130630,20130701,20130704,20130705,20130707,20130708,20130711,20130713,20130714,20130715,20130716,20130719,20130721,20130722,20130723,20130724,20130725,20130726,20130727
