======== Current: 20120506 ========= 
Number is 00 
G.3.1_index_2_VS_G.3.3_index_5 [1] PLUS 1 
20120420,20120423,20120424,20120429,20120430,20120501,20120502,20120503,20120504,20120505,20120506,20120507,20120508,20120510,20120511,20120512,20120513,20120515,20120516,20120517,20120519,20120525,20120526,20120528,20120529,20120531,20120601 
Number is 02 
G.7.2_index_1_VS_G.4.3_index_3 [2] 
20120420,20120421,20120426,20120427,20120430,20120501,20120502,20120503,20120504,20120505,20120508,20120509,20120510,20120511,20120512,20120519,20120522,20120529 
Number is 05 
G.3.1_index_2_VS_G.2.1_index_2 [3] 
20120420,20120423,20120427,20120430,20120501,20120502,20120503,20120504,20120505,20120507,20120508,20120509,20120510,20120511,20120512,20120516,20120525,20120528,20120601 
Number is 08 
G.3.3_index_2_VS_G.5.5_index_2 [4] 
20120420,20120421,20120424,20120426,20120428,20120429,20120430,20120501,20120502,20120503,20120504,20120505,20120512,20120514,20120515,20120517,20120518,20120519,20120524 
Number is 11 
G.6.2_index_1_VS_G.5.4_index_1 [5] 
20120420,20120421,20120422,20120426,20120427,20120428,20120429,20120430,20120501,20120502,20120503,20120504,20120505,20120507,20120511,20120514,20120515,20120516,20120518,20120519,20120523,20120524 
Number is 16 
G.6.3_index_2_VS_G.5.3_index_4 [6] 
20120421,20120422,20120424,20120427,20120428,20120430,20120501,20120502,20120503,20120504,20120505,20120507,20120520,20120523,20120530,20120601 
Number is 19 
G.3.2_index_1_VS_G.6.1_index_2 [7] 
20120420,20120423,20120424,20120427,20120429,20120430,20120501,20120502,20120503,20120504,20120505,20120511,20120514,20120519,20120522,20120526,20120527,20120528,20120529,20120601 
Number is 21 
G.3.2_index_4_VS_G.3.2_index_1 [8] PLUS 1 
20120427,20120430,20120501,20120502,20120503,20120504,20120505,20120506,20120507,20120512,20120514,20120518,20120519,20120520,20120522,20120526,20120529,20120531,20120601 
Number is 22 
G.3.5_index_5_VS_G.4.3_index_3 [9] 
20120420,20120424,20120425,20120429,20120430,20120501,20120502,20120503,20120504,20120505,20120510,20120511,20120513,20120517,20120526,20120527 
Number is 29 
G.3.3_index_1_VS_G.6.1_index_2 [10] PLUS 1 
20120423,20120424,20120428,20120430,20120501,20120502,20120503,20120504,20120505,20120506,20120514,20120516,20120520,20120522,20120525,20120528,20120601 
Number is 40 
G.6.2_index_2_VS_G.3.3_index_2 [11] PLUS 1 
20120421,20120424,20120425,20120428,20120430,20120501,20120502,20120503,20120504,20120505,20120506,20120513,20120514,20120518,20120519,20120520,20120521,20120525,20120526,20120530,20120601 
Number is 43 
G.3.5_index_4_VS_G.3.4_index_3 [12] PLUS 1 
20120420,20120424,20120425,20120429,20120430,20120501,20120502,20120503,20120504,20120505,20120506,20120518,20120528,20120530,20120601 
Number is 50 
G.3.4_index_2_VS_G.4.1_index_3 [13] 
20120422,20120424,20120425,20120427,20120430,20120501,20120502,20120503,20120504,20120505,20120508,20120511,20120513,20120514,20120517,20120518,20120521,20120527,20120528,20120529,20120530 
Number is 52 
G.2.1_index_1_VS_G.4.4_index_1 [14] 
20120420,20120425,20120430,20120501,20120502,20120503,20120504,20120505,20120510,20120512,20120513,20120514,20120516,20120517,20120522,20120524,20120525,20120526,20120527,20120529,20120530,20120601 
Number is 56 
G.3.4_index_5_VS_G.2.1_index_3 [15] 
20120420,20120421,20120424,20120426,20120430,20120501,20120502,20120503,20120504,20120505,20120507,20120508,20120509,20120512,20120516,20120521,20120522,20120529,20120530 
Number is 60 
G.2.1_index_3_VS_G.3.1_index_4 [16] 
20120425,20120426,20120427,20120428,20120430,20120501,20120502,20120503,20120504,20120505,20120508,20120509,20120521,20120522,20120525,20120526,20120529 
Number is 63 
G.2.1_index_3_VS_G.7.1_index_1 [17] 
20120420,20120423,20120424,20120430,20120501,20120502,20120503,20120504,20120505,20120507,20120514,20120519,20120521,20120522,20120524,20120525,20120527,20120531 
Number is 68 
G.5.3_index_4_VS_G.5.4_index_4 [18] 
20120420,20120421,20120423,20120426,20120427,20120429,20120430,20120501,20120502,20120503,20120504,20120505,20120511,20120512,20120514,20120516,20120519,20120522,20120523,20120529,20120601 
Number is 69 
G.2.1_index_3_VS_G.6.3_index_3 [19] 
20120421,20120422,20120426,20120429,20120430,20120501,20120502,20120503,20120504,20120505,20120511,20120512,20120516,20120519,20120521,20120525,20120527,20120530 
Number is 70 
G.4.2_index_1_VS_G.7.4_index_2 [20] 
20120420,20120423,20120427,20120428,20120430,20120501,20120502,20120503,20120504,20120505,20120507,20120508,20120511,20120512,20120514,20120518,20120520,20120523,20120529 
Number is 72 
G.DB_index_1_VS_G.2.2_index_1 [21] 
20120422,20120428,20120430,20120501,20120502,20120503,20120504,20120505,20120509,20120512,20120522,20120523,20120601 
Number is 77 
G.4.2_index_1_VS_G.1.1_index_1 [22] PLUS 1 
20120422,20120423,20120425,20120427,20120430,20120501,20120502,20120503,20120504,20120505,20120506,20120510,20120511,20120512,20120514,20120515,20120516,20120518,20120521,20120525,20120529,20120601 
Number is 80 
G.5.3_index_2_VS_G.3.3_index_2 [23] 
20120421,20120422,20120424,20120425,20120428,20120430,20120501,20120502,20120503,20120504,20120505,20120508,20120509,20120511,20120512,20120515,20120519,20120524,20120525,20120527,20120529 
Number is 82 
G.5.3_index_2_VS_G.4.3_index_3 [24] 
20120421,20120422,20120424,20120426,20120427,20120428,20120429,20120430,20120501,20120502,20120503,20120504,20120505,20120510,20120512,20120513,20120515,20120519,20120520,20120523,20120526,20120527,20120529,20120530,20120601 
Number is 87 
G.5.5_index_2_VS_G.1.1_index_3 [25] 
20120421,20120422,20120423,20120425,20120429,20120430,20120501,20120502,20120503,20120504,20120505,20120507,20120511,20120512,20120514,20120518,20120520,20120524,20120528 
Number is 92 
G.6.1_index_2_VS_G.4.3_index_3 [26] PLUS 1 
20120421,20120422,20120424,20120427,20120429,20120430,20120501,20120502,20120503,20120504,20120505,20120506,20120510,20120511,20120512,20120513,20120515,20120517,20120518,20120520,20120522,20120526,20120528,20120529,20120530,20120601 
Number is 96 
G.6.1_index_2_VS_G.3.4_index_4 [27] 
20120424,20120425,20120428,20120430,20120501,20120502,20120503,20120504,20120505,20120508,20120510,20120511,20120513,20120514,20120523,20120528,20120530 
