======== Current: 20120524 ========= 
Number is 01 
G.6.3_index_3_VS_G.6.3_index_1 [1] 
20120422,20120423,20120425,20120428,20120501,20120503,20120506,20120509,20120513,20120514,20120515,20120518,20120519,20120520,20120521,20120522,20120523,20120529,20120530,20120601 
Number is 07 
G.4.2_index_1_VS_G.5.2_index_1 [2] 
20120420,20120423,20120424,20120425,20120427,20120501,20120504,20120508,20120510,20120512,20120514,20120516,20120518,20120519,20120520,20120521,20120522,20120523,20120528,20120529,20120601 
Number is 10 
G.6.3_index_1_VS_G.DB_index_4 [3] 
20120420,20120423,20120425,20120426,20120428,20120430,20120501,20120507,20120509,20120511,20120513,20120515,20120516,20120517,20120518,20120519,20120520,20120521,20120522,20120523,20120525,20120527,20120528 
Number is 15 
G.3.3_index_5_VS_G.5.4_index_2 [4] 
20120420,20120422,20120425,20120427,20120430,20120501,20120503,20120511,20120512,20120515,20120517,20120518,20120519,20120520,20120521,20120522,20120523,20120525,20120527,20120530,20120601 
Number is 19 
G.3.3_index_5_VS_G.7.3_index_2 [5] 
20120420,20120422,20120427,20120429,20120430,20120501,20120502,20120514,20120515,20120518,20120519,20120520,20120521,20120522,20120523,20120529,20120530 
Number is 22 
G.5.2_index_4_VS_G.4.3_index_1 [6] 
20120423,20120424,20120425,20120429,20120502,20120508,20120509,20120511,20120513,20120514,20120518,20120519,20120520,20120521,20120522,20120523,20120526,20120528 
Number is 23 
G.4.2_index_2_VS_G.4.1_index_2 [7] PLUS 1 
20120425,20120426,20120427,20120428,20120430,20120504,20120508,20120510,20120512,20120517,20120518,20120519,20120520,20120521,20120522,20120523,20120524,20120528,20120529,20120601 
Number is 27 
G.1.1_index_1_VS_G.2.2_index_4 [8] 
20120420,20120421,20120422,20120423,20120426,20120430,20120502,20120503,20120504,20120506,20120508,20120511,20120512,20120513,20120514,20120515,20120516,20120518,20120519,20120520,20120521,20120522,20120523,20120527,20120531,20120601 
Number is 30 
G.3.3_index_2_VS_G.DB_index_4 [9] 
20120420,20120421,20120423,20120424,20120425,20120426,20120428,20120501,20120503,20120510,20120518,20120519,20120520,20120521,20120522,20120523,20120525,20120526,20120530,20120601 
Number is 37 
G.4.1_index_2_VS_G.5.6_index_4 [10] 
20120420,20120422,20120425,20120426,20120428,20120501,20120502,20120503,20120504,20120507,20120508,20120510,20120511,20120512,20120514,20120515,20120516,20120518,20120519,20120520,20120521,20120522,20120523,20120530,20120601 
Number is 51 
G.3.4_index_4_VS_G.6.3_index_1 [11] 
20120428,20120501,20120504,20120506,20120507,20120509,20120512,20120513,20120518,20120519,20120520,20120521,20120522,20120523,20120525,20120527,20120528,20120529 
Number is 55 
G.3.4_index_4_VS_G.5.4_index_2 [12] 
20120425,20120428,20120501,20120502,20120504,20120506,20120508,20120510,20120513,20120514,20120517,20120518,20120519,20120520,20120521,20120522,20120523,20120526,20120527,20120528,20120530,20120601 
Number is 67 
G.5.5_index_3_VS_G.2.2_index_4 [13] 
20120420,20120425,20120426,20120430,20120505,20120508,20120510,20120511,20120516,20120518,20120519,20120520,20120521,20120522,20120523,20120525,20120526,20120529,20120601 
Number is 73 
G.5.2_index_1_VS_G.3.4_index_5 [14] 
20120420,20120423,20120424,20120425,20120429,20120430,20120501,20120502,20120505,20120507,20120509,20120510,20120512,20120514,20120518,20120519,20120520,20120521,20120522,20120523,20120528,20120601 
Number is 98 
G.3.5_index_2_VS_G.3.5_index_4 [15] 
20120427,20120428,20120429,20120430,20120502,20120503,20120504,20120506,20120507,20120509,20120510,20120512,20120514,20120516,20120517,20120518,20120519,20120520,20120521,20120522,20120523,20120526,20120527,20120528,20120530,20120531 
