======== Current: 20120109 ========= 
Number is 03 
G.4.3_index_2_VS_G.6.3_index_3 [1] PLUS 1 
20120103,20120104,20120105,20120106,20120107,20120108,20120109,20120111,20120112,20120114,20120117,20120118,20120119 
Number is 19 
G.6.2_index_1_VS_G.3.4_index_2 [2] 
20120101,20120103,20120104,20120105,20120106,20120107,20120108,20120110,20120113 
Number is 22 
G.5.4_index_3_VS_G.5.3_index_2 [3] 
20120101,20120102,20120103,20120104,20120105,20120106,20120107,20120108,20120110,20120112,20120113,20120114 
Number is 25 
G.3.3_index_3_VS_G.3.1_index_1 [4] PLUS 1 
20120101,20120102,20120103,20120104,20120105,20120106,20120107,20120108,20120109,20120110,20120114,20120115,20120118 
G.1.1_index_3_VS_G.7.1_index_2 [5] PLUS 1 
20120101,20120103,20120104,20120105,20120106,20120107,20120108,20120109,20120110,20120111,20120112,20120113,20120116,20120117,20120119 
Number is 35 
G.DB_index_3_VS_G.2.1_index_3 [6] PLUS 1 
20120102,20120103,20120104,20120105,20120106,20120107,20120108,20120109,20120111,20120114,20120117,20120120 
Number is 62 
G.DB_index_4_VS_G.4.2_index_3 [7] PLUS 1 
20120103,20120104,20120105,20120106,20120107,20120108,20120109,20120113,20120116,20120117 
Number is 64 
G.6.2_index_2_VS_G.5.3_index_4 [8] PLUS 1 
20120101,20120103,20120104,20120105,20120106,20120107,20120108,20120109,20120111,20120113,20120114,20120115,20120120 
Number is 72 
G.6.1_index_3_VS_G.1.1_index_3 [9] 
20120101,20120103,20120104,20120105,20120106,20120107,20120108,20120111,20120112 
Number is 73 
G.6.1_index_3_VS_G.6.3_index_3 [10] 
20120101,20120102,20120103,20120104,20120105,20120106,20120107,20120108,20120110,20120111,20120115,20120116,20120117,20120120 
Number is 74 
G.6.1_index_3_VS_G.5.5_index_3 [11] PLUS 1 
20120102,20120103,20120104,20120105,20120106,20120107,20120108,20120109,20120111,20120112,20120115,20120116 
Number is 76 
G.3.6_index_3_VS_G.4.4_index_2 [12] 
20120101,20120102,20120103,20120104,20120105,20120106,20120107,20120108,20120110,20120111,20120116,20120120 
G.6.3_index_1_VS_G.3.5_index_1 [13] 
20120102,20120103,20120104,20120105,20120106,20120107,20120108,20120110,20120111,20120114,20120115 
Number is 85 
G.5.5_index_4_VS_G.5.6_index_4 [14] PLUS 1 
20120101,20120102,20120103,20120104,20120105,20120106,20120107,20120108,20120109,20120110,20120117,20120118,20120119 
Number is 92 
G.3.1_index_3_VS_G.1.1_index_3 [15] 
20120103,20120104,20120105,20120106,20120107,20120108,20120111,20120113,20120114,20120116,20120118,20120119 
Number is 94 
G.3.5_index_4_VS_G.5.5_index_3 [16] PLUS 1 
20120101,20120102,20120103,20120104,20120105,20120106,20120107,20120108,20120109,20120113,20120115,20120116,20120119 
