======== Current: 20120117 ========= 
Number is 00 
G.6.1_index_3_VS_G.7.2_index_2 [1] 
20120103,20120104,20120107,20120110,20120111,20120112,20120113,20120114,20120115,20120116,20120119 
Number is 03 
G.6.2_index_1_VS_G.3.6_index_4 [2] 
20120101,20120102,20120104,20120105,20120109,20120111,20120112,20120113,20120114,20120115,20120116,20120118 
Number is 06 
G.3.3_index_4_VS_G.2.2_index_4 [3] PLUS 1 
20120101,20120103,20120107,20120108,20120111,20120112,20120113,20120114,20120115,20120116,20120117,20120118,20120119,20120120 
Number is 07 
G.3.3_index_4_VS_G.5.4_index_3 [4] 
20120102,20120107,20120110,20120111,20120112,20120113,20120114,20120115,20120116,20120120 
G.7.2_index_2_VS_G.3.1_index_5 [5] 
20120106,20120108,20120109,20120110,20120111,20120112,20120113,20120114,20120115,20120116,20120118 
Number is 12 
G.6.1_index_2_VS_G.3.3_index_3 [6] PLUS 1 
20120101,20120102,20120103,20120106,20120107,20120108,20120109,20120110,20120111,20120112,20120113,20120114,20120115,20120116,20120117,20120118 
Number is 13 
G.3.3_index_1_VS_G.3.6_index_4 [7] PLUS 1 
20120102,20120103,20120104,20120106,20120108,20120109,20120110,20120111,20120112,20120113,20120114,20120115,20120116,20120117,20120118 
G.6.1_index_2_VS_G.2.1_index_2 [8] PLUS 1 
20120102,20120103,20120108,20120109,20120111,20120112,20120113,20120114,20120115,20120116,20120117,20120119 
Number is 18 
G.3.2_index_4_VS_G.4.2_index_2 [9] PLUS 1 
20120104,20120110,20120111,20120112,20120113,20120114,20120115,20120116,20120117,20120118 
G.6.1_index_2_VS_G.2.1_index_1 [10] PLUS 1 
20120101,20120102,20120106,20120108,20120111,20120112,20120113,20120114,20120115,20120116,20120117,20120120 
Number is 23 
G.DB_index_3_VS_G.3.4_index_3 [11] PLUS 1 
20120102,20120104,20120105,20120106,20120107,20120111,20120112,20120113,20120114,20120115,20120116,20120117 
Number is 30 
G.3.6_index_4_VS_G.3.5_index_1 [12] 
20120102,20120104,20120106,20120107,20120108,20120109,20120111,20120112,20120113,20120114,20120115,20120116,20120119 
Number is 37 
G.4.4_index_1_VS_G.5.5_index_3 [13] 
20120101,20120104,20120105,20120111,20120112,20120113,20120114,20120115,20120116,20120119,20120120 
Number is 41 
G.5.3_index_1_VS_G.6.1_index_2 [14] 
20120102,20120105,20120107,20120111,20120112,20120113,20120114,20120115,20120116 
Number is 45 
G.5.3_index_1_VS_G.4.2_index_1 [15] PLUS 1 
20120101,20120103,20120105,20120106,20120107,20120110,20120111,20120112,20120113,20120114,20120115,20120116,20120117 
Number is 48 
G.6.3_index_1_VS_G.1.1_index_2 [16] 
20120103,20120107,20120110,20120111,20120112,20120113,20120114,20120115,20120116 
Number is 64 
G.4.4_index_3_VS_G.5.5_index_2 [17] PLUS 1 
20120101,20120102,20120109,20120111,20120112,20120113,20120114,20120115,20120116,20120117 
Number is 66 
G.3.4_index_1_VS_G.7.1_index_2 [18] 
20120101,20120104,20120105,20120111,20120112,20120113,20120114,20120115,20120116,20120119 
Number is 70 
G.5.2_index_3_VS_G.7.2_index_2 [19] 
20120102,20120103,20120105,20120109,20120110,20120111,20120112,20120113,20120114,20120115,20120116,20120118 
Number is 71 
G.2.2_index_2_VS_G.4.3_index_1 [20] 
20120101,20120107,20120111,20120112,20120113,20120114,20120115,20120116,20120118,20120119 
Number is 74 
G.5.4_index_3_VS_G.5.3_index_1 [21] 
20120101,20120104,20120105,20120106,20120107,20120109,20120111,20120112,20120113,20120114,20120115,20120116 
Number is 75 
G.5.4_index_3_VS_G.4.2_index_1 [22] 
20120102,20120103,20120105,20120106,20120107,20120110,20120111,20120112,20120113,20120114,20120115,20120116,20120120 
Number is 77 
G.3.1_index_5_VS_G.3.6_index_5 [23] 
20120105,20120106,20120108,20120111,20120112,20120113,20120114,20120115,20120116,20120120 
G.3.1_index_5_VS_G.4.4_index_4 [24] 
20120101,20120105,20120107,20120108,20120109,20120110,20120111,20120112,20120113,20120114,20120115,20120116,20120118 
Number is 79 
G.5.2_index_3_VS_G.3.3_index_2 [25] 
20120101,20120103,20120106,20120109,20120111,20120112,20120113,20120114,20120115,20120116,20120119 
Number is 82 
G.5.4_index_2_VS_G.5.3_index_4 [26] 
20120102,20120105,20120106,20120107,20120111,20120112,20120113,20120114,20120115,20120116,20120119,20120120 
Number is 84 
G.3.4_index_5_VS_G.5.3_index_1 [27] 
20120101,20120103,20120110,20120111,20120112,20120113,20120114,20120115,20120116 
Number is 85 
G.5.4_index_2_VS_G.4.2_index_1 [28] 
20120101,20120102,20120103,20120107,20120109,20120111,20120112,20120113,20120114,20120115,20120116,20120118 
Number is 89 
G.2.1_index_1_VS_G.7.3_index_2 [29] 
20120101,20120102,20120103,20120106,20120108,20120111,20120112,20120113,20120114,20120115,20120116 
G.3.5_index_5_VS_G.6.1_index_1 [30] 
20120102,20120107,20120108,20120110,20120111,20120112,20120113,20120114,20120115,20120116,20120120 
G.3.5_index_5_VS_G.3.6_index_1 [31] 
20120101,20120104,20120107,20120108,20120111,20120112,20120113,20120114,20120115,20120116,20120120 
G.1.1_index_2_VS_G.DB_index_1 [32] 
20120101,20120102,20120107,20120109,20120111,20120112,20120113,20120114,20120115,20120116 
Number is 91 
G.5.4_index_4_VS_G.3.5_index_3 [33] 
20120101,20120102,20120106,20120108,20120109,20120111,20120112,20120113,20120114,20120115,20120116,20120118,20120120 
Number is 94 
G.3.3_index_2_VS_G.6.3_index_1 [34] PLUS 1 
20120101,20120104,20120105,20120106,20120109,20120111,20120112,20120113,20120114,20120115,20120116,20120117,20120120 
Number is 95 
G.3.3_index_2_VS_G.7.4_index_1 [35] 
20120102,20120105,20120108,20120111,20120112,20120113,20120114,20120115,20120116,20120120 
Number is 96 
G.1.1_index_4_VS_G.3.3_index_5 [36] PLUS 1 
20120104,20120105,20120107,20120108,20120111,20120112,20120113,20120114,20120115,20120116,20120117,20120118,20120119,20120120 
Number is 98 
G.1.1_index_4_VS_G.4.2_index_2 [37] 
20120101,20120103,20120106,20120110,20120111,20120112,20120113,20120114,20120115,20120116 
G.3.3_index_2_VS_G.2.1_index_1 [38] 
20120101,20120108,20120110,20120111,20120112,20120113,20120114,20120115,20120116,20120118,20120119,20120120 
