Last Date = 20130812
Number is 39
G.3.3_index_3_VS_G.6.3_index_1[1] 
Ngay: 20130625,20130704,20130707,20130708,20130709,20130712,20130713,20130715,20130717,20130719,20130720,20130722,20130724,20130728,20130801,20130802,20130803,20130804,20130805,20130806,20130807,20130808,20130809
Number is 26
G.6.3_index_3_VS_G.4.2_index_4[2] 
Ngay: 20130624,20130626,20130703,20130705,20130708,20130710,20130712,20130713,20130722,20130723,20130729,20130730,20130801,20130802,20130803,20130804,20130805,20130806,20130807,20130808
Number is 27
G.3.6_index_1_VS_G.5.3_index_4[3] 
Ngay: 20130624,20130626,20130628,20130701,20130702,20130706,20130712,20130716,20130717,20130719,20130728,20130730,20130731,20130803,20130804,20130805,20130806,20130807,20130808,20130809,20130810
Number is 30
G.3.3_index_3_VS_G.4.1_index_2[4] 
Ngay: 20130625,20130630,20130701,20130705,20130706,20130711,20130712,20130714,20130715,20130716,20130719,20130722,20130723,20130724,20130727,20130728,20130729,20130730,20130731,20130803,20130804,20130805,20130806,20130807,20130808
Number is 32
G.2.2_index_2_VS_G.6.3_index_3[5] 
Ngay: 20130625,20130626,20130629,20130630,20130704,20130705,20130708,20130709,20130710,20130712,20130714,20130715,20130722,20130723,20130726,20130729,20130730,20130803,20130804,20130805,20130806,20130807,20130808,20130810,20130811
Number is 17
G.3.1_index_2_VS_G.5.4_index_4[6] 
Ngay: 20130627,20130630,20130702,20130705,20130706,20130707,20130712,20130715,20130716,20130717,20130718,20130724,20130727,20130731,20130803,20130804,20130805,20130806,20130807,20130808,20130811
Number is 96
G.2.1_index_4_VS_G.4.2_index_4[7] 
Ngay: 20130626,20130627,20130701,20130704,20130707,20130708,20130716,20130723,20130725,20130728,20130729,20130803,20130804,20130805,20130806,20130807,20130808,20130809
Number is 79
G.4.4_index_1_VS_G.4.1_index_3[8] 
Ngay: 20130624,20130628,20130630,20130708,20130709,20130710,20130717,20130721,20130724,20130726,20130727,20130729,20130730,20130803,20130804,20130805,20130806,20130807,20130808,20130809,20130811
Number is 78
G.4.3_index_1_VS_G.4.2_index_3[9] 
Ngay: 20130625,20130629,20130703,20130704,20130708,20130717,20130721,20130722,20130723,20130724,20130725,20130729,20130731,20130803,20130804,20130805,20130806,20130807,20130808,20130809
Number is 69
G.6.2_index_3_VS_G.3.6_index_5[10] 
Ngay: 20130629,20130701,20130703,20130707,20130709,20130710,20130712,20130713,20130721,20130724,20130725,20130802,20130803,20130804,20130805,20130806,20130807,20130808,20130809,20130810
Number is 73
G.5.4_index_4_VS_G.5.6_index_4[11] 
Ngay: 20130625,20130626,20130627,20130630,20130701,20130704,20130705,20130706,20130707,20130712,20130713,20130714,20130715,20130716,20130718,20130722,20130724,20130725,20130726,20130728,20130729,20130802,20130803,20130804,20130805,20130806,20130807,20130808
Number is 76
G.4.4_index_1_VS_G.3.6_index_2[12] 
Ngay: 20130626,20130627,20130629,20130702,20130717,20130719,20130724,20130726,20130729,20130801,20130802,20130803,20130804,20130805,20130806,20130807,20130808,20130809
Number is 49
G.3.1_index_1_VS_G.3.6_index_5[13] 
Ngay: 20130624,20130627,20130629,20130701,20130702,20130705,20130706,20130708,20130712,20130714,20130719,20130724,20130726,20130727,20130728,20130729,20130731,20130801,20130803,20130804,20130805,20130806,20130807,20130808,20130809,20130810
Number is 44
G.3.4_index_2_VS_G.2.2_index_4[14] 
Ngay: 20130624,20130626,20130703,20130704,20130707,20130709,20130710,20130712,20130714,20130718,20130721,20130722,20130724,20130725,20130730,20130731,20130802,20130803,20130804,20130805,20130806,20130807,20130808,20130810,20130811
Number is 52
G.4.3_index_4_VS_G.3.6_index_3[15] 
Ngay: 20130624,20130628,20130630,20130701,20130703,20130705,20130710,20130715,20130718,20130726,20130729,20130801,20130802,20130803,20130804,20130805,20130806,20130807,20130808
G.7.4_index_2_VS_G.6.3_index_3[16] 
Ngay: 20130626,20130628,20130629,20130701,20130705,20130708,20130712,20130713,20130715,20130717,20130721,20130722,20130723,20130724,20130727,20130728,20130730,20130801,20130803,20130804,20130805,20130806,20130807,20130808,20130809,20130810
