Last Date = 20130323
Number is 34
G.2.2_index_2_VS_G.4.2_index_2 [8] 
Ngay: 20130217,20130221,20130222,20130223,20130224,20130225,20130226,20130227,20130228,20130301,20130302,20130308,20130313,20130315,20130316,20130318,20130321
Number is 39
G.2.2_index_2_VS_G.DB_index_2 [9] 
Ngay: 20130216,20130218,20130219,20130220,20130221,20130225,20130226,20130227,20130228,20130301,20130302,20130308,20130309,20130313,20130317,20130318,20130320
Number is 72
G.3.1_index_3_VS_G.4.4_index_2 [34] 
Ngay: 20130220,20130224,20130225,20130226,20130227,20130228,20130301,20130302,20130307,20130308,20130309,20130313,20130317,20130319
Number is 89
G.3.3_index_2_VS_G.7.1_index_1 [6] 
Ngay: 20130215,20130225,20130226,20130227,20130228,20130301,20130302,20130308,20130311,20130312,20130313,20130320,20130321
