Last Date = 20130308
Number is 17
G.3.1_index_5_VS_G.4.4_index_3 [1] 
Ngay: 20130216,20130218,20130220,20130222,20130223,20130224,20130225,20130226,20130227,20130302,20130303,20130304,20130305,20130306,20130307
Number is 25
G.5.4_index_1_VS_G.5.3_index_1 [2] 
Ngay: 20130217,20130218,20130219,20130220,20130221,20130224,20130225,20130227,20130302,20130303,20130304,20130305,20130306,20130307
Number is 27
G.5.3_index_2_VS_G.5.6_index_2 [3] 
Ngay: 20130215,20130218,20130220,20130222,20130223,20130224,20130227,20130228,20130301,20130302,20130303,20130304,20130305,20130306,20130307
Number is 28
G.3.4_index_1_VS_G.5.2_index_4 [4] 
Ngay: 20130215,20130216,20130217,20130219,20130220,20130224,20130302,20130303,20130304,20130305,20130306,20130307
Number is 42
G.5.4_index_3_VS_G.5.4_index_1 [5] 
Ngay: 20130215,20130218,20130222,20130225,20130226,20130227,20130228,20130301,20130302,20130303,20130304,20130305,20130306,20130307
Number is 47
G.4.1_index_1_VS_G.5.6_index_2 [6] 
Ngay: 20130215,20130218,20130219,20130221,20130226,20130228,20130302,20130303,20130304,20130305,20130306,20130307
Number is 51
G.4.4_index_2_VS_G.4.1_index_3 [7] 
Ngay: 20130216,20130217,20130219,20130222,20130224,20130226,20130228,20130301,20130302,20130303,20130304,20130305,20130306,20130307
Number is 53
G.4.4_index_2_VS_G.3.5_index_5 [8] 
Ngay: 20130224,20130225,20130226,20130302,20130303,20130304,20130305,20130306,20130307
Number is 55
G.5.2_index_1_VS_G.4.4_index_2 [9] 
Ngay: 20130216,20130218,20130219,20130222,20130224,20130226,20130301,20130302,20130303,20130304,20130305,20130306,20130307
Number is 56
G.4.4_index_2_VS_G.7.2_index_1 [10] 
Ngay: 20130218,20130224,20130228,20130302,20130303,20130304,20130305,20130306,20130307
Number is 61
G.5.5_index_4_VS_G.3.6_index_5 [11] 
Ngay: 20130216,20130219,20130220,20130226,20130227,20130301,20130302,20130303,20130304,20130305,20130306,20130307
Number is 63
G.3.5_index_2_VS_G.DB_index_2 [12] 
Ngay: 20130215,20130216,20130218,20130219,20130222,20130223,20130224,20130225,20130227,20130301,20130302,20130303,20130304,20130305,20130306,20130307
G.7.1_index_2_VS_G.5.3_index_3 [13] 
Ngay: 20130216,20130217,20130221,20130224,20130226,20130302,20130303,20130304,20130305,20130306,20130307
Number is 66
G.2.2_index_5_VS_G.4.2_index_4 [14] 
Ngay: 20130216,20130217,20130220,20130224,20130227,20130228,20130301,20130302,20130303,20130304,20130305,20130306,20130307
Number is 67
G.DB_index_3_VS_G.5.6_index_2 [15] 
Ngay: 20130216,20130220,20130221,20130222,20130224,20130226,20130302,20130303,20130304,20130305,20130306,20130307
G.3.5_index_2_VS_G.7.3_index_2 [16] 
Ngay: 20130215,20130219,20130220,20130224,20130226,20130301,20130302,20130303,20130304,20130305,20130306,20130307
Number is 72
G.6.1_index_2_VS_G.5.5_index_2 [17] 
Ngay: 20130219,20130220,20130228,20130301,20130302,20130303,20130304,20130305,20130306,20130307
Number is 75
G.3.3_index_4_VS_G.4.4_index_2 [18] 
Ngay: 20130215,20130216,20130222,20130225,20130226,20130228,20130301,20130302,20130303,20130304,20130305,20130306,20130307
G.7.3_index_2_VS_G.5.6_index_4 [19] 
Ngay: 20130216,20130219,20130220,20130221,20130225,20130226,20130302,20130303,20130304,20130305,20130306,20130307
Number is 85
G.5.2_index_4_VS_G.5.3_index_4 [20] 
Ngay: 20130216,20130217,20130218,20130224,20130225,20130228,20130301,20130302,20130303,20130304,20130305,20130306,20130307
Number is 97
G.3.2_index_3_VS_G.3.3_index_3 [21] 
Ngay: 20130219,20130221,20130226,20130227,20130302,20130303,20130304,20130305,20130306,20130307
