Last Date = 20130323
Number is 21
G.4.4_index_2_VS_G.4.1_index_3 [1] 
Ngay: 20130216,20130217,20130219,20130222,20130224,20130226,20130228,20130301,20130302,20130303,20130304,20130305,20130306,20130307,20130308,20130314,20130315,20130317
Number is 74
G.7.3_index_2_VS_G.5.6_index_4 [20] 
Ngay: 20130216,20130219,20130220,20130221,20130225,20130226,20130302,20130303,20130304,20130305,20130306,20130307,20130308,20130314,20130319,20130321
Number is 95
G.5.3_index_2_VS_G.5.6_index_2 [5] 
Ngay: 20130215,20130218,20130220,20130222,20130223,20130224,20130227,20130228,20130301,20130302,20130303,20130304,20130305,20130306,20130307,20130308,20130315,20130319,20130320
