Last Date = 20130309
Number is 21
G.4.4_index_2_VS_G.4.1_index_3 [1] 
Ngay: 20130216,20130217,20130219,20130222,20130224,20130226,20130228,20130301,20130302,20130303,20130304,20130305,20130306,20130307,20130308
Number is 23
G.4.4_index_2_VS_G.3.5_index_5 [2] 
Ngay: 20130224,20130225,20130226,20130302,20130303,20130304,20130305,20130306,20130307,20130308
Number is 26
G.4.4_index_2_VS_G.7.2_index_1 [3] 
Ngay: 20130218,20130224,20130228,20130302,20130303,20130304,20130305,20130306,20130307,20130308
Number is 30
G.6.1_index_2_VS_G.5.5_index_2 [4] 
Ngay: 20130219,20130220,20130228,20130301,20130302,20130303,20130304,20130305,20130306,20130307,20130308
Number is 32
G.5.3_index_2_VS_G.5.6_index_2 [5] 
Ngay: 20130215,20130218,20130220,20130222,20130223,20130224,20130227,20130228,20130301,20130302,20130303,20130304,20130305,20130306,20130307,20130308
Number is 37
G.3.5_index_2_VS_G.7.3_index_2 [6] 
Ngay: 20130215,20130219,20130220,20130224,20130226,20130301,20130302,20130303,20130304,20130305,20130306,20130307,20130308
Number is 41
G.6.2_index_2_VS_G.4.4_index_1 [7] 
Ngay: 20130215,20130220,20130223,20130224,20130226,20130228,20130303,20130304,20130305,20130306,20130307,20130308
Number is 50
G.3.5_index_3_VS_G.5.3_index_4 [8] 
Ngay: 20130217,20130218,20130222,20130224,20130226,20130227,20130228,20130303,20130304,20130305,20130306,20130307,20130308
Number is 51
G.3.5_index_3_VS_G.3.4_index_1 [9] 
Ngay: 20130217,20130222,20130224,20130226,20130227,20130303,20130304,20130305,20130306,20130307,20130308
Number is 52
G.3.3_index_4_VS_G.4.4_index_2 [10] 
Ngay: 20130215,20130216,20130222,20130225,20130226,20130228,20130301,20130302,20130303,20130304,20130305,20130306,20130307,20130308
Number is 54
G.4.2_index_4_VS_G.6.2_index_2 [11] 
Ngay: 20130216,20130217,20130221,20130222,20130223,20130303,20130304,20130305,20130306,20130307,20130308
Number is 57
G.3.2_index_5_VS_G.7.3_index_2 [12] 
Ngay: 20130218,20130219,20130221,20130224,20130226,20130228,20130303,20130304,20130305,20130306,20130307,20130308
Number is 58
G.4.2_index_4_VS_G.5.4_index_2 [13] 
Ngay: 20130216,20130217,20130218,20130222,20130223,20130224,20130225,20130303,20130304,20130305,20130306,20130307,20130308
Number is 64
G.7.4_index_1_VS_G.6.2_index_2 [14] 
Ngay: 20130216,20130218,20130220,20130226,20130228,20130303,20130304,20130305,20130306,20130307,20130308
Number is 66
G.7.4_index_2_VS_G.2.1_index_5 [15] 
Ngay: 20130215,20130221,20130223,20130224,20130225,20130226,20130301,20130303,20130304,20130305,20130306,20130307,20130308
Number is 72
G.4.1_index_1_VS_G.5.6_index_2 [16] 
Ngay: 20130215,20130218,20130219,20130221,20130226,20130228,20130302,20130303,20130304,20130305,20130306,20130307,20130308
G.3.2_index_2_VS_G.5.4_index_4 [17] 
Ngay: 20130225,20130226,20130227,20130228,20130301,20130303,20130304,20130305,20130306,20130307,20130308
Number is 73
G.7.3_index_2_VS_G.3.2_index_1 [18] 
Ngay: 20130215,20130216,20130217,20130221,20130225,20130227,20130301,20130303,20130304,20130305,20130306,20130307,20130308
Number is 74
G.5.5_index_4_VS_G.3.6_index_5 [19] 
Ngay: 20130216,20130219,20130220,20130226,20130227,20130301,20130302,20130303,20130304,20130305,20130306,20130307,20130308
G.7.3_index_2_VS_G.5.6_index_4 [20] 
Ngay: 20130216,20130219,20130220,20130221,20130225,20130226,20130302,20130303,20130304,20130305,20130306,20130307,20130308
Number is 76
G.DB_index_5_VS_G.7.4_index_1 [21] 
Ngay: 20130218,20130220,20130223,20130224,20130226,20130227,20130228,20130303,20130304,20130305,20130306,20130307,20130308
Number is 77
G.5.3_index_1_VS_G.3.2_index_2 [22] 
Ngay: 20130218,20130219,20130220,20130221,20130223,20130227,20130228,20130303,20130304,20130305,20130306,20130307,20130308
Number is 80
G.5.2_index_4_VS_G.5.3_index_4 [23] 
Ngay: 20130216,20130217,20130218,20130224,20130225,20130228,20130301,20130302,20130303,20130304,20130305,20130306,20130307,20130308
Number is 82
G.DB_index_3_VS_G.5.6_index_2 [24] 
Ngay: 20130216,20130220,20130221,20130222,20130224,20130226,20130302,20130303,20130304,20130305,20130306,20130307,20130308
Number is 91
G.2.2_index_5_VS_G.4.4_index_3 [25] 
Ngay: 20130217,20130221,20130224,20130301,20130303,20130304,20130305,20130306,20130307,20130308
Number is 95
G.2.2_index_5_VS_G.4.2_index_4 [26] 
Ngay: 20130216,20130217,20130220,20130224,20130227,20130228,20130301,20130302,20130303,20130304,20130305,20130306,20130307,20130308
