Last Date = 20130310
Number is 12
G.5.5_index_4_VS_G.5.4_index_4 [1] 
Ngay: 20130217,20130218,20130219,20130220,20130222,20130223,20130227,20130228,20130301,20130304,20130305,20130306,20130307,20130308,20130309
G.2.2_index_5_VS_G.4.4_index_3 [2] 
Ngay: 20130217,20130221,20130224,20130301,20130303,20130304,20130305,20130306,20130307,20130308,20130309
Number is 26
G.7.3_index_2_VS_G.3.2_index_1 [3] 
Ngay: 20130215,20130216,20130217,20130221,20130225,20130227,20130301,20130303,20130304,20130305,20130306,20130307,20130308,20130309
Number is 29
G.5.4_index_1_VS_G.2.2_index_3 [4] 
Ngay: 20130216,20130217,20130220,20130221,20130225,20130227,20130228,20130301,20130304,20130305,20130306,20130307,20130308,20130309
Number is 30
G.DB_index_5_VS_G.7.4_index_2 [5] 
Ngay: 20130218,20130220,20130221,20130222,20130223,20130226,20130228,20130301,20130304,20130305,20130306,20130307,20130308,20130309
Number is 32
G.6.2_index_2_VS_G.4.4_index_1 [6] 
Ngay: 20130215,20130220,20130223,20130224,20130226,20130228,20130303,20130304,20130305,20130306,20130307,20130308,20130309
Number is 37
G.DB_index_5_VS_G.7.4_index_1 [7] 
Ngay: 20130218,20130220,20130223,20130224,20130226,20130227,20130228,20130303,20130304,20130305,20130306,20130307,20130308,20130309
Number is 38
G.DB_index_1_VS_G.3.3_index_2 [8] 
Ngay: 20130219,20130220,20130222,20130224,20130225,20130227,20130228,20130304,20130305,20130306,20130307,20130308,20130309
Number is 39
G.DB_index_5_VS_G.3.5_index_5 [9] 
Ngay: 20130216,20130221,20130226,20130227,20130228,20130304,20130305,20130306,20130307,20130308,20130309
Number is 52
G.3.5_index_2_VS_G.7.3_index_2 [10] 
Ngay: 20130215,20130219,20130220,20130224,20130226,20130301,20130302,20130303,20130304,20130305,20130306,20130307,20130308,20130309
Number is 53
G.4.4_index_2_VS_G.7.2_index_1 [11] 
Ngay: 20130218,20130224,20130228,20130302,20130303,20130304,20130305,20130306,20130307,20130308,20130309
G.6.1_index_2_VS_G.7.2_index_1 [12] 
Ngay: 20130216,20130217,20130219,20130220,20130221,20130222,20130224,20130226,20130227,20130228,20130301,20130304,20130305,20130306,20130307,20130308,20130309
Number is 56
G.6.1_index_2_VS_G.7.2_index_2 [13] 
Ngay: 20130215,20130216,20130217,20130221,20130223,20130227,20130228,20130302,20130304,20130305,20130306,20130307,20130308,20130309
Number is 57
G.4.1_index_1_VS_G.5.6_index_2 [14] 
Ngay: 20130215,20130218,20130219,20130221,20130226,20130228,20130302,20130303,20130304,20130305,20130306,20130307,20130308,20130309
G.4.1_index_1_VS_G.3.1_index_1 [15] 
Ngay: 20130217,20130227,20130228,20130301,20130304,20130305,20130306,20130307,20130308,20130309
Number is 58
G.6.1_index_2_VS_G.5.5_index_2 [16] 
Ngay: 20130219,20130220,20130228,20130301,20130302,20130303,20130304,20130305,20130306,20130307,20130308,20130309
G.6.1_index_2_VS_G.4.3_index_1 [17] 
Ngay: 20130217,20130218,20130219,20130221,20130222,20130224,20130225,20130226,20130228,20130301,20130304,20130305,20130306,20130307,20130308,20130309
Number is 61
G.7.2_index_2_VS_G.5.1_index_3 [18] 
Ngay: 20130215,20130217,20130220,20130222,20130227,20130228,20130304,20130305,20130306,20130307,20130308,20130309
G.3.5_index_3_VS_G.5.3_index_4 [19] 
Ngay: 20130217,20130218,20130222,20130224,20130226,20130227,20130228,20130303,20130304,20130305,20130306,20130307,20130308,20130309
G.5.2_index_4_VS_G.5.3_index_4 [20] 
Ngay: 20130216,20130217,20130218,20130224,20130225,20130228,20130301,20130302,20130303,20130304,20130305,20130306,20130307,20130308,20130309
Number is 81
G.5.3_index_1_VS_G.5.3_index_3 [21] 
Ngay: 20130219,20130220,20130221,20130222,20130228,20130301,20130304,20130305,20130306,20130307,20130308,20130309
Number is 82
G.5.3_index_1_VS_G.5.4_index_4 [22] 
Ngay: 20130217,20130218,20130219,20130220,20130221,20130224,20130226,20130227,20130302,20130304,20130305,20130306,20130307,20130308,20130309
Number is 83
G.5.3_index_1_VS_G.5.1_index_1 [23] 
Ngay: 20130215,20130221,20130223,20130224,20130225,20130228,20130302,20130304,20130305,20130306,20130307,20130308,20130309
Number is 86
G.5.3_index_1_VS_G.4.2_index_1 [24] 
Ngay: 20130217,20130218,20130220,20130221,20130301,20130302,20130304,20130305,20130306,20130307,20130308,20130309
Number is 89
G.3.3_index_2_VS_G.3.2_index_2 [25] 
Ngay: 20130218,20130222,20130224,20130225,20130226,20130227,20130228,20130304,20130305,20130306,20130307,20130308,20130309
Number is 92
G.3.2_index_2_VS_G.5.4_index_4 [26] 
Ngay: 20130225,20130226,20130227,20130228,20130301,20130303,20130304,20130305,20130306,20130307,20130308,20130309
G.3.2_index_2_VS_G.3.1_index_3 [27] 
Ngay: 20130215,20130217,20130220,20130222,20130223,20130225,20130226,20130227,20130228,20130304,20130305,20130306,20130307,20130308,20130309
Number is 93
G.3.3_index_5_VS_G.DB_index_2 [28] 
Ngay: 20130218,20130219,20130220,20130224,20130304,20130305,20130306,20130307,20130308,20130309
Number is 97
G.7.3_index_1_VS_G.2.1_index_2 [29] 
Ngay: 20130215,20130217,20130222,20130225,20130228,20130304,20130305,20130306,20130307,20130308,20130309
