Last Date = 20130323
Number is 00
G.4.2_index_1_VS_G.7.2_index_1 [6] 
Ngay: 20130216,20130218,20130219,20130223,20130224,20130227,20130302,20130308,20130309,20130310,20130311,20130312,20130313,20130319,20130321,20130322
Number is 29
G.5.5_index_3_VS_G.DB_index_4 [11] 
Ngay: 20130216,20130217,20130218,20130221,20130227,20130228,20130301,20130304,20130308,20130309,20130310,20130311,20130312,20130313,20130318,20130319,20130321,20130322
Number is 54
G.5.4_index_1_VS_G.7.4_index_2 [21] 
Ngay: 20130216,20130218,20130219,20130221,20130222,20130225,20130301,20130304,20130308,20130309,20130310,20130311,20130312,20130313,20130318,20130320,20130321
Number is 76
G.3.6_index_3_VS_G.1.1_index_1 [17] 
Ngay: 20130216,20130217,20130218,20130224,20130227,20130228,20130308,20130309,20130310,20130311,20130312,20130313,20130318,20130320,20130321
