Last Date = 20130404
Number is 33
G.4.3_index_4_VS_G.4.3_index_2 [6] 
Ngay: 20130224,20130225,20130301,20130303,20130309,20130310,20130314,20130316,20130319,20130320,20130321,20130322,20130323,20130324,20130329,20130330,20130331,20130403
G.7.3_index_1_VS_G.4.3_index_2 [9] 
Ngay: 20130225,20130227,20130228,20130301,20130312,20130313,20130314,20130316,20130319,20130320,20130321,20130322,20130323,20130324,20130330,20130402
Number is 44
G.7.4_index_1_VS_G.2.2_index_5 [29] 
Ngay: 20130224,20130227,20130301,20130302,20130307,20130310,20130311,20130312,20130313,20130315,20130317,20130319,20130320,20130321,20130322,20130323,20130324,20130329,20130330,20130331
Number is 56
G.4.2_index_1_VS_G.7.1_index_1 [8] 
Ngay: 20130224,20130301,20130304,20130305,20130308,20130311,20130313,20130316,20130319,20130320,20130321,20130322,20130323,20130324,20130401,20130402
Number is 74
G.6.3_index_1_VS_G.2.1_index_2 [12] 
Ngay: 20130224,20130225,20130228,20130301,20130304,20130307,20130309,20130310,20130311,20130319,20130320,20130321,20130322,20130323,20130324,20130401
G.5.5_index_1_VS_G.3.2_index_1 [32] 
Ngay: 20130227,20130302,20130309,20130310,20130313,20130317,20130318,20130319,20130320,20130321,20130322,20130323,20130324,20130329,20130331,20130401,20130403
