Last Date = 20130404
Number is 46
G.6.2_index_1_VS_G.1.1_index_2 [10] 
Ngay: 20130225,20130227,20130228,20130307,20130308,20130311,20130315,20130317,20130320,20130325,20130326,20130327,20130328,20130329,20130330
Number is 47
G.2.2_index_5_VS_G.3.4_index_4 [14] 
Ngay: 20130225,20130228,20130302,20130308,20130309,20130310,20130312,20130316,20130319,20130321,20130325,20130326,20130327,20130328,20130329,20130330
Number is 53
G.3.1_index_1_VS_G.5.3_index_4 [7] 
Ngay: 20130302,20130306,20130309,20130310,20130315,20130317,20130318,20130320,20130321,20130324,20130325,20130326,20130327,20130328,20130329,20130330
