======== Current: 20161005 ========= 
Number is 13 
G.3.6_index_4_VS_G.7.4_index_1 [1] PLUS 1 
20160819,20160823,20160826,20160827,20160904,20160905,20160907,20160909,20160910,20160911,20160914,20160915,20160917,20160919,20160922,20160923,20160924,20160928,20160929,20160930,20161001,20161002,20161003,20161004,20161005,20161006,20161007,20161009 
Number is 22 
G.3.5_index_3_VS_G.5.1_index_3 [2] PLUS 1 
20160817,20160819,20160821,20160822,20160826,20160830,20160901,20160902,20160903,20160904,20160908,20160912,20160914,20160915,20160916,20160917,20160918,20160920,20160921,20160923,20160924,20160925,20160926,20160927,20160928,20160929,20160930,20161001,20161002,20161003,20161004,20161005,20161007 
Number is 28 
G.5.1_index_3_VS_G.4.2_index_4 [3] 
20160816,20160821,20160829,20160830,20160831,20160907,20160910,20160911,20160914,20160919,20160920,20160921,20160922,20160923,20160924,20160925,20160926,20160928,20160929,20160930,20161001,20161002,20161003,20161004 
Number is 30 
G.3.4_index_4_VS_G.6.1_index_3 [4] 
20160817,20160825,20160828,20160829,20160830,20160831,20160901,20160904,20160905,20160913,20160915,20160924,20160925,20160929,20160930,20161001,20161002,20161003,20161004,20161008,20161009,20161010 
Number is 38 
G.7.4_index_1_VS_G.4.4_index_3 [5] PLUS 1 
20160819,20160821,20160823,20160825,20160827,20160830,20160831,20160904,20160907,20160908,20160909,20160913,20160915,20160921,20160926,20160927,20160929,20160930,20161001,20161002,20161003,20161004,20161005,20161007,20161010 
Number is 42 
G.5.2_index_2_VS_G.3.5_index_3 [6] 
20160816,20160817,20160818,20160819,20160821,20160823,20160824,20160826,20160827,20160829,20160902,20160903,20160904,20160905,20160906,20160907,20160908,20160910,20160912,20160913,20160914,20160919,20160920,20160924,20160927,20160929,20160930,20161001,20161002,20161003,20161004,20161009,20161010 
Number is 44 
G.5.6_index_3_VS_G.6.3_index_1 [7] PLUS 1 
20160818,20160819,20160824,20160826,20160827,20160830,20160831,20160902,20160903,20160905,20160906,20160910,20160911,20160912,20160914,20160918,20160919,20160921,20160923,20160924,20160926,20160929,20160930,20161001,20161002,20161003,20161004,20161005,20161008,20161009 
Number is 58 
G.4.1_index_1_VS_G.3.3_index_1 [8] 
20160818,20160819,20160821,20160829,20160830,20160831,20160901,20160903,20160904,20160905,20160908,20160912,20160913,20160915,20160921,20160922,20160924,20160929,20160930,20161001,20161002,20161003,20161004,20161009 
Number is 60 
G.1.1_index_4_VS_G.5.6_index_4 [9] 
20160817,20160820,20160821,20160824,20160825,20160826,20160827,20160831,20160906,20160907,20160908,20160910,20160917,20160918,20160919,20160929,20160930,20161001,20161002,20161003,20161004,20161007,20161009 
Number is 61 
G.3.6_index_5_VS_G.4.4_index_1 [10] 
20160816,20160817,20160820,20160821,20160822,20160824,20160828,20160830,20160901,20160910,20160914,20160919,20160920,20160923,20160926,20160928,20160929,20160930,20161001,20161002,20161003,20161004,20161009,20161010 
G.1.1_index_4_VS_G.4.4_index_1 [11] 
20160816,20160817,20160819,20160820,20160821,20160827,20160828,20160829,20160830,20160901,20160902,20160904,20160907,20160910,20160914,20160919,20160922,20160924,20160926,20160929,20160930,20161001,20161002,20161003,20161004,20161009,20161010 
Number is 63 
G.1.1_index_4_VS_G.3.5_index_5 [12] PLUS 1 
20160817,20160818,20160822,20160824,20160826,20160828,20160830,20160831,20160902,20160904,20160910,20160913,20160916,20160918,20160920,20160923,20160924,20160925,20160926,20160927,20160929,20160930,20161001,20161002,20161003,20161004,20161005 
Number is 66 
G.3.1_index_1_VS_G.3.6_index_5 [13] 
20160816,20160818,20160822,20160823,20160827,20160902,20160903,20160907,20160908,20160910,20160911,20160915,20160919,20160921,20160924,20160926,20160929,20160930,20161001,20161002,20161003,20161004,20161006,20161007 
Number is 67 
G.3.6_index_5_VS_G.5.4_index_3 [14] 
20160821,20160827,20160828,20160829,20160902,20160903,20160904,20160905,20160908,20160910,20160911,20160918,20160920,20160924,20160926,20160929,20160930,20161001,20161002,20161003,20161004,20161009,20161010 
Number is 69 
G.3.6_index_5_VS_G.DB_index_2 [15] 
20160816,20160817,20160819,20160820,20160821,20160825,20160828,20160830,20160910,20160911,20160916,20160917,20160919,20160923,20160927,20160929,20160930,20161001,20161002,20161003,20161004,20161006,20161008,20161009 
Number is 76 
G.5.4_index_3_VS_G.1.1_index_2 [16] 
20160817,20160818,20160820,20160821,20160828,20160829,20160831,20160903,20160907,20160909,20160910,20160912,20160915,20160918,20160919,20160922,20160924,20160925,20160927,20160929,20160930,20161001,20161002,20161003,20161004,20161009 
Number is 77 
G.4.2_index_2_VS_G.3.1_index_3 [17] 
20160816,20160817,20160818,20160820,20160822,20160826,20160827,20160831,20160904,20160910,20160914,20160918,20160921,20160922,20160929,20160930,20161001,20161002,20161003,20161004,20161007,20161010 
Number is 79 
G.3.1_index_3_VS_G.3.6_index_3 [18] PLUS 1 
20160816,20160817,20160818,20160819,20160820,20160822,20160825,20160828,20160829,20160831,20160901,20160905,20160906,20160908,20160910,20160913,20160916,20160918,20160919,20160920,20160921,20160925,20160929,20160930,20161001,20161002,20161003,20161004,20161005,20161010 
Number is 84 
G.DB_index_5_VS_G.6.3_index_1 [19] PLUS 1 
20160816,20160817,20160818,20160819,20160822,20160823,20160824,20160825,20160826,20160827,20160828,20160905,20160906,20160907,20160908,20160910,20160914,20160916,20160921,20160922,20160923,20160927,20160929,20160930,20161001,20161002,20161003,20161004,20161005 
Number is 85 
G.DB_index_5_VS_G.4.3_index_2 [20] 
20160816,20160817,20160818,20160820,20160823,20160825,20160826,20160830,20160831,20160909,20160913,20160914,20160915,20160918,20160921,20160924,20160925,20160926,20160929,20160930,20161001,20161002,20161003,20161004,20161007,20161008,20161009 
Number is 88 
G.5.5_index_2_VS_G.3.3_index_1 [21] PLUS 1 
20160818,20160820,20160822,20160826,20160828,20160831,20160904,20160905,20160906,20160907,20160909,20160911,20160912,20160913,20160914,20160915,20160919,20160923,20160924,20160925,20160926,20160927,20160928,20160929,20160930,20161001,20161002,20161003,20161004,20161005,20161009 
Number is 89 
G.3.6_index_2_VS_G.3.6_index_3 [22] 
20160817,20160819,20160823,20160825,20160827,20160828,20160829,20160831,20160904,20160906,20160907,20160908,20160910,20160911,20160913,20160915,20160916,20160917,20160918,20160919,20160920,20160922,20160925,20160926,20160929,20160930,20161001,20161002,20161003,20161004 
Number is 94 
G.3.1_index_4_VS_G.5.6_index_3 [23] 
20160817,20160818,20160819,20160820,20160821,20160826,20160827,20160828,20160829,20160901,20160902,20160903,20160904,20160906,20160907,20160908,20160909,20160910,20160912,20160913,20160914,20160917,20160921,20160922,20160924,20160926,20160927,20160928,20160929,20160930,20161001,20161002,20161003,20161004,20161008,20161009 
