======== Current: 20161007 ========= 
Number is 01 
G.2.1_index_2_VS_G.3.2_index_3 [1] 
20160824,20160827,20160829,20160907,20160910,20160911,20160916,20160919,20160927,20160929,20161001,20161002,20161003,20161004,20161005,20161006,20161009,20161010 
Number is 03 
G.3.4_index_5_VS_G.3.6_index_5 [2] 
20160816,20160818,20160819,20160821,20160822,20160825,20160826,20160828,20160902,20160908,20160909,20160910,20160911,20160915,20160924,20160928,20161001,20161002,20161003,20161004,20161005,20161006,20161010 
Number is 11 
G.6.3_index_1_VS_G.4.3_index_3 [3] PLUS 1 
20160816,20160817,20160819,20160820,20160821,20160825,20160826,20160827,20160830,20160831,20160901,20160902,20160905,20160910,20160911,20160920,20160921,20160923,20160929,20161001,20161002,20161003,20161004,20161005,20161006,20161007 
Number is 15 
G.3.1_index_4_VS_G.5.4_index_3 [4] PLUS 1 
20160817,20160819,20160820,20160824,20160829,20160831,20160902,20160903,20160904,20160905,20160908,20160910,20160911,20160915,20160916,20160918,20160920,20160923,20160927,20160930,20161001,20161002,20161003,20161004,20161005,20161006,20161007,20161008,20161009,20161010 
Number is 18 
G.5.5_index_4_VS_G.3.5_index_5 [5] PLUS 1 
20160816,20160817,20160818,20160819,20160820,20160822,20160823,20160824,20160826,20160829,20160903,20160906,20160910,20160911,20160914,20160918,20160919,20160922,20160924,20160926,20160927,20161001,20161002,20161003,20161004,20161005,20161006,20161007,20161008,20161009,20161010 
Number is 23 
G.5.6_index_1_VS_G.2.2_index_2 [6] 
20160818,20160819,20160821,20160827,20160829,20160831,20160901,20160902,20160903,20160905,20160906,20160907,20160908,20160911,20160912,20160915,20160916,20160917,20160921,20160926,20160927,20160928,20161001,20161002,20161003,20161004,20161005,20161006 
Number is 31 
G.3.5_index_2_VS_G.5.5_index_4 [7] 
20160816,20160817,20160818,20160819,20160820,20160821,20160822,20160823,20160825,20160906,20160909,20160913,20160914,20160916,20160918,20160920,20160921,20160923,20160924,20160928,20160930,20161001,20161002,20161003,20161004,20161005,20161006,20161010 
Number is 35 
G.3.5_index_2_VS_G.5.4_index_4 [8] 
20160819,20160825,20160826,20160827,20160829,20160831,20160913,20160915,20160917,20160920,20160923,20160925,20160928,20161001,20161002,20161003,20161004,20161005,20161006,20161009 
G.2.1_index_5_VS_G.4.4_index_1 [9] 
20160816,20160817,20160820,20160821,20160822,20160823,20160826,20160827,20160828,20160829,20160830,20160903,20160907,20160909,20160911,20160915,20160916,20160917,20160919,20160923,20160925,20160930,20161001,20161002,20161003,20161004,20161005,20161006,20161009 
G.5.1_index_1_VS_G.5.4_index_4 [10] 
20160817,20160818,20160820,20160824,20160826,20160827,20160828,20160829,20160830,20160901,20160905,20160907,20160908,20160912,20160913,20160915,20160925,20160926,20160927,20160930,20161001,20161002,20161003,20161004,20161005,20161006,20161009 
G.2.2_index_2_VS_G.6.2_index_1 [11] 
20160817,20160818,20160822,20160826,20160827,20160828,20160829,20160830,20160901,20160904,20160907,20160909,20160910,20160912,20160913,20160915,20160917,20160927,20161001,20161002,20161003,20161004,20161005,20161006 
Number is 37 
G.3.6_index_4_VS_G.4.1_index_3 [12] PLUS 1 
20160816,20160817,20160820,20160821,20160826,20160829,20160830,20160902,20160906,20160908,20160910,20160912,20160914,20160915,20160918,20160921,20160922,20160924,20160930,20161001,20161002,20161003,20161004,20161005,20161006,20161007,20161009 
G.3.6_index_4_VS_G.7.4_index_1 [13] PLUS 1 
20160819,20160823,20160826,20160827,20160904,20160905,20160907,20160909,20160910,20160911,20160914,20160915,20160917,20160919,20160922,20160923,20160924,20160928,20160929,20160930,20161001,20161002,20161003,20161004,20161005,20161006,20161007,20161009 
Number is 39 
G.2.1_index_5_VS_G.DB_index_1 [14] PLUS 1 
20160823,20160824,20160827,20160829,20160831,20160901,20160902,20160905,20160907,20160912,20160913,20160915,20160916,20160927,20160928,20161001,20161002,20161003,20161004,20161005,20161006,20161007,20161008,20161009 
Number is 48 
G.5.1_index_3_VS_G.6.2_index_3 [15] PLUS 1 
20160816,20160819,20160824,20160901,20160902,20160903,20160907,20160908,20160909,20160910,20160912,20160917,20160921,20160922,20160924,20160927,20160928,20160929,20161001,20161002,20161003,20161004,20161005,20161006,20161007,20161008 
Number is 60 
G.3.1_index_2_VS_G.3.4_index_5 [16] 
20160817,20160818,20160821,20160822,20160823,20160824,20160827,20160829,20160830,20160901,20160902,20160906,20160909,20160919,20160924,20161001,20161002,20161003,20161004,20161005,20161006,20161008 
Number is 65 
G.3.2_index_1_VS_G.2.1_index_4 [17] 
20160817,20160818,20160819,20160824,20160827,20160828,20160907,20160911,20160912,20160915,20160917,20160920,20160924,20160925,20160926,20160927,20161001,20161002,20161003,20161004,20161005,20161006,20161008,20161009,20161010 
Number is 69 
G.7.2_index_1_VS_G.4.4_index_3 [18] 
20160816,20160817,20160818,20160822,20160824,20160828,20160829,20160831,20160901,20160902,20160904,20160906,20160909,20160912,20160913,20160914,20160918,20160919,20160920,20160921,20160923,20160928,20160930,20161001,20161002,20161003,20161004,20161005,20161006,20161008 
G.5.3_index_1_VS_G.DB_index_1 [19] 
20160819,20160831,20160901,20160905,20160907,20160913,20160927,20160928,20161001,20161002,20161003,20161004,20161005,20161006,20161009 
Number is 77 
G.1.1_index_4_VS_G.7.4_index_1 [20] 
20160818,20160820,20160823,20160824,20160826,20160828,20160831,20160901,20160902,20160903,20160906,20160908,20160910,20160912,20160920,20160925,20160927,20160929,20161001,20161002,20161003,20161004,20161005,20161006,20161009,20161010 
Number is 80 
G.3.5_index_5_VS_G.3.4_index_5 [21] 
20160816,20160818,20160819,20160826,20160829,20160830,20160901,20160906,20160909,20160910,20160911,20160915,20160917,20160919,20160924,20160925,20160930,20161001,20161002,20161003,20161004,20161005,20161006,20161010 
Number is 81 
G.3.5_index_5_VS_G.4.3_index_1 [22] PLUS 1 
20160817,20160818,20160820,20160822,20160823,20160829,20160831,20160905,20160911,20160916,20160917,20160918,20160922,20160923,20160926,20160927,20160929,20161001,20161002,20161003,20161004,20161005,20161006,20161007,20161009 
Number is 82 
G.3.1_index_5_VS_G.4.3_index_2 [23] 
20160816,20160817,20160818,20160827,20160828,20160829,20160830,20160902,20160904,20160907,20160909,20160912,20160913,20160914,20160916,20160918,20160920,20160921,20160922,20160924,20160926,20160927,20160930,20161001,20161002,20161003,20161004,20161005,20161006,20161008,20161010 
Number is 87 
G.3.1_index_1_VS_G.6.3_index_2 [24] 
20160818,20160822,20160824,20160828,20160831,20160902,20160903,20160905,20160907,20160908,20160911,20160912,20160914,20160920,20160922,20160929,20161001,20161002,20161003,20161004,20161005,20161006,20161010 
G.6.2_index_3_VS_G.4.1_index_3 [25] 
20160816,20160818,20160819,20160821,20160826,20160827,20160829,20160831,20160902,20160903,20160904,20160906,20160907,20160909,20160910,20160914,20160921,20160922,20160924,20160929,20161001,20161002,20161003,20161004,20161005,20161006 
Number is 90 
G.DB_index_1_VS_G.5.6_index_4 [26] PLUS 1 
20160817,20160818,20160819,20160820,20160822,20160826,20160829,20160831,20160903,20160904,20160915,20160921,20160927,20160930,20161001,20161002,20161003,20161004,20161005,20161006,20161007,20161009 
Number is 93 
G.7.4_index_2_VS_G.2.2_index_2 [27] PLUS 1 
20160816,20160817,20160818,20160822,20160823,20160825,20160826,20160827,20160828,20160829,20160901,20160907,20160908,20160911,20160912,20160915,20160916,20160918,20160919,20160921,20160922,20160924,20160927,20160929,20161001,20161002,20161003,20161004,20161005,20161006,20161007,20161009 
