======== Current: 20161010 ========= 
Number is 01 
G.4.1_index_4_VS_G.1.1_index_4 [1] 
20160817,20160820,20160824,20160825,20160827,20160828,20160830,20160831,20160903,20160908,20160909,20160911,20160912,20160913,20160914,20160919,20160921,20160924,20160926,20160930,20161002,20161004,20161005,20161006,20161007,20161008,20161009 
Number is 09 
G.3.2_index_4_VS_G.3.2_index_3 [2] PLUS 1 
20160817,20160819,20160824,20160825,20160829,20160901,20160902,20160903,20160904,20160911,20160912,20160914,20160917,20160921,20160922,20160923,20160924,20160925,20160929,20161004,20161005,20161006,20161007,20161008,20161009,20161010 
Number is 15 
G.4.1_index_3_VS_G.7.4_index_2 [3] 
20160819,20160821,20160823,20160824,20160825,20160827,20160828,20160829,20160831,20160902,20160908,20160909,20160911,20160912,20160913,20160916,20160918,20160919,20160920,20160924,20161004,20161005,20161006,20161007,20161008,20161009 
Number is 16 
G.4.4_index_3_VS_G.2.1_index_5 [4] PLUS 1 
20160821,20160822,20160823,20160826,20160828,20160829,20160830,20160902,20160909,20160913,20160915,20160918,20160920,20160921,20160923,20160924,20160927,20161002,20161003,20161004,20161005,20161006,20161007,20161008,20161009,20161010 
Number is 20 
G.5.5_index_4_VS_G.DB_index_4 [5] PLUS 1 
20160816,20160817,20160818,20160823,20160824,20160826,20160829,20160831,20160903,20160909,20160910,20160915,20160916,20160918,20160919,20160920,20160924,20160926,20161004,20161005,20161006,20161007,20161008,20161009,20161010 
Number is 23 
G.5.5_index_4_VS_G.3.5_index_5 [6] PLUS 1 
20160816,20160817,20160818,20160819,20160820,20160822,20160823,20160824,20160826,20160829,20160903,20160906,20160910,20160911,20160914,20160918,20160919,20160922,20160924,20160926,20160927,20161001,20161002,20161003,20161004,20161005,20161006,20161007,20161008,20161009,20161010 
Number is 25 
G.3.3_index_5_VS_G.6.3_index_2 [7] 
20160818,20160823,20160825,20160826,20160829,20160830,20160902,20160903,20160904,20160910,20160914,20160919,20160922,20160923,20160924,20160927,20160928,20160930,20161002,20161003,20161004,20161005,20161006,20161007,20161008,20161009 
Number is 37 
G.3.1_index_4_VS_G.5.4_index_3 [8] PLUS 1 
20160817,20160819,20160820,20160824,20160829,20160831,20160902,20160903,20160904,20160905,20160908,20160910,20160911,20160915,20160916,20160918,20160920,20160923,20160927,20160930,20161001,20161002,20161003,20161004,20161005,20161006,20161007,20161008,20161009,20161010 
Number is 42 
G.2.1_index_3_VS_G.6.3_index_3 [9] 
20160818,20160819,20160821,20160822,20160824,20160906,20160911,20160913,20160916,20160918,20160919,20160925,20160926,20161004,20161005,20161006,20161007,20161008,20161009 
Number is 47 
G.5.5_index_1_VS_G.5.4_index_3 [10] 
20160820,20160823,20160825,20160827,20160828,20160830,20160831,20160901,20160902,20160903,20160908,20160910,20160911,20160912,20160914,20160915,20160918,20160922,20160927,20161002,20161004,20161005,20161006,20161007,20161008,20161009 
Number is 52 
G.6.3_index_1_VS_G.5.5_index_4 [11] 
20160819,20160824,20160825,20160826,20160830,20160903,20160908,20160910,20160911,20160917,20160922,20160926,20160928,20161003,20161004,20161005,20161006,20161007,20161008,20161009 
Number is 56 
G.2.2_index_4_VS_G.5.4_index_4 [12] PLUS 1 
20160816,20160818,20160820,20160821,20160824,20160827,20160903,20160904,20160906,20160909,20160915,20160917,20160919,20160920,20160921,20160924,20160926,20160928,20161002,20161003,20161004,20161005,20161006,20161007,20161008,20161009,20161010 
Number is 61 
G.2.1_index_5_VS_G.4.1_index_3 [13] PLUS 1 
20160820,20160821,20160823,20160828,20160829,20160903,20160904,20160906,20160907,20160909,20160910,20160912,20160915,20160917,20160920,20160922,20160923,20160924,20160926,20160927,20161002,20161003,20161004,20161005,20161006,20161007,20161008,20161009,20161010 
Number is 67 
G.2.1_index_5_VS_G.DB_index_1 [14] 
20160823,20160824,20160827,20160829,20160831,20160901,20160902,20160905,20160907,20160912,20160913,20160915,20160916,20160927,20160928,20161001,20161002,20161003,20161004,20161005,20161006,20161007,20161008,20161009 
Number is 68 
G.5.6_index_1_VS_G.7.2_index_1 [15] PLUS 1 
20160819,20160821,20160823,20160824,20160825,20160826,20160829,20160901,20160903,20160904,20160907,20160908,20160909,20160911,20160912,20160913,20160915,20160921,20160923,20160926,20160927,20160928,20161004,20161005,20161006,20161007,20161008,20161009,20161010 
Number is 70 
G.5.4_index_3_VS_G.DB_index_4 [16] 
20160822,20160829,20160831,20160902,20160905,20160907,20160910,20160911,20160912,20160918,20160919,20160927,20160930,20161002,20161004,20161005,20161006,20161007,20161008,20161009 
Number is 71 
G.2.2_index_5_VS_G.4.4_index_3 [17] PLUS 1 
20160818,20160819,20160821,20160828,20160830,20160901,20160902,20160907,20160908,20160913,20160914,20160917,20160919,20160920,20160922,20160923,20160928,20160930,20161001,20161002,20161004,20161005,20161006,20161007,20161008,20161009,20161010 
Number is 73 
G.5.4_index_3_VS_G.4.3_index_1 [18] PLUS 1 
20160816,20160817,20160819,20160823,20160825,20160826,20160828,20160831,20160901,20160908,20160911,20160914,20160917,20160918,20160919,20160920,20160924,20160929,20161004,20161005,20161006,20161007,20161008,20161009,20161010 
Number is 74 
G.4.4_index_1_VS_G.5.5_index_1 [19] 
20160817,20160819,20160821,20160822,20160824,20160825,20160827,20160828,20160901,20160902,20160904,20160910,20160913,20160914,20160915,20160918,20160919,20160920,20160923,20160924,20161001,20161004,20161005,20161006,20161007,20161008,20161009 
Number is 82 
G.3.4_index_4_VS_G.5.5_index_4 [20] 
20160817,20160819,20160820,20160822,20160826,20160830,20160831,20160904,20160906,20160908,20160909,20160913,20160915,20160921,20160922,20160924,20160928,20160929,20160930,20161002,20161003,20161004,20161005,20161006,20161007,20161008,20161009 
Number is 83 
G.3.4_index_4_VS_G.3.1_index_4 [21] PLUS 1 
20160817,20160819,20160820,20160826,20160827,20160830,20160831,20160901,20160904,20160905,20160906,20160913,20160915,20160924,20160929,20160930,20161001,20161003,20161004,20161005,20161006,20161007,20161008,20161009,20161010 
Number is 84 
G.7.2_index_1_VS_G.7.1_index_1 [22] 
20160816,20160818,20160819,20160820,20160821,20160822,20160824,20160825,20160831,20160901,20160902,20160904,20160908,20160909,20160910,20160913,20160915,20160916,20160917,20160919,20160926,20160927,20160929,20160930,20161004,20161005,20161006,20161007,20161008,20161009 
Number is 88 
G.3.4_index_1_VS_G.7.2_index_1 [23] PLUS 1 
20160818,20160819,20160821,20160824,20160825,20160828,20160901,20160902,20160903,20160909,20160912,20160913,20160914,20160921,20160925,20160926,20160927,20161001,20161004,20161005,20161006,20161007,20161008,20161009,20161010 
