======== Current: 20161014 ========= 
Number is 01 
G.2.1_index_3_VS_G.4.2_index_2 [1] PLUS 1 
20160818,20160819,20160822,20160823,20160827,20160829,20160831,20160906,20160907,20160910,20160916,20160921,20160923,20160927,20161001,20161005,20161006,20161008,20161009,20161010,20161011,20161012,20161013,20161014 
Number is 04 
G.4.3_index_4_VS_G.6.2_index_1 [2] PLUS 1 
20160818,20160820,20160823,20160824,20160826,20160828,20160830,20160904,20160906,20160907,20160908,20160911,20160912,20160917,20160922,20160923,20160929,20161008,20161009,20161010,20161011,20161012,20161013,20161014 
G.5.4_index_3_VS_G.4.1_index_3 [3] PLUS 1 
20160816,20160817,20160820,20160821,20160822,20160827,20160829,20160831,20160907,20160910,20160911,20160912,20160918,20160919,20160924,20160925,20160926,20160929,20161002,20161005,20161006,20161008,20161009,20161010,20161011,20161012,20161013,20161014 
Number is 05 
G.4.3_index_2_VS_G.6.1_index_1 [4] PLUS 1 
20160816,20160818,20160819,20160820,20160824,20160828,20160829,20160830,20160903,20160905,20160906,20160907,20160908,20160909,20160911,20160913,20160914,20160919,20160923,20160926,20160927,20160928,20161001,20161008,20161009,20161010,20161011,20161012,20161013,20161014 
Number is 08 
G.5.4_index_4_VS_G.1.1_index_4 [5] 
20160818,20160819,20160821,20160822,20160824,20160826,20160827,20160828,20160830,20160831,20160901,20160902,20160904,20160910,20160911,20160912,20160913,20160916,20160917,20160920,20160924,20160926,20160927,20160928,20160929,20161002,20161003,20161005,20161006,20161008,20161009,20161010,20161011,20161012,20161013 
Number is 10 
G.2.2_index_4_VS_G.5.4_index_4 [6] PLUS 1 
20160816,20160818,20160820,20160821,20160824,20160827,20160903,20160904,20160906,20160909,20160915,20160917,20160919,20160920,20160921,20160924,20160926,20160928,20161002,20161003,20161004,20161005,20161006,20161007,20161008,20161009,20161010,20161011,20161012,20161013,20161014 
Number is 14 
G.5.2_index_3_VS_G.6.2_index_2 [7] 
20160816,20160818,20160820,20160821,20160823,20160825,20160829,20160830,20160901,20160903,20160904,20160909,20160912,20160913,20160914,20160915,20160920,20160921,20160923,20160925,20160926,20160927,20160928,20161001,20161003,20161008,20161009,20161010,20161011,20161012,20161013 
Number is 23 
G.6.1_index_3_VS_G.3.3_index_5 [8] 
20160817,20160818,20160821,20160823,20160826,20160827,20160829,20160830,20160831,20160902,20160904,20160906,20160908,20160911,20160914,20160916,20160919,20160920,20160921,20160922,20160923,20160924,20160927,20161002,20161004,20161008,20161009,20161010,20161011,20161012,20161013 
Number is 30 
G.5.1_index_4_VS_G.4.3_index_2 [9] PLUS 1 
20160817,20160819,20160820,20160821,20160824,20160825,20160827,20160830,20160831,20160903,20160906,20160907,20160908,20160909,20160910,20160911,20160915,20160918,20160921,20160924,20160925,20160926,20160928,20160929,20161002,20161003,20161008,20161009,20161010,20161011,20161012,20161013,20161014 
Number is 33 
G.5.6_index_1_VS_G.3.1_index_3 [10] 
20160817,20160818,20160819,20160825,20160827,20160829,20160830,20160831,20160901,20160906,20160908,20160909,20160910,20160911,20160913,20160915,20160921,20160922,20161003,20161004,20161005,20161008,20161009,20161010,20161011,20161012,20161013 
Number is 48 
G.6.2_index_2_VS_G.5.6_index_4 [11] PLUS 1 
20160816,20160820,20160823,20160824,20160828,20160831,20160901,20160906,20160907,20160909,20160910,20160913,20160914,20160915,20160917,20160919,20160921,20160923,20160927,20160930,20161002,20161006,20161008,20161009,20161010,20161011,20161012,20161013,20161014 
Number is 56 
G.6.1_index_1_VS_G.4.4_index_3 [12] PLUS 1 
20160817,20160818,20160819,20160820,20160828,20160829,20160831,20160901,20160904,20160905,20160906,20160907,20160908,20160911,20160912,20160917,20160918,20160919,20160923,20160927,20161001,20161002,20161005,20161008,20161009,20161010,20161011,20161012,20161013,20161014 
Number is 58 
G.3.5_index_4_VS_G.4.4_index_2 [13] 
20160817,20160821,20160823,20160829,20160901,20160907,20160912,20160914,20160915,20160916,20160917,20160918,20161003,20161004,20161005,20161008,20161009,20161010,20161011,20161012,20161013 
Number is 63 
G.6.1_index_2_VS_G.3.3_index_2 [14] PLUS 1 
20160816,20160820,20160822,20160824,20160828,20160829,20160901,20160902,20160903,20160905,20160908,20160913,20160915,20160916,20160918,20160921,20160924,20160926,20160927,20160930,20161008,20161009,20161010,20161011,20161012,20161013,20161014 
Number is 65 
G.3.6_index_3_VS_G.6.1_index_1 [15] PLUS 1 
20160819,20160820,20160823,20160829,20160831,20160902,20160906,20160907,20160908,20160915,20160920,20160926,20160929,20161001,20161003,20161004,20161008,20161009,20161010,20161011,20161012,20161013,20161014 
G.6.1_index_2_VS_G.6.1_index_1 [16] PLUS 1 
20160816,20160819,20160821,20160824,20160826,20160830,20160831,20160903,20160905,20160906,20160907,20160908,20160910,20160911,20160917,20160918,20160920,20160923,20160927,20160930,20161001,20161002,20161005,20161006,20161008,20161009,20161010,20161011,20161012,20161013,20161014 
Number is 68 
G.4.1_index_2_VS_G.1.1_index_4 [17] PLUS 1 
20160816,20160819,20160821,20160827,20160830,20160831,20160902,20160908,20160910,20160911,20160912,20160915,20160918,20160919,20160921,20160924,20160926,20160927,20160929,20161002,20161003,20161005,20161007,20161008,20161009,20161010,20161011,20161012,20161013,20161014 
Number is 73 
G.5.1_index_1_VS_G.5.1_index_4 [18] PLUS 1 
20160817,20160818,20160820,20160824,20160827,20160828,20160830,20160907,20160908,20160914,20160915,20160920,20160923,20160924,20160925,20161006,20161007,20161008,20161009,20161010,20161011,20161012,20161013,20161014 
Number is 74 
G.7.2_index_1_VS_G.3.6_index_5 [19] PLUS 1 
20160817,20160821,20160822,20160824,20160825,20160828,20160830,20160904,20160905,20160908,20160909,20160910,20160912,20160914,20160916,20160917,20160923,20160927,20160928,20160929,20161001,20161002,20161003,20161006,20161008,20161009,20161010,20161011,20161012,20161013,20161014 
Number is 84 
G.5.6_index_4_VS_G.3.2_index_1 [20] PLUS 1 
20160816,20160817,20160818,20160819,20160821,20160823,20160825,20160826,20160827,20160902,20160903,20160905,20160906,20160914,20160915,20160918,20160919,20160920,20160921,20160924,20160925,20160926,20160929,20160930,20161005,20161008,20161009,20161010,20161011,20161012,20161013,20161014 
Number is 91 
G.4.2_index_3_VS_G.3.5_index_2 [21] 
20160818,20160821,20160824,20160825,20160826,20160827,20160828,20160902,20160909,20160912,20160913,20160916,20160918,20160920,20160921,20160924,20160929,20160930,20161001,20161003,20161007,20161008,20161009,20161010,20161011,20161012,20161013 
Number is 99 
G.3.3_index_1_VS_G.3.1_index_5 [22] PLUS 1 
20160816,20160819,20160822,20160824,20160826,20160827,20160828,20160829,20160830,20160902,20160905,20160909,20160911,20160913,20160920,20160922,20160923,20160926,20160927,20160929,20161001,20161002,20161003,20161006,20161007,20161008,20161009,20161010,20161011,20161012,20161013,20161014 
